#event_number primary_type du_ids energy_primary em_energy Xmax_pos(x, y, z), Xmax_grams zenith azimuth shower_core_pos_x shower_core_pos_y shower_core_pos_z, N_tested_cores, units are degrees, GeV and meters
100800 5626.0    0_1_2_3_4_5_6_7_8_9_10_11_12_13_14_15_16_17_18_19_20_21_22_23_24_25_26_27_28_29_30_31_32_33_34_35_36_37_38_39_40_41_42_43_44_45_46_47_48_49_50_51_52_53_54_55_56_57_58_59_60_61_62_63_64_65_66_67_68_69_70_71_72_73_74_75_76_77_78_79_80_81_82_83_84_85_86_87_88_89_90_91_92_93_94_95_96_97_98_99_100_101_102_103_104_105_106_107_108_109_111_112_113_114_115_116_117_118_119_121_123_125_127_129_130_131_133_135_137_139_141_144_146_148_149_150_152_154_156_158_159_160_162_166_168_171_173_176_178_180_182_183_185_189_191_195_197_199_201_202_203_204_206_212_214_218_220_224_228_231_233_235_238_241_243_244_245_248_251_253_255_256_258_259_262_264_265_268_270_271_272_274_279_282_284  2.51e+09  2.04e+09 -67578.15  99177.37  14714.40    715.12     83.01    124.27   -459.97   1004.21      0.00 0
100801 5626.0    0_1_2_3_4_5_6_7_8_9_10_11_12_13_14_15_16_17_18_19_20_21_22_23_24_25_26_27_28_29_30_31_32_33_34_35_36_37_38_39_40_41_42_43_44_45_46_47_48_49_50_51_52_53_54_55_56_57_58_59_60_61_62_63_64_65_66_67_68_69_70_71_72_73_74_75_76_77_78_79_80_81_82_83_84_85_86_87_88_89_90_91_92_93_94_96_97_98_99_100_101_102_104_105_106_108_109_110_112_113_114_115_118_119_120_122_123_124_126_127_128_130_131_132_134_135_136_138_139_140_142_143_144_145_147_149_150_151_153_155_156_159_160_161_163_165_166_169_171_172_174_175_177_179_180_183_184_186_188_189_192_194_195_198_201_204_207_210_216_217_223_225_240  1.17e+09  9.46e+08 -185729.11 -121537.72  14664.83    653.53     86.22    213.20   2379.56   4255.30      0.00 0
100802 5626.0    16_20_24_28_32_35_37_40_44_45_48_52_55_58_62_66_67_69_70_73_74_78_79_82_85_88_91_94_97_98_102_103_106_110_111_113_116_117_120_123_124_128_129_131_132_136_140_141_144_145_148_151_157_158_161_167_168_172_173_175_181_182_184_190_191_196_197_198_199_200_205_206_211_212_213_214_217_219_220_223_224_226_227_230_231_234_235_237_238_242_243_244_246_249_250_252_253_254_255_256_257_258_259_260_261_264_266_267_269_270_271_272_274_275_276_277_279_280_281_284_286_287_289_291_293_295  3.47e+09  2.83e+09 -101022.88  92343.61  15255.51    665.97     83.64    137.57    801.83  -7484.63      0.00 0
100803 5626.0    41_45_53_55_59_63_67_79_83_89_91_95_99_102_103_107_111_116_117  1.48e+10  1.26e+10  17117.58  12254.99   8940.48    712.57     66.99     35.60   1289.57  -2902.81      0.00 0
100804 5626.0    0_1_2_3_4_5_6_7_8_9_10_11_12_13_14_16_17_18_20_21_22_25_26_28_29_30_33_34_35_36_38_40_41_42_44_45_46_49_50_52_53_54_55_56_59_60_62_63_64_66_67_68_71_72_75_76_78_79_80_83_84_86_88_89_90_91_95_96_99_100_102_103_104_107_108_110_111_112_114_116_117_122_126_128_129_130_134_138_142_147_148_153_155_157_158_163_167_169_174_177_179_181_182_186_190_196_200_205_213_219_226_230_237_249_252_257_269  1.07e+10  9.09e+09 -32437.26 -68590.57  13610.85    702.66     79.83    244.69   4244.12   4953.03      0.00 0
100805 5626.0    19_31_39_47_51_57_61_65_73_81_87_93_101_105_109_127_135_139_156_160_166_171_189_195  2.34e+10  2.02e+10   4280.49 -25606.65   9686.12    710.66     69.54    279.49  -2311.28   4526.14      0.00 0
100806 5626.0    2_5_8_13_16_20_28_29_32_35_40_44_45_52_55_62_66_78_79_88_91_102_110_116_117_128_140_148_157_167_181_190_196_200_205_213_226_230_237_249_252_266  1.51e+10  1.30e+10  -3155.62 -29527.86  10091.99    723.54     71.23    263.90  -1002.72  -4791.86      0.00 0
100807 5626.0    60_71_72_75_76_84_86_95_96_99_100_107_108_112_114_121_122_125_126_133_134_137_138_142_143_146_147_152_153_154_155_162_163_164_165_169_170_173_174_176_177_178_179_185_186_187_188_193_194_199_202_203_208_209_210_212_215_218_224_228_229_233_235_241_243_244_245_248_251_255_256_259_264_265_268_271_272_279  5.75e+10  5.02e+10  -8388.13  57080.06  12263.04    766.27     78.00     98.36   4762.79  -1308.02      0.00 0
100808 5626.0    246_250_253_258_260_261_264_267_270_274_275_277_279_281_284_291  7.59e+10  6.65e+10 -29380.57   4333.31  10035.03    733.13     71.33    171.61   4073.00 -10135.61      0.00 0
100809 5626.0    3_4_5_9_10_12_13_17_18_21_22_25_26_28_29_33_34_35_38_41_42_44_45_49_50_53_54_55_59_60_63_64_67_71_72_75_76_78_79_83_84_86_89_90_91_95_96_99_100_102_103_107_108_111_112_114_116_117_121_122_125_126_128_129_133_134_137_138_141_142_143_146_147_148_152_153_154_155_157_158_162_163_164_165_167_168_170_173_174_176_177_178_179_181_182_185_186_187_188_190_191_193_194_197_199_200_202_203_205_206_208_209_210_212_213_214_215_216_218_220_221_222_224_226_227_228_229_230_231_232_233_235_236_237_238_239_240_241_243_244_245_246_247_248_249_250_251_252_253_255_256_257_258_259_260_261_262_264_265_266_267_268_269_270_271_272_273_274_275_276_277_279_280_281_282_283_284_285_286_287_288_289_290_291_292_293_294_295_296_297_298  2.09e+09  1.68e+09  78024.91 191863.95  14737.70    678.97     85.93     67.87   5669.77    203.66      0.00 0
100810 5626.0    249_252_257_260_261_263_266_269_273_275_276_277_278_280_281_283_286_287  1.41e+09  1.17e+09 -22641.48   4725.93   9608.92    658.07     67.44    168.21  -1396.64  -9797.91      0.00 0
100811 5626.0    41_45_53_55_63_67_78_79_83_89_91_102_103_111_116_117_128_129_140_148_157_158_167_172_181_182_190_196_200_205_211_213_219_230_234_237_242_252_254_257_263_269_273_278_283_285  3.02e+10  2.60e+10  25789.15  31846.96  11156.90    743.10     74.77     51.00  -2581.84  -7216.07      0.00 0
100812 5626.0    0_1_2_3_4_5_6_7_8_9_10_11_12_13_14_15_16_17_18_19_20_21_22_23_24_25_26_28_29_30_31_32_33_34_35_37_38_40_41_42_44_45_47_48_49_50_52_53_54_55_58_59_60_62_63_64_66_67_69_70_71_72_74_75_76_78_79_82_83_84_85_86_88_89_91_94_95_96_98_99_100_102_103_106_107_108_110_111_114_116_120_121_122_124_125_126_128_132_133_134_136_140_143_145_147_151_153_154_155_161_164_165_167_170_172_175_177_179_184_188_193_194_198_208_210_216_217_222_223_236_240  1.48e+09  1.20e+09 -64977.95 -34316.98  13898.09    648.01     79.29    207.84    956.85   -905.91      0.00 0
100813 5626.0    106_110_120_128_136_140_151_157_161_167_172_181_190_196_200_205_213_226_230_246_249  1.62e+10  1.40e+10 -11778.81  20827.46   9324.11    722.84     68.71    119.49  -1942.18  -5502.77      0.00 0
100814 5626.0    4_10_12_17_18_22_25_26_30_33_34_36_38_42_46_49_50_53_54_56_59_60_64_68_71_72_75_76_77_80_83_84_86_90_92_95_96_99_100_104_107_108_112_114_115_118_121_122_125_126_130_133_134_137_143_146_149_152_154_162_164_176_178_185_187_193_202_203_209_215_218_228_229_232_233_241_245_247_248_251_256_262_265_268_272_282  1.26e+10  1.07e+10  31450.20 -43303.38  12405.07    701.26     76.95    305.99   5098.56  -2706.59      0.00 0
100815 5626.0    129_137_141_148_152_157_158_162_168_173_176_178_181_182_185_190_191_196_197_199_200_202_203_205_206_209_211_212_213_214_218_219_220_224_226_227_228_229_230_231_232_233_234_235_237_238_239_241_242_243_244_245_246_247_248_249_250_251_252_253_254_255_256_257_258_259_260_261_262_263_264_265_266_267_268_269_270_271_272_273_274_275_276_277_278_279_280_281_282_283_284_285_286_287_288_290_292_296  4.68e+10  4.03e+10 -91381.15 -34986.47  14048.07    748.20     81.83    200.95   4171.25  -6552.19      0.00 0
100816 5626.0    33_38_49_53_59_63_67_71_72_75_76_83_86_89_95_96_99_100_103_107_111_114_117_121_122_125_126_129_133_134_137_141_143_146_147_148_152_154_155_158_162_164_165_168_170_173_176_177_178_179_181_182_185_187_188_191_193_194_197_199_200_205_206_208_210_212_214_216_218_220_224_226_227_230_231_235_238_243_246_249_250_252_253_258_260_261_266_267_270_275_276_277_280_281_286_287_288_289_290_293_294_295_296_297_298  1.62e+10  1.39e+10 -26282.48 -57405.90  12810.83    729.52     78.53    245.40   2323.54  -5024.81      0.00 0
100817 5626.0    111_121_129_137_141_146_148_152_154_158_162_168_173_176_178_181_182_185_187_190_191_193_197_199_200_202_203_205_206_209_212_213_214_215_218_219_220_221_224_226_227_228_229_230_231_232_233_235_236_237_238_239_241_242_243_244_245_246_247_248_249_250_251_252_253_254_255_256_257_258_259_260_261_262_263_264_265_266_267_268_269_270_271_272_273_274_275_276_277_278_279_280_281_282_283_284_285_286_287_288_289_290_291_292_293_294_295_296_297_298  2.40e+10  2.04e+10 141003.97  93860.28  14462.00    775.71     85.12     33.65  -1463.20 -11272.08      0.00 0
100818 5626.0    0_1_2_3_4_5_6_7_8_9_10_11_12_13_14_15_16_17_18_19_20_21_22_23_24_25_26_27_28_29_30_31_32_33_34_35_36_37_38_39_40_41_42_43_44_45_46_47_48_49_50_51_52_53_54_55_56_57_58_59_60_62_63_64_65_66_67_68_69_70_71_72_73_74_75_76_77_78_79_80_82_83_84_85_86_88_89_90_91_94_95_96_98_99_100_102_103_104_106_107_108_110_111_112_113_114_116_117_120_121_122_124_125_126_128_132_133_134_136_138_140_142_143_145_147_151_153_155_157_161_163_164_165_167_170_172_175_177_179_184_186_188_194_196_198_208_210_211_216_217_222_223_234_240  5.89e+09  4.93e+09 -83171.80 -52945.48  14330.58    709.58     81.73    212.48  -2445.38  -2533.87      0.00 0
100819 5626.0    0_3_4_5_8_9_12_13_17_18_20_21_25_26_28_29_33_34_35_38_40_41_44_45_49_50_52_53_54_55_59_60_62_63_66_67_71_72_75_76_78_79_83_84_86_88_89_91_95_96_99_100_102_103_106_107_110_111_114_116_117_122_126_128_129_134_136_140_147_148_157_158_161_167_172_181_190_196_198_205_211_213_219_223_230_234_237_242_252_254_257_263_273_278_285  4.79e+10  4.16e+10 -31112.89 -39072.25  11945.00    733.43     76.55    231.47  -1551.35  -4919.27      0.00 0
100820 5626.0    148_157_158_167_172_181_182_190_191_196_197_198_200_205_206_211_212_213_214_217_219_220_223_226_227_230_231_234_235_237_238_242_243_244_246_249_250_252_253_254_255_257_258_259_264_271_272  9.33e+10  8.20e+10  44967.27  -7355.61  11394.40    768.73     75.96    350.71  -1195.42  -6964.28      0.00 0
100821 5626.0    0_1_2_3_4_5_6_7_8_9_10_11_12_13_14_15_17_18_19_21_22_27_29_30_35_36_39_41_43_45_46_56_61_65_77_87_101  9.77e+09  8.46e+09  -5351.83  17461.45   8127.48    772.27     66.01    107.04    -42.60    624.81      0.00 0
100822 5626.0    214_220_226_227_231_235_238_243_244_246_249_250_252_253_255_258_259_260_261_264_266_267_269_270_273_274_275_276_277_280_281_283_285_286_288_290_292  2.51e+10  2.16e+10  33620.51  14947.72  10863.86    725.83     73.55     23.97    273.19  -9334.95      0.00 0
100823 5626.0    0_1_2_3_4_5_6_7_8_9_11_13_14_15_16_17_19_20_21_23_24_27_28_29_31_32_35_36_37_39_40_41_43_44_45_47_48_51_52_55_57_58_61_62_63_65_66_67_69_70_73_74_77_78_79_81_82_85_87_88_89_91_93_94_97_98_101_102_103_105_106_109_110_111_113_116_117_119_120_123_124_127_128_129_131_132_135_136_139_140_141_144_145_148_150_151_157_158_160_161_166_167_168_171_172_175_181_182_184_190_191_195_196_197_198_200_205_206_211_213_214_217_219_220_223_226_227_230_231_234_237_238_242_243_246_249_250_252_253_254_257_258_260_261_263_264_266_267_269_270_273_274_275_276_277_279_280_281_283_284_286_287_288_289_290_291_293_294_295_296_297_298  6.31e+10  5.45e+10 -46954.34 119261.57  14558.03    751.71     83.52    111.49    581.64  -9860.32      0.00 0
100824 5626.0    0_1_2_3_4_5_6_7_8_9_10_11_12_13_14_15_16_17_18_19_20_21_22_23_24_25_26_27_28_29_30_31_32_33_34_35_36_37_38_39_40_41_42_43_44_45_46_47_48_49_50_51_52_53_54_55_56_57_58_59_60_61_62_63_64_65_66_67_68_69_70_71_72_73_74_75_76_77_79_80_81_82_83_84_85_86_87_89_90_92_93_94_95_96_97_98_99_100_101_104_105_107_108_109_112_113_114_115_118_119_121_122_123_124_125_126_127_131_132_133_134_135_138_139_143_144_146_147_150_153_154_155_160_164_165_170_177_178_179_187_188_193_194_208_209_210_215_216_221_222_232_236_239_240  4.57e+09  3.76e+09 106519.87 -10725.99  14589.06    701.04     82.24    354.25  -2540.74   1186.57      0.00 0
100825 5626.0    18_22_25_26_33_34_38_42_49_50_54_59_60_64_68_71_72_75_76_83_84_86_90_95_96_99_100_104_107_108_112_121_125  9.77e+10  8.66e+10  -6021.45  20498.75   8605.95    781.13     68.06    106.37   2318.67    681.27      0.00 0
100826 5626.0    172_181_182_190_191_196_198_200_205_206_211_213_214_219_220_223_226_227_230_231_234_235_237_238_242_243_246_249_250_252_253_254_255_257_258_259_261_264_267_270_271_274_279  2.69e+10  2.33e+10  38753.21  -8364.58  10972.36    753.54     74.53    347.82    278.08  -7588.84      0.00 0
100827 5626.0    1_2_7_11_15_16_19_23_24_27_31_37_39_43_47_51_57_61_65_73_81_87_93_101_105_109_119_127_135_139_150_160_166_171_195  2.63e+10  2.26e+10 -13474.70  27824.16  10278.14    717.02     71.61    115.84  -2893.61   3909.26      0.00 0
100828 5626.0    191_197_206_214_227_231_238_246_250_253_261_267_275_277_287  3.63e+10  3.17e+10   6768.47  19263.01   8595.33    754.61     67.17     70.64   1251.93  -8891.88      0.00 0
100829 5626.0    0_1_2_3_4_5_6_7_8_9_10_11_12_13_14_15_16_17_18_19_20_21_22_23_24_25_26_27_28_29_30_31_32_33_34_35_36_37_38_39_40_41_42_43_44_45_46_47_48_49_50_51_52_53_54_55_56_57_58_59_60_61_62_63_64_65_66_67_68_69_70_71_72_73_74_75_76_77_78_79_80_81_82_83_84_85_86_87_88_89_90_91_92_93_94_95_96_97_98_99_100_101_102_103_104_105_106_107_108_109_110_111_112_113_114_115_116_117_118_119_120_121_122_123_124_125_126_127_128_129_130_131_132_133_134_135_136_137_138_139_140_141_142_143_144_145_146_147_148_149_150_151_152_153_154_155_156_157_158_159_160_161_162_163_164_165_166_167_168_169_170_171_172_173_174_175_176_177_178_179_180_181_182_183_184_185_186_187_188_189_190_191_192_193_194_195_196_197_198_199_200_201_202_203_204_205_206_207_208_209_210_211_212_213_215_216_217_218_219_221_222_223_224_225_228_229_232_233_234_236_237_239_240_242_245_247_248_254_262  2.45e+09  1.97e+09 304407.62  74825.99  11768.31    647.71     87.85     13.81   3457.17   3226.03      0.00 0
100830 5626.0    138_142_147_153_155_163_169_174_177_179_186_188_192_194_208_210_216_222_236_240  2.09e+10  1.80e+10 -23781.00  21247.73  10183.68    751.90     72.29    138.22   5718.01   3147.49      0.00 0
100831 5626.0    0_1_2_3_4_5_6_7_8_9_10_11_12_13_15_16_17_18_20_21_22_23_24_25_26_28_29_31_32_33_34_35_37_38_40_41_44_45_47_48_49_50_52_53_55_58_59_60_62_63_66_67_69_70_71_72_74_75_76_78_79_82_83_85_86_88_89_91_94_95_98_99_100_102_103_106_107_110_111_113_114_116_117_120_121_124_125_126_128_129_132_133_134_136_137_140_141_143_145_146_148_151_152_154_155_157_158_161_162_164_165_167_168_170_172_173_175_176_178_181_182_184_185_187_188_190_191_193_194_196_197_198_199_200_202_203_205_208_209_211_212_213_215_216_217_218_219_221_222_223_224_228_229_232_233_234_236_239_240_241_245_247_248_262  3.98e+10  3.41e+10 127388.84  19333.97  14247.67    799.83     83.69      8.63   4984.36  -2166.70      0.00 0
100832 5626.0    21_28_29_35_40_41_44_45_53_55_59_62_63_66_67_75_78_79_83_88_89_91_95_99_102_103_106_107_110_111_116_117_120_121_125_128_129_133_136_137_140_141_145_146_148_151_152_154_157_158_161_162_164_167_168_170_172_173_175_176_178_181_182_184_185_187_190_191_193_196_197_198_199_200_202_203_205_206_208_209_211_212_213_214_215_217_218_219_220_221_223_224_226_227_228_229_230_231_232_233_234_235_236_237_238_239_241_242_243_244_245_246_247_248_249_250_251_252_253_254_255_256_257_258_259_260_261_262_263_264_265_266_267_268_269_270_271_272_273_274_275_276_277_278_279_280_281_282_283_284_285_286_287_288_289_290_291_292_293_294_295_296_297_298  8.71e+09  7.30e+09 249963.42  63296.89  13107.39    732.23     87.09     14.21   1763.32  -6901.48      0.00 0
100833 5626.0    203_218_224_228_229_232_233_235_239_241_243_244_245_247_248_251_255_256_258_259_262_264_265_267_268_270_271_272_274_277_279_281_282_284_287_289_291_293_295_298  3.80e+09  3.15e+09 -36270.43 -44471.95  12775.00    684.04     77.45    230.80   6316.41  -7005.74      0.00 0
100834 5626.0    92_101_104_109_112_115_118_127_130_138_139_142_149_156_159_163_169_174_186  2.19e+10  1.89e+10  24908.48   2600.41   9288.86    756.86     69.65      5.96   1095.68   4492.95      0.00 0
100835 5626.0    0_1_2_3_4_5_6_7_8_9_10_11_12_13_14_15_16_17_18_19_20_21_22_23_24_25_26_27_28_29_30_31_32_33_34_35_36_37_38_39_40_42_43_46_47_48_49_50_51_52_54_56_57_58_60_61_62_64_65_68_69_70_71_72_73_74_75_76_80_81_82_84_85_86_90_94_96_97_98_100_108_113_114_122_124_126_131_132_134_145_147_153_155_165_177_179_188_210_216  5.89e+10  5.13e+10 -43431.66 -13910.94  11683.94    721.76     75.63    197.76    212.65    516.95      0.00 0
100836 5626.0    0_1_2_3_4_5_6_7_8_9_10_11_12_13_14_15_16_17_18_19_21_22_23_24_25_26_27_29_30_31_33_34_36_38_39_41_42_43_46_47_49_50_51_53_54_56_57_59_60_61_63_64_65_68_71_72_73_75_76_77_80_81_83_84_86_87_90_92_93_95_99_100_101_104_105_107_109_114_115_119_121_123_125_127_133_135_139_144_146_150_154_160_166_171_178_195  2.34e+09  1.94e+09  44052.25 -33826.92  12659.51    683.60     77.16    322.48  -2175.92   3100.06      0.00 0
100837 5626.0    38_49_53_59_63_67_71_72_75_76_83_86_89_95_96_99_100_103_107_111_114_117_121_122_125_126_129_133_134_137_141_143_146_147_152_153_154_155_158_162_164_165_168_170_173_177_179_182_186_188_191_194_197_200_206_210_214_216_227  1.82e+09  1.48e+09 -21458.16 -43076.06  12240.03    667.90     75.73    243.52   4184.00   -296.90      0.00 0
100838 5626.0    8_13_16_20_24_28_32_35_37_40_44_45_48_52_55_58_62_66_67_69_70_74_78_79_82_85_88_89_91_94_97_98_102_103_106_110_111_113_116_117_120_123_124_128_129_131_132_136_140_141_145_148_151_157_158_161_162_167_168_172_173_175_181_182_190_191_196_197_199_200_205_206_212_213_214_220_224_226_227_230_231_235_238_241_243_244_246_250_253_255_256_258_259_261_264_267_270_271_272_274_277_279_281_284_291  3.89e+10  3.35e+10  64135.16 -63666.74  13860.87    744.31     81.28    315.21   5915.01 -10898.89      0.00 0
100839 5626.0    117_129_148_157_158_167_168_181_182_190_191_196_200_205_211_213_219_223_226_230_234_237_242_254_257_263_278  2.19e+09  1.80e+09 -31358.63 -14762.94  11008.08    668.84     72.38    205.21  -2812.39  -7142.53      0.00 0
100840 5626.0    57_61_69_73_81_85_87_93_97_98_101_105_109_113_115_119_123_124_127_131_132_135_139_144_145_149_150_156_160_166_171_180_183_189_195_201_204_207_225  5.89e+10  5.11e+10  65971.15  99482.81  14360.72    765.34     83.14     56.45  -4245.29   4459.58      0.00 0
100841 5626.0    0_1_2_3_4_5_6_7_8_9_10_11_12_13_14_15_16_17_18_19_20_21_22_23_24_25_26_27_28_29_30_31_32_33_34_35_36_37_39_40_41_42_43_44_45_46_47_48_49_51_52_53_55_56_57_58_59_61_62_63_65_66_67_69_70_73_74_77_78_79_80_81_82_83_85_87_88_89_91_92_93_94_97_98_101_102_103_105_106_107_109_110_111_113_115_116_117_119_120_123_124_127_128_129_131_132_135_136_137_139_140_141_144_145_148_150_151_156_157_158_160_161_166_167_168_171_172_173_175_180_181_182_184_189_190_191_195_196_197_198_200_204_205_206_211_212_213_214_217_219_220_223_226_227_230_231_234_235_237_238_242_243_246_249_250_252_253_254_255_257_258_260_261_263_264_266_267_269_270_271_273_274_275_276_277_278_279_280_281_283_284_285_286_287_288_289_290_291_292_293_294_295_296_297_298  4.27e+10  3.66e+10 -63033.80 166638.17  14553.64    753.21     85.33    110.72  -2845.58  -1106.33      0.00 0
100842 5626.0    88_91_94_102_106_110_116_117_120_124_128_129_132_136_140_145_148_151_157_158_161_167_168_172_175_181_182_184_190_191_196_197_200_205_206_214_220_227_231_235_238_243_253_255_258_264  7.24e+09  6.10e+09 -32928.72  23444.50  11407.83    695.02     74.24    144.55  -1245.41  -4612.07      0.00 0
100843 5626.0    0_1_2_3_4_5_6_7_8_9_10_11_12_13_14_15_16_17_18_19_20_21_22_23_24_25_26_27_28_29_30_31_32_33_34_35_36_37_38_39_40_41_42_43_44_45_46_47_48_49_50_51_52_53_54_55_56_57_58_59_60_61_62_63_64_65_66_67_68_69_70_71_72_73_74_75_76_77_78_79_80_81_82_83_84_85_86_87_88_89_90_91_92_93_95_96_97_99_100_101_102_103_104_105_107_108_109_111_112_114_115_116_117_118_119_121_122_123_125_126_127_129_130_133_134_135_137_138_139_141_142_143_144_146_147_148_149_150_152_153_154_155_156_158_159_160_162_163_164_165_166_168_169_170_171_173_174_176_177_178_179_180_183_185_186_187_188_189_191_192_193_194_195_197_199_201_202_203_204_207_208_209_210_212_214_215_216_218_220_221_222_224_225_228_229_232_233_235_236_238_239_240_241_243_244_245_247_248_251_255_256_258_259_262_264_265_268_271_272_274_279_282  2.29e+09  1.85e+09 -167150.06 253881.86  11783.45    692.06     87.78    123.36   1537.75   4066.25      0.00 0
100844 5626.0    0_1_2_4_6_7_10_11_14_15_16_18_19_22_23_24_27_30_31_34_36_39_42_43_46_54_56_60_64_68_77_80_84_90_104_108_112_122_130_138_142_153_163_169_174_186  1.00e+10  8.49e+09 -20035.55 -22088.38   9960.76    748.34     71.53    227.79   2086.22   3399.65      0.00 0
100845 5626.0    36_39_42_43_46_56_61_64_65_68_77_80_81_84_87_90_92_101_104_105_108_109_112_115_118_119_122_127_130_135_138_139_144_150_156_160_166_171  2.57e+09  2.12e+09  41034.90  -7664.65  11357.40    721.63     74.78    349.42  -3723.70   3976.17      0.00 0
100846 5626.0    111_121_125_129_137_141_146_152_154_158_162_164_168_170_173_176_178_181_182_185_187_191_193_194_197_199_200_202_203_205_206_208_209_212_214_215_218_220_221_222_224_226_227_228_229_230_231_232_233_235_236_238_239_240_241_243_244_245_246_247_248_249_250_251_252_253_255_256_257_258_259_260_261_262_264_265_266_267_268_269_270_271_272_273_274_275_276_277_279_280_281_282_283_284_285_286_287_288_289_290_291_292_293_294_295_296_297_298  2.51e+09  2.07e+09 -101424.38 -102170.59  15156.66    683.65     83.99    225.21   4072.76  -7148.37      0.00 0
100847 5626.0    146_152_154_164_170_176_178_185_187_193_199_202_203_209_212_218_224_228_233_235_241_244_255  2.24e+10  1.93e+10   6272.82  24466.47   9564.28    714.62     69.26     75.62   5248.92  -3856.58      0.00 0
100848 5626.0    0_1_2_3_4_5_6_7_8_9_10_11_12_13_14_15_16_17_18_21_22_25_26_27_28_29_30_33_34_35_36_38_41_42_43_44_45_46_49_53_54_55_56_59_63_67_75_77_78_79_80_83_89_91_103_107_111_117_129_137_141_148_158_168_173_182_191_197_206_214_220_231_238_253_258  3.39e+10  2.95e+10   8162.46 -35411.88  10805.94    727.82     73.44    282.98   1270.05  -3305.53      0.00 0
100849 5626.0    200_205_206_214_220_226_227_231_235_238_243_250_253_255_258_259_264_270_271_272_274_279  6.61e+09  5.59e+09 -39250.70  13822.35  11446.61    705.72     74.62    160.60   6086.63  -9403.15      0.00 0
100850 5626.0    112_122_126_130_138_142_147_153_155_159_163_165_169_174_177_179_183_186_188_192_194_201_207_208_210_216_222_236_240  6.17e+10  5.40e+10 -29275.53  23311.84  10787.51    748.88     73.92    141.47   5409.60   2884.99      0.00 0
100851 5626.0    0_1_2_3_4_5_6_7_8_9_10_11_12_13_14_15_16_17_18_19_21_22_23_24_25_26_27_28_29_31_33_34_35_37_38_41_45_47_49_50_53_57_59_60_63_67_71_72_75_76_83_86_89_95_99_107_114_121_125_133_137_143_146_152_154_164_176_178_187_193_202_203_209_215_221_228_229_232_239_245_247_262  7.08e+09  5.97e+09  44485.81 -17541.36  11842.94    724.27     76.09    338.48   6002.47  -2375.15      0.00 0
100852 5626.0    116_117_129_141_148_157_158_167_168_173_181_182_190_191_197_199_212_224  9.77e+09  8.34e+09 -24109.14    778.72   9638.23    676.41     68.22    178.15    923.67  -5484.89      0.00 0
100853 5626.0    162_173_176_185_191_197_199_212_214_218_220_224_231_235_238_250_253  1.82e+10  1.57e+10  12714.31  17245.27   8730.51    759.83     67.83     53.60   3080.81  -6133.02      0.00 0
100854 5626.0    10_18_22_26_30_34_36_38_42_43_46_49_50_54_56_60_64_68_71_72_75_76_77_80_84_86_90_92_96_99_100_101_104_108_109_112_114_115_118_122_125_126_127_130_133_134_138_139_142_143_146_147_149_153_154_155_156_159_163_164_165_166_169_170_171_178_179_180_183_187_188_189_193_194_195_201_202_204_208_209_215_221_222_228_229_232_236_239_245_247_262  2.82e+10  2.41e+10 -43664.33  38712.53  12669.98    708.47     77.75    138.44   4264.45    617.68      0.00 0
100855 5626.0    0_1_2_3_4_5_6_7_8_9_10_11_12_13_14_15_16_17_18_19_20_21_22_23_24_25_26_27_28_29_30_32_33_34_35_36_38_40_41_42_43_44_45_46_48_49_50_52_53_54_55_56_58_59_60_62_63_64_66_67_68_71_72_75_76_78_79_80_82_83_84_86_88_89_90_91_96_100_102_103_104_106_108_110_112_116_117_122_126_128_130_136_138_140_142_147_148_153_157_161_163_167_172_174_177_181_186_190_196_198_205_211_213_219_223_230_234_237_242_252_254_257_263_269_273_278_285  2.09e+09  1.72e+09  31544.04  52622.84  13119.35    669.09     77.93     59.06   -634.62  -2714.73      0.00 0
100856 5626.0    227_231_235_238_243_244_246_250_253_255_258_259_264_267_270_271_272_274_279  7.24e+10  6.38e+10  22187.94   1956.81   8747.05    781.39     68.56      5.04   3660.57  -8278.30      0.00 0
100857 5626.0    258_261_264_267_270_271_274_275_277_279_281_284_286_287_289_291  3.09e+10  2.69e+10  22190.03   4518.65   9098.82    728.48     68.11     11.51   2712.50 -10021.56      0.00 0
100858 5626.0    19_31_39_47_51_57_61_73_81_87_93_105_109_119_135_150_160  1.95e+09  1.62e+09 -11978.86  15178.76   8844.63    680.71     65.42    128.28  -2888.70   2796.94      0.00 0
100859 5626.0    8_11_16_20_23_24_28_31_32_37_40_44_47_48_52_55_57_58_62_66_69_70_73_74_78_81_82_85_88_91_93_94_97_98_102_105_106_110_113_116_117_119_120_123_124_128_131_132_135_136_140_144_145_148_150_151_157_158_160_161_167_172_175_181_182_184_190_191_196_198_200_205_206_211_213_214_217_219_223_226_227_230_231_234_237_242_246_249_250_252_253_257_260_261_266_267_269_270_275_276_277_280_281_284_286_287_288_289_291_293_294_295_297_298  9.77e+10  8.52e+10 -31741.20  70331.69  13120.34    786.72     80.35    114.29  -2774.19  -2985.37      0.00 0
100860 5626.0    92_101_105_109_115_118_119_127_135_139_149_150_156_160_166  1.55e+10  1.32e+10 -21208.89  -3412.30   9083.04    700.39     67.08    189.14  -2026.39   3931.64      0.00 0
100861 5626.0    148_158_181_182_191_200_205_206_226_227_231_246_249_250_260_261_266_267_275_276_277_280_286_287_288_293_294_295_296_297_298  2.29e+10  1.97e+10  -6329.70 -32807.97  10419.78    740.66     72.68    259.08   -198.99 -10503.10      0.00 0
100862 5626.0    62_66_88_102_106_110_128_136_140_161_167_172_196_198_211_219_223_234_242_254_263_278  4.57e+09  3.83e+09 -16547.74 -28789.04  10597.38    707.75     72.30    240.11  -3834.87  -6662.47      0.00 0
100863 5626.0    0_1_2_3_4_5_6_7_8_9_10_11_12_13_14_15_16_17_18_19_20_21_22_23_24_25_26_27_28_29_30_31_32_33_34_35_36_37_38_39_40_41_42_43_44_45_46_47_48_49_50_51_52_53_54_55_56_57_58_59_60_61_62_63_64_65_66_67_68_69_70_71_72_73_74_75_76_77_78_79_80_81_82_84_85_86_87_88_90_92_93_94_96_97_98_100_101_102_104_105_106_108_109_110_112_113_114_115_118_120_122_123_124_126_130_131_132_134_136_138_140_142_145_147_151_153_155_159_161_163_169_172_174_175_177_179_184_186_188_192_198_210_217_223  7.41e+10  6.44e+10 -73661.13 -57840.79  13829.98    764.07     81.60    218.14   3132.27   3386.90      0.00 0
100864 5626.0    1_2_8_11_15_16_19_20_23_24_28_31_32_37_39_40_44_47_48_51_52_57_58_61_62_65_66_69_70_73_74_78_81_82_85_87_88_91_93_94_97_98_102_105_106_109_110_113_116_119_120_123_124_127_128_131_132_135_136_139_140_144_145_148_150_151_157_160_161_166_167_171_172_175_181_184_190_195_196_198_200_205_211_213_217_219_223_226_227_230_234_237_242_246_249_252_254_257_260_261_263_266_269_273_275_276_280_283_286_287_288_290_292_293_294_296_297  4.17e+10  3.60e+10  11939.28 -71885.73  13242.80    737.97     79.70    279.43  -3169.06   -480.25      0.00 0
100865 5626.0    36_43_46_56_68_77_80_92_104_115_118_130_149_159_183_192_207  8.13e+09  6.89e+09  -3862.22 -20131.92   8705.55    737.33     66.99    259.14    476.69   4535.49      0.00 0
100866 5626.0    0_1_2_3_4_5_6_7_8_9_10_11_12_13_14_15_16_17_18_19_20_21_22_23_24_25_26_27_28_29_30_31_32_33_34_35_36_37_38_39_40_41_42_43_44_45_46_48_49_50_51_52_53_54_55_56_58_59_60_61_62_63_64_65_66_67_68_71_72_75_76_77_78_79_80_82_83_84_86_88_89_90_91_92_95_96_99_100_101_102_103_104_106_107_108_110_111_112_114_115_116_117_118_121_122_125_126_128_129_130_133_134_137_138_140_141_142_143_146_147_148_149_152_153_154_155_157_158_159_162_163_164_165_167_168_169_170_172_173_174_176_177_178_179_180_181_182_183_185_186_187_188_190_191_192_193_194_196_197_199_200_201_202_203_205_206_207_208_209_210_212_213_214_215_216_218_219_220_221_222_224_226_227_228_229_230_231_232_233_235_236_237_238_239_240_241_242_243_244_245_246_247_248_249_250_251_252_253_255_256_257_258_259_260_261_264_265_266_267_268_269_270_271_272_273_274_275_276_277_279_280_281_283_284_285_286_287_288_289_290_291_292_293_294_295_296_297_298  1.20e+09  9.54e+08  47333.98 225591.34  14542.45    645.71     86.39     78.15   1377.13  -9709.35      0.00 0
100867 5626.0    53_59_63_67_71_75_83_86_89_95_99_107_114_125_133_134_143_164_165_170  5.89e+10  5.15e+10 -16130.08 -11496.98   8497.94    753.75     66.78    215.48   3643.62  -1004.50      0.00 0
100868 5626.0    0_2_3_4_5_8_9_13_16_20_28_29_35_40_44_45_52_55_62_66_78_88_102_110_128_140  2.14e+09  1.77e+09 -10339.23 -17686.39   9065.66    676.87     66.13    239.69   -903.45  -2383.78      0.00 0
100869 5626.0    176_185_197_199_202_203_209_212_214_215_218_220_221_224_228_229_231_232_233_235_236_238_239_241_243_244_245_247_248_250_251_253_255_256_258_259_261_262_264_265_267_268_270_271_272_274_275_276_277_279_281_282_284_286_287_288_289_291_293_294_295_296_297_298  2.00e+10  1.70e+10 -76942.84 -90311.68  14567.65    733.22     83.00    229.57   5336.11  -8571.10      0.00 0
100870 5626.0    0_1_2_3_4_5_6_7_8_9_10_11_12_13_14_15_16_17_18_19_20_21_22_23_24_25_26_27_28_29_30_31_32_33_34_35_36_37_38_39_40_41_42_43_44_45_46_47_48_49_50_51_52_53_54_55_56_57_58_59_60_61_62_63_64_65_66_67_68_69_70_71_72_73_74_75_76_77_78_79_80_81_82_83_84_85_86_87_88_89_90_91_92_93_94_95_96_97_98_99_100_101_102_103_104_105_106_107_108_109_111_112_113_114_115_117_118_119_121_122_123_124_125_126_127_129_130_131_132_133_134_135_137_138_139_141_142_143_144_146_147_149_150_152_154_155_156_159_160_162_164_165_166_168_170_171_173_176_178_180_185_187_188_189_193_194_195_197_199_202_203_208_209_212_215_218_221_222_224_228_229_232_233_235_236_239_241_244_245_247_248_251_256_259_262_265_268_272_282  5.89e+10  5.06e+10 -128834.12  83506.11  14485.84    779.80     84.61    147.05   2769.47  -1029.88      0.00 0
100871 5626.0    71_72_75_76_86_95_96_99_100_107_114_121_122_125_126_133_134_137_141_143_146_147_152_153_154_155_162_164_165_168_170_173_176_178_185_187_197_199_202_203_209_212_214_218_220_224_228_233_235_238_241_243_244_248_251_255_256_258_259_264_268_270_271_272_274_279_284_291  5.75e+10  4.99e+10   3831.11 -66645.91  13000.23    730.03     78.98    273.29   4819.69  -9933.13      0.00 0
100872 5626.0    71_75_86_95_96_99_100_107_111_114_121_122_125_126_133_134_137_141_143_146_147_152_153_154_155_162_163_164_165_168_170_173_176_177_178_179_185_186_187_188_191_193_194_197_199_202_203_208_209_210_212_214_215_216_218_220_221_222_224_228_229_231_232_233_235_236_238_239_240_241_243_244_245_247_248_251_253_255_256_258_259_262_264_265_267_268_270_271_272_274_277_279_281_282_284_289_291_295_298  3.39e+10  2.92e+10 -13391.13 -95282.84  13659.76    802.45     81.92    262.00   4422.22  -9215.17      0.00 0
100873 5626.0    0_1_2_3_4_5_6_7_8_9_10_11_12_13_14_15_16_17_18_19_20_21_22_23_24_25_26_27_28_29_30_31_32_33_34_35_36_37_38_39_40_41_42_43_44_45_46_47_48_49_50_51_52_53_54_55_56_57_58_59_60_61_62_63_64_65_66_67_68_69_70_71_72_73_74_75_76_77_78_79_80_81_82_83_84_85_86_87_88_89_90_91_92_93_94_95_96_97_98_99_100_101_102_103_104_105_106_107_108_109_110_111_112_113_114_116_117_119_120_121_122_123_124_125_126_128_129_131_132_133_134_135_136_137_138_140_141_143_144_145_146_147_148_150_151_152_153_154_155_157_158_161_162_164_165_167_168_170_172_173_175_176_177_178_179_181_182_184_185_187_188_190_191_193_194_196_197_198_199_202_203_208_209_210_211_212_215_216_217_218_221_222_223_224_228_229_232_233_236_239_240_241_245_247_248_262  4.68e+10  4.00e+10 -207506.19 -10983.89  14166.16    752.46     86.10    183.03  -1264.21  -1209.92      0.00 0
100874 5626.0    0_1_2_3_4_5_6_7_8_9_10_11_12_13_14_15_16_17_18_19_20_21_22_23_24_25_26_27_28_29_30_31_32_33_34_35_36_37_38_39_40_41_42_43_44_45_46_47_48_49_50_51_52_53_54_55_56_57_58_59_60_61_62_63_64_65_66_67_68_69_70_71_72_73_74_75_76_77_78_79_80_81_82_83_84_85_86_87_88_89_90_91_92_93_94_95_96_97_98_99_100_101_102_104_105_106_107_108_109_110_112_113_114_115_118_119_120_122_123_124_125_126_127_130_131_132_133_134_135_136_138_139_142_143_144_145_147_149_150_151_153_154_155_156_159_160_161_163_164_165_166_169_170_171_174_175_177_179_180_183_184_186_187_188_189_192_193_194_195_201_204_207_208_210_216_221_222_225_236_240  1.41e+10  1.19e+10 238913.34  70587.97  13361.18    732.55     86.93     16.46    929.08   2688.61      0.00 0
100875 5626.0    63_67_79_83_89_91_95_99_102_103_107_111_116_117_121_125_128_129_133_137_140_141_146_148_152_154_157_158_162_164_167_168_170_172_173_176_178_181_182_185_187_190_191_193_196_197_198_199_200_202_203_205_206_208_209_211_212_213_214_215_218_219_220_221_222_223_224_226_227_228_229_230_231_232_233_234_235_236_237_238_239_241_242_243_244_245_246_247_248_249_250_251_252_253_254_255_256_257_258_259_260_261_262_263_264_265_266_267_268_269_270_271_272_273_274_275_276_277_278_279_280_281_282_283_284_285_286_287_288_289_290_291_292_293_294_295_296_297_298  1.55e+09  1.23e+09 -156466.05 -87052.12  15350.20    648.10     85.10    209.09   2036.68  -6943.48      0.00 0
100876 5626.0    0_1_2_3_4_5_6_7_8_9_11_12_13_15_16_17_19_20_21_23_24_25_28_29_31_32_33_35_37_40_41_44_45_47_48_49_51_52_53_55_57_58_59_62_63_66_67_69_70_73_74_75_78_79_81_82_83_85_88_89_91_93_94_95_97_98_102_103_106_107_110_111_113_116_117_120_121_123_124_125_128_129_131_132_136_137_141_144_145_146_148_152_154_158_162_168_173_176_178_185_191_197_199_202_203_209_212_218_224_228_229_233_235_241_244_245_247_248_251_256_262_265_268_272_282  2.04e+10  1.73e+10 -63444.64  30602.06  13055.17    749.69     79.50    154.25    -62.23  -2246.70      0.00 0
100877 5626.0    164_176_178_187_193_202_203_208_209_215_218_221_228_229_232_233_241_248_251  5.25e+09  4.43e+09   4107.92  22537.31   9325.53    697.28     67.85     79.67   6163.12  -3149.18      0.00 0
100878 5626.0    0_1_2_3_4_5_6_7_8_9_10_11_12_13_14_15_16_17_18_19_20_21_22_23_24_25_26_27_28_29_30_31_32_33_34_35_36_38_39_40_41_42_43_44_45_46_50_51_52_53_54_55_56_60_61_62_63_64_65_66_67_68_77_78_79_80_84_87_88_89_90_91_92_101_102_103_104_112_115_116_117_118_130_148_149_156_157_159_169_180_183_192_201_207  1.35e+10  1.14e+10   3455.14  39571.91  11360.23    692.35     74.04     85.01    209.66   1143.09      0.00 0
100879 5626.0    3_5_8_9_13_16_17_20_21_25_28_29_32_33_35_38_40_41_44_45_49_52_53_55_58_59_62_63_66_67_71_72_75_78_79_82_83_86_88_89_91_94_95_99_102_103_106_107_110_111_114_116_117_120_121_124_125_128_129_133_136_137_140_141_143_145_146_148_151_152_154_157_158_161_162_164_165_167_168_170_172_173_175_176_178_181_182_184_185_187_190_191_193_194_196_197_198_199_200_202_203_205_206_208_209_211_212_213_214_215_217_218_219_220_221_222_223_224_226_227_228_229_230_231_232_233_234_235_236_237_238_239_241_242_243_244_245_246_247_248_249_250_251_252_254_255_256_257_262_263_265_266_268_269_273_278  3.63e+10  3.11e+10 143100.56  39470.19  14738.19    742.51     84.33     15.42  -3916.32  -5824.56      0.00 0
100880 5626.0    181_190_196_200_205_206_213_226_227_230_231_246_249_250_253_258_260_261_267_270_274_275_277_281_284_289_291  7.24e+09  6.13e+09 -29923.76  27612.85  11276.61    719.79     74.52    137.30   2673.11 -10489.37      0.00 0
100881 5626.0    0_1_2_3_4_5_6_7_8_9_10_12_13_14_17_18_21_22_25_26_27_28_29_30_33_34_35_36_38_41_42_43_44_45_46_49_50_53_54_55_56_59_60_63_64_67_68_71_72_75_76_77_78_79_80_83_84_86_89_90_91_92_95_96_99_100_102_103_104_107_108_111_112_114_115_116_117_118_121_122_125_126_129_130_133_134_137_138_141_142_143_146_147_148_149_152_153_154_155_157_158_159_162_163_164_165_168_169_170_173_174_176_177_178_179_180_181_182_183_185_186_187_188_191_192_193_194_197_199_200_201_202_203_205_206_207_208_209_210_212_214_215_216_218_220_221_222_224_225_226_227_228_229_231_232_233_235_236_238_239_240_241_243_244_245_246_247_248_249_250_251_253_255_256_258_259_260_261_262_264_265_267_268_270_271_272_274_275_276_277_279_281_282_284_286_287_289_291_293_294_295_297_298  2.95e+10  2.52e+10   2096.07 190621.66  14568.02    732.81     85.63     89.37   3979.16    735.76      0.00 0
100882 5626.0    0_1_2_3_4_5_6_7_8_9_10_11_12_13_14_15_16_17_18_19_20_21_22_23_24_25_26_27_28_29_30_31_32_33_34_35_36_37_38_39_40_41_42_43_44_45_46_47_48_49_50_51_52_53_54_55_56_57_58_59_60_61_62_63_64_65_66_67_68_69_70_71_72_73_74_75_76_77_78_79_80_81_82_83_84_85_86_87_88_89_90_91_92_93_94_95_96_97_98_99_100_101_102_103_104_105_106_107_108_109_110_111_112_113_114_115_116_117_118_119_120_121_122_123_124_125_126_127_128_129_130_131_132_133_134_135_136_137_138_139_140_141_142_143_144_145_146_147_148_149_150_151_152_153_155_156_157_158_159_160_161_162_163_166_167_168_169_171_172_173_174_175_177_179_180_181_182_183_184_186_189_190_191_192_195_196_197_198_199_200_201_204_205_206_207_211_212_213_214_217_219_220_223_225_226_227_230_231_234_237_238_242_243_246_249_250_252_253_254_257_258_260_261_263_266_267_269_270_273_275_276_277_278_280_281_283_284_285_286_287_288_289_290_291_292_293_294_295_296_297_298  8.32e+09  6.96e+09 -51694.92 -263978.94  12450.14    772.87     87.35    258.92  -1332.64  -1709.12      0.00 0
100883 5626.0    184_198_211_217_219_223_234_242_254_257_263_273  1.38e+09  1.13e+09   7639.61 -20542.30   9438.90    655.20     66.70    290.40  -4345.14  -6679.63      0.00 0
100884 5626.0    0_1_2_3_4_5_6_7_8_9_10_11_12_13_14_15_16_17_18_19_20_21_22_23_24_25_26_27_28_29_30_31_32_33_34_35_36_37_38_39_40_41_42_43_44_45_46_47_48_49_50_51_52_53_54_55_56_57_58_59_60_61_62_63_64_65_66_67_68_69_70_71_72_73_74_75_76_77_78_79_80_81_82_83_84_85_86_87_88_89_90_91_92_93_94_95_96_97_98_99_100_101_102_103_105_106_107_108_109_111_113_114_119_120_121_122_123_124_125_126_131_132_133_134_135_137_141_143_144_145_146_147_150_152_154_155_160_162_164_165_170_176_178_185_187_188_193_194_202_203_208_209_215_216_221_222_228_229_232_233_236_239_240_245_247_248_262  4.57e+10  3.93e+10 -114179.10  25542.98  14594.02    725.87     82.89    167.39   5707.62  -1381.59      0.00 0
100885 5626.0    48_58_69_70_73_74_82_85_93_94_97_98_106_110_113_119_120_123_124_128_131_132_135_136_140_144_145_150_151_160_161_167_172_175_184_190_196_198_205_211_213_217_219_223_230_234_237_242_249_252_254_257_260_263_266_269_273_276_278_280_283_285_286_288_290_292_293_294_296_297  5.13e+09  4.30e+09  21472.16 -119817.16  14730.45    716.16     83.10    280.16  -3842.00 -10658.02      0.00 0
100886 5626.0    0_1_2_3_4_5_6_7_8_9_11_13_14_15_16_19_20_23_24_27_28_29_31_35_39_40_43_44_45_51_55_61_65_79  3.72e+09  3.10e+09   5897.12 -17841.68   8658.79    695.25     65.26    288.29   -475.98   -142.81      0.00 0
100887 5626.0    0_1_2_3_4_5_6_7_8_9_10_11_12_13_14_15_16_17_18_19_20_21_23_24_25_26_27_28_29_31_32_33_35_37_38_39_40_41_43_44_45_47_48_49_51_52_53_55_57_58_59_61_62_63_65_66_67_69_70_73_74_75_78_79_81_82_83_85_87_88_89_91_93_94_95_97_98_102_103_105_106_107_110_111_113_116_117_119_120_121_123_124_125_128_129_131_132_135_136_137_140_141_144_145_146_148_150_151_152_157_158_160_161_162_167_168_172_173_175_176_181_182_184_185_190_191_196_197_198_199_200_202_203_205_206_211_212_213_214_217_218_219_220_223_224_226_227_228_230_231_233_234_235_237_238_241_242_243_244_246_248_249_250_251_252_253_255_256_258_259_260_261_262_264_265_266_267_268_270_271_272_274_275_277_279_281_282_284_287_289_291  6.03e+10  5.20e+10 145553.75 -116318.88  14336.71    772.45     85.60    321.37  -4002.05  -1397.81      0.00 0
100888 5626.0    0_1_2_3_4_5_6_7_8_9_10_11_12_13_14_15_16_17_18_19_20_21_22_23_24_25_26_27_28_29_30_31_32_33_34_35_36_37_38_39_40_41_42_43_44_45_46_47_48_49_50_51_52_53_54_55_56_57_58_59_60_61_62_63_64_65_66_67_68_69_70_71_72_73_74_75_76_77_78_79_80_81_82_83_84_85_86_87_88_89_91_92_93_94_95_97_98_99_101_102_103_105_106_107_109_110_111_113_116_117_119_120_121_123_124_125_127_128_129_131_132_133_135_136_137_139_140_141_144_145_146_148_150_152_154_157_158_160_162_166_168_171_173_176_178_181_182_185_191_197_199_202_203_206_212_214_218_220_224_228_229_231_233_235_238_241_243_244_245_248_251_255_256_258_259_262_264_265_268_271_272_274_279_282  3.63e+09  2.96e+09  97163.56 -87241.10  15016.52    690.63     83.44    318.08  -3951.67   1835.78      0.00 0
100889 5626.0    31_51_57_61_73_81_93_97_105_119_123_144_150  4.57e+09  3.84e+09  17035.22  -7588.13   8644.63    693.42     65.13    335.99  -3861.12   2251.38      0.00 0
100890 5626.0    91_102_103_111_116_117_128_129_137_140_141_146_148_152_157_158_161_162_167_168_172_173_176_178_181_182_184_185_190_191_196_197_198_199_200_202_203_205_206_209_211_212_213_214_217_218_219_220_223_224_226_227_228_229_230_231_232_233_234_235_237_238_241_242_243_244_245_246_247_248_249_250_251_252_253_254_255_256_257_258_259_260_261_262_263_264_265_266_267_268_269_270_271_272_273_274_275_276_277_278_279_280_281_282_283_284_285_288_290_292  6.03e+09  4.98e+09 122446.94  20534.52  14826.78    707.05     83.19      9.52   2058.49  -6830.58      0.00 0
100891 5626.0    0_1_2_3_4_5_6_7_8_9_10_11_12_13_14_16_17_18_20_21_22_25_26_28_29_30_32_33_34_35_36_38_40_41_42_44_45_46_49_50_52_53_54_55_59_60_62_63_64_66_67_68_71_72_75_76_78_79_80_82_83_84_86_88_89_90_91_95_96_99_100_102_103_104_106_107_108_110_111_112_114_116_117_121_122_125_126_128_129_130_133_134_136_137_138_140_141_142_143_146_147_148_152_153_154_155_157_158_161_162_163_164_165_167_168_169_170_172_173_174_176_177_178_179_181_182_185_186_187_188_190_191_193_194_196_197_198_199_200_202_203_205_206_208_209_210_211_212_213_214_215_216_218_219_220_221_222_223_224_226_227_228_229_230_231_232_233_234_235_236_237_238_239_240_241_242_243_244_246_249_250_252_253_254_255_257_258_260_261_263_264_266_267_269_270_273_274_275_276_277_278_280_281_283_284_285_286_287_288_289_290_291_292_293_294_295_296_297_298  1.17e+09  9.33e+08  93742.28 159397.16  15203.12    659.26     85.30     59.54   3965.84   -665.89      0.00 0
100892 5626.0    10_14_18_22_26_27_30_34_36_38_42_43_46_50_54_56_60_64_65_68_71_72_76_77_80_84_86_90_92_96_99_100_101_104_108_114_122_126_133_134_143_154_155_164_165_170_187_193_194_208_215_221_232_239  4.37e+10  3.79e+10  30514.51 -16768.55  10419.52    766.58     73.34    331.21   3851.28    519.74      0.00 0
100893 5626.0    106_136_140_151_161_172_184_198_211_217_223_234_254  3.16e+09  2.65e+09  -9014.85 -19235.91   8903.79    724.06     67.26    244.89  -3923.69  -5377.63      0.00 0
100894 5626.0    158_168_173_181_182_190_191_196_197_199_200_205_206_211_212_213_214_218_219_220_224_226_227_230_231_233_234_235_237_238_241_242_243_244_245_246_248_249_250_251_252_253_254_255_256_257_258_259_260_261_262_263_264_265_266_267_268_269_270_271_272_273_274_275_276_277_278_279_280_281_282_283_284_285_286_287_288_289_290_291_292_293_294_295_296_297_298  1.51e+10  1.29e+10 120635.96  22511.04  14720.17    719.41     83.16     10.57  -1916.58  -9599.95      0.00 0
100895 5626.0    141_152_158_162_168_173_176_178_181_182_185_191_197_199_200_202_203_205_206_209_212_213_214_215_218_220_224_226_227_228_229_230_231_232_233_235_237_238_239_241_242_243_244_245_246_247_248_249_250_251_252_253_255_256_257_258_259_260_261_262_263_264_265_266_267_268_269_270_271_272_273_274_275_276_277_278_279_280_281_282_283_284_285_286_287_288_289_290_291_292_293_294_295_296_297_298  1.17e+10  9.85e+09 -118813.43 -69595.97  14788.39    729.53     83.87    210.36   4355.06  -7835.42      0.00 0
100896 5626.0    54_60_64_68_72_76_84_86_90_96_100_104_108_112_118_122_126_130_138_142_149_159_169_183_192_201_207  5.13e+09  4.30e+09  10712.15 -25248.49  10025.98    687.68     69.92    292.99   1859.82   3909.90      0.00 0
100897 5626.0    129_141_148_152_158_162_168_173_176_181_182_185_190_191_197_199_200_202_203_205_206_212_213_214_218_219_220_224_226_227_230_231_235_237_238_242_246_249_250_252_253_257_260_261_263_266_269_273_276_278_280_283_285_290_292  4.27e+10  3.71e+10  36444.72  23514.03  10958.69    813.74     75.82     32.83   -492.95  -7813.69      0.00 0
100898 5626.0    23_24_31_32_37_47_48_51_57_58_61_69_70_73_74_81_82_85_87_93_94_97_98_105_106_109_113_119_120_123_124_127_131_135_136_139_144_150_160_166_171_195  4.37e+10  3.81e+10    568.28  32234.01  10189.67    757.70     72.46     88.99  -2945.54   1911.21      0.00 0
100899 5626.0    86_96_99_100_114_122_125_126_133_134_138_143_147_153_155_163_165_174_177_179_186_188  2.57e+09  2.13e+09  -5314.96 -40262.53  11537.93    677.98     74.14    262.48   4719.94   4343.79      0.00 0
