#event_number primary_type du_ids energy_primary em_energy Xmax_pos(x, y, z), Xmax_grams zenith azimuth shower_core_pos_x shower_core_pos_y shower_core_pos_z, N_tested_cores, units are degrees, GeV and meters
6800 14.0      220_238_243_258_264_270_274_279_284  2.88e+08  2.50e+08  -8222.50  21089.63   9154.67    718.68     67.98    111.30   3812.67 -10022.91      0.00 0
6801 14.0      197_199_203_206_212_214_218_220_224_227_228_229_231_233_235_238_241_243_244_245_246_247_248_249_250_251_253_255_256_258_259_260_261_262_264_265_266_267_268_269_270_271_272_274_275_276_277_279_280_281_282_283_284_285_286_287_288_289_290_291_292_293_294_295_296_297_298  3.31e+08  2.84e+08 -63673.76 -37626.56  12948.02    792.89     80.07    210.58   5233.72  -7713.28      0.00 0
6802 14.0      64_68_84_90_92_96_104_108_112_115_118_130_149_159  1.17e+08  9.99e+07 -10822.54  13383.82   7934.86    772.03     65.25    128.96   1302.13   3505.67      0.00 0
6803 14.0      66_78_79_88_91_102_103_106_110_111_116_117_120_124_128_129_136_137_140_141_145_148_151_157_158_161_162_167_168_172_173_175_184_198_199_217  1.29e+08  1.08e+08 -37519.71   5299.77  10937.01    731.65     73.90    171.96  -2487.96  -3816.91      0.00 0
6804 14.0      238_243_246_250_253_255_258_259_260_261_264_267_270_271_272_274_277_279_281_284  2.04e+08  1.83e+08 -38045.42    730.51  10710.39    772.63     74.28    178.90   6290.11  -9393.32      0.00 0
6805 14.0      0_1_2_3_4_5_6_7_8_9_10_11_12_13_14_15_16_17_18_19_20_21_22_23_24_25_26_27_28_29_30_31_32_33_34_35_36_37_38_39_40_41_42_43_44_45_46_47_48_49_50_51_52_53_54_55_56_57_58_59_60_61_62_63_64_65_66_67_68_69_70_71_72_73_74_75_76_77_78_79_80_81_82_83_84_86_87_88_89_90_91_92_94_95_96_99_100_101_102_103_104_105_106_107_108_109_110_111_112_114_115_116_117_118_121_122_125_126_127_128_129_130_134_136_137_138_140_141_142_147_148_149_152_153_156_157_158_159_162_163_166_167_168_169_172_173_174_180_181_182_183_186_189_190_191_192_196_197_199_200_201_204_205_206_207_211_212_213_214_219_220_225_226_227_230_231_237_238_242_243_246_249_250_252_253_257_258_260_261_266_267_269_270_273_274_275_276_277_280_281_283_284_285_286_287_288_289_290_291_292_293_294_295_296_297_298  1.70e+08  1.36e+08 -11601.71 -127481.36  15581.38    616.00     83.06    264.80    -19.22  -8892.10      0.00 0
6806 14.0      0_1_2_3_4_5_6_7_8_9_10_11_12_13_14_15_16_17_18_19_20_21_22_23_24_25_26_27_28_29_30_31_32_33_34_35_36_37_38_39_40_41_42_43_44_45_46_47_48_49_50_51_52_53_54_55_56_57_58_59_60_61_62_63_64_65_66_67_68_69_70_71_72_73_74_75_76_77_78_79_80_81_82_83_84_85_86_87_88_89_90_91_92_93_94_95_96_97_98_99_100_101_102_103_104_105_106_107_108_109_110_111_112_113_114_115_116_117_118_119_120_121_122_123_124_125_126_127_128_129_130_131_132_133_134_135_136_137_138_139_140_141_142_143_144_145_146_147_148_150_151_152_153_154_155_157_158_159_160_161_162_163_164_165_167_168_169_170_172_173_174_175_176_177_178_179_181_182_184_185_186_187_188_190_191_193_194_196_197_198_199_200_202_203_205_206_208_209_210_211_212_213_214_215_216_217_218_219_220_221_222_223_224_228_229_232_233_234_235_236_237_239_240_241_242_244_245_247_248_251_254_256_262_265_268_282  5.37e+08  4.63e+08 -296953.69 -24518.40  11602.87    745.01     87.77    184.72   -772.93  -1288.74      0.00 0
6807 14.0      146_152_154_162_164_170_176_178_185_187_193_194_199_202_203_208_209_212_215_218_220_224_228_229_233_235_241_243_244_251_255_256_258_259_264_271_274_279_284  1.58e+08  1.32e+08   8100.33  33766.28  10516.96    748.10     73.15     76.51   4940.06  -4948.84      0.00 0
6808 14.0      226_227_230_231_237_246_249_250_252_253_257_260_261_263_266_267_269_273  5.62e+08  4.98e+08 -21930.98   -306.23   9120.90    706.02     67.42    180.80   -687.98  -8803.31      0.00 0
6809 14.0      242_246_249_252_254_257_260_261_263_266_267_269_270_273_275_276_277_278_280_281_283_284_285_286_287_288_289_290_291_292_293_294_295_296_297_298  3.72e+08  3.16e+08  90452.94 -23848.05  13763.32    774.00     81.63    345.23  -4218.81 -10815.61      0.00 0
6810 14.0      0_1_2_3_4_5_6_7_8_9_10_11_12_13_14_16_17_18_20_21_22_25_26_28_29_30_32_33_34_35_38_40_41_42_44_45_46_49_50_52_53_54_55_58_59_60_62_63_64_66_67_68_71_72_75_76_78_79_82_83_84_86_88_89_90_91_95_96_99_100_102_103_106_107_108_110_111_112_114_116_117_121_122_125_126_128_129_133_134_136_137_138_140_141_142_143_147_148_153_154_155_157_158_161_163_164_165_167_168_170_172_174_177_179_181_182_186_188_190_194_196_198_200_205_210_211_213_216_219_223_226_230_234_237_242_252_254_257_263_269_273_278_283_285  5.89e+08  4.98e+08  51805.61  66260.48  13909.02    706.26     80.61     51.98   3583.33   1362.00      0.00 0
6811 14.0      139_150_156_160_166_171_180_189_195_201_204  3.63e+08  3.14e+08 -25509.76 -10796.74  10093.11    682.80     69.98    202.94  -3560.03   4983.85      0.00 0
6812 14.0      146_176_178_185_202_203_218_228_233_241_248_251_268  4.68e+08  4.08e+08   7409.64 -13646.87   7241.14    844.48     65.00    298.50   5911.30  -4682.02      0.00 0
6813 14.0      111_129_137_141_162_168_173_185_197_199_212_218_224_235_241_244_251_255_256_259_268_272  1.07e+08  8.75e+07 -21597.08  17327.29   9658.51    754.49     70.77    141.26   4823.12  -6337.31      0.00 0
6814 14.0      0_1_2_3_4_5_6_7_8_9_10_11_12_13_14_15_16_17_18_19_20_21_22_23_24_25_26_27_28_29_30_31_32_33_34_35_37_38_40_41_44_45_47_48_49_50_51_52_53_55_57_58_59_60_62_63_66_67_69_70_71_72_73_74_75_76_78_79_81_82_83_85_86_88_89_91_93_94_95_97_98_99_100_102_103_106_107_110_111_113_114_116_117_120_121_123_124_125_128_129_131_132_133_134_136_137_140_141_143_145_146_148_151_152_154_157_158_161_162_164_165_167_168_170_172_173_175_176_178_181_182_184_185_187_190_191_193_194_196_197_198_199_202_203_208_209_211_212_215_217_218_221_224_228_229_232_233_236_239_241_245_247_248_251_262_265_282  3.47e+08  2.85e+08 133405.14 -11389.95  14899.92    710.31     83.65    355.12  -2713.13  -2201.46      0.00 0
6815 14.0      96_100_108_112_114_122_126_130_133_134_138_142_143_147_153_154_155_159_163_164_165_169_170_174_177_178_179_183_186_187_188_192_193_194_201_204_207_208_209_210_215_216_221_222_225_229_232_236_239_240_245_247_262  5.01e+08  4.33e+08  62590.84 -91036.17  14564.21    714.11     82.49    304.51   4822.78   4545.33      0.00 0
6816 14.0      151_161_172_175_184_196_198_205_211_213_217_219_223_226_230_234_237_242_246_249_252_254_257_260_261_263_266_269_273_275_276_277_278_280_281_283_285_286_287_288_289_290_291_292_293_294_295_296_297_298  3.09e+08  2.55e+08  59441.43 -69131.44  13886.23    744.20     81.34    310.69  -2337.74 -10071.56      0.00 0
6817 14.0      23_31_37_47_48_51_57_58_61_69_70_73_74_81_85_87_93_94_97_98_101_105_109_113_119_120_123_124_127_131_132_135_139_144_150_156_160_166_171_189_195_204  2.29e+08  1.92e+08   2509.23  48691.92  12446.01    645.67     75.68     87.05  -2954.61   5160.67      0.00 0
6818 14.0      197_212_214_220_224_235_238_243_244_255_256_259_264_268_271_272  5.37e+08  4.75e+08  22504.82  -7929.61   8712.99    834.11     69.94    340.59   5847.28  -7811.46      0.00 0
6819 14.0      0_1_2_3_4_5_6_8_9_10_11_12_13_16_17_18_20_21_22_24_25_26_28_29_32_33_34_35_38_40_41_44_45_48_49_50_52_53_54_55_58_59_60_62_63_64_66_67_71_72_74_75_76_78_79_82_83_84_86_88_89_91_94_95_96_99_100_102_103_106_107_108_110_111_114_116_117_120_121_122_124_125_126_128_129_133_134_136_137_140_141_143_145_146_147_148_151_152_153_154_155_157_158_161_162_164_165_167_168_170_172_173_175_176_177_178_179_181_182_184_185_187_188_190_191_193_194_196_197_198_199_200_202_203_205_206_208_209_210_211_212_213_214_215_216_217_218_219_220_221_222_223_224_226_227_228_229_230_231_232_233_234_236_237_239_240_242_245_246_247_249_250_252_254_257_260_263_266_269_273_278_280_283_285_292  7.59e+08  6.43e+08 -129591.77 -83804.59  14669.85    752.76     84.57    212.89   5313.90   -727.97      0.00 0
6820 14.0      0_1_2_3_4_5_6_7_8_9_10_11_12_13_14_15_16_17_18_19_20_21_22_23_24_25_26_27_28_29_30_31_32_33_34_35_36_37_38_39_40_41_42_43_44_45_46_47_48_49_50_51_52_53_54_55_56_57_58_59_60_61_62_63_64_65_66_67_68_69_70_71_72_73_74_75_76_77_78_79_80_81_82_83_84_85_86_87_88_89_90_91_92_93_94_95_97_98_99_101_102_103_105_106_107_109_110_111_113_115_116_117_119_120_121_123_124_125_127_128_129_131_132_135_136_137_139_140_141_144_145_146_148_150_151_152_156_157_158_160_161_162_166_167_168_171_172_173_175_176_178_181_182_184_185_189_190_191_195_196_197_198_199_200_202_203_205_206_211_212_213_214_217_218_219_220_223_224_226_227_228_230_231_233_235_237_238_241_243_244_246_248_249_250_251_252_253_255_256_258_259_260_261_264_265_266_267_268_270_271_272_274_275_276_277_279_281_282_284_286_287_289_291_295  3.09e+08  2.61e+08 122960.35 -157722.23  14265.21    756.58     85.92    307.94   1215.63  -5238.45      0.00 0
6821 14.0      0_1_2_3_5_8_9_11_13_15_16_17_20_21_23_24_28_29_31_32_33_35_37_40_41_44_45_47_48_52_53_55_57_58_59_62_63_66_67_69_70_73_74_78_79_82_83_85_88_89_91_93_94_95_97_98_102_103_106_107_110_111_113_116_117_120_121_123_124_128_129_131_132_136_137_140_141_144_145_146_148_151_152_157_158_161_162_167_168_172_173_175_176_181_182_184_185_190_191_196_197_198_199_200_202_203_205_206_211_212_213_214_217_218_219_220_223_224_226_227_228_230_231_233_234_235_237_238_241_242_243_244_245_246_248_249_250_251_252_253_254_255_256_257_258_259_260_261_262_263_264_265_266_267_268_269_270_271_272_274_275_276_277_279_281_282_284_287_289_291  6.46e+08  5.39e+08 -171641.02 101710.48  14406.32    738.10     85.87    149.35   4237.47  -7959.70      0.00 0
6822 14.0      0_1_2_3_4_5_6_7_8_9_10_11_12_13_14_15_16_17_18_19_20_21_22_23_24_25_26_27_28_29_30_31_32_33_34_35_36_37_38_39_40_41_42_43_44_45_46_47_48_49_50_51_52_53_54_55_56_57_58_59_60_61_62_63_64_65_66_67_68_69_70_71_72_73_74_75_76_77_78_79_80_81_82_83_84_85_86_87_88_89_90_91_92_93_94_95_96_97_98_99_100_101_102_103_104_105_106_107_108_109_110_111_112_113_114_115_116_117_118_119_120_121_122_123_124_125_126_127_128_129_130_131_132_133_134_135_136_137_138_139_140_141_142_143_144_145_146_147_148_149_150_151_152_153_154_155_156_157_158_159_160_161_162_163_164_165_166_167_168_169_170_172_173_174_175_176_177_178_179_181_182_184_185_186_187_188_190_191_192_193_194_196_198_199_202_203_208_209_210_211_213_215_216_217_218_219_221_222_223_228_229_232_234_236_239_240_245_247_254  4.68e+08  4.09e+08 245173.23  68776.62  12275.66    864.92     87.24     15.67   2840.66    416.29      0.00 0
6823 14.0      0_1_2_5_6_7_8_9_11_13_14_15_16_19_20_23_24_27_28_29_31_32_35_37_39_40_43_44_45_47_48_51_52_55_57_58_61_62_65_66_69_70_73_74_77_78_79_81_82_85_87_88_91_93_94_97_98_101_102_103_105_106_109_110_113_116_117_119_120_123_124_127_128_129_131_132_135_136_139_140_144_145_148_150_151_157_158_160_161_166_167_171_172_175_181_182_184_189_190_191_195_196_198_200_205_206_211_213_214_217_219_223_226_227_230_231_234_237_242_246_249_250_252_253_254_257_260_261_263_266_267_269_270_273_275_276_277_280_281_283_285_286_287_288_289_290_291_292_293_294_295_296_297_298  3.02e+08  2.63e+08  33066.76 -114938.87  14897.07    689.15     82.90    286.05  -3875.03   1307.14      0.00 0
6824 14.0      140_161_167_172_196_198_211_213_219_230_234_237_242_252_254_257_263_266_269_273_278_280_283_285_288_290_292_296  6.61e+08  5.60e+08  -1138.02  31184.12  10465.24    692.52     71.46     92.09  -2897.45  -8797.81      0.00 0
6825 14.0      12_18_22_25_26_30_33_34_38_42_46_49_50_53_54_59_60_64_68_71_72_75_76_80_83_84_86_90_92_95_96_99_100_104_107_108_112_114_118_121_122_125_126_130_133_137_138_142_149_152_159_163_169_174_180_183_192_201_207_225  1.55e+08  1.34e+08  11526.29 -42896.91  12034.94    654.46     74.84    285.04   1835.73   3364.82      0.00 0
6826 14.0      126_134_147_153_155_165_177_179_186_188  4.79e+08  4.18e+08  -2187.37 -23850.69   8741.05    831.07     69.95    264.76   5227.22   4445.22      0.00 0
6827 14.0      3_4_9_10_12_13_17_18_21_22_25_26_29_30_33_34_35_38_41_42_45_49_50_53_54_55_59_60_63_64_67_68_71_72_75_76_79_83_84_86_89_90_91_95_96_99_100_103_104_107_108_111_112_114_116_117_121_122_125_126_129_130_133_134_137_138_141_142_143_146_147_148_152_153_154_155_158_162_163_164_165_168_169_170_173_174_176_177_178_179_181_182_185_186_187_188_191_192_194_197_199_200_206_210_212_214_220_224_226_227_231_235_238_243_246_249_250_253_258_260_261_267_270_275_276_277_281_284_286_287_289_291_293_294_295_297_298  2.04e+08  1.70e+08  20004.66  87696.53  14037.43    716.14     81.13     77.15   4410.16   5011.96      0.00 0
6828 14.0      19_23_31_37_39_47_48_51_57_61_65_69_70_73_74_77_81_85_87_93_94_97_98_101_105_109_113_115_119_127_135_139_149_156_160_166_171_180_189_195_201_204_225  1.20e+08  9.63e+07   9178.79  36650.57  11782.39    605.62     72.68     75.94  -1870.21   3763.56      0.00 0
6829 14.0      0_1_2_3_4_5_6_7_8_9_10_11_12_13_14_15_16_17_18_19_20_21_22_23_24_25_26_27_28_29_30_31_32_33_34_35_36_38_39_40_41_42_43_44_45_46_49_50_51_52_53_54_55_56_59_60_61_63_64_65_66_67_68_71_72_75_76_77_78_79_80_83_84_86_87_89_90_91_92_95_96_99_100_101_102_103_104_107_108_111_112_114_115_116_117_118_121_122_125_126_127_129_130_133_137_138_141_142_146_148_149_152_153_156_157_158_159_162_163_168_169_173_174_180_181_182_183_185_189_191_192_197_199_200_201_204_206_207_212_214_220_224_225_226_227_231_235_238_243_246_250_253_255_258_260_261_264_267_270_271_274_275_277_279_281_284_287_289_291_293_295_298  4.79e+08  4.15e+08   7848.31 -85086.63  13793.61    730.13     80.83    275.27   1518.57   -730.11      0.00 0
6830 14.0      19_27_36_39_43_46_51_56_57_61_65_73_77_80_81_87_93_97_105_119_123  1.05e+08  9.14e+07  21319.83   3928.31   9502.75    640.00     66.33     10.44  -2293.75   1981.12      0.00 0
6831 14.0      128_140_151_161_167_172_175_184_198_217  1.20e+08  1.03e+08  21496.10  -3891.00   9525.87    640.55     66.44    349.74  -4122.87  -4619.63      0.00 0
6832 14.0      0_1_2_3_4_5_6_7_8_9_10_11_12_13_14_15_16_17_18_19_20_21_22_23_24_25_26_27_28_29_30_31_32_33_34_35_36_37_38_39_40_41_42_43_44_45_46_47_48_50_51_52_53_54_55_56_57_58_60_61_62_64_65_66_67_68_69_70_73_74_77_78_79_80_82_84_88_90_91_92_94_102_104_106_108_110_112_116_118_120_128_130_136_140_142_151_157_159_161_167_169_172_174_181_184_190_196_198_205_211_213_217_219_223_230_234_237_242_252_254_257_263_269_273_278_283_285_292  1.38e+08  1.16e+08 -25282.51 -55272.76  12620.25    738.42     78.27    245.42  -2714.16  -5060.67      0.00 0
6833 14.0      128_136_140_145_151_157_161_167_172_175_181_182_184_190_196_198_200_205_206_211_213_217_219_223_226_227_230_231_234_237_238_242_246_249_250_252_253_254_257_258_260_261_263_266_267_269_270_273_274_275_276_277_278_279_280_281_283_284_286_287_288_289_290_291_293_294_295_298  5.25e+08  4.39e+08 -72279.48  55542.21  14241.92    692.33     81.12    142.46  -4254.68  -6073.30      0.00 0
6834 14.0      161_167_172_181_184_190_196_198_200_205_211_213_219_226_227_230_237_246_249_250_260_261_267  2.00e+08  1.65e+08 -19789.17  18648.37  10209.75    654.79     69.42    136.70  -1519.88  -7000.45      0.00 0
6835 14.0      0_1_2_3_4_5_6_7_8_10_11_12_14_15_16_18_19_20_22_23_24_26_27_30_31_32_34_36_37_39_42_43_46_47_48_51_52_54_56_57_58_60_61_64_65_68_69_70_73_74_77_80_81_82_84_85_87_90_92_93_94_96_97_98_101_104_105_108_109_112_113_115_118_119_120_122_123_124_127_130_131_132_135_138_142_144_145_147_149_151_153_156_159_163_169_174_175_177_183_186_192  2.19e+08  1.92e+08 -62654.42 -42595.89  13686.47    691.08     79.76    214.21  -3312.21    353.10      0.00 0
6836 14.0      177_179_186_210  1.15e+08  9.62e+07  12880.20 -18532.17   9329.76    688.15     67.54    304.80   5047.79   5022.82      0.00 0
6837 14.0      81_87_93_97_105_119_123_131_144  6.17e+08  5.15e+08  18557.56   7900.16   8878.85    698.42     66.24     23.06  -4281.48   1534.44      0.00 0
6838 14.0      92_101_104_109_112_115_118_127_130_135_138_139_142_149_150_156_159_160_163_166_169_171_174_180_183_186_189_192_195  1.02e+08  8.45e+07 -38436.06  -3038.48  11582.02    643.35     73.28    184.52   -373.55   4762.25      0.00 0
6839 14.0      20_28_35_40_44_45_52_55_58_62_63_66_67_74_78_79_82_88_89_91_94_98_102_103_106_107_110_111_116_117_120_124_128_129_132_136_137_140_141_145_148_151_152_157_158_161_162_167_168_172_173_175_176_181_182_184_185_190_191_196_197_198_199_200_203_205_206_211_212_213_214_217_218_219_220_223_224_226_227_228_230_231_233_234_235_237_238_241_242_243_244_245_246_248_249_250_251_252_253_254_255_256_257_258_259_260_261_262_263_264_265_266_267_268_269_270_271_272_273_274_275_276_277_279_280_281_282_284_287_289_291  8.32e+08  7.06e+08 -156314.48  54342.71  14769.69    734.67     84.90    160.83   4535.25  -7865.85      0.00 0
6840 14.0      0_1_2_3_4_5_6_7_8_9_10_11_12_13_14_15_16_17_18_19_20_21_22_23_24_25_26_27_28_29_30_31_33_34_35_36_37_38_39_41_42_43_45_46_47_49_50_51_53_54_56_57_59_60_61_63_64_65_67_68_69_71_72_73_75_76_77_80_81_83_84_86_87_89_90_92_93_95_96_99_100_101_104_105_107_109_111_114_115_119_121_123_125_127_133_134_135_137_139_143_144_146_150_152_154_160_162_164_166_171_176_178_185_187_193_199_202_203_209_215_218_228_229_232_233_241_245_247_248_251_262_265_268_282  2.51e+08  2.15e+08 -49901.70  40150.68  13030.89    703.80     78.50    141.18   3347.51  -1466.34      0.00 0
6841 14.0      11_15_19_23_24_27_31_32_37_39_43_47_48_51_57_58_61_65_69_70_73_74_77_81_82_85_87_92_93_94_97_98_101_105_106_109_113_115_118_119_120_123_124_127_131_132_135_136_139_145_149_150_151_156_160_166_171_175_180_183_184_189_195_201_204_207_225  1.41e+08  1.22e+08  13425.43  43130.60  11346.37    771.49     75.90     72.71  -1874.06   3589.26      0.00 0
6842 14.0      0_1_2_3_4_5_6_7_8_9_10_11_12_13_14_15_16_17_18_19_20_21_22_23_24_25_26_27_28_29_30_31_32_33_34_35_36_37_38_39_40_41_42_43_44_45_46_47_48_49_50_51_52_53_54_55_56_57_58_59_60_61_62_63_64_65_66_67_68_69_70_71_72_73_74_75_76_77_78_79_80_81_82_83_84_85_86_87_88_89_90_92_93_94_95_96_97_98_99_100_101_102_104_105_106_108_110_112_113_114_118_119_120_122_123_124_126_130_131_132_133_134_136_138_140_142_143_145_147_151_153_155_161_163_165_169_170_174_175_177_179_184_186_188_194_208_210_216_217_222_240  5.25e+08  4.65e+08 -96118.53 -46900.91  14498.33    713.48     82.28    206.01   3156.34   2050.91      0.00 0
6843 14.0      0_1_2_3_4_5_6_7_8_9_10_11_12_13_14_15_16_17_18_20_21_22_24_25_26_28_29_30_32_33_34_35_38_40_41_42_44_45_48_49_50_52_53_54_55_58_60_62_64_66_72_74_76_78_79_82_84_88_91_94_96_102_106_108_110_120_128_136_140_151_161_167_172_184_198_211_217_223_234  5.89e+08  5.14e+08 -23049.22 -26768.82  10530.76    756.48     73.40    229.27  -1479.88  -2410.03      0.00 0
6844 14.0      0_1_2_3_4_5_6_7_10_11_12_14_15_16_17_18_19_22_23_24_25_26_27_30_31_32_34_36_37_38_39_42_43_46_47_48_50_51_54_56_57_60_61_64_65_68_69_70_71_72_73_74_76_77_80_81_84_85_86_87_90_92_93_96_97_98_100_101_104_105_108_112_113_114_119_122_123_126_131_132_134_138_144_147_153_155_163_165_177_179_186_188_194_210_216_240  5.89e+08  5.12e+08 -52856.45 -10331.71  12542.76    684.26     76.89    191.06   1780.85   1849.06      0.00 0
6845 14.0      0_1_2_3_4_5_6_7_8_9_10_11_12_13_14_15_17_18_19_21_22_25_26_27_29_30_31_33_34_36_39_41_42_43_45_46_51_53_56_59_61_63_65_67_77_80_83_87_92_101_109_115_127  1.58e+08  1.43e+08  -9908.40  20225.55   8582.38    820.54     69.14    116.10   -198.65   1312.36      0.00 0
6846 14.0      0_1_2_3_4_6_7_10_11_12_14_15_18_19_22_23_25_26_27_30_31_34_36_37_38_39_42_43_46_47_50_51_54_56_57_60_61_64_65_68_69_71_72_73_76_77_80_81_84_86_87_90_92_93_96_97_100_101_104_105_108_109_112_114_119_122_123_126_131_134_138_143_144_147_153_155_165_170_177_179_188_194_208_210_216_222_236_240  1.62e+08  1.34e+08  51725.12    415.28  12303.98    697.73     76.62      0.46   3315.22   1727.56      0.00 0
6847 14.0      0_1_2_3_4_5_6_8_9_10_11_12_13_14_16_17_18_20_21_22_24_25_26_28_29_30_32_33_34_35_38_40_41_42_44_45_49_50_52_53_54_55_58_59_60_62_63_64_66_67_68_71_72_75_76_78_79_82_83_84_86_88_89_90_91_95_96_99_100_102_103_106_107_108_110_111_114_116_117_120_121_122_125_126_128_129_133_134_136_137_138_140_141_143_146_147_148_151_152_153_154_155_157_158_161_162_163_164_165_167_168_170_172_177_178_179_181_182_184_186_187_188_190_191_193_194_196_198_200_205_208_210_211_213_216_217_219_222_223_226_230_234_236_237_240_242_252_254_257_263_269_273_278_285  2.57e+08  2.18e+08 -71603.05 -71229.11  14176.36    740.81     82.01    224.85   6497.79   3107.67      0.00 0
6848 14.0      0_1_2_3_4_5_6_7_8_9_10_11_12_13_14_15_16_17_18_19_20_21_22_23_24_25_26_27_28_29_30_31_32_33_34_35_36_37_38_39_40_41_42_43_44_45_46_47_48_49_50_51_52_53_54_55_56_57_58_59_60_61_62_63_64_66_67_68_69_70_71_72_73_74_75_76_78_79_80_81_82_83_84_85_86_88_89_90_91_94_95_96_97_98_99_100_102_103_106_107_108_110_111_113_114_116_117_120_121_122_124_125_126_128_129_131_132_133_134_136_137_138_140_141_143_145_146_147_148_151_152_153_154_155_157_158_161_162_164_165_167_168_170_172_173_175_176_177_178_179_181_182_184_185_187_188_190_193_194_196_198_202_203_208_209_210_211_215_216_217_219_221_222_223_229_232_234_236_239_240_247  1.26e+08  1.04e+08 147144.39  45661.38  15459.34    647.78     84.27     17.24   4935.91   -299.96      0.00 0
6849 14.0      0_1_2_3_4_5_6_7_8_9_10_11_12_13_14_15_16_17_18_19_20_21_22_23_24_25_26_27_28_29_30_31_32_33_34_35_36_37_38_39_40_41_42_43_44_45_46_47_48_49_50_51_52_53_54_55_56_57_58_59_60_61_62_63_64_65_66_67_68_69_70_71_72_73_74_75_76_77_78_79_80_81_82_83_84_85_86_87_88_89_90_91_92_93_94_95_96_97_98_99_100_101_102_103_104_105_106_107_108_109_110_111_112_113_114_115_116_117_118_119_120_121_122_123_124_125_127_128_129_130_131_132_135_136_137_138_139_140_141_142_144_145_148_149_150_151_152_156_157_158_159_160_161_162_163_166_167_168_169_171_172_173_174_175_180_181_182_183_184_189_190_191_192_195_196_197_198_199_200_201_204_205_206_207_211_212_213_214_217_219_220_223_224_225_226_227_230_231_234_235_237_238_242_243_246_249_250_252_253_254_255_257_258_260_261_263_264_266_267_269_270_273_274_275_276_277_278_279_280_281_283_284_285_286_287_288_289_290_291_292_293_294_295_296_297_298  1.12e+08  9.23e+07  23400.01 -210606.47  14631.84    681.60     86.05    276.34  -1246.19    739.87      0.00 0
6850 14.0      121_125_133_137_141_143_146_152_154_162_164_165_168_170_173_176_178_185_187_188_193_194_197_199_202_203_208_209_210_212_214_215_216_218_220_221_222_224_228_229_231_232_233_235_236_238_239_240_241_243_244_245_247_248_250_251_253_255_256_258_259_261_262_264_265_267_268_270_271_272_274_275_277_279_281_282_284_286_287_289_291_293_294_295_297_298  2.88e+08  2.45e+08 -47543.30 -87236.80  14440.62    696.81     81.73    241.41   6083.66  -4682.32      0.00 0
6851 14.0      91_102_103_110_111_116_117_120_128_129_136_137_140_141_145_148_151_157_158_161_162_167_168_172_173_175_181_182_184_185_190_191_196_197_198_199_200_203_205_206_211_212_213_214_217_218_219_220_223_224_226_227_228_230_231_233_234_235_237_238_241_242_243_244_246_248_250_251_253_254_255_256_258_259_262_264_265_268_271_272_282  8.51e+08  7.17e+08 -75918.73   6788.92  13385.07    738.54     80.04    174.89  -4366.07  -5447.05      0.00 0
6852 14.0      61_65_77_81_87_92_93_97_101_105_109_115_118_119_123_127_130_131_135_139_144_149_150_156_159_160_166_169_171_174_180_183_189_192_195_201_204_207_225  3.47e+08  3.03e+08 -56023.32 -34857.88  12718.17    768.34     79.09    211.89  -4032.11   3472.10      0.00 0
6853 14.0      0_1_2_3_4_5_6_7_8_9_10_11_12_13_14_15_16_17_18_19_20_21_22_23_24_25_26_27_28_29_30_31_32_33_34_35_36_37_38_39_40_41_42_43_44_45_46_47_48_49_50_51_52_53_54_55_56_57_58_59_60_61_62_63_64_65_66_67_68_69_70_71_72_73_74_75_76_77_78_79_80_81_82_83_84_85_86_87_88_89_90_91_93_94_95_96_97_98_99_100_101_102_103_105_106_107_108_109_110_111_113_114_116_117_119_120_121_122_123_124_125_126_128_129_131_132_133_134_135_136_137_140_141_143_144_145_146_147_148_150_151_152_154_155_157_158_161_162_164_165_167_168_170_172_173_175_176_178_179_181_182_184_185_187_188_190_191_193_194_196_197_198_199_200_202_203_205_206_208_209_210_211_212_213_214_215_216_217_218_219_220_221_222_223_224_228_229_232_233_234_235_236_239_240_241_244_245_247_248_251_255_256_259_262_265_268_272_282  2.63e+08  2.25e+08 214725.58 -20524.41  13495.37    828.23     86.42    354.54   3944.78  -2376.55      0.00 0
6854 14.0      0_1_2_6_7_8_11_14_15_16_19_20_23_24_27_28_30_31_32_36_37_39_40_43_44_46_47_48_51_52_56_57_58_61_62_65_66_69_70_73_74_77_80_81_82_85_87_88_92_93_94_97_98_101_102_104_105_106_109_110_113_115_118_119_120_123_124_127_128_131_132_135_136_139_140_144_145_149_150_151_156_159_160_161_166_167_171_172_175_180_183_184_189_192_195_196_198_201_204_207_211_213_217_219_223_225_234_237_242_254_257_263_273_278_285_292  1.15e+08  9.45e+07 -32175.89 -116180.00  14887.52    692.29     82.96    254.52  -3507.09    856.88      0.00 0
6855 14.0      0_3_4_5_6_9_10_12_13_14_17_18_21_22_25_26_29_30_33_34_35_36_38_41_42_45_46_49_50_53_54_55_56_59_60_63_64_67_68_71_72_75_76_79_80_83_84_86_89_90_91_92_95_96_99_100_103_104_107_108_111_112_114_117_118_121_122_125_126_129_130_133_134_137_138_141_142_143_146_147_148_149_152_153_154_155_158_159_162_163_164_165_168_169_170_173_174_176_177_178_179_182_183_185_186_187_188_191_192_193_194_197_199_200_201_202_203_206_207_209_212_214_218_220_224_227_228_231_233_235_238_241_243_244_246_250_251_253_255_256_258_259_261_264_267_270_271_272_274_275_277_279_281_284_287_289_291_293_295_298  2.40e+08  1.99e+08   3008.38 -109065.45  13996.28    795.52     82.69    271.58   3371.35  -8183.39      0.00 0
6856 14.0      110_128_136_140_157_161_167_172_181_190_196_200_205_213_226_230_237_246_249_252_260  2.63e+08  2.21e+08   8885.42 -21621.88   9118.78    744.20     68.69    292.34  -1664.19  -6284.17      0.00 0
6857 14.0      101_105_109_115_118_119_127_135_139_144_149_150_156_159_160_166_171_183  6.76e+08  5.79e+08 -22687.48 -10666.25   9558.16    711.25     69.13    205.18  -2178.36   4004.16      0.00 0
6858 14.0      110_116_117_120_128_136_140_145_148_151_157_158_161_167_168_172_175_181_182_184_190_191_196_197_198_200_205_206_211_212_213_214_217_219_220_223_224_226_227_230_231_234_235_237_238_242_243_244_246_249_250_252_253_254_255_256_257_258_259_260_261_263_264_266_267_269_270_271_272_273_274_275_276_277_278_279_280_281_283_284_285_286_287_288_289_291_293_295  4.17e+08  3.45e+08 110209.22 -46599.55  14437.60    754.40     83.12    337.08  -3382.77  -6705.23      0.00 0
6859 14.0      60_71_72_76_84_86_90_96_99_100_108_112_114_122_125_126_130_133_134_138_142_143_146_154_164_178  3.39e+08  2.91e+08  10030.18 -25580.86   9784.11    728.13     70.40    291.41   3598.83    771.53      0.00 0
6860 14.0      116_117_129_141_148_157_158_162_167_168_172_173_181_182_190_191_196_197_199_200_205_206_211_213_219_223_226_230_234_237_242_254_263  4.68e+08  4.29e+08 -32016.70  -9935.32  10389.87    747.79     72.78    197.24  -1702.31  -6449.71      0.00 0
6861 14.0      196_205_211_213_219_226_227_230_234_237_246_249_250_252_260_261  1.55e+08  1.27e+08  18133.69 -12603.24   9111.10    711.59     67.58    325.20  -1417.19  -7681.81      0.00 0
6862 14.0      17_21_25_26_33_38_41_45_49_50_53_59_60_63_67_71_72_75_76_79_83_86_89_95_96_99_100_103_107_114_122_126_134_147  2.09e+08  1.82e+08 -10092.80 -18014.62   8129.79    853.19     68.51    240.74   2567.58   -278.58      0.00 0
6863 14.0      20_23_24_31_32_37_40_47_48_52_57_58_62_66_69_70_73_74_81_82_85_88_93_94_97_98_102_105_106_110_113_119_120_123_124_128_131_132_135_136_144_150_160  1.55e+08  1.27e+08 -13670.13  35134.53  11713.45    613.69     72.74    111.26  -3336.52    777.35      0.00 0
6864 14.0      33_38_41_45_49_53_59_63_67_71_72_75_79_83_86_89_91_95_99_100_103_107_111_114_116_117_121_125_126_129_133_134_137_141_143_146_148_152_155_157_158_162_168_173_181_182_190_191_197_200_205_206_213_214_226_227_230_231_237_246_249_250_252_257_260_261_266_269_273_276_280_283_288_290_292_296  2.24e+08  1.87e+08 -22942.29 -40173.22  11723.45    723.89     75.78    240.27    742.25  -5519.50      0.00 0
6865 14.0      75_83_86_89_95_99_100_103_107_111_114_117_121_125_126_129_133_134_137_141_143_146_147_148_152_154_155_158_162_164_165_168_170_173_176_177_178_179_182_185_187_188_191_193_194_197_199_200_202_203_206_208_209_210_212_214_215_216_218_220_221_222_224_226_227_228_229_231_232_233_235_236_238_239_240_241_243_244_245_246_247_248_249_250_251_253_255_256_258_259_260_261_262_264_265_266_267_268_270_271_272_274_275_276_277_279_280_281_282_284_286_287_288_289_290_291_293_294_295_296_297_298  1.12e+08  9.50e+07  78690.49 144448.56  15462.17    645.22     84.63     61.42   4736.76  -5803.65      0.00 0
6866 14.0      141_168_173_197_199_212_220_224_235_243_244_255_259_264_271_279  1.00e+08  8.39e+07 -12722.61  18854.95   9300.94    697.22     67.76    124.01   4079.64  -6962.45      0.00 0
6867 14.0      3_5_8_9_13_16_17_20_21_25_28_29_32_33_35_40_41_44_45_49_52_53_55_58_59_62_63_66_67_71_74_75_78_79_82_83_86_88_89_91_94_95_99_102_103_106_107_110_111_114_116_117_120_121_124_125_128_129_133_136_137_140_141_143_145_146_148_151_152_154_157_161_162_164_167_170_172_175_176_178_184_185_187_193_198_202_208_209_215_217_221_229_232_236_239  2.04e+08  1.71e+08 -60719.04 -11560.81  13363.76    639.20     77.80    190.78    128.01  -2833.24      0.00 0
6868 14.0      31_37_39_47_51_57_61_65_69_70_73_77_81_85_87_92_93_97_98_101_105_109_113_115_119_123_124_127_131_132_135_139_144_145_149_156  2.69e+08  2.27e+08 -26079.36 -31502.13  11349.27    710.84     74.49    230.38  -4290.42    220.29      0.00 0
6869 14.0      1_6_7_10_11_14_15_19_22_23_27_30_31_36_37_39_42_43_46_47_51_54_56_57_61_64_65_68_69_70_73_77_80_81_84_87_90_92_104_108_112_118_130_138_142_163_169_174_186  5.25e+08  4.44e+08 -22945.91 -17843.61  10139.38    703.10     70.77    217.87   1046.17   2909.90      0.00 0
6870 14.0      38_49_71_72_75_86_95_99_114_125_133_146_154_164_178_187_209_215_232  8.51e+08  7.44e+08  15751.74  -7509.82   7508.09    867.62     66.72    334.51   4778.72  -1468.22      0.00 0
6871 14.0      185_199_212_218_224_235_241_243_244_255_259_264_271_274_279  6.31e+08  5.54e+08  -2436.57 -21352.38   8910.63    729.75     67.48    263.49   4426.58  -7272.73      0.00 0
6872 14.0      0_1_2_3_4_5_6_7_8_9_11_12_13_14_15_16_17_19_20_21_23_24_27_28_29_31_32_33_35_37_39_40_41_44_45_47_48_51_52_53_55_57_58_59_61_62_63_65_66_67_69_70_73_74_78_79_81_82_83_85_87_88_89_91_93_94_97_98_102_103_105_106_107_109_110_111_113_116_117_119_120_123_124_128_129_131_132_135_136_137_141_144_148_150_157_158_160_162_168_173_181_182_185_191_197_199_206_212_214_218_220_224_231_235_238_241_243_244_255_256_258_259_264_271_272_279  1.05e+08  8.55e+07 -53654.79  57116.56  13930.78    672.13     79.92    133.21  -3942.54   1290.92      0.00 0
6873 14.0      0_1_2_3_4_5_6_7_8_9_10_11_12_13_14_15_16_17_18_19_20_21_22_23_24_25_26_27_28_29_30_31_32_33_34_35_36_37_38_40_41_42_43_44_45_46_47_48_49_50_52_53_54_55_56_58_59_60_62_63_64_66_67_68_69_70_71_72_74_75_76_78_79_80_82_83_84_86_88_89_90_91_94_95_96_98_99_100_102_103_106_107_108_110_111_112_114_116_117_120_121_122_124_125_126_128_129_133_134_136_137_138_140_141_142_143_145_146_147_148_151_152_153_154_155_157_158_161_162_163_164_165_167_168_170_172_175_177_178_179_181_182_184_186_187_188_190_191_193_194_196_198_200_205_208_210_211_213_216_217_219_221_222_223_226_230_234_236_237_240_242_252_254_257_263_269_273_278_285  5.25e+08  4.37e+08  95983.66  83437.30  15007.68    687.20     83.27     41.00   1650.10  -1125.36      0.00 0
6874 14.0      0_3_4_5_8_9_10_12_13_17_18_20_21_22_25_26_28_29_33_34_35_38_40_41_42_44_45_49_50_53_54_55_59_60_62_63_64_66_67_71_72_75_76_78_79_83_84_86_88_89_91_95_96_99_100_102_103_107_108_110_111_114_116_117_121_122_125_126_128_129_133_134_137_138_140_141_143_147_148_153_155_157_158_163_165_167_168_172_177_179_181_182_186_188_190_191_196_200_205_206_210_211_213_219_226_227_230_234_237_242_246_249_252_254_257_260_263_266_269_273_276_278_280_283_285_288_290_292  2.45e+08  2.12e+08  34979.79  56615.02  12803.39    759.27     79.11     58.29    318.09  -4070.88      0.00 0
6875 14.0      88_91_102_106_110_116_117_120_128_129_136_140_141_145_148_151_157_158_161_167_168_172_173_175_181_182_184_190_191_196_197_198_206_212_214_220_235  6.03e+08  5.33e+08  34318.47 -11369.68  10654.07    749.97     73.58    341.67  -1491.17  -4504.34      0.00 0
6876 14.0      213_219_226_227_230_234_237_242_246_249_250_252_254_257_263  5.13e+08  4.32e+08 -23433.73   1470.22   9624.98    663.69     67.71    176.41  -2419.10  -8146.30      0.00 0
6877 14.0      15_19_23_24_27_31_37_39_43_47_48_51_56_57_58_61_65_69_70_73_74_77_81_85_87_92_93_94_97_98_101_105_109_113_115_118_119_120_123_124_127_131_132_135_139_144_145_149_150_151_156_159_160_166_171_175_180_183_184_189_192_195_201_204_207_217_225  9.12e+08  7.60e+08 -55128.68 -92699.78  14371.59    734.43     82.41    239.26  -3110.89   3826.98      0.00 0
6878 14.0      2_3_5_8_9_11_13_16_17_20_21_24_28_29_32_33_35_37_40_41_44_45_48_49_52_53_55_58_59_62_63_66_67_70_74_75_78_79_82_83_85_88_89_91_94_95_98_103_106_107_111_121_124_125_129_132_137_141_146_152_154_162_176_178_185_202_203_209_218_228_229_232_233_245_247_248_262  3.63e+08  3.14e+08 -38088.57  10742.09  10982.39    750.74     74.49    164.25   2795.36  -2701.22      0.00 0
6879 14.0      9_17_21_25_29_33_41_49_53_59_63_67_75_83_89_95_99_107_121_125_137_146_152_154_162_176_178_185_202_203_209_218_228_229_233_245_247_248_251_262_265_282  1.05e+08  8.98e+07 -32469.75  20100.73  10928.60    737.76     74.03    148.24   6298.83  -4237.72      0.00 0
6880 14.0      0_2_3_4_5_8_9_10_12_13_17_18_20_21_22_25_26_28_29_33_34_35_38_40_41_44_45_49_50_53_54_55_59_60_62_63_66_71_72_75_76_78_83_84_86_96_99_100_114_122_126_134_143_147_155_165_177_179_188_210  4.68e+08  4.02e+08 -25834.53 -17656.18   9902.24    789.70     72.44    214.35   3314.11    953.24      0.00 0
6881 14.0      0_1_2_3_4_5_6_7_8_9_10_11_12_13_14_15_16_17_18_19_20_21_22_23_24_25_26_27_28_29_30_31_32_33_34_35_36_37_38_40_41_42_44_45_46_47_48_49_50_52_53_54_55_58_59_60_62_63_64_66_67_68_69_70_71_72_74_75_76_78_79_82_83_84_85_86_88_89_90_91_94_95_96_98_99_100_102_103_106_107_108_110_111_112_114_116_117_120_121_122_124_125_126_128_129_132_133_134_136_137_138_140_141_143_145_146_147_148_151_152_153_154_155_157_158_161_162_163_164_165_167_168_170_172_173_175_176_177_178_179_181_182_184_185_186_187_188_190_191_193_194_196_197_198_199_200_202_203_205_206_208_209_210_211_212_213_214_215_216_217_218_219_220_221_222_223_224_226_227_228_229_230_231_232_233_234_235_236_237_238_239_240_241_242_243_244_245_246_247_248_249_250_251_252_253_254_255_256_257_258_259_260_261_262_263_264_265_266_267_268_269_270_271_272_273_274_275_276_277_278_280_281_282_283_284_285_286_287_288_289_290_292_293_294_296  1.95e+08  1.75e+08 230109.42 155386.16  12754.18    695.03     87.37     34.03   3787.26  -2555.46      0.00 0
6882 14.0      3_5_8_9_12_13_17_21_25_26_28_29_33_34_35_38_40_41_44_45_49_50_53_55_59_60_62_63_66_67_71_72_75_76_78_79_83_86_88_89_91_95_96_99_100_102_103_106_107_110_111_114_116_117_121_125_126_128_129_133_134_136_137_140_141_143_146_147_148_152_154_155_157_158_161_162_164_165_167_168_170_172_173_176_177_178_179_181_182_187_188_190_191_193_194_196_198_200_205_208_209_210_211_213_215_216_217_219_221_222_223_230_234_236_237_240_242_254_257_263_278  5.13e+08  4.63e+08  63349.82  48574.91  13344.52    767.61     80.51     37.48   5635.31    321.66      0.00 0
6883 14.0      59_63_67_75_83_89_91_95_99_103_107_111_114_116_117_121_125_129_133_134_137_141_143_146_148_152_154_155_157_158_162_164_165_168_170_173_176_178_181_182_185_187_188_190_191_193_194_197_199_200_202_203_205_206_208_209_210_212_213_214_215_216_218_220_221_222_224_226_227_228_229_230_231_232_236_237_238_239_240_242_246_249_250_252_253_257_260_261_263_266_269_273_275_276_278_280_283_285_288_290_292  1.58e+08  1.33e+08 -47684.02 -50020.68  13008.02    747.07     79.34    226.37   4446.83  -2562.76      0.00 0
6884 14.0      19_31_39_51_57_61_73_81_93_97_105_119_123_131_144  2.19e+08  1.82e+08 -20322.54    -70.94   9253.01    643.87     65.52    180.20  -3677.17   1555.51      0.00 0
6885 14.0      220_224_235_241_243_244_251_255_256_259_265_268_272_282  2.51e+08  2.10e+08  23078.49   3758.57   9323.96    709.31     68.26      9.25   6314.60  -6678.67      0.00 0
6886 14.0      110_128_136_140_157_167_172_181_190_196_205_213_226_230_237_249_252  1.70e+08  1.46e+08   5963.49 -17348.73   7602.53    882.66     67.49    288.97  -1727.28  -6344.66      0.00 0
6887 14.0      0_2_3_5_8_9_13_20_28_29_35_40_44_45_55_62_66_78_79_88_91_102_116_128_148_157  1.15e+08  9.80e+07  -3146.14 -17680.22   7897.95    806.01     66.26    259.91   -484.01  -2975.69      0.00 0
6888 14.0      250_253_261_267_275_277_281_286_287_289_293  1.74e+08  1.55e+08  -7004.39 -13352.71   7011.93    873.97     65.06    242.32    767.88 -10447.95      0.00 0
6889 14.0      0_1_2_3_4_5_6_7_8_9_10_11_12_13_14_15_16_17_18_19_21_22_23_24_25_26_27_29_30_31_33_34_36_37_38_39_41_42_43_46_47_49_50_51_53_54_56_57_59_60_61_63_65_67_69_71_72_73_75_76_77_81_83_86_87_89_93_95_99_105_107_114_119_121_125_133_135_146_150_152_154_164_176_178_187_202_203_209_228_229_232_245_247  2.14e+08  1.79e+08 -34235.97  20384.44  10945.23    761.28     74.64    149.23   2244.74   -746.96      0.00 0
6890 14.0      0_1_2_3_4_5_6_7_8_9_10_11_12_13_14_15_16_17_18_19_20_21_22_23_24_25_26_27_28_29_30_31_32_33_34_35_36_37_38_39_40_41_42_43_44_45_46_47_48_49_50_51_52_53_54_55_56_57_58_59_60_61_62_63_64_65_66_67_68_69_70_71_72_73_74_75_76_77_78_79_80_81_82_83_84_85_86_87_88_89_90_91_92_93_94_95_96_97_98_99_100_101_102_103_104_105_106_107_108_109_110_111_112_113_114_115_116_117_118_119_120_121_122_123_124_125_126_127_128_129_130_131_132_133_134_135_136_137_138_139_140_141_143_144_145_146_148_149_150_152_154_155_156_157_158_160_162_164_165_166_168_170_171_173_176_178_182_185_187_189_191_193_194_195_197_199_202_203_208_209_212_214_215_218_220_221_224_228_229_232_233_235_236_239_241_243_244_245_247_248_251_255_256_259_262_265_268_271_272_282  1.58e+08  1.34e+08 -155368.20  92912.30  14660.75    734.62     85.37    149.12   4896.56  -3219.56      0.00 0
6891 14.0      0_1_2_3_4_5_6_7_8_9_10_11_12_13_14_15_16_17_18_19_20_21_22_23_24_25_26_27_28_29_30_31_32_33_34_35_36_37_38_39_40_41_42_43_44_45_46_47_48_49_50_51_52_53_54_55_56_57_58_59_60_61_62_63_64_65_66_67_68_69_70_71_72_73_74_75_76_77_78_79_80_81_82_83_84_85_86_87_88_89_90_91_92_93_94_95_96_97_98_99_100_101_103_104_105_107_108_109_111_113_114_115_119_121_123_125_126_127_131_132_133_134_135_137_139_141_143_144_146_150_152_154_160_162_164_165_166_170_171_176_178_185_187_193_199_202_203_208_209_215_218_221_228_229_232_233_239_241_245_247_248_251_262_265_268_282  1.51e+08  1.27e+08  83745.82 -45963.54  13646.99    801.52     81.87    331.24   -626.63    692.79      0.00 0
6892 14.0      157_167_172_181_182_190_191_196_197_198_200_205_206_211_212_213_214_217_219_220_223_226_227_230_231_234_235_237_238_242_243_244_246_249_250_252_253_254_255_256_257_258_259_260_261_263_264_266_267_269_270_271_272_274_279  1.55e+08  1.32e+08 -51352.18   6268.87  12057.78    735.91     76.88    173.04  -1828.31  -7405.09      0.00 0
6893 14.0      69_73_85_93_97_98_105_113_119_123_131_135_139_144_150_160_171_195  1.29e+08  1.07e+08   -572.13  25407.22   9174.54    787.10     70.15     91.29  -3635.67   3031.81      0.00 0
6894 14.0      19_27_39_43_51_57_61_65_77_81_87_93_105_109_119_135_139_144_150_160_171  7.94e+08  7.06e+08  22129.59 -18048.45   9888.52    733.94     70.90    320.80  -4124.80   4259.71      0.00 0
6895 14.0      0_2_3_4_5_6_8_9_10_12_13_16_17_18_20_21_22_25_26_28_29_33_34_35_38_40_41_42_44_45_49_50_52_53_54_55_59_60_62_63_64_66_67_71_72_75_76_78_79_83_84_86_88_89_91_96_100_102_108_110_116_122_126_128_140_167  1.95e+08  1.70e+08 -18624.40 -24263.02  10086.07    742.61     71.75    232.49    595.20  -1172.10      0.00 0
6896 14.0      0_1_2_3_4_5_6_7_8_9_10_11_12_13_14_15_16_17_18_19_21_22_23_24_25_26_27_30_31_32_33_34_36_37_38_39_42_43_46_47_48_49_50_51_54_56_57_59_60_61_64_65_68_69_70_71_72_73_75_76_77_80_81_84_85_86_87_90_92_93_96_97_99_100_101_104_105_108_109_112_113_114_119_122_123_126_131_133_134_135_138_143_144_147_150_153_155_164_165_170_177_179_188_193_194_208_210_216_221_222_236_240  8.13e+08  7.23e+08  63326.39  -3019.62  11864.68    896.16     79.40    357.27   5016.46   1200.13      0.00 0
6897 14.0      3_9_12_17_18_21_25_26_29_33_38_41_45_49_53_59_63_67_75_79_83_89_95_103_107_111_117_129_137_141_158_162_168_173_182_191_197_206_212_214_220_227_231_235_238_243_250_253_258_264_267_270_274_281_284_289_291  3.98e+08  3.43e+08  -5771.78  39371.67  11267.64    707.69     74.19     98.34   2200.58  -6288.69      0.00 0
6898 14.0      7_15_19_23_27_31_36_37_39_43_46_47_51_56_57_61_65_69_70_73_77_80_81_85_87_92_101_104_118  2.40e+08  2.05e+08 -12634.42 -14330.93   8354.75    757.78     66.38    228.60  -1044.31   2070.01      0.00 0
6899 14.0      121_125_133_137_141_143_146_152_154_162_164_168_170_173_176_178_185_187_191_193_194_197_199_202_203_206_208_209_212_214_215_216_218_220_221_222_224_227_228_229_231_232_233_235_236_238_239_240_241_243_244_245_246_247_248_249_250_251_253_255_256_258_259_260_261_262_264_265_266_267_268_270_271_272_274_275_276_277_279_280_281_282_284_286_287_288_289_290_291_293_294_295_296_297_298  1.05e+08  8.56e+07  74137.62 107428.48  15217.92    664.14     83.35     55.39   5790.82  -5563.26      0.00 0
