#event_number primary_type du_ids energy_primary em_energy Xmax_pos(x, y, z), Xmax_grams zenith azimuth shower_core_pos_x shower_core_pos_y shower_core_pos_z, N_tested_cores, units are degrees, GeV and meters
104900 5626.0    148_158_168_173_181_182_190_191_196_197_199_200_203_205_206_211_212_213_214_218_219_220_223_224_226_227_228_230_231_233_234_235_237_238_241_242_243_244_245_246_248_249_250_251_252_253_254_255_256_257_258_259_260_261_262_263_264_265_266_267_268_269_270_271_272_273_274_275_276_277_278_279_280_281_282_283_284_285_286_287_288_289_290_291_292_296  1.55e+10  1.31e+10 -93268.28 -17589.51  14167.81    718.70     81.51    190.68   -132.67  -8463.29      0.00 0
104901 5626.0    54_60_64_68_76_84_90_96_104_108_112_118_122_130_138_142_159_169_183_192  1.95e+09  1.61e+09   8372.83 -22334.72   9772.92    649.82     67.72    290.55   1825.56   3645.85      0.00 0
104902 5626.0    0_3_4_5_9_10_12_17_18_22_25_26_34_38_42_49_50_54_60_64_72_76_84_96_100_108_122_126_138_147_153_177_186  3.55e+10  3.10e+10  18118.04  17392.80   9435.18    733.01     69.41     43.83   3004.15   2037.70      0.00 0
104903 5626.0    17_21_25_26_33_34_38_49_50_53_59_60_71_72_75_76_84_86_96_100_108_114_122_126_134_138_147_153_155_163_177_179_186  4.68e+10  4.06e+10 -20425.66 -28435.79  10444.02    765.83     73.39    234.31   4929.14   3675.10      0.00 0
104904 5626.0    0_1_2_3_4_5_6_7_8_9_10_11_12_13_14_16_17_18_20_21_22_24_25_26_28_29_30_32_33_34_35_36_38_40_41_42_44_45_46_49_50_52_53_54_55_58_59_60_62_63_64_66_67_68_71_72_75_76_78_79_82_83_84_86_88_89_90_91_95_96_99_100_102_103_106_107_108_110_111_112_114_116_117_121_122_125_126_128_129_133_134_136_137_138_140_141_142_143_147_148_153_155_157_158_161_163_165_167_168_172_174_177_179_181_182_186_188_190_191_196_198_200_205_206_210_211_213_219_223_226_227_230_234_237_242_246_249_252_254_257_260_263_266_269_273_276_278_280_283_285_288_290_292_296  4.27e+10  3.66e+10 -48677.62 -76261.61  13844.30    747.31     81.30    237.45  -2221.20  -7123.15      0.00 0
104905 5626.0    58_62_66_74_78_82_88_91_94_98_102_106_110_113_116_117_120_124_128_132_136_140_145_148_151_157_158_161_167_172_175_181_182_190_191_196_197_200_205_206_214_220_226_227_231_238_243_250_253_258_264_270_274  4.17e+09  3.50e+09 -30357.91  30827.79  11560.75    710.47     75.04    134.56  -1619.59  -4290.63      0.00 0
104906 5626.0    95_99_107_111_121_125_133_137_143_146_152_154_164_170_178_187_193_194_208_215_221_222_236  1.23e+10  1.05e+10 -22426.19 -14237.58   9636.99    732.59     70.06    212.41   5456.57  -1164.62      0.00 0
104907 5626.0    91_102_116_128_148_157_167_181_182_190_196_200_205_213_226_227_230_237_246_249_252_257_260_261_266_269_275_276_280_283_286_288_290_293_294_296_297  3.80e+09  3.17e+09   3956.10  37018.21  10921.80    723.50     73.65     83.90  -1206.09  -9236.23      0.00 0
104908 5626.0    121_125_133_143_146_152_154_162_164_165_170_173_176_178_185_187_188_193_194_197_199_202_203_208_209_210_212_215_216_218_220_221_222_224_228_229_232_233_235_236_238_239_240_241_243_244_245_248_251_253_255_256_258_259_264_270_271_274_279_281_284_291  5.75e+10  5.00e+10 -15795.92 -46533.29  11752.41    755.07     76.55    251.25   5658.17  -2969.63      0.00 0
104909 5626.0    0_1_2_3_4_5_6_7_8_9_10_11_12_13_14_15_16_17_18_19_20_21_22_23_24_25_26_27_28_29_30_32_33_34_35_36_37_38_40_41_42_43_44_45_46_48_49_50_52_53_54_55_56_58_59_60_62_63_64_66_67_68_71_72_74_75_76_78_79_80_82_83_84_86_88_89_90_91_94_95_96_99_100_102_103_104_106_107_108_110_111_112_114_116_117_120_121_122_125_126_128_129_130_133_134_136_137_138_140_141_142_143_146_147_148_151_152_153_154_155_157_158_161_162_163_164_165_167_168_169_170_172_173_174_176_177_178_179_181_182_184_185_186_187_188_190_191_193_194_196_197_198_199_200_202_203_205_206_208_209_210_211_212_213_214_215_216_217_218_219_220_221_222_223_224_226_227_228_229_230_231_232_233_234_235_236_237_238_239_240_241_242_243_244_245_246_247_248_249_250_251_252_253_254_255_256_257_258_259_260_261_262_263_264_265_266_267_268_269_270_271_272_273_274_275_276_277_278_279_280_281_282_283_284_285_286_287_288_289_290_291_292_293_294_295_296_297_298  1.74e+09  1.39e+09 -153010.56 -250671.52  12411.58    665.82     87.58    238.60    -80.90  -8798.09      0.00 0
104910 5626.0    173_191_197_199_206_212_214_218_220_224_227_231_235_238  1.62e+10  1.39e+10 -17349.62  -9712.28   8649.55    729.04     66.49    209.24   2839.19  -6514.06      0.00 0
104911 5626.0    57_61_81_87_93_101_105_109_127_135_139_156_166_171_189_195  1.35e+10  1.15e+10   -482.73 -19473.55   8672.84    713.16     66.00    268.58  -2187.33   4162.75      0.00 0
104912 5626.0    141_168_173_197_199_212_220_224_235_243_244_255_259_264_271_279  1.62e+10  1.40e+10 -12892.04  17829.30   8916.21    742.90     67.94    125.87   4068.22  -7209.31      0.00 0
104913 5626.0    0_1_2_3_4_5_6_7_8_9_10_11_12_13_14_15_16_17_18_19_20_21_22_23_24_25_26_27_28_29_30_31_32_33_34_35_36_37_38_39_40_41_42_43_44_45_46_47_48_49_50_51_52_53_54_55_56_57_58_59_60_61_62_63_64_65_66_67_68_69_70_71_72_73_74_75_76_77_78_79_80_81_82_83_84_85_86_87_88_89_91_93_94_95_96_97_98_99_100_102_103_105_106_107_109_110_111_113_114_116_117_119_120_121_123_124_125_128_129_131_132_133_134_135_136_137_140_141_143_144_145_146_148_150_151_152_154_157_158_161_162_164_165_167_168_170_172_173_175_176_178_181_182_184_185_187_190_191_193_196_197_198_199_200_202_203_205_206_208_209_211_212_214_215_217_218_220_221_224_228_229_231_232_233_235_236_238_239_241_243_244_245_247_248_251_255_256_259_262_264_265_268_271_272_282  2.45e+10  2.06e+10 183251.91 -61813.55  14643.40    717.88     85.67    341.36   1508.46  -2806.44      0.00 0
104914 5626.0    0_1_2_3_4_5_6_7_8_9_10_11_12_13_14_15_16_17_18_19_20_21_22_23_24_25_26_27_28_29_30_31_32_33_34_35_36_37_38_39_40_41_42_43_44_45_46_47_48_49_50_51_52_53_54_55_56_57_58_60_61_62_64_65_66_68_69_70_71_72_73_74_76_77_78_79_80_81_82_84_85_87_88_90_91_92_93_94_96_97_98_101_102_104_105_106_108_109_110_112_113_115_118_119_120_122_123_124_126_127_128_130_131_132_135_136_138_139_140_142_144_145_147_149_151_153_156_159_161_163_166_167_169_172_174_175_177_180_183_184_186_189_192_196_198_201_204_207_211_217_219_223_225_234_242_254  1.41e+10  1.20e+10 -70406.27 -94216.81  14712.56    710.45     82.87    233.23    900.26   3704.67      0.00 0
104915 5626.0    52_58_62_66_78_82_88_94_98_106_110_120_124_132_145  9.12e+09  7.74e+09  20952.90  -6138.96   9133.24    701.40     67.30    343.67  -3666.02  -1912.90      0.00 0
104916 5626.0    42_43_46_56_61_64_65_68_77_80_84_87_90_92_96_101_104_105_108_109_112_115_118_119_122_126_127_130_135_138_139_142_147_149_150_153_155_156_159_160_163_166_169_171_174_177_179_180_183_186_188_189_192_195_210  3.02e+09  2.49e+09  50912.00  -5144.52  12483.67    665.62     76.29    354.23    292.28   3983.54      0.00 0
104917 5626.0    102_110_116_117_128_129_136_140_141_148_151_157_158_161_162_167_168_172_173_175_181_182_184_185_190_191_196_197_198_199_200_205_206_211_212_213_214_217_218_219_220_223_224_226_227_230_231_233_234_235_237_238_241_242_243_244_248_251_254_255_256_265_268  1.48e+10  1.26e+10 -55013.82   2219.20  12186.03    751.55     77.52    177.69  -3408.02  -5703.08      0.00 0
104918 5626.0    181_182_191_197_200_205_206_212_213_214_219_220_224_226_227_230_231_234_235_237_238_241_242_243_244_246_249_250_251_252_253_254_255_256_257_258_259_260_261_263_264_265_266_267_268_269_270_271_272_273_274_275_276_277_278_279_280_282_283_285  6.31e+09  5.31e+09 -50076.31  -6299.47  11995.96    731.40     76.63    187.17   -285.29  -8295.37      0.00 0
104919 5626.0    23_37_47_48_57_58_69_70_73_74_82_85_94_98_106_120_124_132_136_145_151_161_175_184_198_217  9.12e+09  7.82e+09 -12925.69 -22734.85   9255.90    790.75     70.51    240.38  -4125.04  -2763.74      0.00 0
104920 5626.0    235_241_243_244_248_251_253_255_256_258_259_261_262_264_265_267_268_270_271_272_274_275_277_279_281_282_284_286_287_288_289_291_293_294_295_296_297_298  3.24e+09  2.67e+09  58291.08  44728.32  13326.05    729.39     79.72     37.50   3042.14 -10980.34      0.00 0
104921 5626.0    63_83_89_107_111_121_137_141_152_162_173_176_185_199_203_218_224_233_241_244_248_251_256_265_268_272_282  1.10e+09  8.89e+08 -22301.95  21327.10  10522.99    677.20     71.17    136.28   4932.01  -5129.69      0.00 0
104922 5626.0    0_2_3_5_8_9_11_13_16_17_20_21_24_25_28_29_32_33_35_37_40_41_44_45_48_49_52_53_55_58_59_62_63_66_67_70_71_74_75_78_79_82_83_85_88_89_91_94_95_98_99_102_103_106_107_110_111_113_116_117_120_121_124_125_128_129_132_133_136_137_140_141_145_146_148_151_152_154_157_158_161_162_164_167_168_172_173_175_176_178_181_182_184_185_187_190_191_193_196_197_198_199_200_202_203_205_206_209_211_212_213_214_215_217_218_219_220_221_223_224_226_227_228_229_230_231_232_233_234_235_237_238_239_241_242_243_244_245_246_247_248_249_250_251_252_253_254_255_256_257_258_259_260_261_262_263_264_265_266_267_268_269_270_271_272_273_274_275_276_277_278_279_280_281_282_283_284_285_286_287_289_291  2.75e+09  2.23e+09 -246425.91  25683.00  13895.36    670.24     86.79    174.05   6295.90  -6304.41      0.00 0
104923 5626.0    0_1_2_3_4_5_6_7_8_9_10_11_12_13_14_15_16_17_18_19_20_21_22_23_24_25_26_27_28_29_30_31_32_33_34_35_36_37_38_39_40_41_42_43_44_45_46_47_48_49_50_51_52_53_54_55_56_57_58_59_60_61_62_63_64_65_66_67_68_69_70_71_72_73_74_75_76_77_78_79_80_81_82_83_84_85_86_87_89_90_92_93_94_95_96_97_98_99_100_101_104_105_107_108_109_112_113_114_115_118_119_121_122_123_124_125_126_127_130_131_132_133_134_135_138_139_142_143_144_146_147_149_150_152_153_154_155_156_159_160_163_164_165_166_169_170_171_174_176_177_178_179_180_183_186_187_188_189_192_193_194_195_201_202_204_207_208_209_210_215_216_221_222_229_232_236_239_240_247  2.45e+10  2.10e+10 -186413.08  36167.51  14577.84    732.73     85.61    169.02  -3317.59   2851.45      0.00 0
104924 5626.0    119_135_139_144_150_160_166_171_189_195  2.24e+09  1.85e+09  18498.52  17542.17   9826.93    677.70     68.92     43.48  -4049.49   3896.15      0.00 0
104925 5626.0    9_13_20_21_28_29_33_35_40_41_44_45_49_52_53_55_59_62_63_66_67_75_78_79_82_83_88_89_91_94_95_99_102_103_106_107_110_111_116_117_120_121_124_125_128_129_133_136_137_140_141_145_146_148_151_152_154_157_158_161_162_164_167_168_172_173_175_176_178_181_182_184_185_187_190_191_193_196_197_198_199_200_202_203_205_209_211_212_213_215_217_218_219_221_223_224_228_229_232_233_234_236_239_245_247_248_262  2.95e+09  2.42e+09  81199.01  13325.96  13887.96    699.68     80.42      9.32   -289.59  -3946.34      0.00 0
104926 5626.0    146_152_162_168_173_176_185_197_199_212_214_218_220_224_231_235_238_243_244_250_253_255_258_261_264_267_270_274_275_277_279_281_284_287_289_291_293_295_297_298  2.40e+10  2.08e+10  14907.26  44016.29  11604.04    745.80     75.98     71.29   2034.65 -10635.14      0.00 0
104927 5626.0    0_1_2_4_5_6_7_8_10_11_13_14_15_16_19_20_23_24_27_28_30_31_32_35_36_37_39_40_43_44_46_47_48_51_52_56_57_58_61_62_65_66_69_70_73_74_77_78_80_81_82_85_87_88_92_94_98_101_102_105_106_109_110_115_118_120_127_128_136_140_149_151_156_161_167_172_196_198_211_219_234  7.41e+09  6.23e+09  -9367.27 -38778.90  11334.06    698.85     74.14    256.42  -1646.03   -802.29      0.00 0
104928 5626.0    94_97_98_113_120_123_124_131_132_136_144_145_151_161_175_184  2.19e+10  1.90e+10  -3749.43  23566.45   9088.48    762.40     69.15     99.04  -4251.79  -1321.49      0.00 0
104929 5626.0    10_12_14_18_22_25_26_27_30_34_36_38_39_42_43_46_49_50_54_56_60_64_65_68_71_72_75_76_77_80_84_86_87_90_92_96_99_100_101_104_108_109_112_114_115_118_122_126_127_130_133_134_139_143_149_154_156_159_164_166_171_180_189_195_204  1.02e+09  8.30e+08  31575.75 -30996.93  11773.34    690.63     75.10    315.53   -216.55   3752.98      0.00 0
104930 5626.0    0_1_3_4_6_7_10_12_14_15_17_18_19_22_25_26_27_30_31_33_34_36_38_39_42_43_46_49_50_51_54_56_57_59_60_61_64_65_68_71_72_75_76_77_80_81_84_86_87_90_92_93_95_96_99_100_101_104_105_108_109_112_114_115_118_119_122_125_126_127_133_134_135_139_143_144_150_154_155_156_160_164_165_166_170_171_178_187_193_194_195_208_209_215_221_229_232_239_247  5.89e+10  5.13e+10 -46070.32  26288.70  12060.83    750.03     77.19    150.29    615.43   1999.45      0.00 0
104931 5626.0    92_101_104_109_112_115_118_127_130_138_139_142_149_156_159_163_166_169  7.94e+10  6.98e+10 -21944.89   1369.12   8847.86    754.69     68.08    176.43    608.41   4251.69      0.00 0
104932 5626.0    89_91_95_103_107_111_116_117_121_125_128_129_133_137_141_146_148_152_154_157_158_162_164_167_168_170_172_173_176_178_181_182_185_187_190_191_193_196_197_199_200_202_203_205_206_208_209_211_212_213_214_215_218_219_220_221_223_224_226_227_228_229_230_231_232_234_236_237_238_239_242_246_249_250_252_254_257_260_263_266_269_273_276_278_280_283_285_290_292  6.17e+10  5.32e+10  62725.67  42900.94  13372.34    739.01     80.02     34.37  -3305.73  -8619.85      0.00 0
104933 5626.0    200_205_206_212_213_214_220_224_226_227_230_231_235_237_238_241_242_243_244_246_249_250_251_252_253_254_255_256_257_258_259_260_261_263_264_265_266_267_268_269_270_271_272_273_274_275_276_277_278_279_280_281_282_283_284_285_286_287_288_289_290_291_292_293_294_295_296_297_298  8.71e+10  7.57e+10 -131487.19 -20167.34  14474.61    770.51     83.79    188.72   4756.20  -9875.84      0.00 0
104934 5626.0    0_1_2_3_4_5_6_7_8_9_10_11_12_13_14_15_16_17_18_19_20_21_22_23_24_25_26_27_28_29_30_31_32_33_34_35_36_37_38_39_40_41_42_43_44_45_46_47_48_49_50_51_52_53_54_55_56_57_58_59_61_62_63_65_66_67_68_69_70_71_73_74_75_77_78_79_80_81_82_83_85_87_88_89_91_92_93_94_95_97_98_101_102_103_105_106_107_109_110_111_113_115_116_117_119_120_121_123_124_127_128_129_131_132_135_136_137_139_140_141_144_145_148_150_151_152_156_157_158_160_161_162_166_167_168_171_172_173_175_181_182_184_185_189_190_191_195_196_197_198_199_200_205_206_211_212_213_214_218_219_220_224_226_227_230_231_235_237_238_241_243_244_246_249_250_252_253_255_256_258_259_260_261_264_266_267_270_271_272_274_275_276_277_279_281_284_286_287_289_291_293_295_298  2.24e+10  1.90e+10  71381.97 -135216.31  14695.80    749.10     84.51    297.83    506.00  -5464.68      0.00 0
104935 5626.0    214_231_238_253_258_267_270_274_281_284_289_291  2.24e+10  1.92e+10   7947.51 -27992.65  10008.23    725.23     71.02    285.85   3163.64 -11212.25      0.00 0
104936 5626.0    0_1_2_3_4_5_6_7_8_9_10_11_12_13_14_15_16_17_18_19_20_21_22_23_24_25_26_27_28_29_30_31_32_33_34_35_36_37_39_40_41_42_43_44_45_46_47_48_51_52_54_55_56_57_58_61_62_64_65_66_67_68_69_70_73_74_77_78_79_80_81_82_85_87_88_90_91_92_93_94_97_98_101_102_103_104_105_106_109_110_112_113_115_116_117_118_119_120_123_124_127_128_130_131_132_135_136_139_140_144_145_148_149_150_151_156_157_159_160_161_166_167_169_171_172_175_180_181_182_183_184_189_190_192_195_196_198_200_201_204_205_207_211_213_217_219_223_225_226_227_230_234_237_242_246_249_252_254_257_260_263_266_269_273_275_276_278_280_283_285_286_288_290_292_294_296_297  1.23e+10  1.04e+10  24126.43 175671.12  14827.67    716.45     85.22     82.18  -3837.28  -5407.65      0.00 0
104937 5626.0    72_76_86_100_114_133_134_143_164_165_170_187_193_208_215_221  1.00e+09  8.14e+08  20230.20  -8305.26   9545.10    638.25     66.42    337.68   5094.07   -224.88      0.00 0
104938 5626.0    227_246_250_253_261_267_270_274_277_281_284_289_291  4.90e+10  4.28e+10 -20754.05  16656.88   9486.47    759.91     70.38    141.25   3251.79 -10831.94      0.00 0
104939 5626.0    141_152_162_168_173_176_185_191_197_199_202_203_212_218_228  3.16e+09  2.65e+09  18594.90   6428.16   8792.65    698.73     65.92     19.07   4010.36  -4674.51      0.00 0
104940 5626.0    120_124_136_140_145_151_161_167_172_175_184_196_198  3.55e+09  3.00e+09  12123.62 -16300.68   9083.03    669.60     65.91    306.64  -3560.62  -3807.87      0.00 0
104941 5626.0    0_1_2_3_4_5_6_7_9_10_12_13_14_15_17_18_19_21_22_25_26_27_29_30_33_34_36_38_39_41_42_43_45_46_49_50_51_53_54_56_59_60_61_63_64_65_67_68_71_72_75_76_77_80_83_84_86_87_89_90_92_95_96_99_100_101_104_107_108_109_111_112_114_115_118_121_122_125_126_127_130_133_134_137_138_139_141_142_143_146_149_152_154_156_159_162_164_166_169_171_173_176_178_180_183_185_187_189_192_195_199_201_202_203_204_207_209_212_218_224_225_228_229_233_235_241_244_245_248_251_255_256_259_262_265_268_271_272_282  1.17e+10  9.97e+09 -38287.70  63797.07  13307.04    738.56     79.86    120.97   3469.17  -1789.37      0.00 0
104942 5626.0    0_1_2_3_5_7_8_9_11_13_15_16_19_20_21_23_24_28_29_31_32_35_37_40_41_44_45_47_48_51_52_53_55_57_58_62_63_66_67_69_70_73_74_78_79_81_82_85_88_89_91_93_94_97_98_102_103_105_106_110_111_113_116_117_119_120_123_124_128_129_131_132_136_137_140_141_144_148_150_157_158_162_167_168_173_181_182_190_191_197_199_200_205_206_212_214_220_224_226_227_231_235_238_243_244_250_253_255_258_259_264_267_270_271_274_279_281_284_291  3.89e+09  3.21e+09  43419.13 -59151.27  13599.51    688.51     79.50    306.28   2205.37  -6843.60      0.00 0
104943 5626.0    0_1_2_3_4_5_6_7_8_9_10_11_12_13_14_15_16_17_18_19_20_21_22_23_24_25_26_27_28_29_30_31_32_33_34_35_36_37_38_39_40_41_42_43_44_45_46_47_48_49_50_51_52_53_54_55_56_57_58_59_60_61_62_63_64_65_66_67_68_69_70_71_72_73_74_75_76_77_78_79_80_81_82_83_84_85_86_87_88_89_90_91_92_93_94_95_97_101_102_103_104_105_106_107_109_110_111_112_115_116_117_118_119_121_127_128_129_130_135_136_137_139_140_141_148_149_156_157_158_159_160_162_166_167_168_171_173_180_181_182_183_189_190_191_192_195_196_197_199_200_201_204_205_206_207_212_213_214_220_225_226_227_230_231_235_238_243_246_249_250_252_253_255_258_260_261_264_266_267_270_274_275_276_277_279_280_281_284_286_287_288_289_291_293_294_295_297_298  7.08e+10  6.09e+10 -17450.82 100298.72  14090.47    756.63     82.12     99.87   1351.52  -9099.86      0.00 0
104944 5626.0    0_1_2_3_4_5_6_7_8_9_10_11_12_13_14_15_16_17_18_19_20_21_22_23_24_25_26_27_28_29_30_31_32_33_34_35_36_37_38_39_40_41_42_43_44_45_46_47_48_49_50_51_53_54_55_56_57_59_60_61_63_64_65_67_68_69_71_72_73_75_76_77_79_80_81_83_84_86_87_89_90_92_93_95_96_99_100_101_103_104_105_107_108_109_111_112_114_115_118_119_121_122_123_125_126_127_129_130_133_134_135_137_138_139_141_142_143_144_146_147_149_150_152_154_155_156_159_160_162_164_165_166_170_171_173_176_178_180_183_185_187_189_193_195_199_201_202_203_204_208_209_212_215_218_221_224_228_229_232_233_235_239_241_244_245_247_248_251_255_256_259_262_265_268_272_282  4.07e+09  3.35e+09 -75473.59  80455.59  14601.58    708.42     82.46    133.17   5605.20  -3702.58      0.00 0
104945 5626.0    2_3_5_8_9_12_13_16_17_20_21_25_26_28_29_32_33_35_38_40_41_44_45_49_50_52_53_55_58_59_62_63_66_67_71_72_75_78_79_82_83_86_88_89_91_102_106_110_116_120_128_136_140_151_161_167_172_175_184_198_211_217_223  7.94e+09  6.72e+09  32525.13  22647.67  11507.04    669.06     73.81     34.85  -1909.24  -3327.99      0.00 0
104946 5626.0    3_4_6_10_12_14_17_18_22_25_26_30_33_34_36_38_42_46_50_54_56_60_64_68_80_84_90_92_104_112_118_130_149_159_183  1.00e+09  8.14e+08  -1246.24  24686.43   9911.47    648.07     68.15     92.89    957.96   2653.06      0.00 0
104947 5626.0    63_67_89_107_111_121_137_141_146_152_162_176_185_199_202_203_218_228_233_241_245_248_251_262_265_282  3.02e+09  2.52e+09 -26991.01  13788.23  10566.54    660.70     70.78    152.94   4976.38  -4323.88      0.00 0
104948 5626.0    30_36_42_43_46_54_56_64_65_68_77_80_84_90_92_96_104_108_112_122_126_138_142_147_153_163_177_179_186_210  1.35e+09  1.10e+09  29540.72   5395.09  10463.20    671.09     70.79     10.35   3351.57   3129.84      0.00 0
104949 5626.0    0_1_2_3_4_5_6_7_8_9_10_12_13_14_17_18_21_22_25_26_27_28_29_30_33_34_35_36_38_40_41_42_44_45_46_49_50_53_54_55_56_59_60_63_64_66_67_68_71_72_75_76_78_79_80_83_84_89_90_91_95_102_103_104_107_111_112_116_117_129_130_137_141_148_157_158_168_173_181_182_191_197_200_205_206_214_220_226_227_231_238_246_249_250_253_260_261_267_270_275_277_281_286_287_289_293_295_298  9.55e+10  8.35e+10    750.59  46741.33  11612.11    748.05     76.05     89.08   1022.80  -4433.11      0.00 0
104950 5626.0    1_7_11_14_15_19_23_24_27_31_32_36_37_39_43_46_47_48_51_56_57_58_61_65_69_70_73_74_77_80_81_85_94_98_124  1.20e+09  9.84e+08 -16399.89 -17611.37   9840.29    644.50     67.76    227.04  -1906.14    432.91      0.00 0
104951 5626.0    3_5_9_12_13_17_21_25_28_29_33_35_41_44_45_53_55_63_66_67_78_79_89_91_102_103_116_117_128_148_157  1.95e+09  1.61e+09   8593.60  21572.85   9785.27    634.03     67.15     68.28     62.09  -2971.00      0.00 0
104952 5626.0    8_13_16_20_23_24_28_29_32_35_37_40_41_44_45_47_48_52_55_58_62_63_66_67_69_70_73_74_78_79_82_85_88_89_91_94_97_98_102_103_106_110_111_113_116_117_120_123_124_128_129_131_132_136_137_140_141_145_148_151_157_158_161_162_167_168_173_181_182_191_197_199_206_212_214_218_220_224_235_238_241_243_244_255_256_259_264_271_272  4.90e+10  4.28e+10 -46689.09  34623.83  12302.15    764.19     78.05    143.44  -2204.81  -2247.63      0.00 0
104953 5626.0    246_250_260_261_266_275_276_280_286_288_290_294_296  1.38e+10  1.19e+10  12547.17  15242.60   8814.73    697.00     65.94     50.54   -766.36 -10553.45      0.00 0
104954 5626.0    48_58_70_74_82_94_98_120_124_132_145_175  9.12e+10  8.02e+10 -14734.90  -9214.54   8074.38    751.92     65.08    212.02  -3916.52  -1877.25      0.00 0
104955 5626.0    0_1_2_3_4_5_6_7_8_9_10_11_12_13_14_15_16_17_18_19_20_21_22_23_24_25_26_27_28_29_30_31_32_33_34_35_36_37_38_39_40_41_42_43_44_45_46_47_48_49_50_51_52_53_54_55_56_57_58_59_60_61_62_63_64_65_66_67_68_69_70_71_72_73_74_75_76_77_78_79_80_81_82_83_84_85_86_87_88_89_90_91_92_93_94_96_97_98_100_101_102_103_104_105_106_108_109_110_112_113_115_116_117_118_119_120_122_123_124_126_127_128_130_131_132_135_136_138_139_140_142_144_145_147_148_149_150_151_153_156_157_159_160_161_163_166_167_169_171_172_174_175_177_180_181_183_184_186_189_190_192_195_196_198_200_201_204_205_207_211_213_217_219_223_225_226_230_234_237_242_249_252_254_257_263_266_269_273_278_280_283_285_290_292  8.91e+10  7.72e+10  80851.91 151422.20  14474.69    771.75     85.18     61.90   1184.22   5004.50      0.00 0
104956 5626.0    16_20_23_24_31_32_37_40_47_48_52_57_58_62_66_69_70_73_74_81_82_85_88_93_94_97_98_102_105_106_110_113_119_120_124_128_136_140_151_157_161_167_172_190_196_205_213_219_230_237  2.57e+10  2.21e+10   3850.25 -33024.34  10381.08    744.15     72.66    276.65  -2363.67  -2620.70      0.00 0
104957 5626.0    91_102_103_110_111_116_117_128_129_137_140_141_148_157_158_162_167_168_173_181_182_185_191_197_199_203_212_214_218_220_224_228_233_235_241_244_248_251_256_262_265_268_282  1.05e+10  8.90e+09 -37191.24   6604.68  11045.64    712.24     73.70    169.93   3383.83  -5291.44      0.00 0
104958 5626.0    10_14_19_22_27_30_34_36_39_42_43_46_50_51_54_56_60_61_64_65_68_76_77_80_81_84_87_90_92_96_100_101_104_105_108_109_112_115_118_119_122_126_130_134_135_138_142_147_153_155_163_165_177_179_186_188_194_210_216_222_240  1.66e+09  1.36e+09 -49120.54   2746.26  12156.86    692.13     76.12    176.80   5174.85   2377.93      0.00 0
104959 5626.0    116_128_148_157_167_181_190_200_205_213_226_230_237_249_252_260_266_269_276_280_288  1.32e+10  1.12e+10  -3417.06 -23979.50   9297.86    734.69     69.00    261.89  -1213.81  -7406.83      0.00 0
104960 5626.0    39_43_51_56_57_61_65_73_77_80_81_87_92_93_97_101_104_105_109_112_115_118_119_123_127_130_131_135_139_142_144_149_150_156_159_160_163_166_169_171_174_180_183_189_192_195_201_204_207_225  1.91e+09  1.54e+09 -67189.95 -35650.36  13973.72    653.16     79.59    207.95   -118.59   5189.67      0.00 0
104961 5626.0    0_1_2_3_4_5_6_7_8_9_10_11_12_13_14_15_16_17_18_19_20_21_22_23_24_25_26_27_28_29_30_31_32_33_34_35_36_37_38_39_40_41_42_43_44_45_46_47_48_49_50_51_52_53_54_55_56_57_58_59_60_61_62_63_64_65_66_67_68_71_72_75_76_77_78_79_80_81_82_83_84_86_87_88_89_90_91_92_95_96_99_100_101_102_103_104_107_108_109_110_111_112_114_115_116_117_118_121_122_125_126_127_128_129_130_133_134_137_138_141_142_143_146_147_148_149_152_153_154_155_156_157_158_159_162_163_166_167_168_169_173_174_176_177_180_181_182_183_185_186_189_190_191_192_197_199_200_201_204_205_206_207_212_213_214_218_220_224_225_226_227_230_231_235_238_243_244_246_249_250_252_253_255_258_260_261_264_266_267_270_271_274_275_276_277_279_281_284_286_287_288_289_291_293_294_295_297_298  2.14e+09  1.74e+09   -106.14 121625.31  14976.81    682.26     82.98     90.05   1649.25   -381.66      0.00 0
104962 5626.0    3_5_8_9_12_13_17_20_21_25_26_28_29_33_35_38_40_41_44_45_49_50_52_53_55_59_62_63_66_67_71_72_75_78_83_86_99_114  1.45e+10  1.25e+10 -18361.75  -7945.84   8637.19    734.87     66.65    203.40   1196.15   -971.56      0.00 0
104963 5626.0    0_1_2_3_4_5_6_7_8_9_10_11_12_13_14_15_16_17_18_19_20_21_22_23_24_25_26_27_28_29_30_31_32_33_34_35_36_37_38_39_40_41_42_43_44_45_46_47_48_49_50_51_52_53_54_55_56_57_58_59_60_61_62_64_65_66_68_69_70_71_72_73_74_75_76_77_78_80_81_82_84_85_86_87_88_90_92_93_94_96_97_98_100_101_104_105_106_108_109_110_112_113_114_115_118_119_120_122_123_124_126_127_130_131_132_134_135_136_138_139_142_144_145_147_149_150_151_153_155_156_159_160_161_163_165_166_169_174_175_177_179_183_184_186_188_192_210_216_217  2.51e+09  2.03e+09 -109962.68 -63384.66  15134.63    670.08     83.20    209.96   1334.65   2685.71      0.00 0
104964 5626.0    213_219_230_237_249_252_257_260_266_269_276_280_286_288_290_293_294_296_297  5.01e+10  4.37e+10   7489.94 -21092.43   8907.20    755.05     68.30    289.55  -1577.20 -10121.07      0.00 0
104965 5626.0    0_1_4_6_7_10_11_14_15_19_23_27_31_36_39_43_47_51_57_61_65_73_81_87_93_105_109_119_123_135_144_150_160  3.39e+09  2.81e+09 -26451.62  17250.18  10805.88    647.78     71.11    146.89  -3605.82   2907.33      0.00 0
104966 5626.0    71_72_75_76_86_95_96_99_100_108_114_121_122_125_126_133_134_137_138_142_143_146_147_152_153_154_155_162_163_164_165_170_174_176_177_178_179_185_186_187_188_193_199_202_203_209_218_224_228_233_235_241_244_251_255_256_259  8.71e+09  7.33e+09  -5963.41  46359.11  11809.96    716.25     75.82     97.33   4410.04    280.11      0.00 0
104967 5626.0    145_151_161_172_175_184_196_198_211_213_217_219_223_234_237_242_252_254_257_263_269_273  1.05e+09  8.51e+08  13012.50 -30477.90  10754.89    681.95     72.02    293.12  -4291.93  -5360.91      0.00 0
104968 5626.0    0_3_4_6_7_9_10_12_14_17_18_21_22_25_26_27_30_33_34_36_38_39_41_42_43_46_49_50_53_54_56_59_60_63_64_65_68_71_72_75_76_77_80_83_84_86_87_89_90_92_95_96_99_100_101_104_107_108_111_112_114_115_118_121_122_125_126_127_130_133_134_137_138_141_142_143_146_147_149_152_153_154_155_156_159_162_163_164_165_166_169_170_173_174_176_177_178_179_180_183_185_186_187_188_189_192_193_194_195_199_201_202_203_204_207_208_209_215_218_221_224_225_228_229_232_233_239_241_244_245_247_248_251_256_259_262_265_268_272_282  4.37e+09  3.61e+09 -47831.69  78514.88  14314.81    685.53     81.15    121.35   4691.63  -1791.64      0.00 0
104969 5626.0    99_100_114_121_122_125_126_133_134_143_146_147_152_153_154_155_164_165_170_176_177_178_179_185_186_187_188_193_194_199_202_203_209_215_218_224_228_229_232_233_241_244_245_248_251_255_256_259_262_265_268_271_272_282  2.57e+10  2.22e+10  10077.05 -47777.68  11921.24    724.06     76.28    281.91   5951.95  -4682.65      0.00 0
104970 5626.0    0_1_2_3_4_5_6_7_8_9_10_11_12_13_14_15_16_17_18_19_20_21_22_23_24_25_26_27_28_29_30_31_32_33_34_35_36_37_38_39_40_41_42_43_44_45_46_47_48_49_50_51_52_53_54_55_56_57_58_59_60_61_62_63_64_65_66_67_68_69_70_71_72_73_74_75_76_77_78_79_80_81_82_83_84_85_86_87_88_89_90_91_92_94_95_96_97_98_99_100_101_102_103_104_106_107_108_110_111_112_113_114_115_116_117_118_120_121_122_124_125_126_128_129_130_132_133_134_136_137_138_140_141_142_143_145_146_147_148_151_152_153_154_155_157_158_159_161_162_163_164_165_167_168_169_170_172_173_174_175_176_177_178_179_181_182_184_185_186_187_188_190_191_192_193_194_196_197_198_199_200_202_203_205_206_208_209_210_211_212_213_214_215_216_217_218_219_220_221_222_223_224_226_227_228_229_230_231_232_233_234_235_236_237_238_239_240_241_242_243_244_245_246_247_248_249_250_251_252_253_254_255_257_258_260_261_263_264_266_267_269_270_273_274_275_276_277_278_280_281_283_285_286_287_288_289_290_292_293_294_295_296_297_298  6.92e+09  5.75e+09 -178298.81 -212865.23  12414.79    737.94     87.44    230.05  -1171.78  -5761.66      0.00 0
104971 5626.0    116_128_136_140_148_151_157_158_161_167_168_172_175_181_182_184_190_191_196_197_198_200_205_206_211_212_213_214_217_219_220_223_226_227_230_231_235_238_243_244_246_250_253_255_258_259_264_271_272_274_279  1.38e+09  1.13e+09 -39503.46  15624.58  11414.59    722.86     74.96    158.42     59.39  -6517.75      0.00 0
104972 5626.0    0_1_2_3_4_5_6_7_8_9_10_11_12_13_14_15_16_17_18_19_20_21_22_23_24_25_26_27_28_29_30_31_32_33_34_35_36_37_38_39_40_41_42_43_44_45_46_47_48_49_50_51_52_53_54_55_57_58_59_60_61_62_63_64_66_67_69_70_71_72_73_74_75_76_78_81_82_83_84_85_86_88_93_94_95_96_97_98_99_100_106_113_114_120_123_124_125_126_131_132_133_134_143_145_154_164_165_170_187_193_194_208_221_222_236  2.29e+10  1.97e+10 -58926.18   -267.40  12686.61    711.24     77.85    180.26  -2902.53   -220.63      0.00 0
104973 5626.0    0_1_2_3_4_5_6_7_8_9_10_12_13_14_17_18_21_22_25_26_27_28_29_30_33_34_35_36_38_41_42_43_44_45_46_49_50_53_54_55_56_59_60_63_64_67_68_71_72_75_76_77_78_79_80_83_84_86_89_90_91_92_95_96_99_100_103_104_107_108_111_112_114_115_116_117_118_121_122_125_126_129_130_133_134_137_138_141_142_143_146_147_148_149_152_153_154_155_158_159_162_163_164_165_168_169_170_173_174_176_177_178_179_180_181_182_183_185_186_187_188_191_192_193_194_197_199_200_201_202_203_206_207_208_209_210_212_214_215_216_218_220_221_222_224_225_226_227_228_229_231_232_233_235_236_238_239_240_241_243_244_245_246_247_248_250_251_253_255_256_258_259_260_261_262_264_265_267_268_270_271_272_274_275_277_279_281_282_284_286_287_289_291_293_295_297_298  7.59e+10  6.56e+10   -259.51 -212410.94  13847.69    785.54     86.27    269.93   4444.38  -6630.46      0.00 0
104974 5626.0    136_140_151_161_172_184_198_211_217_223_234_254  4.17e+10  3.63e+10   8919.22  18425.67   8571.56    760.57     67.28     64.17  -4118.95  -5804.84      0.00 0
104975 5626.0    108_112_122_126_130_134_138_142_147_149_153_155_159_163_165_169_170_174_177_179_180_183_186_188_192_194_201_204_207_208_210_216_221_222_225_236_239_240  2.00e+10  1.71e+10  42307.65 -39452.52  12549.55    722.10     77.76    317.00   4406.22   4150.06      0.00 0
104976 5626.0    152_162_168_173_176_178_185_187_191_197_199_202_203_206_209_212_214_215_218_220_221_224_227_228_229_231_232_233_235_236_238_239_241_243_244_245_246_247_248_250_251_253_255_256_258_259_260_261_262_264_265_266_267_270_274_275_276_277_281_286_287_288  4.47e+10  3.86e+10  40973.96  37427.50  12120.14    766.99     77.68     42.41   6417.94  -4154.30      0.00 0
104977 5626.0    0_1_2_6_7_8_11_14_15_16_19_20_23_24_27_28_31_32_36_37_39_40_43_44_46_47_48_51_52_56_57_58_61_62_65_66_69_70_73_74_77_80_81_82_85_87_88_92_93_94_97_98_101_102_105_106_109_110_113_115_118_119_120_123_124_127_128_131_132_135_136_139_140_144_145_149_150_151_156_159_160_161_166_167_171_172_175_180_183_184_189_195_196_198_201_204_207_211_213_217_219_223_225_234_237_242_254_257_263_273_278_285_292  4.47e+10  3.85e+10 -17115.73 -81360.73  13466.00    768.00     80.80    258.12  -2095.21   4222.93      0.00 0
104978 5626.0    89_95_99_103_107_111_114_117_121_125_129_133_134_137_141_143_146_148_152_154_158_162_164_165_168_170_173_176_178_181_182_185_187_188_191_193_194_197_199_200_202_203_205_206_208_212_214_216_218_220_224_226_227_230_231_235_238_243_246_249_250_252_253_258_260_261_266_267_269_270_275_276_277_280_281_283_286_287_288_289_290_292_293_294_295_296_297_298  1.70e+10  1.45e+10 -30291.62 -53322.90  12878.77    703.71     78.14    240.40    874.19  -8321.80      0.00 0
104979 5626.0    40_52_58_62_66_74_78_82_88_91_94_98_102_103_106_110_113_116_117_120_124_128_129_132_136_140_141_145_148_151_157_158_161_167_168_172_173_175_181_182_184_190_191_196_197_198_200_205_206_211_212_213_214_217_219_220_223_224_226_227_230_231_234_235_237_238_243_244_246_249_250_253_255_258_259_260_261_264_267_270_271_272_274_277_279_281_284_291  1.12e+10  9.50e+09 -66060.05  47889.83  13536.85    748.01     80.58    144.06  -1209.10  -5313.85      0.00 0
104980 5626.0    78_88_91_94_102_103_106_110_116_117_120_124_128_129_132_136_140_141_145_148_151_157_158_161_162_167_168_172_173_175_181_182_184_190_191_196_197_198_199_200_205_206_211_212_213_214_217_218_219_220_223_224_226_227_230_231_234_235_237_238_241_242_243_244_246_249_250_251_252_253_255_256_258_259_260_261_264_267_268_270_271_272_274_277_279_281_282_284_291  6.46e+10  5.55e+10 -90522.00  43701.59  13983.92    768.28     82.08    154.23   6317.68  -9429.47      0.00 0
104981 5626.0    0_1_2_3_4_5_6_7_8_9_10_11_12_13_14_15_16_17_18_19_20_21_22_23_24_25_26_27_28_29_30_31_32_33_34_35_36_37_38_39_40_41_42_43_44_45_46_47_48_49_50_51_52_53_54_55_56_57_58_59_60_62_63_64_66_67_68_69_70_71_72_73_74_75_76_78_79_80_82_83_84_85_86_88_89_90_91_94_95_96_98_99_100_102_103_106_107_108_110_111_112_114_116_117_120_121_122_124_125_126_128_129_132_133_134_136_137_138_140_141_142_143_145_146_147_148_151_152_153_154_155_157_158_161_162_163_164_165_167_168_170_172_175_176_177_178_179_181_182_184_186_187_188_190_193_194_196_198_200_205_208_210_211_213_215_216_217_219_221_222_223_230_234_236_237_240_242_254_257_263_278  1.58e+10  1.33e+10 -109383.67 -77878.68  14776.70    727.91     83.72    215.45  -1109.85  -2951.49      0.00 0
104982 5626.0    86_95_99_121_125_133_137_146_152_154_162_176_178_185_199_202_203_212_218_224_228_233_235_241_244_248_251_255_256_259_265_268_271_272_282  6.76e+09  5.65e+09 -16799.81  40299.46  11756.11    685.75     74.93    112.63   5966.17  -7016.40      0.00 0
104983 5626.0    1_2_5_7_8_11_13_15_16_19_20_23_24_27_28_31_32_35_37_39_40_43_44_47_48_51_52_55_57_58_61_62_65_66_69_70_73_74_78_81_82_85_87_88_91_93_94_97_98_102_105_106_109_110_116_117_120_124_128_136_140_148_151_157_161_167_172_181_182_190_196_198_200_205_211_213_219_226_227_230_234_237_242_246_249_252_254_257_260_261_263_266_269_273_275_276_278_280_283_285_286_287_288_290_292_293_294_296_297_298  6.92e+10  5.99e+10    816.74 -63233.82  12670.85    752.40     78.67    270.74  -1875.55  -8842.27      0.00 0
104984 5626.0    0_1_2_3_4_5_6_7_8_9_10_11_12_13_14_15_16_17_18_19_20_21_22_23_24_25_26_27_28_29_30_31_32_33_34_35_36_37_39_40_41_42_43_44_45_46_47_48_51_52_53_55_56_57_58_61_62_63_65_66_67_68_69_70_73_74_77_78_79_80_81_82_83_85_87_88_89_91_92_93_94_97_98_101_102_103_104_105_106_109_110_111_113_115_116_117_118_119_120_123_127_128_129_131_135_136_139_140_144_148_149_150_156_157_158_160_166_167_168_171_172_180_181_182_183_189_190_191_195_196_197_200_201_204_205_206_213_214_225_226_227_230_231_238_246_249_250_252_253_260_261_266_267_270_275_276_277_281_286_287_289_291_293_295_297_298  2.14e+09  1.73e+09 -16216.57  81600.62  14101.49    674.47     80.38    101.24  -1632.16   1718.67      0.00 0
104985 5626.0    0_1_2_3_4_5_6_8_9_11_12_13_15_16_17_18_20_21_23_24_25_26_28_29_32_33_35_37_38_40_41_44_45_47_48_49_52_53_55_58_59_62_63_66_67_69_70_71_72_73_74_75_78_79_82_83_85_86_88_89_91_94_95_97_98_99_102_103_106_107_110_111_113_114_116_117_120_121_124_125_128_129_131_132_133_136_137_140_141_143_145_146_148_151_152_154_157_158_161_162_164_168_170_173_175_176_178_184_185_187_193_199_202_203_209_215_218_221_228_229_232_233_239_241_245_247_248_251_262_265  2.69e+10  2.28e+10 -85137.81  10227.43  13842.38    724.44     80.83    173.15   4603.56  -2904.56      0.00 0
104986 5626.0    0_1_2_3_4_5_6_7_8_9_10_11_12_13_14_15_16_17_18_19_20_21_22_23_24_25_26_27_28_29_30_31_32_33_34_35_36_37_38_39_40_41_42_43_44_45_46_47_48_49_50_51_52_53_54_55_56_57_58_59_60_61_62_63_65_66_67_69_70_71_72_73_74_75_76_77_78_79_81_82_83_85_86_87_88_89_91_93_94_95_97_98_99_102_103_105_106_107_109_110_111_113_114_116_117_119_120_121_123_124_125_128_129_131_132_133_135_136_137_140_141_144_145_146_148_150_151_152_154_157_158_160_161_162_164_167_168_172_173_175_176_178_181_182_184_185_187_190_191_196_197_198_199_200_202_203_205_206_209_211_212_213_214_217_218_219_220_223_224_226_227_228_229_230_231_232_233_234_235_237_238_241_242_243_244_245_246_247_248_249_250_251_252_253_255_256_258_259_260_261_262_264_265_267_268_270_271_272_274_277_279_281_282_284_291  1.48e+09  1.18e+09 -193294.52 110297.97  14703.72    647.48     86.22    150.29  -2428.40  -2375.18      0.00 0
104987 5626.0    40_44_52_58_62_66_74_78_82_88_91_94_98_102_103_106_110_116_117_120_124_128_129_132_136_140_141_145_148_151_157_158_161_167_168_172_173_175_181_182_184_190_191_196_197_198_200_205_206_212_213_214_220_224_226_227_231_235_238_243_244_250_253_255_258_259_264_270_271_272_274_279  4.27e+10  3.69e+10  49500.12 -33577.14  12539.33    742.27     78.16    325.85  -1344.25  -4451.11      0.00 0
104988 5626.0    1_2_5_7_8_11_13_15_16_19_20_23_24_28_29_31_32_35_37_39_40_44_45_47_48_51_52_55_57_58_61_62_66_67_69_70_73_74_78_79_81_82_85_87_88_91_93_94_97_98_102_103_105_106_109_110_113_116_117_119_120_123_124_128_129_131_132_135_136_139_140_144_145_148_150_151_157_158_160_161_167_168_171_172_175_181_182_184_190_191_196_197_198_200_205_206_211_213_214_217_219_220_223_226_227_230_231_234_237_238_242_243_246_249_250_252_253_254_257_258_260_261_263_264_266_267_269_270_273_274_275_276_277_278_279_280_281_283_284_285_286_287_288_289_290_291_292_293_294_295_296_297_298  5.13e+10  4.39e+10 -77214.34 141268.94  14651.57    753.68     84.80    118.66  -1860.96  -6005.43      0.00 0
104989 5626.0    87_92_101_104_105_109_115_118_119_123_127_130_135_139_142_144_149_150_156_159_160_163_166_169_171_174_180_183_189_192_195_201_204_207  5.62e+09  4.72e+09 -57708.76 -16395.22  13014.69    672.56     77.76    195.86  -3420.15   4374.43      0.00 0
104990 5626.0    0_1_2_3_4_5_6_7_8_9_10_11_12_13_14_15_16_17_18_19_20_21_22_25_26_27_28_29_30_31_33_34_35_36_38_39_41_42_43_44_45_46_49_50_51_53_54_55_56_59_60_61_63_64_65_67_68_71_72_75_76_77_78_79_80_83_84_86_87_89_90_91_92_95_96_99_100_101_103_104_107_108_109_111_112_114_115_117_118_121_122_125_126_127_129_130_133_134_137_138_141_142_143_146_147_149_152_153_154_155_156_158_159_162_163_164_165_166_168_169_170_173_174_176_177_178_179_180_182_183_185_186_187_188_189_191_192_193_194_195_197_199_201_202_203_204_206_207_208_209_212_214_215_218_220_224_225_228_229_231_232_233_235_238_241_243_244_245_248_251_253_255_256_258_259_262_264_265_267_268_270_271_272_274_279_281_282_284_291  1.29e+10  1.08e+10 -34502.86 134282.42  14988.14    702.69     83.83    104.41   2173.18   2848.60      0.00 0
104991 5626.0    0_1_2_3_4_5_6_7_8_9_10_11_12_13_14_15_16_17_18_19_20_21_22_23_24_25_26_27_28_29_30_31_32_33_34_35_36_37_38_39_40_41_42_43_44_45_46_47_48_49_50_51_52_53_54_55_56_57_58_59_60_61_62_63_64_65_66_67_68_69_70_71_72_73_74_75_76_77_78_79_80_81_82_83_84_85_86_87_88_89_90_91_92_93_94_95_96_97_98_99_100_101_102_103_104_105_106_107_108_109_110_111_112_113_114_115_116_117_118_119_120_121_122_123_124_125_126_127_128_129_130_131_132_133_134_135_136_137_138_140_142_143_144_145_146_147_151_153_154_155_157_159_161_163_164_165_167_169_170_172_174_175_177_179_184_186_187_188_193_194_196_198_208_210_211_215_216_217_221_222_223_236_240  5.75e+10  4.95e+10 152513.03  70212.65  14571.14    761.07     85.04     24.72   1293.43    588.17      0.00 0
104992 5626.0    3_4_9_10_12_13_17_18_21_22_25_26_29_30_33_34_35_38_41_42_45_46_49_50_53_54_55_59_60_63_64_67_68_71_72_75_76_79_83_84_86_89_90_91_95_96_99_100_103_104_107_108_111_112_114_117_121_122_125_126_129_130_133_134_137_138_141_142_146_147_148_152_153_155_158_162_163_168_169_173_174_177_182_185_186_191_197_199_200_206_212_214_220_227_231_235_238_243_246_250_253_258_261_267_270_275_277_281_284_287_289_291_293_295_298  9.55e+10  8.37e+10   6171.72  55902.75  12221.71    758.15     77.74     83.70   2295.32  -2377.47      0.00 0
104993 5626.0    73_81_87_93_97_105_109_113_119_123_127_131_132_135_139  8.91e+09  7.59e+09  11830.81  19351.58   9283.88    698.39     67.74     58.56  -3364.36   1794.76      0.00 0
104994 5626.0    0_1_2_3_4_5_6_7_8_9_10_11_13_14_15_16_19_20_23_24_27_28_30_31_32_35_36_37_39_40_43_44_46_47_48_51_52_55_56_57_58_61_62_65_66_69_70_73_74_77_78_80_81_82_85_87_88_91_92_93_94_101_102_105_106_109_110_115_116_127_128_135_139_140_149_156_157_166_167_180_189_195_204  1.02e+09  8.25e+08    409.26 -42632.95  12064.47    628.95     74.20    270.55  -1336.29   1343.32      0.00 0
104995 5626.0    0_1_2_4_5_6_7_8_10_11_14_15_16_18_19_20_22_23_24_27_30_31_32_36_37_39_42_43_46_47_48_51_52_54_56_57_58_61_64_65_68_70_74_77_80_82_84_87_90_92_101_104_108_112_115_118_130_138_142_149_159_163_169_174_183_192  5.25e+10  4.55e+10 -18882.13 -32093.92  10846.39    735.98     73.76    239.53   1287.32   4008.06      0.00 0
104996 5626.0    95_99_114_121_125_133_137_141_143_146_152_154_162_164_165_170_173_176_178_185  4.79e+09  4.03e+09  -8837.71 -21106.54   9212.47    715.32     68.07    247.28   4343.60  -2035.48      0.00 0
104997 5626.0    116_117_128_129_140_141_148_157_158_161_167_168_172_173_181_182_184_190_191_196_197_198_199_200_205_206_211_212_213_217_219_223_234_237_242_254  1.55e+09  1.26e+09 -40361.77  -5027.32  11609.23    668.27     74.07    187.10  -2846.79  -6055.09      0.00 0
104998 5626.0    9_12_17_21_25_26_29_33_34_38_41_45_49_50_53_55_59_60_63_67_71_72_75_76_79_83_84_86_89_91_95_96_99_100_103_107_108_111_114_116_117_121_122_125_126_129_133_134_137_138_141_143_146_147_148_152_153_154_155_157_158_162_163_164_165_168_170_173_176_177_178_179_181_182_185_186_187_188_190_191_193_194_197_199_200_202_203_205_206_208_209_210_212_213_214_215_216_218_220_221_222_224_226_227_228_229_230_231_232_233_235_236_237_238_239_240_241_243_244_245_246_247_248_249_250_251_252_253_255_256_258_259_260_261_262_264_265_266_267_268_269_270_271_272_274_275_276_277_279_280_281_283_284_286_287_288_289_290_291_292_293_294_295_296_297_298  1.51e+09  1.20e+09  70076.33 158210.75  15382.13    649.69     84.92     66.11   4360.98  -3385.79      0.00 0
104999 5626.0    197_206_214_220_227_231_238_246_250_253_258_261_267_270_275_277_281_286_287_289_293_294_295_297_298  5.25e+09  4.40e+09  11531.95  28861.14  10356.94    707.38     71.57     68.22   1132.12 -10026.44      0.00 0
