#event_number primary_type du_ids energy_primary em_energy Xmax_pos(x, y, z), Xmax_grams zenith azimuth shower_core_pos_x shower_core_pos_y shower_core_pos_z, N_tested_cores, units are degrees, GeV and meters
7000 14.0      148_182_191_200_206_214_220_227_231_238_243_250_253_258_264_267_270_274_279_281_284_291  1.45e+08  1.19e+08 -20808.97  29851.17  10654.46    753.95     73.68    124.88   3839.53 -10582.67      0.00 0
7001 14.0      87_93_101_105_109_115_119_123_127_131_135_139_144_149_150_156_160_166_171_180_183_189_201_204_207  1.35e+08  1.20e+08  23904.77  22229.24  10934.93    646.91     71.48     42.92  -2290.83   4014.52      0.00 0
7002 14.0      0_1_2_3_4_5_6_7_8_9_10_11_12_13_14_15_16_17_18_19_20_21_22_23_24_25_26_27_28_29_30_31_32_33_34_35_36_37_38_39_40_41_42_43_44_45_46_47_48_49_50_51_52_53_54_55_56_57_58_59_60_61_62_63_64_65_67_68_69_70_71_72_73_74_75_76_77_79_80_81_82_83_84_85_86_87_89_90_92_93_95_96_97_98_99_100_101_104_105_107_108_109_111_112_113_114_115_118_119_121_122_123_125_126_127_130_131_133_134_135_137_138_139_143_144_146_147_149_150_152_153_154_155_156_160_162_164_165_166_170_171_176_178_179_185_187_188_189_193_194_195_202_203_208_209_215_216_221_222_228_229_232_233_236_239_245_247_248_262_265  2.57e+08  2.11e+08 108618.04 -54890.73  15180.09    655.85     82.89    333.19  -1888.36   2335.82      0.00 0
7003 14.0      130_138_142_153_163_174_177_179_186_210  6.92e+08  5.92e+08 -31181.81   2887.16  10666.66    663.69     71.19    174.71   6367.39   4039.37      0.00 0
7004 14.0      199_203_212_218_220_224_228_229_231_232_233_235_238_241_243_244_245_247_248_250_251_253_255_256_258_259_261_262_264_265_267_268_270_271_272_274_275_277_279_281_284_287_289  4.07e+08  3.68e+08 -27047.98 -24924.22  10393.99    807.11     74.22    222.66   5107.81  -6787.45      0.00 0
7005 14.0      0_1_2_3_4_5_6_7_8_9_10_11_12_13_14_15_16_17_18_19_20_21_22_23_24_25_26_27_28_29_30_31_32_33_34_35_36_37_38_39_40_41_42_43_44_45_46_47_48_49_50_51_52_53_54_55_56_57_58_59_60_61_62_63_65_66_67_69_70_71_72_73_74_75_77_78_79_80_81_82_83_85_86_87_88_89_91_93_95_97_99_101_102_103_105_107_109_111_113_116_117_119_121_123_125_127_129_131_135_137_139_141_144_146_148_150_152_158_160_162_168_171_173_176_178_185_191_197_199_202_203_212_214_218_220_224_228_233_235_238_241_243_244_248_251_255_256_258_259_262_264_265_268_271_272_274_279_282  3.16e+08  2.64e+08 -60449.18  68856.32  14626.88    642.55     80.93    131.28   5845.77  -7377.99      0.00 0
7006 14.0      17_21_25_26_33_34_38_41_49_50_53_59_60_63_67_71_72_75_76_83_84_86_89_95_96_99_100_103_107_108_111_114_117_121_122_125_126_129_133_134_137_138_141_143_146_147_152_153_154_155_158_162_163_165_168_173_174_177_179_182_185_186_191_197_199_206_212_214_220_227_231_238_243_250_253_258_261_267_270_277_281  3.31e+08  3.05e+08  -9327.37 -49363.71  12320.85    679.30     76.22    259.30   2876.72  -2292.70      0.00 0
7007 14.0      0_1_2_3_4_5_6_7_8_9_10_11_12_13_14_16_17_18_20_21_22_25_26_28_29_30_32_33_34_35_36_38_40_41_42_44_45_46_49_50_52_53_54_55_59_60_62_63_64_66_67_68_71_72_75_76_78_79_80_83_84_86_88_89_90_91_95_96_99_100_102_103_104_107_108_110_111_112_114_116_117_121_122_125_126_128_129_130_133_134_137_138_140_141_142_143_146_147_148_152_153_154_155_157_158_162_163_164_165_167_168_169_170_172_173_174_177_179_181_182_186_188_190_191_194_196_197_200_205_206_210_211_213_214_216_219_226_227_230_231_234_237_242_246_249_250_252_254_257_260_261_263_266_269_273_275_276_278_280_283_285_286_288_290_292_294_296  4.17e+08  3.46e+08 -41869.24 -83830.09  14238.38    703.61     81.36    243.46   2697.14    310.62      0.00 0
7008 14.0      175_184_198_211_217_219_223_234  1.51e+08  1.25e+08 -11266.57  16709.67   9243.85    640.95     65.36    123.99  -4398.99  -5388.52      0.00 0
7009 14.0      30_36_42_46_56_64_68_80_90_104_108_112_130_138_142_163_169_174  1.41e+08  1.26e+08  14213.35  19166.23   9002.18    778.16     69.33     53.44   2599.92   4703.66      0.00 0
7010 14.0      146_152_154_162_176_178_185_187_193_199_202_203_209_215  6.92e+08  6.05e+08  11182.29  12135.11   7274.66    879.26     66.21     47.34   5265.05  -2935.45      0.00 0
7011 14.0      41_45_53_55_59_63_67_78_79_83_89_91_95_99_102_103_107_110_111_116_117_121_125_128_129_133_137_140_141_143_146_148_152_154_157_158_161_162_164_167_168_170_172_173_176_178_181_182_185_187_190_191_193_194_196_197_198_199_200_202_203_205_206_208_209_211_212_213_214_215_217_218_219_220_221_222_223_224_226_227_228_229_230_231_232_233_234_235_236_237_238_239_241_242_243_244_245_246_247_248_249_250_251_252_253_254_255_256_257_258_259_260_261_262_263_264_265_266_267_268_269_270_271_272_273_274_275_276_277_278_279_280_281_282_283_284_285_286_287_288_289_290_291_292_293_294_295_296  7.94e+08  6.85e+08 158229.52  78580.23  14710.98    733.03     85.24     26.41   1705.45  -6569.95      0.00 0
7012 14.0      168_173_182_191_197_199_203_206_212_214_218_220_224_228_233_235_241_244_248_251_256_262_265_268_282  2.57e+08  2.21e+08  26499.67   2486.29   8786.96    897.93     71.73      5.36   5344.33  -5954.96      0.00 0
7013 14.0      0_1_2_3_4_5_6_7_8_9_10_11_12_13_14_15_16_17_18_19_20_21_22_23_24_25_26_27_28_29_30_31_32_33_34_35_36_37_38_39_40_41_42_43_44_45_46_47_48_49_50_51_52_53_54_55_56_57_58_59_60_61_62_63_64_65_66_67_68_69_70_71_72_73_74_75_76_77_78_79_80_81_82_83_84_85_86_87_88_89_90_91_92_93_94_95_96_97_98_99_100_101_102_103_104_105_106_107_108_109_110_111_112_113_114_115_116_117_118_119_120_121_122_123_124_125_126_127_128_129_130_131_132_133_134_135_136_137_138_139_140_141_143_144_146_148_149_150_152_154_156_157_158_159_160_162_164_166_167_168_170_171_173_176_178_180_181_182_183_185_187_189_191_193_195_197_199_200_201_202_203_204_206_209_212_214_215_218_220_224_227_228_229_231_232_233_235_238_241_243_244_245_247_248_250_251_253_255_256_258_259_262_264_265_267_268_270_271_272_274_279_282_284  2.04e+08  1.67e+08 -118799.43 138703.64  14308.78    782.34     85.52    130.58   3144.71  -3915.38      0.00 0
7014 14.0      0_1_2_3_4_5_6_8_9_11_12_13_16_17_18_20_21_24_25_26_28_29_33_34_35_38_41_45_49_50_53_59_63_71_72_75_76_83_86_95_99_100_107_114_121_125_133_134_143_146_154_164_170_178_187_193_208_209_215_221_232_236_239_247  2.51e+08  2.07e+08  43483.39  -5269.77  11687.44    697.96     75.06    353.09   6071.48  -1254.93      0.00 0
7015 14.0      1_2_5_8_11_13_15_16_20_23_24_28_29_31_32_35_37_40_44_45_47_48_51_52_55_57_58_62_66_67_69_70_73_74_78_79_81_82_85_88_89_91_93_94_97_98_102_103_105_106_110_111_113_116_117_119_120_123_124_128_129_131_132_135_136_140_141_144_145_148_150_151_157_158_160_161_167_168_172_173_175_181_182_184_190_191_196_197_198_200_205_206_211_212_213_214_217_219_220_223_226_227_230_231_234_235_237_238_242_243_246_249_250_252_253_254_255_257_258_260_261_263_264_266_267_269_270_271_273_274_275_276_277_278_279_280_281_283_284_285_286_287_288_289_290_291_292_293_294_295_296_297_298  2.34e+08  1.89e+08 -109213.79 155741.94  15471.72    620.52     85.35    125.04  -1874.27  -6056.60      0.00 0
7016 14.0      94_102_106_110_116_120_124_128_132_136_140_145_148_151_157_158_161_167_172_175_181_182_184_190_191_196_198_200_205_206_211_213_214_217_219_223_226_227_230_231_237_238_243_246_249_250_252_253_258_260_261_264_267_270_274_275_277_279_281_284_287_289_291  1.12e+08  9.18e+07 -42584.18  41788.96  12747.18    708.80     77.94    135.54    562.00  -7994.11      0.00 0
7017 14.0      96_99_100_114_122_125_126_133_134_138_142_143_146_147_153_154_155_163_164_165_170_174_176_177_178_179_186_187_188_193_194_202_203_208_209_210_215_216_221_222_228_229_233  2.29e+08  1.91e+08   7767.23 -55477.50  12336.99    737.31     77.58    277.97   4736.28   5059.09      0.00 0
7018 14.0      0_1_2_3_4_5_6_7_8_9_10_11_12_13_14_15_16_17_18_19_20_21_22_23_24_26_27_28_29_30_31_32_34_35_36_37_39_40_42_43_44_45_46_47_48_51_52_54_55_56_57_58_61_62_64_65_66_68_70_74_77_78_80_82_84_87_88_90_92_101_102_104_106_110_112_115_118_128_130_136_140_142_149_159_169_183_192  1.23e+08  1.07e+08 -14203.17 -37967.92  11677.57    656.53     73.93    249.49    -18.56   1278.82      0.00 0
7019 14.0      0_1_2_3_4_6_7_10_11_12_14_15_18_19_22_23_24_26_27_30_31_34_36_37_38_39_42_43_46_47_50_51_54_56_57_60_61_64_65_68_69_70_72_73_76_77_80_81_84_85_87_90_92_93_96_97_100_101_104_105_108_109_112_113_119_122_123_126_131_134_135_138_144_147_155_179_188  1.70e+08  1.40e+08 -46288.34  -2977.11  12185.91    656.02     75.28    183.68  -1883.12   1527.65      0.00 0
7020 14.0      0_3_4_5_8_9_10_12_13_17_18_20_21_22_25_26_28_29_33_34_35_38_40_41_44_45_49_50_53_54_55_59_60_62_63_64_66_67_71_72_75_76_78_79_83_84_86_88_89_91_95_96_99_100_102_103_107_108_110_111_114_116_117_121_122_125_126_128_129_133_134_137_138_140_141_143_146_147_148_152_153_154_155_157_158_162_163_164_165_167_168_170_172_173_176_177_178_179_181_182_185_186_187_188_190_191_193_194_196_197_199_200_205_206_208_210_211_212_213_214_216_219_220_222_226_227_230_231_234_237_240_242_246_249_250_252_254_257_260_261_263_266_269_273_275_276_278_280_283_285_286_288_290_292_294_296  3.39e+08  2.72e+08  57887.81  84227.27  14946.09    639.00     81.68     55.50    569.36  -4720.99      0.00 0
7021 14.0      237_242_246_249_252_254_257_260_261_263_266_267_269_273_275_276_277_278_280_281_283_284_285_286_287_288_289_290_291_293_295  1.74e+08  1.56e+08  35559.54 -13104.51  11225.71    686.12     73.50    339.77  -1459.06  -9852.96      0.00 0
7022 14.0      0_1_2_3_4_5_6_7_8_9_10_11_12_13_14_15_16_17_18_19_20_21_22_23_24_25_26_27_28_29_30_31_32_33_34_35_36_37_38_39_40_41_42_43_44_45_46_47_48_49_50_51_52_53_54_55_56_57_58_59_60_61_62_63_64_65_66_67_68_69_70_71_72_73_74_75_76_77_78_79_80_81_82_83_84_85_86_87_88_89_90_91_92_93_94_95_96_97_98_99_100_101_102_103_104_105_106_107_108_109_110_111_112_113_114_115_116_117_118_119_120_121_122_123_124_125_126_127_128_129_130_131_132_133_134_135_136_137_138_139_140_141_142_144_145_146_148_149_150_151_152_153_154_156_157_158_159_160_161_162_163_166_167_168_169_171_172_173_174_176_180_181_182_183_184_185_189_190_191_192_195_196_197_198_199_200_201_203_204_205_206_207_211_212_213_214_218_219_220_224_225_226_227_230_231_235_237_238_241_242_243_244_246_249_250_252_253_255_256_257_258_259_260_261_264_266_267_269_270_271_274_275_276_277_279_280_281_283_284_286_287_288_289_290_291_293_294_295_296_297_298  2.04e+08  1.74e+08 -40599.30 190025.94  14542.37    729.77     85.72    102.06  -1093.92   3428.96      0.00 0
7023 14.0      82_88_91_94_98_102_106_110_116_117_120_124_128_132_136_140_145_148_151_157_158_161_167_168_172_175_181_182_190_191_196_197_200_205_206_213_214_220_226_227_230_231_238_243_246_249_250_253_255_258_261_264_267_270_271_274_277_279_281_284_289_291  4.07e+08  3.44e+08 -35583.35  36924.94  11387.26    846.34     77.48    133.94   2013.83  -8399.68      0.00 0
7024 14.0      0_1_2_3_4_5_6_7_8_9_10_11_12_13_15_16_17_18_19_20_21_23_24_25_26_28_29_31_32_33_35_37_38_40_41_44_45_47_48_49_51_52_53_55_57_58_59_62_63_66_67_69_70_73_74_75_78_79_81_82_83_85_88_89_91_93_94_95_97_98_103_106_107_111_113_119_121_123_124_125_131_132_137_141_144_146_152_162_176_185_202_203  5.25e+08  4.55e+08  41987.13 -19927.97  11046.49    844.00     76.63    334.61  -2229.17   -286.86      0.00 0
7025 14.0      121_125_133_137_143_146_152_154_162_164_173_176_178_185_187_197_199_202_203_212_214_218_220_224_233_235_238_241_243_244_253_255_256_258_259_264_270_271_274_279_281_284_291  1.48e+08  1.23e+08  -5341.64 -42824.30  11040.48    795.72     75.65    262.89   3941.40  -8564.61      0.00 0
7026 14.0      0_1_2_3_5_6_7_8_9_11_13_15_16_19_20_21_23_24_28_29_31_32_35_40_41_44_45_51_55_67_78_79_103  4.57e+08  3.82e+08  -7465.48  17136.70   8593.52    703.18     65.31    113.54   -216.06  -1035.95      0.00 0
7028 14.0      122_126_134_138_142_143_147_153_155_163_165_169_170_174_177_179_186_188_192_193_194_208_210_215_216_221_222_232_236_239_240  2.19e+08  1.81e+08 -27616.96  30075.33  11700.57    657.12     74.01    132.56   6092.59   1345.70      0.00 0
7029 14.0      9_13_21_28_29_33_35_40_41_44_45_49_53_55_59_62_63_66_67_75_78_79_83_88_89_95_99_107_125  2.69e+08  2.26e+08  22109.87   3783.28   9190.57    707.37     67.72      9.71   1202.27  -1923.27      0.00 0
7030 14.0      0_1_3_4_5_6_7_9_10_12_14_17_18_21_22_25_26_27_29_30_33_34_36_38_39_41_42_43_46_49_50_53_54_56_59_60_63_64_65_67_68_71_72_75_76_77_80_83_84_86_87_89_90_92_95_96_99_100_101_104_107_108_109_111_112_114_115_118_121_122_125_126_127_130_133_134_137_138_141_142_143_146_147_149_152_153_154_155_156_159_162_163_164_165_166_169_170_173_174_176_177_178_179_180_183_185_186_187_188_189_192_193_194_195_197_199_201_202_203_204_207_208_209_210_212_215_216_218_220_221_222_224_225_228_229_232_233_235_236_239_240_241_243_244_245_247_248_251_255_256_259_262_264_265_268_271_272_279_282  1.29e+08  1.17e+08 -64634.48 133762.42  14461.70    783.06     84.44    115.79   5113.71  -1459.75      0.00 0
7031 14.0      33_53_59_63_75_83_95_107_121_125_137_146_152_154_176_178_185_202_203_218_228_229_233_245_248_262_265  1.86e+08  1.59e+08  19621.42 -12664.54   8366.40    891.61     70.29    327.16   5068.34  -3481.27      0.00 0
7032 14.0      172_181_182_190_196_198_200_205_206_211_213_214_217_219_220_223_226_227_230_231_234_235_237_238_242_243_246_249_250_252_253_254_255_257_258_259_260_261_263_264_266_267_269_270_271_272_273_274_275_276_277_278_279_280_281_283_284_285_286_287_288_289_290_291_292_293_295  4.90e+08  4.08e+08  85454.54 -21829.75  14064.00    704.18     80.94    345.67   -916.72  -8757.93      0.00 0
7033 14.0      0_1_2_3_4_5_6_7_8_9_10_11_13_14_15_16_20_23_24_27_28_29_30_32_35_36_40_44_45_52_55_58_62_66_78_79_82_88_91_102_106_110_116_128_136_140_148_157_167_172_181_190_196_205_211_213_219_230_237_242_252_257_269  6.31e+08  5.41e+08  -8317.78 -34887.37  11006.18    688.33     72.94    256.59  -1312.88  -4128.47      0.00 0
7034 14.0      0_1_2_3_4_5_6_7_8_9_10_11_12_13_14_15_16_17_18_19_21_25_26_27_28_29_33_35_41_44_45_49_53_55_59_63_67_79_83_89_91_103_107_111_117_129_137_141_158_162_168_173_191_197_199_212_214_220_224_235_238_243_255_264  1.58e+08  1.33e+08 -15486.89  31280.34  10924.94    685.35     72.62    116.34   1892.88  -3565.82      0.00 0
7035 14.0      117_129_137_141_148_152_157_158_162_167_168_173_176_181_182_185_190_191_196_197_199_200_202_203_205_206_209_211_212_213_214_218_219_220_224_226_227_228_229_230_231_232_233_234_235_237_238_241_242_245_246_247_248_249_252_254_257_263_266_269_273_278  2.88e+08  2.68e+08  45272.68  19263.76  12130.39    696.13     76.15     23.05    542.69  -6453.52      0.00 0
7036 14.0      0_1_2_3_4_5_6_8_9_10_12_13_14_16_17_18_20_21_22_25_26_28_29_30_33_34_35_38_40_41_42_44_45_46_49_50_52_53_54_55_59_60_62_63_64_66_67_68_71_72_75_76_78_79_83_84_86_88_89_90_91_95_96_99_100_102_103_107_108_110_111_112_114_116_117_121_122_125_126_128_129_133_134_137_138_140_141_142_143_146_147_148_152_153_154_155_157_158_162_163_164_165_167_168_170_172_173_174_177_179_181_182_186_188_190_191_194_196_197_200_205_206_210_211_213_214_216_219_226_227_230_231_234_237_242_246_249_250_252_254_257_260_261_263_266_269_273_275_276_278_280_283_285_286_288_290_292_294_296  5.89e+08  5.12e+08 -45018.64 -80386.55  13835.29    756.39     81.46    240.75   2346.64   -984.34      0.00 0
7037 14.0      44_55_62_66_67_78_79_88_89_91_102_103_106_107_110_111_116_117_120_121_128_129_136_137_140_141_148_151_152_157_158_162_168_173_176_185_197_199_202_203_212_218_224_228_233_241_245_248_251_262  1.91e+08  1.59e+08  33809.07  -5937.11   9998.74    834.44     73.76    350.04   2055.77  -4142.90      0.00 0
7038 14.0      0_1_2_3_4_5_6_8_9_10_12_13_14_16_17_18_20_21_22_25_26_28_29_30_33_34_35_38_40_41_42_44_45_49_50_52_54_55_60_62_64_66_68_72_76_78_84_88_90_96_108_122_138  6.17e+08  5.46e+08 -14632.00 -19055.02   9222.24    742.83     69.00    232.48   1050.81    293.45      0.00 0
7039 14.0      0_1_2_3_4_5_6_8_9_10_12_13_16_17_18_20_21_22_25_26_28_29_30_33_34_35_38_40_41_42_44_49_50_53_54_59_60_64_71_72_75_76_84_86_96_100_108_122_126_134_138_147_153_155_177_179_186  1.51e+08  1.22e+08  25323.89  20957.19  10883.78    658.09     71.68     39.61   2776.53   1360.78      0.00 0
7040 14.0      0_1_2_3_4_5_6_7_8_10_11_13_14_15_16_18_19_20_22_23_24_27_28_30_31_32_36_37_39_40_42_43_44_46_47_48_51_52_54_56_57_58_61_62_64_65_66_68_69_70_74_77_80_81_82_87_88_90_92_101_104_106_112_115_118_130_142_149_159_169_183_192  2.69e+08  2.20e+08 -14104.89 -31355.53  10715.36    709.42     72.69    245.78     77.97   2241.84      0.00 0
7041 14.0      1_7_11_15_16_19_20_23_24_27_31_32_36_37_39_43_47_48_51_52_56_57_58_61_62_65_69_70_73_74_77_81_82_85_87_88_92_93_94_97_98_101_105_106_109_110_113_115_118_119_120_123_124_127_131_132_135_136_139_140_144_145_149_150_151_156_159_160_161_166_171_172_175_180_183_184_189_195_198_201_204_207_211_217_223_225_234_254  6.03e+08  5.03e+08  17137.27  56370.02  12340.70    765.72     78.17     73.09  -2059.03   3088.03      0.00 0
7042 14.0      0_1_2_3_4_5_6_7_8_9_10_11_12_13_14_15_16_17_18_20_21_22_24_25_26_28_29_30_32_33_34_35_38_40_41_42_44_45_46_48_49_50_52_53_54_55_58_59_60_62_63_64_66_67_68_71_72_74_75_76_78_79_82_83_84_86_88_89_90_91_94_95_96_99_100_102_103_106_107_108_110_114_116_117_120_122_126_128_134_136_138_140_147_148_151_153_155_157_161_167_172_175_177_179_181_184_186_190_196_198_211_213_217_219_223_234_237_242_254_257_263_278  1.74e+08  1.48e+08  40551.32  44659.18  11845.81    867.35     78.89     47.76  -2705.76  -4869.62      0.00 0
7043 14.0      0_1_2_4_5_6_7_8_10_11_13_14_15_16_19_20_23_24_27_28_30_31_32_35_36_37_39_40_43_44_46_47_48_51_52_55_56_57_58_61_62_65_66_68_69_70_73_74_77_78_80_81_82_85_87_88_92_93_94_97_98_101_102_104_105_106_109_110_113_115_116_118_119_120_123_124_127_128_130_131_132_135_136_139_140_144_145_149_150_151_156_157_159_160_161_166_167_171_172_175_180_183_184_189_190_192_195_196_198_201_204_207_211_213_217_219_223_225_230_234_237_242_252_254_257_263_269_273_278_283_285_290_292  2.19e+08  1.92e+08 -24891.36 -110003.98  14708.27    699.90     82.57    257.25  -3097.38    270.88      0.00 0
7044 14.0      59_71_72_75_83_86_89_95_99_100_107_111_114_121_125_126_129_133_134_137_141_143_146_147_152_154_155_158_162_164_165_168_170_173_176_177_178_179_182_185_187_188_191_194_197_199_206_210_212_214_220_224_227_231_235_238_243_250_253_258_261_267_270_277_281_287_289  3.24e+08  2.72e+08  14187.51  43304.34  11590.03    736.34     75.73     71.86   3431.42  -3172.73      0.00 0
7045 14.0      181_182_190_191_196_200_205_206_211_213_214_219_220_223_226_227_230_231_234_235_237_238_242_243_244_246_249_250_252_253_254_255_257_258_259_260_261_263_264_266_267_270_271_272_274_275_277_279_281_284  2.34e+08  1.93e+08 -60057.86  14696.06  12894.39    705.68     78.22    166.25   5534.00  -9390.44      0.00 0
7046 14.0      0_1_2_3_4_5_6_7_8_9_10_11_12_13_14_15_16_17_18_19_20_21_22_23_24_25_26_27_28_29_30_31_32_33_34_35_36_37_38_39_40_41_42_43_44_45_46_47_48_49_50_51_52_53_54_55_56_57_58_59_60_61_63_64_65_67_68_69_70_71_72_73_74_75_76_77_79_80_81_83_84_85_86_87_89_90_92_93_95_96_97_99_100_101_104_105_107_108_109_111_112_113_114_115_118_119_121_122_123_125_126_127_131_133_134_135_137_139_143_144_146_150_152_154_155_156_160_162_164_165_166_170_171_176_178_185_187_193_194_195_199_202_203_208_209_215_218_221_228_229_232_233_236_239_241_245_247_248_251_262_265_268_282  3.63e+08  3.20e+08 -82087.27  50066.96  13376.26    849.90     82.08    148.62   5067.32  -1800.04      0.00 0
7047 14.0      6_7_10_14_18_19_22_26_27_30_31_34_36_39_42_43_46_50_51_54_56_57_60_61_64_65_68_72_73_76_77_80_81_84_86_87_90_92_93_96_100_101_104_105_108_109_112_114_115_118_119_122_123_126_127_130_134_135_138_139_142_143_144_147_149_150_153_155_156_159_160_163_165_166_169_170_171_174_177_179_180_183_186_188_189_192_194_195_201_204_207_208_210_216_222_236_240  3.63e+08  3.14e+08 -101783.72  16685.96  14495.71    702.02     82.00    170.69    474.17   3826.70      0.00 0
7048 14.0      0_1_2_3_5_8_9_11_13_15_16_17_20_21_23_24_28_29_31_32_33_35_37_40_41_44_45_47_48_52_53_55_57_58_59_62_63_66_67_69_70_73_74_78_79_81_82_83_85_88_89_91_93_94_95_97_98_102_103_106_107_110_111_113_116_117_119_120_121_123_124_128_129_131_132_136_137_140_141_144_145_146_148_151_152_157_158_161_162_167_168_172_173_175_176_181_182_184_185_190_191_196_197_198_199_200_202_203_205_206_211_212_213_214_217_218_219_220_223_224_226_227_228_230_231_233_234_235_237_238_241_243_244_245_246_248_249_250_251_253_255_256_258_259_261_262_264_265_267_268_270_271_272_274_277_279_281_282_284_291  1.66e+08  1.38e+08 127475.12 -82309.62  14610.82    761.36     84.50    327.15   4822.12  -7720.86      0.00 0
7049 14.0      0_1_2_3_4_5_6_7_8_9_10_11_12_13_14_15_16_17_18_19_20_21_22_23_24_25_26_27_28_29_30_31_32_33_34_35_36_37_38_39_40_41_42_43_44_45_46_47_48_49_50_51_52_53_54_55_56_57_58_59_60_61_62_63_64_65_66_67_68_69_70_71_72_73_74_75_76_77_78_79_80_81_82_83_84_85_86_87_88_89_90_91_92_94_95_96_99_100_101_102_103_104_106_107_108_110_111_112_114_115_116_117_118_120_121_122_125_126_127_128_129_130_133_134_136_137_138_140_141_142_143_146_147_148_149_151_152_153_154_155_156_157_158_159_161_162_163_164_165_167_168_169_170_172_173_174_176_177_178_179_180_181_182_183_184_185_186_187_188_190_191_192_193_194_196_197_198_199_200_201_202_203_205_206_207_208_209_210_211_212_213_214_215_216_217_218_219_220_221_222_223_224_226_227_228_229_230_231_232_233_234_235_236_237_238_239_240_241_242_243_244_245_246_247_248_249_250_251_252_253_254_255_256_257_258_259_260_261_263_264_265_266_267_268_269_270_271_272_273_274_275_276_277_278_279_280_281_283_284_285_286_287_288_289_290_291_292_293_294_295_296_297_298  6.61e+08  5.86e+08  90290.47 254689.84  12176.13    805.59     87.42     70.48   2105.39  -3392.26      0.00 0
7050 14.0      30_36_42_43_46_54_56_60_64_65_68_76_77_80_84_87_90_92_96_100_101_104_108_109_112_114_115_118_122_126_127_130_134_135_138_139_142_143_147_149_153_155_156_159_160_163_164_165_166_169_170_171_174_177_179_180_183_186_188_189_192_193_194_195_201_204_207_208_210_216_221_222_225_236_239_240  8.51e+08  7.52e+08  87662.27 -39765.37  14420.49    688.23     81.48    335.60   4614.65   3132.45      0.00 0
7051 14.0      141_148_152_158_162_168_173_176_181_182_185_190_191_196_197_199_200_202_203_205_206_209_212_213_214_218_219_220_224_226_227_228_229_230_231_232_233_234_235_237_238_241_242_243_244_245_246_247_248_249_250_251_252_253_254_255_256_257_258_259_260_261_262_263_264_265_266_267_268_269_270_271_272_273_274_275_276_277_278_279_280_281_282_283_284_285_286_287_288_289_290_291_292_293_294_295_296_297_298  4.79e+08  4.09e+08 -123006.11 -46996.07  14653.72    742.50     83.65    200.91  -3400.56 -10440.02      0.00 0
7052 14.0      5_8_9_13_17_20_21_25_28_29_32_33_35_38_40_41_44_45_49_52_53_55_58_59_62_63_66_67_71_75_78_79_82_83_86_88_89_91_94_95_99_102_103_106_107_110_111_114_116_117_120_121_124_125_128_129_133_136_137_140_141_143_145_146_148_151_152_154_157_158_161_162_164_165_167_168_170_172_173_175_176_178_181_182_184_185_187_190_191_193_194_196_197_198_199_200_202_203_205_206_208_209_211_212_213_214_215_217_218_219_220_221_222_223_224_226_227_228_229_230_231_232_233_234_235_236_237_238_239_241_242_243_244_245_246_247_248_249_250_251_252_253_254_255_256_257_258_259_260_261_262_263_264_265_266_267_268_269_270_271_272_273_274_275_276_277_278_279_280_281_282_283_284_285_286_287_288_289_290_291_292_293_294_295_296_297_298  7.76e+08  6.76e+08 -289756.06 -72512.94  11317.97    779.21     87.83    194.05  -3452.27 -10914.36      0.00 0
7053 14.0      78_79_88_91_102_103_106_110_111_116_117_120_128_129_136_137_140_141_145_148_151_152_157_158_161_162_167_168_172_173_175_176_181_182_184_185_190_191_196_197_198_199_200_203_205_206_211_212_213_214_217_218_219_220_223_224_226_227_228_230_231_233_234_235_238_241_243_244_245_248_251_255_256_258_259_262_264_265_268_271_272_282  2.51e+08  2.10e+08 -71796.62  13099.44  13434.18    709.88     79.57    169.66   1941.95  -5648.63      0.00 0
7054 14.0      0_1_2_3_4_5_6_7_8_9_10_11_12_13_14_15_16_17_18_19_20_21_22_25_26_27_28_29_30_32_33_34_35_36_38_39_40_41_42_43_44_45_46_49_50_52_53_54_55_56_59_60_62_63_64_66_67_68_71_72_75_76_77_78_79_80_83_84_86_88_89_90_91_92_95_96_99_100_102_103_104_107_108_110_111_112_114_116_117_118_121_122_125_126_128_129_130_133_134_137_138_141_142_143_146_147_148_149_152_153_154_155_157_158_159_162_163_164_165_167_168_169_170_173_174_176_177_178_179_181_182_183_185_186_187_188_190_191_192_194_196_197_199_200_203_205_206_207_210_212_213_214_218_220_224_226_227_230_231_235_237_238_243_244_246_249_250_252_253_255_257_258_260_261_264_266_267_269_270_271_274_275_276_277_279_280_281_283_284_286_287_288_289_290_291_292_293_294_295_296_297_298  2.57e+08  2.20e+08  23497.71 124239.30  14003.99    835.21     83.68     79.29    814.89  -9381.92      0.00 0
7055 14.0      0_1_2_3_4_5_6_7_8_9_10_11_12_13_14_15_16_17_18_19_20_21_22_23_24_25_26_27_28_29_30_31_32_33_34_35_36_37_38_39_40_41_42_43_44_45_46_47_48_49_50_51_52_53_54_55_56_57_58_59_60_61_62_63_64_65_66_67_68_69_70_71_72_73_74_75_76_77_78_79_80_81_82_83_84_85_86_87_88_89_90_91_92_93_94_96_97_98_100_101_102_103_104_105_106_107_108_109_110_111_112_113_115_116_117_118_119_120_122_123_124_126_127_128_129_130_131_132_135_136_138_139_140_142_144_145_147_148_149_150_151_153_156_157_158_159_160_161_163_166_167_169_171_172_174_175_177_180_181_182_183_184_186_189_190_192_195_196_198_200_201_204_205_207_211_213_217_219_223_225_226_230_234_237_242_249_252_254_257_263_266_269_273_278_280_283_285_288_290_292_296  8.13e+08  6.73e+08 -84955.72 -189743.19  13881.20    792.75     86.18    245.88    -22.58   4506.90      0.00 0
7056 14.0      11_15_16_19_23_24_31_32_37_39_47_48_51_52_57_58_61_62_69_70_73_74_81_82_85_87_88_93_94_97_98_105_106_109_110_113_119_120_123_124_127_131_132_135_136_139_140_145_151_161_166_167_172_184_196_198_211_219_234  3.31e+08  2.77e+08  -2649.52 -37795.05  11215.69    687.51     73.51    265.99  -2849.23   -891.00      0.00 0
7057 14.0      0_1_2_3_4_5_6_7_8_9_10_11_12_13_14_15_16_17_18_19_20_21_22_23_24_25_26_27_28_29_30_31_32_33_34_35_36_37_38_39_40_41_42_43_44_45_46_47_48_49_50_51_52_53_54_55_56_57_58_59_60_61_62_63_64_65_66_67_68_69_70_71_72_73_74_75_76_77_78_79_80_81_82_83_84_85_86_87_88_89_90_91_92_93_94_95_96_97_98_99_100_101_102_103_104_105_107_108_109_111_113_114_115_117_118_119_121_123_125_127_129_131_133_134_135_137_139_141_143_144_146_150_152_154_156_158_160_162_164_166_168_171_173_176_178_185_187_189_193_195_197_199_202_203_209_212_215_218_220_224_228_229_232_233_235_241_244_245_247_248_251_255_256_259_262_265_268_271_272_282  3.55e+08  2.98e+08 -87917.77  75808.28  15139.02    650.29     82.57    139.23   3065.73  -2377.47      0.00 0
7058 14.0      142_147_153_163_169_174_177_179_186_188_210_216_240  1.55e+08  1.29e+08  21847.06 -14220.19   9431.11    756.70     70.11    326.94   5649.94   3501.92      0.00 0
7059 14.0      0_1_2_3_4_5_6_7_8_9_10_11_12_13_14_15_16_17_18_19_20_21_22_23_24_25_26_27_28_29_30_31_32_33_34_35_36_37_38_39_40_41_42_43_44_45_46_47_48_49_50_51_52_53_54_55_56_57_58_59_60_61_62_63_64_65_66_67_68_69_70_71_72_73_74_75_76_77_78_79_80_81_82_83_84_85_86_87_88_89_90_91_92_93_94_95_96_97_98_99_100_101_102_103_104_105_106_107_108_109_110_111_112_113_114_115_116_117_118_119_120_121_122_123_124_125_126_127_128_129_130_131_132_133_134_135_136_137_138_139_140_141_142_143_144_145_146_147_148_149_150_151_152_153_154_155_156_157_158_159_160_161_162_163_164_165_166_167_168_169_170_171_172_173_174_175_176_177_178_179_180_181_182_183_184_185_186_187_188_189_190_191_192_193_194_196_197_198_199_200_202_203_205_206_208_209_210_211_212_213_214_215_216_217_218_219_220_221_222_223_224_226_227_228_229_230_231_232_233_234_235_236_237_238_239_240_241_242_243_244_245_246_247_248_249_250_251_252_253_254_255_256_257_258_259_260_261_262_263_264_265_266_267_268_269_270_271_272_273_274_275_276_277_278_279_280_281_282_283_284_285_286_287_288_289_290_291_292_293_294_295_296  4.07e+08  3.53e+08 301633.31  65105.21  11207.25    740.21     87.92     12.18   5312.95  -1960.92      0.00 0
7060 14.0      0_1_3_4_6_7_10_12_14_15_17_18_19_22_25_26_27_30_31_33_34_36_38_39_42_43_46_49_50_51_54_56_57_60_61_64_65_68_71_72_75_76_77_80_81_84_86_87_90_92_93_96_99_100_101_104_105_108_109_112_114_115_118_119_122_125_126_127_130_133_134_135_138_139_142_143_144_147_149_150_153_154_155_156_159_160_164_165_166_170_171_177_178_179_187_188_189_193_194_195_208_209_210_215_216_221_222_232_236_239_240_247  6.92e+08  6.02e+08 -65533.23  29026.65  13335.74    715.60     79.46    156.11   4786.84    674.13      0.00 0
7061 14.0      96_100_114_126_133_134_143_154_164_165_170_178_187_193_202_209_215_229_232_245_247  2.14e+08  1.70e+08  18621.43 -21988.73  10550.23    635.99     69.89    310.26   5796.10  -1388.23      0.00 0
7062 14.0      0_1_2_4_5_6_7_8_10_11_13_14_15_16_19_20_22_23_24_27_28_30_31_32_36_37_39_40_42_43_44_46_47_48_51_52_56_57_58_61_62_65_66_68_69_70_73_74_77_80_81_82_85_87_88_90_92_93_94_97_98_101_104_105_106_109_110_113_115_118_119_120_123_124_127_130_132_135_136_139_140_145_149_151_156_159_161_166_169_172_175_180_183_184_189_192_198_201_204_207_211_217_223_225_234_254  7.94e+08  6.78e+08  18128.88  45835.06  10566.87    985.73     77.90     68.42  -1138.11   2391.27      0.00 0
7063 14.0      2_5_8_16_20_24_28_32_40_48_52_58_62_70_74_82_88_94_98_106_120_124_132_145_151_175  8.13e+08  6.98e+08  20121.84   8462.57   7927.84    939.75     70.04     22.81  -4038.45  -2246.32      0.00 0
7064 14.0      95_103_107_111_117_121_125_129_133_137_141_146_148_152_154_157_158_162_164_168_170_173_176_178_181_182_185_187_190_191_193_197_199_200_202_203_205_206_208_209_212_213_214_215_218_219_220_221_222_224_226_227_228_229_230_231_232_233_235_236_237_238_239_241_242_243_246_247_249_250_252_253_257_258_260_261_263_266_267_269_273_275_276_277_278_280_283_285_286_288_290_292_294_296  1.95e+08  1.74e+08 -56515.27 -50993.84  13531.73    715.79     79.92    222.06  -1403.63  -9009.90      0.00 0
7065 14.0      0_1_2_3_4_5_6_7_8_9_10_11_12_13_14_15_16_17_18_19_20_21_22_23_24_26_27_28_29_30_31_32_34_35_36_37_39_40_41_42_43_44_45_46_47_48_51_52_54_55_56_57_58_61_62_64_65_66_68_69_70_73_74_77_78_79_80_81_82_85_87_88_90_91_92_93_94_97_98_101_102_104_105_106_109_110_112_113_115_116_118_119_120_123_124_127_128_130_131_132_135_136_139_140_144_145_148_149_150_151_156_157_159_160_161_166_167_169_171_172_175_180_181_183_184_189_190_192_195_196_198_201_204_205_207_211_213_217_219_223_225_230_234_237_242_249_252_254_257_263_266_269_273_278_280_283_285_290_292_296  7.76e+08  6.47e+08 -25092.33 -98656.93  14778.13    659.39     81.74    255.73  -3000.69  -4190.37      0.00 0
7066 14.0      226_227_230_231_246_249_250_252_253_257_260_261_263_266_269_273_275_276_278_280_283_285_288_290_292  1.38e+08  1.15e+08 -32424.52 -13603.39  10777.11    712.79     72.96    202.76  -3481.49 -10322.75      0.00 0
7067 14.0      0_2_3_4_5_6_8_9_10_12_13_14_17_18_21_22_25_26_28_29_30_33_34_35_36_38_41_42_44_45_46_49_50_53_54_55_56_59_60_63_64_67_68_71_72_75_76_78_79_80_83_84_86_89_90_91_95_96_99_100_103_104_107_108_111_112_114_116_117_118_121_122_125_126_129_130_133_134_137_138_141_142_143_146_147_148_152_153_155_157_158_159_162_163_168_169_173_174_177_179_181_182_186_191_192_197_199_200_205_206_207_212_214_220_226_227_231_238_243_246_249_250_253_258_260_261_267_270_275_276_277_281_284_286_287_289_291_293_294_295_297_298  2.63e+08  2.21e+08  11633.99  76028.48  13852.78    674.59     79.79     81.30   2361.75     22.75      0.00 0
7068 14.0      0_1_2_3_4_5_6_7_8_9_10_11_12_13_14_15_16_17_18_19_20_21_22_23_24_25_26_27_28_29_31_32_33_34_35_37_38_39_40_41_44_45_47_48_49_50_51_52_53_55_57_58_59_61_62_63_66_67_69_70_71_72_73_74_75_78_79_81_82_83_85_86_88_89_91_93_94_95_97_98_99_102_103_106_107_110_111_113_117_119_120_121_123_124_125_129_131_132_133_137_141_144_146_152_154_162_164_173_176_178_185_187_199_202_203_209_215_218_228_229_232_233_241_245_247_248_251_262_265  8.71e+08  7.97e+08  63717.36 -25317.58  12905.54    759.09     79.34    338.33    597.95  -1629.34      0.00 0
7069 14.0      0_1_2_3_4_5_6_7_8_9_10_11_12_13_14_15_16_17_18_19_20_21_22_23_24_25_26_27_28_29_30_31_32_33_34_35_36_37_38_39_40_41_42_43_44_45_46_47_48_49_50_51_52_53_54_55_56_57_58_59_60_61_63_64_65_67_68_69_70_71_72_73_74_75_76_77_79_80_81_83_84_85_86_87_89_90_92_93_95_96_97_99_100_101_103_104_105_107_108_109_111_112_113_114_115_118_119_121_122_123_125_126_127_130_131_133_134_135_137_138_139_141_142_143_144_146_147_149_150_152_153_154_155_156_159_160_162_163_164_165_166_169_170_171_174_176_177_178_179_180_183_185_186_187_188_189_192_193_194_195_199_201_202_203_204_207_208_209_210_215_216_218_221_222_225_228_229_232_233_236_239_240_241_245_247_248_251_262_265_268_282  1.07e+08  8.96e+07 -139252.33  93679.55  14653.74    749.33     85.01    146.07    399.21   2477.58      0.00 0
7070 14.0      2_5_8_11_13_16_20_24_28_32_37_40_48_52_58_62_69_70_74_82_85_94_98_113_124_132  2.88e+08  2.43e+08  20045.10   -314.89   9026.57    671.32     65.76    359.10  -2609.35   -919.67      0.00 0
7071 14.0      37_47_48_52_58_62_69_70_73_74_82_85_88_93_94_97_98_106_110_113_119_120_123_124_128_131_132_136_140_151_161_167_172  1.32e+08  1.15e+08   5385.10 -24823.18   9089.72    802.78     70.31    282.24  -2979.71  -1461.98      0.00 0
7072 14.0      246_250_260_261_275_276_277_286_287_288_293_294_296_297  1.23e+08  1.12e+08  10064.45  18801.63   8833.48    738.57     67.50     61.84   -553.85 -11004.55      0.00 0
7073 14.0      27_30_36_39_42_43_46_51_54_56_61_64_65_68_77_80_81_84_87_90_92_96_101_104_105_108_112_118_122_130_138_142_147_153_163_174_177_179_186  1.20e+08  1.03e+08  36180.55   9870.74  11208.60    682.81     73.36     15.26   3076.53   3588.38      0.00 0
7074 14.0      0_1_2_3_4_5_6_7_10_11_12_14_15_17_18_19_22_23_25_26_27_30_31_33_34_36_38_39_42_43_46_47_49_50_51_54_56_57_59_60_61_64_65_68_69_71_72_73_75_76_77_80_81_84_86_87_90_92_93_96_97_99_100_101_104_105_108_109_112_114_115_118_119_122_123_125_126_127_130_133_134_135_138_139_142_143_144_147_149_150_153_154_155_156_159_160_163_164_165_166_169_170_171_177_179_180_183_186_187_188_189_193_194_195_208_209_210_215_216_221_222_232_236_239_240  2.14e+08  1.77e+08  91144.93 -35042.02  14576.32    672.12     81.51    338.97  -3528.51   4154.23      0.00 0
7075 14.0      260_266_269_273_275_276_278_280_283_285_286_288_290_292  3.39e+08  2.85e+08 -30861.11  -6570.99  10839.91    642.44     71.04    192.02  -4147.62 -11003.05      0.00 0
7076 14.0      8_13_20_21_28_29_35_40_41_44_45_52_55_62_66_67_78_79_82_88_94_102_106_110_120_136  5.37e+08  4.79e+08  19572.38   5790.17   9032.07    680.18     66.13     16.48  -1410.19  -2316.70      0.00 0
7077 14.0      25_26_33_34_38_49_50_53_59_60_63_67_71_72_75_76_83_84_86_89_95_96_99_100_103_107_108_111_112_114_121_122_125_126_129_133_134_137_138_141_142_143_146_147_152_153_154_155_158_162_163_164_165_168_170_173_174_176_177_178_179_182_185_186_187_188_191_193_194_197_199_202_203_206_208_209_210_212_214_215_216_218_220_222_224_227_228_231_233_235_238_241_243_244_250_253_255_258_259_261_264_267_270_271_274_277_279_281_284_287_289_291_295_298  5.25e+08  4.59e+08 -12612.18 -75125.73  12980.13    803.26     80.33    260.47   4326.42   -191.92      0.00 0
7078 14.0      0_1_2_3_4_5_6_7_8_9_10_11_12_13_14_15_16_17_18_19_20_21_22_23_24_25_26_27_28_29_30_31_32_33_34_35_36_37_38_40_41_42_44_45_46_47_48_49_50_52_53_54_55_58_59_60_62_63_64_66_67_68_69_70_71_72_74_75_76_78_79_82_83_84_85_86_88_89_90_91_94_95_96_98_99_100_102_103_106_107_108_110_111_114_116_117_120_121_122_124_125_126_128_129_132_133_134_136_137_138_140_143_145_147_148_151_153_154_155_157_161_164_165_167_170_172_175_177_179_184_186_188_190_193_194_196_198_208_210_211_216_217_219_222_223_234_236_240  7.41e+08  6.36e+08  75148.83  46703.27  13807.99    743.25     81.13     31.86    925.77  -1034.12      0.00 0
7079 14.0      148_157_158_167_168_172_181_182_190_191_196_197_198_200_205_206_211_212_213_214_217_219_220_223_224_226_227_230_231_234_235_237_238_241_243_244_246_249_250_253_255_256_258_259_261_264_267_268_270_271_272_274_279_282_284  8.91e+08  7.43e+08  57559.50 -16733.48  12905.29    687.85     77.85    343.79   5215.19  -8504.28      0.00 0
7080 14.0      0_1_2_3_4_5_6_7_8_9_10_11_12_13_14_15_16_17_18_19_20_21_22_23_24_25_26_27_28_29_30_31_32_33_34_35_36_37_38_39_40_41_42_43_44_45_46_47_48_49_50_51_52_53_54_55_56_57_58_59_60_61_62_63_64_65_66_67_68_69_70_71_72_73_74_75_76_77_78_79_80_81_82_83_84_85_86_87_88_89_90_91_92_93_94_95_96_97_98_99_100_101_102_103_104_105_106_107_108_109_110_111_112_113_114_115_116_117_118_119_120_121_122_123_124_125_126_127_128_129_130_131_132_133_134_135_136_137_138_139_140_141_142_143_144_145_146_147_148_149_150_151_152_153_154_155_156_157_158_159_160_161_162_163_164_165_166_167_168_169_170_171_172_173_174_175_176_177_178_179_180_181_182_183_184_185_186_187_188_189_190_191_192_193_195_196_197_198_199_200_201_202_203_204_205_206_207_209_211_212_213_214_217_218_219_220_223_224_225_226_227_228_230_231_233_234_235_237_238_241_242_243_244_246_249_250_251_252_253_254_255_256_257_258_259_260_261_263_264_266_267_269_270_271_272_273_274_275_276_277_278_279_280_281_283_284_285_286_287_288_289_290_291_292_293_294_295_296_297_298  7.24e+08  6.12e+08  15579.01 -283083.53  12378.38    715.88     87.50    273.15    554.65  -4691.16      0.00 0
7081 14.0      11_15_16_20_23_24_31_32_37_40_47_48_51_52_57_58_61_62_66_69_70_73_74_81_82_85_87_88_93_94_97_98_102_105_106_109_110_113_116_119_120_123_124_128_131_132_135_136_139_140_144_145_150_151_157_160_161_166_167_171_172_175_181_184_190_195_196_198_205_211_213_219_226_230_234_237_242_249_252_257_266_269_280  1.55e+08  1.34e+08 -13348.67  66803.58  13464.24    672.19     78.82    101.30  -4060.92   2810.38      0.00 0
7082 14.0      0_1_2_3_4_5_6_7_8_9_10_11_12_13_14_15_16_17_18_19_20_21_22_23_24_25_26_27_28_29_30_31_32_33_34_35_36_37_38_39_40_41_42_43_44_45_46_47_48_49_50_51_52_53_54_55_56_57_58_59_60_61_62_63_64_65_66_67_68_69_70_71_72_73_74_75_76_77_78_79_80_81_82_83_84_85_86_87_88_89_90_91_92_93_94_95_96_97_98_99_100_101_102_103_104_105_106_107_108_109_110_111_112_113_114_115_116_117_118_119_120_121_122_123_124_125_126_127_128_129_130_131_132_133_134_135_136_137_138_139_140_141_142_143_144_145_146_147_148_149_150_151_152_153_154_155_156_157_158_159_160_161_162_163_164_165_166_167_168_169_170_171_172_173_174_175_176_177_178_179_180_181_182_183_184_185_186_187_188_189_190_191_192_193_194_195_196_197_198_199_200_201_202_203_204_205_206_207_208_209_210_211_212_213_214_215_216_217_218_219_220_221_222_223_224_225_226_227_228_229_230_231_232_233_234_235_236_237_238_239_240_241_242_243_244_245_246_247_248_249_250_251_252_253_254_255_256_257_258_259_260_261_262_263_264_265_266_267_268_269_270_271_272_274_277_279_281_282_284  8.51e+08  7.26e+08 294826.53 -75753.45  10949.18    798.18     87.94    345.59   -362.10   -367.70      0.00 0
7083 14.0      128_136_140_145_148_151_157_161_167_172_175_181_182_184_190_191_196_198_200_205_206_211_213_214_217_219_220_223_226_227_230_231_234_237_238_242_243_246_249_250_252_253_254_257_258_260_261_263_264_266_267_269_270_271_274_275_276_277_279_280_281_284_286_287_289_291_295  6.76e+08  5.95e+08  61998.54 -44583.29  13149.21    776.65     80.23    324.28   3037.31 -10459.02      0.00 0
7084 14.0      117_129_141_148_157_158_162_168_173_181_182_190_191_196_197_200_205_206_213_219_226_227_230_234_237_242_249_252_254_257_263_266_269_273_278_283_285  1.45e+08  1.24e+08 -30858.48 -20424.78  10716.12    753.97     73.85    213.50  -2165.52  -7759.31      0.00 0
7085 14.0      63_67_83_89_95_107_111_121_125_137_146_152_176_178_185_202_203_209_229  5.13e+08  4.45e+08  17353.15  -3442.31   7356.92    911.45     67.42    348.78   4139.41  -3008.02      0.00 0
7086 14.0      19_27_36_39_43_46_51_56_57_61_65_77_81_87_93_105_109_119_123_135_144_150  1.74e+08  1.45e+08  22497.75  -4475.08   9445.21    678.85     67.62    348.75  -2917.28   2483.68      0.00 0
7087 14.0      63_83_89_95_99_107_111_121_125_133_137_146_154_164_187_193  1.58e+08  1.41e+08 -16946.21  -8784.08   8394.74    749.94     66.26    207.40   3735.54  -1866.68      0.00 0
7088 14.0      8_11_16_20_23_24_28_31_32_37_40_44_47_48_52_55_57_58_62_66_69_70_73_74_78_81_82_85_88_91_93_94_97_98_102_105_106_110_113_116_117_119_120_123_124_128_131_132_135_136_140_144_145_148_150_151_157_158_160_161_167_172_175_181_182_184_190_191_196_198_200_205_206_211_213_214_217_219_223_226_227_230_231_234_237_238_242_246_249_250_252_253_254_257_260_261_263_266_267_269_270_273_275_276_277_280_281_283_284_286_287_288_289_290_291_292_293_294_295_296_297_298  3.98e+08  3.29e+08 -43426.77  95379.55  13890.30    798.49     82.45    114.48  -2499.11  -4992.56      0.00 0
7089 14.0      55_62_66_78_79_88_91_102_103_111_116_117_129_141_148_158_168_173_191_197_212_220_235  8.91e+08  8.21e+08  18614.63 -13794.23   8865.78    784.55     69.06    323.46   1122.36  -4538.64      0.00 0
7090 14.0      14_30_36_42_43_46_56_68_77_80_92_101_104_115_118_127_149_156_180  3.63e+08  3.11e+08  -4315.56  18530.37   8755.13    686.35     65.29    103.11   -210.55   3783.76      0.00 0
7091 14.0      12_17_21_25_26_33_34_38_41_49_50_53_54_59_60_63_64_67_71_72_75_76_83_84_86_89_95_96_99_100_103_107_108_111_112_114_117_121_122_125_126_129_133_134_137_138_141_142_143_146_147_152_153_154_155_158_162_163_164_165_168_173_174_176_177_178_179_182_185_186_191_197_199_200_206_212_214_218_220_224_227_231_235_238_243_244_246_250_253_255_258_261_264_267_270_274_275_277_279_281_284_287_289_291_293_295_298  4.47e+08  3.95e+08  -7481.99 -60499.39  12590.98    744.70     78.33    262.95   2814.24  -4729.57      0.00 0
7092 14.0      197_200_205_206_212_213_214_220_224_226_227_230_231_235_237_238_241_242_243_244_246_249_250_251_252_253_254_255_256_257_258_259_260_261_263_264_265_266_267_268_269_270_271_272_273_274_275_276_277_278_279_280_281_282_283_284_285_286_287_288_289_290_291_292_293_294_295_296  1.20e+08  1.00e+08  78920.70  11189.92  13439.02    752.01     80.43      8.07   2922.07  -9036.44      0.00 0
7093 14.0      121_125_129_133_137_141_143_146_152_154_158_162_164_165_168_170_173_176_178_182_185_187_191_193_194_197_199_200_202_203_206_208_209_212_214_215_216_218_220_221_222_224_226_227_228_229_231_232_233_235_236_238_239_240_241_243_244_245_246_247_248_249_250_251_253_255_256_258_259_260_261_262_264_265_266_267_268_270_271_272_274_275_276_277_279_280_281_284_286_287_288_289_290_291_293_294_295_296_297_298  5.50e+08  4.56e+08  56523.59  82242.31  14273.78    722.14     81.86     55.50   2415.36  -8874.70      0.00 0
7094 14.0      86_95_99_100_107_111_114_121_125_126_133_134_137_141_143_146_147_152_153_154_155_162_164_165_168_170_173_176_177_178_179_185_186_187_188_191_193_194_197_199_202_203_206_208_209_210_212_214_215_216_218_220_221_222_224_228_229_231_232_233_235_236_238_239_240_241_243_244_245_247_248_250_251_253_255_256_258_259_261_264_265_267_268_270_271_272_274_277_279_281_284_287_289_291_293_295_298  1.20e+08  1.00e+08  20724.21  85402.71  14029.10    707.69     80.93     76.36   4503.93  -5625.07      0.00 0
7095 14.0      148_158_168_173_181_182_190_191_197_199_200_205_206_212_213_214_218_220_224_226_227_231_235_238_241_243_244_251_255_256_259_265_268_272_282  7.24e+08  6.20e+08  32428.08   -928.46  10378.32    729.54     72.26    358.36   3150.26  -6695.10      0.00 0
7096 14.0      78_79_89_91_102_103_107_110_111_116_117_121_128_129_136_137_140_141_146_148_151_152_157_158_161_162_167_168_172_173_175_176_178_181_182_184_185_187_190_191_196_197_198_199_200_202_203_205_206_209_211_212_213_214_215_217_218_219_220_223_224_226_227_228_229_230_231_232_233_234_235_237_238_239_241_242_243_244_245_246_247_248_249_250_251_252_253_254_255_256_257_258_259_260_261_262_263_264_265_266_267_268_269_270_271_272_273_274_275_276_277_278_279_280_281_282_283_284_285_286_288_290_292  3.63e+08  3.11e+08 -150490.41 -22974.51  14792.55    735.36     84.45    188.68    366.46  -6826.10      0.00 0
7097 14.0      0_1_2_3_4_5_6_7_8_9_10_11_12_13_15_16_17_18_20_21_23_24_25_26_28_29_31_32_33_35_37_38_40_41_44_45_47_48_49_50_52_53_55_58_59_62_63_66_67_69_70_71_72_73_74_75_78_79_82_83_85_86_88_89_91_94_95_97_98_99_102_103_106_107_110_111_113_114_116_117_120_121_124_125_128_129_131_132_133_136_137_140_141_143_145_146_148_151_152_154_157_158_161_162_164_167_168_170_172_173_175_176_178_181_182_184_185_187_190_191_193_196_197_198_199_200_202_203_205_206_208_209_211_212_213_214_215_217_218_219_220_221_223_224_226_227_228_229_230_231_232_233_234_235_236_237_238_239_241_243_244_245_247_248_251_255_256_259_262_265_268_272_282  3.31e+08  2.81e+08 -155435.25  10950.88  14372.75    796.56     84.73    175.97   3036.26  -3777.40      0.00 0
7098 14.0      181_182_190_191_196_197_200_205_206_211_212_213_214_219_220_223_224_226_227_230_231_234_235_237_238_241_242_243_244_246_249_250_252_253_254_255_256_257_258_260_263_266_269_273_278  1.00e+08  8.04e+07 -51020.55  -6463.49  12119.23    722.80     76.74    187.22  -3887.35  -7804.62      0.00 0
7099 14.0      12_17_18_21_22_25_26_33_34_38_41_42_49_50_53_54_59_60_63_64_67_68_71_72_75_76_83_84_86_89_90_95_96_99_100_104_107_108_111_112_114_121_122_125_126_129_130_133_134_137_138_141_142_143_146_147_152_153_154_155_159_162_163_164_165_168_169_170_173_174_176_177_178_179_185_186_187_188_191_192_193_194_197_199_202_203_207_208_209_210_212_214_215_216_218_220_221_222_224_228_229_231_232_233_235_238_241_243_244_245_248_251_253_255_256_258_259_264_265_268_270_271_272_274_279_281_284_291  2.82e+08  2.34e+08   7459.99 -101829.05  14694.93    671.39     81.81    274.19   4389.60  -2468.01      0.00 0
