#event_number primary_type du_ids energy_primary em_energy Xmax_pos(x, y, z), Xmax_grams zenith azimuth shower_core_pos_x shower_core_pos_y shower_core_pos_z, N_tested_cores, units are degrees, GeV and meters
104800 5626.0    121_125_133_137_141_143_146_152_154_162_164_165_168_170_173_176_178_185_187_188_191_193_194_197_199_202_203_206_208_209_212_214_215_216_218_220_221_222_224_227_228_229_231_232_233_235_236_238_240_241_243_244_246_250_253_255_258_261_264_267_270_274_275_277_281_284_286_287_289_291_293_294_295_297_298  4.79e+10  4.15e+10  22183.73  45726.19  11724.13    780.36     77.01     64.12   3737.81  -5919.46      0.00 0
104801 5626.0    226_230_237_242_246_249_250_252_253_254_257_258_260_261_263_266_267_269_270_273_274_275_276_277_278_279_280_281_283_284_285_286_287_288_289_290_291_292_293_294_295_296_298  2.88e+10  2.48e+10  61170.03 -14054.75  12780.87    730.95     78.49    347.06    426.27 -10488.07      0.00 0
104802 5626.0    21_29_33_35_41_44_45_53_55_59_63_66_67_75_78_79_83_89_91_102_103_116_128  1.20e+10  1.03e+10 -15492.27 -10940.75   8651.32    701.65     65.48    215.23    496.65  -2604.79      0.00 0
104803 5626.0    202_203_218_224_228_229_232_233_235_239_241_243_244_245_247_248_251_255_256_258_259_262_264_265_268_270_271_272_274_279_282_284_291  9.55e+10  8.41e+10 -19834.86 -35115.18  10919.60    773.36     74.85    240.54   5678.13  -7568.14      0.00 0
104804 5626.0    0_1_2_3_4_5_6_7_8_9_10_11_12_13_14_15_16_17_18_19_20_21_22_23_24_25_27_28_29_30_31_32_33_35_36_37_39_40_41_43_44_45_46_47_48_51_52_53_55_56_57_58_61_62_63_65_66_67_77_78_79_80_82_87_88_89_91_101_102_103_106_110_111_116_117_128_129_140_148_157_158_167_168_181_182_190_191_196_197_200_205_206_213_214_226_227_230_231_237_238_246_249_250_252_253_260_261_266_267_269_270_275_276_277_280_281_286_287_288_289_290_291_293_294_295_296_297_298  4.37e+09  3.59e+09   4414.04 -69964.16  13182.80    727.48     79.35    273.61    216.50 -10971.19      0.00 0
104805 5626.0    0_1_2_3_4_5_6_7_8_9_10_11_12_13_14_15_16_17_19_20_21_23_24_25_27_28_29_31_32_33_35_37_39_40_41_44_45_47_48_49_51_52_53_55_57_58_59_61_62_63_67_69_70_73_74_75_79_81_82_83_85_89_93_95_97_98_105_107_113_119_123_131_144_150  2.51e+09  2.05e+09 -39005.30  19404.84  11640.77    702.05     75.04    153.55  -3787.74   1075.90      0.00 0
104806 5626.0    224_228_233_235_241_243_244_245_247_248_251_255_256_258_259_262_264_265_268_270_271_272_274_279_281_284_289_291  1.26e+10  1.07e+10 -19080.81 -27597.34  10636.66    707.59     72.41    235.34   4739.30  -8484.36      0.00 0
104807 5626.0    181_182_200_205_226_227_230_246_249_250_260_261_266_275_276_286_287_293  2.40e+09  2.00e+09   -649.60  22968.79   9499.00    671.40     67.54     91.62   -253.19  -8675.49      0.00 0
104808 5626.0    148_157_158_162_167_168_173_181_182_185_190_191_196_197_199_200_203_205_206_211_212_213_214_218_219_220_223_224_226_227_228_230_231_233_234_235_237_238_241_242_243_244_245_246_248_249_250_251_252_253_254_255_256_257_258_259_260_262_263_264_265_266_268_269_272_273_278_282  2.69e+10  2.30e+10 -52021.59  -8481.58  11926.71    768.36     77.25    189.26   1327.66  -6897.55      0.00 0
104809 5626.0    21_25_33_38_41_45_49_50_53_59_63_67_71_72_75_76_79_83_86_89_91_95_96_99_100_103_107_111_114_116_117_121_122_125_126_129_133_134_137_141_143_146_147_148_152_153_154_155_158_162_164_165_168_170_173_177_179_181_182_186_188_191_194_200_205_206_210_216_226_227  2.09e+09  1.70e+09 -27390.55 -46630.11  12813.79    647.95     76.67    239.57   4015.72     45.92      0.00 0
104810 5626.0    2_5_8_9_11_13_16_17_20_21_23_24_28_29_32_33_35_37_40_41_44_45_47_48_52_53_55_58_59_62_63_66_67_69_70_73_74_78_79_82_83_85_88_89_91_94_95_97_98_102_103_106_107_110_111_113_116_117_120_121_123_124_128_129_131_132_136_137_140_141_145_146_148_151_152_157_158_161_162_167_168_172_173_175_176_181_182_184_185_190_191_197_199_202_203_206_212_214_218_220_224_228_233_235_241_243_244_245_248_251_255_256_259_262_265_268_272_282  4.17e+10  3.58e+10  75760.66 -35086.60  13522.59    761.05     80.80    335.15  -3998.19  -1582.33      0.00 0
104811 5626.0    20_28_32_35_40_44_45_48_52_55_58_62_66_67_70_74_78_79_82_85_88_89_91_94_98_102_103_106_110_111_113_116_117_120_124_128_129_131_132_136_137_140_141_145_148_151_157_158_161_162_167_168_172_173_175_181_182_184_185_190_191_196_197_198_199_200_205_206_211_212_213_214_217_218_219_220_223_224_226_227_230_231_234_235_237_238_241_243_244_246_249_250_251_253_255_256_258_259_261_264_267_268_270_271_272_274_279_281_282_284_291  1.26e+09  1.00e+09  91348.43 -57480.64  14707.61    687.20     82.24    327.82   4250.44  -8226.74      0.00 0
104812 5626.0    0_1_2_3_4_5_6_7_8_9_11_12_13_15_16_17_19_20_21_23_24_31_32_37_47_48_51_57_69_70_73_81_85_93_97_113_123_131  1.78e+09  1.45e+09 -21423.16   8369.78   9578.73    659.66     67.39    158.66  -1790.30    381.21      0.00 0
104813 5626.0    0_1_2_3_4_5_6_7_8_9_10_11_12_13_14_15_16_17_18_19_20_21_22_23_24_25_26_27_28_29_30_31_33_34_35_36_38_39_40_41_42_43_44_45_46_47_49_50_51_53_54_55_56_57_59_60_61_63_64_65_67_68_71_72_75_76_77_78_79_80_81_83_84_86_87_89_90_91_92_95_96_99_100_101_103_104_105_107_108_109_111_112_114_115_117_118_121_122_125_126_127_129_130_133_134_135_137_138_139_141_142_143_146_147_149_152_153_154_155_156_158_159_160_162_163_164_165_166_168_169_170_171_173_174_176_178_180_183_185_187_189_191_192_193_195_197_199_201_202_203_204_207_209_212_214_215_218_220_224_225_228_229_232_233_235_238_241_243_244_245_247_248_251_255_256_258_259_262_264_265_268_271_272_274_279_282  1.20e+10  1.01e+10 -55261.25 108176.13  14699.94    719.98     83.10    117.06   1568.72   1508.19      0.00 0
104814 5626.0    167_172_190_196_198_211_217_219_223_234  4.47e+10  3.90e+10  20252.59   5952.98   8895.24    721.81     67.15     16.38  -4331.17  -6120.32      0.00 0
104815 5626.0    18_22_25_26_30_34_38_42_46_49_50_54_56_59_60_64_68_71_72_75_76_80_84_86_90_92_95_96_99_100_104_108_112_114_115_118_121_122_125_126_130_133_134_138_142_143_146_147_149_152_153_154_155_156_159_163_164_165_169_170_176_178_180_183_187_189_192_193_201_202_203_204_207_209_215_221_225_228_229_232_233_239_245_247_248_251_262_265_282  3.24e+09  2.70e+09  33791.56 -45088.03  12718.65    682.59     77.28    306.85   4102.20    -52.28      0.00 0
104816 5626.0    114_133_143_154_164_178_187_193_202_209_215_229_232_247  1.51e+10  1.30e+10  13975.75 -14192.07   8458.90    764.28     66.99    314.56   6049.26  -1845.33      0.00 0
104817 5626.0    0_1_2_3_4_5_6_7_8_9_10_11_12_13_14_15_16_17_18_19_20_21_22_23_24_25_26_27_28_29_30_31_32_33_34_35_36_38_39_40_41_42_43_44_45_46_49_50_51_52_53_54_55_56_59_60_61_62_63_64_65_66_67_68_71_72_75_76_77_78_79_80_83_84_86_87_88_89_90_91_92_95_96_99_100_101_102_103_104_107_108_111_112_114_115_116_117_118_121_122_125_126_127_128_129_130_133_134_137_138_141_142_143_146_147_148_149_152_153_154_155_156_157_158_159_162_163_168_169_173_174_176_177_180_181_182_183_185_186_189_190_191_192_197_199_200_201_204_205_206_207_212_214_218_220_224_225_226_227_231_235_238_243_246_249_250_253_255_258_260_261_264_267_270_274_275_276_277_279_281_284_286_287_289_291_293_294_295_297_298  3.02e+09  2.48e+09    476.52 109209.66  14785.27    680.20     82.29     89.75   1787.34   3559.75      0.00 0
104818 5626.0    0_1_3_4_6_7_10_11_12_14_15_18_19_27_30_31_36_39_43_51_56_57_61_65_77_81_87_93_101_105_109_119_135_139_150_160  2.40e+10  2.07e+10  17315.78 -15805.94   9187.96    733.92     68.60    317.61  -1710.98   2245.75      0.00 0
104819 5626.0    111_117_121_129_137_141_146_148_152_157_158_162_168_173_176_178_181_182_185_187_190_191_196_197_199_200_202_203_205_206_209_212_213_214_218_219_220_226_227_230_231_237_242_246_249_250_252_254_257_260_263_266_269_273_278_280_283_285_292  3.02e+10  2.59e+10 -39391.59 -27144.00  11883.07    718.19     76.05    214.57   -525.11  -7122.05      0.00 0
104820 5626.0    89_91_102_103_107_110_111_116_117_121_128_129_136_137_140_141_146_148_152_157_158_161_162_167_168_172_173_176_178_181_182_184_185_187_190_191_196_197_198_199_200_202_203_205_206_209_211_212_213_214_215_217_218_219_220_223_224_226_227_228_229_230_231_232_233_234_235_237_238_239_241_242_243_244_245_246_247_248_249_250_251_252_253_254_255_256_257_258_259_260_261_262_263_264_265_266_267_268_269_270_271_272_273_274_275_276_277_278_279_280_281_282_283_284_285_288_290_292  7.76e+09  6.50e+09 -134020.48 -29858.90  14867.76    718.09     83.82    192.56  -4387.04  -7940.20      0.00 0
104821 5626.0    91_102_110_116_117_120_128_129_136_140_141_145_148_151_157_158_161_162_167_168_172_173_175_181_182_184_190_191_196_197_198_199_200_205_206_211_212_213_214_217_218_219_220_223_224_226_227_230_231_233_234_235_237_238_241_242_243_244_246_249_250_251_252_253_254_255_256_257_258_259_260_261_263_264_265_266_267_268_269_270_271_272_273_274_275_276_277_278_279_280_281_282_283_284_285_286_287_288_289_291  1.05e+10  8.84e+09 131965.55 -37840.51  14695.62    742.39     83.89    344.00   6065.42  -9204.80      0.00 0
104822 5626.0    199_203_212_218_224_228_233_241_245_248_251_262_265  3.16e+09  2.63e+09  19547.98   5157.50   8602.40    747.31     66.95     14.78   6077.93  -5301.76      0.00 0
104823 5626.0    18_22_25_26_30_34_38_42_46_49_50_54_59_60_64_68_71_72_75_76_84_86_90_95_96_99_100_114_121_125_133_146_152_154_176_178_202  1.32e+09  1.08e+09 -16420.57  20191.10   9621.88    722.76     69.71    129.12   3318.52   -665.39      0.00 0
104824 5626.0    0_1_2_3_4_5_6_7_8_9_11_13_14_15_16_19_20_23_24_27_28_29_31_32_35_36_37_39_40_41_43_44_45_47_48_51_52_55_57_58_61_62_65_66_67_69_70_73_74_77_78_79_81_82_85_87_88_91_93_94_97_98_101_102_103_105_106_109_110_113_116_117_119_120_123_124_127_128_129_131_132_135_136_139_140_144_145_148_150_151_156_157_158_160_161_166_167_171_172_175_181_182_184_189_190_191_195_196_198_200_205_206_211_213_214_219_226_227_230_231_234_237_242_246_249_250_252_253_257_260_261_266_267_269_270_273_275_276_277_280_281_283_286_287_288_289_290_291_293_294_295_296_297_298  2.63e+10  2.23e+10  20466.43 -84857.24  13841.07    732.39     80.99    283.56  -1559.51  -4360.93      0.00 0
104825 5626.0    0_1_2_3_4_5_6_7_8_9_10_11_12_13_14_15_16_17_18_19_20_21_22_23_24_25_26_27_28_29_30_31_32_33_34_35_36_37_38_39_40_41_42_43_44_45_46_47_48_49_50_51_53_54_55_56_57_59_60_61_63_64_65_67_68_69_70_71_72_73_75_76_77_79_80_81_83_84_86_87_89_90_92_93_95_96_97_99_100_101_103_104_105_107_108_109_111_112_114_115_118_119_121_122_123_125_126_127_130_133_134_135_137_138_139_141_142_143_144_146_147_149_150_152_153_154_155_156_159_160_162_163_164_165_166_169_170_171_173_174_176_177_178_179_180_183_185_187_188_189_192_193_194_195_199_201_202_203_204_207_208_209_212_215_218_221_222_224_225_228_229_232_233_236_239_241_244_245_247_248_251_256_259_262_265_268_272_282  2.40e+09  1.95e+09 -99661.79  96747.79  15236.33    670.11     83.74    135.85   4651.52  -1701.15      0.00 0
104826 5626.0    0_1_2_3_4_5_6_7_8_9_10_11_12_13_14_15_16_17_18_19_20_21_22_23_24_25_26_27_28_29_30_31_32_33_34_35_36_37_38_40_41_42_43_44_45_46_47_48_49_50_52_53_54_55_56_58_59_60_62_63_64_66_67_68_70_71_72_74_75_76_78_79_80_82_83_84_86_88_89_90_91_94_95_96_99_100_102_103_104_106_108_110_112_114_116_120_122_124_126_128_134_136_138_140_142_143_145_147_151_153_155_157_161_163_165_167_172_174_175_177_179_184_186_188_196_198_210_211_216_217_223_234  2.19e+10  1.88e+10  50490.48  47496.69  13085.57    736.59     79.31     43.25   2821.65   1505.22      0.00 0
104827 5626.0    0_1_2_5_6_7_8_10_11_14_15_16_19_20_23_24_27_28_30_31_32_36_37_39_40_43_46_47_48_51_52_56_57_58_61_62_65_66_68_69_70_73_74_77_80_81_82_85_87_88_92_93_94_97_98_101_104_105_106_109_110_113_115_118_119_120_123_124_127_130_131_132_135_136_139_140_144_145_149_150_151_156_159_160_161_166_169_171_172_175_180_183_184_189_192_195_196_198_201_204_207_211_217_219_223_225_234_242_254_263_278  1.38e+10  1.16e+10 -29843.19 -79607.38  14059.28    689.47     80.61    249.45  -1548.84   3785.02      0.00 0
104828 5626.0    0_1_2_3_4_5_6_7_8_9_10_11_12_13_14_15_16_17_18_19_20_21_22_23_24_25_26_27_28_29_30_31_32_33_34_35_36_37_38_39_40_41_42_43_44_45_46_47_48_49_50_51_52_53_54_55_56_57_58_59_60_61_62_63_64_65_66_67_68_69_70_71_72_73_74_75_76_77_78_79_80_81_82_83_84_85_86_87_88_89_90_92_93_94_95_96_97_98_99_100_101_103_104_105_106_107_108_109_111_112_113_114_115_118_119_120_121_122_123_124_125_126_127_130_131_132_133_134_135_137_138_139_142_143_144_146_147_149_150_152_153_154_155_156_159_160_163_164_165_166_170_171_176_177_178_179_186_187_188_193_194_202_208_209_210_215_216_221_222_228_229_232_236_239_240_245_247  2.95e+10  2.51e+10 152485.45 -24697.26  14874.02    723.99     84.50    350.80   6011.53    130.98      0.00 0
104829 5626.0    40_44_45_55_62_63_66_67_78_79_82_88_89_91_94_102_103_106_107_110_111_116_117_120_121_124_128_129_136_137_140_141_145_146_148_151_152_157_158_161_162_167_168_172_173_175_176_181_182_184_185_190_191_196_197_198_199_200_202_203_205_206_211_212_213_214_217_218_219_220_223_224_228_229_233_235_241_244_245_247_248_251_256_262_265_268_282  1.91e+10  1.63e+10 -67496.07   5679.67  12835.32    763.77     79.27    175.19  -3380.65  -4191.66      0.00 0
104830 5626.0    0_1_2_3_4_5_6_7_8_9_10_11_12_13_14_15_16_17_18_19_20_21_22_23_24_25_26_27_28_29_30_31_32_33_34_35_36_37_38_39_40_41_42_43_44_45_46_47_48_49_50_51_52_53_54_55_56_57_58_59_60_61_62_63_64_65_66_67_68_69_70_71_72_73_74_75_76_77_78_79_80_81_82_83_84_86_87_88_89_90_91_92_94_95_96_99_100_101_102_103_104_105_106_107_108_109_110_111_112_114_115_116_117_118_121_122_125_126_127_128_129_130_133_134_136_137_138_140_141_142_146_147_148_149_152_153_156_157_158_159_162_163_166_167_168_169_172_173_174_180_181_182_183_186_189_190_191_192_196_197_199_200_201_204_205_206_207_212_213_214_219_220_225_226_227_230_231_235_237_238_242_243_246_249_250_252_253_257_258_260_261_264_266_267_269_270_273_274_275_276_277_280_281_283_284_286_287_288_289_290_291_292_293_294_295_296_297_298  8.71e+10  7.53e+10   7667.76 126819.77  14543.07    752.21     83.47     86.54    226.35 -10943.93      0.00 0
104831 5626.0    0_1_2_3_4_5_6_7_8_9_11_12_13_15_16_17_19_20_21_23_24_25_28_29_31_32_33_35_37_40_41_44_45_47_48_49_51_52_53_55_57_58_59_62_63_66_67_69_70_73_74_75_78_79_81_82_83_85_88_89_91_93_94_95_97_98_102_103_106_107_110_111_113_116_117_119_120_121_123_124_125_128_129_131_132_136_137_140_141_144_145_146_148_151_152_154_157_158_161_162_167_168_172_173_175_176_178_181_182_184_185_190_191_196_197_198_199_200_202_203_205_206_209_211_212_213_214_217_218_219_220_223_224_226_227_228_229_230_231_233_234_235_237_238_241_242_243_244_245_246_247_248_249_250_251_252_253_254_255_256_257_258_259_260_261_262_263_264_265_266_267_268_269_270_271_272_273_274_275_276_277_279_280_281_282_284_286_287_289_291_295  6.31e+09  5.22e+09 -208799.80 107723.47  13794.03    725.05     86.64    152.71   -128.52  -5270.20      0.00 0
104832 5626.0    0_1_2_3_4_5_6_7_8_9_10_11_12_13_14_15_16_17_18_19_20_21_22_23_24_25_26_27_28_29_30_31_32_33_34_35_36_37_38_39_40_41_42_43_44_45_46_47_48_49_50_51_52_53_54_55_56_57_58_59_60_61_62_63_64_65_66_67_68_69_70_73_74_77_78_79_80_81_82_83_84_85_87_88_89_90_91_92_93_94_97_98_101_102_103_104_105_106_109_110_111_112_113_115_116_117_118_119_120_123_124_127_128_129_130_131_132_135_136_139_140_144_145_148_149_150_151_156_157_158_159_160_161_166_167_168_171_172_175_180_181_182_183_184_189_190_191_192_195_196_198_200_201_204_205_206_207_211_213_214_217_219_223_225_226_227_230_231_234_237_242_246_249_250_252_253_254_257_260_261_263_266_267_269_273_275_276_277_278_280_281_283_285_286_287_288_289_290_292_293_294_295_296_297_298  2.34e+10  1.99e+10   4865.38 -114649.60  14191.54    780.53     82.95    272.43  -1491.06   -511.76      0.00 0
104833 5626.0    172_184_190_196_198_200_205_211_213_217_219_223_226_227_230_231_234_237_242_246_249_250_252_253_254_257_258_260_261_263_266_267_269_270_273_274_275_276_277_278_279_280_281_283_284_285_286_287_288_289_290_291_292_293_294_295_296_297_298  8.13e+09  6.79e+09 -91584.07  52471.92  14646.36    688.67     82.10    150.19    101.70 -10635.34      0.00 0
104834 5626.0    83_89_95_99_107_121_125_133_137_146_154_164_178_187_193_215_221  9.33e+09  7.96e+09  21263.77   7081.76   9137.06    715.84     67.82     18.42   4672.43  -1769.33      0.00 0
104835 5626.0    0_1_2_3_4_5_6_7_8_9_10_11_12_13_14_15_16_17_18_19_20_21_22_23_24_25_26_27_28_29_30_31_32_33_34_35_36_37_38_39_40_41_42_43_44_45_46_47_48_49_50_51_52_53_54_55_56_57_58_59_60_61_62_63_64_65_66_67_68_71_72_75_76_77_78_79_80_82_83_84_86_87_88_89_90_91_92_95_96_99_100_101_102_103_104_106_107_108_110_111_112_114_115_116_117_118_121_122_125_126_128_129_130_133_134_137_138_140_141_142_143_146_147_148_149_152_153_154_155_156_157_158_159_162_163_165_167_168_169_172_173_174_177_179_180_181_182_183_185_186_190_191_192_196_197_199_200_201_205_206_207_212_213_214_219_220_225_226_227_230_231_235_237_238_242_243_246_249_250_252_253_257_258_260_261_266_267_269_270_273_274_275_276_277_280_281_283_284_285_286_287_288_289_290_291_292_293_294_295_296_297_298  4.37e+09  3.56e+09 -23635.11 -128147.63  15100.32    679.16     83.39    259.55   1992.53   1794.65      0.00 0
104836 5626.0    56_65_68_77_80_87_90_92_101_104_109_115_127_135_139_160_166_171  1.02e+09  8.30e+08  23155.46  -9111.84  10008.25    637.42     68.09    338.52  -1900.55   3939.68      0.00 0
104837 5626.0    185_199_202_203_212_218_220_224_228_233_235_238_241_243_244_251_253_255_256_258_259_264_267_270_271_274_277_279_281_284_287_289_291_295_298  8.51e+10  7.47e+10 -16054.99 -26964.58   9936.98    785.27     72.43    239.23   3555.66  -8232.81      0.00 0
104838 5626.0    0_1_2_3_4_5_6_7_8_9_10_11_12_13_14_15_16_17_18_19_20_21_22_23_24_25_26_27_28_29_30_31_32_33_34_35_36_37_38_39_40_41_42_43_44_45_46_47_48_49_50_51_52_53_54_55_56_57_58_59_60_61_62_63_64_65_66_67_68_69_70_71_72_73_74_75_76_77_78_79_80_81_82_83_84_85_86_87_88_89_90_91_93_94_95_96_97_98_99_100_101_102_103_105_106_107_109_110_111_113_114_116_117_119_120_121_123_124_125_129_131_132_133_134_135_136_137_139_141_143_144_145_146_150_152_154_158_160_162_164_168_170_173_176_178_185_187_193_199_202_203_209_212_215_218_221_224_228_229_232_233_239_241_244_245_247_248_251_256_262_265_268_282  6.92e+09  5.79e+09 -109891.31  52015.80  14885.09    694.53     83.02    154.67  -3603.20    905.92      0.00 0
104839 5626.0    46_56_64_65_68_77_80_87_90_92_101_104_108_109_112_115_127_139  4.57e+10  4.03e+10  16959.79  -4260.01   7899.19    788.69     65.69    345.90   -248.16   3245.80      0.00 0
104840 5626.0    0_1_2_3_4_5_6_7_8_9_10_11_12_13_14_15_16_17_18_19_20_21_22_23_24_27_28_29_30_31_32_35_36_37_39_40_41_42_43_44_45_46_47_48_51_52_53_55_56_57_58_61_62_63_65_66_67_69_70_73_74_77_78_79_80_81_82_85_87_88_89_91_92_93_94_97_98_101_102_103_105_106_109_110_113_115_116_117_118_119_120_123_124_127_128_129_131_132_135_136_139_140_144_145_148_149_150_151_156_157_158_160_161_166_167_168_171_172_175_180_181_182_184_189_190_191_195_196_198_200_204_205_206_211_213_214_217_219_223_225_226_227_230_231_234_237_238_242_246_249_250_252_253_254_257_260_261_263_266_267_269_270_273_275_276_277_278_280_281_283_285_286_287_288_289_290_291_292_293_294_295_296_297_298  2.19e+10  1.88e+10  17064.44 -123134.68  14669.24    729.44     83.27    277.89   -889.99 -10876.37      0.00 0
104841 5626.0    21_41_45_53_63_67_79_83_89_103_107_111_129_137_141_152_162_168_173_185_191_197_199_212_214_218_220_224_235_238_241_243_244_255_256_258_259_264_271_272_274_279  7.94e+09  6.68e+09 -27340.89  51812.77  12719.84    703.11     77.75    117.82   6242.84 -11155.52      0.00 0
104842 5626.0    181_190_196_200_205_206_213_226_227_230_231_238_246_249_250_253_258_261_264_267_270_274_279_284  5.75e+10  5.02e+10  24145.88 -12123.00   9727.20    727.58     70.20    333.34    980.72  -8102.60      0.00 0
104843 5626.0    141_168_173_191_197_212_214_220_231_235_238_243_253_258_264_267_270_274_281_284_289_291  1.20e+10  1.02e+10   -158.85  32504.68  10329.95    738.83     72.37     90.28   2783.51  -9676.90      0.00 0
104844 5626.0    0_1_2_3_4_5_6_7_8_9_10_11_12_13_14_15_16_17_18_19_20_21_22_23_24_25_26_27_28_29_30_31_32_33_34_35_36_37_38_39_40_41_42_43_44_45_46_47_48_49_50_51_52_53_54_55_56_57_58_59_60_61_62_63_64_65_66_67_68_69_70_71_72_73_74_75_76_77_78_79_80_81_82_83_84_85_86_87_88_89_90_91_92_93_94_95_96_97_98_101_102_103_104_105_106_107_108_109_110_111_112_113_115_116_117_118_119_120_123_124_127_128_129_130_131_132_135_136_137_138_139_140_141_142_144_145_148_149_150_151_156_157_158_159_160_161_166_167_168_169_171_172_174_175_180_181_182_183_184_189_190_191_192_195_196_197_198_200_201_204_205_206_207_211_213_214_217_219_223_225_226_227_230_231_234_237_238_242_246_249_250_252_253_254_257_260_261_263_266_267_269_270_273_275_276_277_278_280_281_283_285_286_287_288_289_290_291_292_293_294_295_296_297_298  7.41e+10  6.42e+10  -6663.88 -210876.19  13902.43    781.54     86.23    268.19  -2194.00  -2471.08      0.00 0
104845 5626.0    172_190_196_205_211_213_219_226_230_237_246_249_252_260_261_266_275_276_277_287  8.13e+10  7.17e+10 -11167.73  17072.58   8205.19    829.15     68.09    123.19  -1241.97  -8041.01      0.00 0
104846 5626.0    21_25_33_38_41_45_49_50_53_59_63_67_71_72_75_76_79_83_86_89_91_95_96_99_100_103_107_111_114_116_117_121_122_125_126_129_133_134_137_141_143_146_147_148_152_153_154_155_157_158_162_164_165_168_170_173_176_177_178_179_181_182_185_186_187_188_190_191_193_194_197_199_200_202_203_205_206_208_209_210_212_213_214_215_216_218_220_221_222_224_226_227_228_229_230_231_232_233_235_236_237_238_239_240_241_243_244_245_246_247_248_249_250_251_252_253_255_256_257_258_259_260_261_262_264_265_266_267_268_269_270_271_272_273_274_275_276_277_279_280_281_282_283_284_285_286_287_288_289_290_291_292_293_294_295_296_297_298  9.77e+10  8.52e+10 105117.41 191128.77  13685.24    792.68     86.41     61.19   5924.91  -3193.75      0.00 0
104847 5626.0    162_168_173_176_182_185_191_197_199_200_202_203_206_212_214_218_220_224_227_228_229_231_232_233_235_238_241_244_245_247_248_251_262  1.07e+10  9.13e+09 -30669.59 -13132.33  10314.78    757.66     72.82    203.18   5024.52  -5178.80      0.00 0
104848 5626.0    0_1_2_3_4_5_6_7_8_9_10_11_12_13_14_15_16_17_18_19_20_21_22_23_24_26_27_28_29_30_31_32_34_35_36_37_39_40_42_43_44_45_46_47_48_51_52_54_55_56_57_58_61_62_64_65_66_68_69_70_73_74_77_78_79_80_81_82_84_85_87_88_90_91_92_93_94_97_98_101_102_104_105_106_109_110_112_113_115_116_118_119_120_123_124_127_128_130_131_132_135_136_139_140_142_144_145_149_150_151_156_157_159_160_161_166_167_169_171_172_174_175_180_183_184_189_190_192_195_196_198_201_204_205_207_211_213_217_219_223_225_230_234_237_242_252_254_257_263_269_273_278_280_283_285_290_292  6.76e+09  5.60e+09  66860.83 205654.31  14401.22    700.25     86.19     71.99  -3889.92    505.11      0.00 0
104849 5626.0    41_45_53_55_59_63_67_75_78_79_83_89_91_95_99_102_103_107_111_116_117_121_125_128_129_133_137_140_141_143_146_148_152_154_157_158_162_164_167_168_170_172_173_176_178_181_182_185_187_190_191_193_194_196_197_198_200_205_206_208_209_211_213_215_219_221_222_223_226_230_234_236_237_242_252_254_257_263_273_278  1.78e+10  1.53e+10  44977.27  31236.74  12310.64    728.56     77.33     34.78   -269.39  -5306.76      0.00 0
104850 5626.0    0_1_2_3_4_5_6_7_8_9_10_11_12_13_14_15_16_17_18_19_20_21_22_23_24_25_26_27_28_29_30_31_32_33_34_35_36_37_38_39_40_41_42_43_44_45_46_47_48_49_50_51_52_53_54_55_56_57_58_59_60_61_62_63_64_65_66_67_68_69_70_71_72_73_74_75_76_77_78_79_80_81_82_83_84_85_86_87_88_89_90_91_92_93_94_95_96_97_98_99_100_101_102_103_104_105_106_107_108_109_110_112_113_114_115_116_117_118_119_120_122_123_124_126_127_128_130_131_132_134_135_136_138_139_140_142_143_144_145_147_148_149_151_153_155_156_157_159_161_163_165_166_167_169_172_174_175_177_179_180_181_183_184_186_188_189_190_192_196_198_201_207_210_211_213_217_219_223_234_237_242_254_257_263_278  2.45e+10  2.08e+10 108312.66 120166.80  14808.25    731.26     84.77     47.97   -478.08    567.26      0.00 0
104851 5626.0    94_98_106_113_120_124_132_136_140_145_151_161_172_175_184_198_211_217_219_223_234_242  5.62e+09  4.72e+09   -188.95  24603.66   9380.74    729.90     69.13     90.44  -3704.28  -3943.89      0.00 0
104852 5626.0    0_1_2_3_4_5_6_7_8_9_10_11_12_13_14_15_16_17_18_19_20_21_22_23_24_25_26_27_28_29_30_31_32_33_34_35_36_37_38_39_40_41_42_43_44_45_46_47_48_49_50_51_52_53_54_55_56_57_58_59_60_61_63_65_67_69_70_71_72_73_74_75_76_77_79_81_83_85_86_87_89_93_95_97_99_101_105_107_109_111_113_119_121_123_125_131_135_137_139_144_146_150_152_154_160_162_176_178_185_202_203_228_233  3.02e+09  2.50e+09  47973.34 -32541.48  12766.50    690.59     77.58    325.85  -1999.69   1220.12      0.00 0
104853 5626.0    0_1_2_3_4_5_6_7_8_9_10_11_12_13_14_15_16_17_18_19_20_21_22_23_24_25_26_27_28_29_30_31_32_33_34_35_36_37_38_39_40_41_42_43_44_45_46_47_48_49_50_51_52_53_54_55_56_57_58_59_60_61_62_63_64_65_66_67_68_69_70_71_72_73_74_75_76_77_78_79_80_81_82_83_84_85_86_87_88_89_90_91_92_93_94_95_96_97_98_99_100_101_102_104_105_106_108_110_112_113_114_118_120_122_123_124_126_128_130_131_132_133_134_136_138_140_142_143_145_147_151_153_155_161_163_165_169_170_174_175_177_179_184_186_188_194_198_208_210_216_217_222_240  9.77e+09  8.16e+09  97640.50  51545.34  14614.31    706.88     82.46     27.83   3453.38   2144.57      0.00 0
104854 5626.0    1_6_7_10_11_14_15_19_22_23_24_27_30_31_36_37_39_42_43_46_47_48_51_54_56_57_61_64_65_68_69_70_73_74_77_80_81_84_85_87_90_92_93_97_98_101_104_105_108_109_112_113_115_118_119_122_123_124_127_130_131_132_135_138_139_142_144_149_150_153_156_159_163_169_174_183_186_192  2.45e+10  2.11e+10  51412.96  30031.27  12634.18    724.90     78.02     30.29  -2407.00   1732.43      0.00 0
104855 5626.0    13_28_29_35_41_44_45_55_63_67_78_79_89_91_103_111_117_129_141_158_168_173_197  4.07e+09  3.43e+09 -12080.24  17715.61   9296.71    665.31     66.56    124.29   1315.07  -3574.86      0.00 0
104856 5626.0    17_21_25_26_33_38_41_45_49_50_53_59_60_63_67_71_72_75_76_79_83_84_86_89_91_95_96_99_100_103_107_108_111_114_117_121_122_125_126_129_133_134_137_138_141_143_146_147_148_152_153_154_155_158_162_163_164_165_168_170_173_176_177_178_179_181_182_185_186_187_188_191_193_194_197_199_200_202_203_205_206_208_209_210_212_214_215_216_218_220_221_222_224_226_227_228_229_230_231_232_233_235_236_238_240_241_243_244_246_249_250_253_255_256_258_259_260_261_264_266_267_270_271_274_275_276_277_279_280_281_284_286_287_288_289_290_291_293_294_295_296_297_298  4.57e+10  3.93e+10 -33929.91 -100646.32  14096.20    770.76     82.44    251.37   1629.97  -9418.04      0.00 0
104857 5626.0    271_279_284_291  1.15e+09  9.30e+08 -15628.00 -17001.28   9655.20    650.29     67.31    227.41   3875.94 -11061.01      0.00 0
104858 5626.0    22_30_36_42_43_46_54_56_64_65_68_77_80_90_92_101_104_115_118_127_156_166_189_195  7.41e+10  6.55e+10  12617.41 -16068.46   8521.03    768.63     67.36    308.14   -425.99   3640.00      0.00 0
104859 5626.0    0_1_2_3_4_5_6_7_8_9_10_11_12_13_14_15_16_17_18_19_20_21_22_25_26_27_28_29_30_33_34_35_36_38_39_40_41_42_43_44_45_46_49_50_53_54_55_56_59_60_63_64_65_66_67_68_71_72_75_76_77_78_79_80_83_84_86_89_90_91_92_95_96_102_103_104_107_108_111_112_115_116_117_118_129_130_137_141_142_148_149_157_158_159_168_169_181_182_183_191_192_197_200_205_206_207_214_226_227_231_246_250_253_260_261_267_275_277_287  4.27e+10  3.70e+10   1355.98  47360.33  11366.12    798.34     76.51     88.36    941.57  -1616.37      0.00 0
104860 5626.0    110_120_128_136_140_151_157_161_167_172_181_190_196_200_205  5.01e+10  4.37e+10 -12455.67  14506.63   8417.12    746.92     66.24    130.65  -1861.89  -5160.46      0.00 0
104861 5626.0    0_1_2_3_4_5_6_8_9_10_11_12_13_16_17_18_20_21_22_25_26_28_29_30_32_33_34_35_38_40_41_42_44_45_49_50_52_53_54_55_58_59_60_62_63_64_66_67_71_72_75_76_78_79_82_83_84_86_88_89_91_95_96_99_100_102_103_106_107_108_110_111_114_116_117_120_121_122_125_126_128_129_133_134_136_137_138_140_141_143_146_147_148_151_152_153_154_155_157_158_161_162_164_165_167_168_170_172_173_176_177_178_179_181_182_184_185_186_187_188_190_191_193_194_196_197_198_199_200_202_203_205_206_208_209_210_211_212_213_214_215_216_217_219_221_222_223_226_227_230_231_232_234_236_237_239_240_242_246_249_252_254_257_260_263_266_269_273_278_280_283_285_290_292  4.37e+10  3.75e+10 -92163.28 -84659.47  14479.79    758.48     83.40    222.57   5315.91    624.95      0.00 0
104862 5626.0    37_48_58_62_69_70_73_74_82_85_88_93_94_97_98_106_110_113_119_120_123_124_128_131_132_135_136_140_144_145_150_151_157_160_161_167_172_175_184_190_196_198_205_211_213_217_219_223_226_230_234_237_242_249_252_254_257_260_263_266_269_273_275_276_278_280_283_285_286_288_290_292_293_294_296_297_298  7.08e+09  5.93e+09 -21112.12 101323.04  14435.35    711.70     82.06    101.77  -3737.73  -7730.77      0.00 0
104863 5626.0    0_1_3_4_6_7_10_12_14_15_17_18_19_22_25_26_27_30_31_33_34_36_38_39_42_43_46_49_50_51_54_59_60_71_72_75_76_84_86_95_99_100_114_125_133_134_143_154_164_170_178_187_193_209_215_232_239  3.63e+10  3.17e+10 -27406.01  10268.50   9832.23    758.94     71.43    159.46   3151.58   -271.16      0.00 0
104864 5626.0    136_140_151_161_167_172_190_196_198_205_211_213_219_226_230_234_237_242_246_249_252_257_260_261_266_269_275_276_280_283_286_287_288_290_293_294_295_296_297_298  1.51e+10  1.29e+10  14095.01 -35257.89  11089.08    708.42     73.72    291.79  -1499.08  -9205.05      0.00 0
104865 5626.0    226_230_246_249_252_260_261_266_275_276_277_286_287_289_293_295_298  6.03e+10  5.25e+10 -14897.89  22783.71   9629.17    749.00     70.52    123.18    535.78 -11112.31      0.00 0
104866 5626.0    0_1_2_3_4_5_6_7_8_9_10_11_12_13_14_15_16_17_18_19_20_21_22_23_24_25_26_27_28_29_30_31_32_33_34_35_36_37_38_39_40_41_42_43_44_45_46_47_48_49_50_51_52_53_54_55_56_58_59_60_62_63_64_65_66_67_68_70_71_72_74_75_76_77_78_79_80_82_83_84_86_88_89_90_91_92_94_95_96_99_100_102_103_104_106_107_108_110_111_112_114_116_117_118_120_121_122_125_126_128_129_130_133_134_136_137_138_140_141_142_143_147_148_151_153_155_157_158_159_161_162_163_165_167_168_169_172_173_174_177_179_181_182_184_186_190_191_192_196_197_198_200_205_206_211_213_214_219_223_226_227_230_231_234_237_242_246_249_250_252_254_257_260_261_263_266_269_273_275_276_278_280_283_285_286_287_288_290_292_293_294_296_297  1.55e+09  1.25e+09 -50301.89 -111458.19  14992.84    681.31     83.01    245.71  -3490.51 -11096.37      0.00 0
104867 5626.0    0_1_2_3_4_5_6_7_8_9_10_12_13_14_17_18_21_22_25_26_27_28_29_30_33_34_35_36_38_41_42_43_44_45_46_49_50_53_54_55_56_59_63_67_68_75_78_79_80_83_89_91_103_107_111_117_129_141_158_168_173_182_191_197_206_214  1.38e+10  1.18e+10   6285.88 -32247.88  10618.14    698.25     72.09    281.03   1157.92  -2571.56      0.00 0
104868 5626.0    0_1_2_3_4_5_6_7_9_10_11_12_14_15_16_17_18_19_21_22_23_24_25_26_27_30_31_33_34_36_37_38_39_42_43_46_47_49_50_51_54_56_57_59_60_61_64_65_68_69_71_72_73_75_76_77_80_81_84_86_87_90_92_93_95_96_97_99_100_101_104_105_108_109_112_114_115_118_119_122_123_125_126_127_130_131_133_134_135_138_139_142_143_144_147_149_150_153_154_155_156_159_160_163_164_165_166_169_170_171_174_177_178_179_180_186_187_188_189_193_194_195_208_209_210_215_216_221_222_232_236_239_240  5.25e+09  4.35e+09 -101501.46  30780.46  14774.47    672.88     82.07    163.13   5678.86    913.48      0.00 0
104869 5626.0    69_70_73_85_93_97_98_105_113_119_123_124_131_132_135  6.17e+09  5.21e+09   4271.49  19975.75   9039.36    679.47     66.13     77.93  -3522.21    411.44      0.00 0
104870 5626.0    212_214_218_220_224_227_231_233_235_238_241_243_244_245_246_248_249_250_251_253_255_256_258_259_260_261_262_264_265_266_267_268_270_271_272_274_275_276_277_279_280_281_282_284_286_288_290  2.14e+10  1.85e+10 -40162.06 -19285.55  11348.01    762.64     75.71    205.65   5098.07  -7330.97      0.00 0
104871 5626.0    0_1_2_3_4_5_6_7_8_9_10_11_12_13_14_15_16_17_18_19_20_21_22_23_24_25_26_27_28_29_30_31_32_33_34_35_36_37_38_39_40_41_42_43_44_45_46_47_48_49_50_51_52_53_54_55_56_57_58_59_60_61_62_63_64_65_66_67_68_69_70_71_72_73_74_75_76_77_78_79_80_81_82_83_84_85_86_87_88_89_90_91_92_93_94_95_96_97_98_99_100_101_102_103_104_105_106_107_108_109_110_111_112_113_114_115_116_117_118_119_120_121_122_124_125_126_127_128_129_130_133_134_135_136_137_138_139_140_141_142_143_146_147_148_149_151_152_153_154_155_156_157_158_159_160_161_162_163_164_165_166_167_168_169_170_171_172_173_174_176_177_178_179_180_181_182_183_185_186_187_188_189_190_191_192_193_194_195_196_197_198_199_200_201_202_203_204_205_206_207_208_209_210_211_212_213_214_215_216_218_219_220_222_223_224_225_226_227_228_229_230_231_233_234_235_237_238_241_242_243_244_246_248_249_250_251_252_253_254_255_256_257_258_259_260_261_263_264_266_267_269_270_271_272_273_274_275_276_277_278_279_280_281_283_284_285_286_287_288_289_290_291_292_293_294_295_296_297_298  7.08e+10  6.06e+10 -20218.41 -247507.98  13275.32    746.91     86.94    265.33   1298.78  -5391.28      0.00 0
104872 5626.0    0_1_2_3_4_5_6_7_8_9_10_11_12_13_14_15_16_17_18_19_20_21_22_23_24_25_26_27_28_29_30_31_32_33_34_35_36_37_38_39_40_41_42_43_44_45_46_47_48_49_50_51_52_53_54_55_56_57_58_59_60_61_62_63_64_65_66_67_68_69_70_71_72_73_74_75_76_77_78_79_80_81_82_83_84_85_86_87_88_89_90_91_92_94_95_96_99_100_101_102_103_104_106_107_108_110_111_112_114_115_116_117_118_120_121_122_125_126_128_129_130_133_134_136_137_138_140_141_142_143_146_147_148_149_151_152_153_154_155_156_157_158_159_161_162_163_164_165_167_168_169_170_172_173_174_176_177_178_179_180_181_182_183_184_185_186_187_188_190_191_192_193_194_196_197_198_199_200_201_202_203_205_206_207_208_209_210_211_212_213_214_215_216_218_219_220_221_222_223_224_226_227_228_229_230_231_233_234_235_236_237_238_240_241_242_243_244_246_249_250_252_253_254_255_257_258_259_260_261_263_264_266_267_269_270_271_273_274_275_276_277_278_279_280_281_283_284_285_286_287_288_289_290_291_292_293_294_295_296_297_298  8.51e+09  7.09e+09 -75423.14 -213343.34  14196.87    699.42     86.41    250.53   -176.73  -7931.77      0.00 0
104873 5626.0    1_2_7_8_11_15_16_19_20_23_24_27_28_31_32_37_39_40_44_47_48_51_52_57_58_61_62_65_66_69_70_73_74_78_81_82_85_87_88_93_94_97_98_101_102_105_106_109_110_113_119_123_127_128_135_139_144_150_160_166_171_195  5.62e+10  4.90e+10 -10292.87  40706.90  11187.85    752.87     75.08    104.19  -2888.48   3034.18      0.00 0
104874 5626.0    20_28_32_35_40_44_45_52_55_58_62_63_66_67_74_78_79_82_88_89_91_94_98_102_103_106_107_110_111_113_116_117_120_124_128_129_132_136_137_140_141_145_148_151_152_157_158_161_162_167_168_172_173_175_176_181_182_184_185_190_191_196_197_198_199_200_203_205_206_211_212_213_214_217_218_219_220_223_224_226_227_228_230_231_233_234_235_237_238_241_242_243_244_246_248_249_250_251_252_253_254_255_256_257_258_259_260_261_262_263_264_265_266_267_268_269_270_271_272_274_275_277_279_281_282_284_289_291  1.66e+09  1.33e+09 -147066.75  58406.07  15404.03    654.26     84.44    158.34   2933.76  -7188.67      0.00 0
104875 5626.0    110_116_128_136_140_148_157_167_181_182_190_200_205_206_214_226_227_231_250_253_267  2.34e+10  2.01e+10  17416.85 -19881.10   9735.24    713.12     69.78    311.22   -211.42  -6336.89      0.00 0
104876 5626.0    148_158_168_173_181_182_190_191_197_199_200_205_206_212_213_214_218_220_224_235_241  1.95e+09  1.60e+09 -25564.69  -2470.61   9895.10    671.25     68.93    185.52   1584.37  -6224.72      0.00 0
104877 5626.0    0_1_2_3_4_5_6_7_8_9_10_11_12_13_14_15_16_17_18_19_20_21_22_23_24_25_26_27_28_29_30_31_32_33_34_35_36_37_38_39_40_41_42_43_44_45_46_47_48_49_50_51_52_53_54_55_56_57_58_59_60_61_62_63_64_65_66_67_68_69_70_71_72_73_74_75_76_77_78_79_80_81_82_83_84_85_86_88_89_90_91_93_94_95_96_97_98_99_100_102_103_106_107_108_110_111_112_113_114_116_117_120_121_122_123_124_125_126_128_129_131_132_133_134_136_137_138_140_141_143_145_146_147_148_151_152_153_154_155_157_158_161_162_164_165_167_168_170_172_173_175_176_177_178_179_181_182_184_185_186_187_188_190_191_193_194_196_197_198_199_200_202_203_205_206_208_209_210_211_212_213_214_215_216_217_218_219_220_221_222_223_224_226_227_228_229_230_231_232_233_234_235_236_237_238_239_240_241_242_243_244_245_246_247_248_249_250_251_252_253_254_255_256_257_258_259_260_261_262_263_264_265_266_267_268_269_270_271_272_273_274_275_276_277_278_279_280_281_282_283_284_285_286_287_288_289_290_291_292_293_294_295_296_297_298  1.23e+10  1.04e+10 -296956.03 -103294.81  11089.26    723.69     87.98    199.18   2906.71  -5995.72      0.00 0
104878 5626.0    0_1_2_3_4_6_7_10_11_12_14_15_18_19_22_23_24_25_26_27_30_31_34_36_37_38_39_42_43_46_47_50_51_54_57_60_69_72_73_76_81  4.07e+10  3.55e+10  20963.48   -717.41   8774.35    739.02     67.30    358.04    -64.48    743.60      0.00 0
104879 5626.0    38_49_50_59_60_71_72_75_76_83_84_86_95_96_99_100_107_108_112_114_121_122_125_126_133_134_137_138_141_142_143_146_147_152_153_154_155_162_163_164_165_169_170_173_174_176_177_178_179_185_186_187_188_193_194_197_199_202_203_208_209_210_212_215_216_218_220_221_222_224_228_229_232_233_235_236_238_239_240_241_243_244_245_247_248_251_255_256_258_259_262_264_265_268_271_272_274_279_282_284  1.02e+09  8.15e+08   2209.76 -106379.50  15067.54    635.90     81.94    271.19   5181.16   4357.11      0.00 0
104880 5626.0    190_196_200_205_206_213_214_219_226_227_230_231_234_237_238_242_243_246_249_250_252_253_258_261_264_267_270_274_279  1.20e+09  9.88e+08 -27753.28   7384.58  10057.22    709.33     70.70    165.10    330.96  -7978.80      0.00 0
104881 5626.0    21_29_41_45_53_55_63_67_79_89_91_103_111_117_129_141_158_168_173_191_197_206_214_220_238  1.78e+10  1.54e+10   6167.33 -22936.68   9203.01    739.18     68.82    285.05   1683.11  -4679.48      0.00 0
104882 5626.0    86_95_99_100_107_114_121_122_125_126_133_134_137_141_143_146_147_152_153_154_155_162_164_165_170_173_176_177_178_179_185_186_187_188_193_194_199_208_210_212_216_222  5.50e+09  4.54e+09  13970.64  51173.34  12412.56    695.29     76.83     74.73   5906.68   3553.42      0.00 0
104883 5626.0    0_1_2_3_4_5_6_7_9_10_11_12_13_14_15_17_18_19_21_22_25_26_27_29_30_31_33_34_36_38_39_41_42_43_46_49_50_51_53_54_56_59_60_61_63_64_65_67_68_71_72_75_76_77_80_81_83_84_86_87_89_90_92_95_96_99_100_101_104_105_107_108_109_111_112_114_115_118_121_122_125_126_127_130_133_134_135_137_138_139_141_142_143_146_147_149_152_153_154_155_156_159_160_162_163_164_165_166_169_170_171_173_174_176_177_178_179_180_183_185_186_187_188_189_192_193_194_195_199_201_202_203_204_207_208_209_210_215_216_218_221_222_224_225_228_229_232_233_236_239_240_241_244_245_247_248_251_256_259_262_265_268_272_282  4.57e+09  3.76e+09 137839.44 -179506.08  13644.29    773.17     86.55    307.52   1926.01   5173.24      0.00 0
104884 5626.0    10_12_14_18_22_25_26_27_30_34_36_38_42_43_46_50_54_56_60_64_65_68_71_72_76_77_80_84_86_90_92_101  4.90e+09  4.11e+09  14122.74 -14191.93   9187.73    645.96     65.35    314.86    950.72   1551.15      0.00 0
104885 5626.0    143_146_154_164_165_170_176_178_185_187_188_193_194_202_203_208_209_210_215_216_218_221_222_224_228_229_232_233_236_239_240_241_244_245_248_251_256_259  2.04e+09  1.68e+09   5422.72  35479.04  11000.40    689.64     72.96     81.31   6212.20  -2204.12      0.00 0
104886 5626.0    122_126_138_142_147_153_155_163_165_169_170_174_177_179_186_188_192_194_208_210_216_221_222_236_240  4.68e+10  4.07e+10 -26717.41  22826.89  10576.23    745.48     73.25    139.49   5761.78   2502.90      0.00 0
104887 5626.0    40_44_45_55_62_66_67_78_79_88_91_102_106_110_120_136_151  1.95e+09  1.64e+09  20241.74   2166.79   8927.79    695.58     66.32      6.11  -1646.90  -2977.62      0.00 0
104888 5626.0    197_199_203_212_214_218_220_224_227_228_229_231_233_235_238_241_243_244_245_246_248_250_251_253_255_256_258_259_260_261_264_267_270_271_274_275_276_277_279_281_284_286_287_288_289_290_291_293_294_295_296_297_298  2.63e+10  2.25e+10 -32540.59 -35177.57  11867.94    721.56     76.09    227.23   1007.11 -10362.62      0.00 0
104889 5626.0    220_231_235_238_243_244_246_250_253_255_258_259_260_261_264_266_267_270_271_274_275_276_277_280_281_283_284_286_287_288_289_290_292_293_294_295_296_297  6.92e+10  6.06e+10 -31817.97 -20813.17  10701.45    773.64     74.28    213.19   -444.12 -10865.26      0.00 0
104890 5626.0    0_3_4_5_6_7_9_10_12_14_17_18_21_22_25_26_27_29_30_33_34_36_38_39_41_42_43_46_49_50_53_54_56_59_60_63_64_65_67_68_71_72_75_76_77_80_83_84_86_89_90_92_95_96_99_100_101_104_107_108_111_112_114_115_118_121_125_127_130_137_141_146_149_152_156_159_162_166_180_183_185_189_199_201_204_225  3.39e+09  2.84e+09  18086.91 -39269.61  11382.75    738.50     75.25    294.73   1281.91   1367.14      0.00 0
104891 5626.0    0_1_2_3_4_5_6_7_8_9_10_11_12_13_14_15_16_17_18_19_20_21_22_23_24_25_26_27_28_29_30_31_32_33_34_35_37_38_40_41_44_45_47_48_49_50_51_52_53_54_55_57_58_59_60_62_63_66_67_69_70_71_72_73_74_75_76_78_79_81_82_83_85_86_88_89_91_93_94_95_97_98_99_100_102_103_106_107_110_111_113_114_116_117_120_121_123_124_125_128_129_131_132_133_134_136_137_140_141_143_145_146_151_152_154_158_161_162_164_165_168_170_173_175_176_178_184_185_187_193_194_199_202_203_208_209_215_218_221_228_229_232_233_236_239_245_247_248_262  3.98e+10  3.44e+10 -98784.50   8017.43  14175.94    733.94     81.86    175.36   -954.58  -1704.71      0.00 0
104892 5626.0    3_5_8_9_13_17_20_21_25_28_29_33_35_38_40_41_44_45_49_52_53_55_59_62_63_66_67_71_72_75_78_79_82_83_86_88_89_91_95_99_100_102_103_106_107_110_111_114_116_117_120_121_125_128_129_133_134_136_137_140_141_143_146_148_151_152_154_157_158_161_162_164_165_167_168_170_172_173_175_176_178_181_182_184_185_187_188_190_191_193_194_196_198_202_205_208_209_211_213_215_216_217_219_221_222_223_232_234_236_237_239_240_242_254_263  2.69e+10  2.32e+10 -65474.34 -33678.14  13340.68    728.19     79.73    207.22  -1078.36  -4218.12      0.00 0
104893 5626.0    121_125_133_143_146_152_154_162_164_165_170_173_176_178_185_187_193_194_199_202_203_208_209_212_215_216_218_222_224  8.32e+10  7.28e+10 -11804.43 -26613.13   9860.08    750.76     71.29    246.08   5146.05  -2443.90      0.00 0
104894 5626.0    89_95_103_107_111_117_121_125_129_133_137_141_146_152_154_162_164_176_178_185_187_193_202_209_215_221_229_232_236_239  1.82e+09  1.49e+09  34368.50  11406.23  11195.58    665.24     72.82     18.36   5654.88  -2313.69      0.00 0
104895 5626.0    9_13_17_21_28_29_33_35_40_41_44_45_49_52_53_55_59_62_63_66_67_71_75_78_79_82_83_86_88_89_91_95_99_102_103_106_107_110_111_114_116_117_120_121_125_128_129_133_136_137_140_141_143_145_146_148_151_152_154_157_158_161_162_164_165_167_168_170_172_173_175_176_178_181_182_184_185_187_190_191_193_194_196_197_198_199_200_202_203_205_206_208_209_211_212_213_214_215_217_218_219_220_221_222_223_224_226_227_228_229_230_231_232_233_234_235_236_237_238_239_240_241_242_243_244_245_246_247_248_249_250_251_252_253_254_255_256_257_258_259_260_261_262_263_264_265_266_267_268_269_270_271_272_273_274_275_276_277_278_279_280_281_282_283_284_285_286_287_288_289_290_291_292_293_294_296  3.55e+10  3.02e+10 -206453.52 -73352.42  14091.59    733.24     86.32    199.56   3311.55  -5390.11      0.00 0
104896 5626.0    141_146_152_162_168_173_176_178_185_187_191_193_197_199_202_203_206_209_212_214_215_218_220_221_224_226_227_228_229_231_232_233_235_238_239_241_243_244_246_248_249_250_251_253_255_256_258_259_260_261_264_266_267_270_274_275_276_277_280_281_284_286_287_288_289_290_291_293_294_295_296_297_298  1.82e+10  1.54e+10  35198.32  47170.62  12531.63    734.45     77.98     53.27   1296.85  -9600.16      0.00 0
104897 5626.0    3_4_9_10_12_13_17_18_21_22_25_26_29_33_34_35_38_41_42_45_49_50_53_54_55_59_60_63_64_67_68_71_72_75_76_78_79_83_84_86_89_90_91_95_96_99_100_103_107_108_111_112_114_116_117_121_122_125_126_129_133_134_137_138_141_142_143_146_147_148_152_153_154_155_157_158_162_163_164_165_168_169_173_174_177_179_181_182_186_188_191_197_200_205_206_210_212_214_220_226_227_230_231_238_246_249_250_253_260_261_266_267_275_276_277_286_287_288_294  2.45e+09  2.01e+09 -22622.64 -68969.40  13583.89    685.60     79.40    251.84   3654.11   1862.74      0.00 0
104898 5626.0    104_112_130_138_142_163_169_174_186  3.55e+10  3.11e+10  17044.40   9820.77   8524.75    744.69     66.57     29.95   2776.20   4532.88      0.00 0
104899 5626.0    235_238_241_243_244_250_251_253_255_256_258_259_261_262_264_265_267_268_270_271_272_274_275_277_279_281_282_284  6.31e+10  5.49e+10 -26652.82 -13247.97   9791.58    777.00     71.79    206.43   4616.66  -8076.64      0.00 0
