#event_number primary_type du_ids energy_primary em_energy Xmax_pos(x, y, z), Xmax_grams zenith azimuth shower_core_pos_x shower_core_pos_y shower_core_pos_z, N_tested_cores, units are degrees, GeV and meters
101000 5626.0    41_45_53_55_63_67_78_79_83_89_91_102_103_107_111_116_117_128_129_148_157_158_167_172_181_182_190_196_200_205_211_213_219_230_234_237_242_252_254_257_263_269_273_278_285  8.13e+09  6.89e+09 -22649.26 -27899.75  11075.91    678.84     72.87    230.93  -1544.20  -6118.53      0.00 0
101001 5626.0    0_1_2_3_4_5_6_7_8_9_10_11_12_13_14_15_16_17_18_19_20_21_23_24_25_26_27_28_29_31_32_33_35_37_38_39_40_41_44_45_47_48_49_51_52_53_55_57_58_59_61_62_63_66_67_69_70_71_73_74_75_78_79_81_82_83_85_88_89_91_93_94_95_97_98_99_102_103_105_106_107_110_111_113_116_117_119_120_121_123_124_125_128_129_131_132_136_137_140_141_144_145_146_148_150_151_152_154_157_158_161_162_167_168_172_173_175_176_178_181_182_184_185_187_190_191_196_197_198_199_200_202_203_205_206_209_211_212_213_214_217_218_219_220_223_224_226_227_228_229_230_231_232_233_234_235_237_238_241_242_243_244_245_246_247_248_249_250_251_252_253_254_255_256_257_258_259_260_261_262_263_264_265_266_267_268_269_270_271_272_274_275_276_277_279_281_282_284_287_289_291  1.74e+10  1.45e+10 -206570.48 110622.91  13880.49    715.80     86.61    151.83   1159.86  -5347.26      0.00 0
101002 5626.0    0_3_4_5_6_9_10_12_14_17_18_21_22_25_26_29_30_33_34_36_38_41_42_43_45_46_49_50_53_54_56_59_60_63_64_67_68_71_72_75_76_77_79_80_83_84_86_89_90_92_95_96_99_100_103_104_107_108_111_112_114_115_118_121_122_125_126_129_130_133_134_137_138_141_142_143_146_147_149_152_153_154_155_156_159_162_163_164_168_169_173_174_176_178_180_183_185_191_192_197_199_201_202_203_204_207_212_214_218_220_224_225_233_235_238_241_243_244_255_256_258_259_264_271_272_274_279_284  1.20e+09  9.65e+08 -16223.65  70949.99  13949.60    636.96     79.15    102.88   2581.04    263.06      0.00 0
101003 5626.0    121_125_133_137_141_146_152_154_158_162_164_168_173_176_178_182_185_187_191_193_197_199_202_203_206_209_212_214_218_220_224_227_231_235_238_243_246_250_253_258_260_261_267_270_275_276_277_286_287_288_293_294  1.35e+10  1.15e+10 -20352.11 -33211.63  10978.12    741.67     74.26    238.50   2626.42  -6276.55      0.00 0
101004 5626.0    0_1_2_4_5_6_7_8_10_11_13_14_15_16_19_20_23_24_27_28_30_31_32_36_37_39_40_42_43_44_46_47_48_51_52_56_57_58_61_62_65_66_68_69_70_73_74_77_78_80_81_82_85_87_88_92_93_94_97_98_101_102_104_105_106_109_110_113_115_118_119_120_123_124_127_128_130_131_132_135_136_139_140_144_145_149_150_151_156_159_160_161_166_167_169_171_172_175_180_183_184_189_192_195_196_198_201_204_207_211_217_219_223_225_234_237_242_254_257_263_273_278_285  5.01e+10  4.32e+10 -38101.04 -115206.91  14490.85    749.92     83.19    251.70  -1837.02   5161.45      0.00 0
101005 5626.0    173_185_191_197_199_202_203_206_212_214_218_220_224_226_227_228_229_231_233_235_238_241_243_244_245_246_248_249_250_251_253_255_256_258_259_260_261_264_266_267_270_274_275_276_277_280_281_283_284_286_287_288_289_290_292_293_294_295_296_297  1.74e+10  1.50e+10  34764.41  30616.62  11326.92    790.80     76.26     41.37   1193.08  -9121.19      0.00 0
101006 5626.0    110_116_120_128_136_140_145_148_151_157_158_161_167_172_175_181_182_184_190_191_200_206  4.79e+10  4.17e+10 -20545.18  11690.26   9121.24    750.65     68.90    150.36  -1659.98  -4731.38      0.00 0
101007 5626.0    63_67_79_83_89_91_95_103_107_111_117_121_125_129_137_141_146_152_154_162_176_178_185_187_193_202_209_215_221_229_232_239  9.77e+10  8.65e+10 -28461.37  -5857.81   9705.73    776.92     71.53    191.63   4258.37  -2733.35      0.00 0
101008 5626.0    220_231_235_238_241_243_244_246_250_251_253_255_256_258_259_260_261_262_264_265_266_267_268_270_271_272_274_275_276_277_279_280_281_282_283_284_286_287_288_289_290_291_292_293_294_295_296_297_298  9.55e+10  8.34e+10 -52234.45 -24646.51  11908.37    828.03     78.35    205.26   2817.40  -9738.03      0.00 0
101009 5626.0    94_98_106_110_120_124_128_132_136_140_145_151_157_161_167_172_181_184_190_196_198_205_211_213_219_226_230_234_237_242_246_249_252_257_260_266_269_275_276_280_283_286_288_290_293_294_296_297  6.92e+09  5.85e+09  11214.31 -38599.89  11344.00    701.65     74.24    286.20  -2313.44  -6620.76      0.00 0
101010 5626.0    103_117_129_158_168_173_182_191_197_206_212_214_220_231_238_243_253_258_264_270_274_279  3.72e+09  3.08e+09  11806.62 -23211.86   9949.69    670.50     69.09    296.96   2418.74  -6854.29      0.00 0
101011 5626.0    34_38_49_50_54_60_64_71_72_75_76_84_86_90_95_96_99_100_104_108_112_114_121_122_125_126_130_133_134_137_138_142_143_146_147_152_153_154_155_159_162_163_164_165_169_170_174_176_177_178_179_183_185_186_187_188_192_193_194_199_202_203_207_209_215_218_224_228_229_233_241_244_245_248_251_256_259_265_268_272  1.58e+10  1.35e+10  15949.66 -62664.37  12897.33    728.97     78.72    284.28   3662.56   2781.34      0.00 0
101012 5626.0    0_1_2_3_4_5_6_7_8_9_10_11_12_13_14_15_16_17_18_19_20_21_22_23_24_25_26_27_28_29_30_31_32_33_34_35_36_37_39_40_41_42_43_44_45_46_47_48_51_52_53_54_55_56_57_58_61_62_63_64_65_66_67_68_69_70_73_74_77_78_79_80_81_82_85_87_88_90_91_92_93_94_97_98_101_102_103_104_105_106_109_110_112_113_115_116_117_118_119_120_123_124_127_128_130_131_132_135_136_139_140_144_145_148_149_150_151_156_157_158_159_160_161_166_167_169_171_172_175_180_181_182_183_184_189_190_192_195_196_198_200_201_204_205_207_211_213_217_219_223_225_226_227_230_234_237_242_246_249_252_254_257_260_261_263_266_269_273_275_276_278_280_283_285_286_288_290_292_293_294_296_297  4.27e+09  3.53e+09  16105.34 152464.05  14789.30    735.82     84.49     83.97  -2268.47   3258.88      0.00 0
101013 5626.0    12_17_18_21_22_25_26_33_34_38_41_42_49_50_53_54_59_60_63_64_67_68_71_72_75_76_83_84_86_89_90_95_96_99_100_103_107_108_111_112_114_121_122_125_126_129_130_133_134_137_138_141_142_143_146_147_152_153_154_155_158_162_163_164_165_168_169_170_173_174_176_177_178_179_182_185_186_187_188_191_192_193_194_197_199_202_203_206_208_209_210_212_214_215_216_218_220_221_222_224_227_228_229_231_232_233_235_236_238_239_240_241_243_244_245_247_248_250_251_253_255_256_258_259_261_262_264_265_267_268_270_271_272_274_277_279_281_282_284_287_289_291_295_298  1.78e+10  1.51e+10 -10614.30 -136082.00  14852.24    719.52     83.79    265.54   5001.34   1362.54      0.00 0
101014 5626.0    64_68_80_84_90_92_96_100_104_108_112_115_118_122_126_130_134_138  5.25e+10  4.61e+10 -17758.77  11466.69   8842.65    731.70     67.30    147.15   2018.15   2981.21      0.00 0
101015 5626.0    27_36_39_43_51_56_61_65_77_81_87_93_101_105_109_119_135_139_144_150_160  1.05e+10  8.97e+09  24582.32  -9015.31   9747.90    705.49     69.58    339.86  -3941.41   3293.26      0.00 0
101016 5626.0    143_146_152_154_162_164_165_170_176_178_185_187_188_193_194_199_202_203_208_209_210_212_215_216_218_220_221_222_224_228_229_232_233_235_236_238_239_240_241_243_244_245_247_248_251_255_256_258_259_262_264_265_268_270_271_272_274_279_281_282_284_289_291  9.12e+10  7.98e+10 -24939.66 -82500.05  13511.98    777.58     81.09    253.18   5752.14  -7523.53      0.00 0
101017 5626.0    0_1_2_3_4_5_6_7_8_9_10_11_12_13_14_15_17_18_19_21_22_23_25_26_27_29_30_31_33_34_36_38_39_41_42_43_45_46_47_49_50_51_53_54_56_57_59_60_61_63_64_65_67_68_71_72_75_76_77_80_81_83_84_86_87_89_90_92_93_95_96_99_100_101_104_105_107_108_109_111_112_114_115_118_119_121_122_125_126_127_130_133_134_135_137_138_139_141_142_143_146_147_149_150_152_153_154_155_156_159_160_162_163_164_165_166_169_170_171_174_176_177_178_179_180_183_185_186_187_188_189_192_193_194_195_199_201_202_203_204_207_208_209_210_215_216_218_221_222_224_225_228_229_232_233_236_239_241_244_245_247_248_251_256_259_262_265_268_272_282  7.08e+09  5.91e+09 -91904.20 101072.26  14816.35    724.63     83.81    132.28   5852.62  -2107.12      0.00 0
101018 5626.0    0_1_2_3_4_5_6_7_8_9_10_11_12_13_14_15_16_17_18_19_20_21_22_23_24_25_26_27_28_29_30_31_32_33_34_35_36_37_38_39_40_41_42_43_44_45_46_47_48_49_50_51_52_53_54_55_56_57_58_59_60_61_62_63_64_65_66_67_68_69_70_71_72_73_74_75_76_77_78_79_80_81_82_83_84_85_86_87_88_89_90_91_92_93_94_95_96_97_98_99_100_101_102_103_104_105_106_107_108_109_110_111_112_113_114_115_116_117_118_119_120_121_122_123_124_125_126_127_128_129_130_133_134_135_136_137_138_139_140_141_142_143_144_146_147_148_149_150_152_153_154_155_156_157_158_159_160_161_162_163_164_165_166_167_168_169_170_171_172_173_174_176_177_178_179_180_181_182_183_185_186_187_188_189_190_191_192_193_194_195_196_197_199_200_201_202_203_204_205_206_207_208_209_210_212_213_214_215_216_218_219_220_221_222_224_225_226_227_228_229_230_231_232_233_235_236_237_238_239_240_241_243_244_245_246_247_248_249_250_251_252_253_255_256_258_259_260_261_262_264_265_266_267_268_269_270_271_272_274_275_276_277_279_280_281_282_284_286_287_288_289_291_293_294_295_296_297_298  5.89e+10  5.06e+10 -49327.20 281183.19  12114.78    740.49     87.57     99.95   2461.91  -2518.52      0.00 0
101019 5626.0    0_1_2_3_4_5_6_7_8_9_10_11_12_13_14_15_16_17_18_20_21_22_25_26_27_28_29_30_32_33_34_35_36_38_40_41_42_44_45_46_49_50_52_53_54_55_56_59_60_62_63_64_66_67_68_71_72_75_76_78_79_80_82_83_84_86_88_89_90_91_96_102_103_104_107_108_110_111_112_116_117_122_128_129_130_138_140_142_148_157_158_163_167_168_172_174_181_182_190_191_196_200_205_206_211_213_219_226_227_230_234_237_242_246_249_250_252_257_260_261_263_266_269_273_275_276_278_280_283_285_286_288_290_292_294_296_297  1.74e+10  1.47e+10  21987.62  67590.63  13404.46    701.33     79.32     71.98  -1660.10  -8606.42      0.00 0
101020 5626.0    0_1_2_3_4_5_6_7_8_9_10_11_12_13_14_15_16_17_18_19_20_21_22_23_24_25_26_27_28_29_30_31_32_33_34_35_36_37_38_39_40_41_42_43_44_45_46_47_48_49_50_51_52_53_54_55_56_57_58_59_60_61_62_63_64_65_66_67_68_69_70_71_72_73_74_75_76_77_78_79_80_81_82_83_84_85_86_87_88_89_90_91_92_93_94_95_96_97_98_99_100_101_102_103_104_105_106_107_108_109_110_111_112_113_114_115_116_117_118_119_120_121_122_123_124_125_126_127_128_129_130_131_132_133_134_135_136_137_138_139_140_141_142_143_144_145_146_147_148_149_150_151_152_153_154_155_156_157_158_159_160_161_162_163_164_165_166_167_168_169_170_171_172_173_174_175_176_178_180_181_182_183_184_185_187_189_190_191_192_193_195_196_197_198_199_200_201_202_203_204_205_206_207_208_209_211_212_213_214_215_218_219_220_221_224_225_226_227_228_229_230_231_232_233_235_238_239_241_243_244_245_246_247_248_249_250_251_253_255_256_258_259_260_261_262_264_265_267_268_270_271_272_274_275_277_279_281_282_284_287_289_291_295  1.12e+09  8.97e+08 174399.70 -224591.86  12862.67    653.89     87.41    307.83   -749.97    120.75      0.00 0
101021 5626.0    0_3_4_5_6_8_9_10_12_13_17_18_21_22_25_26_28_29_30_33_34_35_38_41_42_44_45_46_49_50_53_54_55_59_60_63_64_67_68_71_72_75_76_78_79_80_83_84_86_89_90_91_95_96_99_100_102_103_104_107_108_111_112_114_116_117_121_122_125_126_129_130_133_134_137_138_141_142_143_146_147_148_152_153_154_155_157_158_162_163_164_165_168_169_170_173_174_176_177_179_181_182_185_186_188_190_191_197_199_200_205_206_210_212_214_220_226_227_230_231_235_238_243_246_249_250_252_253_258_260_261_266_267_270_275_276_277_280_281_284_286_287_288_289_290_291_293_294_295_296_297_298  2.14e+10  1.81e+10  21006.36  81401.38  13736.55    731.41     80.72     75.53   2498.93  -1585.21      0.00 0
101022 5626.0    104_118_130_142_159_169_174  1.00e+09  8.18e+08  15587.76  11793.21   9048.23    654.66     65.16     37.11   2251.43   5070.82      0.00 0
101023 5626.0    111_121_125_129_133_137_141_143_146_152_154_158_162_164_165_168_170_173_176_178_182_185_187_191_193_194_197_199_200_202_203_206_208_209_212_214_215_216_218_220_221_222_224_226_227_228_229_231_232_233_235_236_238_239_240_241_243_244_245_246_247_248_249_250_251_252_253_255_256_258_259_260_261_262_264_265_266_267_268_269_270_271_272_274_275_276_277_279_280_281_282_283_284_286_287_288_289_290_291_292_293_294_295_296_297_298  1.82e+09  1.47e+09 -84894.41 -113522.01  15349.39    657.67     83.82    233.21   1653.93 -10507.05      0.00 0
101024 5626.0    230_237_252_257_266_269_273_278_283_285_292  2.14e+09  1.77e+09  13926.37  14275.86   9189.87    643.62     65.26     45.71  -2989.95  -9529.77      0.00 0
101025 5626.0    14_19_22_27_30_36_39_42_43_46_51_54_56_60_61_64_65_68_77_80_84_90_92_96_104_108_112_122_126_138_142_147_153_163_177_179_186_210  7.08e+09  5.96e+09 -33472.77 -10695.40  10951.61    685.09     72.69    197.72   4151.00   3396.86      0.00 0
101026 5626.0    226_227_230_231_237_242_246_249_250_252_253_257_260_261_263_266_267_269_273_276_278_280_283_285  1.45e+10  1.24e+10 -29171.21  -3788.68  10094.37    717.47     71.06    187.40  -2586.86  -9170.75      0.00 0
101027 5626.0    35_40_44_45_52_55_62_66_67_78_79_82_88_89_91_94_102_103_106_107_110_111_117_129_137_141  1.66e+09  1.36e+09 -22137.00   6264.14   9571.86    660.84     67.41    164.20    200.29  -3031.14      0.00 0
101028 5626.0    128_136_140_145_148_151_157_161_167_172_175_181_182_184_190_191_196_197_198_200_205_206_211_213_214_217_219_220_223_226_227_230_231_234_235_237_238_242_243_246_249_250_252_253_254_255_257_258_259_260_261_263_264_266_267_269_270_271_273_274_275_276_277_278_279_280_281_283_284_285_286_287_288_289_290_291_292_293_294_295_296_297_298  6.92e+09  5.80e+09 172610.78 -92398.02  14411.94    744.81     85.79    331.84  -3420.00  -8525.40      0.00 0
101029 5626.0    1_2_5_8_9_11_13_15_16_20_23_24_28_29_31_32_35_37_40_41_44_45_47_48_51_52_55_57_58_62_66_67_69_70_73_74_78_79_81_82_85_88_89_91_93_94_97_98_102_103_105_106_110_111_113_116_117_119_120_123_124_128_129_131_132_135_136_140_141_144_145_148_150_151_157_158_161_167_168_172_173_175_181_182_184_190_191_196_197_198_200_205_206_212_213_214_220_226_227_230_231_235_238_243_246_249_250_253_255_258_259_260_261_264_267_270_271_274_277_279_281_284_289_291  9.12e+10  7.93e+10 -51825.30  67126.71  13553.18    763.55     80.92    127.67  -1786.96  -2980.57      0.00 0
101030 5626.0    41_44_45_55_63_66_67_78_79_88_89_91_102_103_110_116_128_136_140_161  4.57e+10  3.97e+10 -17777.60  -8597.85   8697.36    716.83     66.23    205.81   -665.15  -3357.04      0.00 0
101031 5626.0    0_1_2_3_4_5_6_7_8_9_10_11_12_13_14_15_16_17_18_19_20_21_22_23_24_25_26_27_28_29_30_31_32_33_34_35_36_37_38_39_40_41_42_43_44_45_46_47_48_49_50_51_52_53_54_55_56_57_58_59_60_61_62_63_64_65_66_67_68_69_70_71_72_73_74_75_76_77_78_79_80_81_82_83_84_85_86_87_88_89_90_91_92_93_94_95_96_97_98_99_100_101_102_103_104_105_106_107_108_109_110_111_112_113_114_115_116_117_118_119_120_121_122_123_124_125_126_127_128_129_131_132_133_134_135_136_137_139_140_141_143_144_145_146_148_150_151_152_154_155_156_157_158_160_161_162_164_165_166_167_168_170_171_172_173_175_176_178_181_182_184_185_187_190_191_193_194_195_196_197_198_199_200_202_203_205_206_208_209_211_212_213_214_215_217_218_220_221_224_226_227_228_229_231_232_233_235_236_238_239_241_243_244_245_247_248_250_251_253_255_256_258_259_262_264_265_268_270_271_272_274_279_282  1.20e+09  9.48e+08 221825.33 -130925.96  13769.74    651.65     86.94    329.45   4085.20  -4021.93      0.00 0
101032 5626.0    0_1_2_3_4_5_6_7_9_10_12_13_14_15_17_18_19_21_22_25_26_27_29_30_33_34_36_38_39_41_42_43_45_46_49_50_53_54_56_59_60_61_63_64_65_67_68_71_72_75_76_77_80_83_84_86_87_89_92_95_99_101_107_111_114_121_125_133_137_141_146_152_154_162_173_176_178_185_199_202_203_209_212_218_224_228_229_233_241_244_245_248_251_256_259_262_265_268_272_282  5.75e+09  4.82e+09 -32357.46  39533.09  11963.51    743.69     76.82    129.30   4817.61  -4002.72      0.00 0
101033 5626.0    96_100_114_122_126_134_138_142_143_147_153_155_163_164_165_169_170_174_177_179_186_188  2.09e+09  1.74e+09 -11158.04  30723.17  10740.49    676.39     71.81    109.96   3739.27   4166.32      0.00 0
101034 5626.0    7_10_14_19_22_27_30_31_34_36_39_42_43_46_51_54_56_57_60_61_64_65_68_76_77_80_81_84_87_90_92_93_96_100_101_104_105_108_109_112_115_118_119_122_123_126_127_130_134_135_138_139_142_144_147_149_150_153_155_156_159_160_163_165_166_169_171_174_177_179_186_188_194_210_216_222_240  1.41e+10  1.20e+10 -54734.50   2361.05  12376.57    718.58     77.27    177.53   1475.87   3017.94      0.00 0
101035 5626.0    0_1_2_3_4_5_6_7_8_9_11_13_15_16_17_19_20_21_23_24_27_28_29_31_32_35_37_39_40_41_44_45_47_48_51_52_53_55_57_58_61_62_63_65_66_67_69_70_73_74_78_79_81_82_83_85_87_88_89_91_93_94_97_98_102_103_105_106_107_109_110_111_113_116_117_119_123_128_129_135_137_141_144_148_150_157_158_160_162_168_173_181_182_191_197_199_200_206_212_214_220_224_227_231_235_238_243_244_253_255_258_264_270_271_274_279_284  9.77e+09  8.23e+09 -28713.01  46004.00  12360.39    715.36     77.16    121.97    717.00  -4001.71      0.00 0
101036 5626.0    152_162_168_173_176_178_185_191_197_199_202_203_206_209_212_214_215_218_220_224_226_227_228_229_231_232_233_235_238_239_241_243_244_245_246_247_248_249_250_251_253_255_256_258_259_260_261_264_266_267_270_271_274_275_276_277_279_280_281_284_286_287_288_289_290_291_292_293_294_295_296_297_298  2.04e+10  1.75e+10 -40521.42 -47461.26  12413.40    787.10     78.75    229.51   -171.83 -11282.05      0.00 0
101037 5626.0    0_1_2_3_4_5_6_7_8_9_10_11_12_13_14_15_16_17_18_19_20_21_22_23_24_25_26_27_28_29_30_31_32_33_34_35_36_37_38_39_40_41_42_43_44_45_46_47_48_49_50_51_52_53_54_55_56_57_58_59_60_61_62_63_64_65_66_67_68_69_70_71_72_73_74_75_76_77_78_79_80_81_82_83_84_85_86_87_88_89_90_91_92_93_94_95_96_97_98_99_100_101_102_104_105_106_108_109_110_112_113_114_115_118_119_120_122_123_124_126_127_128_130_131_132_133_134_135_136_138_139_140_142_143_144_145_147_149_150_151_153_155_156_159_160_161_163_165_166_169_170_171_172_174_175_177_179_180_183_184_186_188_189_192_194_195_198_201_204_207_210_216_217_222_223_225_240  5.62e+10  4.84e+10 -238150.34 -135618.30  12253.19    776.43     87.44    209.66   -108.96   3351.84      0.00 0
101038 5626.0    168_173_181_182_191_197_199_200_205_206_212_214_218_220_224_226_227_230_231_233_235_238_241_243_244_248_251  6.17e+09  5.26e+09  29226.71   8039.40  10189.42    719.79     71.42     15.38   2908.10  -6388.24      0.00 0
101039 5626.0    0_1_2_3_4_5_6_7_8_9_10_11_12_13_14_15_16_17_18_19_20_21_22_23_24_25_26_27_28_29_30_31_32_33_34_35_36_37_38_39_40_41_42_43_44_45_46_47_48_49_50_51_52_53_54_55_56_57_58_59_60_61_62_63_64_65_66_67_68_69_70_71_72_73_74_75_76_77_78_79_80_81_82_83_84_85_86_87_88_89_90_91_92_93_94_95_96_97_98_99_100_101_102_103_104_105_106_107_108_109_110_111_112_113_114_116_117_119_120_121_122_123_124_125_126_128_129_131_132_133_134_135_136_137_138_140_141_143_144_145_146_147_150_151_152_153_154_155_161_162_164_165_170_175_176_178_179_184_185_187_188_193_194_202_203_208_209_210_215_216_221_222_228_229_232_233_236_239_240_245_247_248_262  5.89e+09  4.85e+09 150736.47 -12949.17  14914.26    718.38     84.37    355.09  -1461.42   -331.99      0.00 0
101040 5626.0    152_162_185_199_212_218_224_235_241_243_244_255_256_259_264_271_272_279  1.35e+09  1.10e+09  -5893.50  29682.75  10496.96    670.29     70.87    101.23   4945.06  -7864.06      0.00 0
101041 5626.0    182_200_206_226_227_231_246_250_253_260_261_267_270_275_277_281_286_287_289_291_293_295_298  2.82e+09  2.34e+09  -6228.55  31456.48  10536.96    696.96     71.81    101.20   1162.97 -10906.30      0.00 0
101042 5626.0    0_1_2_3_4_5_6_7_8_9_10_11_12_13_14_15_16_17_18_20_21_22_24_25_26_28_29_30_32_33_34_35_36_38_40_41_42_44_45_46_48_50_52_53_54_55_58_60_62_64_66_67_68_78_79_82_84_88_90_91_102_106_110_116_128_136_140_157_161_167_172_190_196_198_211_213_219_223_234_237_242_254_257_263_273_278  1.12e+09  9.14e+08 -22714.86 -39936.68  12336.60    630.21     74.97    240.37  -2019.90  -4251.12      0.00 0
101043 5626.0    0_1_2_3_4_5_6_7_8_9_10_11_12_13_14_15_16_17_18_19_20_21_22_23_24_25_26_27_28_29_30_31_32_33_34_35_36_37_38_39_40_41_42_43_44_45_46_47_48_49_50_51_52_53_54_55_56_57_58_59_60_61_62_63_64_65_66_67_68_69_70_71_72_73_74_75_76_77_78_79_80_81_82_83_84_85_86_87_88_89_90_91_92_93_94_95_96_97_98_99_100_101_102_103_104_105_106_107_108_109_111_112_113_114_115_118_119_120_121_122_123_124_125_126_127_129_130_131_132_133_134_135_137_138_139_141_142_143_144_145_146_147_149_150_152_153_154_155_156_159_160_162_163_164_165_166_170_171_176_177_178_179_185_186_187_188_189_193_194_195_202_203_208_209_210_215_216_218_221_222_228_229_232_233_236_239_240_245_247_248_262_265  1.10e+09  8.68e+08 -172292.28  48461.62  15406.78    641.39     85.08    164.29   4897.45   -477.33      0.00 0
101044 5626.0    0_1_3_4_6_7_9_10_12_14_15_17_18_19_21_22_25_26_27_30_33_34_36_38_39_42_43_46_49_50_51_53_54_56_59_60_61_64_65_68_71_72_75_76_77_80_81_83_84_86_87_90_92_95_96_99_100_101_104_105_107_108_109_112_114_115_118_121_125_126_127_133_134_135_139_143_146_152_154_156_160_164_165_166_170_171_176_178_185_187_193_202_203_209_215_221_228_229_232_233_239_245_247_248_262_265  1.12e+09  9.00e+08 -45441.83  37140.76  12946.57    671.02     77.56    140.74   4529.81  -1315.11      0.00 0
101045 5626.0    226_227_230_231_238_243_246_249_250_252_253_257_258_260_261_264_266_267_269_270_273_275_276_280  4.57e+10  3.99e+10  25438.53   3371.63   9415.99    749.56     69.85      7.55    129.63  -8973.93      0.00 0
101046 5626.0    38_49_50_59_60_71_72_75_76_83_84_86_95_96_99_100_107_108_111_112_114_121_122_125_126_133_134_137_138_141_142_143_146_147_152_153_154_155_162_163_164_165_173_174_176_177_178_179_185_186_197_199_203_212_218_220_224_235_243_244_255_264  2.24e+10  1.92e+10  -1477.93  42750.14  11102.38    779.12     75.45     91.98   3682.71   -684.80      0.00 0
101047 5626.0    161_172_175_184_190_196_198_205_211_213_217_219_223_226_230_234_237_242_246_249_252_254_257_260_261_263_266_269_275_276_277_287_289  7.94e+09  6.74e+09 -28587.18  25767.12  11079.31    717.91     73.94    137.97  -3428.27  -6697.39      0.00 0
101048 5626.0    0_1_2_3_4_5_6_8_9_10_11_12_13_16_17_18_20_21_22_25_26_28_29_32_33_34_35_40_41_44_45_50_52_54_55_60_62_66_78_79_82_88_102_106_110_128_136_140_172  5.62e+10  4.90e+10 -14121.29 -19565.25   9136.85    760.67     69.26    234.18   -598.73  -1761.54      0.00 0
101049 5626.0    96_100_108_122_126_138_142_147_153_163_174_186  2.00e+10  1.71e+10    850.40  20547.05   8852.28    713.90     66.71     87.63   3504.81   3434.03      0.00 0
101050 5626.0    0_1_2_3_4_5_6_7_8_9_10_11_12_13_14_15_16_17_18_19_20_21_22_23_24_25_26_27_28_29_30_31_32_33_34_35_36_37_38_39_40_41_42_43_44_45_46_47_48_49_50_51_52_53_54_55_56_57_58_59_60_61_62_63_64_65_66_67_68_69_70_71_72_73_74_75_76_77_78_79_80_81_82_83_84_85_87_88_89_90_91_92_93_94_97_98_101_102_103_104_105_106_108_109_110_111_112_113_115_116_117_118_119_120_123_124_127_128_129_130_132_135_136_139_140_142_145_148_149_150_151_156_157_158_159_160_161_166_167_168_169_171_172_180_181_182_183_184_189_190_191_192_195_196_198_200_201_204_205_206_207_211_213_214_219_223_225_226_227_230_231_234_237_242_246_249_250_252_254_257_260_261_263_266_267_269_273_275_276_277_278_280_283_285_286_287_288_289_290_292_293_294_295_296_297_298  2.88e+09  2.36e+09  -5941.64 -109709.17  14737.86    688.38     82.36    266.90  -1041.47  -1718.96      0.00 0
101051 5626.0    0_1_2_3_4_5_6_7_8_9_10_11_12_14_15_16_17_18_19_20_22_23_24_25_26_27_30_31_32_34_36_37_38_39_42_43_46_47_48_50_51_52_54_56_57_58_60_61_64_65_68_69_70_72_73_74_76_77_80_81_82_84_85_87_90_92_93_94_96_97_98_100_101_104_105_108_109_112_113_115_118_119_120_122_123_124_126_127_130_131_132_135_138_142_144_145_147_153_155_159_163_169_174_177_179_186_210  6.17e+10  5.36e+10 -66077.44 -33944.61  13205.66    753.51     79.92    207.19   3173.06   3602.92      0.00 0
101052 5626.0    2_5_8_9_11_13_16_20_21_24_28_29_32_35_40_41_44_45_52_53_55_62_63_66_67_78_79_89_91_103_107_111_116_117_129_137_141_148_158_162_168_173_182_191_197_199_206_212_214_220_224_235_238_241_243_244_255_256_258_259_264_271_272_274_279  1.91e+09  1.57e+09 -29730.67  40696.29  12724.93    624.61     75.83    126.15   3785.94  -7170.28      0.00 0
101053 5626.0    72_76_84_86_96_99_100_108_112_114_121_122_125_126_130_133_134_138_142_143_146_147_152_153_154_155_159_163_164_165_169_170_174_176_177_178_179_183_185_186_187_188_192_193_194_202_203_207_208_209_210_215_216_218_221_222_228_229_232_233_236_239_240_241_244_245_247_248_251_256_259_262_265_268_272_282  3.72e+10  3.18e+10  65664.71 -189094.52  14208.00    764.24     85.94    289.15   6124.60   5008.05      0.00 0
101054 5626.0    16_20_23_24_28_32_37_40_44_47_48_52_55_57_58_62_66_69_70_73_74_78_81_82_85_88_91_93_94_97_98_102_105_106_110_113_116_117_119_120_123_124_128_131_132_135_136_140_144_145_148_150_151_157_158_160_161_167_172_175_181_182_184_190_191_196_198_200_205_206_211_213_214_217_219_223_226_227_230_231_234_237_238_242_246_249_250_252_253_254_257_258_260_261_263_266_267_269_270_273_274_275_276_277_278_280_281_283_284_285_286_287_288_289_290_291_292_293_294_295_296_297_298  2.04e+10  1.73e+10  81755.23 -151899.47  14788.75    726.62     85.10    298.29  -3125.99  -5930.58      0.00 0
101055 5626.0    0_1_2_3_4_5_6_7_8_9_10_11_12_13_14_15_16_17_18_19_20_21_22_23_24_25_26_27_28_29_30_31_32_33_34_35_36_37_38_39_40_41_42_43_44_45_46_47_48_50_51_52_53_54_55_56_57_58_60_61_62_64_65_66_67_68_69_70_73_74_77_78_79_80_81_82_84_85_87_88_90_91_92_93_94_97_98_101_102_104_105_106_108_109_110_112_113_115_116_117_118_119_120_123_124_127_128_130_131_132_135_136_138_139_140_142_144_145_148_149_150_151_156_157_159_160_161_163_166_167_169_171_172_174_175_180_181_183_184_189_190_192_195_196_198_201_204_205_207_211_213_217_219_223_225_230_234_237_242_252_254_257_263_266_269_273_278_280_283_285_290_292  6.46e+09  5.38e+09  43100.70 109923.54  14455.51    748.37     83.02     68.59  -4187.33  -6204.84      0.00 0
101056 5626.0    21_29_33_35_41_44_45_49_53_55_59_63_66_67_71_75_78_79_83_89_91_95_99_103_107_111_114_121_125_133_143_146_154_164_170_187_193_208_215_221_236  2.00e+10  1.73e+10  27065.47   7760.90   9683.96    760.60     71.02     16.00   3547.56  -1532.49      0.00 0
101057 5626.0    8_13_20_28_35_40_44_45_55_62_66_78_79_88_91_102_116_117_128_148_157_181_190  5.25e+10  4.61e+10    868.96  19666.12   8429.00    762.52     66.82     87.47   -564.20  -3637.88      0.00 0
101058 5626.0    0_1_2_3_4_5_6_7_8_9_10_11_12_13_14_15_16_17_18_19_21_22_23_24_25_26_27_30_31_32_33_34_36_37_38_39_42_43_46_47_48_49_50_51_54_56_57_59_60_61_64_65_68_69_70_71_72_73_75_76_77_80_81_84_85_86_87_93_96_97_99_100_105_113_114_119_123_126_131_133_134_143_144_164_165_170_193_194_208_221_236  2.04e+10  1.76e+10  40567.36  -5542.61  11262.55    725.35     74.62    352.22    828.88    649.99      0.00 0
101059 5626.0    0_1_2_3_4_5_6_7_8_9_10_11_12_13_14_15_17_18_19_21_25_27_28_29_30_33_35_36_39_41_43_45_53_55_63_67_79_83_89_103  1.15e+09  9.42e+08   8054.57 -20302.10   9343.24    668.04     66.84    291.64    385.99   -584.42      0.00 0
101060 5626.0    0_1_2_5_6_7_8_11_13_15_16_19_20_23_24_27_28_31_32_35_37_39_40_44_45_47_48_51_52_55_57_58_62_66_70_74_78_79_82_88_91_94_102_106_110_116_117_128_136_140_148_157_161_167_172_181_182_190_196_200_205_211_213_219_226_227_230_237_242_246_249_252_257_260_266_269_273_275_276_280_283_286_288_290_292_294_296_297  1.23e+10  1.04e+10  -2643.23 -48492.32  12054.44    700.35     76.06    266.88  -1538.20  -6959.01      0.00 0
101061 5626.0    0_1_2_3_4_5_6_7_8_9_10_11_12_13_14_15_16_17_18_19_20_21_22_23_24_25_26_27_28_29_30_31_32_33_34_35_36_37_38_39_40_41_42_43_44_45_46_47_48_49_50_51_52_53_54_55_56_57_58_59_60_61_62_63_64_65_66_67_68_69_70_71_72_73_74_75_76_77_78_79_80_81_82_83_84_85_86_87_88_89_90_91_92_93_94_95_96_97_98_99_100_101_102_103_104_105_106_107_108_109_110_111_113_114_116_117_119_120_121_123_124_125_126_127_128_129_131_132_133_134_135_136_137_139_140_141_143_144_145_146_148_150_151_152_154_155_157_158_160_161_162_164_165_167_168_170_171_172_173_175_176_178_181_182_184_185_187_190_191_193_194_196_197_198_199_200_202_203_205_206_208_209_211_212_213_214_215_217_218_219_220_221_223_224_226_227_228_229_230_231_232_233_234_235_236_237_238_239_241_242_243_244_245_246_247_248_249_250_251_253_255_256_258_259_261_262_264_265_267_268_270_271_272_274_279_281_282_284  2.45e+09  1.98e+09 -264760.66 114956.41  12249.02    708.41     87.57    156.53   -524.76  -2485.00      0.00 0
101062 5626.0    200_206_214_220_226_227_230_231_235_237_238_242_243_244_246_249_250_251_252_253_255_256_257_258_259_260_261_263_264_265_266_267_268_269_270_271_272_273_274_275_276_277_278_279_280_281_282_283_284_285_286_287_288_289_291  2.69e+10  2.30e+10 -59603.61  -5634.20  12561.89    739.24     78.15    185.40   5548.27  -8584.46      0.00 0
101063 5626.0    253_258_264_270_274_279_284  5.13e+10  4.50e+10 -12258.99  16045.69   8646.28    738.78     66.82    127.38   4176.72 -10474.47      0.00 0
101064 5626.0    78_79_88_89_91_102_103_106_107_110_111_116_117_120_121_128_129_136_137_140_141_145_146_148_151_152_157_158_161_162_167_168_172_173_175_176_178_181_182_184_185_190_191_196_197_198_199_200_202_203_205_206_209_211_212_213_214_217_218_219_220_223_224_226_227_228_229_230_231_232_233_234_235_237_238_241_242_243_244_245_246_247_248_249_250_251_252_253_254_255_256_257_258_259_260_261_262_263_264_265_266_267_268_269_270_271_272_273_274_275_276_277_278_279_280_281_282_283_284_285_286_287_288_289_290_291_292  1.55e+09  1.23e+09 169035.56   2006.23  15206.05    674.45     84.86      0.68   6435.39  -6827.39      0.00 0
101065 5626.0    12_17_18_21_25_26_33_34_38_41_45_49_50_53_54_59_60_63_64_67_71_72_75_76_79_83_84_86_89_95_96_99_100_103_107_108_111_112_114_117_121_122_125_126_129_133_134_137_138_141_142_143_146_147_148_152_153_154_155_158_162_163_164_165_168_170_173_174_176_177_178_179_182_185_186_187_188_191_197_199_200_202_203_206_212_214_218_220_224_226_227_231_235_238_241_243_244_246_250_253_255_258_259_260_261_264_267_270_271_274_275_276_277_279_281_284_286_287_289_291_293_294_295_297_298  1.48e+09  1.20e+09  11909.36  85716.30  13969.87    709.73     80.83     82.09   2306.34  -9514.66      0.00 0
101066 5626.0    18_22_25_26_30_33_34_38_42_46_49_50_54_56_59_60_64_68_71_72_75_76_80_83_84_86_90_92_95_96_99_100_104_107_108_112_114_115_118_121_122_125_126_130_133_134_137_138_142_143_146_147_149_152_153_154_155_156_159_162_163_164_165_169_170_174_176_177_178_179_180_183_185_186_187_188_189_192_193_194_199_201_202_203_204_207_208_209_215_218_221_224_225_228_229_232_233_239_241_244_245_247_248_251_256_259_262_265_268_272_282  6.61e+10  5.74e+10 -32053.34  61156.31  13009.16    746.41     79.33    117.66   4702.67  -1105.70      0.00 0
101067 5626.0    0_1_2_3_4_5_6_7_8_9_10_11_12_13_14_15_16_17_18_19_20_21_22_23_24_25_26_27_28_29_30_31_32_33_34_35_36_37_38_39_40_41_42_43_44_45_46_47_48_49_50_51_52_53_54_55_56_57_58_59_60_61_62_63_64_65_66_67_68_69_70_71_72_73_74_75_76_77_78_79_80_81_82_83_84_85_86_87_88_89_90_91_93_94_95_96_97_98_99_100_102_103_105_106_107_108_110_111_113_114_116_117_119_120_121_122_123_124_125_126_128_129_131_132_133_134_136_137_140_141_143_144_145_146_147_148_151_152_154_155_157_158_161_162_164_165_167_168_170_172_173_175_176_178_179_184_185_187_188_193_194_198_199_202_203_208_209_210_215_216_217_218_221_222_228_229_232_233_236_239_240_245_247_248_262  5.75e+09  4.76e+09 146010.77   1580.05  15012.36    703.74     84.13      0.62   3471.65  -1300.69      0.00 0
101068 5626.0    54_60_64_76_84_96_100_108_122_126_134_147_153_155_177_179_188_210_216_240  5.13e+09  4.31e+09  28131.91   8327.71  10027.70    726.96     71.13     16.49   6003.78   2722.32      0.00 0
101069 5626.0    71_72_75_76_86_95_96_99_100_114_122_126_134_147_153_155_177_186  4.17e+10  3.62e+10  -6644.55 -21202.77   9140.09    710.32     67.64    252.60   3695.53   1042.07      0.00 0
101070 5626.0    0_1_2_3_4_5_6_7_8_9_10_11_12_13_14_15_16_17_18_19_20_21_22_23_24_25_26_27_28_29_30_31_32_33_34_35_36_37_38_39_40_41_42_43_44_45_46_47_48_49_50_51_52_53_54_55_56_57_58_59_60_61_62_63_64_65_66_67_68_69_70_71_72_73_74_75_76_77_78_79_80_81_82_83_84_85_86_87_88_89_90_91_92_93_94_95_96_97_98_99_100_101_102_103_104_105_106_107_108_109_110_111_112_113_114_115_116_117_118_119_120_121_122_123_124_125_126_127_128_129_130_131_132_133_134_135_136_137_138_139_140_141_142_143_144_145_146_148_149_150_151_152_154_156_157_158_159_160_161_162_164_166_167_168_171_172_173_176_178_180_181_182_183_185_187_189_190_191_195_196_197_199_200_201_202_203_204_205_206_209_212_214_215_218_220_224_225_226_227_228_229_231_232_233_235_238_241_243_244_245_246_247_248_250_251_253_255_256_258_259_261_262_264_265_267_268_270_271_272_274_277_279_281_282_284_291  1.26e+09  9.87e+08 129758.23 -169287.66  14877.76    648.64     86.01    307.47  -2638.75   2571.02      0.00 0
101071 5626.0    95_107_121_125_146_152_154_176_178_187_202_209_229  1.23e+10  1.05e+10  18007.93  -3745.65   8405.61    726.11     65.44    348.25   5129.50  -2683.93      0.00 0
101072 5626.0    5_8_9_13_20_28_29_35_40_41_44_45_55_63_67_78_79_89_91_103_111_117_129_141_158_168_173_191_197_212_214_220  1.45e+09  1.19e+09  13107.99 -23676.68  10264.05    644.27     69.23    298.97   1320.89  -4053.22      0.00 0
101073 5626.0    0_1_2_3_4_5_6_7_8_9_10_11_12_13_14_15_16_17_18_19_20_21_22_23_24_25_26_27_28_29_30_31_32_33_34_35_36_37_38_39_40_41_42_43_44_45_46_47_48_49_50_51_52_53_54_55_56_57_58_59_60_61_62_63_64_65_66_67_68_69_70_71_72_73_74_75_76_77_78_79_80_81_82_83_84_85_86_87_88_89_90_91_92_93_94_95_96_97_98_99_100_101_102_103_104_105_106_107_108_109_110_111_112_113_114_115_116_117_118_119_120_121_122_123_124_125_126_127_128_129_130_131_132_133_134_135_136_137_138_139_140_141_142_143_144_145_146_147_148_149_150_151_152_153_154_155_156_157_158_159_160_161_162_163_164_165_166_167_168_169_170_171_172_173_174_175_176_178_180_181_182_183_184_185_187_189_190_191_192_193_195_196_197_198_199_200_201_202_203_204_205_206_207_208_209_212_213_214_215_218_220_221_224_225_226_227_228_229_230_231_232_233_235_238_239_241_243_244_245_246_247_248_249_250_251_253_255_256_258_259_260_261_262_264_265_267_268_270_271_272_274_275_277_279_281_282_284_287_289_291_295  3.24e+09  2.61e+09 -165744.94 226378.83  12985.91    655.31     87.35    126.21   5242.00  -7704.40      0.00 0
101074 5626.0    0_1_2_3_4_5_6_7_8_10_11_12_13_14_15_16_18_19_20_22_23_24_27_28_30_31_32_34_36_37_39_40_42_43_44_46_47_48_51_52_54_56_57_58_61_62_64_65_66_68_69_70_73_74_77_80_81_82_84_85_87_88_90_92_93_94_97_98_101_104_105_106_108_109_110_112_113_115_118_119_120_123_124_127_130_131_132_135_136_138_140_142_145_149_151_156_159_161_163_169_174_175_180_183_184_192_198_201_207_217_223  1.35e+10  1.14e+10 -40454.92 -53627.05  12850.75    756.78     79.17    232.97  -1952.81    411.43      0.00 0
101075 5626.0    93_97_101_105_109_115_119_123_127_131_135_139_144_149_150_156_160_166_171_180_183_189_192_195_201_204_207_225  6.61e+09  5.50e+09  46457.82  44816.80  13273.97    672.64     78.38     43.97  -3786.72   4056.93      0.00 0
101076 5626.0    9_13_17_21_25_28_29_33_35_38_40_41_44_45_49_53_55_59_62_63_66_67_71_75_78_79_83_86_88_89_91_102_103_106_110_116_117_128_136_140_157_161_167_172_184_190_196_198_211_217_219_223_234_242_254  1.78e+10  1.53e+10 -29888.64 -26257.81  11317.89    699.74     74.12    221.30  -2380.56  -4654.39      0.00 0
101077 5626.0    1_6_7_10_11_14_15_19_22_23_24_27_30_31_36_37_39_42_43_46_47_51_56_57_61_64_65_68_69_70_73_77_80_81_85_87_90_92_93_97_98_101_104_105_108_109_112_113_115_118_119_123_127_130_131_132_135_138_139_142_144_149_150_153_156_159_163_166_169_174_180_183_186_192_207  4.90e+10  4.25e+10  52378.67  35223.55  12635.67    757.00     78.68     33.92   1452.52   4582.94      0.00 0
101078 5626.0    0_1_2_3_4_5_6_7_8_9_10_11_12_13_14_15_16_17_18_19_20_21_22_23_24_25_26_27_28_29_30_31_32_33_34_35_36_37_38_39_40_41_42_43_44_45_46_47_48_49_50_51_52_53_54_55_56_57_58_59_60_61_62_63_64_65_66_68_69_70_71_72_73_74_75_76_77_80_81_82_83_84_85_86_87_88_90_92_93_94_96_97_98_99_100_101_104_105_106_108_109_112_113_114_115_118_119_120_122_123_124_126_127_130_131_132_133_134_135_138_139_142_143_144_145_147_149_150_151_153_155_156_159_160_163_164_165_166_169_170_171_174_175_177_179_180_183_186_188_189_192_194_195_201_204_207_208_210_216_222_225_236_240  2.04e+10  1.73e+10 -199622.97 -53376.80  14413.16    721.72     86.01    194.97   -634.59   2717.96      0.00 0
101079 5626.0    0_1_2_3_4_5_6_7_8_9_10_11_12_13_14_15_17_18_19_21_22_23_25_26_27_29_30_31_33_34_36_38_39_41_42_43_45_46_49_50_51_53_54_56_57_59_60_61_63_64_65_67_68_71_72_75_76_77_80_81_83_84_86_87_89_90_92_95_96_99_100_101_104_105_107_108_109_111_112_114_115_118_121_122_125_126_127_130_133_134_135_137_138_139_141_142_143_146_147_149_150_152_153_154_155_156_159_160_162_163_164_165_166_169_170_171_174_176_177_178_179_180_183_185_186_187_188_189_192_193_194_195_199_201_202_203_204_207_208_209_215_218_221_224_225_228_229_232_233_236_239_241_244_245_247_248_251_256_259_262_265_268_272_282  5.37e+10  4.60e+10 -71467.75  86052.76  14428.85    737.29     82.65    129.71   2101.71   1630.14      0.00 0
101080 5626.0    1_6_7_14_15_19_27_31_36_39_43_51_56_61_65_77_81_87_101_105_109_127_135_139_156_160_166_171_189_195  1.00e+10  8.56e+09 -10528.33  22629.60   9376.45    739.33     69.41    114.95  -1900.99   3809.05      0.00 0
101081 5626.0    213_219_226_227_230_234_237_242_246_249_250_252_253_254_257_260_261_263_266_267_269_270_274_275_276_277_280_281_284_287_289_291  1.26e+09  1.02e+09 -36777.30  17196.45  11856.63    632.17     73.72    154.94    791.19  -9735.08      0.00 0
101082 5626.0    158_168_173_191_197_199_212_220_224_235_241_244  1.51e+09  1.26e+09  18868.33  -2013.11   8719.69    690.64     65.32    353.91   3320.61  -5947.42      0.00 0
101083 5626.0    181_190_196_200_205_206_211_213_214_219_226_227_230_231_234_237_238  2.57e+10  2.23e+10  23044.33  -3839.76   9372.54    700.83     68.14    350.54   -936.80  -7163.71      0.00 0
101084 5626.0    104_108_112_115_118_122_126_130_138_142_147_149_153_155_156_159_163_165_166_169_174_177_179_180_183_186_188_189_192_194_195_201_204_207_210_216_222_225_236_240  2.09e+09  1.72e+09 -48351.73  22876.41  12546.05    680.12     76.80    154.68   5163.82   3354.66      0.00 0
101085 5626.0    50_54_60_64_68_72_76_84_86_90_96_100_104_108_112_118_122_130_138_142_159_169_183_192_207  8.32e+10  7.31e+10   7765.07 -21903.58   9046.59    753.36     68.73    289.52   1822.75   3446.50      0.00 0
101086 5626.0    200_206_214_220_226_227_230_231_235_238_243_246_249_250_252_253_255_258_260_261_264_267  1.58e+09  1.31e+09  26027.34   2772.33   9921.88    677.63     69.24      6.08   1282.57  -8098.53      0.00 0
101087 5626.0    0_1_2_3_4_5_6_7_8_9_10_11_12_13_14_15_16_17_18_19_20_21_22_23_24_25_26_28_29_31_32_33_34_35_37_38_40_41_44_45_47_48_49_50_51_52_53_55_57_58_59_62_63_66_67_69_70_71_72_73_74_75_76_78_79_82_83_85_86_88_89_91_94_95_97_98_99_100_102_103_106_107_110_111_113_114_116_117_120_121_123_124_125_128_129_131_132_133_136_137_140_141_143_145_146_148_151_152_154_157_158_161_162_164_167_168_170_172_173_175_176_178_181_182_184_185_187_190_191_193_196_197_198_199_200_202_203_205_206_208_209_211_212_213_214_215_217_218_219_220_221_223_224_226_227_228_229_230_231_232_233_234_235_236_237_238_239_241_242_243_244_245_246_247_248_249_250_251_252_253_254_255_256_257_258_259_260_261_262_263_264_265_266_267_268_269_270_271_272_273_274_275_276_277_278_279_280_281_282_283_284_285_291  4.47e+10  3.81e+10 270214.78 -33321.80  12315.70    776.27     87.41    352.97   1942.82  -5079.70      0.00 0
101088 5626.0    10_14_19_22_27_30_34_36_39_42_43_46_50_51_54_56_60_61_64_65_68_76_77_80_81_84_87_90_92_93_96_100_101_104_105_108_109_112_115_118_119_122_123_126_127_130_134_135_138_139_142_144_147_149_150_153_155_156_159_160_163_165_166_169_171_174_177_179_186_188_194_210_216_222_240  1.02e+09  8.16e+08 -62174.07   6129.09  13507.67    625.28     77.80    174.37   3972.20   2800.94      0.00 0
101089 5626.0    33_38_41_49_53_59_63_67_71_72_75_79_83_86_89_91_95_99_100_103_107_111_114_116_117_121_125_126_129_133_134_137_141_143_146_147_148_152_154_155_157_158_162_164_165_168_173_179_181_182_185_191_197_199_200_205_206_212_214_220_226_227_230_231_238_246_249_250_252_253_258_260_261_266_267_269_270_275_276_277_280_281_283_286_287_288_289_290_292_293_294_295_296_297_298  6.17e+10  5.38e+10 -25637.78 -57936.82  12774.79    737.00     78.60    246.13    119.41  -8884.56      0.00 0
101090 5626.0    22_30_34_36_42_43_46_50_54_56_60_64_65_68_72_76_77_80_84_86_87_90_92_96_100_101_104_108_109_112_114_115_118_122_126_127_130_134_135_138_139_142_143_147_149_153_155_156_159_160_163_164_165_166_169_170_171_177_179_180_183_188_189_193_194_195_201_204_208_216_221_222_236  7.94e+09  6.75e+09 -52576.97  31205.51  12884.25    701.28     78.10    149.31  -1723.78   5065.64      0.00 0
101091 5626.0    60_64_72_76_84_86_90_96_99_100_104_108_112_114_118_122_126_130_133_134_138_142_143_147_149_153_154_155_159_163_164_165_169_170_178_183_187_188_193_194_208_209_215_221_229_232_239_247  1.29e+10  1.10e+10  24264.62 -28896.96  11184.29    689.97     73.49    310.02   4275.67   1018.57      0.00 0
101093 5626.0    4_10_12_17_18_22_25_26_30_33_34_36_38_42_46_49_50_54_56_60_64_68_72_76_80_84_90_92_104_108_112_118_130_138_142_149_159_169_174_183_192_201_207  1.55e+09  1.26e+09     93.87  33613.01  10960.50    659.02     71.94     89.84   1402.25   4467.21      0.00 0
101094 5626.0    89_95_99_103_107_111_117_121_125_129_133_137_141_143_146_148_152_154_158_162_164_168_170_173_176_178_181_182_185_187_191_193_194_197_199_200_202_203_205_206_208_209_215_216_221_222_226_230_232_236_239_240  1.51e+10  1.29e+10 -34188.52 -28850.65  11752.68    699.96     75.28    220.16   4537.70  -2479.36      0.00 0
101095 5626.0    0_1_2_3_4_5_6_7_8_9_10_11_12_13_14_15_16_17_18_19_20_21_22_23_24_25_26_27_28_29_30_31_32_33_34_35_36_37_38_39_40_41_42_43_44_45_46_47_48_49_50_51_52_53_54_55_56_57_58_59_60_61_62_63_64_65_66_67_68_69_70_71_72_73_74_75_76_77_78_79_80_81_82_83_84_85_86_87_88_89_90_91_92_93_94_95_96_97_98_99_100_101_102_103_104_105_106_107_108_109_110_111_112_113_114_115_116_117_119_120_121_122_123_124_125_126_127_128_129_131_132_133_134_135_136_137_139_140_141_143_144_145_146_148_150_151_152_154_155_157_158_160_161_162_164_165_166_167_168_170_171_172_173_175_176_178_181_182_184_185_187_188_190_191_193_194_196_197_198_199_200_202_203_205_206_208_209_211_212_214_215_217_218_220_221_222_224_227_228_229_231_232_233_235_236_238_239_241_243_244_245_247_248_251_255_256_258_259_262_264_265_268_271_272_282  1.41e+09  1.13e+09 229696.81 -92896.84  14242.98    629.83     86.71    337.98  -4031.16      0.02      0.00 0
101096 5626.0    116_117_128_129_148_157_158_168_182_191_197_214_220  1.58e+09  1.31e+09  17858.81  -9785.52   9362.10    628.86     65.31    331.28   1033.02  -5349.85      0.00 0
101097 5626.0    0_1_2_3_4_5_6_7_8_9_10_11_12_13_14_15_16_17_18_19_20_21_22_23_24_25_26_27_28_29_30_31_32_33_34_35_36_37_38_39_40_41_42_43_44_45_46_47_48_49_50_51_52_53_54_55_56_57_58_59_60_61_62_63_64_65_66_67_68_69_70_71_72_73_74_75_76_77_78_79_80_81_82_83_84_85_86_87_88_89_90_91_92_93_94_95_96_97_99_100_101_102_103_104_105_106_107_108_109_110_111_112_114_115_116_117_118_119_121_122_123_125_126_127_128_129_130_133_134_135_137_138_139_141_142_143_144_146_147_148_149_150_152_153_154_155_156_157_158_159_160_162_163_164_165_166_168_169_170_171_173_174_176_177_178_179_180_181_182_183_185_186_187_188_189_190_191_192_193_194_195_197_199_200_201_202_203_204_205_206_207_208_209_210_212_214_215_218_220_221_224_225_226_227_228_229_231_232_233_235_238_239_241_243_244_245_246_247_248_250_251_253_255_256_258_259_261_262_264_265_267_268_270_271_272_274_277_279_281_282_284_287_289_291_295  1.32e+09  1.05e+09 -76766.04 210798.48  14586.14    656.84     86.28    110.01   1626.05    750.00      0.00 0
101098 5626.0    0_1_2_3_4_5_6_7_8_9_10_11_12_13_14_15_16_17_18_19_20_21_22_23_24_25_26_27_28_29_30_31_32_33_34_35_36_37_38_39_40_41_42_43_44_45_46_47_48_49_51_52_53_54_55_56_57_58_59_61_62_63_64_65_66_67_68_69_70_73_74_77_78_79_80_81_82_83_85_87_88_89_90_91_92_93_94_97_98_101_102_103_104_105_106_109_110_111_113_115_116_117_118_119_120_123_124_127_128_129_131_132_135_136_139_140_141_144_145_148_149_150_151_156_157_158_159_160_161_166_167_168_171_172_180_181_182_183_189_190_191_195_196_197_198_200_201_204_205_206_211_213_214_219_220_225_226_227_230_231_234_237_238_242_246_249_250_252_253_257_258_260_261_266_267_269_270_273_275_276_277_280_281_283_284_286_287_288_289_290_291_293_294_295_296_297_298  2.09e+09  1.69e+09  17275.89 -109446.51  14862.83    673.98     82.36    278.97   -974.23  -3440.18      0.00 0
101099 5626.0    0_1_3_4_5_6_7_9_10_12_13_14_17_18_21_22_25_26_27_29_30_33_34_35_36_38_41_42_43_45_46_49_50_53_54_56_59_60_63_64_67_68_71_72_75_76_77_79_80_83_84_86_89_90_92_95_96_99_100_103_104_107_108_111_112_114_115_118_121_122_125_126_129_130_137_138_141_142_149_152_153_156_158_159_162_163_168_169_173_174_180_183_191_192_197_199_201_204_207_212_214_220_225_238  7.76e+10  6.75e+10   6607.86 -59003.39  12349.45    768.74     78.25    276.39   1506.83   4145.77      0.00 0
