# primary_type energy_primary zenith azimuth shower_core_pos_x shower_core_pos_y shower_core_pos_z, N_tested_cores, units are degrees, GeV and meters
111_117_121_129_137_141_146_152_158_162_168_173_176_178_185_202_203_209 5626.0     2.95e+10     68.30    199.80   3530.82  -3879.78      0.00 0
89_95_99_103_107_111_116_117_121_125_129_133_137_141_143_146_148_152_154_157_158_162_164_165_168_170_173_176_178_181_182_185_187_190_191_193_194_196_197_199_200_202_203_205_206_208_209_212_213_214_215_216_218_219_220_221_222_224_226_227_228_229_230_231_232_233_235_236_237_238_239_240_241_242_243_244_245_246_247_248_249_250_251_252_253_254_255_256_257_258_259_260_261_262_263_264_265_266_267_268_269_270_271_272_273_274_275_276_277_278_279_280_281_282_283_284_285_286_287_288_289_290_291_292_293_294_295_296_297_298 5626.0     4.79e+09     83.47     41.11   4241.61  -5066.45      0.00 0
0_1_2_3_4_5_6_7_8_9_10_11_12_13_14_15_16_17_18_19_20_21_22_25_26_27_28_29_30_33_34_35_36_38_39_40_41_42_43_44_45_46_49_50_53_54_55_56_59_60_62_63_64_65_66_67_68_71_72_75_76_77_78_79_80_83_84_86_88_89_90_91_92_95_96_99_100_101_102_103_104_107_108_111_112_114_115_116_117_118_121_122_125_126_128_129_130_133_134_137_138_141_142_143_146_147_148_149_152_153_154_155_157_158_159_162_163_164_165_168_169_170_173_174_176_177_178_179_180_181_182_183_185_186_187_188_190_191_192_193_194_197_199_200_201_202_203_205_206_207_208_209_210_212_214_215_216_218_220_221_222_224_225_226_227_228_229_230_231_232_233_235_236_238_239_240_241_243_244_245_246_247_248_249_250_251_252_253_255_256_258_259_260_261_262_264_265_266_267_268_270_271_272_274_275_276_277_279_280_281_282_284_286_287_288_289_291_293_294_295_296_297_298 5626.0     3.31e+10     86.76    265.64   4228.00   -606.77      0.00 0
2_3_5_8_9_13_16_17_20_21_24_28_29_32_33_35_40_41_44_45_48_49_52_53_55_58_59_62_63_66_67_70_74_75_78_79_82_83_88_89_91_94_95_98_99_102_103_106_107_110_111_116_117_120_121_124_125_128_129_132_133_136_137_140_141_145_146_148_151_152_154_157_158_161_162_167_168_172_173_175_176_178_184_185_187_197_199_202_203_209_212_215_218_224_228_229_232_233_239_241_245_247_248_251_262_265 5626.0     7.41e+10     79.45    173.18   2856.66  -3304.08      0.00 0
0_1_2_3_4_5_6_7_8_9_10_11_12_13_14_15_16_17_18_19_20_21_23_24_25_26_28_29_31_32_33_35_37_38_40_41_44_45_47_48_49_51_52_53_55_57_58_59_62_63_66_67_69_70_71_73_74_75_78_79_81_82_83_85_88_89_91_93_94_95_97_98_99_102_103_106_107_110_111_113_116_117_119_120_121_123_124_125_128_129_131_132_136_137_140_141_144_145_146_148_151_152_154_157_158_161_162_167_168_172_173_175_176_178_181_182_184_185_190_191_197_198_199_200_202_203_206_209_212_214_218_220_224_228_229_231_233_235_238_241_243_244_245_247_248_251_255_256_258_259_262_264_265_268_271_272_282 5626.0     6.61e+09     83.02    153.57     39.33  -3072.48      0.00 0
148_181_182_190_200_205_213_226_227_230_237_246_249_252_257_260_266_269_273_276_280_283_285_288_290_292_296 5626.0     8.32e+09     73.82    245.23  -2626.03 -11267.72      0.00 0
110_120_128_136_140_145_148_151_157_161_167_172_181_182_184_190_196_198_200_205_206_211_213_214_219_226_227_230_231_237_238_246_249_250_252_253_258_260_261_267_270_274_275_277_281_284_287_289_291_295 5626.0     9.12e+10     76.83    130.49   2182.62 -10277.78      0.00 0
50_60_71_72_75_76_84_86_95_96_99_100_107_108_112_114_121_122_125_126_130_133_134_137_138_142_143_146_147_152_153_154_155_162_163_164_165_169_170_173_174_176_177_178_179_185_186_187_188_192_193_194_199_202_203_207_208_209_210_212_215_216_218_221_222_224_228_229_232_233_235_236_239_240_241_243_244_245_247_248_251_255_256_259_262_264_265_268_271_272_279_282 5626.0     2.04e+09     83.92     99.10   5847.08   2150.65      0.00 0
161_167_172_175_184_190_196_198_200_205_211_213_217_219_223_226_227_230_234_237_242_246_249_250_252_253_254_257_260_261_263_266_267_269_270_273_274_275_276_277_278_280_281_283_284_285_286_287_288_289_290_291_293_294_295_296_297_298 5626.0     2.14e+09     79.71    139.96    813.90 -10895.96      0.00 0
223_234_237_242_249_252_254_257_260_261_263_266_269_273_275_276_277_278_280_281_283_285_286_287_288_289_290_291_292_293_294_295_296_297_298 5626.0     4.47e+09     82.47    326.78  -3898.66 -10633.92      0.00 0
20_24_32_37_40_48_52_58_62_66_69_70_74_78_82_85_88_94_102_106_110_116_120_128_136_140_148_151_157_161_167_172_181_190_196_198_200_205_211_213_219_226_230_234_237_242_246_249_252_257_260_261_263_266_269_273_275_276_280_283_285_286_287_288_290_292_293_294_296_297_298 5626.0     5.13e+09     77.40    273.70  -1739.21 -10130.51      0.00 0
5_8_9_13_21_28_29_35_41_45_53_55_63_67_79_83_89_103_107_111_137_141_162 5626.0     8.51e+10     65.80    313.04   1542.99  -2679.23      0.00 0
0_1_2_3_4_5_6_7_8_9_10_11_12_13_14_15_16_17_18_20_21_22_24_25_26_28_29_30_32_33_34_35_36_38_40_41_42_44_45_46_48_49_50_52_53_54_55_58_59_60_62_63_64_66_67_68_71_72_75_76_78_79_82_83_84_86_88_89_90_91_94_95_96_99_100_102_103_106_107_108_110_111_112_114_116_117_120_121_122_125_126_128_129_133_134_136_137_138_140_141_142_143_146_147_148_151_152_153_154_155_157_158_161_163_164_165_167_168_170_172_174_177_179_181_182_184_186_188_190_191_194_196_198_200_205_206_210_211_213_216_217_219_223_226_227_230_234_237_242_246_249_252_254_257_260_263_266_269_273_278_280_283_285_290_292 5626.0     5.75e+09     82.22     52.22  -3681.46  -8059.70      0.00 0
0_1_2_3_5_6_7_8_9_11_13_14_15_16_19_20_23_24_27_28_29_31_32_35_37_39_40_43_44_45_47_48_51_52_55_57_58_61_62_65_66_67_69_70_73_74_77_78_79_81_82_85_87_88_91_93_94_97_98_101_102_103_105_106_109_110_113_116_117_119_123_127_128_131_135_139_144_148_150_158_160_166_171_182_195 5626.0     1.15e+09     76.88    113.78  -3222.53   3106.63      0.00 0
257_263_273_278_283_285_292 5626.0     1.20e+10     66.32    253.71  -3943.34 -11130.90      0.00 0
121_129_137_141_146_152_154_158_162_164_168_173_176_178_181_182_185_187_191_193_197_199_200_202_203_205_206_208_209_212_214_215_218_220_221_222_224_226_227_228_229_230_231_232_233_235_236_238_239_241_243_244_245_246_247_248_249_250_251_252_253_255_256_257_258_259_260_261_262_264_265_266_267_268_269_270_271_272_273_274_275_276_277_279_280_281_283_284_285_286_287_288_289_290_291_292_293_294_295_296_297_298 5626.0     1.86e+10     80.84     44.35   2705.78  -7236.54      0.00 0
145_151_161_172_175_184_196_198_211_213_217_219_223_230_234_237_242_249_252_254_257_260_263_266_269_273_275_276_280_283_286_288_290_293_294_296_297 5626.0     3.89e+10     73.51    114.73  -2745.50  -8084.69      0.00 0
0_1_2_3_4_5_6_7_8_9_10_11_12_13_14_15_16_17_18_19_20_21_22_23_24_25_26_27_28_29_30_31_32_33_34_35_36_37_38_39_40_41_42_43_44_45_46_47_48_49_50_51_52_53_54_55_56_57_58_59_60_61_62_63_64_65_66_67_68_69_70_73_74_77_78_79_80_81_82_83_84_85_87_88_89_90_91_92_93_94_97_98_101_102_103_104_105_106_109_110_111_112_113_115_116_117_118_119_120_123_124_127_128_129_130_131_132_135_136_139_140_144_145_148_149_150_151_156_157_158_159_160_161_166_167_168_169_171_172_180_181_182_183_184_189_190_191_192_195_196_198_200_201_204_205_206_207_211_213_214_219_223_225_226_227_230_231_234_237_242_246_249_250_252_253_254_257_260_261_263_266_267_269_273_275_276_277_278_280_281_283_285_286_287_288_289_290_292_293_294_295_296_297_298 5626.0     2.09e+10     82.63     90.31  -1295.07  -5046.41      0.00 0
120_136_140_145_151_161_167_172_175_184_190_196_198_205_211_213_217_219_223_226_230_234_237_242_246_249_252_254_257_260_261_263_266_269_273_275_276_277_280_286_287_288_289_293_294_295_298 5626.0     1.66e+09     76.60    127.09  -3210.35  -6415.47      0.00 0
52_58_62_66_70_74_82_85_88_94_98_102_106_110_113_120_124_132 5626.0     2.29e+09     66.92    312.40  -2829.91  -1612.61      0.00 0
4_6_7_10_12_14_15_18_19_22_26_27_30_31_34_36_38_39_42_43_46_50_51_54_56_57_60_61_64_65_68_71_72_76_77_80_81_84_86_87_90_92_93_96_100_101_104_105_109_115_119_127_135_139_144_150_160_166_171 5626.0     1.32e+10     74.83    333.70  -2774.40   3481.31      0.00 0
227_231_246_250_260_261_267_275_276_277_286_287_288_293_294_297 5626.0     1.05e+10     66.88    248.17     19.11 -10337.42      0.00 0
0_1_2_3_4_5_6_7_8_9_10_11_12_13_14_15_16_17_18_20_21_22_23_24_25_26_28_29_30_32_33_34_35_36_38_40_41_42_44_45_46_48_49_50_52_53_54_55_58_59_60_62_63_64_66_67_68_71_72_74_75_76_78_79_82_83_84_86_88_89_90_91_94_95_96_99_100_102_103_106_107_108_110_112_114_116_117_120_122_126_128_134_136_138_140_147_148_151_153_155_157_161_163_165_167_172_177_179_184_186_188_190_196_198_210_211_213_217_219_223_234_242_254_263 5626.0     3.63e+09     78.34    227.18    156.10  -1644.81      0.00 0
116_128_136_140_145_148_151_157_158_161_167_172_175_181_182_184_190_191_196_197_198_200_205_206_211_213_214_217_219_220_223_226_227_230_231_234_235_237_238_242_243_246_249_250_252_253_254_255_257_258_259_260_261_264_266_267_270_271_274_275_277_279_281_284_289_291 5626.0     1.23e+09     79.31    332.88     54.42  -7517.15      0.00 0
14_19_27_30_31_36_39_42_43_46_47_51_56_57_61_64_65_68_69_73_77_80_81_87_90_92_93_97_101_104_105_108_109_112_113_115_118_119_122_123_127_130_131_135_138_139_142_144_149_150_153_156_159_160_163_166_169_171_174_177_180_183_186_189_192_207 5626.0     1.51e+10     78.77    202.30   1237.61   4441.55      0.00 0
2_5_8_9_11_13_16_20_21_23_24_28_29_32_35_37_40_41_44_45_47_48_52_55_57_58_62_63_66_67_69_70_73_74_78_79_82_85_88_89_91_93_94_97_98_102_103_106_107_110_111_113_116_117_120_123_124_128_129_131_132_136_137_140_141_144_145_148_151_157_158_161_162_167_168_172_173_175_181_182_184_185_190_191_196_197_198_199_200_205_206_211_212_213_214_217_218_219_220_224_226_227_230_231_233_235_238_241_243_244_246_249_250_251_253_255_256_258_259_261_264_267_268_270_271_272_274_277_279_281_282_284_291 5626.0     3.02e+10     82.94    140.20   5926.34  -9837.46      0.00 0
0_1_2_3_4_5_6_7_8_10_11_12_13_14_15_16_18_19_20_22_23_24_27_28_30_31_32_34_36_37_39_40_42_43_46_47_48_51_52_54_56_57_58_60_61_62_64_65_68_69_70_73_74_77_80_81_82_84_85_87_88_90_92_93_94_97_98_101_104_105_106_108_109_112_113_115_118_119_120_123_124_127_130_131_132_136_138_142_145_149_151_153_156_159_161_163_169_174_175_183_184_186_192_207_217 5626.0     1.62e+10     78.98     46.93   -699.78   1989.49      0.00 0
100_114_133_134_143_154_164_170_178_187_193_202_209_215_229_232_245_247 5626.0     2.88e+10     69.05    130.99   5932.09  -1732.28      0.00 0
110_128_136_140_161_167_172_190_196_211_213_219_234_237_242_252_257_263_269_273_283 5626.0     1.17e+10     68.55     81.29  -2740.26  -6780.28      0.00 0
0_2_3_4_5_8_9_10_12_13_17_18_20_21_22_25_26_28_29_33_34_35_38_40_41_44_45_49_50_52_53_54_55_59_60_62_63_64_66_67_71_72_75_76_78_79_83_84_86_88_89_91_95_96_99_100_102_103_106_107_108_110_111_114_116_117_121_122_125_126_128_129_133_134_136_137_138_140_141_143_146_147_148_152_153_154_155_157_158_161_162_163_164_165_167_168_170_172_173_176_177_178_179_181_182_185_186_187_188_190_191_193_194_196_197_198_199_200_202_203_205_206_208_209_210_211_212_213_214_215_216_218_219_220_221_222_223_224_226_227_228_229_230_231_232_233_234_235_236_237_238_239_240_241_242_243_244_245_246_247_248_249_250_251_252_253_254_255_256_257_258_259_260_261_262_263_264_265_266_267_268_269_270_271_272_273_274_275_276_277_278_279_280_281_282_283_284_285_286_287_288_289_290_291_292_293_294_295_296_297_298 5626.0     1.00e+10     87.78     49.98   6296.84  -1971.94      0.00 0
246_250_253_258_260_261_264_266_267_269_270_271_273_274_275_276_277_278_279_280_281_283_284_285_286_287_288_289_290_291_292_293_294_295_296_297_298 5626.0     5.89e+10     77.82      5.37    584.40 -10989.02      0.00 0
0_1_2_3_4_5_6_7_8_9_10_11_12_13_14_15_16_17_18_19_20_21_22_23_24_25_26_27_28_29_30_31_32_33_34_35_36_37_38_39_40_41_42_43_44_45_46_47_48_49_50_51_52_53_54_55_56_57_58_59_60_61_62_63_64_65_66_67_68_69_70_71_72_73_74_75_76_77_78_79_80_81_82_83_84_85_86_87_88_89_90_91_92_93_94_95_96_97_98_99_100_101_102_103_104_105_106_107_108_109_110_111_112_113_114_115_116_117_118_119_120_121_122_123_124_125_126_127_128_129_130_131_132_133_134_135_136_137_138_139_140_141_142_143_144_145_146_147_148_149_150_151_152_153_154_155_156_157_158_159_160_161_162_163_164_165_166_167_168_169_170_171_172_173_174_175_176_177_178_179_180_181_182_183_184_185_186_187_188_189_190_191_192_193_194_195_196_197_198_199_200_201_202_203_204_205_206_207_208_209_210_211_212_213_214_215_216_217_218_219_220_221_222_223_224_225_226_227_228_229_230_231_232_233_234_235_236_237_238_239_240_241_242_243_244_245_246_247_248_249_250_251_252_253_254_255_256_257_258_259_260_261_262_263_264_265_266_267_268_269_270_271_272_273_274_275_276_277_278_279_280_281_282_283_284_285_286_287_288_289_290_291_292_293_294_295_296_297_298 5626.0     1.78e+09     87.90    252.65    753.29  -6976.02      0.00 0
129_141_168_173_191_197_212_214_220_224_235_238_243_244_255_258_259_264_271_274_279 5626.0     3.24e+09     73.33    126.19   5114.33  -9269.01      0.00 0
0_1_2_3_4_5_6_7_10_11_12_14_15_17_18_19_23_24_27_30_31_36_37_39_43_47_51_57_61_65_69_73_81_87_93_97_105_109_119_123_135_144_150_160 5626.0     6.31e+10     72.54    326.64  -3624.42   2717.46      0.00 0
40_44_52_55_58_62_66_74_78_82_88_91_94_98_102_103_106_110_116_117_120_124_128_129_132_136_140_148_157_158_168_181_182_191_197_206_214_220_238 5626.0     3.80e+09     72.10    319.09   -488.99  -4070.71      0.00 0
0_1_2_3_4_5_6_7_8_9_10_11_12_13_14_15_16_17_18_19_20_21_22_23_24_25_26_27_28_29_30_31_32_33_34_35_36_37_38_39_40_41_42_43_44_45_46_47_48_49_50_51_52_53_54_55_56_58_60_62_64_65_66_67_68_70_72_74_76_77_78_79_80_82_84_88_90_91_92_94_96_102_104_106_108_110_112_116_118_120_122_128_130_136_138_140_142_151_153_157_159_161_163_167_169_172_174_190_192_196_198_211_219_223_234_242_254 5626.0     3.63e+09     76.27    241.40     78.79     58.72      0.00 0
11_16_20_23_24_28_31_32_37_40_44_47_48_52_57_58_62_66_69_70_73_74_78_81_82_85_88_91_93_94_97_98_102_105_106_110_113_116_117_119_120_123_124_128_131_132_135_136_140_144_145_148_150_151_157_160_161_167_172_175_181_182_184_190_196_198_200_205_206_211_213_217_219_223_226_227_230_231_234_237_242_246_249_250_252_253_257_260_261_263_266_267_269_273_275_276_277_280_281_283_286_287_288_289_290_291_293_294_295_296_297_298 5626.0     7.24e+10     80.36    110.81  -2529.66  -4226.88      0.00 0
231_246_250_253_260_261_267_275_277_286_287_293_294 5626.0     1.48e+09     66.37     65.00    685.21  -9933.50      0.00 0
77_87_92_101_104_109_112_115_118_127_130_142_149_159_169_174 5626.0     4.57e+10     67.52     18.49    492.32   4117.11      0.00 0
13_20_21_28_29_33_35_40_41_44_45_52_53_55_59_62_63_66_67_75_78_79_82_83_88_89_91_94_95_99_102_103_106_107_110_111_116_117_120_121_124_125_128_129_133_136_137_140_141_145_146_148_151_152_154_157_158_161_162_164_167_168_172_173_175_176_178_181_182_184_185_187_190_191_193_196_197_198_199_200_202_203_205_206_209_211_212_213_214_215_217_218_219_220_221_223_224_226_227_228_229_230_231_232_233_234_235_237_238_239_241_242_243_244_245_246_247_248_249_250_251_252_253_254_255_256_257_258_259_260_261_262_263_264_265_266_267_268_269_270_271_272_273_274_275_276_277_278_279_280_281_282_283_284_285_286_287_288_289_290_291_292_293_294_295_296_297_298 5626.0     1.00e+10     87.36      5.81   4727.79  -6601.23      0.00 0
0_1_2_3_5_6_7_8_9_11_13_15_16_17_19_20_21_23_24_28_29_31_32_33_35_37_40_41_44_45_47_48_51_52_53_55_57_58_61_62_63_66_67_69_70_73_74_78_79_81_82_83_85_88_89_91_93_94_97_98_102_103_105_106_107_110_111_113_116_117_119_123_128_129_131_137_141_144_148_150_157_158_162_168_173_181_182_185_191_197_199_206_212_214_218_220_224_231_235_238_241_243_244_253_255_256_258_259_264_270_271_272_274_279_284 5626.0     4.07e+09     78.62    129.50   3345.75  -6695.10      0.00 0
51_57_61_69_73_81_87_93_97_101_105_109_119_127_135_139_156_160_166_171_189_195_204 5626.0     1.95e+09     69.43    260.78  -2143.73   4405.86      0.00 0
10_18_22_26_30_34_36_38_42_43_46_50_54_56_60_64_65_68_71_72_76_77_80_84_86_87_90_92_96_99_100_101_104_108_109_112_114_115_118_122_126_127_130_133_134_138_139_143_147_149_154_155_156_164_165_166_170_171_187_189_193_195_208_215_221 5626.0     6.61e+10     74.30    324.38   2040.10   2142.56      0.00 0
0_2_3_4_5_8_9_12_13_16_17_20_21_25_26_28_29_32_33_35_38_40_41_44_45_49_50_52_53_55_58_59_62_63_66_67_71_72_75_78_79_82_83_86_88_89_91_94_99_102_106_110_114_120_136_140_145_151_161_175_184 5626.0     3.98e+09     72.47     25.10   -838.33  -2057.31      0.00 0
234_242_254_257_263_269_273_278_280_283_285_290_292_296 5626.0     1.17e+09     70.81    100.18  -3281.05 -10982.07      0.00 0
17_21_25_26_29_33_38_41_45_49_50_53_55_59_60_63_67_71_72_75_76_79_83_86_89_91_95_96_99_100_103_107_111_114_116_117_121_122_125_126_129_133_134_137_141_147_148_157_158_168_173_181_182_190_191_197_200_205_206_213_214_226_227_230_231_246_249_250_252_260_261_266_269_275_276_280_286_288_290_296 5626.0     8.32e+09     75.57     66.38   1027.02  -4651.82      0.00 0
0_1_2_3_4_5_6_7_8_9_10_11_12_13_14_15_16_17_18_19_20_21_22_23_24_26_27_28_29_30_31_32_34_35_36_37_39_40_42_43_44_45_46_47_48_51_52_54_55_56_58_61_62_64_65_66_68_70_74_77_78_79_80_82_88_90_91_92_94_102_104_106_110_112_116_118_120_128_130_136_140_157_161_167_172_190_196_198_211_219_234_242 5626.0     2.63e+10     74.06    247.90   -975.03  -1255.28      0.00 0
141_168_173_191_197_212_214_220_235_238_243_255_258_264_270_271_274_279_284 5626.0     2.00e+09     71.86    292.10   4011.97  -9077.71      0.00 0
96_108_112_122_126_130_134_138_142_147_153_155_159_163_165_169_170_174_177_179_186_188_194_208 5626.0     2.04e+09     69.63    138.82   3938.10   2883.46      0.00 0
253_258_267_270_274_279_284 5626.0     1.41e+10     67.14    145.80   4129.80 -10456.27      0.00 0
0_1_2_3_4_5_6_7_8_9_10_11_12_13_14_15_16_17_18_19_20_21_22_23_24_25_26_27_28_29_30_31_32_33_34_35_36_37_38_39_40_41_42_43_44_45_46_47_48_49_50_51_52_53_54_55_56_57_58_59_60_61_62_64_66_68_69_70_71_72_73_74_75_76_78_81_82_83_84_85_86_88_90_93_94_96_97_98_99_100_106_108_113_114_120_122_124_126_131_132_134_143_145_147_151_155_165_170_175_179_188_194_210_216_222_240 5626.0     9.12e+10     78.18    194.28  -3751.78   -894.43      0.00 0
198_211_217_219_223_234_237_242_252_254_257_263_266_269_273_280 5626.0     6.92e+10     69.81    130.62  -4062.04  -7185.61      0.00 0
0_1_2_3_4_5_6_7_8_9_10_11_12_13_14_15_16_17_18_19_20_22_23_24_25_26_27_28_30_31_32_34_35_36_37_39_40_42_43_44_46_47_48_50_51_52_54_56_57_58_60_61_62_64_65_66_68_69_70_73_74_76_77_80_81_82_84_85_87_88_90_92_93_94_96_97_98_101_104_105_106_108_109_110_112_113_115_118_119_120_122_123_124_127_130_131_132_135_136_138_139_142_144_145_149_150_151_153_156_159_160_161_163_166_169_171_174_175_177_180_183_184_186_189_192_195_198_201_204_207_217_223_225 5626.0     7.76e+09     84.01    224.87   -491.00   3590.03      0.00 0
250_260_261_267_275_276_277_286_287_288_294_296 5626.0     1.82e+09     65.18    227.48   -145.11 -10469.56      0.00 0
0_1_2_4_5_6_7_8_10_11_14_15_16_19_20_23_24_27_28_30_31_32_36_37_39_40_42_43_46_47_48_51_52_56_57_58_61_62_65_66_68_69_70_73_74_77_80_81_82_85_87_88_92_94_101_104_105_106_109_110_115_118_127_130_149_156_159_180_183_192_201_207 5626.0     1.02e+10     73.55    253.76   -547.93   2773.07      0.00 0
206_214_220_226_227_231_235_238_243_244_246_249_250_252_253_255_258_260_261_264_266_267 5626.0     2.34e+09     68.60    192.46   1557.76  -8111.25      0.00 0
0_1_2_3_4_5_6_7_8_9_10_11_12_13_14_15_16_17_18_19_20_21_22_23_24_25_26_27_28_29_30_31_32_33_34_35_36_37_38_39_40_41_42_43_44_45_46_47_48_49_50_51_52_53_54_55_56_57_58_59_60_62_63_64_65_66_67_68_69_70_71_72_73_74_75_76_77_78_79_80_82_83_84_85_86_88_89_90_91_94_95_96_98_99_100_102_103_104_106_107_108_110_111_112_114_116_117_120_121_122_124_125_126_128_129_130_133_134_136_137_138_140_142_143_145_147_148_151_153_155_157_158_161_163_164_165_167_170_172_174_175_177_179_181_182_184_186_188_190_194_196_198_205_210_211_213_216_217_219_223_230_234_237_240_242_254_257_263_273_278_285 5626.0     3.31e+10     82.47     45.08   -884.61  -2575.50      0.00 0
199_202_203_209_218_224_228_229_232_233_235_241_244 5626.0     1.70e+09     66.10    234.16   5505.41  -5118.34      0.00 0
0_1_2_3_5_6_7_8_9_11_13_15_16_19_20_23_24_27_28_29_31_32_35_37_39_40_41_43_44_45_47_48_51_52_55_57_58_61_62_65_66_67_69_70_73_74_78_79_81_82_85_87_88_89_91_93_94_97_98_102_103_105_106_109_110_113_116_117_119_120_123_124_128_129_131_132_135_136_139_140_144_145_148_150_151_157_158_160_161_166_167_168_171_172_175_181_182_184_190_191_195_196_197_198_200_205_206_211_213_214_217_219_220_223_226_227_230_231_234_237_238_242_243_246_249_250_252_253_254_257_258_260_261_263_264_266_267_269_270_273_274_275_276_277_278_280_281_283_284_285_286_287_288_289_290_291_292_293_294_295_296_297_298 5626.0     1.26e+10     84.38    293.11   -595.11  -8485.36      0.00 0
226_227_230_231_237_246_249_250_252_253_257_258_260_261_263_264_266_267_269_270_271_273_274_275_276_277_278_279_280_281_283_284_285_286_287_288_289_291 5626.0     1.10e+09     73.62    177.26    393.98  -9555.98      0.00 0
134_143_147_155_165_170_177_179_186_188_210 5626.0     5.50e+10     68.03     87.24   5453.27   3061.95      0.00 0
121_125_133_134_137_143_146_152_154_155_162_164_165_170_173_176_178_179_185_187_188_193_194_197_199_202_203_208_209_210_212_214_215_216_218_220_221_222_224_228_229_232_233_235_236_238_240_241_243_244_248_251_253_255_256_258_259_264_267_270_271_274_279_281_284_289_291 5626.0     1.62e+09     77.10    254.42   4774.50  -5130.24      0.00 0
40_44_45_55_62_66_67_78_79_82_88_89_91_94_102_103_106_110_111_116_117_120_124_128_129_136_137_140_141_145_148_151_157_158_161_162_167_172_175_184 5626.0     3.47e+09     74.13    175.26  -3208.47  -3343.50      0.00 0
71_72_75_76_86_95_96_99_100_107_108_114_121_122_125_126_133_134_137_138_143_146_147_152_153_154_155_162 5626.0     2.88e+09     69.83     91.14   3699.20    -81.21      0.00 0
1_2_7_8_11_15_16_19_20_23_24_27_28_31_32_37_39_40_43_44_47_48_51_52_57_58_61_62_65_66_69_70_73_74_77_78_81_82_85_87_88_93_94_97_98_101_102_105_106_109_110_113_116_119_120_123_127_128_131_135_136_139_140_144_150_156_157_160_166_167_171_189_195 5626.0     2.34e+09     76.10    280.14  -2791.86   3229.59      0.00 0
173_191_197_199_200_203_206_212_214_218_220_224_226_227_228_230_231_233_235_238_241_243_244_245_246_248_249_250_251_252_253_255_256_258_259_260_261_262_264_265_266_268_272_282 5626.0     4.90e+10     74.09    200.26   4097.33  -6698.45      0.00 0
0_1_2_3_5_8_9_11_13_15_16_17_20_21_23_24_25_28_29_31_32_33_35_37_40_41_44_45_47_48_49_52_53_55_58_59_62_63_66_67_69_70_73_74_75_78_79_82_83_85_88_89_91_94_95_97_98_102_103_106_107_110_111_113_116_117_120_121_123_124_125_128_129_131_132_136_137_140_141_145_146_148_151_152_154_157_158_161_162_167_168_172_173_175_176_178_181_182_184_185_190_191_196_197_198_199_200_202_203_205_206_209_211_212_213_214_217_218_219_220_223_224_226_227_228_229_230_231_233_234_235_237_238_241_242_243_244_245_246_247_248_249_250_251_252_253_254_255_256_257_258_259_260_261_262_264_265_267_268_270_271_272_274_279_281_282_284 5626.0     1.15e+10     85.37    158.59   4500.72  -6563.95      0.00 0
250_253_258_260_261_264_266_267_270_271_274_275_276_277_279_280_281_283_284_285_286_287_288_289_290_291_292_293_294_295_296_297_298 5626.0     1.66e+10     75.89    195.29    278.19 -11036.51      0.00 0
20_28_32_35_40_44_45_48_52_55_58_62_66_67_70_74_78_79_82_85_88_89_91_94_98_102_103_106_110_111_113_116_117_120_124_129_132_141_158_162_168_173 5626.0     4.27e+10     71.59    147.22   -674.58  -2763.66      0.00 0
4_10_12_18_22_25_26_30_34_38_42_50_54_60_64_68_72_76_84_90_96_108_112_122_126_138_142_147_153_163_174_177_186 5626.0     3.63e+09     73.18    235.23   4200.91   4734.36      0.00 0
95_99_100_107_114_121_125_126_133_134_137_141_143_146_147_152_154_155_162_164_165_168_170_173_176_177_178_179_185_187_188_193_194_197_199_202_203_208_209_210_212_214_215_216_218_220_221_222_224_240 5626.0     4.90e+09     76.51     66.91   6149.89   1480.84      0.00 0
212_220_224_231_235_238_241_243_244_250_253_255_258_267_270 5626.0     3.63e+10     66.44    219.45   3160.26  -7657.83      0.00 0
202_203_209_215_218_224_228_229_232_233_235_239_241_243_244_245_247_248_251_255_256_258_259_262_264_265_268_270_271_272_274_279_281_282_284_291 5626.0     2.63e+10     77.61     60.52   6310.31  -7099.35      0.00 0
21_33_41_45_53_59_63_67_79_83_89_91_103_111_116_117_129_148_158_181_182_200 5626.0     4.68e+09     67.12    253.71    839.16  -4065.87      0.00 0
80_90_92_101_104_108_109_112_115_118_122_127_130_138_139_142_147_149_153_156_159_160_163_166_169_171_180_189_195 5626.0     1.26e+10     72.58    163.11   -766.91   4563.39      0.00 0
0_1_2_3_4_5_6_7_8_9_10_11_12_13_14_15_16_17_18_19_20_21_22_23_24_25_26_27_28_29_30_31_32_33_34_35_36_37_38_39_40_42_43_44_46_47_48_49_50_51_52_54_56_57_58_60_61_62_64_65_66_68_69_70_71_72_73_74_76_77_80_81_82_84_85_86_87_88_90_92_93_94_96_97_98_100_101_104_105_106_108_109_112_113_115_118_119_120_122_123_124_126_127_130_131_132_134_135_136_138_139_142_144_145_147_149_150_151_153_155_156_159_160_163_166_169_171_174_175_177_179_180_183_184_186_188_189_192_195_201_204_207_210_225 5626.0     2.00e+09     84.64     30.62   1221.72   3721.31      0.00 0
0_1_2_3_4_5_6_7_8_9_10_11_12_13_14_15_16_17_18_19_20_21_22_23_24_25_26_27_28_29_30_31_32_33_34_35_36_37_38_39_40_41_42_43_44_45_46_47_48_49_50_51_52_53_54_55_56_57_58_59_60_61_62_63_64_65_66_67_68_69_70_71_72_73_74_75_76_77_78_79_80_81_82_83_84_85_86_87_88_89_90_91_92_93_94_95_96_97_98_99_100_101_102_103_104_105_106_107_108_109_110_111_112_113_114_115_116_117_118_119_120_121_122_123_124_125_126_127_128_129_130_131_132_133_134_135_137_138_139_141_142_143_144_146_147_148_149_150_152_153_154_155_156_158_159_160_162_163_164_165_166_168_169_170_171_173_176_178_180_182_183_185_187_188_189_191_192_193_194_195_197_199_201_202_203_204_206_208_209_212_214_215_218_220_221_224_225_228_229_232_233_235_236_238_239_241_243_244_245_247_248_251_255_256_258_259_262_264_265_268_271_272_279_282 5626.0     4.90e+09     85.74    317.34   -108.33    875.20      0.00 0
40_44_52_58_62_66_78_82_88_91_102_106_110_116_128_140_148_157_167_181_182_190_200_205_213_226_227_230_246_249_260 5626.0     1.17e+10     70.26    282.67   -833.00  -5348.38      0.00 0
55_62_66_78_79_88_91_94_102_103_106_110_111_116_117_120_124_128_129_136_137_140_141_145_148_151_157_158_161_162_167_168_172_173_175_181_182_184_185_190_191_196_197_198_199_200_203_206_212_214_217_218_220_224_233_235_238_241_243_244_248_251_255_256_259_265_268_272_282 5626.0     1.66e+09     77.14    163.22    435.47  -4858.17      0.00 0
0_1_3_4_6_7_10_12_14_15_17_18_19_22_25_26_27_30_34_36_38_39_42_43_46_49_50_51_54_56_60_61_65_71_72 5626.0     1.05e+10     65.21    328.83    485.54    901.17      0.00 0
253_255_258_259_261_264_267_270_271_272_274_275_276_277_279_281_284_286_287_288_289_291 5626.0     9.33e+09     71.69     18.33   3261.55  -9694.64      0.00 0
32_40_44_48_52_58_62_66_70_74_78_82_85_88_91_94_98_102_106_110_113_124_132 5626.0     1.20e+09     66.75    323.92  -2306.87  -1815.87      0.00 0
0_1_2_3_4_5_6_7_8_9_10_11_12_13_14_15_16_17_18_20_21_22_23_24_25_26_28_29_30_32_33_34_35_37_38_40_41_42_44_45_48_49_50_52_53_54_55_58_59_60_62_63_64_66_67_70_71_72_74_75_76_78_79_82_83_84_86_88_89_91_94_95_96_98_99_100_102_103_106_107_108_110_111_114_116_117_120_121_122_124_125_126_128_129_133_134_136_137_140_141_143_145_146_147_148_151_152_154_155_157_158_161_162_164_165_167_168_170_172_173_175_176_177_178_179_181_182_184_185_187_188_190_191_193_194_196_197_198_199_200_202_203_205_206_208_209_210_211_212_213_214_215_216_217_218_219_220_221_222_223_224_226_227_228_229_230_231_232_233_234_235_236_237_238_239_240_241_242_243_244_245_246_247_248_249_250_251_252_253_254_255_256_257_258_259_260_261_262_263_264_265_266_267_268_269_270_271_272_273_274_275_276_277_278_279_280_281_282_283_284_285_286_287_288_289_290_291_292_293_294_295_296_297_298 5626.0     1.05e+09     87.90    208.84   4150.72  -7218.84      0.00 0
184_196_198_211_213_217_219_223_230_234_237_242_249_252_254_257_263_266_269_276_280 5626.0     3.89e+09     69.09    126.77  -3217.91  -7370.16      0.00 0
0_1_2_5_7_8_11_13_15_16_19_20_23_24_27_28_31_32_35_37_39_40_44_45_47_48_51_52_55_57_58_61_62_65_66_69_70_73_74_78_79_81_82_85_87_88_91_93_94_97_98_102_103_105_106_109_110_113_116_117_119_120_123_124_127_128_131_132_135_136_139_140_144_145_148_150_151_157_158_160_161_166_167_171_172_175_181_182_184_190_191_195_196_198_200_205_206_211_213_214_217_219_223_226_227_230_231_234_237_242_246_249_250_252_253_254_257_260_261_263_266_267_269_270_273_275_276_277_278_280_281_283_284_285_286_287_288_289_290_291_292_293_294_295_296_297_298 5626.0     9.12e+09     82.40    106.87  -2394.37  -4293.52      0.00 0
176_178_185_187_193_199_202_203_208_209_212_215_218_220_221_222_224_228_229_232_233_235_236_238_239_240_241_243_244_245_247_248_251_253_255_256_258_259_262_264_265_268_270_271_272_274_279_281_284_289_291_295 5626.0     4.57e+10     77.03     63.53   5971.80  -5207.33      0.00 0
2_3_5_8_9_13_16_17_20_21_25_28_29_32_33_35_40_41_44_45_48_49_52_53_55_58_59_62_63_66_67_71_74_75_78_79_82_83_88_89_91_94_95_98_99_102_103_106_107_110_111_116_117_120_121_124_125_128_129_132_133_136_137_140_141_145_146_148_151_152_154_157_158_161_162_164_167_168_172_173_175_176_178_181_182_184_185_187_190_191_193_196_197_198_199_202_203_209_211_212_215_217_218_221_223_224_228_229_232_233_239_241_245_247_248_251_262_265 5626.0     6.92e+09     81.89      0.92   6193.76  -3403.98      0.00 0
0_1_2_3_4_5_6_7_8_9_10_11_12_13_14_15_16_17_18_19_20_21_22_23_24_25_26_27_28_29_30_31_32_33_34_35_36_37_38_39_40_41_42_43_44_45_46_47_48_49_50_51_52_53_54_55_56_57_58_59_60_61_62_63_64_65_66_67_68_69_70_71_72_73_74_75_76_77_78_79_80_81_82_83_84_85_86_87_88_89_93_94_95_97_98_99_100_101_103_105_107_109_111_113_114_119_121_123_125_131_133_135_137_139_141_144_146_150_152_154_160_162_164_171_176_178_185_187_199_202_203_209_218_228_229_232_233_241_245_247_248_251_262_265 5626.0     4.17e+10     80.35    328.21  -3878.72   2252.11      0.00 0
0_1_2_3_4_5_6_7_10_11_12_14_15_16_18_19_22_23_24_25_26_27_30_31_34_36_37_38_39_42_43_46_47_48_50_51_54_56_57_60_61_64_65_68_69_70_72_73_76_77_80_81_84_85_86_90_93_96_97_100_108_113_122_126_134_147_153_155_165_177_179_188_210_216 5626.0     6.03e+10     73.08    190.94   1804.28   1457.31      0.00 0
23_24_31_32_37_47_48_51_52_57_58_61_69_70_73_74_81_82_85_93_94_97_98_106_120_124_136_145_151_161_184_198 5626.0     2.69e+09     69.89     72.88  -3025.72  -1747.50      0.00 0
121_125_133_137_143_146_152_154_162_164_165_170_173_176_178_185_187_188_193_194_199_202_208_209_210_215_216_221_222_240 5626.0     1.12e+10     72.17    242.56   5514.13  -1074.04      0.00 0
111_129_137_141_146_152_158_162_168_173_176_178_185_199_202_203_209_218_228_229_232_245_247 5626.0     6.76e+10     70.25     17.70   4813.36  -3888.55      0.00 0
0_3_4_5_6_7_9_10_12_13_14_17_18_21_22_25_26_27_29_30_33_34_35_36_38_41_42_43_45_46_49_50_53_54_55_56_59_60_63_64_67_68_71_72_75_76_77_79_80_83_84_86_89_90_91_92_95_96_99_100_103_104_107_108_111_112_114_115_117_118_121_122_125_126_129_130_133_134_137_138_141_142_143_146_147_149_152_153_154_155_158_159_162_163_164_168_169_173_174_176_178_180_182_183_185_191_192_197_199_201_202_203_206_207_212_214_218_220_224_225_231_233_235_238_241_243_244_250_251_253_255_256_258_259_264_267_270_271_272_274_279_281_284_289_291 5626.0     5.25e+10     81.14    100.16   3938.26  -7947.96      0.00 0
116_117_128_129_140_148_157_158_167_172_181_182_190_196_198_211_213_217_219_223_234_254 5626.0     4.37e+10     70.44    199.33  -2372.86  -5776.26      0.00 0
99_114_121_125_126_133_134_143_146_147_152_154_155_162_164_165_170_176_177_178_179_185_187_188_193_194_199_202_203_208_209_210_212_215_216_218_221_222_224_228_229_232_233_235_241_243_244_245_248_251_255_256_259_264_268_271_272_279 5626.0     2.75e+09     75.87     88.28   5488.52  -3097.05      0.00 0
146_152_154_162_164_170_173_176_178_185_187_193_194_197_199_202_203_208_209_212_214_215_218_220_221_222_224_228_229_231_232_233_235_236_238_239_240_241_243_244_245_248_250_251_253_255_256_258_259_261_264_267_270_271_274_275_277_279_281_284_286_287_289_291_293_295_297_298 5626.0     2.82e+10     77.08     63.36   3839.75  -6999.66      0.00 0
40_44_52_55_62_66_78_79_82_88_91_94_98_102_103_106_110_116_117_120_124_128_129_136_158_168 5626.0     9.77e+10     68.68    150.88   -863.38  -3216.29      0.00 0
21_29_33_35_41_44_45_49_53_55_59_63_66_67_71_75_78_79_83_86_88_89_91_95_99_100_102_103_107_110_111_114_116_117_121_125_128_129_133_134_136_137_140_141_143_146_148_152_154_155_157_158_161_162_164_165_167_168_170_172_173_176_178_181_182_185_187_188_190_191_193_194_196_197_198_199_200_202_203_205_206_208_209_210_211_212_213_214_215_216_217_218_219_220_221_222_223_224_226_227_228_229_230_231_232_233_234_235_236_237_238_239_240_241_242_245_246_247_249_250_252_254_257_260_263_266_269_273_278_280_283_285_292 5626.0     9.77e+09     82.19     32.82   3057.42  -3527.78      0.00 0
0_1_2_3_4_5_6_7_8_9_10_11_12_13_14_15_16_17_18_19_20_21_22_23_24_25_26_27_28_29_30_31_32_33_34_35_36_37_38_39_40_41_42_43_44_45_46_47_48_49_50_51_52_53_54_55_56_57_58_59_60_61_62_63_64_65_66_67_68_69_70_71_72_73_74_75_76_77_78_79_80_81_82_83_84_85_86_87_88_89_90_91_92_93_94_95_96_97_98_99_100_101_102_103_104_105_106_107_108_109_110_111_112_113_114_115_116_117_118_119_120_121_122_123_124_125_126_127_128_130_131_132_133_134_135_136_137_138_139_140_142_143_144_145_146_147_149_150_151_153_154_155_156_157_159_160_161_163_164_165_166_167_169_170_171_172_174_175_177_179_180_183_184_186_187_188_189_192_193_194_195_196_198_201_204_207_208_210_211_216_217_221_222_223_225_234_236_240 5626.0     1.35e+09     87.40    208.13  -1184.19   1168.22      0.00 0
0_1_2_3_4_5_6_7_8_9_10_11_12_13_14_15_16_17_18_19_20_21_22_23_24_25_26_27_28_29_30_31_32_33_34_35_36_37_38_39_40_41_42_43_44_45_46_47_48_49_50_51_52_53_54_55_56_57_58_59_60_61_62_63_64_65_66_67_68_69_70_71_72_73_74_75_76_77_78_79_80_81_82_83_84_85_86_87_88_89_90_91_92_93_94_95_96_97_98_99_100_101_102_103_104_105_106_107_108_109_110_111_113_114_115_116_117_118_119_120_121_123_124_125_127_128_129_131_132_133_135_136_137_139_140_141_144_145_146_148_149_150_151_152_154_156_157_158_160_161_162_164_166_167_168_171_172_173_175_176_178_180_181_182_184_185_187_189_190_191_195_196_197_198_199_200_202_203_204_205_206_209_211_212_213_214_217_218_219_220_223_224_226_227_228_229_230_231_233_234_235_237_238_241_242_243_244_245_246_248_249_250_251_252_253_255_256_257_258_259_260_261_262_264_265_266_267_268_270_271_272_274_275_276_277_279_281_282_284_286_287_289_291_293_295_298 5626.0     1.82e+09     87.04    129.69   4033.01  -8126.19      0.00 0
