#event_number primary_type du_ids energy_primary em_energy Xmax_pos(x, y, z), Xmax_grams zenith azimuth shower_core_pos_x shower_core_pos_y shower_core_pos_z, N_tested_cores, units are degrees, GeV and meters
4000 14.0      20_28_32_35_40_44_48_52_55_58_62_66_70_74_78_79_82_85_88_91_94_98_102_103_106_110_111_113_116_117_120_124_128_129_132_136_140_141_145_148_151_157_158_161_167_168_172_173_175_181_182_184_190_191_197_199_206_212_214_220_224_235_238_243_244_255_259  1.62e+09  1.44e+09  45254.78 -26859.64  12110.85    737.38     77.04    329.31  -2799.83  -2708.37      0.00 0
4001 14.0      0_3_4_5_6_8_9_10_12_13_14_17_18_21_22_25_26_28_29_30_33_34_35_38_41_42_44_45_46_49_50_53_54_55_59_60_63_64_67_68_71_72_75_76_78_79_80_83_84_86_89_90_91_95_96_99_100_102_103_104_107_108_111_112_114_116_117_121_122_126_129_130_137_138_141_142_148_153_157_158_162_163_168_169_173_174_181_182_191_197_200_205_206_214_220_226_227_230_231_238_246_249_250_253_260_261_266_267_275_276_277_281_286_287_288_289_293_294_295_297_298  7.76e+09  6.88e+09   8512.12  50113.90  11660.68    791.39     77.08     80.36   1256.10  -3876.17      0.00 0
4002 14.0      0_1_2_3_4_5_6_7_8_9_11_12_13_14_15_16_17_19_20_21_23_24_27_28_29_31_32_33_35_37_39_40_41_44_45_47_48_51_52_53_55_57_58_61_62_63_65_66_67_69_70_73_74_78_79_81_82_83_85_87_88_89_91_93_94_97_98_102_103_105_106_107_109_110_111_113_116_117_119_123_128_129_131_135_137_141_144_148_150_157_158_160_162_168_173_181_182_190_191_197_199_200_205_206_212_214_220_224_226_227_231_235_238_243_244_246_250_253_255_258_259_261_264_267_270_271_274_277_279_281_284_289_291  4.47e+09  3.95e+09 -41765.68  67650.81  13033.65    816.74     80.69    121.69   4734.75 -10744.53      0.00 0
4003 14.0      0_1_2_3_4_5_6_7_8_9_10_11_12_13_14_15_16_17_18_19_21_22_23_24_25_26_27_29_30_31_33_34_36_38_39_41_42_43_46_47_49_50_51_53_54_56_57_59_60_61_63_64_65_68_71_72_73_75_76_77_80_81_83_84_86_87_89_90_92_93_95_96_99_100_101_104_105_107_108_109_112_114_115_118_119_121_122_123_125_126_127_130_133_134_135_137_138_139_142_143_144_146_147_149_150_152_153_154_155_156_159_160_163_164_165_166_169_170_171_174_176_177_178_179_180_183_185_186_187_188_189_192_193_194_195_201_202_203_204_207_208_209_210_215_216_218_221_222_225_228_229_232_233_236_239_240_245_247_248_251_262_265_282  9.12e+10  8.29e+10  93194.40 -70227.02  13295.38    939.19     83.50    323.00   4272.87    253.80      0.00 0
4004 14.0      4_6_10_14_18_22_30_34_36_42_46_54_56_64_68_80_84_90_104_108_112_130_138_142_169_174  2.95e+09  2.66e+09   8508.01  17646.80   8534.55    740.51     66.46     64.26   1591.25   3046.21      0.00 0
4005 14.0      18_22_25_26_34_38_42_49_50_54_59_60_64_68_71_72_75_76_80_84_86_90_95_96_99_100_104_108_112_114_118_121_122_125_126_130_133_134_138_142_146_149_152_159_163_169_174_183_192_201_207  3.47e+09  3.06e+09  -7922.56  26474.40   8438.14   1009.70     73.02    106.66   2288.76   2391.96      0.00 0
4006 14.0      211_213_219_223_226_230_234_237_242_246_249_250_252_254_257_260_261_263_266_267_269_273_275_276_277_280_281_283_284_286_287_288_289_291_293_295  2.24e+10  2.00e+10 -30424.12  20259.69  10446.73    793.33     74.05    146.34  -1253.02  -9370.65      0.00 0
4007 14.0      226_227_230_231_237_242_246_249_250_252_253_254_257_258_260_261_263_264_266_267_269_270_273_274_275_276_277_278_279_280_281_283_284_285_286_287_288_290_292  2.45e+10  2.20e+10  37434.96    679.57  10397.42    818.49     74.48      1.04  -1971.98  -9560.39      0.00 0
4008 14.0      0_1_2_3_4_5_6_7_8_9_10_11_12_13_14_15_16_17_18_19_20_21_22_23_24_25_26_27_28_29_30_31_32_33_34_35_36_37_38_39_40_41_42_43_44_45_46_47_48_49_50_51_52_53_55_56_57_58_59_61_62_63_65_66_67_69_70_71_72_73_74_75_77_78_79_81_82_83_85_86_87_88_89_91_93_94_95_97_98_99_102_103_105_106_107_109_110_111_113_116_117_119_120_121_123_124_125_128_129_131_132_135_136_137_139_140_141_144_145_146_148_150_151_152_154_157_158_160_161_162_167_168_172_173_175_176_178_181_182_184_185_190_191_196_197_198_199_200_202_203_205_206_211_212_213_214_217_218_219_220_223_224_226_227_228_229_230_231_233_235_238_241_243_244_245_246_248_249_250_251_253_255_256_258_259_261_262_264_265_267_268_270_271_272_274_277_279_281_282_284_291  1.78e+09  1.50e+09 146420.28 -114849.46  14874.35    699.15     85.43    321.89   1973.78  -5139.49      0.00 0
4009 14.0      0_1_2_3_4_5_6_8_9_10_11_12_13_16_17_18_20_21_23_24_25_26_28_29_32_33_34_35_37_38_40_41_44_45_48_49_50_52_53_55_58_59_60_62_63_66_67_70_71_72_74_75_76_78_79_82_83_86_88_89_91_94_95_98_99_100_102_103_106_107_110_111_114_116_117_120_121_124_125_126_128_129_132_133_134_136_137_140_141_143_145_146_148_151_152_154_155_157_158_161_162_164_165_167_168_170_172_175_176_178_181_184_185_187_188_190_193_194_196_198_202_208_209_211_215_216_217_221_222_223_229_232_234_236_239_240  6.92e+09  6.29e+09 -83864.75 -25192.54  13165.09    843.09     81.45    196.72  -3676.73  -3701.10      0.00 0
4010 14.0      152_162_173_176_178_185_197_199_202_203_209_212_215_218_228_229_232  6.03e+09  5.65e+09  13449.30  12371.59   7606.74    878.90     67.40     42.61   5093.13  -3930.50      0.00 0
4011 14.0      41_53_59_63_67_75_83_89_95_99_107_121_125_133_146_154_164_187_193  1.41e+09  1.24e+09 -18928.22  -4415.18   8673.95    711.69     65.95    193.13   3581.88  -1552.61      0.00 0
4012 14.0      38_50_60_71_72_75_76_84_86_95_96_99_100_107_108_112_114_121_122_125_126_133_134_137_138_142_143_146_147_152_153_154_155_162_163_164_165_169_170_173_174_176_177_178_179_185_186_187_188_194_199_202_203_210_212_218_224_235_241_244  5.01e+09  4.43e+09  -1513.05  53498.96  11366.34    879.26     78.01     91.62   4106.11   5042.46      0.00 0
4013 14.0      49_59_63_71_72_75_83_86_89_95_99_100_103_107_111_114_117_121_125_126_129_133_134_137_141_143_146_147_148_152_154_155_158_162_164_165_168_170_173_176_177_178_179_181_182_185_187_188_191_193_194_197_199_200_202_203_205_206_208_209_210_212_214_215_216_218_220_221_222_224_226_227_228_229_230_231_232_233_235_236_238_239_240_241_243_244_245_246_247_248_249_250_251_252_253_255_256_258_259_260_261_262_264_265_266_267_268_269_270_271_272_274_275_276_277_279_280_281_282_283_284_286_287_288_289_290_291_293_294_295_296_297_298  5.62e+10  5.01e+10  82965.91 165751.30  14067.13    814.08     85.66     63.41   2444.26 -10588.45      0.00 0
4014 14.0      0_1_2_3_4_5_6_7_8_9_10_11_12_13_14_15_16_17_18_19_20_21_22_23_24_25_26_27_28_29_30_31_32_33_34_35_36_37_38_39_40_42_43_44_46_47_48_50_51_52_54_55_56_57_58_60_61_62_64_65_66_68_69_70_72_73_74_76_77_78_80_81_82_84_85_87_88_90_92_93_94_96_97_98_101_104_105_106_108_109_110_112_113_115_118_120_122_123_124_130_131_132_136_138_140_142_145_147_149_151_153_159_161_163_169_172_174_175_177_184_186_192_198_217_223  6.03e+09  5.39e+09  51801.58  51244.05  12507.46    861.35     80.26     44.69  -2623.80   -906.56      0.00 0
4015 14.0      63_67_78_79_83_89_91_95_99_102_103_107_110_111_116_117_121_125_128_129_133_137_140_141_143_146_148_152_154_157_158_161_162_164_167_168_170_172_173_176_178_181_182_185_187_190_191_193_196_197_198_199_200_202_203_205_206_208_209_211_212_213_214_215_217_218_219_220_221_222_223_224_226_227_228_229_230_231_232_233_234_235_236_237_238_239_241_242_245_246_247_248_249_250_251_252_254_257_260_262_263_266_269_273_278_283_285  8.71e+10  7.97e+10  74701.52  37212.25  13113.79    827.98     81.07     26.48   2052.95  -4850.79      0.00 0
4016 14.0      0_1_2_3_4_5_6_7_8_9_10_11_12_13_14_15_16_17_18_19_20_21_22_23_24_25_26_27_28_29_30_31_32_33_34_35_36_37_38_39_40_41_42_43_44_45_46_47_48_49_50_51_52_53_54_55_56_57_58_59_60_61_62_63_64_65_66_67_68_69_70_71_72_73_74_75_76_77_78_79_80_81_82_83_84_85_87_88_89_90_91_92_93_94_95_97_98_101_102_103_104_105_106_107_108_109_110_111_112_113_115_116_117_118_119_120_123_124_127_128_129_130_131_132_135_136_137_139_140_141_144_145_148_149_150_151_156_157_158_159_160_161_166_167_168_169_171_172_173_175_180_181_182_183_184_189_190_191_192_195_196_197_198_200_201_204_205_206_207_211_212_213_214_217_219_220_223_225_226_227_230_231_234_237_238_242_243_246_249_250_252_253_254_257_258_260_261_263_266_267_269_270_273_274_275_276_277_278_280_281_283_284_285_286_287_288_289_290_291_292_293_294_295_296_297_298  3.09e+10  2.72e+10 -26002.90 224393.44  13381.06    812.61     86.61     96.61  -1394.06  -9935.26      0.00 0
4017 14.0      25_26_33_38_49_50_53_59_60_63_71_72_75_76_83_84_86_95_96_99_100_108_114_122_126_134_138_147_153_155_163_177_179_186  1.05e+09  9.40e+08 -12353.64 -25463.93   9092.35    878.50     72.19    244.12   4019.60   2440.49      0.00 0
4018 14.0      35_40_44_45_55_62_66_67_78_79_82_88_89_91_94_102_103_106_107_110_111_116_117_120_124_128_129_136_137_140_141_145_151_162  1.29e+10  1.14e+10  27357.08  -5491.31   9596.80    770.37     71.02    348.65   -360.64  -3291.11      0.00 0
4019 14.0      116_128_148_157_181_182_190_200_205_206_226_227_231_246_250_253_267_270  4.47e+10  4.13e+10 -10776.61  16152.74   7872.86    864.43     67.93    123.71    450.98  -7174.51      0.00 0
4020 14.0      141_148_158_162_168_173_181_182_185_190_191_197_199_200_203_205_206_212_213_214_218_219_220_224_226_227_230_231_237_242_252_257  3.09e+09  2.72e+09 -27000.45 -10364.50   9564.84    799.79     71.70    201.00    782.37  -6335.12      0.00 0
4021 14.0      0_1_2_3_4_5_6_7_8_9_10_11_12_13_14_15_16_17_18_19_20_21_22_23_24_25_26_27_28_29_30_31_32_33_34_35_36_37_38_39_40_41_42_43_44_45_46_47_48_49_50_51_52_53_54_55_56_57_58_59_60_61_62_63_64_65_66_67_68_69_70_71_72_73_74_75_76_77_78_79_80_81_82_83_84_85_86_87_88_89_90_91_92_93_94_95_96_97_98_99_100_101_102_103_104_105_106_107_108_109_110_111_112_113_114_115_116_117_118_119_120_121_122_123_124_125_126_127_128_129_130_131_132_135_136_137_138_139_140_141_142_144_145_147_148_149_150_151_153_156_157_158_159_160_161_162_163_166_167_168_169_171_172_173_174_175_180_181_182_183_184_186_189_190_191_192_195_196_197_198_200_201_204_205_206_207_211_213_214_217_219_220_223_225_226_227_230_231_234_237_238_242_246_249_250_252_253_254_257_260_261_263_266_267_269_270_273_275_276_277_278_280_281_283_285_286_287_288_289_290_292_293_294_295_296_297_298  1.10e+09  9.71e+08 -39811.96 -223502.97  13328.49    816.60     86.64    259.90   -888.48   2313.89      0.00 0
4022 14.0      10_12_18_22_25_26_30_33_34_36_38_42_46_49_50_54_56_59_60_64_68_71_72_75_76_80_83_84_86_90_92_95_96_99_100_104_107_108_112_114_115_118_121_122_125_126_130_133_134_137_138_142_143_146_147_149_152_153_154_155_156_159_162_163_164_165_169_170_174_176_177_178_179_180_183_185_186_187_188_189_192_193_194_199_201_202_203_204_207_208_209_210_215_216_218_221_222_224_225_228_229_232_233_236_239_240_241_244_245_247_248_251_256_259_262_265_268_272_282  5.89e+09  5.27e+09  56534.23 -107499.41  14268.14    783.81     83.30    297.74   6169.05  -1899.89      0.00 0
4023 14.0      76_84_86_96_99_100_108_112_114_122_125_126_130_133_134_138_142_143_146_147_153_154_155_159_163_164_165_169_170_174_176_177_178_179_183_186_187_188_192_193_194_202_203_207_208_209_210_215_216_218_221_222_228_229_232_233_236_239_240_241_245_247_248_251_256_262_265_268_272_282  2.34e+09  2.15e+09  33920.50 -77053.73  13063.32    841.19     81.18    293.76   6488.42   -705.67      0.00 0
4024 14.0      0_1_3_4_6_7_10_12_14_15_18_19_22_25_26_27_30_31_34_36_38_39_42_43_46_49_50_51_54_56_57_60_61_64_65_68_71_72_76_81_84_86_96_99_100_114_126_133_134_143_165_170  6.61e+10  6.01e+10 -24462.02   4322.12   8869.89    830.57     70.35    169.98   2281.53    818.53      0.00 0
4025 14.0      172_181_182_190_191_196_198_200_205_206_211_213_214_217_219_220_223_226_227_230_231_234_235_237_238_242_243_244_246_249_250_252_253_254_255_256_257_258_259_260_261_263_264_266_267_269_270_271_272_273_274_275_276_277_278_279_280_281_283_284_285_286_287_288_289_290_291_292_293_294_295_296_297_298  3.02e+09  2.60e+09 -199000.39  36092.75  14000.60    789.32     86.04    169.72   -736.52 -10833.37      0.00 0
4026 14.0      27_30_36_39_42_43_46_56_61_64_65_68_77_80_81_84_87_90_92_101_104_105_108_109_112_115_118_119_122_127_135_138_150  1.45e+10  1.30e+10  24093.02   -803.46   8754.96    832.76     70.04    358.09   -388.81   2891.93      0.00 0
4027 14.0      92_101_104_109_112_115_118_127_130_139_142_149_156_159_166_169  4.27e+10  4.03e+10 -16995.59   -415.36   7346.28    884.65     66.63    181.40    119.36   4254.84      0.00 0
4028 14.0      8_9_13_16_20_21_28_29_32_33_35_40_41_44_45_48_52_53_55_58_59_62_63_66_67_74_75_78_79_82_83_88_89_91_94_95_98_99_102_103_106_107_110_111_116_117_120_121_124_125_128_129_132_133_136_137_140_141_145_146_148_151_152_154_157_158_161_162_164_167_168_172_173_175_176_178_181_182_184_185_187_190_191_193_196_197_198_199_200_202_203_205_206_209_211_212_213_214_215_217_218_219_220_221_223_224_226_227_228_229_230_231_232_233_234_235_237_238_239_241_242_243_244_245_246_247_248_249_250_251_252_253_254_255_256_257_258_259_260_261_262_263_264_265_266_267_268_269_270_271_272_273_274_275_276_277_278_279_280_281_282_283_284  3.31e+09  2.88e+09 -166598.48   3693.37  12558.92   1120.10     85.69    178.73   3834.46  -5628.51      0.00 0
4029 14.0      3_4_6_10_12_14_17_18_21_22_25_26_27_30_33_34_36_38_39_42_43_46_49_50_53_54_56_59_60_64_65_68_71_72_75_76_77_80_83_84_86_87_90_92_95_96_99_100_101_104_107_108_109_112_114_115_118_121_122_125_126_127_130_133_134_137_138_139_142_143_146_147_149_152_153_154_155_156_159_162_163_164_165_166_169_170_171_174_176_177_178_179_180_183_185_186_187_188_189_192_193_194_195_201_202_203_204_207_208_209_210_215_216_218_221_222_225_228_229_232_233_236_239_241_245_247_248_251_256_262_265_268_272_282  6.31e+10  5.54e+10  64674.49 -83018.23  14135.09    761.61     82.35    307.92   5951.41  -1771.53      0.00 0
4030 14.0      33_41_49_53_59_63_67_71_75_83_89_95_103_107_111_117_121_129_137_141_148_158_162_168_173_182_191_197_200_206_212_214_220_226_227_231_238_246_250_253_258_260_261_267_270_275_277_281_286_287_289_291_293_295_297_298  6.31e+10  5.81e+10   5334.94  38496.23  10486.35    827.26     74.90     82.11   1474.63  -7555.98      0.00 0
4031 14.0      110_128_140_161_167_172_196_198_211_223_234  2.75e+09  2.41e+09 -11930.97 -13623.83   8230.12    748.15     65.56    228.79  -3373.64  -5450.51      0.00 0
4032 14.0      212_214_220_224_235_238_243_244_255_256_259_264_268_271_272_282  8.13e+09  7.10e+09 -26621.54   7098.37   9535.23    773.32     70.91    165.07   6420.56  -7950.91      0.00 0
4033 14.0      110_116_117_128_136_140_145_148_151_157_158_161_167_168_172_173_175_181_182_184_190_191_196_197_198_200_205_206_211_212_213_214_217_219_220_223_224_226_227_230_231_234_235_237_238_241_242_243_244_246_249_250_252_253_254_255_256_257_258_259_260_261_263_264_266_267_268_269_270_271_272_273_274_275_276_277_278_279_280_281_282_283_284_285_286_287_288_289_290_291_292_293_294_295_296_297_298  1.41e+09  1.21e+09 193685.53 -67675.92  14238.82    748.67     86.03    340.74   3636.40 -10723.09      0.00 0
4034 14.0      20_28_35_40_41_44_45_52_55_58_62_63_66_67_74_78_79_82_88_89_91_94_98_102_103_106_107_110_111_116_117_120_121_124_128_129_132_136_137_140_141_145_148_151_152_157_158_161_162_167_168_172_173_175_176_181_182_184_185_190_191_196_197_198_199_200_202_203_206_211_212_214_217_218_220_223_224_228_233_235_241_244_245_248_251_256_259_262_265_268_272_282  1.05e+10  9.37e+09 -68629.02  15378.14  12743.24    799.70     79.73    167.37  -3283.25  -3494.36      0.00 0
4035 14.0      148_158_162_168_173_181_182_185_190_191_196_197_199_200_203_205_206_211_212_213_214_218_219_220_224_226_227_228_229_230_231_233_234_235_237_238_241_242_243_244_245_246_247_248_249_250_251_252_253_254_255_256_257_258_259_260_261_262_263_264_265_266_267_268_269_270_271_272_273_274_275_276_277_278_279_280_281_282_283_284_285_286_287_288_289_290_291_292_293_294_295_296_297_298  2.09e+10  1.87e+10 -170180.86 -43758.34  13520.65    919.09     85.60    194.42  -4285.49 -11185.26      0.00 0
4036 14.0      243_246_249_250_252_253_255_257_258_259_260_261_263_264_266_267_269_270_271_272_273_274_275_276_277_278_279_280_281_283_284_285_286_287_288_289_290_291_292_293_294_295_296_297_298  1.48e+09  1.30e+09 -67471.83  -8141.09  12510.00    820.25     79.57    186.88  -3754.97 -11133.42      0.00 0
4037 14.0      32_37_40_48_52_58_62_66_69_70_73_74_78_82_85_88_91_93_94_97_98_102_106_110_113_116_117_119_120_123_124_128_131_132_136_140_144_145_148_150_151_157_158_161_167_172_175_181_182_184_190_196_198_200_205_206_211_213_217_219_223_226_227_230_231_234_237_242_246_249_250_252_253_254_257_260_261_263_266_267_269_270_273_275_276_277_278_280_281_283_284_285_286_287_288_289_290_291_292_293_294_295_296_297_298  6.03e+10  5.36e+10 -79477.72 148598.77  14269.33    805.32     85.16    118.14  -3195.62  -7195.62      0.00 0
4038 14.0      0_1_2_3_4_5_6_7_8_9_10_11_12_13_14_15_16_17_18_19_20_21_22_23_24_25_26_27_28_29_30_31_32_33_34_35_36_37_38_39_40_41_42_43_44_45_47_48_49_50_51_52_53_54_55_57_58_59_60_61_62_63_66_67_69_70_71_72_73_74_75_76_78_79_81_82_83_84_85_86_88_89_91_93_94_95_96_97_98_99_100_102_103_106_107_110_111_113_114_116_117_120_121_123_124_125_126_128_129_131_132_133_134_136_137_140_141_143_145_146_148_151_152_154_157_158_161_162_164_165_167_168_170_172_173_175_176_178_181_182_184_185_187_190_191_193_194_196_197_198_199_200_202_203_205_206_208_209_211_212_213_214_215_217_218_219_220_221_222_223_224_227_228_229_231_232_233_234_235_236_238_239_241_243_244_245_247_248_251_255_256_259_262_265_268_272_282  4.27e+10  3.81e+10 176285.55 -12017.96  13751.04    878.36     85.55    356.10   2402.32  -3037.31      0.00 0
4039 14.0      121_125_137_141_146_152_162_173_176_185_197_199_212_220_224_235_238_243  6.61e+10  6.07e+10   3082.74  19844.55   8069.07    846.43     68.11     81.17   3595.26  -4721.90      0.00 0
4040 14.0      44_45_55_63_66_67_78_79_83_88_89_91_95_102_103_106_107_110_111_116_117_120_121_125_128_129_136_137_140_141_145_146_148_151_152_154_157_158_161_162_167_168_172_173_175_176_178_181_182_184_185_187_190_191_196_197_198_199_202_203_209_212_215_217_218_224_228_229_232_233_239_241_245_247_248_251_262_265  8.71e+09  7.65e+09 -58463.06  -1316.50  12195.36    785.55     78.22    181.29   5429.62  -4018.26      0.00 0
4041 14.0      47_51_57_61_65_69_70_73_81_85_87_93_97_98_101_105_109_113_115_119_123_124_127_131_132_135_139_144_145_149_150_156_160_166_171_175_180_183_189_195_201_204_207_225  2.04e+10  1.83e+10 -22895.54 -44000.67  11168.98    865.22     77.31    242.51  -2693.08   3837.86      0.00 0
4042 14.0      11_15_16_19_20_23_24_31_32_37_39_40_47_48_51_52_57_58_61_62_65_66_69_70_73_74_81_82_85_87_88_93_94_97_98_101_102_105_106_109_110_113_119_120_123_124_127_128_135_136_139_140_160_161_166_167_171_172_195  1.07e+10  9.81e+09     16.66 -31814.55   9653.87    848.49     73.12    270.03  -2386.00    489.02      0.00 0
4043 14.0      0_1_2_5_6_7_8_11_13_14_15_16_19_20_23_24_27_28_31_32_35_37_39_40_43_44_47_48_51_52_55_57_58_61_62_65_66_69_70_73_74_77_78_81_82_87_88_101_102_105_109_116_127  1.05e+10  9.67e+09  -2586.08  25067.73   9157.39    784.78     70.03     95.89  -1290.59    -90.59      0.00 0
4044 14.0      252_260_266_269_275_276_277_280_286_287_288_289_293_294_295_298  2.45e+09  2.18e+09 -13588.21  12277.89   7466.16    912.16     67.82    137.90   -176.40 -11022.18      0.00 0
4045 14.0      0_1_2_4_5_6_7_8_10_11_14_15_16_19_20_22_23_24_27_28_30_31_32_36_37_39_40_42_43_46_47_48_51_52_56_57_58_61_62_64_65_68_69_70_73_74_77_80_81_82_87_88_90_92_101_104_106_109_112_115_118_127_130_149_156_159_169_180_183_192_201_207_225  3.63e+09  3.18e+09  13662.58  39522.10  11134.46    759.34     75.09     70.93    328.31   4546.75      0.00 0
4046 14.0      7_10_14_18_19_22_27_30_34_36_39_42_43_46_50_51_54_56_57_60_61_64_65_68_76_77_80_81_84_87_90_92_93_96_100_101_104_105_108_109_119_126_127_135_139_144_150_160  6.61e+09  5.79e+09 -30842.36   8512.78  10482.51    704.32     71.86    164.57  -1094.67   2582.79      0.00 0
4047 14.0      0_1_2_4_6_7_10_11_12_14_15_18_19_22_23_24_26_27_30_31_34_36_37_39_42_43_46_47_50_51_54_56_57_60_61_64_65_68_69_70_73_76_81_84_85_93_97_113_131  1.91e+10  1.70e+10 -21657.42  -2234.26   8550.04    804.18     68.56    185.89   -819.53    937.76      0.00 0
4048 14.0      92_104_112_115_118_122_127_130_138_142_147_149_153_156_159_163_166_169_171_174_177_179_180_183_186_189_192_195_201_204_207_210_240  8.32e+09  7.30e+09 -43580.27   8494.83  11276.28    772.70     75.75    168.97   4718.68   4355.14      0.00 0
4049 14.0      5_8_9_13_16_20_28_29_32_35_40_44_48_52_58_62_66_74_82_88_94_106_120_124_145  1.10e+10  9.70e+09 -14025.57  -3913.37   6565.50    953.08     65.73    195.59  -2256.52  -1846.83      0.00 0
4050 14.0      81_87_93_97_101_105_109_113_115_118_119_123_127_131_135_139_144_149_150_156_159_160_166_171_180_183_189_192_195_201_204_207_225  2.34e+09  2.02e+09 -29741.99 -28902.63  11322.19    723.38     74.73    224.18  -2368.33   3995.74      0.00 0
4051 14.0      129_141_148_152_158_162_168_173_176_181_182_185_190_191_197_199_200_202_203_205_206_212_213_214_218_220_224_226_227_228_229_230_231_233_235_237_238_241_242_245_246_249_252_257_263_269_273  1.32e+10  1.17e+10 -32457.55 -16168.59  10638.04    754.56     73.65    206.48   1611.29  -6266.77      0.00 0
4052 14.0      3_9_12_17_18_21_22_25_26_29_33_34_38_41_49_50_53_54_59_60_64_71_72_75_76_84_86_96_100_108_122_126  1.51e+10  1.36e+10  10284.20  17061.78   8563.10    745.47     66.74     58.92   2217.19    824.72      0.00 0
4053 14.0      83_89_95_99_103_107_111_114_117_121_125_129_133_134_137_141_143_146_148_152_154_155_158_162_164_165_168_170_173_176_178_181_182_185_187_188_191_193_194_197_199_200_205_206_208_210_212_214_216_220_222_226_227_230_231_238_240_246_249_250_253_260_261_266_267_275_276_277_280_286_288_290_294_296  2.34e+10  2.09e+10  25221.45  40614.70  11442.57    790.66     76.54     58.16   2668.79  -4694.55      0.00 0
4054 14.0      3_4_6_7_10_12_14_17_18_21_22_25_26_27_30_33_34_36_38_39_42_43_46_49_50_53_54_56_59_60_63_64_65_68_71_72_75_76_77_80_83_84_86_87_90_92_95_96_99_100_101_104_107_108_109_112_114_115_118_121_122_125_126_127_130_133_134_137_138_139_142_143_146_149_152_154_156_159_162_166_169_176_178_180_183_185_189_192_195_201_202_203_204_207_218_225_233  1.58e+09  1.38e+09  27894.27 -47129.09  12351.95    722.16     77.29    300.62    636.34   3484.24      0.00 0
4055 14.0      96_100_108_112_122_126_130_138_142_153_159_163_169_174_192_207  2.00e+09  1.72e+09   7651.39 -22158.41   9333.54    709.23     68.29    289.05   2492.21   4033.79      0.00 0
4056 14.0      0_1_2_3_4_5_6_7_8_9_10_11_12_13_14_15_16_17_18_19_20_21_22_23_24_25_26_27_28_29_30_31_32_33_34_36_37_38_39_40_42_43_46_47_48_49_50_51_52_54_56_57_58_60_61_62_64_65_68_69_70_71_72_73_74_76_77_80_81_82_84_85_86_87_90_92_93_94_96_97_98_100_104_108_112_113_114_120_122_124_126_131_132_134_138_142_145_147_153_155_163_165_177_179_186_188_194_210_216_240  4.90e+09  4.43e+09 -52906.07 -22272.27  11887.60    827.89     78.30    202.83   3695.15   2429.56      0.00 0
4057 14.0      200_205_206_214_220_224_226_227_230_231_235_237_238_241_242_243_244_246_249_250_251_252_253_254_255_256_257_258_259_260_261_263_264_265_266_267_268_269_270_271_272_273_274_275_276_277_278_279_280_281_282_283_284_285_286_287_288_289_290_291_292_293_294_295_296_297_298  3.89e+09  3.32e+09 118837.02  21210.90  14501.26    747.14     83.15     10.12   4400.88  -9785.00      0.00 0
4058 14.0      0_1_2_3_4_5_6_7_8_9_10_11_12_13_14_15_16_17_18_20_21_22_23_24_25_26_28_29_30_31_32_33_34_35_37_38_40_41_42_44_45_47_48_49_50_52_53_54_55_58_59_60_62_63_64_66_67_69_70_71_72_74_75_76_78_79_82_83_84_85_86_88_89_91_94_95_96_98_99_100_102_103_106_107_110_114_120_122_124_126_128_132_133_134_136_140_143_145_147_151_155_161_165_170_172_175_179_184_188_194_198_210_216_217_223_240  2.88e+10  2.63e+10  51135.82  26111.24  11806.83    842.73     78.38     27.05  -2223.15  -2308.43      0.00 0
4059 14.0      122_138_142_147_153_155_163_165_169_174_177_179_186_188  6.61e+10  6.13e+10 -10804.78  18139.57   7919.29    915.86     69.44    120.78   3981.87   4339.49      0.00 0
4060 14.0      89_91_95_99_103_107_111_116_117_121_125_129_133_137_141_143_146_148_152_154_157_158_162_164_167_168_170_173_176_178_181_182_185_187_190_191_193_194_196_197_199_200_202_203_205_206_208_209_212_213_214_215_218_219_220_221_222_224_226_227_228_229_230_231_232_233_234_236_237_239_240_242_246_247_249_252_254_257_263_266_269_273_278_283_285  1.35e+09  1.18e+09 -50127.68 -35165.01  12580.27    748.89     78.39    215.05   3257.70  -4106.15      0.00 0
4061 14.0      260_261_266_269_273_275_276_277_280_281_283_286_287_288_289  1.41e+09  1.24e+09 -19764.97   4132.72   8880.67    698.75     66.26    168.19   -695.40 -10191.09      0.00 0
4062 14.0      214_220_231_238_250_253_258_261_267_270_275_277_287  1.12e+09  9.87e+08   8888.47  14114.66   7395.12    860.50     66.09     57.80   1592.41  -8745.33      0.00 0
4063 14.0      88_94_98_102_106_110_116_117_120_124_128_132_136_140_145_148_151_157_158_161_167_172_175_181_182_184_190_191_196_197_198_200_205_206_211_213_214_217_219_220_223_226_227_230_231_234_237_238_242_243_246_249_250_252_253_254_255_257_258_260_261_263_264_266_267_269_270_271_273_274_275_276_277_278_279_280_281_283_284_285_286_287_288_289_290_291_292_293_294_295_296_297_298  1.23e+09  1.08e+09 103522.97 -92560.23  14497.63    772.79     84.04    318.20   1163.32 -10243.18      0.00 0
4064 14.0      62_66_78_82_88_91_94_102_106_110_120_124_128_132_136_145_151_175  5.75e+10  5.17e+10  25511.59  -7435.95   9206.99    810.72     70.89    343.75  -4349.39  -2294.52      0.00 0
4065 14.0      0_1_2_3_4_6_7_10_11_12_14_15_18_19_22_23_24_25_26_27_30_31_34_36_37_38_39_42_43_46_47_50_51_54_56_57_60_61_64_65_68_69_70_71_72_73_76_77_80_81_84_85_86_87_90_92_93_96_97_100_101_104_105_108_109_112_113_114_115_118_119_122_123_126_127_130_131_134_135_138_139_142_143_144_147_150_153_155_163_165_170_177_179_186_188_194_208_210_216_222_240  2.82e+09  2.49e+09 -59601.66  -1061.16  12757.75    706.72     77.92    181.02   1155.60   1999.00      0.00 0
4066 14.0      19_27_36_39_42_43_46_51_56_57_61_64_65_68_77_80_81_87_90_92_93_101_104_105_108_109_112_115_118_119_123_127_131_135_139_144_150_160  3.24e+10  2.91e+10 -33154.71  -1673.74   9738.92    861.96     73.65    182.89  -3615.56   2739.94      0.00 0
4067 14.0      241_244_251_256_259_271_272_279  4.07e+10  3.69e+10  -1125.05 -21981.02   8466.40    828.05     68.96    267.07   5773.43  -9903.88      0.00 0
4068 14.0      157_167_181_182_190_196_200_205_206_213_226_227_230_231_246_249_250_253_260_261_267_270_275_277_281_284_289_291  5.62e+10  5.25e+10  14450.50 -20645.13   8765.70    862.03     70.82    304.99    343.24  -8300.20      0.00 0
4069 14.0      0_1_2_3_4_5_6_7_8_9_11_13_15_16_17_19_20_21_23_24_28_29_31_32_33_35_37_40_41_44_45_47_48_51_52_53_55_57_58_59_62_63_66_67_69_70_73_74_78_79_81_82_83_85_88_89_91_93_94_97_98_102_103_106_107_110_111_113_116_117_119_123_128_129_137_141_144_148_152_157_158_162_168_173_181_182_185_191_197_199_206_212_214_218_220_224_231_235_238_241_243_244_251_253_255_256_258_259_264_268_270_271_272_274_279_284  1.58e+10  1.42e+10  46406.72 -56375.98  12927.86    789.36     79.96    309.46   5697.78  -9477.15      0.00 0
4070 14.0      133_134_143_146_154_155_164_165_170_176_177_178_179_185_187_188_193_194_202_203_208_209_210_215_216_218_221_222_228_229_232_233_236_239_240_241_245_248_251_256  2.09e+10  1.88e+10   1582.16  37282.51  10686.11    764.38     74.02     87.57   6234.62   -412.67      0.00 0
4071 14.0      197_199_203_206_212_214_218_220_224_227_228_231_233_235_238_241_243_244_246_248_250_251_253_255_258_260_261  1.51e+09  1.33e+09 -23215.00 -14607.95   9729.14    736.39     70.47    212.18   2909.37  -7102.95      0.00 0
4072 14.0      266_269_273_275_276_277_278_280_283_285_286_287_288_289_290_291_292_293_294_295_296_297_298  5.25e+10  4.81e+10 -32511.36   5423.04   9825.97    839.57     73.40    170.53  -3160.98 -10891.50      0.00 0
4073 14.0      1_6_7_10_11_14_15_18_19_22_23_24_27_30_31_34_36_37_39_42_43_46_47_51_54_56_57_60_61_64_65_68_69_70_73_77_80_81_84_85_87_90_92_93_96_97_101_104_105_108_112_113_118_119_122_123_130_131_138_142_147_153_163_177_186  1.86e+10  1.65e+10  35390.93  13309.62  10777.85    756.96     74.09     20.61   -100.30   2155.89      0.00 0
4074 14.0      114_125_133_134_143_146_154_155_164_165_170_176_178_185_187_193_202_203_209_215_218_228_229_232_233_241_244_245_248_251_256_259_262_265_268_272_282  6.17e+09  5.43e+09  -8109.47  32695.41   9729.37    874.59     73.89    103.93   6170.65  -4252.67      0.00 0
4075 14.0      0_1_2_3_4_5_6_7_8_9_10_11_12_13_14_15_17_18_19_21_22_25_26_27_29_30_31_33_34_35_36_38_39_41_42_43_45_46_49_50_51_53_54_56_57_59_60_61_63_64_65_67_68_71_72_75_76_77_80_81_83_84_86_87_89_90_92_95_99_100_101_104_105_107_109_111_114_115_118_121_125_127_133_135_137_139_141_146_149_152_154_156_160_162_166_171_173_176_178_185_189_195_199_202_203_212_218_224_228_233_241_244_248_251_256_259_265_268_272_282  8.32e+10  7.64e+10 -24302.34  33168.48   9720.06   1034.90     76.70    126.23   1859.56   -551.49      0.00 0
4076 14.0      0_2_3_5_8_9_12_13_16_17_20_21_25_26_28_29_32_33_35_38_40_41_44_45_49_50_52_53_55_58_59_62_63_66_67_71_72_74_75_78_79_82_83_86_88_89_91_94_95_99_100_102_103_106_107_110_111_114_116_117_120_121_124_125_128_129_133_134_136_137_140_141_143_145_146_148_151_152_154_157_158_161_162_164_165_167_168_170_172_175_176_178_181_184_185_187_188_190_193_194_196_198_202_208_209_211_215_216_217_219_221_222_223_229_232_234_236_239_240  5.25e+09  4.64e+09 -68748.45 -23189.85  12610.55    840.30     80.14    198.64   1086.34  -2731.67      0.00 0
4077 14.0      141_148_158_162_168_173_176_181_182_185_190_191_196_197_199_200_202_203_205_206_212_213_214_218_219_220_224_226_227_228_229_230_231_232_233_234_235_237_238_241_242_243_244_245_246_247_248_249_250_251_252_253_254_255_256_257_258_259_260_261_262_263_264_265_266_267_268_269_270_271_272_273_274_275_276_277_278_279_280_281_282_283_284_285_286_287_288_289_290_291_292_293_294_295_296_297_298  1.86e+09  1.67e+09 130273.35  46106.61  13452.42    947.17     84.44     19.49  -2420.08 -10383.03      0.00 0
4078 14.0      0_1_2_3_4_5_6_7_8_9_10_11_12_13_14_15_16_17_18_19_20_21_22_23_24_25_26_27_28_29_30_31_32_33_34_35_36_37_38_39_40_41_42_43_44_45_46_47_48_49_50_51_52_53_54_55_56_57_58_59_60_61_62_63_64_65_66_67_68_69_70_71_72_73_74_75_76_77_78_79_80_81_82_83_84_85_86_87_88_89_90_91_92_93_95_96_99_100_101_102_103_104_105_106_107_108_109_110_111_112_114_115_116_117_118_119_121_122_125_126_127_128_129_130_133_134_135_137_138_139_141_142_143_146_147_148_149_152_153_154_155_156_157_158_159_160_162_163_164_165_166_168_169_170_171_173_174_176_177_178_179_180_181_182_183_185_186_187_188_189_190_191_192_193_194_195_197_199_200_201_202_203_204_205_206_207_208_209_210_212_214_215_216_218_220_221_224_225_226_227_228_229_231_232_233_235_238_239_241_243_244_245_246_247_248_249_250_251_253_255_256_258_259_260_261_262_264_265_267_268_270_271_272_274_275_277_279_281_282_284_287_289_291_293_295_298  9.12e+10  8.20e+10  48390.09 -196417.08  13648.87    842.36     86.14    283.84   2132.53    374.38      0.00 0
4079 14.0      0_1_2_3_4_5_6_7_8_9_10_11_12_13_14_15_16_17_18_19_20_21_22_23_24_25_26_27_28_29_30_31_32_33_34_35_36_37_38_39_40_41_42_43_44_45_46_47_48_49_50_51_52_53_54_55_56_57_58_59_60_61_62_63_64_65_66_67_68_69_70_71_72_73_74_75_76_77_78_79_80_81_82_83_84_85_86_87_88_89_90_91_92_93_94_96_97_98_100_101_102_103_104_105_106_108_109_110_111_112_113_115_116_117_118_119_120_122_123_124_127_128_129_130_131_132_135_136_138_139_140_142_144_145_148_149_150_151_153_156_157_158_159_160_161_163_166_167_169_171_172_174_175_180_181_182_183_184_186_189_190_192_195_196_198_200_201_204_205_207_211_213_217_219_223_225_226_230_234_237_242_246_249_252_254_257_260_263_266_269_273_276_278_280_283_285_288_290_292_296  8.32e+09  7.34e+09 -51242.46 -138081.80  13870.50    877.52     84.62    249.64  -2058.07  -1837.40      0.00 0
4080 14.0      246_250_253_258_261_264_267_270_271_274_279_281_284  1.02e+10  9.26e+09  19666.11  -2721.90   8146.59    822.59     67.69    352.12   2815.77  -9286.00      0.00 0
4081 14.0      133_143_146_152_154_162_164_165_170_173_176_178_185_187_188_193_194_197_199_202_203_208_209_210_212_215_216_218_220_221_222_224_228_229_232_233_235_236_238_239_240_241_243_244_245_247_248_251_253_255_256_258_259_262_264_265_267_268_270_271_272_274_277_279_281_282_284_289_291_295_298  3.02e+09  2.58e+09  30581.25  88764.08  13846.89    762.46     81.61     70.99   5190.57  -8280.37      0.00 0
4082 14.0      0_1_2_3_4_5_6_7_8_9_10_11_12_13_14_15_16_17_18_19_20_21_22_23_24_25_26_27_28_29_30_31_32_33_34_35_36_37_38_39_40_41_42_43_44_45_46_47_48_49_50_51_52_53_54_55_56_57_58_59_61_62_63_65_66_67_68_69_70_73_74_75_77_78_79_80_81_82_83_85_87_88_89_91_92_93_94_97_98_101_102_103_105_106_107_109_110_111_113_115_116_117_119_123_127_128_129_131_135_137_139_140_141_144_148_149_150_156_157_158_160_162_166_167_168_171_173_180_181_182_189_190_191_195_197_199_200_204_205_206_212_214_220_224_226_227_231_235_238_243_246_250_253_255_258_261_264_267_270_271_274_275_277_279_281_284_287_289_291_295  8.51e+10  7.67e+10 -29222.41  74528.52  13195.24    793.19     80.64    111.41     89.64  -2821.90      0.00 0
4083 14.0      0_1_2_3_4_5_6_7_8_9_10_11_12_13_14_15_16_17_18_19_20_21_22_23_24_25_26_27_28_29_30_31_32_33_34_35_36_37_38_39_40_41_42_43_44_45_46_47_48_49_50_51_52_53_54_55_56_57_58_59_60_61_62_63_64_65_66_67_68_69_70_71_72_73_74_75_76_77_78_79_80_81_82_83_84_85_86_87_88_89_90_91_92_93_94_95_96_97_98_99_100_101_102_103_104_105_106_107_108_109_110_111_112_113_114_115_116_117_118_119_120_121_122_123_124_125_126_127_128_129_130_131_132_133_134_135_136_137_138_139_140_141_142_143_144_146_147_148_149_150_152_153_154_155_156_157_158_159_160_162_163_164_165_166_167_168_169_170_171_173_174_176_177_178_179_180_181_182_183_185_187_188_189_190_191_192_193_194_195_197_199_200_201_202_203_204_205_206_207_208_209_212_214_215_218_220_221_224_225_226_227_228_229_231_232_233_235_238_239_241_243_244_245_247_248_250_251_253_255_256_258_259_262_264_265_267_268_270_271_272_274_279_281_282_284_291  8.13e+09  7.45e+09 113866.05 -182152.98  13891.42    772.65     86.30    302.01   6479.68  -8863.56      0.00 0
4084 14.0      190_205_213_219_230_237_242_252_257_263_269_273_278_283_285_292  1.17e+10  1.09e+10 -12761.09 -21742.05   8680.62    880.31     71.00    239.59  -3801.72 -10208.44      0.00 0
4085 14.0      116_117_128_129_140_148_157_158_161_167_168_172_181_182_184_190_191_196_198_205_211_213_217_219_223_234_254  1.74e+09  1.59e+09  32507.01   5055.59   9657.40    871.97     73.64      8.84  -3856.78  -5864.13      0.00 0
4086 14.0      57_61_65_73_81_87_93_97_101_105_109_113_115_119_123_127_131_135  3.80e+09  3.41e+09 -13732.51 -15402.20   8712.38    740.10     67.11    228.28  -2553.40   2241.71      0.00 0
4087 14.0      0_1_2_3_4_5_6_7_8_9_10_11_12_13_14_15_16_17_18_19_20_21_22_23_24_25_26_27_28_29_30_31_32_33_34_35_36_37_38_39_40_41_42_43_44_45_46_47_48_49_50_51_52_53_54_55_56_57_58_59_60_61_62_63_64_65_66_67_68_69_70_71_72_73_74_75_76_77_78_79_80_81_82_83_84_85_86_87_88_89_90_91_92_94_95_96_98_99_100_101_102_103_104_106_107_108_110_111_112_114_115_116_117_118_120_121_122_124_125_126_128_129_130_133_134_136_137_138_140_141_142_143_145_146_147_148_149_151_152_153_154_155_157_158_159_161_162_163_164_165_167_168_169_170_172_173_174_175_176_177_178_179_181_182_183_184_185_186_187_188_190_191_192_193_194_196_197_198_199_200_202_203_205_206_207_208_209_210_211_212_213_214_215_216_217_218_219_220_221_222_223_224_226_227_230_231_234_235_236_237_238_240_242_243_246_249_250_252_253_254_257_258_260_261_263_266_267_269_270_273_275_276_277_278_280_281_283_285_286_287_288_289_290_292_293_294_295_296_297_298  2.19e+10  1.94e+10 -91050.28 -167554.27  13368.14    916.77     85.99    241.48   4926.79   4677.57      0.00 0
4088 14.0      198_211_217_219_223_230_234_237_242_249_252_254_257_260_263_266_269_273_275_276_278_280_283_285_286_287_288_290_292_293_294_295_296_297_298  6.76e+09  6.02e+09  23708.76 -34978.23  10810.24    823.62     75.65    304.13  -2106.18 -10497.29      0.00 0
4089 14.0      0_1_2_3_4_5_6_7_8_9_10_11_12_13_14_15_16_17_18_19_20_21_22_23_24_25_26_27_28_29_30_31_32_33_34_35_36_37_38_40_41_42_43_44_45_46_48_49_50_52_53_54_55_56_58_59_60_62_63_64_66_67_68_71_72_74_75_76_78_79_80_82_83_84_86_88_89_90_91_94_95_96_99_100_102_103_104_106_107_108_110_111_112_114_116_117_120_122_126_128_129_130_134_136_138_140_142_147_148_151_153_155_157_158_161_163_167_169_172_174_177_179_181_182_184_186_190_196_198_200_205_211_213_217_219_223_226_230_234_237_242_249_252_254_257_263_266_269_273_278_280_283_285_290_292  9.12e+09  8.20e+09 -45355.84 -71331.70  12693.47    910.83     81.46    237.55  -4379.63  -8964.36      0.00 0
4090 14.0      6_7_10_14_19_22_27_30_36_39_42_43_46_56_64_68_77_80_90_92_104_112_118_130_138_142_159_163_169_174_192  3.89e+09  3.40e+09 -13475.34 -20312.78   8588.96    875.13     70.59    236.44   1783.63   4412.87      0.00 0
4091 14.0      182_191_197_199_200_205_206_212_214_218_220_224_226_227_230_231_233_235_237_238_241_243_244_246_248_249_250_251_252_253_255_256_257_258_259_260_261_263_264_265_266_267_268_269_273  1.32e+09  1.15e+09  34186.48  10530.20  10582.42    755.54     73.52     17.12   1931.67  -7518.93      0.00 0
4092 14.0      86_95_99_100_107_114_121_122_125_126_133_134_137_141_143_146_147_152_153_154_155_162_164_165_168_170_173_176_177_178_179_185_186_187_188_193_194_197_199_202_203_208_209_210_212_214_215_216_218_220_221_224_228_229_231_232_233_235_238_241_243_244_248_251_253_255_256_258_259_264_267_268_270_271_272_274_279_281_284_289_291  1.74e+10  1.55e+10  -6735.56 -68818.18  12354.32    858.31     79.87    264.41   4232.66  -9625.19      0.00 0
4093 14.0      36_39_42_43_46_56_61_64_65_68_77_80_81_84_87_90_92_96_101_104_105_108_109_112_115_118_119_122_127_130_135_138_142_147_149_153_159_163_169_174_177_179_186_210  1.15e+10  1.04e+10  49825.25   9198.59  11865.24    754.84     76.82     10.46   5829.14   4441.34      0.00 0
4094 14.0      44_45_55_62_66_67_78_79_88_89_91_102_103_106_107_110_111_116_117_120_121_128_129_136_137_140_141_145_146_148_151_152_157_158_161_162_167_168_172_173_175_176_178_181_182_184_185_190_191_196_197_198_199_200_202_203_205_206_209_211_212_213_214_217_218_219_220_223_224_226_227_228_229_230_231_233_234_235_237_238_241_243_244_245_247_248_251_255_256_258_259_262_264_265_268_271_272_282  4.17e+10  3.73e+10  85063.55  -9285.93  13048.03    852.13     81.33    353.77   5103.25  -5666.20      0.00 0
4095 14.0      96_108_112_122_130_138_142_159_169_174_183_192_207  1.45e+09  1.27e+09  -6847.91  18452.91   8281.88    790.17     67.18    110.36   1798.78   4909.16      0.00 0
4096 14.0      181_190_196_200_205_206_211_213_214_219_220_223_226_227_230_231_234_235_237_238_242_243_244_246_249_250_252_253_254_255_256_257_258_259_260_261_263_264_266_267_269_270_271_272_273_274_275_276_277_278_279_280_281_283_284_285_286_287_288_289_290_291_292_293_294_295_296_297_298  5.01e+09  4.40e+09 -122747.34  17010.77  14535.37    748.14     83.31    172.11   3962.24 -10486.65      0.00 0
4097 14.0      116_117_128_129_140_141_148_157_158_161_162_167_168_172_173_181_182_184_190_191_196_197_198_199_200_205_206_211_212_213_214_217_218_219_220_223_224_226_227_230_231_233_234_235_237_238_241_242_243_244_246_248_249_250_251_252_253_254_255_256_257_258_259_260_261_262_263_264_265_266_267_268_269_270_271_272_273_274_275_276_277_278_279_280_281_282_283_284_285_286_287_288_289_290_291_292_293_294_295_296_297_298  6.46e+09  5.64e+09 156454.97  -6639.47  14416.70    789.72     84.74    357.57   3000.33  -8737.65      0.00 0
4098 14.0      1_7_11_14_15_19_23_24_27_30_31_36_37_39_43_46_47_48_51_56_57_58_61_65_68_69_70_73_74_77_80_81_85_87_90_92_93_94_97_98_101_104_105_109_112_113_115_118_119_120_123_124_127_130_131_132_135_139_142_144_145_149_150_151_156_159_160_166_169_171_174_175_180_183_189_192_195_201_204_207_225  2.45e+10  2.23e+10 -65454.61 -71406.16  13630.96    809.97     81.99    227.49  -4288.25   1183.80      0.00 0
4099 14.0      24_32_37_47_48_52_57_58_62_69_70_73_74_81_82_85_88_93_94_97_98_105_106_110_113_119_120_123_124_128_131_132_135_136_139_140_144_145_150_151_157_160_161_167_171_172_175_184_190_196_198_205_211_213_217_219_223_230_234_237_242_252_257_266_269  9.55e+10  8.57e+10 -11375.31  56619.23  12169.96    782.37     78.10    101.36  -4343.70   1585.23      0.00 0
