#event_number primary_type du_ids energy_primary em_energy Xmax_pos(x, y, z), Xmax_grams zenith azimuth shower_core_pos_x shower_core_pos_y shower_core_pos_z, N_tested_cores, units are degrees, GeV and meters
2600 14.0      250_253_267_270_274_279_281_284_291  2.24e+09  1.99e+09 -18876.79  11499.84   8831.95    760.83     68.22    148.65   3994.18 -10647.68      0.00 0
2601 14.0      25_26_33_34_38_41_49_50_53_59_60_63_67_71_72_75_76_83_84_86_89_95_96_99_100_103_107_108_111_114_121_122_125_126_129_133_134_137_138_141_143_146_147_152_153_154_155_158_162_163_164_168_173_176_178_182_185_186_191_197_199_203_206_212_214_218_220_224_227_231_235_238_241_243_244_250_253_255_258_259_261_264_267_270_271_274_277_279_281_284_287_289_291_295_298  1.74e+09  1.49e+09   3453.67  66791.98  13000.39    730.98     79.00     87.04   2998.57  -8469.64      0.00 0
2602 14.0      64_68_80_84_90_96_104_108_112_122_126_138_147_153_155_177_179_188  5.75e+10  5.53e+10 -16056.46   1537.58   6870.01    957.02     66.93    174.53   3231.87   2637.79      0.00 0
2603 14.0      122_126_134_138_142_143_147_153_155_163_164_165_170_174_177_179_186_187_188_193_194_208_209_210_215_216_221_222_232  1.07e+09  9.25e+08 -13950.45  37652.38  11438.07    686.60     74.10    110.33   4723.11   3622.51      0.00 0
2604 14.0      0_1_2_3_4_5_6_7_8_9_10_11_12_13_14_15_16_17_18_19_20_21_22_23_24_27_28_29_30_31_32_34_35_36_37_39_40_41_42_43_44_45_46_47_48_51_52_54_55_56_57_58_61_62_64_65_66_68_69_70_73_74_77_78_79_80_81_82_85_87_88_90_91_92_93_94_97_98_101_102_104_105_106_109_110_112_113_115_116_118_119_120_123_124_127_128_130_131_132_135_136_139_140_144_145_148_149_150_151_156_157_159_160_161_166_167_169_171_172_175_180_181_183_184_189_190_192_195_196_198_201_204_205_207_211_213_217_219_223_225_226_230_234_237_242_249_252_254_257_263_266_269_273_276_278_280_283_285_288_290_292_296  2.09e+10  1.91e+10 -20820.82 -93146.99  13431.00    837.24     81.99    257.40  -3186.28  -5123.25      0.00 0
2605 14.0      0_1_2_3_4_5_6_7_8_9_10_11_12_13_14_15_16_17_18_19_20_21_22_23_24_25_26_27_28_29_30_31_33_34_35_36_37_38_39_41_42_43_45_46_47_49_50_51_53_54_56_57_59_60_61_63_64_65_67_68_69_71_72_73_75_76_77_79_80_81_83_84_86_87_89_90_92_93_95_96_99_100_101_104_105_107_108_109_111_112_114_115_118_119_121_122_123_125_126_127_130_133_134_135_137_138_139_141_142_143_144_146_147_149_150_152_153_154_155_156_159_160_162_163_164_165_166_169_170_171_174_176_177_178_179_180_183_185_186_187_188_189_192_193_194_195_199_201_202_203_204_207_208_209_210_215_216_218_221_222_224_225_228_229_232_233_236_239_240_241_244_245_247_248_251_256_262_265_268_272_282  2.04e+10  1.84e+10 -160752.16 151220.53  13228.03    853.45     86.57    136.75    847.06   4483.81      0.00 0
2606 14.0      39_43_51_56_57_61_65_73_77_80_81_87_92_93_97_101_104_105_109_113_115_118_119_123_127_130_135_139_149_156_159_166_169_180_183_192_201_207  1.70e+09  1.45e+09  26991.10  28612.22  11219.49    708.52     74.08     46.67    336.51   5117.51      0.00 0
2607 14.0      16_20_24_28_32_35_37_40_44_45_48_52_55_58_62_66_67_69_70_74_78_79_82_85_88_91_94_97_98_102_103_106_110_111_113_116_117_120_123_124_128_129_131_132_136_140_141_145_148_151_157_158_161_167_168_172_173_175_181_182_184_190_191_196_197_198_199_200_205_206_211_212_213_214_217_219_220_223_224_226_227_230_231_235_237_238_243_244_246_249_250_252_253_255_258_259_260_261_264_267_270_271_272_274_275_277_279_281_284_289_291  2.14e+09  1.86e+09  72820.35 -67314.44  14113.51    743.43     81.90    317.25    404.51  -6286.99      0.00 0
2608 14.0      62_66_78_82_88_91_94_102_103_106_110_111_116_117_120_124_128_129_132_136_140_141_145_148_151_157_158_161_162_167_168_172_173_175_181_182_184_190_191_196_197_198_199_200_205_206_211_212_213_214_217_218_219_220_223_224_226_227_230_231_234_235_237_238_241_242_243_244_246_249_250_251_252_253_255_256_258_259_260_261_264_265_267_268_270_271_272_274_277_279_281_282_284_291  1.32e+09  1.15e+09  89982.69 -44491.77  13964.77    770.73     82.08    333.69   5263.94  -8728.33      0.00 0
2609 14.0      0_1_2_3_4_5_6_7_8_9_10_11_12_13_14_15_16_17_18_19_20_21_22_23_24_25_26_27_28_29_30_31_32_33_34_35_36_37_38_39_40_42_43_44_46_47_48_49_50_52_54_56_58_60_62_64_66_68_69_70_71_72_74_76_80_82_84_85_88_90_94_96_98_100_106_108_112_120_122_124_126_138_145_147_153_177_179_186  9.33e+10  8.44e+10 -28241.38 -18685.47  10095.08    806.84     73.40    213.49    549.50    601.90      0.00 0
2610 14.0      53_59_63_83_89_95_107_111_121_137_141_152_162_173_185_199_212_224_235_244  3.39e+09  2.94e+09  -9535.72  19516.54   8820.20    752.13     67.90    116.04   3111.60  -4137.65      0.00 0
2611 14.0      0_1_2_6_7_8_10_11_14_15_16_19_20_23_24_27_30_31_32_36_37_39_40_42_43_46_47_48_51_52_56_57_58_61_62_65_68_69_70_73_74_77_80_81_82_85_87_88_90_92_93_94_97_98_101_104_105_106_109_110_112_113_115_118_119_120_124_127_130_132_135_136_139_145_149_151_156_159_161_166_169_175_180_183_184_189_192_198_201_204_207_217_223_225  1.23e+10  1.11e+10  22958.05  44614.05  11537.60    804.73     77.05     62.77   -990.19   2484.39      0.00 0
2612 14.0      196_213_219_237_242_252_257_269_273_283  5.75e+09  5.05e+09   2684.70  16817.54   7934.21    765.63     65.02     80.93  -2725.89  -8603.96      0.00 0
2613 14.0      0_1_2_3_4_5_6_7_8_9_10_11_12_13_14_15_16_17_18_19_20_21_22_23_24_25_26_27_28_29_30_31_32_33_34_35_36_37_38_39_40_41_42_43_44_45_46_47_48_49_50_51_52_53_54_55_56_57_58_59_60_61_62_63_64_65_66_67_68_71_72_75_76_77_78_79_80_81_82_83_84_86_87_88_89_90_91_92_95_96_99_100_101_102_103_104_107_108_109_111_112_114_115_116_117_118_121_122_125_126_127_128_129_130_133_137_138_141_142_146_148_149_152_156_157_158_159_162_163_166_168_169_173_174_176_180_181_182_183_185_189_190_191_192_197_199_200_201_204_205_206_207_212_214_218_220_224_225_226_227_231_235_238_243_244_246_249_250_253_255_258_259_260_261_264_267_270_271_274_275_276_277_279_281_284_286_287_289_291_293_295_297_298  1.07e+10  9.65e+09  13629.37 -102283.50  13933.17    785.99     82.31    277.59   2329.38  -9069.95      0.00 0
2614 14.0      120_124_136_140_145_151_161_167_172_175_184_190_196_198_205_211_213_217_219_223_226_230_234_237_242_246_249_250_252_254_257_260_261_263_266_267_269_273_275_276_277_278_280_281_283_285_286_287_288_289_290_291_292_293_294_295_296_297_298  3.16e+09  2.75e+09  57933.16 -82553.01  13797.16    799.09     82.21    305.06  -2483.38  -9610.11      0.00 0
2615 14.0      0_1_2_3_4_5_6_7_8_9_10_11_12_13_14_16_17_18_20_21_22_24_25_26_28_29_30_32_33_34_35_38_40_41_42_44_45_50_52_54_55_58_60_62_64_66_78_79_82_84_88_102_106_110_128_136_140_161_167_172  8.32e+09  7.37e+09  15887.54  22715.06   9458.20    791.47     71.16     55.03   -671.83  -1666.67      0.00 0
2616 14.0      0_1_2_3_4_5_6_7_8_9_10_11_12_13_14_15_16_17_18_19_20_21_22_23_24_25_26_27_28_29_30_31_32_33_34_35_36_37_38_39_40_41_42_43_44_45_46_47_48_49_50_51_52_53_54_55_56_57_58_59_60_61_62_63_64_65_66_68_69_70_71_72_73_74_75_76_77_80_81_82_83_84_85_86_87_88_90_92_93_94_95_96_97_98_99_100_101_104_105_106_108_109_112_113_114_115_118_119_120_122_123_124_125_126_127_130_131_132_133_134_135_138_139_142_143_144_145_147_149_150_153_155_156_159_160_163_164_165_166_169_170_171_174_177_179_180_183_186_188_192_193_194_208_210_216_221_222_236_240  1.07e+10  9.49e+09 142263.09  23245.48  14388.06    792.74     84.30      9.28   3453.36   2463.66      0.00 0
2617 14.0      1_6_7_10_11_14_15_19_22_23_24_27_30_31_36_37_39_42_43_46_47_48_51_54_56_57_61_64_65_68_69_70_73_74_77_80_81_84_85_87_90_92_93_97_98_101_104_105_108_109_112_113_115_118_119_122_123_124_127_130_131_132_135_138_139_142_144_149_150_153_156_159_160_163_166_169_171_174_177_180_183_186_189_192_195_201_204_207_225  5.37e+10  4.81e+10 -88212.11 -47696.11  13487.25    848.60     82.34    208.40   1296.45   4980.92      0.00 0
2618 14.0      0_1_3_4_5_6_7_9_10_12_13_14_17_18_21_22_25_26_27_29_30_33_34_35_36_38_41_42_43_45_46_49_50_53_54_56_59_60_63_64_65_67_68_71_72_75_76_77_79_80_83_84_86_89_90_92_95_96_99_100_101_103_104_107_108_111_112_115_118_121_122_129_130_137_138_141_142_149_156_159_162_168_169_173_174_180_183_189_192_197_201_204_207_225  2.82e+09  2.43e+09  -8150.52  52710.01  12294.08    716.28     77.02     98.79   1078.71   3754.52      0.00 0
2619 14.0      158_162_168_173_181_182_185_191_197_199_200_202_203_205_206_212_213_214_218_220_224_226_227_228_229_230_231_233_235_237_238_241_243_244_245_246_247_248_249_250_251_252_253_255_256_257_258_259_262_265_268_282  7.24e+09  6.31e+09 -40479.79 -13363.90  10699.68    850.56     75.91    198.27   5313.35  -5804.31      0.00 0
2620 14.0      243_244_253_255_256_258_259_261_264_265_267_268_270_271_272_274_275_277_279_281_282_284_286_287_288_289_291_293_294_295_296_297_298  1.10e+10  9.86e+09 -30411.40 -17628.88   9754.99    900.94     74.49    210.10   3304.79  -9895.69      0.00 0
2621 14.0      53_59_63_83_95_107_121_125_137_146_152_154_176_178_185_202_203_209_228_229_232_233_245_247_248_262  6.17e+09  5.36e+09  27960.63 -11581.68   9956.27    758.39     71.79    337.50   6298.82  -3633.31      0.00 0
2622 14.0      0_1_2_3_4_5_6_7_8_9_10_11_12_13_14_15_16_17_18_19_20_21_22_23_24_25_26_27_28_29_30_31_32_33_34_35_36_37_38_39_40_41_42_43_44_45_46_47_48_49_50_51_52_53_54_55_56_57_58_59_60_61_63_64_65_67_68_69_70_71_72_73_74_75_76_77_79_80_81_83_84_85_86_87_89_90_92_93_95_96_97_99_100_101_104_105_107_108_109_111_112_113_114_115_118_119_121_122_123_125_126_127_130_131_133_134_135_137_138_139_141_142_143_144_146_147_149_150_152_154_155_156_159_160_162_164_165_166_170_171_176_178_180_185_187_188_189_193_194_195_199_202_203_208_209_215_218_221_228_229_232_233_236_239_241_245_247_248_251_262_265_268_282  3.39e+10  3.07e+10 -87241.14  60634.18  13515.78    866.42     82.75    145.20  -1537.73   2755.93      0.00 0
2623 14.0      213_219_230_237_249_252_257_260_266_269_275_276_280_286_287_288_293_294  4.27e+09  3.86e+09  11369.45 -19788.06   9072.65    737.67     68.32    299.88  -1164.44  -9577.48      0.00 0
2624 14.0      76_86_96_99_100_108_112_114_122_125_126_133_134_138_142_143_146_147_153_154_155_163_164_165_169_170_174_176_177_178_179_186_187_188_192_193_194_202_203_208_209_215_218_221_228_229_232_233_239_241_245_247_248_251_256_262_265_268_282  1.26e+09  1.09e+09  17002.32 -45257.92  11857.08    728.41     76.22    290.59   5290.16   -528.53      0.00 0
2625 14.0      71_72_75_76_86_96_99_100_114_122_126_134_147_153_155_177_179_186_188_210  3.80e+09  3.46e+09  13209.61  20798.97   9266.18    750.68     69.39     57.58   4680.89   2317.54      0.00 0
2626 14.0      91_102_116_117_129_148_158_168_182_191_197_206_214_220_231_238_243_258  1.78e+10  1.60e+10  14349.50 -15897.63   8526.77    797.78     68.29    312.07   1421.41  -6017.85      0.00 0
2627 14.0      0_1_2_3_4_5_6_7_8_9_10_11_12_13_14_15_16_17_18_19_21_22_23_24_25_26_27_29_30_31_33_34_36_38_39_41_42_43_45_46_47_49_50_51_53_54_56_57_59_61_63_65_67_68_73_75_77_80_81_83_87_89_92_93_101_105_107_109_115_119_127_135_139_150_156_160_166_171_189_195  5.89e+10  5.22e+10  26540.60 -34277.66  10953.54    814.39     75.82    307.75  -2676.10   4171.75      0.00 0
2628 14.0      226_227_230_231_237_242_246_249_250_252_253_254_257_258_260_261_263_264_266_267_269_270_271_273_274_275_276_277_278_279_280_281_283_284_285_286_287_288_289_290_291_292_293_294_295_296  3.47e+10  3.17e+10  56809.29   2063.25  11875.91    823.82     78.20      2.08  -3156.85 -10264.74      0.00 0
2629 14.0      25_26_38_49_50_59_71_72_75_86_95_99_121_125_133_146_154_176_178  5.01e+10  4.66e+10  11412.71 -11199.59   7293.82    853.13     65.48    315.54   3470.02  -1425.33      0.00 0
2630 14.0      88_94_102_106_110_116_117_120_124_128_132_136_140_145_148_151_157_158_161_167_168_172_175_181_182_184_190_191_196_197_198_200_205_206_211_212_213_214_217_219_220_223_226_227_230_231_234_235_237_238_243_246_249_250_252_253_255_258_259_260_261_264_267_270_271_274_275_277_279_281_284_289_291  2.14e+09  1.89e+09 -53782.24  41943.76  11572.61   1006.10     80.37    142.05   4846.52 -10699.26      0.00 0
2631 14.0      205_213_219_223_226_227_230_231_234_237_238_242_246_249_250_252_253_254_257_258_260_261_263_264_266_267_269_270_271_273_274_275_276_277_278_279_280_281_283_284_285_286_287_288_289_290_291_292_293_294_295_296_297_298  1.23e+09  1.10e+09 -86588.56  20420.80  13470.41    798.97     81.39    166.73  -2669.06  -9819.25      0.00 0
2632 14.0      0_1_2_3_4_5_6_7_8_9_10_11_12_13_14_15_16_17_18_19_20_21_22_23_24_25_26_27_28_29_30_31_32_33_34_35_36_37_38_39_40_41_42_43_44_45_46_47_48_49_50_51_52_53_54_55_56_57_58_59_60_61_62_63_64_65_66_67_68_69_70_71_72_73_74_75_76_77_78_79_80_81_82_83_84_85_86_87_88_89_90_92_93_94_95_96_97_98_99_100_101_105_107_108_109_111_113_114_119_121_123_124_125_126_131_132_133_134_135_137_143_144_146_150_152_154_155_160_164_165_170_176_178_187_193_194_202_208_209_215_221_222_228_229_232_236_239_245_247  5.62e+09  4.94e+09 -89138.39  22125.57  13971.99    734.37     81.35    166.06  -3292.32   1000.41      0.00 0
2633 14.0      2_3_5_8_9_11_13_16_20_24_28_32_35_40_44_48_52_58_62_66_70_74_82_88_94_98_106_120_124_145  6.92e+10  6.38e+10  16020.85   4612.07   6823.89    995.14     67.74     16.06  -2592.07  -1611.09      0.00 0
2634 14.0      0_2_3_4_5_8_9_12_13_16_17_18_20_21_25_26_28_29_32_33_35_38_40_41_44_45_49_50_52_53_55_58_59_62_63_66_67_71_72_75_76_78_79_82_83_86_88_89_91_94_95_99_100_102_103_106_107_110_114_116_120_125_128_133_134_136_140_143_145_151_161_165_170_172_175_184_198_217  2.95e+10  2.68e+10  34020.90  16482.98  10441.24    816.87     74.56     25.85   -263.28  -2109.04      0.00 0
2635 14.0      16_20_23_24_31_32_37_40_47_48_51_52_57_58_62_66_69_70_73_74_81_82_85_88_93_94_97_98_102_105_106_109_110_113_116_119_120_123_124_128_131_132_135_136_139_140_144_145_150_151_157_160_161_167_171_172_175_181_184_190_196_198_200_205_211_213_217_219_223_226_230_234_237_242_246_249_252_254_257_260_261_263_266_269_273_275_276_278_280_283_285_286_287_288_290_292_293_294_296_297_298  3.72e+10  3.37e+10 -16952.92  72279.16  12423.63    887.92     80.50    103.20  -4255.87    183.22      0.00 0
2636 14.0      191_197_206_214_227_231_238_246_250_253_260_261_267_275_276  2.00e+10  1.82e+10 -10408.93 -14948.63   7867.49    821.51     66.64    235.15    831.77  -8458.39      0.00 0
2637 14.0      197_200_206_212_214_220_227_231_235_238_243_244_255  2.29e+10  2.04e+10 -16083.66  -1401.48   7228.59    873.96     65.88    184.98   2453.29  -7210.35      0.00 0
2638 14.0      218_224_228_229_232_233_235_239_241_243_244_245_247_248_251_255_256_258_259_262_264_265_268_270_271_272_274_279_281_282_284_289_291_295_297_298  1.58e+10  1.41e+10  38139.55  52436.84  12662.39    767.69     78.95     53.97   5300.72  -9146.58      0.00 0
2639 14.0      14_19_22_27_30_34_36_39_42_43_46_51_54_56_60_61_64_65_68_76_77_80_81_84_87_90_92_96_100_101_104_105_108_112_122_126_130_138_142_147_153_155_163_177_179_186_188_210_216_240  3.89e+09  3.52e+09 -41463.55  -5392.53  10883.61    803.16     75.41    187.41   5604.24   3153.23      0.00 0
2640 14.0      0_1_2_3_4_5_6_7_8_9_10_11_12_13_14_15_16_17_18_19_20_21_22_23_24_25_26_27_28_29_30_31_32_33_34_35_36_37_38_39_40_41_42_43_44_45_46_47_48_49_50_51_52_53_54_55_56_57_58_59_60_61_62_63_64_65_66_67_68_69_70_71_72_73_74_75_76_77_78_79_80_81_82_83_84_85_86_87_88_89_90_91_92_93_94_95_96_97_98_99_100_101_102_103_104_105_106_107_108_109_110_111_112_113_114_115_116_117_118_119_120_121_122_123_124_125_126_127_128_129_130_131_132_133_134_135_136_137_138_139_140_141_142_143_145_146_147_148_149_150_151_152_153_154_155_156_157_158_159_160_161_162_163_164_165_166_167_168_169_170_171_172_173_174_176_177_178_179_180_181_182_183_184_185_186_187_188_189_190_191_192_193_194_195_196_197_198_199_200_201_202_203_204_205_206_207_208_209_210_211_212_213_214_215_216_218_219_220_221_222_223_224_225_226_227_228_229_230_231_232_233_234_235_236_237_238_239_240_241_242_243_244_245_246_247_248_249_250_251_252_253_254_255_256_257_258_259_260_261_262_263_264_265_266_267_268_269_270_271_272_273_274_275_276_277_278_279_280_281_282_283_284_285_286_287_288_289_290_291_292_293_294_295_296_297_298  1.82e+09  1.54e+09  15419.12 311919.12  11178.61    723.80     87.95     87.17   4573.93  -6582.65      0.00 0
2641 14.0      19_23_31_37_39_43_47_48_51_57_61_65_69_70_73_74_77_81_85_87_92_93_94_97_98_101_105_109_113_115_118_119_123_124_127_131_132_135_139_144_145_149_156_159_166_175_180_183_192_207  2.34e+10  2.14e+10 -26156.98 -34063.81  11107.11    780.86     75.50    232.48  -3827.04    412.61      0.00 0
2642 14.0      0_1_2_3_4_5_6_7_8_9_11_12_13_15_16_17_19_20_21_23_24_25_26_28_29_31_32_33_35_37_38_40_41_44_45_47_48_49_51_52_53_55_57_58_59_62_63_66_67_69_70_71_73_74_75_78_79_81_82_83_85_88_89_91_93_94_95_97_98_99_102_103_106_107_110_111_113_116_117_119_120_121_123_124_125_128_129_131_132_136_137_140_141_144_145_146_148_151_152_154_157_158_161_162_167_168_172_173_175_176_178_181_182_184_185_190_191_196_197_198_199_200_202_203_205_206_209_211_212_213_214_217_218_219_220_223_224_226_227_228_229_230_231_233_234_235_237_238_241_242_243_244_245_246_247_248_249_250_251_252_253_254_255_256_257_258_259_260_261_262_263_264_265_266_267_268_269_270_271_272_273_274_275_276_277_278_279_280_281_282_283_284_285_286_287_288_289_290_291_292_293_294_295_296_297_298  2.51e+10  2.29e+10 271460.59 -132517.48  10601.62    862.64     87.99    333.98  -1709.96  -8770.07      0.00 0
2643 14.0      110_128_136_140_157_161_167_172_181_190_196_200_205_213_219_226_230_237_246_249_252_260_261_266_269_275_276_280_286_287_288_293_294  1.00e+11  9.07e+10   8750.07 -27090.72   9321.53    835.89     71.87    287.90  -1289.53  -7939.96      0.00 0
2644 14.0      20_28_35_40_44_45_52_55_58_62_63_66_67_74_78_79_82_88_89_91_94_98_102_103_106_107_110_111_116_117_120_124_128_129_132_136_137_140_141_145_148_151_152_157_158_161_162_167_168_172_173_175_176_181_182_184_185_190_191_196_197_198_199_200_203_205_206_211_212_213_214_217_218_219_220_223_224_226_227_228_230_231_233_234_235_237_238_241_242_243_244_245_246_248_249_250_251_252_253_254_255_256_257_258_259_260_261_262_263_264_265_266_267_268_269_270_271_272_273_274_275_276_277_278_279_280_281_282_283_284_285_286_287_288_289_290_291_292_293_294_295_296_298  1.29e+09  1.09e+09 -215624.69  73782.79  14218.39    692.11     86.43    161.11    102.19  -7238.26      0.00 0
2645 14.0      20_28_29_35_40_41_44_45_52_55_62_63_66_67_78_79_89_91_103_111_117_129_137_141_158_162_168_173_197_199_212_224_235_244  7.24e+10  6.53e+10 -17517.08  15839.01   8651.63    839.35     69.88    137.88   1838.19  -4116.50      0.00 0
2646 14.0      0_1_2_3_4_5_6_8_9_10_11_12_13_14_16_18_20_28_29_32_35_40_44_52_55_62_66_78_82_88_102_110_128  2.34e+10  2.17e+10   6181.27  12775.19   6226.91   1020.60     66.31     64.18   -674.36  -1571.92      0.00 0
2647 14.0      11_15_16_19_20_23_24_31_32_37_39_40_47_48_51_52_57_58_61_62_65_66_69_70_73_74_81_82_85_87_88_93_94_97_98_101_105_106_109_110_113_119_120_123_124_127_128_132_135_136_139_140_150_151_160_161_166_167_171_172_189_195_196_198_211_219  1.95e+10  1.74e+10   1062.07  38022.66  10770.69    761.94     74.19     88.40  -2597.37     -4.21      0.00 0
2648 14.0      8_9_13_20_21_28_29_33_35_40_41_44_45_52_53_55_59_62_63_66_67_78_79_82_83_88_89_95_106  1.02e+09  9.14e+08 -17910.34  -2785.47   8317.71    732.98     65.35    188.84    186.79  -1952.76      0.00 0
2649 14.0      226_246_249_260_261_266_275_276_277_286_287_293_294_295_297_298  1.07e+09  9.76e+08  -3754.43  16755.13   7108.79    947.35     67.51    102.63   -109.94 -10918.68      0.00 0
2650 14.0      220_224_231_233_235_238_241_243_244_245_248_250_251_253_255_256_258_259_260_261_262_264_265_267_268_270_271_272_274_275_276_277_279_281_282_284_286_287_288_289_290_291_293_294_295_296_297_298  1.38e+09  1.18e+09  44141.32  30781.95  12384.46    707.42     77.04     34.89   4175.73  -8687.59      0.00 0
2651 14.0      0_1_2_3_4_5_6_7_8_9_10_11_12_13_14_15_16_17_18_19_20_21_22_23_24_25_26_27_28_29_30_31_32_33_34_35_36_37_38_39_40_41_42_43_44_45_46_47_48_49_50_51_52_53_54_55_56_57_58_59_60_61_62_63_64_65_66_67_68_69_70_71_72_73_74_75_76_77_78_79_80_81_82_83_84_85_86_87_88_89_90_91_92_93_94_95_96_97_98_99_100_101_102_103_104_105_106_107_108_109_110_111_112_113_114_115_116_117_118_119_120_121_122_123_124_125_126_127_128_129_130_131_132_133_134_136_137_138_140_141_142_143_145_146_147_148_149_151_152_153_154_155_157_158_159_161_162_163_164_165_167_168_169_170_172_174_175_177_179_181_182_183_184_186_187_188_190_191_192_193_194_196_198_200_205_208_210_211_213_216_217_219_222_223_226_230_234_237_240_242_249_252_254_257_263_269_273_278_283_285  4.37e+10  4.11e+10 129088.89 124398.69  13605.52    898.80     85.66     43.94  -2890.89  -3649.77      0.00 0
2652 14.0      0_1_2_3_4_5_6_7_8_9_10_11_12_13_14_15_16_17_18_19_20_21_22_23_24_25_26_27_28_29_30_31_32_33_34_35_36_37_39_40_41_42_43_44_45_46_47_48_50_51_52_53_54_55_56_57_58_60_61_62_63_64_65_66_67_68_69_70_73_74_77_78_79_80_81_82_84_85_87_88_89_90_91_92_93_94_97_98_101_102_103_104_105_106_109_110_112_113_115_116_117_118_119_120_123_124_127_128_129_130_131_132_135_136_139_140_144_145_148_149_150_151_156_157_158_159_160_161_166_167_169_171_172_175_180_181_182_183_184_189_190_191_192_195_196_198_200_201_204_205_206_207_211_213_217_219_223_225_226_227_230_231_234_237_242_246_249_250_252_254_257_260_261_263_266_267_269_273_275_276_277_278_280_283_285_286_287_288_290_292_293_294_295_296_297_298  1.10e+09  9.82e+08   3558.39 143548.75  14686.92    748.04     84.16     88.58  -2139.37   3526.22      0.00 0
2653 14.0      128_140_161_167_172_184_198_211_217_223  2.00e+09  1.71e+09  16085.30   6300.52   8048.23    753.11     65.02     21.39  -3662.11  -5193.21      0.00 0
2654 14.0      181_182_190_191_196_197_200_205_206_211_213_214_219_220_223_226_227_230_231_234_235_237_238_242_243_244_246_249_250_252_253_254_255_256_257_258_259_260_261_263_264_266_267_268_269_270_271_272_273_274_275_277_278_279_281_282_284  2.45e+10  2.19e+10  51193.57  -3795.35  11823.10    769.74     77.03    355.76   1910.38  -8246.99      0.00 0
2655 14.0      80_90_92_101_104_109_112_115_118_127_130_138_142_149_153_159_163_169_174_177_186  2.51e+09  2.22e+09 -29879.50  -5872.96   9970.64    759.78     71.87    191.12   3391.68   4535.84      0.00 0
2656 14.0      89_103_111_117_129_141_148_158_168_181_182_191_200_206_214_226_227_231_246_250  3.63e+10  3.31e+10   5672.94  20061.12   8393.44    806.03     68.07     74.21    992.33  -5833.38      0.00 0
2657 14.0      11_15_16_19_20_23_24_31_32_37_39_40_43_47_48_51_52_57_58_61_62_65_69_70_73_74_77_81_82_85_87_88_93_94_97_98_101_105_106_109_110_113_115_119_120_123_124_127_128_131_132_135_136_139_140_144_145_150_151_156_160_161_166_167_171_172_175_180_184_189_195_196_198_201_204_211_213_217_219_223_225_234_237_242_254_257_263_269_273_278_283_285_292  2.34e+10  2.10e+10  12702.17 105427.96  13867.12    806.97     82.56     83.13  -3923.81   3466.89      0.00 0
2658 14.0      0_1_2_3_4_5_6_7_8_9_10_11_12_13_14_15_16_17_18_19_20_21_22_23_24_25_26_27_28_29_30_31_32_33_34_35_36_37_38_39_40_41_42_43_47_48_49_50_51_52_53_54_57_58_59_60_61_62_69_70_71_72_73_74_75_76_81_82_84_85_86_93_94_97_98_99_100_113_114_123_124_131_132_134_143  2.69e+09  2.36e+09  46517.55   1193.73  11740.06    724.65     75.84      1.47  -3308.45    -11.90      0.00 0
2659 14.0      9_13_17_21_28_29_33_35_41_44_45_53_55_63_66_67_78_79_88_89_91_102_103_110_116_117_128_140_148_157_167_172_181_190_196_205_211_213_219_230_234_237_242_252_254_257_263_273_278_285  6.31e+10  5.79e+10 -16270.59 -25787.33   9520.33    844.86     72.66    237.75  -1602.34  -5408.47      0.00 0
2660 14.0      11_15_19_23_24_27_31_32_37_39_43_47_48_51_56_57_58_61_65_69_70_73_74_77_81_82_85_87_92_93_94_97_98_101_105_106_109_113_115_118_119_120_123_124_127_131_132_135_136_139_145_149_151_156_175_180_183_184_217  1.12e+09  9.88e+08  16248.10  32717.25  10626.69    761.14     73.78     63.59  -2882.00    289.79      0.00 0
2661 14.0      212_214_218_220_224_227_231_233_235_238_241_243_244_245_246_248_249_250_251_253_255_256_258_259_260_261_262_264_265_266_267_268_269_270_271_272_273_274_275_276_277_279_280_281_282_283_284_285_286_287_288_289_290_291_292_293_294_295_296_297_298  2.29e+10  2.09e+10 -116670.18 -58908.79  13252.85    976.44     84.21    206.79   4325.74 -10248.38      0.00 0
2662 14.0      167_172_181_182_184_190_196_198_200_205_206_211_213_214_217_219_220_223_226_227_230_231_234_237_238_242_243_246_249_250_252_253_254_255_257_258_259_260_261_263_264_266_267_269_270_271_273_274_275_276_277_278_279_280_281_283_284_285_286_287_288_289_290_291_292_293_294_295_296_297_298  2.24e+09  1.94e+09 -180588.14  57494.14  14283.30    774.68     85.69    162.34  -2257.49 -10250.22      0.00 0
2663 14.0      0_1_2_3_4_5_6_7_8_9_10_11_12_13_14_15_16_17_19_20_21_23_24_27_28_29_31_32_33_35_36_37_39_40_41_43_44_45_47_48_51_52_53_55_57_58_59_61_62_63_65_66_67_69_70_73_74_77_78_79_81_82_83_85_87_88_89_91_93_94_97_98_101_102_103_105_106_107_109_110_111_113_116_117_119_120_123_124_127_128_129_131_132_135_136_137_139_140_141_144_148_150_157_158_160_162_167_168_171_173_181_182_190_191_197_199_200_205_206_212_214_220_224_226_227_231_235_238_243_244_246_250_253_255_258_259_261_264_267_270_271_274_277_279_281_284_289_291  2.75e+09  2.43e+09  40778.16 -72251.61  13318.51    790.71     80.88    299.44    914.64  -5471.28      0.00 0
2664 14.0      3_4_5_9_10_12_13_17_18_21_22_25_26_29_33_34_35_38_41_42_44_45_49_50_53_54_55_59_60_63_64_67_68_71_72_75_76_78_79_83_84_86_89_90_91_95_96_99_100_103_107_108_111_112_114_116_117_121_122_125_126_129_133_134_137_138_141_142_143_147_148_153_155_157_158_163_165_168_174_177_179_181_182_186_188_191_200_205_206_210_226  3.80e+10  3.45e+10 -23590.40 -54961.04  11929.49    846.31     78.72    246.77   4420.82   3942.88      0.00 0
2665 14.0      128_136_140_145_151_157_161_167_172_175_181_182_184_190_196_198_200_205_206_211_213_214_217_219_223_226_227_230_231_234_237_238_242_246_249_250_252_253_254_257_258_260_261_263_264_266_267_269_270_273_274_275_276_277_278_279_280_281_283_284_285_286_287_288_289_290_291_292_293_294_295_296_297_298  6.76e+09  5.81e+09 123951.47 -96215.92  14887.84    721.79     84.58    322.18   -974.14 -10109.75      0.00 0
2666 14.0      199_203_212_218_220_224_228_231_233_235_238_241_243_244_250_253_255_258_261_264_267_270_274_275_277_281_284_287_289_293_295  1.07e+09  9.56e+08 -17839.36 -22307.02   9568.14    790.89     71.48    231.35   3113.18  -8223.61      0.00 0
2667 14.0      39_43_56_61_65_68_77_80_81_87_90_92_93_101_104_105_109_112_115_118_119_123_127_130_135_138_139_142_144_149_150_153_156_159_160_163_166_169_171_174_177_180_183_186_189_192_195_207  4.79e+09  4.35e+09 -48933.07 -12664.06  11687.88    783.17     76.98    194.51    -80.50   4314.96      0.00 0
2668 14.0      0_1_2_3_4_5_6_7_8_9_10_11_13_14_15_16_18_19_20_22_23_24_27_28_29_30_31_32_35_36_37_39_40_42_43_44_45_46_47_48_51_52_55_56_57_58_61_62_65_66_68_69_70_73_74_77_78_80_81_82_85_87_88_91_92_93_94_97_98_101_102_104_105_106_109_110_115_116_118_120_124_127_128_136_140_149_151_156_157_159_161_167_172_180_181_183_184_190_196_198_201_205_207_211_213_219_223_230_234_237_242_252_254_257_263_269_273_278_280_283_285_290_292  1.07e+09  9.24e+08  12834.75  54980.16  12464.84    721.71     77.55     76.86  -2073.41  -3069.59      0.00 0
2669 14.0      200_205_206_213_214_226_227_230_231_237_242_246_249_252_254_257_263_266_269_273_278_283_285  4.27e+10  3.89e+10  24425.31  10828.91   8774.16    903.63     71.82     23.91  -2806.42  -8804.86      0.00 0
2670 14.0      3_4_6_7_10_12_14_17_18_19_22_25_26_27_30_33_34_36_38_39_42_43_46_49_50_51_54_56_59_60_61_64_65_68_71_72_75_76_77_80_83_84_86_87_90_92_95_96_99_100_101_104_105_108_109_112_114_115_118_121_122_125_126_127_130_133_134_135_138_139_142_143_146_147_149_152_153_154_155_156_159_160_163_164_165_166_169_170_171_174_176_177_178_179_180_183_186_187_188_189_192_193_194_195_201_202_203_204_207_208_209_210_215_216_221_222_225_228_229_232_233_236_239_240_245_247_248_262_265_282  2.57e+09  2.19e+09 -92283.59  84266.50  14370.93    774.56     83.44    137.60   1408.06   4086.56      0.00 0
2671 14.0      8_11_15_16_19_20_23_24_28_31_32_37_39_40_44_47_48_51_52_57_58_61_62_66_69_70_73_74_78_81_82_85_87_88_93_94_97_98_102_105_106_109_110_113_116_119_120_123_124_128_131_132_135_136_139_140_144_145_150_151_157_160_161_166_167_171_172_181_190_195_196_198_200_205_211_213_219_226_230_237_249_252_260_266_276  1.00e+10  9.24e+09  -8854.97  46684.93  10612.67    947.38     77.41    100.74  -3088.47    105.51      0.00 0
2672 14.0      0_1_2_3_4_5_6_7_8_9_10_11_12_13_14_15_16_17_18_19_20_21_22_23_24_25_26_27_28_29_30_31_32_33_34_35_37_38_39_40_41_44_45_47_48_49_50_51_52_53_55_57_58_59_60_62_63_66_67_69_70_71_72_73_74_75_76_78_79_81_82_83_85_86_88_89_91_93_94_95_97_98_99_100_102_103_106_107_110_111_113_114_116_117_120_121_123_124_125_128_129_131_132_133_136_137_140_141_143_145_146_148_151_152_154_157_158_161_162_164_167_168_170_172_173_175_176_178_181_182_184_185_187_190_191_193_196_197_198_199_200_202_203_205_206_208_209_211_212_213_214_215_217_218_219_220_221_223_224_226_227_228_229_230_231_232_233_234_235_236_237_238_239_241_242_243_244_245_246_247_248_249_250_251_252_253_254_255_256_257_258_259_260_261_262_263_264_265_266_267_268_269_270_271_272_273_274_275_277_278_279_281_282_284  5.75e+09  4.96e+09 -248076.25  49165.42  12191.97    886.31     87.24    168.79  -3256.20  -3785.53      0.00 0
2673 14.0      33_41_45_49_53_59_63_67_71_72_75_79_83_86_89_91_95_99_100_102_103_107_111_114_116_117_121_125_126_128_129_133_134_137_141_143_146_148_152_154_155_157_158_162_164_165_167_168_170_173_176_178_179_181_182_185_187_188_190_191_193_194_196_197_199_200_202_203_205_206_208_209_210_212_213_214_215_216_218_219_220_221_222_224_226_227_228_229_230_231_232_233_234_235_236_237_238_239_240_241_242_243_244_245_246_247_248_249_250_251_252_253_254_255_256_257_258_259_260_261_262_263_264_265_266_267_268_269_270_271_272_273_274_275_276_277_278_279_280_281_282_283_284_285_286_287_288_289_290_291_292_293_294_295_296_297_298  4.57e+09  3.97e+09 119914.55 133131.84  14604.93    744.74     85.34     47.99   4480.29  -4541.59      0.00 0
2674 14.0      9_13_28_29_35_40_44_45_55_66_78_79_88_91_102_110_116_117_128_148_157_167_181_190_196_205_213_230  4.17e+09  3.64e+09  -7654.57 -22243.08   9294.55    717.76     68.44    251.01   -885.30  -4340.99      0.00 0
2675 14.0      259_271_272  8.71e+10  7.95e+10    532.42 -17834.19   7434.27    900.06     67.38    271.71   6067.65 -11039.18      0.00 0
2676 14.0      0_1_2_3_4_5_6_7_8_9_10_11_12_13_14_15_16_17_18_19_20_21_22_23_24_25_26_27_28_29_30_31_32_33_34_35_36_37_38_39_40_41_42_43_44_45_46_47_48_49_50_51_52_53_54_55_56_58_59_60_61_62_63_64_65_66_67_68_71_72_74_75_76_77_78_79_80_82_83_84_86_88_89_90_91_92_95_96_99_100_101_102_103_104_106_107_108_110_111_112_114_115_116_117_118_121_122_125_126_128_129_130_133_134_136_137_138_140_141_142_143_146_147_148_149_152_153_154_155_157_158_159_161_162_163_164_165_167_168_169_170_172_173_174_176_177_178_179_181_182_183_185_186_187_188_190_191_192_193_194_196_197_199_200_202_203_205_206_207_208_210_211_212_213_214_216_218_219_220_224_226_227_230_231_234_235_237_238_242_243_246_249_250_252_253_254_255_257_258_260_261_263_264_266_267_269_270_273_274_275_276_277_278_280_281_283_284_285_286_287_288_289_290_291_292_293_294_295_296_297_298  3.98e+09  3.46e+09  49073.38 150140.20  14514.17    774.78     84.75     71.90   2323.78   -302.26      0.00 0
2677 14.0      0_1_2_3_4_5_6_7_8_9_10_11_12_13_14_15_16_17_18_19_21_22_25_26_27_28_29_30_33_34_35_36_38_39_41_42_43_44_45_46_49_53_54_55_56_59_63_65_67_68_77_79_80_83_89_92_101_103_111_129  6.92e+09  6.36e+09   6498.95 -23674.95   8664.96    864.23     70.56    285.35    506.33   -313.80      0.00 0
2678 14.0      64_68_80_84_90_92_96_101_104_108_109_112_115_118_122_126_127_130_134_138_139_142_147_149_153_155_156_159_160_163_165_166_169_170_171_174_177_179_180_183_186_188_189_192_194_195_201_204_207_208_210_216_222_225_236_240  2.19e+10  1.93e+10 -116765.20  46844.64  14089.79    820.13     83.61    158.14   4391.08   4938.05      0.00 0
2679 14.0      95_99_107_111_114_121_125_133_134_137_143_146_154_164_165_170_187_188_193_194_208_216_222_240  5.62e+10  5.12e+10  18644.81  17192.89   9105.84    798.70     70.25     42.68   5366.16   -304.18      0.00 0
2680 14.0      12_17_18_21_25_26_33_34_38_41_49_50_53_59_63_67_71_72_75_83_86_89_95_99_103_107_111_121_125_129_137_141_146_152_162_168_173_176_185_197_199_203_212_214_218_220_224_235_238_241_243_244_255_256_258_259_264_271_272_274_279  2.45e+09  2.23e+09 -15044.45  41222.34  10802.78    850.87     76.17    110.05   4402.37  -7297.52      0.00 0
2681 14.0      212_214_218_220_224_231_233_235_238_241_243_244_250_253_255_258_261_264_267_270_275_277_281  7.76e+10  7.19e+10  17379.36  16263.32   8658.53    843.45     70.01     43.10   3374.30  -7634.57      0.00 0
2682 14.0      75_83_86_89_95_99_100_107_111_114_121_125_126_129_133_134_137_141_143_146_152_154_155_158_162_164_165_168_170_173_176_178_179_182_185_187_188_191_193_194_197_199_200_202_203_206_208_209_210_212_214_215_216_220_221_222_227_231_236_240_246  1.48e+09  1.25e+09  32759.30  50080.53  13037.03    668.15     77.71     56.81   6325.85    964.12      0.00 0
2683 14.0      36_39_42_43_46_54_56_61_64_65_68_77_80_84_87_90_92_96_101_104_105_108_109_112_115_118_119_122_126_127_130_135_138_139_142_144_147_149_150_153_155_156_159_160_163_166_169_171_174_177_179_180_183_186_188_189_192_195_204_210_216_240  4.47e+10  3.97e+10  61658.68  -7942.42  12106.78    838.30     78.98    352.66  -2695.55   4548.82      0.00 0
2684 14.0      2_8_11_13_15_16_20_23_24_28_31_32_35_37_40_44_47_48_51_52_55_57_58_62_66_69_70_73_74_78_79_81_82_85_88_91_93_97_102_105_116_117_119_123_150  4.68e+09  4.15e+09 -11115.43  22972.91   9193.06    786.40     70.19    115.82  -1766.45   -712.67      0.00 0
2685 14.0      0_1_2_3_4_5_6_7_8_9_10_11_12_13_14_15_16_17_18_19_20_21_22_23_24_25_26_27_28_29_30_31_32_33_34_35_36_37_38_39_40_41_42_43_44_45_46_47_48_49_50_51_52_53_54_55_56_57_58_59_60_61_62_63_64_65_66_67_68_69_70_71_72_73_74_75_76_77_78_79_80_81_82_83_84_85_86_87_88_89_90_91_92_93_94_95_96_97_98_99_100_101_102_103_104_105_106_107_108_109_110_111_113_114_115_116_117_118_119_120_121_123_124_125_127_128_129_131_132_133_134_135_136_137_139_140_141_143_144_145_146_148_149_150_151_152_154_156_157_158_160_161_162_164_166_167_168_171_172_173_175_176_178_181_182_184_185_187_189_190_191_195_196_197_198_199_200_202_203_205_206_209_211_212_213_214_215_217_218_219_220_223_224_226_227_228_229_230_231_232_233_234_235_237_238_241_242_243_244_245_246_247_248_249_250_251_252_253_255_256_258_259_260_261_262_264_265_266_267_268_270_271_272_274_275_276_277_279_281_282_284_287_289_291_295  1.10e+09  9.13e+08 -192864.22 188405.56  12997.80    698.68     87.24    135.67  -4122.78   1029.16      0.00 0
2686 14.0      108_112_118_122_126_130_134_138_142_147_149_153_155_159_163_165_169_170_174_177_179_180_183_186_188_189_192_193_194_201_204_207_208_210_216_221_222_225_236_239_240  4.90e+09  4.32e+09  72968.95 -59490.81  13466.14    825.23     81.86    320.81   5713.98   4133.70      0.00 0
2687 14.0      106_110_120_124_128_132_136_140_145_151_157_161_167_172_175_181_184_190_196_198_200_205_211_213_219_226_230_246_249  1.00e+11  9.09e+10 -16703.31  23193.83   9331.13    836.77     71.92    125.76  -3056.74  -4495.47      0.00 0
2688 14.0      53_59_63_67_71_75_79_83_86_89_91_95_99_100_103_107_111_114_116_117_121_125_129_133_134_137_141_143_146_148_152_154_155_157_158_162_164_165_168_170_173_176_178_179_181_182_185_187_188_190_191_193_194_196_197_199_200_202_203_205_206_208_209_210_212_213_214_215_216_218_219_220_221_222_224_226_227_228_229_230_231_232_233_235_236_237_238_239_240_241_242_243_244_245_246_247_248_249_250_251_252_253_255_256_257_258_259_260_261_262_263_264_265_266_267_268_269_270_271_272_273_274_275_276_277_278_279_280_281_283_284_285_286_287_288_289_290_291_292_293_294_295_296_297_298  1.17e+09  1.02e+09 -94559.16 -113574.02  14490.48    778.55     84.40    230.22   -410.20 -10175.53      0.00 0
2689 14.0      111_117_129_137_141_146_148_152_157_158_162_168_173_176_178_181_182_185_187_190_191_196_197_199_200_202_203_205_206_209_212_213_214_215_218_219_220_221_224_226_227_228_229_230_231_232_233_234_235_237_238_239_241_242_243_244_245_246_247_248_249_250_251_252_253_254_255_256_257_258_260_261_262_263_265_266_267_268_269_273_276_278_280_283_285_290_292  2.14e+10  1.88e+10 -59867.50 -30939.63  12769.97    771.58     79.27    207.33   3696.62  -5617.21      0.00 0
2690 14.0      17_21_25_26_29_33_38_41_45_49_50_53_55_59_60_63_67_71_72_75_76_79_83_86_89_91_95_96_99_100_102_103_107_111_114_116_117_121_122_125_126_128_129_133_134_137_141_143_146_147_148_152_153_154_155_157_158_162_164_165_167_168_170_173_176_177_178_179_181_182_185_186_187_188_190_191_193_194_196_197_199_200_202_203_205_206_208_209_210_212_213_214_215_216_218_219_220_221_222_224_226_227_228_229_230_231_232_233_235_236_237_238_239_240_241_242_243_244_245_246_247_248_249_250_251_252_253_255_256_257_258_259_260_261_262_263_264_265_266_267_268_269_270_271_272_273_274_275_276_277_278_279_280_281_282_283_284_285_286_287_288_289_290_291_292_293_294_295_296_297_298  3.31e+09  2.97e+09 -115345.05 -194263.23  13462.05    800.59     86.59    239.30   5697.82  -3003.98      0.00 0
2691 14.0      0_3_4_5_9_10_12_13_17_18_21_22_25_26_28_29_33_34_35_38_41_42_44_45_49_50_53_54_55_59_60_63_64_66_67_71_72_75_76_78_79_83_84_86_89_90_91_95_96_99_100_102_103_107_108_111_112_114_116_117_121_122_125_126_128_129_133_134_137_138_141_142_143_146_147_148_152_153_154_155_157_158_162_163_164_165_167_168_170_173_174_176_177_178_179_181_182_185_186_187_188_190_191_193_194_196_197_199_200_202_203_205_206_208_209_210_212_213_214_215_216_218_219_220_221_222_224_226_227_228_229_230_231_232_233_235_236_237_238_239_240_241_242_243_244_245_246_247_248_249_250_251_252_253_255_256_257_258_259_260_261_263_264_266_267_269_270_271_273_274_275_276_277_278_279_280_281_283_284_285_286_287_288_289_290_291_292_293_294_295_296_297_298  7.76e+10  6.86e+10  71683.68 134534.05  14275.62    811.96     84.65     61.95   3137.41  -3533.56      0.00 0
2692 14.0      176_178_185_187_193_199_202_203_208_209_212_215_218_221_222_224_228_229_232_233_235_236_239_240_241_243_244_245_247_248_251_255_256_258_259_262_264_265_268_270_271_272_274_279_281_282_284_289_291  3.47e+09  3.00e+09  27077.98  60875.33  12540.94    803.41     79.34     66.02   6140.92  -6860.11      0.00 0
2693 14.0      0_1_2_3_4_5_6_7_8_9_10_11_12_13_14_15_16_17_18_19_20_21_22_23_24_25_26_27_28_29_30_31_32_33_34_35_36_37_38_39_40_42_43_44_46_47_48_49_50_51_52_54_56_57_58_59_60_61_62_64_65_66_68_69_70_71_72_73_74_75_76_77_80_81_82_84_85_86_87_90_92_93_94_96_97_98_100_101_104_105_106_108_109_112_113_114_115_118_119_120_122_123_124_126_127_130_131_132_134_135_138_139_142_144_145_147_149_150_153_155_156_159_160_163_165_166_169_171_174_175_177_179_180_183_186_188_189_192_194_195_201_207_210_216_240  9.12e+09  8.14e+09 130907.47  53102.79  14150.24    828.50     84.28     22.08   3281.62   3962.42      0.00 0
2694 14.0      61_81_87_93_97_101_105_109_115_118_119_123_127_135_139_149_156_159_166_180_183_189_192_201_207  2.51e+09  2.23e+09 -16287.34 -17681.36   8930.74    796.48     69.62    227.35  -1367.40   4179.25      0.00 0
2695 14.0      63_67_79_83_89_91_95_99_103_107_111_116_117_121_125_129_133_137_141_143_146_148_152_154_157_158_162_164_170_176_178_187_193_194_202_208_209_215_221_222_232_236_239_240  1.02e+10  9.26e+09 -32803.13 -17758.79   9981.02    898.11     75.02    208.43   5882.26  -1337.25      0.00 0
2696 14.0      168_173_197_212_220_224_235_243_244_255_259_271  6.46e+09  5.78e+09  14208.15 -13558.63   8482.48    751.32     66.64    316.34   4158.82  -7031.44      0.00 0
2697 14.0      0_1_2_3_4_5_6_7_8_9_10_11_12_13_14_15_16_17_18_19_20_21_22_23_24_25_27_28_29_30_31_32_33_35_36_37_39_40_41_42_43_44_45_46_47_48_51_52_53_55_56_57_58_61_62_63_65_66_67_69_70_73_74_77_78_79_80_81_82_85_87_88_89_91_92_93_94_97_98_101_102_103_105_106_109_110_111_113_115_116_117_119_120_123_124_127_128_129_131_135_136_139_140_144_148_149_150_156_157_158_160_166_167_168_171_180_181_182_189_190_191_195_196_197_200_204_205_206_213_214_226_227_230_231_238_246_249_250_253_258_260_261_267_270_275_277_281_284_287_289_291_295  8.71e+10  7.79e+10  20041.19 -72022.05  12792.12    825.22     80.29    285.55  -2173.45   2236.05      0.00 0
2698 14.0      0_1_2_3_4_5_6_7_8_9_10_11_12_13_14_15_16_17_18_20_21_22_23_24_25_26_28_29_32_33_34_35_37_38_40_41_44_45_48_49_50_52_53_54_55_58_59_60_62_63_66_67_69_70_71_72_74_75_76_78_79_82_83_84_85_86_88_89_91_94_95_96_98_99_100_102_103_106_107_110_111_114_116_117_120_121_124_125_126_128_129_132_133_134_136_137_140_141_143_145_146_147_148_151_152_154_155_157_158_161_162_164_165_167_168_170_172_173_175_176_178_179_181_182_184_185_187_188_190_191_193_194_196_197_198_199_200_202_203_205_206_208_209_210_211_212_213_215_216_217_218_219_221_222_223_228_229_230_232_233_234_236_237_239_240_242_245_247_254_263  1.10e+10  9.80e+09 123956.72  43336.16  14473.97    768.51     83.71     19.27   1227.72  -2676.98      0.00 0
2699 14.0      83_95_107_121_125_137_141_146_152_162_173_176_185_199_203_212_218_224_228_233_235_241_244_248_251_256_259_265_268_272_282  7.76e+09  6.92e+09 -20765.83  29634.65  10753.16    733.93     73.45    125.02   5753.92  -6272.45      0.00 0
