#event_number primary_type du_ids energy_primary em_energy Xmax_pos(x, y, z), Xmax_grams zenith azimuth shower_core_pos_x shower_core_pos_y shower_core_pos_z, N_tested_cores, units are degrees, GeV and meters
106700 5626.0    0_1_2_3_4_5_6_7_8_9_10_11_12_13_14_15_16_17_19_20_21_23_24_27_28_29_30_31_32_35_36_37_39_40_41_43_44_45_47_48_51_52_53_55_56_57_58_61_62_63_65_66_67_69_70_73_74_77_78_79_81_82_85_87_88_89_91_93_94_97_98_101_102_103_105_106_109_110_111_113_115_116_117_119_120_123_124_127_128_129_131_132_135_136_139_140_141_144_145_148_150_151_156_157_158_160_161_166_167_168_171_172_175_181_182_184_189_190_191_195_196_197_198_200_205_206_211_213_214_217_219_220_223_226_227_230_231_234_237_238_242_243_246_249_250_252_253_254_257_258_260_261_263_264_266_267_269_270_273_274_275_276_277_278_280_281_283_284_285_286_287_288_289_290_291_292_293_294_295_296_297_298  6.31e+08  4.92e+08  56274.93 -166448.39  15619.35    619.45     84.92    288.68     17.91 -10789.51      0.00 0
106701 5626.0    0_1_2_3_4_5_6_7_8_9_10_11_12_13_14_15_16_17_18_19_20_21_22_23_24_25_26_27_28_29_30_31_32_33_34_35_36_37_38_39_40_41_42_43_44_45_46_47_48_49_50_51_52_53_54_55_56_57_58_59_60_61_62_63_64_65_66_67_68_69_70_71_72_73_74_75_76_77_78_79_80_81_82_83_84_85_86_87_88_89_90_91_92_93_94_95_96_97_98_99_100_101_102_103_104_105_106_107_108_109_110_111_112_113_114_115_116_117_119_120_121_122_123_124_125_126_127_128_129_131_132_133_134_135_136_137_139_140_141_143_144_145_146_147_148_150_151_152_154_155_157_158_160_161_162_164_165_167_168_170_171_172_173_175_176_178_179_181_182_184_185_187_188_190_191_193_194_196_197_198_199_200_202_203_205_206_208_209_211_212_214_215_216_217_218_220_221_222_224_228_229_231_232_233_235_236_238_239_240_241_243_244_245_247_248_251_255_256_259_262_265_268_271_272_282  4.90e+08  3.76e+08 237038.47 -75193.02  14338.75    616.39     86.70    342.40  -1094.22  -1110.29      0.00 0
106702 5626.0    114_126_133_134_143_147_155_165_170_177_179_188_194_210_216  1.23e+08  9.27e+07  11835.26  23634.46  10641.75    580.62     68.07     63.40   5573.69   1934.31      0.00 0
106703 5626.0    200_206_226_227_231_246_249_250_252_260_261_266_269_275_276_280_283_286_288_290_292_294_296  1.55e+08  1.18e+08  19747.73  26378.13  11198.24    614.95     71.23     53.18  -1520.47 -10618.65      0.00 0
106704 5626.0    1_2_8_11_13_15_16_19_20_23_24_28_31_32_35_37_40_44_45_47_48_51_52_55_57_58_61_62_66_69_70_73_74_78_79_81_82_85_88_91_93_94_97_98_102_105_106_110_113_116_117_119_123_128_135_148_150_157_158_167_181_182_190_200_206_227  1.15e+08  8.86e+07  15690.23 -39347.82  12363.08    586.65     73.73    291.74  -1563.59  -1776.69      0.00 0
106705 5626.0    2_5_8_9_11_13_16_20_21_24_28_29_32_35_40_41_44_45_52_53_55_63_66_67_78_79_89_91_103_107_111_117_129_137_141_158_162_168_173_191_197_199_212_220_235  6.03e+08  4.78e+08  19216.86 -26103.25  11072.52    623.76     71.14    306.36   1461.43  -3740.32      0.00 0
106706 5626.0    0_1_2_3_4_5_6_7_8_9_10_12_13_14_15_17_18_19_21_22_25_26_27_29_30_33_34_35_36_38_39_41_42_43_45_46_49_50_51_53_54_56_59_60_61_63_64_65_67_68_71_72_75_76_77_79_80_83_84_86_87_89_90_92_95_96_99_100_101_103_104_107_108_109_111_112_114_115_118_121_125_127_129_130_137_141_146_149_152_156_159_162_166_168_173_176_180_185_189_195_197_199_203_204_212_218_220_224_235_241_244_255_256_259_271  4.57e+08  3.57e+08  24293.25 -49566.78  13130.11    615.78     76.62    296.11   1917.68   -828.17      0.00 0
106707 5626.0    117_129_137_141_148_152_157_158_162_167_168_173_176_178_181_182_185_190_191_196_197_199_200_202_203_205_206_209_211_212_213_214_218_219_220_223_224_226_227_228_229_230_231_232_233_234_235_237_238_239_241_242_243_244_245_246_247_248_249_250_251_252_253_254_255_256_257_258_259_260_261_262_263_264_265_266_267_268_269_270_271_272_273_274_275_276_277_278_279_280_281_282_283_284_285_286_287_288_289_290_291_292_293_294_296  2.75e+08  2.11e+08 -123568.02 -45243.93  15667.92    610.13     83.21    200.11    894.67  -8035.49      0.00 0
106708 5626.0    3_4_9_10_12_17_18_21_22_25_26_30_33_34_36_38_41_42_46_49_50_53_54_56_59_60_63_64_67_68_71_72_75_76_80_83_84_86_89_90_92_95_96_99_100_103_104_107_108_111_112_114_118_121_122_125_126_129_130_133_134_137_138_141_142_143_146_147_149_152_153_154_155_159_162_163_164_165_168_169_170_173_174_176_177_178_179_180_183_185_186_187_188_191_192_193_194_197_199_201_202_203_207_208_209_210_212_214_215_216_218_220_221_224_225_228_229_232_233_235_238_239_241_243_244_245_247_248_251_253_255_256_258_259_262_264_265_268_270_271_272_274_279_282_284_291  8.51e+08  6.63e+08  28008.27 -125096.67  15513.15    624.42     83.10    282.62   6266.99 -10517.28      0.00 0
106709 5626.0    0_1_2_3_4_5_6_7_8_9_10_11_12_13_14_15_16_17_18_19_20_21_22_23_24_25_26_27_28_29_30_31_32_33_34_35_36_37_38_39_41_42_43_46_47_48_49_50_51_52_53_54_56_57_58_59_60_61_64_65_68_69_70_71_72_73_74_75_76_77_80_81_83_84_85_86_87_90_92_93_95_96_97_98_99_100_101_104_105_108_109_112_113_114_115_118_119_122_123_125_126_127_130_131_132_133_134_135_138_139_142_143_144_147_149_150_153_154_155_156_159_160_163_164_165_166_169_170_171_174_177_179_180_183_186_187_188_189_192_193_194_195_201_204_207_208_210_215_216_221_222_225_232_236_239_240  1.07e+08  7.77e+07 283027.44 -31446.51  13628.64    570.23     87.26    353.66   4359.90   3703.22      0.00 0
106710 5626.0    0_1_2_3_4_5_6_7_8_9_10_11_12_13_14_15_16_18_19_20_22_23_24_27_28_30_31_32_35_36_37_39_40_42_43_44_46_47_48_51_52_54_56_57_58_61_62_64_65_66_68_69_70_73_74_77_78_80_81_82_85_88_90_92_94_98_102_104_106_110_112_118_120_124_128_130_136_140_151_161_167_172_184_198_211_217_223_234  6.03e+08  4.83e+08 -19287.33 -36243.67  11602.24    674.46     74.22    241.98  -1691.75  -1314.87      0.00 0
106711 5626.0    32_37_40_48_52_58_62_66_69_70_74_82_85_88_94_97_98_102_106_110_113_116_120_123_124_128_131_132_136_140_144_148_157_167  1.12e+08  8.55e+07 -21118.73  32235.95  11973.66    590.52     72.74    123.23  -3503.81   -916.59      0.00 0
106712 5626.0    0_1_2_3_4_5_6_7_8_9_10_11_12_13_14_15_16_17_18_19_20_21_22_23_24_25_26_27_28_29_30_31_32_33_34_35_36_37_38_39_40_41_42_43_44_45_46_48_50_51_52_54_55_56_58_60_62_64_65_66_68_77_78_79_80_82_84_88_90_91_92_102_104_106_108_110_112_116_118_128_130_138_140_142_149_159_163_167_169_174_183_192  3.02e+08  2.34e+08  16917.42  43146.00  12521.96    609.89     74.88     68.59    678.17   1827.11      0.00 0
106713 5626.0    211_213_217_219_223_230_234_237_242_249_252_254_257_260_263_266_269_273_275_276_280  1.55e+08  1.18e+08 -27450.89  20889.27  11649.12    578.48     71.34    142.73  -3578.16  -7661.22      0.00 0
106714 5626.0    106_110_116_120_128_136_140_145_148_151_157_161_167_172_175_181_182_184_190_196_200_205_206  1.55e+08  1.19e+08  24750.96 -17004.51  10995.13    595.83     69.89    325.51  -1923.20  -4666.78      0.00 0
106715 5626.0    0_1_2_3_4_5_6_7_8_9_10_11_12_14_15_16_17_18_19_22_23_24_25_26_27_30_31_32_34_36_37_38_42_46_47_48_50_54_60_64_69_70_72_74_76_84_96_100_126  2.19e+08  1.69e+08  27100.82   8941.75  10931.80    579.55     69.04     18.26    861.88    711.94      0.00 0
106716 5626.0    9_13_17_21_25_28_29_33_35_38_40_41_44_45_49_53_55_59_62_63_66_67_71_72_75_78_79_83_86_88_89_91_95_99_100_102_103_106_107_110_111_114_116_117_121_125_128_129_133_134_136_137_140_141_143_146_148_152_154_157_158_161_162_164_165_167_168_170_172_176_178_181_182_184_187_188_190_193_194_196_198_205_208_209_211_213_215_216_217_219_221_222_223_234_236_239_240_242_254  2.45e+08  1.88e+08 -56240.19 -32013.83  13849.76    597.81     77.92    209.65   1896.95  -2778.12      0.00 0
106717 5626.0    25_26_33_34_38_49_50_53_54_59_60_63_64_71_72_75_76_83_84_86_89_90_95_96_99_100_107_108_111_112_114_121_122_125_126_129_133_134_137_138_141_142_143_146_147_152_153_155_162_163_168_173_174_177_186_197  6.31e+08  5.01e+08   3893.11  42944.18  12185.56    618.38     74.22     84.82   3154.10    586.58      0.00 0
106718 5626.0    95_99_107_111_114_121_125_129_133_134_137_141_143_146_152_154_155_158_162_164_165_168_170_173_176_178_179_185_187_188_191_193_194_197_199_202_203_206_208_209_210_212_214_215_216_218_220_221_222_224_227_228_229_231_232_233_235_236_238_240_241_243_244_246_250_251_253_255_256_258_259_260_261_264_267_270_271_274_275_276_277_279_281_284_286_287_288_289_291_293_294_295_296_297_298  9.33e+08  7.47e+08  31003.17  76008.86  14341.52    636.92     80.09     67.81   1571.88 -11153.66      0.00 0
106719 5626.0    0_1_4_6_7_10_11_14_15_18_19_22_23_27_30_31_34_36_37_39_42_43_46_47_51_57_61_65_69_73_81_87_93_97_105_119_123_131_144  7.76e+08  6.29e+08  25494.76  -3773.84  10100.15    642.40     68.60    351.58  -2122.15   1380.56      0.00 0
106720 5626.0    58_62_70_74_82_85_88_94_97_98_102_106_110_113_120_124_131_132_136  2.63e+08  2.07e+08  18636.11 -20763.00  10620.49    609.68     69.16    311.91  -3794.93   -840.34      0.00 0
106721 5626.0    42_46_54_56_60_64_68_76_77_80_84_90_92_96_100_101_104_108_109_112_114_115_118_122_126_127_130_134_138_139_142_143_147_149_153_155_156_159_160_163_164_165_166_169_170_171_174_177_179_180_183_186_188_189_192_193_194_195_201_204_207_208_210_215_216_221_222_225_236_239_240  1.07e+08  7.79e+07 -170015.94  97684.55  15845.17    571.61     85.38    150.12   5517.13   4523.24      0.00 0
106722 5626.0    0_1_2_5_6_7_8_10_11_14_15_16_19_20_23_24_27_28_30_31_32_36_37_39_40_43_44_46_47_48_51_52_56_57_58_61_62_65_66_68_69_70_73_74_77_80_81_82_85_87_88_92_93_94_97_98_101_102_104_105_106_109_110_113_115_118_119_120_123_124_127_128_130_131_132_135_136_139_140_144_145_149_150_151_156_159_160_161_166_167_169_171_172_175_180_183_184_189_192_195_196_198_201_204_207_211_217_219_223_225_234_242_254_257_263_273_278_285  3.09e+08  2.31e+08 -59324.72 -171126.38  15941.32    578.89     84.97    250.88  -3427.67   3338.91      0.00 0
106723 5626.0    95_99_100_114_121_122_125_126_133_134_137_141_143_146_147_152_153_154_155_162_164_165_170_173_176_177_178_179_185_186_187_188_193_194_197_199_202_203_208_209_210_212_215_216_218_220_221_222_224_228_229_232_233_235_236_238_239_240_241_243_244_245_247_248_251_253_255_256_258_259_262_264_265_268_270_271_272_274_279_281_282_284_291  4.57e+08  3.56e+08 -13504.71 -118162.59  15151.12    654.47     82.74    263.48   5668.56  -8199.53      0.00 0
106724 5626.0    0_1_2_3_4_5_6_7_8_9_10_11_12_14_15_16_17_18_21_22_23_24_25_26_33_34_38_49_50_59_60_71_72_75_76_86_99_100_114_134_143  1.91e+08  1.48e+08 -25344.04   -176.94  10461.84    584.14     67.57    180.40   1787.84     50.56      0.00 0
106725 5626.0    200_205_213_226_227_230_231_237_246_249_250_253_261_267_270  2.69e+08  2.12e+08  20446.37  -9184.67   9569.86    647.36     66.88    335.81     27.98  -8284.04      0.00 0
106726 5626.0    66_78_88_91_102_103_106_110_116_117_120_128_129_136_140_141_148_157_158_168_173_181_182_191_197_212_214_220_235  8.13e+08  6.57e+08  27669.33 -16520.43  10876.57    648.44     71.35    329.16    666.68  -4865.19      0.00 0
106727 5626.0    32_40_44_48_52_58_62_66_69_70_74_78_82_85_88_91_94_97_98_102_106_110_113_116_117_120_123_124_128_131_132_136_140_144_145_148_151_157_158_161_167_172_175_181_182_184_190_191_196_197_198_200_205_206_211_213_214_217_219_220_223_226_227_230_231_234_237_238_242_243_246_249_250_252_253_257_258_260_261_264_266_267_269_270_274_275_276_277_279_280_281_284_286_287_288_289_291_293_295_298  2.63e+08  2.01e+08  59098.32 -78912.18  15103.81    608.12     81.29    306.83   -341.13  -7459.56      0.00 0
106728 5626.0    15_19_23_24_27_31_37_39_43_47_48_51_56_57_61_65_69_70_73_74_77_81_85_87_92_93_94_97_98_101_105_109_113_115_118_119_120_123_124_127_131_132_135_139_144_145_149_150_151_156_159_160_166_171_175_180_183_184_189_192_195_201_204_207_217_225  4.07e+08  3.20e+08  35813.11  60774.34  13775.77    645.93     78.95     59.49  -2826.11   2649.29      0.00 0
106729 5626.0    146_152_154_162_164_170_173_176_178_185_187_193_194_197_199_202_203_208_209_212_214_215_216_218_220_221_222_224_228_229_231_232_233_235_236_238_239_240_241_243_244_245_247_248_250_251_253_255_256_258_259_262_264_265_267_268_270_271_272_274_277_279_281_284_287_289_291_293_295_297_298  1.15e+08  8.59e+07 -30832.69 -65760.98  14275.83    594.91     78.88    244.88   4479.85  -7346.41      0.00 0
106730 5626.0    226_227_231_238_243_246_249_250_252_253_255_257_258_259_260_261_264_266_267_269_270_271_272_273_274_275_276_277_279_280_281_284_287_289_291  8.13e+08  6.53e+08 -44309.84   1764.18  12023.33    655.23     74.83    177.72   3612.46  -9547.73      0.00 0
106731 5626.0    0_1_2_3_4_5_6_7_8_9_11_13_14_15_16_19_20_21_23_24_27_28_29_31_32_35_36_37_39_40_41_43_44_45_47_48_51_52_55_57_58_61_62_65_66_67_69_70_73_74_77_78_79_81_82_85_87_88_91_93_94_97_98_101_102_103_105_106_109_110_113_116_117_119_120_123_124_127_128_129_131_135_136_139_140_144_148_150_151_157_158_160_161_166_167_168_171_172_181_182_190_191_195_196_200_205_206_211_213_214_219_226_227_230_231_237_238_242_246_249_250_252_253_257_260_261_266_267_269_270_275_276_277_280_281_283_284_286_287_288_289_290_291_293_294_295_296_297_298  2.51e+08  1.94e+08 -18867.48  90392.39  14856.68    616.36     80.86    101.79    356.12 -11194.60      0.00 0
106732 5626.0    20_23_24_32_37_40_47_48_52_57_58_62_66_69_70_73_74_78_81_82_85_88_93_94_97_98_102_105_106_110_113_116_119_120_123_124_128_131_132_135_136_140_144_145_148_150_151_157_160_161_167_172_175_181_182_184_190_196_198_200_205_211_213_219_223_226_227_230_234_237_242_246_249_250_252_257_260_261_266_269_275_276_277_280_286_287_288_293_294_295_297_298  3.16e+08  2.46e+08 -20380.13  61015.96  13427.43    649.75     78.21    108.47  -3060.41  -2747.64      0.00 0
106733 5626.0    20_32_40_44_48_52_55_58_62_66_69_70_74_78_79_82_85_88_91_94_97_98_102_103_106_110_113_116_117_120_123_124_128_129_131_132_136_140_145_148_151_157_158_161_167_168_172_173_175_181_182_184_190_191_196_197_198_200_205_206_211_212_213_214_217_219_220_223_226_227_230_231_234_235_237_238_242_243_246_249_250_252_253_255_257_258_259_260_261_264_266_267_270_271_274_275_276_277_279_281_284_287_289_291_295  4.90e+08  3.86e+08 -75243.34  75112.13  14904.10    656.53     82.02    135.05  -1402.75  -5472.14      0.00 0
106734 5626.0    11_15_19_23_24_31_32_37_39_47_48_51_52_57_58_61_65_69_70_73_74_81_82_85_87_94_97_98_106_113_120_124_132_136_145_151_161_175_184_217  2.88e+08  2.25e+08 -14469.40 -26627.16  10630.34    651.20     70.67    241.48  -3152.24  -1368.34      0.00 0
106735 5626.0    0_3_4_5_9_10_12_13_17_18_21_22_25_26_28_29_30_33_34_35_38_41_42_44_45_49_50_53_54_55_59_60_63_64_67_68_71_72_75_76_78_79_83_84_86_89_90_91_95_96_99_100_102_103_107_108_111_112_114_116_117_121_122_125_126_128_129_133_134_137_138_141_142_143_146_147_148_152_153_154_155_157_158_162_163_164_165_168_169_170_173_174_176_177_178_179_181_182_185_186_187_188_190_191_193_194_197_199_200_202_203_205_206_208_210_212_213_214_216_218_220_222_224_226_227_230_231_235_237_238_240_243_246_249_250_252_253_257_258_260_261_266_267_269_270_275_276_277_280_281_283_286_287_288_289_290_292_293_294_295_296_297_298  6.31e+08  4.91e+08 -43765.26 -110877.50  15375.92    626.90     82.65    248.46   5648.18   4967.18      0.00 0
106736 5626.0    252_257_260_261_263_266_267_269_270_273_274_275_276_277_278_280_281_283_284_285_286_287_288_289_290_291_292_293_294_295_296_297_298  8.51e+08  6.86e+08  56662.18  -4728.17  13074.71    637.46     77.05    355.23  -1752.58 -10986.01      0.00 0
106737 5626.0    0_1_2_3_4_5_6_7_8_9_10_11_12_13_14_15_16_17_18_19_20_21_22_23_24_25_26_27_28_29_30_31_32_33_34_35_36_37_38_39_40_41_42_43_44_45_46_47_48_49_50_51_52_53_54_55_56_57_58_59_60_61_62_63_64_65_66_67_68_69_70_71_72_73_74_75_76_77_78_79_80_81_82_83_84_85_86_87_88_89_90_91_92_93_94_95_96_97_98_99_101_102_103_104_105_106_107_108_109_110_111_112_113_115_116_117_118_119_120_121_123_124_125_127_128_129_130_131_132_135_136_137_139_140_141_144_145_146_148_149_150_151_152_156_157_158_159_160_161_162_166_167_168_171_172_173_176_180_181_182_183_185_189_190_191_195_196_197_199_200_201_203_204_205_206_211_212_213_214_218_219_220_224_225_226_227_230_231_235_237_238_241_243_244_246_249_250_252_253_255_256_258_259_260_261_264_266_267_270_271_272_274_275_276_277_279_281_284_286_287_289_291_293_295_297_298  6.03e+08  4.69e+08 -65914.01 156726.62  15263.91    666.50     84.87    112.81  -1205.31    164.36      0.00 0
106738 5626.0    0_1_2_3_4_5_6_7_8_9_11_12_13_15_16_17_19_20_23_24_31_32_37_47_48_51_57_58_69_70_73_74_81_85_93_97_98_113_123_131  1.66e+08  1.28e+08  30345.04  -8712.76  11056.04    612.57     70.70    343.98  -3274.96    579.18      0.00 0
106739 5626.0    0_1_2_3_4_5_6_7_8_9_10_11_12_13_14_15_16_17_18_19_20_21_22_23_24_25_26_27_28_29_30_31_32_33_34_35_36_37_38_39_40_41_43_44_45_46_47_48_49_51_52_53_55_56_57_58_59_61_62_63_65_66_67_69_70_71_73_74_75_77_78_79_81_82_83_85_87_88_89_91_93_95_97_98_101_103_105_107_109_111_113_119_121_123_127_129_131_135_137_139_141_144_150_152_160_162_168_171_173_185_199_212_218_224_241  7.76e+08  6.15e+08  47556.48 -47739.45  13844.31    616.40     78.39    314.89  -3207.19   2423.46      0.00 0
106740 5626.0    197_199_202_203_212_214_218_220_224_227_228_229_231_232_233_235_238_241_243_244_245_246_247_248_250_251_253_255_256_258_259_260_261_262_264_265_267_268_270_271_272_274_275_276_277_279_280_281_284_286_287_288_289_290_291_293_294_295_296_297_298  1.38e+08  1.04e+08 -41562.49 -35573.06  13083.56    617.53     76.55    220.56   3243.67  -8257.15      0.00 0
106741 5626.0    202_203_209_218_224_228_229_232_233_235_239_241_243_244_245_247_248_251_255_256_259_264_271_274_279  1.15e+08  8.79e+07 -15937.19 -27077.60  10837.03    640.61     70.97    239.52   5811.33  -5717.13      0.00 0
106742 5626.0    28_29_35_40_41_44_45_52_53_55_62_63_66_67_78_79_82_83_88_89_91_94_95_102_103_106_107_110_111_116_117_120_121_124_125_128_129_136_137_140_141_145_146_148_151_152_154_157_158_161_162_167_168_172_173_175_176_178_181_182_184_185_187_191_197_198_199_202_203_209_212_215_218_224_228_229_232_233_241_245_247_248_251_256_262_265_268_282  7.41e+08  5.92e+08 -69701.28   5620.28  13643.20    659.81     78.96    175.39   6118.21  -4302.35      0.00 0
106743 5626.0    107_111_121_129_137_141_162_168_173_191_197_214  7.24e+08  5.81e+08   5069.38  19601.84   9436.91    615.36     65.01     75.50   2591.62  -4402.59      0.00 0
106744 5626.0    93_105_109_119_123_127_135_139_150_156_160_166_171_180_189_195_201_204  1.26e+08  9.62e+07  14251.06  21255.86  10329.08    606.51     68.02     56.16  -2116.12   4468.81      0.00 0
106745 5626.0    0_1_2_3_4_5_6_7_8_9_10_11_12_13_14_15_16_17_18_19_20_21_22_23_24_25_26_27_28_29_30_31_32_33_34_35_36_37_38_39_40_41_42_43_44_45_46_47_48_49_50_51_52_53_54_55_56_57_58_59_60_61_62_63_64_65_66_67_68_69_70_71_72_73_74_75_76_77_78_79_80_81_82_83_84_85_86_87_88_89_90_91_92_93_94_95_96_97_98_99_100_101_102_103_104_105_106_107_108_109_110_111_112_113_114_115_116_117_118_119_120_121_122_123_124_125_126_127_128_129_130_131_132_133_134_135_136_137_138_139_140_141_143_144_145_146_147_148_150_151_152_153_154_155_157_158_160_161_162_164_165_166_167_168_170_171_172_173_175_176_177_178_179_181_182_184_185_187_188_190_191_193_194_196_197_198_199_200_202_203_206_208_209_210_211_212_214_215_216_217_218_220_221_222_224_228_229_232_233_235_236_239_240_241_244_245_247_248_251_255_256_259_262_265_268_272_282  5.01e+08  3.94e+08 -251482.08  54372.35  13619.23    670.38     86.97    167.80  -2712.72   -453.03      0.00 0
106746 5626.0    122_130_138_142_147_153_155_159_163_169_174_177_179_186_188_192_210  1.41e+08  1.09e+08  19795.60 -15366.11  10160.36    619.36     67.93    322.18   3711.75   3861.39      0.00 0
106747 5626.0    119_127_135_139_144_150_156_160_166_171_180_183_189_195_201_204_207_225  5.01e+08  3.89e+08 -46413.05 -39222.07  13127.03    663.21     77.81    220.20  -4194.64   4850.23      0.00 0
106748 5626.0    176_178_185_187_193_199_202_203_209_212_214_215_218_220_221_224_228_229_231_232_233_235_236_238_239_241_243_244_245_247_248_251_253_255_256_258_259_262_264_265_267_268_270_271_272_274_277_279_281_284_287_289_291_293_295_298  4.79e+08  3.76e+08 -32901.96 -46624.23  13300.33    609.61     76.88    234.79   5745.98  -5389.43      0.00 0
106749 5626.0    37_47_48_57_58_62_69_70_73_74_82_85_88_93_94_97_98_105_106_110_113_119_120_123_124_128_131_132_135_136_140_144_145_150_151_160_161_167_172_175_184_190_196_198_211_213_217_219_223_230_234_237_242_252_257  4.79e+08  3.78e+08  -8683.50  51014.98  12873.63    617.99     76.03     99.66  -3859.22   -647.87      0.00 0
106750 5626.0    11_15_16_20_23_24_31_32_37_47_48_51_52_57_58_61_62_69_70_73_74_81_82_85_87_88_93_94_97_98_105_106_109_110_113_119_120_123_124_128_131_132_135_136_139_140_145_150_151_160_161_166_167_171_172_175_184_196_198_211_213_217_219_223_234_237_242_254_257_263_273  3.72e+08  2.91e+08   3341.20  46272.45  12413.59    624.73     75.02     85.87  -3095.70  -2477.60      0.00 0
106751 5626.0    25_26_34_38_49_50_54_59_60_64_71_72_75_76_83_84_86_90_95_96_99_100_107_108_111_112_114_121_122_125_126_130_133_134_137_138_141_142_143_146_147_152_153_154_155_159_162_163_164_165_168_169_170_173_174_176_177_178_179_185_186_187_188_192_193_194_197_199_202_203_207_208_209_210_212_215_216_218_220_221_222_224_228_229_232_233_235_236_238_239_240_241_243_244_245_247_248_251_255_256_258_259_262_264_265_268_270_271_272_274_279_282_284  3.63e+08  2.79e+08 -17864.71 144661.34  15603.00    628.57     83.89     97.04   6357.85  -6914.14      0.00 0
106752 5626.0    116_117_128_129_140_141_148_157_158_161_162_167_168_172_173_175_181_182_184_185_190_191_196_197_198_199_200_205_206_211_212_213_214_217_218_219_220_223_224_226_227_230_231_233_234_235_237_238_241_242_243_244_246_248_249_250_251_252_253_254_255_256_257_258_259_260_261_262_263_264_265_266_267_268_269_270_271_272_273_274_275_276_277_278_279_280_281_282_283_284_285_286_287_288_289_291  5.50e+08  4.27e+08 -132985.80  13461.31  15560.18    625.12     83.36    174.22   6251.87  -8332.51      0.00 0
106753 5626.0    91_102_103_107_111_116_117_121_128_129_137_140_141_146_148_152_157_158_161_162_167_168_172_173_176_178_181_182_184_185_190_191_196_197_198_199_200_202_203_205_206_209_211_212_213_214_217_218_219_220_223_224_226_227_228_229_230_231_232_233_234_235_237_238_241_242_243_244_245_247_248_249_251_252_254_256_257_262_263_265  1.74e+08  1.31e+08 -68607.12 -15461.28  13785.00    643.33     78.91    192.70   1056.78  -5617.64      0.00 0
106754 5626.0    14_19_22_27_30_36_39_42_43_46_51_54_56_57_60_61_64_65_68_77_80_81_84_87_90_92_93_96_101_104_105_108_109_112_115_118_119_122_123_126_127_130_135_138_139_142_144_147_149_150_153_155_156_159_160_163_169_174_177_179_186_210  8.91e+08  7.10e+08 -52229.57  -4771.65  12882.24    623.42     76.20    185.22   1354.11   3308.87      0.00 0
106755 5626.0    258_264_271_274_279  2.88e+08  2.24e+08 -22540.84  20982.93  11002.19    607.37     70.34    137.05   5934.06 -10983.96      0.00 0
106756 5626.0    66_78_79_88_91_102_103_106_110_111_116_117_120_128_129_136_140_141_148_158_162_168_173  6.17e+08  4.94e+08  25903.36  -5321.91  10140.47    650.12     69.02    348.39   -254.52  -3842.62      0.00 0
106757 5626.0    69_70_73_74_85_93_94_97_98_105_113_119_120_123_124_131_132_135_144_150_160  1.70e+08  1.34e+08  -2182.16 -27062.64  10722.24    582.92     68.45    265.39  -3507.79   1053.74      0.00 0
106758 5626.0    0_1_2_3_4_5_6_7_8_9_10_11_12_13_14_15_16_17_18_19_20_21_22_23_24_25_26_27_28_29_30_31_32_33_34_35_36_37_38_39_40_41_42_43_44_45_46_47_48_49_50_51_52_53_54_55_56_57_58_59_60_61_62_63_64_65_66_67_68_69_70_71_72_73_74_75_76_77_78_79_80_81_82_83_84_85_86_87_88_89_90_91_92_93_94_95_96_97_98_99_100_101_102_103_104_105_106_107_108_110_111_112_113_114_116_117_119_120_121_122_123_124_125_126_128_129_131_132_133_134_136_137_138_140_141_143_144_145_146_147_148_151_152_153_154_155_157_158_161_162_164_165_167_168_170_172_173_175_176_177_178_179_181_182_184_185_187_188_190_191_193_194_196_197_198_199_200_202_203_205_206_208_209_210_211_212_213_214_215_216_217_218_219_220_221_222_223_224_226_227_228_229_230_231_232_233_234_235_236_237_238_239_240_241_242_243_244_245_246_247_248_249_250_251_252_253_254_255_256_257_258_259_262_263_265_268_272_282  1.02e+08  7.41e+07 298786.78  22570.75  12977.68    579.34     87.52      4.32   2874.56  -2447.35      0.00 0
106759 5626.0    161_167_172_190_196_198_205_211_213_219_226_230_237_246_249_252_260_266_275_276  1.55e+08  1.17e+08 -14124.33  24985.02  11023.03    570.64     68.99    119.48  -2033.42  -7351.16      0.00 0
106760 5626.0    0_1_2_3_4_5_6_7_8_9_10_11_12_13_14_15_16_17_18_19_20_21_22_23_24_25_26_27_28_29_30_31_32_33_34_35_36_37_38_39_40_41_42_43_44_45_46_47_48_49_50_51_52_53_54_55_56_57_58_59_60_61_62_63_64_65_66_67_68_69_70_71_72_73_74_75_76_77_78_79_80_81_82_83_84_85_86_87_88_89_90_91_92_93_95_96_97_99_100_101_102_103_104_105_107_108_109_111_112_114_115_116_117_118_119_121_122_123_125_126_127_129_130_133_134_135_137_138_139_141_142_143_144_146_148_149_150_152_154_155_156_158_159_160_162_164_165_166_168_169_170_171_173_176_178_180_182_183_185_187_189_191_192_193_195_197_199_201_202_203_204_206_207_209_212_214_215_218_220_224_225_228_229_231_232_233_235_238_241_243_244_245_247_248_251_255_256_258_259_262_264_265_268_271_272_274_279_282  6.92e+08  5.37e+08 -81478.18 122820.46  15491.22    642.70     84.00    123.56   5568.11  -6372.53      0.00 0
106761 5626.0    1_2_7_8_11_15_16_19_20_23_24_27_28_31_32_37_39_40_43_44_47_48_51_52_57_58_61_62_65_66_69_70_73_74_77_78_81_82_85_87_88_93_94_101_102_105_106_109_110_127_128  6.46e+08  5.20e+08    -32.66  31190.80  10892.32    628.96     70.75     90.06  -1705.64   -151.04      0.00 0
106762 5626.0    66_78_88_91_94_102_103_106_110_116_117_120_124_128_129_136_140_141_145_148_151_157_158_161_167_168_173_182_191_197  1.00e+09  8.18e+08 -26276.84  11024.19  10034.92    708.37     70.60    157.24  -1125.50  -3933.21      0.00 0
106763 5626.0    9_13_17_21_25_28_29_33_35_38_40_41_44_45_49_53_55_59_62_63_66_67_71_72_75_78_79_83_86_88_89_91_95_99_100_102_103_106_107_110_111_114_116_117_121_125_126_128_129_133_134_136_137_140_141_143_146_148_152_154_155_157_158_161_162_164_165_167_168_170_172_173_176_178_179_181_182_184_185_187_188_190_191_193_194_196_197_198_199_200_202_203_205_206_208_209_210_211_212_213_214_215_216_217_218_219_220_221_222_223_224_226_227_228_229_230_231_232_233_234_235_236_237_238_239_240_241_242_243_244_245_246_247_248_249_250_251_252_253_254_255_256_257_258_259_260_261_262_263_264_265_266_267_268_269_270_273_274_275_276_277_278_280_281_283_285_286_287_288_290_292_294_296  3.72e+08  2.86e+08 -143546.34 -96750.34  15297.17    660.03     84.95    213.98    943.34  -5763.76      0.00 0
106764 5626.0    108_112_122_138_142_147_153_155_163_177_179_186_188_210_216_240  2.63e+08  2.07e+08 -30152.76   3073.44  10578.44    658.94     70.76    174.18   6007.54   3083.12      0.00 0
106765 5626.0    22_30_34_36_42_43_46_54_56_60_64_65_68_76_77_80_84_87_90_92_96_100_101_104_108_109_112_114_115_118_122_126_127_130_134_135_138_139_142_143_147_149_153_155_156_159_160_163_165_166_169_170_171_174_177_179_180_183_186_188_189_192_193_194_195_204_208_210_216_221_222_236_240  1.74e+08  1.32e+08 -56469.76  26404.31  13683.08    601.89     77.62    154.94   2272.90   3146.07      0.00 0
106766 5626.0    0_1_3_4_5_6_7_9_10_12_13_14_17_18_21_22_25_26_27_29_30_33_34_35_36_38_41_42_43_45_46_49_50_53_54_56_59_60_63_64_65_67_68_71_72_75_76_77_79_80_83_84_86_89_90_92_95_96_99_100_101_103_104_107_108_111_112_114_115_118_121_122_125_126_129_130_133_134_137_138_141_142_143_146_149_152_154_156_158_159_162_168_169_173_176_178_180_183_185_191_192_197_199_201_202_203_204_207_212_214_218_220_224_225_233_235_238_241_243_244_251_253_255_256_258_259_264_268_270_271_272_274_279_284  7.59e+08  5.95e+08  22588.63 -73516.82  13990.57    655.75     79.69    287.08   3699.08  -4829.82      0.00 0
106767 5626.0    0_2_3_4_5_6_8_9_10_12_13_17_18_21_22_25_26_28_29_33_35_40_41_44_45_53_55_63_66_67_78_79_89_91_102_103_116_117_128_129_148_157_158_181_182_190_200_205_206_226_227_246  4.68e+08  3.73e+08   3761.68  31084.81  10555.77    680.40     71.37     83.10    203.59  -3825.77      0.00 0
106768 5626.0    146_152_154_162_164_170_173_176_178_185_187_193_194_197_199_202_203_208_209_212_214_215_216_218_220_221_222_224_228_229_232_233_235_236_238_240_241_243_244_248_251_253_255_256_258_259_264_267_270_271_274_277_279_281_284_289_291_295  2.51e+08  1.94e+08  17369.57  47852.39  12447.52    668.05     76.26     70.05   4433.92  -6455.63      0.00 0
106769 5626.0    0_1_2_3_4_5_6_7_8_9_10_11_12_13_14_15_16_17_18_19_20_21_22_23_24_25_26_27_28_29_30_31_32_33_34_35_36_37_38_39_40_41_42_43_44_45_46_47_48_49_50_51_52_53_54_55_56_57_58_59_60_61_62_63_64_65_66_67_68_71_72_75_76_77_78_79_80_82_83_84_87_88_89_90_91_92_101_102_103_104_107_108_111_112_115_116_117_118_127_128_129_130_141_148_149_156_157_158_159_168_169_180_181_182_183_190_191_192_197_200_201_204_205_206_207_214_225_226_227_231_246_249_250_253_260_261_267_275_277_287  2.24e+08  1.72e+08   1183.22 -61067.57  13540.90    610.52     77.50    271.11    382.21  -1213.47      0.00 0
106770 5626.0    260_261_266_267_270_275_276_277_281_284_287_289_291  2.24e+08  1.77e+08  26772.59 -10336.05  10632.99    622.24     69.67    338.89   2521.36 -10755.73      0.00 0
106771 5626.0    0_1_4_6_7_10_11_14_15_18_19_22_23_26_27_30_31_34_36_37_39_42_43_46_47_50_51_54_56_57_60_61_64_65_68_69_73_76_77_80_81_84_90_96_108_112_122_126_138_147_153_177  6.46e+08  5.26e+08 -26011.47  -7769.19  10031.19    681.04     69.72    196.63   1313.38   1790.86      0.00 0
106772 5626.0    0_3_4_5_8_9_12_13_17_18_20_21_22_25_26_28_29_33_34_35_38_40_41_44_45_49_50_53_54_55_59_60_62_63_66_67_71_72_75_76_78_79_83_84_86_88_89_91_95_96_99_100_102_103_107_108_110_111_114_116_117_121_122_125_126_128_129_133_134_136_137_140_143_147_148_153_154_155_157_161_164_165_167_170_172_177_179_186_188_190_194_196_198_208_210_211_216_219_222_234_240  1.32e+08  9.98e+07 -49335.18 -46167.05  13783.59    625.40     78.47    223.10   5304.86   1873.15      0.00 0
106773 5626.0    114_133_134_143_146_154_164_165_170_176_178_187_193_202_203_209_215_228_229_232_233_245_248_251_262_265_268_282  2.51e+08  1.98e+08 -10112.48  28150.14  10692.17    635.33     70.33    109.76   6042.06  -2789.41      0.00 0
106774 5626.0    226_227_230_237_242_246_249_250_252_253_254_257_258_260_261_263_266_267_269_270_273_274_275_276_277_279_281_284  3.55e+08  2.77e+08 -32621.96   7904.14  11120.35    635.26     71.67    166.38   -129.82  -9156.84      0.00 0
106775 5626.0    0_1_2_3_4_5_6_7_8_9_10_11_12_13_14_15_16_17_18_19_20_21_23_24_25_26_28_29_31_32_33_35_37_38_40_41_44_45_47_48_49_51_52_53_55_57_58_59_62_63_66_67_69_70_71_73_74_75_78_79_81_82_83_85_89_93_94_95_97_98_99_107_111_113_121_123_125_131_132_137_144_146_152_154_176_178  4.57e+08  3.61e+08 -42547.53  16145.30  12227.84    640.17     74.96    159.22  -1577.85   -325.39      0.00 0
106776 5626.0    63_67_79_83_89_91_95_99_103_107_111_116_117_121_125_128_129_133_137_141_143_146_148_152_154_157_158_162_164_165_167_168_170_173_176_178_181_182_185_187_190_191_193_194_196_197_199_200_202_203_205_206_208_209_211_212_213_214_215_216_218_219_220_221_222_224_226_227_228_229_230_231_232_233_234_235_236_237_238_239_240_242_245_246_247_249_250_252_254_257_260_263_266_269_273_278_280_283_285_292  2.45e+08  1.89e+08  62267.71  45173.76  13827.69    678.15     79.81     35.96   3089.00  -4139.75      0.00 0
106777 5626.0    191_197_206_214_220_231_238_250_253_258_261_267_270_277_281_287_289_291_295  3.24e+08  2.53e+08   4306.46  27098.10  10587.51    605.86     68.90     80.97   1761.29  -9432.55      0.00 0
106778 5626.0    0_1_2_3_4_5_6_7_8_9_10_11_12_13_14_15_16_17_18_19_20_21_22_23_24_25_26_27_28_29_30_31_32_33_34_35_36_37_38_39_40_41_42_43_44_45_46_47_48_49_50_51_52_53_54_55_56_57_58_59_60_61_62_63_64_65_66_67_68_69_70_71_72_73_74_75_76_77_78_79_80_81_82_83_84_85_86_88_89_90_91_93_94_95_96_97_98_99_100_102_103_106_107_108_110_111_113_114_120_121_122_123_124_125_126_131_132_133_134_136_138_140_143_145_146_147_151_153_154_155_161_164_165_170_175_177_178_179_184_187_188_193_194_208_210_215_216_221_222_236_239_240  4.37e+08  3.38e+08 -103838.39 -24316.84  15197.20    620.49     81.89    193.18   5151.66    703.61      0.00 0
106779 5626.0    0_1_2_3_4_5_6_7_8_9_10_11_12_13_14_15_16_17_18_19_20_21_22_23_24_25_26_27_28_29_30_31_32_33_34_35_36_37_38_39_40_41_42_43_44_45_46_47_48_49_50_51_52_53_54_55_56_57_58_59_60_61_62_63_65_66_67_68_69_70_71_72_73_74_75_77_78_79_80_81_82_83_85_86_87_88_89_91_93_95_97_98_99_101_102_103_105_107_109_111_113_116_117_119_121_123_125_127_129_131_135_137_139_141_144_146_148_150_152_158_160_162_166_168_171_173_176_185_191_197_199_202_203_212_214_218_220_224_228_233_235_238_241_243_244_248_251_255_256_258_259_264_265_268_271_272_279_282  1.48e+08  1.10e+08 -55953.50  64891.41  14661.57    613.23     80.29    130.77   2424.60  -3620.11      0.00 0
106780 5626.0    0_1_2_3_5_7_8_9_11_13_15_16_17_19_20_21_23_24_28_29_31_32_35_37_40_41_44_45_47_48_51_52_53_55_57_58_62_63_66_67_69_70_73_74_78_79_81_82_83_85_88_89_91_93_94_97_98_102_103_105_106_107_110_111_113_116_117_119_120_123_124_128_129_131_132_136_137_140_141_144_145_148_150_151_152_157_158_161_162_167_168_172_173_175_181_182_184_185_190_191_196_197_198_199_200_205_206_211_212_213_214_217_218_219_220_223_224_226_227_230_231_234_235_237_238_241_242_243_244_246_249_250_251_252_253_254_255_256_257_258_259_260_261_263_264_266_267_268_269_270_271_272_274_275_276_277_279_280_281_284_286_287_289_291_293_295_298  4.79e+08  3.73e+08 129699.05 -124376.94  15247.62    659.92     85.15    316.20  -1567.13  -4527.61      0.00 0
106781 5626.0    141_152_158_162_168_173_176_178_181_182_185_191_197_199_200_202_203_205_206_209_212_213_214_215_218_220_224_226_227_228_229_230_231_232_233_235_237_238_239_241_242_243_244_245_246_247_248_249_250_251_252_253_255_256_257_258_259_260_261_262_263_264_265_266_267_268_269_270_271_272_273_274_275_276_277_278_279_280_281_282_283_284_285_286_287_288_289_290_291_292_293_294_295_296_297_298  1.17e+08  8.54e+07 176108.31  98222.02  15232.75    630.23     85.68     29.15    233.81 -11016.26      0.00 0
106782 5626.0    12_17_18_21_22_25_26_33_34_38_41_42_49_50_53_54_59_60_63_64_68_71_72_75_76_83_84_86_89_90_95_96_99_100_107_108_111_112_114_121_122_125_126_129_130_133_134_137_138_141_142_143_146_147_152_153_154_155_162_163_165_168_169_173_174_177_179_185_186_192_197_199_212_214_220_238  2.63e+08  2.04e+08  -2868.70 -60161.28  13595.43    597.29     77.28    267.27   3349.44   2491.57      0.00 0
106783 5626.0    275_277_281_284_286_287_289_291  1.00e+08  7.78e+07 -21461.57  -1621.24   9862.96    586.22     65.38    184.32   1773.37 -10860.25      0.00 0
106784 5626.0    0_1_2_3_4_5_6_7_8_9_10_11_12_13_14_15_16_17_18_19_20_21_23_24_25_26_27_28_29_30_31_32_33_35_36_37_38_39_40_41_43_45_47_48_49_51_52_53_57_58_59_61_63_65_69_70_71_73_74_75_81_83_85_87_93_95_97_105_113_119_123_131_144_150  5.13e+08  4.12e+08  38247.69 -18448.49  11976.22    639.01     74.25    334.25  -2994.21   1183.40      0.00 0
106785 5626.0    0_1_2_3_4_5_6_7_8_9_10_11_12_13_14_15_16_17_18_19_20_22_23_24_25_26_27_28_30_31_32_33_34_37_38_47_48_49_50_51_52_57_58_60_69_70_71_72_73_74_76_85_94_97_98_113_124_131_132  6.61e+08  5.39e+08 -29009.57  -3084.87  10010.96    726.33     71.06    186.07  -1967.26   -113.63      0.00 0
106786 5626.0    55_66_78_79_88_89_91_102_103_106_107_110_111_116_117_120_128_129_136_137_140_141_145_148_151_152_157_158_161_162_167_168_173_176_182_185_191_197_199_203_212_218_224_228_233_235_241_244_245_248_251_256_262_265_268_282  4.68e+08  3.64e+08  44457.90  -8867.43  12155.58    648.21     74.99    348.72   2439.49  -4614.74      0.00 0
106787 5626.0    59_71_75_83_86_89_95_99_100_107_111_114_121_125_129_133_134_137_141_146_152_154_158_162_168_173_176_185_191_197_199_206_212_214_218_220_224_227_231_235_238_243_244_250_253_255_258_261_264_267_270_271_274_275_277_279_281_284_287_289_291_293_295_298  4.47e+08  3.49e+08  -7682.49 -60727.95  13458.32    622.15     77.60    262.79   2443.41 -10049.88      0.00 0
106788 5626.0    255_264_271_279  2.63e+08  2.07e+08  13712.65 -23260.89  10473.37    613.46     68.80    300.52   5926.20 -10924.03      0.00 0
106789 5626.0    0_1_2_3_4_5_6_7_8_9_10_11_12_13_14_15_16_17_19_20_21_23_24_27_28_29_30_31_32_35_36_37_39_40_41_43_44_45_47_48_51_52_55_56_57_58_61_62_63_65_66_67_69_70_73_74_77_78_79_81_82_85_87_88_89_91_93_94_97_98_101_102_103_105_106_109_110_111_116_117_119_120_127_128_129_135_136_139_140_148_150_156_157_158_160_166_167_168_171_172_181_182_189_190_191_195_196_197_200_205_206_213_214_226_227_230_231_237_238_246_249_250_252_253_258_260_261_266_267_270_275_276_277_280_281_284_286_287_288_289_291_293_294_295_297_298  4.07e+08  3.13e+08 -16332.67  76971.30  14356.26    617.85     79.66    101.98    351.05  -8391.00      0.00 0
106790 5626.0    57_69_73_81_85_87_93_97_98_105_109_113_119_123_124_127_131_132_135_139_144_145_150_156_160_166_171_175_189_195_204_225  1.74e+08  1.33e+08 -15895.89 -42857.19  12222.35    643.24     75.03    249.65  -3769.02   2042.95      0.00 0
106791 5626.0    0_1_3_4_6_7_10_12_14_15_17_18_19_22_25_26_27_30_31_33_34_36_38_39_42_43_46_49_50_51_54_56_57_59_60_61_64_65_68_71_72_75_76_77_80_81_84_86_87_90_92_93_99_100_101_105_109_114_115_119_125_127_133_135_139_150_160_166_171  7.08e+08  5.67e+08 -33142.07  24452.31  11996.92    620.44     73.76    143.58  -1104.08   2601.51      0.00 0
106792 5626.0    0_1_2_3_4_5_6_7_8_9_10_11_12_13_14_15_16_17_18_19_20_21_22_23_24_25_26_27_28_29_30_31_32_33_34_35_36_37_38_39_40_41_42_43_44_45_46_47_48_49_50_51_52_53_54_55_56_57_58_59_60_61_62_63_65_66_67_69_70_71_72_73_74_75_76_78_79_81_82_83_85_86_87_88_89_91_93_94_95_97_98_99_100_103_105_107_111_113_114_119_121_123_125_131_132_133_137_141_143_144_146_150_152_154_162_164_170_176_178_185_187_193_202_203_209_215_218_221_228_229_232_233_239_245_247_248_251_262_265  6.17e+08  4.86e+08  72992.34 -29224.42  14203.61    637.04     79.76    338.18   4073.02  -2128.51      0.00 0
106793 5626.0    10_14_18_22_26_27_30_34_36_38_39_42_43_46_50_54_56_60_64_65_68_71_72_76_77_80_84_86_87_90_92_100_101  1.48e+08  1.13e+08 -20449.07  13208.85  10418.84    570.94     66.83    147.14    938.88   1682.87      0.00 0
106794 5626.0    95_99_100_114_121_122_125_126_133_134_137_143_146_147_152_153_154_155_162_164_165_170_173_176_177_178_179_185_186_187_188_193_194_199_202_203_208_209_210_212_215_216_218_221_222_224_228_229_233_235_236_240_241_243_244_255_264  9.55e+08  7.67e+08  12184.60  66650.69  13748.03    631.29     78.53     79.64   6376.06   4413.13      0.00 0
106795 5626.0    0_1_2_3_4_5_6_7_8_9_10_11_12_13_14_15_16_17_18_19_20_21_22_23_24_25_26_27_28_29_30_31_32_33_34_35_36_37_38_39_40_41_42_43_44_45_46_47_48_49_50_51_52_53_54_55_56_57_58_59_60_61_62_63_64_65_66_67_68_69_70_71_72_73_75_76_77_78_79_80_81_83_84_86_87_89_90_91_92_93_95_96_97_99_100_101_103_104_105_107_108_109_111_112_114_115_117_118_119_121_123_125_127_129_130_133_134_135_137_139_141_143_144_146_149_150_152_154_156_158_159_160_162_164_166_168_171_173_176_178_180_185_187_189_191_195_197_199_202_203_204_209_212_218_220_224_228_229_233_235_241_243_244_245_248_251_255_256_259_262_264_265_268_271_272_279_282  5.75e+08  4.49e+08  59842.80 -79500.63  14800.31    649.03     81.54    306.97   2322.81  -1675.00      0.00 0
106796 5626.0    41_45_53_55_59_63_67_75_78_79_83_89_91_95_99_102_103_107_110_111_116_117_121_125_128_129_133_137_140_141_143_146_148_152_154_157_158_161_162_164_167_168_170_172_173_176_178_181_182_185_187_190_191_193_194_196_197_198_199_200_202_203_205_206_208_209_211_212_213_214_215_217_218_219_220_221_222_223_224_226_227_228_229_230_231_232_233_234_235_236_237_238_239_240_241_242_243_244_245_246_247_248_249_250_251_252_253_254_255_256_257_258_259_260_261_262_263_264_265_266_267_268_269_270_271_272_273_274_275_276_277_278_279_280_281_282_283_284_285_286_287_288_289_290_291_292_293_294_295_296_297  1.32e+08  9.51e+07 166906.09  90962.39  15627.73    603.11     85.30     28.59   5365.49  -4700.47      0.00 0
106797 5626.0    255_264_271_274_279  3.16e+08  2.51e+08   3121.84  21064.73   9436.56    640.60     66.10     81.57   4404.46 -10010.61      0.00 0
106798 5626.0    116_117_148_157_181_182_190_200_205_206_226_227_230_231_246_249_250_260_261_266_267_275_276_277_286_287_288_289_293_294_295_297_298  1.48e+08  1.11e+08   3574.11 -41861.93  12261.94    595.55     73.73    274.88    153.87 -10294.57      0.00 0
106799 5626.0    83_89_103_107_111_117_129_137_141_148_158_168_182_191_200_206_227  3.24e+08  2.55e+08   8128.32  23236.83  10021.15    630.01     67.85     70.72   1459.39  -4838.17      0.00 0
