#event_number primary_type du_ids energy_primary em_energy Xmax_pos(x, y, z), Xmax_grams zenith azimuth shower_core_pos_x shower_core_pos_y shower_core_pos_z, N_tested_cores, units are degrees, GeV and meters
102400 5626.0    0_1_2_3_4_5_6_7_8_9_10_11_12_13_14_15_16_17_18_19_20_21_22_23_24_25_26_27_28_29_30_31_32_33_34_35_36_37_38_39_40_41_42_43_44_45_46_47_48_49_50_51_52_53_54_55_56_57_58_59_60_61_62_63_64_65_66_67_68_69_70_71_72_74_75_76_77_78_79_80_81_82_83_84_86_87_88_89_90_91_92_95_96_99_100_101_102_103_104_106_107_108_109_110_111_112_114_115_116_117_118_121_122_125_126_127_128_129_130_133_134_137_138_140_141_142_143_146_147_148_149_152_153_154_155_156_157_158_159_162_163_164_165_167_168_169_170_172_173_174_176_177_178_179_180_181_182_183_185_186_187_188_189_190_191_192_193_194_196_197_199_200_201_202_203_204_205_206_207_208_209_210_212_213_214_215_216_218_219_220_224_225_226_227_228_230_231_233_235_237_238_241_243_244_246_249_250_251_252_253_255_256_257_258_259_260_261_264_266_267_269_270_271_273_274_275_276_277_279_280_281_283_284_286_287_288_289_290_291_292_293_294_295_296_297_298  4.07e+10  3.48e+10  20902.34 183173.23  14444.85    760.08     85.52     83.49   2321.31   -413.86      0.00 0
102401 5626.0    0_1_2_3_4_5_6_7_8_9_10_11_12_13_14_15_16_17_18_19_21_22_23_24_25_26_27_29_30_31_33_34_36_38_39_41_42_43_46_47_49_50_51_53_54_56_57_59_60_61_63_64_65_68_71_72_73_75_76_77_80_81_83_84_86_87_90_92_93_95_96_99_100_101_104_105_107_108_109_112_114_115_118_119_121_122_123_125_126_127_130_133_134_135_137_138_139_142_143_144_146_147_149_150_152_153_154_155_156_159_160_163_164_165_166_169_170_171_176_177_178_179_180_183_185_187_188_189_192_193_194_195_201_202_203_204_208_209_215_216_221_222_225_228_229_232_233_236_239_245_247_248_251_262_265_282  3.47e+09  2.82e+09 -88359.35  66559.37  14897.88    668.89     82.33    143.01    -77.01   3060.57      0.00 0
102402 5626.0    140_148_157_161_167_172_175_181_182_184_190_191_196_197_198_200_205_206_211_213_214_217_219_220_223_226_227_230_231_234_235_237_238_242_243_244_246_249_250_252_253_254_255_257_258_259_260_261_263_264_266_267_269_270_271_272_273_274_275_276_277_278_279_280_281_283_284_285_286_287_288_289_290_291_293_295  1.05e+09  8.33e+08 -103692.04  36861.91  15251.02    622.59     82.11    160.43   1940.53  -9405.46      0.00 0
102403 5626.0    8_13_28_29_35_40_44_45_55_66_78_79_91_102_103_116_117_148_157_158_181_182_200_206  1.66e+09  1.36e+09   2843.18 -22761.61   9342.35    695.28     67.84    277.12     12.27  -4204.33      0.00 0
102404 5626.0    0_1_2_3_4_5_6_7_8_9_10_11_12_13_14_15_16_17_18_19_20_21_22_23_24_25_26_27_28_29_30_31_32_33_34_35_36_37_38_39_40_41_42_43_44_45_46_47_48_49_50_51_52_53_54_55_56_57_58_59_60_61_62_63_64_65_66_67_68_69_70_71_72_73_74_75_76_77_78_79_80_81_82_83_84_86_87_88_89_90_91_92_93_95_96_99_100_101_102_103_104_105_106_107_108_109_110_111_112_114_115_116_117_118_121_122_125_126_127_128_129_130_133_134_135_137_138_139_140_141_142_143_146_147_148_149_152_153_154_155_156_157_158_159_162_163_164_165_166_167_168_169_170_171_173_174_176_177_178_179_180_181_182_183_185_186_187_188_189_190_191_192_193_194_195_196_197_199_200_201_202_203_204_205_206_207_208_209_210_212_213_214_215_216_218_220_221_222_224_225_226_227_228_229_230_231_232_233_235_236_237_238_239_241_243_244_245_246_247_248_249_250_251_252_253_255_256_258_259_260_261_262_264_265_266_267_268_270_271_272_274_275_276_277_279_280_281_282_284_286_287_288_289_291_293_294_295_296_297_298  1.55e+09  1.25e+09 -14263.08 238667.56  14121.00    670.85     86.62     93.42   2905.94  -5812.86      0.00 0
102405 5626.0    0_1_2_3_4_5_6_7_8_9_10_11_12_13_14_15_16_17_18_19_20_21_22_23_24_25_26_27_28_29_30_31_32_33_34_35_36_37_38_39_41_43_45_47_48_49_50_51_53_57_59_61_63_67_69_71_72_73_75_81_83_86_89_93_95_99_105_107_121_125_137_146_152_154_176_178_202  1.41e+10  1.21e+10  29867.39 -18123.97  10761.14    711.53     72.88    328.75   1142.77   -735.26      0.00 0
102406 5626.0    0_1_2_3_4_5_6_7_8_9_10_11_12_13_14_15_16_17_18_19_20_21_22_23_24_25_26_27_28_29_30_32_33_34_35_36_38_39_40_41_42_43_44_45_46_49_50_52_53_54_55_56_58_59_60_62_63_64_66_67_68_77_78_79_80_82_83_84_88_89_90_91_92_102_103_104_110_112_116_117_118_128_129_130_140_148_157_158_167_172_181_182_190_196_200_205_206_213_219_226_227_230_237_246_249_252_257_260_266_269_273_275_276_280_283_286_288_290_292_294_296  3.09e+10  2.67e+10  10489.14  49305.19  11990.43    731.56     76.62     77.99   -580.32  -4591.23      0.00 0
102407 5626.0    3_4_6_10_12_14_17_18_21_22_25_26_27_30_33_34_36_38_41_42_43_46_49_50_53_54_56_59_60_63_64_68_71_72_75_76_77_80_83_84_86_89_90_92_95_96_99_100_101_104_107_108_111_112_114_115_118_121_122_125_126_127_130_133_134_137_138_141_142_143_146_147_149_152_153_154_155_156_159_162_163_164_165_166_169_173_174_176_178_180_183_185_187_189_192_199_201_202_203_204_207_209_212_218_224_225_228_229_233_235_241_244_245_248_251_255_256_259_265_268_272_282  1.05e+10  8.83e+09 -28276.94  59874.40  13099.07    710.83     78.81    115.28   2360.18   1450.85      0.00 0
102408 5626.0    89_95_99_103_107_111_114_117_121_125_129_133_137_141_143_146_148_152_154_158_162_164_165_168_170_173_176_178_181_182_185_187_191_193_194_197_199_200_205_206_212_214_220_226_227_230_231_238_246_249_250_252_260_261_266_269_275_276_280_283_288_290  1.38e+09  1.11e+09 -26091.77 -36646.91  12037.24    660.92     75.02    234.55   1790.41  -5411.15      0.00 0
102409 5626.0    0_1_2_3_4_5_6_7_8_9_10_11_12_13_14_15_16_17_18_19_20_21_22_23_24_25_26_27_28_29_30_31_32_33_34_35_36_37_38_39_40_41_42_43_44_45_46_47_48_49_50_51_52_53_54_55_56_57_58_59_60_61_62_63_64_65_66_67_68_69_70_71_72_73_74_75_76_77_78_79_80_81_82_83_84_85_86_87_89_90_92_93_94_95_96_97_98_99_100_101_104_105_107_108_109_111_112_113_114_115_118_119_121_122_123_125_126_127_130_131_132_133_134_135_137_138_139_142_143_144_146_147_149_150_152_153_154_155_156_159_160_162_163_164_165_166_169_170_171_174_176_177_178_179_180_183_185_186_187_188_189_192_193_194_195_201_202_203_204_207_208_209_210_215_216_221_222_225_228_229_232_233_236_239_240_245_247_248_262  3.47e+09  2.81e+09 262709.66 -101002.62  12830.09    669.81     87.39    338.97    653.03   3257.95      0.00 0
102410 5626.0    103_107_111_116_117_129_141_148_157_158_168_181_182_190_191_200_205_206_213_226_227_230_237_246_249_252_257_260_266_269_273_276_280_283_290_292  9.12e+09  7.78e+09  16769.68  25480.91   9876.07    777.73     72.06     56.65   -395.61  -7038.84      0.00 0
102411 5626.0    28_35_40_44_45_52_55_58_62_66_67_74_78_79_82_88_89_91_94_98_102_103_106_107_110_111_116_117_120_124_128_129_132_136_137_140_141_145_148_151_152_157_158_161_162_167_168_172_173_175_181_182_184_185_190_191_196_197_198_199_200_203_205_206_211_212_213_214_217_218_219_220_223_224_226_227_228_230_231_233_235_238_241_243_244_248_250_251_253_255_256_258_259_262_264_265_268_270_271_272_274_279_282  6.61e+09  5.48e+09  86464.97 -36524.22  14446.86    675.30     81.25    337.10   2978.59  -6231.39      0.00 0
102412 5626.0    43_46_56_61_65_68_77_80_87_90_92_101_104_105_108_109_112_115_118_119_122_127_130_135_138_142_149_153_156_159_163_169_174_177_186_192  9.55e+09  8.09e+09  43827.94  13852.55  11656.54    730.77     75.77     17.54   4218.90   5045.62      0.00 0
102413 5626.0    71_72_75_76_86_95_96_99_100_108_112_114_121_122_125_126_133_134_137_138_142_143_146_147_152_153_154_155_162_163_164_165_169_170_173_174_176_177_178_179_185_186_187_188_193_194_199_202_203_208_209_210_212_215_216_218_221_222_224_228_229_232_233_235_236_239_240_241_243_244_245_247_248_251_255_256_259_262_264_265_268_271_272_279_282  1.66e+10  1.41e+10 -15509.32 135492.78  14526.41    766.31     83.92     96.53   6347.44   1352.61      0.00 0
102414 5626.0    118_130_138_142_149_153_156_159_163_169_174_177_180_183_186_192  8.32e+09  7.06e+09 -31038.22   4516.92  10525.08    686.11     71.45    171.72   4039.44   4810.92      0.00 0
102415 5626.0    0_1_2_3_4_5_6_7_8_9_10_11_12_13_14_15_16_17_18_19_20_21_22_23_24_25_26_27_28_29_30_31_32_33_34_35_37_38_39_40_41_44_45_47_48_49_50_51_52_53_55_57_58_59_62_63_66_67_69_70_71_72_73_74_75_76_78_79_81_82_83_85_86_88_89_91_93_94_95_97_98_99_102_103_106_107_110_111_113_114_116_117_120_121_123_124_125_128_129_131_132_133_136_137_140_141_143_145_146_148_151_152_154_157_158_161_162_164_167_168_170_173_175_176_178_182_184_185_187_191_193_197_199_202_203_209_212_215_218_221_224_228_229_232_233_235_239_241_244_245_247_248_251_256_262_265_268_282  5.25e+10  4.55e+10 110670.65 -28889.43  14246.68    771.09     82.90    345.37   6279.20  -3790.22      0.00 0
102416 5626.0    140_148_151_157_161_167_172_175_181_182_184_190_191_196_198_200_205_206_211_213_214_217_219_220_223_226_227_230_231_234_235_237_238_242_243_246_249_250_252_253_254_255_257_258_259_260_261_263_264_266_267_269_270_271_273_274_275_276_277_278_279_280_281_283_284_285_286_287_288_289_290_291_292_293_294_295_296_297_298  8.32e+09  6.89e+09 153709.86 -67730.03  15079.63    691.40     84.87    336.22   -675.89  -9682.61      0.00 0
102417 5626.0    60_64_68_72_76_84_86_90_96_99_100_104_108_112_114_118_122_125_126_130_133_134_138_142_143_146_147_149_153_154_155_159_163_164_165_169_170_174_176_177_178_179_180_183_186_187_188_192_193_194_201_202_203_204_207_208_209_210_215_216_221_222_225_228_229_232_236_239_240_245_247_248_262_265_282  1.51e+09  1.22e+09 -44453.81  72258.65  14212.20    667.48     80.49    121.60   3225.23   4446.47      0.00 0
102418 5626.0    242_254_257_263_273_278_283_285_290_292_296  8.91e+10  7.85e+10   9715.62 -24488.88   9578.66    737.55     70.02    291.64  -3811.69 -10359.14      0.00 0
102419 5626.0    248_251_256_259_262_265_268_271_272_282  4.79e+09  4.02e+09  -8958.15 -24679.29   9910.40    681.13     69.32    250.05   6256.44  -9085.74      0.00 0
102420 5626.0    44_45_55_63_66_67_78_79_88_89_91_95_102_103_106_107_110_111_116_117_120_121_125_128_129_136_137_140_141_145_146_148_151_152_154_157_158_161_162_167_168_172_173_175_176_178_181_182_184_185_187_190_191_196_197_198_199_200_202_203_205_206_209_211_212_213_214_215_217_218_219_220_223_224_226_227_228_229_230_231_232_233_234_235_237_238_239_241_242_243_244_245_246_247_248_249_250_251_252_253_254_255_256_257_258_259_260_261_262_263_264_265_266_268_269_271_272_273_278_282  1.15e+09  9.00e+08 -124484.58 -11219.46  15125.34    668.38     83.10    185.15  -1757.52  -5924.58      0.00 0
102421 5626.0    59_63_83_89_95_103_107_111_121_129_137_141_158_162_168_173_191_197_199_206_212_214_220_231_235_238_243_253_258_264_267_270_274_281_284_291  7.08e+09  5.97e+09  -2368.19  33037.90  10864.56    665.12     71.84     94.10   2627.33  -6095.92      0.00 0
102422 5626.0    168_173_197_199_212_218_224_233_241_248_251  4.47e+10  3.92e+10 -18219.82   -664.91   8289.57    741.44     65.55    182.09   4637.63  -5530.47      0.00 0
102423 5626.0    104_112_115_118_127_130_138_142_149_153_156_159_163_166_169_174_177_180_183_186_189_192  9.12e+10  8.04e+10  25782.25  -4328.34   9386.31    766.54     70.25    350.47   1735.58   4840.81      0.00 0
102424 5626.0    0_1_2_3_4_5_6_7_8_9_10_11_12_13_14_15_16_17_18_19_20_21_22_23_24_25_26_27_28_29_30_31_32_33_34_35_36_37_38_39_40_41_42_43_44_45_46_47_48_49_50_51_52_53_54_55_56_57_58_59_60_61_62_63_64_65_66_67_68_69_70_71_72_73_74_75_76_77_78_79_80_81_82_83_84_85_86_87_88_89_91_93_94_95_96_97_98_99_100_103_105_107_109_111_113_114_119_121_123_124_125_131_132_133_134_135_137_141_143_144_146_150_152_154_160_162_164_165_170_176_178_185_187_193_202_203_208_209_215_218_221_228_229_232_233_239_245_247_248_262_265  7.24e+10  6.33e+10 -78411.41  31092.77  13722.34    735.06     80.76    158.37   2079.24  -1031.40      0.00 0
102425 5626.0    27_36_39_43_46_51_56_57_61_65_68_77_80_81_87_90_92_93_97_101_104_105_109_119_123_131_135_144_150  1.07e+09  8.77e+08 -27486.32  -2738.65   9678.65    749.47     70.69    185.69  -3165.75   2386.91      0.00 0
102426 5626.0    176_185_199_203_212_218_224_235_241_243_244_255_259_264_271_279  1.51e+10  1.31e+10   -892.92 -20616.47   8848.78    716.50     66.79    267.52   4645.05  -6680.21      0.00 0
102427 5626.0    62_66_82_88_91_94_102_106_110_116_117_120_128_136_140_148_157_158_167_181_182_190_191_200_205_206_214_226_227_231_238_246_250_253_258_261_267_270_274_281_284_291  3.39e+09  2.84e+09 -21784.75  30105.52  11134.61    688.89     73.32    125.89    498.63  -6634.98      0.00 0
102428 5626.0    0_1_2_3_4_5_6_7_8_9_10_11_12_13_14_15_16_17_18_19_20_21_22_23_24_25_26_27_28_29_30_32_33_34_35_36_38_40_41_42_43_44_45_46_48_49_50_52_53_54_55_56_58_59_60_62_63_64_66_67_68_71_72_75_76_78_79_80_82_83_84_86_88_89_90_91_95_96_99_100_102_103_104_106_107_108_110_111_112_114_116_117_121_122_125_126_128_129_130_133_134_136_137_138_140_141_142_143_147_148_151_153_155_157_158_161_163_165_167_168_169_172_174_177_179_181_182_184_186_188_190_191_196_198_200_205_206_210_211_213_217_219_223_226_227_230_234_237_242_246_249_252_254_257_260_263_266_269_273_276_278_280_283_285_288_290_292_296  3.39e+09  2.78e+09 -52265.87 -89549.91  14553.75    695.68     82.01    239.73  -2168.55  -7159.22      0.00 0
102429 5626.0    162_168_173_185_197_199_203_212_218_224_233_241_248_251_265  1.66e+09  1.36e+09  23684.93  -1386.40   9803.17    642.54     67.55    356.65   5008.18  -5546.52      0.00 0
102430 5626.0    0_1_2_3_4_5_6_7_8_9_10_11_12_13_14_15_16_18_19_20_22_23_24_27_28_30_31_32_35_36_37_39_40_42_43_44_46_47_48_51_52_54_55_56_57_58_61_62_64_65_66_68_69_70_73_74_77_78_80_81_82_85_87_88_90_92_93_94_97_98_101_102_104_105_106_109_110_112_113_115_118_119_120_123_124_127_128_130_131_132_135_136_139_140_144_145_149_150_151_156_157_159_160_161_166_167_169_171_172_175_180_183_184_189_190_192_195_196_198_201_204_207_211_213_217_219_223_225_234_237_242_254_257_263_273_278_285_292  2.04e+10  1.74e+10  33417.98 100810.48  14416.12    723.00     82.27     71.66  -1628.86   3250.03      0.00 0
102431 5626.0    41_45_53_63_67_79_83_89_91_103_111_116_117_129_148_157_158_168_181_182_191_200_205_206_226_227_230_246_249_250_260_261_266_275_276  5.62e+10  4.92e+10   8734.05  28819.47   9994.21    748.66     71.64     73.14    330.83  -6032.22      0.00 0
102432 5626.0    99_100_114_121_125_126_133_134_143_146_147_152_154_155_164_165_170_176_177_178_179_185_187_188  8.32e+10  7.30e+10   1755.71  23514.90   8962.04    777.96     69.19     85.73   4767.51   -119.74      0.00 0
102433 5626.0    63_67_79_83_89_91_95_99_102_103_107_111_116_117_121_125_128_129_133_137_140_141_146_148_152_154_157_158_162_164_167_168_170_172_173_176_178_181_182_185_187_190_191_193_196_197_198_199_200_202_203_205_206_208_209_211_212_213_214_215_218_219_220_221_222_223_224_226_227_228_229_230_231_232_233_234_235_236_237_238_239_241_242_243_244_245_246_247_248_249_250_251_252_253_254_255_256_257_258_259_260_261_262_263_264_265_266_267_268_269_270_271_272_273_274_275_276_277_278_279_280_281_282_283_284_285_286_287_288_289_290_291_292_293_294_295_296_297_298  2.04e+10  1.72e+10 -188258.81 -99509.70  14479.48    698.38     86.11    207.86   1902.38  -7535.75      0.00 0
102434 5626.0    172_184_196_198_205_211_213_217_219_223_226_227_230_234_237_242_246_249_250_252_254_257_260_261_263_266_267_269_270_273_275_276_277_278_280_281_283_284_285_286_287_288_289_290_291_292_293_294_295_296_297_298  3.55e+09  2.91e+09 -60775.34  45086.40  13670.30    692.85     79.76    143.43  -3529.46  -8272.02      0.00 0
102436 5626.0    0_1_2_3_4_5_6_7_8_9_10_11_12_13_14_15_16_17_18_19_20_21_22_23_24_25_26_27_28_29_30_31_32_33_35_36_37_39_40_41_42_43_44_45_46_47_48_51_52_53_55_56_57_58_61_62_63_65_66_67_68_69_70_73_74_77_78_79_80_81_82_87_88_89_91_92_101_102_103_105_106_109_110_115_116_117_118_127_128_129_139_148_149_156_157_158_166_167_180_181_182_189_190_191_200_204_205_206_226_227_230_231_246_249_250_260_261_275  6.31e+09  5.26e+09   4370.55 -48874.71  11980.06    717.66     76.28    275.11   -474.75  -1814.80      0.00 0
102437 5626.0    0_1_2_3_4_5_6_7_8_9_10_11_12_13_14_15_16_17_18_19_20_21_22_23_24_25_26_27_28_29_30_31_32_33_34_35_36_37_38_39_40_41_42_43_44_45_46_47_48_49_50_51_52_53_54_55_56_57_58_59_60_61_62_63_64_65_66_67_68_71_72_75_76_77_78_79_80_81_82_83_84_86_87_88_89_90_91_92_95_96_101_102_103_104_107_108_109_110_111_112_115_116_117_118_122_127_128_129_130_137_138_141_142_148_149_156_157_158_159_163_167_168_169_174_180_181_182_183_189_190_191_192_197_200_201_204_205_206_207_213_214_225_226_227_230_231_238_246_249_250_252_253_260_261_266_267_275_276_277_280_281_286_287_288_289_293_294_295_297_298  1.86e+09  1.51e+09  -3794.83 -76767.19  13884.87    669.85     79.76    267.17    564.66    323.27      0.00 0
102438 5626.0    62_74_82_88_94_98_102_106_110_113_116_117_120_124_128_131_132_136_140_145_148_151_157_158_161_167_172_175_181_182_184_190_191_196_198_200_205_206_211_213_214_217_219_223_226_227_230_231_234_237_238_242_243_246_249_250_252_253_254_257_258_260_261_263_264_266_267_269_270_273_274_275_276_277_278_279_280_281_283_284_285_286_287_288_289_290_291_292_293_294_295_296_297_298  4.57e+09  3.78e+09 -87002.39 100651.09  15252.26    662.64     83.46    130.84  -2203.50  -6992.96      0.00 0
102439 5626.0    0_1_2_3_4_6_7_10_11_12_14_15_18_19_22_23_24_25_26_27_30_31_34_36_37_38_39_42_43_46_47_49_50_51_54_56_57_60_61_64_65_68_69_70_71_72_73_76_77_80_81_84_85_86_87_90_92_93_96_97_100_101_104_105_108_109_112_113_114_115_118_119_122_123_126_127_130_131_134_135_138_139_142_143_144_147_149_150_153_155_156_159_160_163_165_166_169_170_171_174_177_179_180_183_186_188_189_192_194_195_201_204_207_208_210_216_222_225_236_240  1.41e+09  1.12e+09 -156289.97   5621.64  15086.29    695.14     84.49    177.94   2509.76   3765.18      0.00 0
102440 5626.0    0_1_2_3_4_5_6_7_8_9_10_11_12_13_14_15_16_17_18_19_20_21_22_23_24_25_26_27_28_29_30_31_32_33_34_35_36_37_38_39_40_41_42_43_44_45_46_47_48_49_50_51_52_53_54_55_56_57_58_59_60_61_62_63_64_65_66_67_68_69_70_71_72_73_74_75_76_77_78_79_80_81_82_83_84_85_86_87_88_89_90_91_92_93_94_95_97_98_99_101_102_103_104_105_106_107_109_110_111_113_115_116_117_118_119_120_121_123_124_125_127_128_129_130_131_132_135_136_137_139_140_141_144_145_148_149_150_151_152_156_157_158_159_160_161_162_166_167_168_171_172_173_175_180_181_182_183_184_185_189_190_191_195_196_197_198_199_200_201_204_205_206_211_212_213_214_217_218_219_220_223_224_225_226_227_230_231_234_235_237_238_241_242_243_244_246_249_250_252_253_254_255_256_257_258_259_260_261_263_264_266_267_269_270_271_272_273_274_275_276_277_278_279_280_281_283_284_285_286_287_288_289_290_291_292_293_294_295_296_297_298  5.37e+09  4.42e+09 -117321.42 272810.38  11823.61    721.70     87.72    113.27   -519.92  -7007.36      0.00 0
102441 5626.0    7_10_14_18_19_22_26_27_30_34_36_38_39_42_43_46_50_51_54_56_60_61_64_65_68_71_72_76_77_80_81_84_86_87_90_92_96_100_101_104_105_108_109_112_114_115_118_119_122_126_127_130_133_134_135_138_139_143_147_149_150_155_156_160_164_165_166_170_171_188_189_193_194_195_208  3.31e+09  2.74e+09  49809.85 -24823.42  12827.98    660.56     77.02    333.51  -1658.29   3905.60      0.00 0
102442 5626.0    0_1_2_3_4_5_6_7_8_9_10_11_12_13_14_15_16_17_18_19_20_21_22_23_24_25_26_27_28_29_30_31_32_33_34_35_36_38_39_40_41_42_43_44_45_46_47_49_50_51_53_54_55_56_57_59_60_61_63_64_65_67_68_71_72_75_76_77_78_79_80_81_83_84_86_87_89_90_91_92_95_96_99_101_103_104_105_107_108_109_111_112_115_117_118_121_125_127_129_130_135_137_139_141_146_149_152_156_158_159_160_162_166_168_171_173_176_180_183_185_189_191_195_197_199_201_203_204_212_214_218_220_224_225_233_235_238_241_243_244_255_256_258_259_264_271_272_274_279  5.62e+10  4.86e+10 -26258.35  55524.89  12273.09    801.59     78.70    115.31   1238.11   -533.81      0.00 0
102443 5626.0    9_12_17_18_21_22_25_26_29_33_34_38_41_42_45_49_50_53_54_59_60_63_64_67_71_72_75_76_79_83_84_86_89_90_95_96_99_100_103_107_108_111_112_114_117_121_122_125_126_129_133_134_137_138_141_142_143_146_147_148_152_153_154_155_158_162_163_164_165_168_169_170_173_174_176_177_178_179_182_185_186_187_188_191_193_194_197_199_200_202_203_206_208_209_210_212_214_215_216_218_220_222_224_226_227_228_231_233_235_238_240_241_243_244_246_250_253_255_256_258_259_260_261_264_267_270_271_274_275_276_277_279_281_284_286_287_289_291_293_294_295_297_298  3.72e+09  3.07e+09 -20185.45 -102224.84  14588.54    692.47     82.03    258.83   4331.37    927.96      0.00 0
102444 5626.0    95_99_114_121_125_133_137_146_152_154_162_173_176_185_199_212_218_224_235  3.80e+10  3.31e+10    757.00 -23062.49   9163.97    728.49     68.34    271.88   4004.88  -3431.00      0.00 0
102445 5626.0    52_58_62_66_70_74_82_85_88_94_97_98_102_106_110_113_116_120_123_124_128_131_132_136_140_144_145_148_151_157_161_167_172_175_181_182_184_190_196_198_200_205_206_211_213_217_219_223_226_227_230_231_234_237_242_246_249_250_252_253_260_261_266_267_270_275_276_277_281_284_286_287_289_291_293_295  1.41e+10  1.20e+10 -36893.33  56207.48  13202.95    703.20     78.89    123.28  -2905.80  -4009.48      0.00 0
102446 5626.0    94_106_110_120_124_128_136_140_151_157_161_167_172_181_190_196_198_205_211_213_219_226_230_237_246_249_252_260_266_269_275_276_280_286  2.75e+09  2.29e+09  10708.55 -32209.85  10819.63    685.63     72.32    288.39  -2092.82  -6162.02      0.00 0
102447 5626.0    90_92_101_104_108_112_115_118_122_126_127_130_138_139_142_147_149_153_155_156_159_163_166_169_171_174_177_179_180_183_186_188_189_192_194_195_201_204_207_210_216_222_225_240  6.17e+09  5.11e+09 -73955.18  24903.04  13479.06    735.61     80.20    161.39   4657.82   4480.00      0.00 0
102448 5626.0    120_124_132_136_140_145_151_161_167_172_175_184_190_196_198_205_211_213_217_219_223_226_230_234_237_242_246_249_252_254_257_260_261_263_266_269_273_275_276_277_278_280_281_283_285_286_287_288_289_290_291_292_293_294_295_296_297_298  5.89e+09  4.85e+09 -74170.98 109262.30  14882.81    710.61     83.57    124.17  -3619.15  -8988.41      0.00 0
102449 5626.0    95_99_107_111_114_121_125_129_133_137_141_143_146_148_152_154_158_162_164_165_168_170_173_176_178_181_182_185_187_188_191_193_194_197_199_200_202_203_205_206_208_209_210_212_214_215_216_218_220_221_222_224_226_227_228_229_230_231_232_233_235_236_238_239_240_241_243_244_245_246_247_248_249_250_251_252_253_255_256_258_259_260_261_262_264_265_266_267_268_269_270_271_272_274_275_276_277_279_280_281_283_284_286_287_288_289_290_291_292_293_294_295_296_297_298  3.63e+09  2.99e+09  62548.33  82673.73  14643.52    683.29     81.96     52.89   4142.53  -5313.44      0.00 0
102450 5626.0    0_1_2_3_4_5_6_7_8_9_10_11_12_13_14_15_16_17_18_19_20_21_22_23_24_25_26_27_28_29_30_31_32_33_34_35_36_37_38_39_40_41_42_43_44_45_46_47_48_49_50_51_52_53_54_55_56_58_59_60_62_63_64_66_67_68_70_71_72_74_75_76_77_78_79_80_82_83_84_86_88_89_90_91_94_95_96_99_100_102_103_104_106_107_108_110_111_112_114_116_117_120_121_122_124_125_126_128_129_130_133_134_136_137_138_140_141_142_143_145_146_147_148_151_152_153_154_155_157_158_161_162_163_164_165_167_168_169_170_172_173_174_175_176_177_178_179_181_182_184_185_186_187_188_190_191_193_194_196_197_198_199_200_202_203_205_206_208_209_210_211_212_213_214_215_216_217_218_219_220_221_222_223_224_226_227_228_229_230_231_232_234_235_236_237_238_239_240_242_243_246_249_250_252_253_254_257_258_260_261_263_266_267_269_273_275_276_277_278_280_283_285_286_287_288_290_292_293_294_296  4.27e+09  3.51e+09 -123878.71 -151296.33  14668.52    710.72     85.71    230.69   -148.59  -4709.70      0.00 0
102451 5626.0    2_5_8_9_13_16_20_28_29_32_35_40_44_48_52_58_62_66_74_82_88_94_106_120_124_145  2.14e+10  1.84e+10 -17243.78  -6306.91   8394.68    726.96     65.43    200.09  -1928.47  -1782.61      0.00 0
102452 5626.0    0_1_2_3_4_5_6_7_8_9_10_11_12_13_14_15_16_17_18_19_20_21_22_23_24_25_26_27_28_29_30_31_32_33_34_35_36_37_38_39_40_41_42_43_44_45_46_47_48_49_50_51_52_53_54_55_56_57_58_59_60_61_62_63_64_65_66_67_68_69_70_71_72_73_74_75_76_77_78_79_80_81_82_83_84_85_86_87_88_89_90_91_92_93_94_95_97_98_99_101_102_103_104_105_106_107_109_110_111_113_115_116_117_118_119_120_121_123_124_125_127_128_129_131_132_133_135_136_137_139_140_141_144_145_146_148_149_150_151_152_154_156_157_158_160_161_162_166_167_168_171_172_173_176_178_180_181_182_185_189_190_191_195_196_197_199_200_202_203_204_205_206_212_214_218_220_224_226_227_228_231_233_235_238_241_243_244_246_248_250_251_253_255_256_258_259_261_264_265_267_268_270_271_272_274_277_279_281_282_284_289_291  1.17e+10  9.77e+09 -89222.88 128088.48  14783.33    736.43     84.59    124.86  -2298.48   1259.86      0.00 0
102453 5626.0    212_214_220_224_227_231_233_235_238_241_243_244_245_246_248_249_250_251_253_255_256_258_259_260_261_262_264_265_266_267_268_269_270_271_272_274_275_276_277_279_280_281_282_283_284_286_287_288_289_290_291_292_293_294_295_296_297_298  3.31e+09  2.73e+09 -62475.11 -34388.59  13720.05    658.44     79.11    208.83   3580.36  -9028.32      0.00 0
102454 5626.0    11_15_16_19_20_23_24_31_32_37_39_47_48_51_52_57_58_61_62_65_69_70_73_74_81_82_85_87_88_93_94_97_98_101_105_106_109_110_113_119_120_123_127_135_136_139_150_156_160_166_171_189_195  3.16e+09  2.63e+09   -364.54 -36010.67  11017.01    689.03     72.99    269.42  -2444.50   2172.01      0.00 0
102455 5626.0    0_1_2_4_5_6_7_8_10_11_14_15_16_18_19_20_22_23_24_27_30_31_32_34_36_37_39_42_43_46_47_48_51_52_54_56_57_58_60_61_64_65_68_69_70_73_74_77_80_81_82_84_85_87_90_92_93_94_97_98_101_104_105_106_108_109_112_113_115_118_119_120_122_123_124_127_130_131_132_135_138_139_142_144_145_149_150_151_153_156_159_160_163_166_169_171_174_175_180_183_184_186_189_192_195_201_204_207_225  2.00e+10  1.69e+10 127014.74 107145.94  14625.81    754.50     84.97     40.15  -2584.14   3169.21      0.00 0
102456 5626.0    0_1_3_4_5_6_7_9_10_12_14_15_17_18_21_22_25_26_30_33_34_38_49_50_53_59_60_71_72_75_76_83_86_95_99_114_121_125_133_143_146_154_164_178_187_193_209_215_229_232  4.37e+10  3.80e+10 -25293.81  10929.89   9487.71    782.05     71.00    156.63   3562.72   -924.70      0.00 0
102457 5626.0    114_121_125_133_134_137_143_146_152_154_155_162_164_165_170_173_176_177_178_179_185_187_188_193_194_197_199_202_203_208_209_210_212_215_216_218_220_221_222_224_228_229_232_233_235_236_238_239_240_241_243_244_245_247_248_251_253_255_256_258_259_262_264_265_268_270_271_272_274_279_281_282_284_289_291  1.58e+09  1.29e+09  24158.12 104142.63  14948.83    652.39     82.04     76.94   5897.41  -6199.84      0.00 0
102458 5626.0    41_44_45_55_63_66_67_78_79_83_88_89_91_95_102_103_106_107_110_111_116_117_121_125_128_129_136_137_140_141_146_148_152_154_157_158_161_162_167_168_173_176_178_185_187_199_202_203_209_215_228_229_232_247  2.29e+10  1.98e+10  38285.50   3484.25  10980.00    733.35     74.06      5.20   2651.14  -3426.23      0.00 0
102459 5626.0    25_26_33_34_38_49_50_53_54_59_60_63_64_71_72_75_76_83_84_86_89_95_96_99_100_103_107_108_111_112_114_121_122_125_126_129_133_134_137_138_141_142_143_146_147_152_153_154_155_158_162_163_164_165_168_170_173_174_176_177_178_179_185_186_188_191_197_199_212_214_218_220_224_231_235_238_243_253_255_258_264_267_270_274_281_284  4.57e+09  3.79e+09  -5771.46 -57016.99  12788.93    681.29     77.42    264.22   3587.85   -343.63      0.00 0
102460 5626.0    25_33_38_49_50_53_59_60_63_71_72_75_76_83_84_86_89_95_96_99_100_107_108_111_114_121_122_125_126_129_133_134_137_138_141_143_146_147_152_153_154_155_162_163_164_168_173_176_178_185_191_197_199_203_212_214_218_220_224_231_233_235_238_241_243_244_253_255_256_258_259_264_267_270_271_274_279_281_284_291  2.24e+09  1.82e+09  -2823.76  62184.16  13265.35    655.97     77.97     92.60   3795.50  -6938.34      0.00 0
102461 5626.0    0_1_2_5_7_8_11_13_15_16_19_20_23_24_27_28_31_32_35_37_39_40_43_44_47_48_51_52_55_57_58_61_62_65_66_69_70_73_74_78_79_81_82_85_87_88_91_93_94_97_98_101_102_105_106_109_110_113_116_117_119_120_123_124_127_128_135_136_139_140_148_150_157_160_161_166_167_171_172_181_182_190_195_196_200_205_213_219_226_227_230_237_246_249_252_260_261_266_275_276_286  1.74e+10  1.48e+10   7662.07 -49436.88  12139.81    704.01     76.36    278.81  -1747.18  -2340.80      0.00 0
102462 5626.0    82_88_94_98_102_106_110_116_117_120_124_128_132_136_140_145_148_151_157_158_161_167_172_175_181_182_184_190_191_196_198_200_205_206_211_213_214_219_226_227_230_231_238_246_249_250_253_258_260_261_264_267_270_274_275_277_279_281_284_289_291  1.62e+10  1.38e+10 -32766.72  39188.57  12122.42    718.46     76.65    129.90   -219.59  -6773.98      0.00 0
102463 5626.0    21_25_33_38_41_45_49_53_55_59_63_67_71_72_75_76_79_83_86_89_91_95_96_99_100_103_107_111_114_116_117_121_125_126_129_133_134_137_141_143_146_147_148_152_154_155_157_158_162_164_165_167_168_170_173_176_177_178_179_181_182_185_187_188_190_191_193_194_196_197_199_200_202_203_205_206_208_209_210_212_213_214_215_216_218_219_220_221_222_224_226_227_228_229_230_231_232_235_236_237_238_239_240_242_243_246_249_250_252_253_257_258_260_261_263_266_267_269_270_273_275_276_277_278_280_281_283_285_286_287_288_290_292_293_294_296_297  3.24e+09  2.68e+09  56564.14  79300.00  14522.71    678.49     81.52     54.50   3096.45  -3549.91      0.00 0
102464 5626.0    42_46_54_64_68_80_90_92_104_112_118_130_149_159_169_183_192_207  1.05e+09  8.58e+08  -1773.71  18488.34   8617.47    695.64     65.11     95.48   1065.59   4104.50      0.00 0
102465 5626.0    0_1_2_3_4_5_6_7_8_9_10_11_12_13_14_15_16_17_18_19_20_21_22_23_24_25_26_27_28_29_30_31_32_33_34_35_36_37_38_39_40_41_42_43_44_45_46_47_48_49_50_51_52_53_54_55_56_58_59_60_62_63_64_66_67_68_69_70_71_72_74_75_76_78_79_80_82_83_84_85_86_88_89_90_91_94_95_96_98_99_100_102_103_104_106_107_108_110_111_112_114_116_117_120_121_122_124_125_126_128_129_133_134_136_137_138_140_141_142_143_145_146_147_148_151_152_153_154_155_157_158_161_162_163_164_165_167_168_170_172_173_174_175_176_177_178_179_181_182_184_185_186_187_188_190_191_193_194_196_197_198_199_200_202_203_205_206_208_209_210_211_212_213_214_215_216_217_218_219_220_221_222_223_224_226_227_228_229_230_231_232_233_234_235_236_237_238_239_240_241_242_243_244_245_246_247_248_249_250_251_252_253_254_255_256_257_258_259_260_261_262_263_264_265_266_267_268_269_270_271_272_273_274_275_276_277_278_279_280_281_282_283_284_285_286_287_288_289_290_291_292_293_294_295_296_297_298  1.10e+09  8.65e+08 -241725.83 -208210.80  11308.18    672.82     87.97    220.74   4404.10  -6012.88      0.00 0
102466 5626.0    0_1_2_3_4_5_6_7_8_9_10_11_12_13_14_15_16_17_18_19_20_21_22_23_24_25_26_27_28_29_30_31_32_33_34_35_36_37_38_39_40_41_42_43_44_45_46_47_48_49_50_51_52_53_54_55_56_57_58_59_60_61_62_63_64_65_66_67_68_69_70_71_72_73_74_76_77_78_79_80_81_82_84_85_87_88_90_91_92_93_94_96_97_98_101_102_104_105_106_108_109_110_112_113_115_116_118_119_120_122_123_124_127_128_130_131_132_135_136_138_139_140_142_145_149_151_153_156_157_159_161_163_166_167_169_172_174_175_180_183_184_186_189_190_192_196_198_201_204_207_211_213_217_219_223_225_234_237_242_254_257_263_273_278_285  5.75e+10  4.96e+10  60551.34  98117.56  14381.50    752.98     82.89     58.32  -4010.63  -4371.45      0.00 0
102467 5626.0    0_3_4_6_7_10_12_14_17_18_19_22_25_26_27_30_33_34_36_38_39_42_43_46_49_50_51_53_54_56_59_60_61_64_65_68_71_72_75_76_77_80_83_84_86_87_90_92_95_96_99_100_101_104_108_109_112_114_115_118_121_122_125_126_127_133_134_139_143_146_152_154_164_165_166_170_176_178_187_193_202_203_208_209_215_221_228_229_232_239_245_247_248_262  2.40e+10  2.06e+10  41541.28 -32129.92  12056.89    744.82     77.07    322.28   4757.92  -1145.62      0.00 0
102468 5626.0    114_125_133_134_143_146_147_152_154_155_164_165_170_176_178_179_185_187_188_193_194_199_202_203_209_215_218_224_228_229_233_241_244_245_248_251_255_256_259_265_268_271_272  2.40e+10  2.06e+10   2800.40 -37157.34  10734.20    755.24     73.93    274.31   5634.15  -3783.05      0.00 0
102469 5626.0    197_206_212_214_218_220_224_226_227_231_233_235_238_241_243_244_245_246_248_249_250_251_252_253_255_256_258_259_260_261_262_264_265_266_267_268_269_270_271_272_273_274_275_276_277_279_280_281_282_283_284_285_286_287_288_289_290_291_292_293_294_295_296_297_298  8.71e+09  7.31e+09  67465.01  31373.47  13722.66    677.61     79.55     24.94   3665.89  -8595.13      0.00 0
102470 5626.0    0_1_2_3_4_5_6_7_8_9_10_11_12_13_14_15_16_17_18_19_20_21_22_23_24_25_26_27_28_29_30_31_32_33_34_35_36_37_38_39_40_41_42_43_44_45_46_47_48_49_50_51_52_53_54_55_57_58_59_60_62_63_64_66_67_68_69_70_71_72_73_74_75_76_78_79_81_82_83_84_85_86_88_89_91_94_95_96_97_98_99_100_102_103_106_107_108_110_111_113_114_116_117_120_121_122_124_125_126_128_129_131_132_133_134_136_137_140_141_143_145_146_147_148_151_152_154_155_157_158_161_162_164_165_167_168_170_172_173_175_176_178_179_181_182_184_185_187_188_190_191_193_194_196_197_198_199_200_202_203_205_206_208_209_210_211_212_213_214_215_216_217_218_219_220_221_222_223_224_226_227_228_229_230_231_232_233_234_235_236_237_239_240_241_242_244_245_247_248_251_254_256_257_262_263_265  2.09e+10  1.77e+10 -203244.98 -39249.19  14438.56    717.55     86.01    190.93   2439.03  -2527.09      0.00 0
102471 5626.0    0_1_2_3_4_5_6_7_8_9_10_11_12_13_14_15_16_17_18_19_20_21_22_23_24_25_26_27_28_29_30_31_32_34_35_36_37_39_40_42_43_44_45_46_47_48_50_51_52_54_55_56_57_58_60_61_62_64_65_66_68_69_70_73_74_76_77_78_80_81_82_84_85_87_88_90_92_93_94_96_97_98_101_102_104_105_106_108_110_112_113_115_118_120_122_124_128_130_132_136_138_140_142_145_149_151_153_159_161_163_169_172_174_175_184_186_192_198_211_217_223_234_254  1.78e+09  1.45e+09  45369.16  55767.05  13415.09    705.35     79.43     50.87  -3727.27  -2947.69      0.00 0
102472 5626.0    140_145_151_161_167_172_175_181_184_190_196_198_200_205_211_213_217_219_223_226_227_230_234_237_242_246_249_250_252_253_254_257_260_261_263_266_267_269_270_273_275_276_277_280_281_283_284_286_287_288_289_291_293_294_295_297_298  2.51e+10  2.16e+10  42820.75 -45392.63  12730.02    735.72     78.47    313.33   -903.88  -9082.39      0.00 0
102473 5626.0    0_1_2_3_4_5_6_7_10_11_12_14_15_16_17_18_19_22_23_24_25_26_27_30_31_32_34_36_37_38_39_42_43_46_47_48_50_51_54_56_57_60_61_64_65_68_69_70_71_72_73_74_76_77_80_81_84_85_86_87_90_92_93_96_97_98_100_101_104_105_108_109_112_113_114_119_122_123_126_131_132_134_138_144_147_153_155_165_177_179_188_194_210_216_240  5.75e+10  5.00e+10  48212.66   5424.96  11692.67    757.22     76.45      6.42   -464.00   1430.72      0.00 0
102474 5626.0    0_1_2_3_4_5_6_7_8_9_10_11_12_13_14_15_16_17_18_19_20_21_22_25_26_27_28_29_30_33_34_35_36_38_39_40_41_42_43_44_45_46_49_53_54_55_56_59_63_65_66_67_68_77_78_79_80_83_89_91_92_101_103_107_111_115_116_117_129_141_148_158_168_182_191_197_206_214_231  5.50e+10  4.81e+10  -6595.43  33401.12  10389.44    757.57     73.03    101.17    703.36  -1756.90      0.00 0
102475 5626.0    8_13_20_21_28_29_32_35_40_41_44_45_48_52_53_55_58_62_63_66_67_74_78_79_82_83_88_89_91_94_95_98_102_103_106_107_110_111_116_117_120_121_124_128_129_132_136_137_140_141_145_146_151_152_161_162_168_173_175_176_184_185_202_203  1.48e+09  1.20e+09  49125.18  -7385.64  12422.78    658.68     75.96    351.45  -1781.15  -2711.43      0.00 0
102476 5626.0    3_4_5_9_12_13_17_18_21_25_26_28_29_33_34_35_38_41_44_45_49_50_53_54_55_59_60_63_67_71_72_75_76_78_79_83_84_86_89_91_95_96_99_100_102_103_108_114_116_122_126_134_147_153_155_177_179_186  1.95e+09  1.59e+09  21343.60  28572.14  11149.06    663.70     72.64     53.24   2484.64    200.96      0.00 0
102477 5626.0    0_1_2_3_4_5_6_7_8_9_10_11_12_13_14_15_16_17_18_19_20_21_23_24_25_26_28_29_31_32_33_34_35_37_38_40_41_44_45_47_48_49_50_51_52_53_55_57_58_59_62_63_66_67_69_70_71_72_73_74_75_78_79_82_83_85_86_88_89_91_93_94_95_97_98_99_102_103_106_107_110_111_113_114_116_117_120_121_123_124_125_128_129_131_132_133_136_137_140_141_143_145_146_148_151_152_154_157_158_161_162_164_167_168_170_172_173_175_176_178_181_182_184_185_187_190_191_193_196_197_198_199_200_202_203_205_206_208_209_211_212_213_214_215_217_218_219_220_221_223_224_226_227_228_229_230_231_232_233_234_235_237_238_239_241_242_243_244_245_247_248_250_251_253_255_256_258_259_262_264_265_268_271_272_282  3.72e+10  3.15e+10 -179975.56  30375.97  14525.00    751.45     85.45    170.42   4598.15  -4403.90      0.00 0
102478 5626.0    0_1_2_3_5_7_8_9_11_13_15_16_17_19_20_21_23_24_28_29_31_32_33_35_37_40_41_44_45_47_48_51_52_53_55_57_58_59_62_63_66_67_69_70_73_74_78_79_81_82_83_85_88_89_91_93_94_95_97_98_102_103_106_107_110_111_113_116_117_119_120_121_123_124_128_129_131_132_136_137_140_141_144_145_146_148_151_152_157_158_161_162_167_168_172_173_175_176_181_182_184_185_190_191_196_197_198_199_200_202_203_205_206_212_214_218_220_224_227_228_231_233_235_238_241_243_244_245_248_251_253_255_256_258_259_262_264_265_268_271_272_274_279_282  1.05e+10  8.76e+09 -94584.80  58645.07  14454.09    732.10     82.60    148.20   -995.44  -3105.55      0.00 0
102479 5626.0    110_136_140_161_172_184_198_211_217_223_234  5.01e+09  4.23e+09 -13412.78 -15832.61   8837.91    721.58     66.93    229.73  -3727.58  -5364.18      0.00 0
102480 5626.0    34_38_42_50_54_60_64_68_71_72_76_84_86_90_96_99_100_104_108_112_114_118_122_125_126_130_133_134_138_142_143_146_147_149_153_154_155_159_163_164_165_169_170_176_178_183_187_192_193_194_202_203_208_209_215_221_228_229_232_233_239_245_247_248_262_265  2.88e+09  2.35e+09  29085.30 -40312.95  12550.88    641.19     75.83    305.81   4922.89   -553.02      0.00 0
102481 5626.0    0_1_2_3_4_5_6_7_8_9_10_11_12_13_14_15_16_17_18_19_20_21_22_23_24_25_26_27_28_29_30_31_32_33_34_35_36_37_38_39_40_41_42_43_44_45_46_47_48_49_50_51_52_53_54_55_56_57_58_59_60_61_62_63_64_65_66_67_68_69_70_71_72_73_74_75_76_77_78_79_80_81_82_83_84_85_86_87_88_89_90_91_92_93_94_95_96_97_98_99_100_101_102_103_104_105_106_107_108_109_110_111_112_113_114_115_116_117_118_119_120_121_123_124_125_126_127_128_129_131_132_133_134_135_137_139_141_143_144_146_148_149_150_152_154_156_158_160_162_164_166_168_170_171_173_176_178_182_185_187_189_191_193_195_197_199_202_203_209_212_214_215_218_220_224_228_229_232_233_235_238_239_241_243_244_245_247_248_251_255_256_259_262_264_265_268_271_272_279_282  3.09e+09  2.51e+09 116262.88 -99931.27  15194.07    681.20     84.34    319.32   3156.44  -3007.18      0.00 0
102482 5626.0    243_244_250_253_255_256_258_259_260_261_264_267_268_270_271_272_274_275_276_277_279_280_281_282_284_286_287_288_289_290_291_293_294_295_296_297_298  1.45e+09  1.17e+09 -43283.86 -24210.36  12236.71    684.66     76.14    209.22   1155.80 -11067.16      0.00 0
102483 5626.0    20_24_32_37_40_47_48_52_57_58_62_66_69_70_73_74_82_85_88_93_94_97_98_102_106_110_113_116_119_120_123_124_128_131_132_135_136_140_144_145_148_150_151_157_161_167_172_175_181_184_190_196_198_200_205_211_213_217_219_223_226_227_230_234_237_242_246_249_250_252_254_257_260_261_263_266_269_273_275_276_277_280_283_286_287_288_290_292_293_294_295_296_297_298  1.26e+09  1.01e+09  16314.16 -68110.45  13791.50    640.60     78.86    283.47  -1908.49  -7583.50      0.00 0
102484 5626.0    17_21_25_29_33_35_38_41_44_45_49_53_55_59_63_67_71_72_75_76_78_79_83_86_89_91_95_99_100_102_103_107_111_114_116_117_121_125_126_128_129_133_134_137_140_141_143_146_147_148_152_154_155_157_158_162_164_165_167_168_170_172_173_176_178_179_181_182_185_187_188_190_191_193_194_196_197_199_200_202_203_205_206_208_209_210_211_212_213_214_215_216_218_219_220_221_222_224_226_227_228_229_230_231_232_233_234_235_236_237_238_239_240_242_243_246_247_249_250_252_253_254_257_260_261_263_266_267_269_273_275_276_278_280_283_285_286_288_290_292_296  2.04e+09  1.65e+09  77159.97  75297.27  14787.52    676.09     82.19     44.30   3430.28  -3059.81      0.00 0
102485 5626.0    0_1_2_3_4_5_6_7_8_9_10_11_12_13_14_15_16_17_18_19_20_21_22_23_24_25_26_27_28_29_30_31_32_33_34_35_36_37_38_39_40_41_42_43_44_45_46_47_48_49_50_51_52_53_54_55_56_57_58_59_60_61_62_63_64_65_66_67_68_69_70_71_72_73_74_75_76_77_78_79_80_81_82_83_84_85_86_87_88_89_90_91_92_93_94_95_96_97_98_99_100_101_102_103_104_105_106_107_108_109_110_111_112_113_114_115_116_117_118_120_121_122_124_125_126_127_128_129_130_132_133_134_135_136_137_138_139_140_141_142_143_145_146_147_148_149_151_152_153_154_155_156_157_158_159_161_162_163_164_165_166_167_168_169_170_172_173_174_175_176_177_178_179_180_181_182_183_184_185_186_187_188_189_190_191_192_193_194_196_197_198_199_200_201_204_205_206_207_208_210_211_212_213_214_216_217_219_220_223_224_225_226_227_230_231_234_235_237_238_242_243_246_249_250_252_253_254_257_258_260_261_263_266_267_269_270_273_275_276_277_278_280_281_283_285_286_287_288_289_290_292_293_294_295_296_297_298  4.37e+09  3.59e+09  88213.56 208222.20  14266.98    690.99     86.39     67.04  -1185.11  -5789.85      0.00 0
102486 5626.0    0_1_2_3_4_5_6_7_8_9_10_11_12_13_14_15_16_17_18_19_20_21_22_23_24_25_26_27_28_29_30_31_33_34_35_36_38_39_41_42_43_45_46_47_49_50_51_53_54_55_56_57_59_60_61_63_64_65_67_68_71_72_73_75_76_77_79_80_81_83_84_86_87_89_90_92_93_95_96_99_100_101_103_104_105_107_108_109_111_112_114_115_118_119_121_125_126_127_130_133_134_135_137_139_141_143_146_149_150_152_154_156_160_162_164_166_171_173_176_178_180_185_187_189_193_195_199_202_203_209_212_215_218_224_228_229_232_233_241_244_245_247_248_251_256_259_262_265_268_272_282  2.82e+09  2.33e+09  57706.93 -62448.87  14000.26    697.87     80.65    312.74   4931.23  -3331.06      0.00 0
102487 5626.0    0_1_2_3_4_5_6_7_8_9_10_11_13_14_15_16_17_19_20_21_23_24_27_28_29_31_32_35_36_37_39_40_41_43_44_45_47_48_51_52_55_57_58_61_62_63_65_66_67_69_70_73_74_77_78_79_81_82_87_88_89_91_93_101_102_103_105_109_110_116_117_127_128_129_135_139_148_157_158_168_181_182_191_200_206_214_227_231_250  7.41e+10  6.47e+10  10752.16 -38200.86  11005.68    748.55     74.50    285.72   -487.63  -2077.22      0.00 0
102488 5626.0    0_1_2_3_4_5_6_7_8_9_10_11_12_13_14_15_16_17_18_19_20_21_23_24_27_28_29_30_31_32_33_35_36_37_39_40_41_43_44_45_47_48_51_52_53_55_56_57_58_61_62_63_65_66_67_69_70_73_74_77_78_79_81_82_83_85_87_88_89_91_93_94_97_98_101_102_103_105_106_107_109_110_111_113_116_117_119_120_123_124_127_128_129_131_132_135_136_137_139_140_141_144_145_148_150_151_157_158_160_161_162_166_167_168_171_172_173_175_181_182_184_190_191_195_196_197_198_199_200_205_206_211_212_213_214_217_219_220_223_226_227_230_231_234_235_237_238_242_243_246_249_250_252_253_254_255_257_258_260_261_263_264_266_267_269_270_271_273_274_275_276_277_278_279_280_281_283_284_285_286_287_288_289_290_291_292_293_294_295_296_297_298  1.66e+09  1.33e+09 117749.09 -225233.25  13453.15    702.10     86.97    297.60   -581.89  -8768.12      0.00 0
102489 5626.0    0_1_2_3_4_5_6_7_8_9_10_12_13_14_15_17_18_19_21_22_25_26_27_28_29_30_33_34_35_36_39_41_42_43_45_46_53_54_55_56_64_67_68_77_79_80_90_92_104_118  8.51e+10  7.47e+10   1152.25 -23227.18   9048.34    753.48     68.74    272.84    382.86    902.13      0.00 0
102490 5626.0    148_157_158_167_168_172_173_181_182_190_191_196_197_198_199_200_205_206_211_212_213_214_217_218_219_220_223_224_226_227_230_231_234_235_237_238_241_242_243_244_246_249_250_251_252_254_256_257_263_273_278  5.37e+10  4.69e+10 -49998.89  -5988.56  11644.17    788.35     76.98    186.83  -3996.26  -7311.24      0.00 0
102491 5626.0    255_256_259_264_265_268_271_272_274_279_282_284  8.32e+09  7.11e+09 -18626.42 -14536.85   9017.78    769.01     69.11    217.97   5897.34  -8299.68      0.00 0
102492 5626.0    95_99_100_114_121_125_126_133_134_137_141_143_146_147_152_154_155_162_164_165_170_173_176_177_178_179_185_186_187_188_193_194_197_199_202_203_208_209_210_212_214_215_216_218_220_221_222_224_228_229_232_233_235_236_238_239_240_241_243_244_245_247_248_251_253_255_256_258_259_262_264_265_267_268_270_271_272_274_279_281_282_284_289_291_295  9.33e+09  7.87e+09  13757.60  91507.90  14044.37    726.71     81.37     81.45   4421.34 -10669.64      0.00 0
102493 5626.0    0_1_2_3_4_5_6_7_9_10_12_14_15_17_18_19_21_22_25_26_27_30_31_33_34_36_38_39_42_43_46_49_50_51_53_54_56_57_59_60_61_64_65_68_71_72_75_76_77_80_81_83_84_86_87_90_92_93_95_96_99_100_101_104_105_108_109_112_114_115_118_119_121_122_125_126_127_130_133_134_135_138_139_142_143_146_147_149_150_152_153_154_155_156_159_160_163_164_165_166_169_170_171_174_176_177_178_179_180_183_186_187_188_189_192_193_194_195_201_202_203_204_207_208_209_210_215_216_221_222_225_228_229_232_236_239_240_245_247_248_262_265  2.82e+09  2.28e+09 204073.03 -148158.91  13569.54    694.74     86.92    324.02   5236.11   2616.36      0.00 0
102494 5626.0    137_141_146_152_158_162_168_173_176_178_182_185_187_191_197_199_200_202_203_205_206_209_212_214_215_218_220_221_224_226_227_228_229_230_231_232_233_235_236_237_238_239_241_243_244_245_246_247_248_249_250_251_252_253_255_256_257_258_259_260_261_262_264_265_266_267_268_269_270_271_272_273_274_275_276_277_278_279_280_281_282_283_284_285_286_287_288_289_290_291_292_293_294_295_296_297_298  6.92e+10  5.97e+10 117600.45  87688.59  14642.02    755.85     84.30     36.71   6263.52  -6371.99      0.00 0
102495 5626.0    34_42_50_54_60_64_68_71_72_76_80_84_86_90_92_96_99_100_104_108_112_114_115_118_122_125_126_130_133_134_138_142_143_147_149_154_155_159_164_165_170_178_187_193_194_202_208_209_215_221_229_232_239_245_247_262  7.94e+10  6.98e+10 -28548.83  28350.21  10818.29    789.61     74.95    135.20   5019.86   -148.58      0.00 0
102496 5626.0    0_1_2_3_4_5_6_7_8_9_10_11_12_13_14_15_16_17_18_19_20_21_22_23_24_25_26_27_28_29_30_31_32_33_34_35_36_37_38_39_40_41_42_43_44_45_46_47_48_49_50_51_52_53_54_55_56_57_58_59_60_61_62_63_64_65_66_67_68_69_70_73_74_77_78_79_80_81_82_83_85_87_88_89_90_91_92_93_94_97_98_101_102_103_104_105_106_109_110_111_113_115_116_117_118_119_120_123_124_127_128_129_130_131_132_135_136_139_140_144_145_148_149_150_151_156_157_158_159_160_161_166_167_168_171_172_175_180_181_182_183_184_189_190_191_192_195_196_198_200_201_204_205_206_207_211_213_214_219_223_225_226_227_230_231_234_237_242_246_249_250_252_253_254_257_260_261_263_266_267_269_270_273_275_276_277_280_281_283_285_286_287_288_289_290_291_292_293_294_295_296_297_298  4.27e+09  3.56e+09   8965.08 -115982.29  14406.99    751.62     82.94    274.42  -1762.79   1459.35      0.00 0
102497 5626.0    26_34_38_42_49_50_54_60_64_68_71_72_75_76_80_84_86_90_92_95_96_99_100_104_108_112_114_118_121_122_125_126_130_133_134_138_142_143_146_147_149_152_153_154_155_159_163_164_165_169_170_174_176_177_178_179_180_183_185_186_187_188_192_193_194_201_202_203_204_207_208_209_215_218_221_225_228_229_232_233_239_241_245_247_248_251_256_262_265_268_282  7.94e+10  6.92e+10  29710.03 -55039.34  12361.77    797.16     78.82    298.36   4174.34    849.58      0.00 0
102498 5626.0    0_1_2_3_4_5_6_7_8_9_10_11_12_13_14_15_16_17_18_19_20_21_22_23_24_25_26_27_28_29_30_31_32_33_34_35_36_37_38_39_40_41_42_43_44_45_46_47_48_49_50_51_52_53_54_55_56_57_58_59_60_61_62_63_64_65_66_67_68_69_70_71_72_73_74_75_76_77_78_79_80_81_82_83_84_85_86_87_88_90_91_92_93_94_96_97_98_100_101_102_104_105_106_108_109_110_112_113_115_116_118_119_120_122_123_124_126_127_128_130_131_132_135_136_138_140_142_145_147_149_151_153_155_156_159_161_163_167_169_172_174_175_177_179_180_183_184_186_192_196_198_201_207_211_217_219_223_234_254  7.08e+10  6.14e+10 -75672.57 -84486.66  14308.30    759.26     82.81    228.15   1300.50   2969.75      0.00 0
102499 5626.0    55_67_79_89_91_103_111_117_129_137_141_158_162_168_173_191_197_199_212_214_218_220_224_235_241_243_244_255_256_259_264_271_272_279  3.80e+09  3.18e+09 -23024.48  25724.36  10819.00    695.45     72.60    131.83   3969.19  -6518.72      0.00 0
