#event_number primary_type du_ids energy_primary em_energy Xmax_pos(x, y, z), Xmax_grams zenith azimuth shower_core_pos_x shower_core_pos_y shower_core_pos_z, N_tested_cores, units are degrees, GeV and meters
5100 14.0      0_1_2_3_4_5_6_7_8_9_10_11_12_13_14_15_16_17_18_19_20_21_22_23_24_25_26_27_28_29_30_31_32_33_34_35_36_37_38_39_40_41_42_43_44_45_46_47_48_49_50_51_52_53_54_55_56_57_58_59_60_61_62_63_64_65_66_67_68_69_70_71_72_73_74_75_76_77_78_79_80_81_82_83_84_85_86_87_88_89_90_91_92_93_94_95_96_97_98_99_100_101_102_103_104_105_106_107_108_109_110_111_112_113_114_115_116_117_118_119_120_121_122_123_124_125_126_127_128_129_130_131_132_133_134_135_136_137_138_139_140_141_142_143_144_145_146_147_148_149_150_151_152_153_154_155_156_157_158_159_160_161_162_163_164_165_166_167_168_169_170_171_172_173_174_176_177_178_179_180_181_182_183_185_186_187_188_189_190_191_192_193_194_195_196_197_198_199_200_201_202_203_204_205_206_207_208_209_210_211_212_213_214_215_218_219_220_221_224_225_226_227_228_229_230_231_232_233_235_237_238_241_243_244_245_246_247_248_249_250_251_252_253_255_256_258_259_260_261_262_264_265_266_267_268_269_270_271_272_274_275_276_277_279_280_281_282_284_286_287_288_289_291_293_294_295_297_298  3.63e+08  3.31e+08  90511.42 -274323.50  11955.70    744.78     87.63    288.26   2607.71  -5435.33      0.00 0
5101 14.0      0_1_2_3_4_5_6_7_8_9_10_11_12_13_14_15_16_17_18_19_20_21_22_23_24_25_26_27_28_29_30_31_32_33_34_35_36_37_38_39_40_41_42_43_44_45_46_47_48_49_50_51_52_53_54_55_56_57_58_59_60_61_62_63_64_65_66_67_68_69_70_71_72_73_74_75_76_77_78_79_80_81_82_83_84_85_86_87_88_89_90_91_92_93_94_95_96_97_98_99_100_101_102_103_104_105_106_107_108_109_110_111_112_113_114_115_116_117_118_119_120_121_122_123_124_125_127_128_129_130_131_132_135_136_137_138_139_140_141_142_144_145_146_148_149_150_151_152_156_157_158_159_160_161_162_166_167_168_169_171_172_173_175_176_180_181_182_183_184_185_189_190_191_192_195_196_197_198_199_200_201_204_205_206_207_211_212_213_214_217_218_219_220_223_224_225_226_227_230_231_234_235_237_238_241_242_243_244_246_249_250_252_253_255_257_258_259_260_261_263_264_266_267_269_270_271_273_274_275_276_277_279_280_281_283_284_286_287_288_289_290_291_293_294_295_296_297_298  2.14e+08  1.76e+08  51330.64 -190636.58  13597.65    862.63     86.06    285.07  -2167.56   3722.12      0.00 0
5102 14.0      0_1_2_3_4_5_6_7_8_9_10_11_12_13_14_15_16_17_18_19_20_21_22_23_24_25_26_27_28_29_30_31_32_33_34_35_36_37_38_39_40_41_42_43_44_45_46_47_48_49_50_51_52_53_54_55_56_57_58_59_60_61_62_63_64_65_66_67_68_69_70_71_72_73_74_75_76_77_78_79_80_81_82_83_84_85_86_87_88_89_90_91_92_93_94_95_96_97_98_99_100_101_102_103_104_105_106_107_108_109_110_111_112_113_114_115_116_117_118_119_120_121_122_123_124_125_126_127_128_129_130_131_132_133_134_135_136_137_138_139_140_141_142_143_144_145_146_147_148_149_150_151_152_153_154_155_156_157_158_160_161_162_164_165_166_167_168_170_171_172_173_175_176_177_178_179_181_182_184_185_187_188_191_193_194_197_199_202_203_208_209_210_212_214_215_216_218_220_221_222_224_228_229_232_233_235_236_239_240_241_244_245_247_248_251_256_259_262_265_268_272_282  7.94e+08  6.96e+08 -219643.92  67655.23  13573.76    771.68     86.62    162.88   4807.98  -2003.25      0.00 0
5103 14.0      33_41_45_49_53_59_63_67_71_72_75_79_83_86_89_91_95_99_100_103_107_111_114_116_117_121_125_126_129_133_134_137_141_143_146_147_148_152_154_155_157_158_162_164_165_168_170_173_176_178_179_181_182_185_187_188_190_191_193_194_196_197_199_200_202_203_205_206_208_209_210_212_213_214_215_216_218_219_220_221_222_224_226_227_230_231_235_236_237_238_240_242_243_246_249_250_252_253_257_258_260_261_263_266_267_269_270_273_275_276_277_278_280_281_283_285_286_287_288_289_290_292_293_294_295_296_297  8.32e+08  6.88e+08  52600.75  75993.49  14274.67    693.16     81.22     55.31  -1113.24  -9655.32      0.00 0
5104 14.0      52_58_62_66_78_82_88_91_94_102_106_110_116_117_128_136_140_148_157_158_167_168_181_182_190_191_197_200_205_206_214_220_226_227_231_238_243_246_249_250_253_258_260_261_264_267_270_274_275_277_279_281_284_287_289_291_295  7.94e+08  6.59e+08  30022.62 -49985.79  12937.47    668.99     77.49    300.99   2735.42 -10446.95      0.00 0
5105 14.0      148_158_182_191_200_206_214_220_227_231_238_243_250_253_258_264_267_270_274_279_284  5.62e+08  4.83e+08 -15310.62  20178.30   9024.38    813.50     70.39    127.19   2748.12  -8593.21      0.00 0
5106 14.0      7_11_14_15_19_23_24_27_30_31_36_37_39_42_43_46_47_48_51_56_57_61_65_68_69_70_73_74_77_80_81_85_87_90_92_93_97_98_101_104_112_113_130_132  5.50e+08  5.06e+08 -20311.15 -15444.96   9403.40    748.23     69.77    217.25  -1281.57   1582.72      0.00 0
5107 14.0      0_1_2_3_4_5_6_7_8_9_10_11_12_13_14_15_16_17_18_19_20_21_22_23_24_25_26_27_28_29_30_31_32_33_34_35_36_37_38_39_40_41_42_43_44_45_46_47_48_49_50_51_52_53_54_55_56_57_58_59_60_61_62_63_64_65_66_67_68_69_70_71_72_73_74_75_76_77_78_79_80_81_82_83_84_85_86_87_88_89_90_91_92_93_94_95_97_98_99_101_102_103_104_105_106_107_109_110_111_113_115_116_117_118_119_120_121_123_124_125_127_128_129_130_131_132_135_136_137_139_140_141_144_145_146_148_149_150_151_152_156_157_158_159_160_161_162_166_167_168_171_172_173_176_180_181_182_183_185_189_190_191_195_196_197_199_200_201_204_205_206_211_212_213_214_218_219_220_224_225_226_227_230_231_235_237_238_241_243_244_246_249_250_252_253_255_256_258_259_260_261_264_266_267_270_271_272_274_275_276_277_279_281_284_286_287_289_291_293_295_298  8.13e+08  7.08e+08 -65001.91 140548.14  14174.37    827.65     84.77    114.82  -1251.06   -373.68      0.00 0
5108 14.0      3_9_13_17_21_29_33_35_41_45_53_55_59_63_67_79_83_89_91_103_107_111_117_129_137_141_148_158_162_168_173_182_191_197_206_212_214_220_227_231_235_238_243_250_253_255_258_264_267_270_274_277_279_281_284_289_291  5.62e+08  4.91e+08  11406.76 -45818.13  11457.82    780.15     76.36    283.98   2874.44  -9218.94      0.00 0
5109 14.0      96_100_122_126_134_147_153_155_177_179_186  8.51e+08  7.61e+08   9870.73  19659.94   8749.92    772.88     68.31     63.34   5093.25   3972.78      0.00 0
5110 14.0      0_1_2_3_4_5_6_7_8_9_10_11_12_13_14_15_16_17_18_19_20_21_22_23_24_25_26_27_28_29_30_31_32_33_34_35_36_37_38_39_40_41_42_43_44_45_46_47_48_49_50_51_52_53_54_55_56_57_58_59_60_61_62_63_64_65_66_67_68_69_70_71_72_73_74_75_76_77_78_79_80_81_82_83_84_85_86_87_88_89_90_91_92_93_94_95_96_97_98_99_100_101_102_104_105_106_108_109_110_112_113_114_115_118_120_122_123_124_125_126_128_130_131_132_133_134_136_138_140_142_143_145_147_151_153_155_159_161_163_164_165_169_170_172_174_175_177_179_184_186_188_194_198_208_210_216_217_222_223_240  1.58e+08  1.32e+08 109813.07  64221.00  15281.89    651.62     83.15     30.32   5245.50   3407.90      0.00 0
5111 14.0      162_168_173_182_185_191_197_199_200_202_203_205_206_212_213_214_218_220_224_226_227_228_229_230_231_233_235_237_238_241_242_243_244_245_246_247_248_249_250_251_252_253_255_256_257_258_259_260_261_262_263_264_265_266_267_268_269_270_271_273_274_275_276_277_278_280_281_283_285_286_287_288_290_292_294_296  2.19e+08  1.83e+08  58574.66  32629.03  13519.56    656.95     78.60     29.12   -931.25  -9318.75      0.00 0
5112 14.0      2_8_11_13_16_20_23_24_28_32_37_40_44_47_48_52_57_58_62_69_70_73_74_82_85_93_97_98_113_123_131_132_144  1.86e+08  1.67e+08  25704.65 -14436.58  10197.27    702.08     70.92    330.68  -4237.39    678.28      0.00 0
5113 14.0      0_1_2_3_4_5_6_7_10_11_12_14_15_16_18_19_22_23_24_26_27_30_31_32_34_36_37_38_39_42_43_46_47_48_50_51_54_56_57_60_61_64_65_68_69_70_72_73_74_76_77_80_81_84_85_87_90_92_93_96_97_98_100_101_104_105_108_109_112_113_115_118_119_122_123_126_127_130_131_132_134_135_138_139_142_144_147_149_150_153_155_159_160_163_165_169_174_177_179_186_188_210_216_240  5.13e+08  4.27e+08 -73443.35 -15919.27  13358.98    735.54     79.92    192.23    374.45   2443.00      0.00 0
5114 14.0      0_1_2_3_4_5_6_7_8_9_10_11_12_13_14_15_17_18_19_21_22_25_26_27_28_29_30_33_34_35_36_38_39_41_42_43_45_46_49_50_51_53_54_55_56_59_60_61_63_64_65_67_68_71_72_75_76_77_79_80_83_84_86_87_89_90_92_95_96_99_100_101_103_104_107_108_109_111_112_114_115_117_118_121_122_125_126_127_129_130_133_134_137_138_139_141_142_143_146_147_149_152_153_154_155_156_158_159_162_163_164_165_166_168_169_170_173_174_176_177_178_179_180_183_185_186_187_188_189_191_192_193_194_195_197_199_201_202_203_204_207_208_209_210_212_214_215_218_220_221_224_225_228_229_232_233_235_238_239_241_243_244_245_247_248_251_253_255_256_258_259_262_264_265_268_270_271_272_274_279_282_284  2.69e+08  2.22e+08  44744.85 -131814.09  14950.06    708.30     83.87    288.75   3189.96     23.89      0.00 0
5115 14.0      0_1_2_3_4_5_6_7_8_9_10_11_12_13_14_15_16_17_18_19_20_21_22_23_24_25_26_27_28_29_30_31_32_33_34_35_36_37_38_39_40_41_42_43_44_45_46_47_48_49_50_51_52_53_54_55_56_57_58_59_60_61_62_63_64_65_66_67_68_69_70_71_72_73_74_75_76_77_78_79_80_81_82_83_84_85_86_87_88_89_90_91_92_93_94_95_96_97_98_99_100_101_102_103_104_105_106_107_108_109_110_111_113_114_115_116_117_119_120_121_123_124_125_126_127_128_129_131_132_133_134_135_136_137_139_140_141_143_144_145_146_148_150_151_152_154_157_158_160_161_162_164_165_166_167_168_170_171_173_175_176_178_181_182_185_187_191_193_197_199_202_203_206_208_209_212_214_215_218_220_221_224_228_229_232_233_235_238_239_241_243_244_245_247_248_251_255_256_259_262_264_265_268_271_272_282  8.13e+08  7.06e+08 152367.72 -83868.80  14543.76    759.47     85.22    331.17   1132.30  -1728.89      0.00 0
5116 14.0      0_1_2_3_4_5_6_7_8_9_10_11_12_13_14_15_16_17_18_19_20_21_22_23_24_25_26_27_28_29_30_31_32_33_34_35_36_37_38_39_40_41_42_43_44_45_46_47_48_49_50_51_52_53_54_55_56_57_58_59_60_61_62_63_64_65_66_67_68_69_70_71_72_73_74_75_76_77_78_79_80_81_82_83_84_85_86_87_88_89_90_91_92_93_94_95_96_97_98_99_100_101_102_103_104_105_106_107_108_109_110_111_112_113_114_115_116_117_118_119_120_121_122_123_124_125_126_127_128_129_130_131_132_133_134_135_136_137_138_139_140_141_143_144_145_146_147_148_149_150_151_152_154_155_156_157_158_160_161_162_164_165_166_167_168_170_171_173_175_176_178_179_181_182_185_187_188_189_191_193_194_195_197_199_202_203_206_208_209_212_214_215_216_218_220_221_222_224_228_229_232_233_235_236_238_239_241_243_244_245_247_248_251_255_256_259_262_265_268_271_272_282  1.95e+08  1.56e+08 -208286.64 107320.67  14741.51    612.98     86.40    152.74  -2879.13    958.62      0.00 0
5117 14.0      1_2_6_7_10_11_14_15_16_19_20_23_24_27_30_31_32_36_37_39_42_43_46_47_48_51_52_56_57_58_61_62_65_68_69_70_73_74_77_80_81_82_85_87_90_92_93_94_97_98_101_104_105_106_109_112_113_115_118_119_120_123_124_127_130_131_132_135_136_139_144_145_149_150_151_156_159_160_161_166_169_171_175_180_183_184_189_192_195_198_201_204_207_217_223_225  1.48e+08  1.29e+08 -41649.48 -66834.66  14155.16    644.04     79.81    238.07  -2924.14    758.05      0.00 0
5118 14.0      200_205_206_213_219_226_227_230_231_234_237_238_242_243_246_249_250_252_253_254_255_257_258_260_261_263_264_266_267_269_270_271_273_274_275_276_277_278_279_280_281_284_289_291  1.62e+08  1.38e+08 -47511.79   8745.76  12098.79    690.74     75.94    169.57   1225.91  -9108.92      0.00 0
5119 14.0      8_13_16_20_24_28_32_35_37_40_44_45_48_52_55_58_62_66_67_69_70_74_78_79_82_85_88_89_91_94_97_98_102_103_106_110_111_113_116_117_120_123_124_128_129_131_132_136_137_140_141_145_148_151_157_158_161_162_167_168_172_173_175_181_182_184_185_190_191_196_197_198_199_200_205_206_211_212_213_214_217_218_219_220_223_224_226_227_230_231_234_235_237_238_241_242_243_244_246_249_250_251_252_253_254_255_256_257_258_259_260_261_263_264_266_267_268_269_270_271_272_273_274_275_276_277_278_279_280_281_282_283_284_285_286_287_288_289_290_291_292_293_294_295_296_297_298  6.46e+08  5.54e+08 -221713.80 157738.58  12927.10    697.19     87.28    144.57     24.77  -8470.41      0.00 0
5120 14.0      0_1_2_3_4_5_6_7_8_9_10_11_12_13_14_15_16_17_18_19_20_21_22_23_24_25_26_27_28_29_30_32_33_34_35_36_38_40_41_42_43_44_45_46_48_49_50_52_53_54_55_56_58_59_60_62_63_64_66_67_68_71_72_75_76_77_78_79_80_82_83_84_86_88_89_90_91_92_95_96_99_100_102_103_104_106_107_108_110_111_112_114_116_117_118_121_122_125_126_128_129_130_133_134_136_137_138_140_141_142_143_146_147_148_152_153_154_155_157_158_159_161_162_163_164_165_167_168_169_170_172_173_174_176_177_178_179_181_182_185_186_187_188_190_191_192_193_194_196_197_198_199_200_202_203_205_206_208_209_210_211_212_213_214_215_216_218_219_220_221_222_223_224_226_227_228_229_230_231_232_233_234_235_236_237_238_239_240_241_242_243_244_246_249_250_252_253_254_255_257_258_259_260_261_263_264_266_267_269_270_271_273_274_275_276_277_278_279_280_281_283_284_285_286_287_288_289_290_291_292_293_294_295_296_297_298  5.50e+08  4.80e+08 -82145.91 -171759.38  13981.53    817.88     85.80    244.44   4905.47   2387.64      0.00 0
5121 14.0      0_1_2_3_4_5_6_7_8_9_10_11_12_13_14_15_16_17_18_19_20_21_22_23_24_25_26_27_28_29_30_31_32_33_34_35_36_37_38_39_40_41_42_43_44_45_46_47_48_49_50_51_52_53_54_55_56_57_58_59_60_61_62_63_64_65_66_67_68_69_70_71_72_73_74_75_76_77_78_79_80_81_82_83_84_86_87_88_89_90_91_92_93_95_96_99_100_101_102_103_104_105_107_108_109_110_111_112_115_116_117_118_121_122_125_127_128_129_130_135_137_138_139_141_142_148_149_152_156_157_158_159_162_166_168_169_171_173_174_180_181_182_183_189_190_191_192_195_197_199_200_201_204_205_206_207_212_214_220_224_225_226_227_231_235_238_243_246_249_250_253_255_258_260_261_264_267_270_274_275_277_279_281_284_286_287_289_291_293_295_298  3.31e+08  2.74e+08  14677.53 -97626.78  14683.94    661.57     81.54    278.55    370.58   1241.95      0.00 0
5122 14.0      0_1_2_3_4_5_6_7_8_9_10_11_12_13_14_15_16_17_18_19_20_22_23_24_25_26_27_28_30_31_32_34_36_37_38_39_40_42_43_46_47_48_50_51_52_54_56_57_58_60_62_64_68_69_70_72_73_74_76_80_82_84_85_90_94_96_98_106_108_120_122_124_126_132_138_145_147_153  9.55e+08  8.58e+08 -28138.17 -16508.56  10217.32    760.40     72.61    210.40   -492.33    299.25      0.00 0
5123 14.0      91_103_111_116_117_128_129_137_140_141_148_152_157_158_161_162_167_168_172_173_176_181_182_184_185_190_191_196_197_198_199_200_202_203_205_206_211_212_213_214_217_218_219_220_223_224_226_227_228_229_230_231_232_233_234_235_237_238_241_242_243_244_245_246_247_248_249_250_251_252_253_254_255_256_257_258_259_262_263_264_265_268_271_272_278_282  8.32e+08  7.14e+08 -83446.71  -9345.30  14021.36    689.53     80.52    186.39   4419.75  -5909.95      0.00 0
5124 14.0      0_2_3_4_5_6_8_9_10_12_13_16_17_18_20_21_22_25_26_28_29_33_34_35_38_40_41_44_45_49_50_52_53_54_55_59_60_62_63_64_66_67_71_72_76_78_79_84_88_91_96_102_110_128_140  7.41e+08  6.27e+08 -16329.91 -21320.05   9663.23    734.76     70.21    232.55    420.01  -1148.97      0.00 0
5125 14.0      0_1_2_3_4_5_6_7_8_9_10_11_12_13_14_15_16_17_18_19_20_21_22_23_24_25_26_27_28_29_30_31_32_33_34_35_36_37_38_39_40_41_42_43_44_45_46_47_48_49_50_51_52_53_54_55_56_57_58_59_60_61_62_63_64_65_66_67_68_69_70_71_72_73_74_75_76_77_78_79_80_81_82_83_84_85_86_87_88_89_90_91_92_94_95_96_98_99_100_101_102_103_104_106_107_108_110_111_112_114_115_116_117_118_120_121_122_124_125_126_128_129_130_133_134_136_137_138_140_141_142_143_146_147_148_149_151_152_153_154_155_157_158_159_161_162_163_164_165_167_168_169_170_172_173_174_176_177_178_179_180_181_182_183_184_185_186_187_188_190_191_192_193_194_196_197_198_199_200_201_202_203_205_206_207_208_209_210_211_212_213_214_215_216_217_218_219_220_221_222_223_224_226_227_228_229_230_231_232_233_234_235_236_237_238_239_240_241_242_243_244_245_246_247_248_249_250_251_252_253_254_255_256_257_258_259_260_261_263_264_266_267_269_270_271_273_274_275_276_277_278_279_280_281_283_284_285_286_287_288_289_290_291_292_293_294_295_296_297_298  2.34e+08  1.96e+08 -103822.88 -237754.23  12552.31    801.64     87.23    246.41    997.95  -5076.92      0.00 0
5126 14.0      9_13_17_21_25_28_29_33_35_38_41_44_45_49_53_55_59_63_66_67_71_75_78_79_83_88_89_91_102_103_110_116_117_128_140_148_157_167_172_181_190_196_211_213_219_234_237_242_254  2.19e+08  1.88e+08  23528.68  26942.94  11347.04    636.83     72.40     48.87   -902.92  -4271.27      0.00 0
5127 14.0      33_38_49_53_59_63_67_71_72_75_83_86_89_95_99_100_103_107_111_114_117_121_125_126_129_133_134_137_141_148_158_162_168_173_182_191_197_200_206_214_227  1.02e+08  8.39e+07 -11953.45 -30978.08  10820.78    673.06     71.95    248.90   2207.69  -3259.01      0.00 0
5128 14.0      3_5_9_12_13_17_21_25_26_28_29_33_34_35_38_40_41_44_45_49_50_53_55_59_60_63_66_67_71_72_75_76_78_79_83_86_88_89_91_95_96_99_100_102_103_107_110_111_114_116_117_121_122_125_126_128_129_133_134_137_140_141_143_146_147_148_152_153_154_155_157_158_162_164_165_167_168_170_172_173_176_177_178_179_181_182_185_187_188_190_191_193_194_196_197_198_199_200_202_203_205_206_208_209_210_211_212_213_214_215_216_219_220_221_222_223_226_227_230_231_234_236_237_238_240_242_246_249_250_252_253_254_257_260_261_263_266_269_273_275_276_278_280_283_285_286_288_290_292_294_296  5.62e+08  4.69e+08 -67126.06 -80538.61  14156.90    757.01     82.31    230.19  -2870.35  -9244.45      0.00 0
5129 14.0      0_1_2_3_4_5_6_7_8_9_10_11_12_13_14_15_16_17_18_19_20_21_22_23_24_25_26_27_28_29_30_31_32_33_34_35_36_37_38_39_40_41_42_43_44_45_46_47_48_49_50_51_52_53_54_55_56_57_58_59_60_61_62_63_64_65_66_67_68_69_70_71_72_73_74_75_76_77_78_79_80_81_82_83_84_85_86_87_89_90_92_93_94_95_96_97_98_99_100_101_104_105_107_108_109_111_112_113_114_115_118_119_121_122_123_125_126_127_130_131_132_133_134_135_137_138_139_142_143_144_146_147_149_150_152_153_154_155_156_159_160_163_164_165_166_169_170_171_174_176_177_178_179_180_183_185_186_187_188_189_193_194_195_202_203_208_209_210_215_216_221_222_228_229_232_236_239_240_245_247_248_262  1.91e+08  1.67e+08 149454.89 -50674.92  14695.36    748.51     84.68    341.27   5732.61   -320.75      0.00 0
5130 14.0      0_1_2_3_4_5_6_7_8_9_10_11_12_13_14_15_16_17_18_19_20_21_22_23_24_25_26_27_28_29_30_31_32_33_34_35_36_37_38_39_40_41_42_43_44_45_46_47_48_49_50_51_52_53_54_55_56_57_58_59_60_61_62_63_64_65_66_67_68_69_70_71_72_73_74_75_76_77_78_79_80_81_82_83_84_85_86_87_88_89_90_91_92_93_94_95_96_97_98_99_100_101_102_103_104_105_106_107_108_109_110_111_112_113_114_115_116_117_118_119_120_121_122_123_124_125_126_128_129_130_131_132_133_134_136_137_138_140_141_142_143_145_146_147_148_151_152_153_154_155_157_158_159_161_163_164_165_167_169_170_172_174_175_177_178_179_181_184_186_187_188_190_193_194_196_198_208_210_211_213_215_216_217_219_221_222_223_234_236_240_242_254  9.12e+08  7.65e+08 162436.56  94540.36  14329.64    770.75     85.64     30.20   -875.77  -1134.17      0.00 0
5131 14.0      100_114_122_126_133_134_138_142_143_146_147_153_154_155_163_164_165_170_174_176_177_178_179_186_187_188_193_194_202_203_208_209_210_215_216_221_222_228_229_232_233_236_239_240_245_247_248_251_256_262_265_268_272_282  6.61e+08  5.79e+08  27591.22 -88476.40  13735.20    774.49     81.57    287.32   6389.03   2020.69      0.00 0
5132 14.0      2_3_5_8_9_13_16_17_20_21_28_29_32_33_35_40_41_44_45_52_55_58_62_66_78_82_88_94_102_106_110_120_124_136_145_151_161_175_184  8.13e+08  7.28e+08 -23989.12 -11887.44   9459.76    768.54     70.54    206.36  -2606.75  -2641.82      0.00 0
5133 14.0      269_273_275_276_278_280_283_285_286_287_288_290_292_293_294_295_296  9.12e+08  7.76e+08  19610.25  -6213.20   8394.87    796.93     67.80    342.42  -1701.39 -10980.61      0.00 0
5134 14.0      91_102_106_110_116_117_120_128_129_136_140_141_145_148_151_157_158_161_167_168_172_173_181_182_190_191_196_197_199_200_205_206_212_214_220_224_226_227_231_235_238_241_243_244_250_253_255_256_258_259_264_268_270_271_272_274_279  8.51e+08  7.29e+08  52256.43 -30818.26  12762.45    715.45     78.12    329.47   5517.39  -8755.23      0.00 0
5135 14.0      20_32_37_40_44_48_52_58_62_66_69_70_74_78_82_85_88_91_94_97_98_102_106_110_113_116_117_120_124_128_136_140_148_157_158_167_172_181_182_190_191_196_200_205_206_213_226_227_230_231_246_249_250_253_260_261_267_270_275_277_281_287_289_291  1.70e+08  1.39e+08  15079.87 -33585.58  10050.91    874.07     74.73    294.18   -636.84  -5848.48      0.00 0
5136 14.0      0_1_2_3_4_5_6_7_8_9_10_11_12_13_14_15_16_17_18_19_20_21_22_23_24_25_26_27_28_29_30_31_32_33_34_35_36_37_38_39_40_41_42_43_44_46_47_48_49_50_51_52_53_54_56_57_58_59_60_61_62_64_65_66_68_69_70_71_72_73_74_75_76_77_80_81_82_84_85_86_87_88_90_92_93_94_96_97_98_100_101_104_105_106_108_109_112_113_114_115_118_119_120_122_123_124_126_127_130_131_132_134_135_138_139_142_143_144_145_147_149_150_151_153_155_156_159_160_163_165_169_174_175_177_179_186_188_192_194_210_216_222_240  4.68e+08  4.35e+08 -98295.93 -37712.59  13561.66    854.99     82.66    200.99    957.41   2142.55      0.00 0
5137 14.0      3_4_5_9_10_12_13_17_18_21_22_25_26_28_29_33_34_35_38_41_42_44_45_49_50_53_54_55_59_60_63_64_67_71_72_75_76_78_79_83_84_86_89_90_91_95_96_99_100_102_103_107_108_111_112_114_116_117_121_122_125_126_128_129_133_134_137_138_141_142_143_146_147_148_152_153_154_155_157_158_162_163_164_165_167_168_170_173_174_176_177_178_179_181_182_185_186_187_188_190_191_193_194_197_199_200_202_203_205_206_208_209_210_212_213_214_215_216_218_220_221_222_224_226_227_228_229_230_231_232_233_235_236_237_238_239_240_241_243_244_245_246_247_248_249_250_251_252_253_255_256_257_258_259_260_261_262_264_265_266_267_268_269_270_271_272_273_274_275_276_277_279_280_281_282_283_284_285_286_287_288_289_290_291_292_293_294_295_296_297_298  4.37e+08  3.66e+08 -92869.82 -223435.06  13655.15    719.75     86.77    247.43   3703.36  -5915.75      0.00 0
5138 14.0      125_133_146_154_176_178_185_187_202_203_209_218_228_229_233_241_245_248_251_256_262_265_268_272_282  1.48e+08  1.27e+08  11662.70 -24265.81   9539.23    757.89     70.49    295.67   6199.96  -4714.12      0.00 0
5139 14.0      33_41_45_49_53_55_59_63_67_71_75_79_83_86_89_91_95_99_102_103_107_111_114_116_117_121_125_128_129_133_134_137_141_143_146_148_152_154_155_157_158_162_164_165_167_168_170_172_173_176_178_181_182_185_187_188_190_191_193_194_196_197_200_205_206_208_210_211_213_214_216_219_222_226_227_230_231_234_237_240_242_246_249_252_254_257_260_263_266_269_273_278_280_283_285_290_292  1.10e+08  8.93e+07 -45096.59 -46927.81  13359.82    664.64     78.40    226.14   -645.34  -6400.62      0.00 0
5140 14.0      152_162_173_176_185_197_199_212_214_218_220_224_231_235_238_243_253  3.63e+08  3.18e+08  12783.58  20649.97   9955.73    632.45     67.71     58.24   3281.15  -5970.03      0.00 0
5141 14.0      172_190_196_198_200_205_211_213_219_223_226_227_230_234_237  3.47e+08  2.93e+08 -17187.50   7555.52   8233.78    769.46     66.32    156.27  -1992.76  -6845.98      0.00 0
5142 14.0      18_22_25_26_30_34_38_42_46_49_50_54_59_60_64_68_71_72_75_76_80_83_84_86_90_92_95_96_99_100_104_107_108_112_114_115_118_121_122_125_126_130_133_134_138_142_143_146_149_152_154_159_164_169_176_178_180_183_185_187_192_202_203_209_218_228_229_233_241_245_248_251_256_265_268  1.74e+08  1.62e+08  22114.45 -39748.14  11738.04    711.75     75.53    299.09   3674.97   -435.39      0.00 0
5143 14.0      0_1_2_3_4_5_6_7_8_9_10_11_12_14_15_16_17_18_19_22_23_24_25_26_27_30_31_32_34_36_37_38_39_42_43_46_47_48_49_50_51_54_56_57_58_60_61_64_65_68_69_70_71_72_73_74_76_77_80_81_84_85_86_87_90_92_93_96_97_98_100_101_104_105_108_109_112_113_114_115_118_119_122_123_126_127_130_131_132_134_135_138_139_142_143_144_147_149_150_153_155_156_159_160_163_165_166_169_170_171_174_177_179_183_186_188_192_194_210_216_222_240  2.14e+08  1.77e+08  97462.77  15262.27  13741.54    799.38     82.07      8.90   2350.27   2861.64      0.00 0
5144 14.0      224_235_241_243_244_255_256_258_259_264_271_274_279_284_291  3.31e+08  2.86e+08  -5309.96 -19584.44   7659.43    945.87     69.32    254.83   4226.94  -9514.25      0.00 0
5145 14.0      10_14_22_27_30_34_36_39_42_43_46_54_56_60_64_68_76_80_84_90_96_108_112_122_126_138_147_153_155_179  2.69e+08  2.36e+08  20483.01   3486.51   8449.59    792.89     67.87      9.66   2373.83   2192.88      0.00 0
5146 14.0      103_111_116_117_128_129_137_141_148_152_157_158_162_167_168_173_181_182_185_190_191_196  2.69e+08  2.28e+08  21016.11   5505.63   8196.31    875.39     69.33     14.68   1134.17  -4763.29      0.00 0
5147 14.0      0_1_2_3_4_5_6_7_8_9_10_11_12_13_14_15_16_17_18_19_20_21_22_23_24_25_26_27_28_29_30_31_32_33_35_36_37_39_40_41_43_44_45_46_47_48_51_52_53_55_56_57_58_59_61_62_63_65_66_67_69_70_73_74_77_78_79_81_82_83_87_88_89_91_93_101_102_103_105_107_109_111_116_117_119_127_129_135_137_139_141_148_157_158_160_162_166_168_171_173_181_182_191_195_197_200_206_212_214_220_227_231_235_238_243_250_253_255_258_264_267_270_274_279_281_284_291  8.51e+08  7.41e+08 -19945.82  49120.63  12171.45    732.00     77.07    112.10    753.26  -3588.49      0.00 0
5148 14.0      62_66_78_82_88_91_94_102_103_106_110_116_117_120_124_128_129_136_140_141_145_148_151_157_158_168_173_182_191_197_212  8.32e+08  6.95e+08  27777.27 -14293.97  10616.48    669.88     71.23    332.77   -842.05  -3863.26      0.00 0
5149 14.0      153_163_169_174_177_179_186_188_192_201_207_210_216_222_225_240  2.04e+08  1.69e+08  53087.02 -43590.65  12941.95    754.27     79.33    320.61   6305.30   4839.59      0.00 0
5150 14.0      8_13_16_20_28_32_40_44_48_52_58_62_66_74_82_88_94_98_106_120_124_132_145_151_175  7.08e+08  5.84e+08 -24735.17  -5397.66   9998.26    647.95     68.45    192.31  -3628.24  -2005.65      0.00 0
5151 14.0      3_4_9_12_17_18_21_22_25_26_29_33_34_38_41_45_49_50_53_54_59_63_67_71_75_79_83_89_103_107_111_117_129_141_158_168  5.50e+08  4.67e+08    859.57 -22173.48   8920.38    747.37     68.10    272.22   1428.79  -2169.96      0.00 0
5152 14.0      59_63_71_75_83_86_89_95_99_100_103_107_111_114_117_121_125_126_129_133_134_137_141_143_146_147_148_152_154_155_158_162_164_165_168_170_173_176_177_178_179_182_185_187_188_191_193_194_197_199_200_202_203_206_208_209_210_212_214_215_216_218_220_221_222_224_226_227_231_235_236_238_240_243_246_249_250_253_258_260_261_266_267_270_275_276_277_280_281_286_287_288_289_293_294_295_296_297_298  2.95e+08  2.41e+08 -30559.45 -60628.82  13308.17    692.76     78.91    243.25   3973.59  -2941.63      0.00 0
5153 14.0      0_2_3_4_5_8_9_11_12_13_16_17_20_21_24_25_26_28_29_32_33_35_38_40_41_44_45_48_49_50_52_53_55_58_59_62_63_66_67_70_71_72_74_75_76_78_79_82_83_86_88_89_91_94_95_98_99_100_102_103_106_107_110_111_114_116_117_120_121_124_125_128_129_132_133_134_136_137_140_141_143_145_146_148_151_152_154_157_158_161_162_164_165_167_168_170_172_173_175_176_178_181_182_184_185_187_190_191_193_194_196_197_198_199_200_202_203_205_206_208_209_211_212_213_215_216_217_218_219_221_222_223_224_228_229_230_232_233_234_236_237_239_240_242_245_247_248_254  1.66e+08  1.35e+08 118968.22  30545.85  14928.97    690.82     83.07     14.40  -3503.68  -4444.96      0.00 0
5154 14.0      91_102_116_117_128_148_157_158_181_182_190_200_205_206_213_226_227_230_246_249_250_252_260_261_266_269_275_276_277_280_286_287_288_290_293_294_295_296_297_298  9.77e+08  8.53e+08   2733.88  41269.47  11136.53    752.16     74.93     86.21   -590.16 -10445.63      0.00 0
5155 14.0      4_6_7_10_12_14_15_18_19_22_26_27_30_31_34_36_38_39_42_43_46_50_51_54_56_57_61_65_68_77_80_81_87_92_101_105_109_115_119_127_135_139_150_160_166_171_195  3.47e+08  2.90e+08 -29039.42  24384.25  10558.75    797.30     74.44    139.98  -3685.11   4747.14      0.00 0
5156 14.0      0_1_2_3_4_5_6_7_9_10_12_13_14_17_18_19_21_22_25_26_27_29_30_33_34_35_36_38_39_41_42_43_45_46_49_50_53_54_55_56_59_60_63_64_65_67_68_71_72_75_76_77_79_80_83_84_86_89_90_92_95_96_99_100_101_103_104_107_108_111_112_114_115_118_121_122_125_126_127_129_130_133_134_137_138_141_142_143_146_147_149_152_153_154_155_156_158_159_162_163_164_165_166_168_169_173_174_176_178_180_183_185_186_187_189_191_192_197_199_201_202_203_204_207_209_212_214_218_220_224_225_228_233_235_238_241_243_244_248_251_255_256_258_259_264_265_268_270_271_272_274_279_284  1.12e+08  8.88e+07  26945.56 -89757.34  14507.80    666.49     81.20    286.71   2614.71    110.06      0.00 0
5157 14.0      0_2_3_5_8_9_11_13_16_17_20_21_23_24_28_29_32_33_35_37_40_41_44_45_47_48_52_53_55_58_59_62_63_66_67_69_70_73_74_78_79_82_83_85_88_89_91_94_95_97_98_102_103_106_107_110_111_113_116_117_120_121_123_124_128_129_131_132_136_137_140_141_145_146_148_151_152_157_158_161_162_167_168_172_173_175_176_181_182_184_185_190_191_196_197_198_199_200_202_203_205_206_211_212_213_214_217_218_219_220_223_224_226_227_228_230_231_233_234_235_237_238_241_242_243_244_245_246_248_249_250_251_252_253_254_255_256_257_258_259_260_261_262_263_264_265_266_267_268_269_270_271_272_273_274_275_276_277_278_279_280_281_282_283_284_285_286_287_288_289_290_291_292_293_294_295_296_297_298  2.95e+08  2.45e+08 219691.00 -117057.80  12305.40    886.77     87.17    331.95   2595.89  -8087.54      0.00 0
5158 14.0      19_31_37_39_43_47_51_57_61_65_69_70_73_77_81_85_87_92_93_97_98_101_105_109_113_115_118_119_123_127_135_139_149_156_159_166_180_183_189_192_201_204_207  5.25e+08  4.69e+08  15276.74  25314.54   9299.74    867.39     72.54     58.89  -1231.06   3694.24      0.00 0
5159 14.0      0_1_2_3_4_5_6_7_8_9_10_11_12_13_14_15_16_17_18_19_20_21_22_23_24_25_26_27_28_29_30_31_32_33_34_35_36_37_38_39_41_42_43_46_47_48_49_50_51_53_54_56_57_59_60_61_63_64_65_68_69_70_71_72_73_75_76_77_80_81_83_84_85_86_87_90_92_93_95_96_97_99_100_101_104_105_107_108_109_112_113_114_115_118_119_121_122_123_125_126_127_130_131_133_134_135_138_139_142_143_144_146_147_149_150_153_154_155_156_159_160_163_164_165_166_169_170_171_174_176_177_178_179_180_183_186_187_188_189_192_193_194_195_201_202_204_207_208_209_210_215_216_221_222_225_229_232_236_239_240_245_247  5.01e+08  4.60e+08 212001.86 -78674.34  13751.43    758.84     86.52    339.64    170.60   4003.80      0.00 0
5160 14.0      0_1_2_3_4_5_6_7_8_9_10_11_12_13_14_15_16_17_18_19_21_22_25_26_27_28_29_30_33_34_35_36_38_39_41_42_43_44_45_46_49_50_53_54_55_56_59_60_63_64_65_67_68_71_72_75_76_77_78_79_80_83_84_86_87_89_90_91_92_95_96_99_101_103_104_107_108_111_112_115_117_118_121_125_127_129_130_137_141_146_149_152_156_158_159_162_168_173_180_182_183_185_189_191_197_199_201_204_206_212_214_218_220_224_231_235_238_241_243_244_253_255_258_259_264_270_271_274_279_281_284_291  4.27e+08  3.60e+08 -18814.85  62357.11  13405.59    658.69     78.37    106.79   2784.23  -5032.93      0.00 0
5161 14.0      63_67_83_89_103_107_111_129_137_141_158_168_173_191_197_206_212_214_220_231_238_253  4.68e+08  3.94e+08   2434.77 -25332.37   9958.03    656.70     68.63    275.49   2097.61  -5295.24      0.00 0
5162 14.0      0_1_2_3_4_5_6_7_8_9_10_11_12_13_14_15_16_17_18_19_21_22_23_25_26_27_28_29_30_31_33_34_35_36_38_39_41_42_43_45_46_49_50_51_53_54_55_56_57_59_60_61_63_64_65_67_68_71_72_75_76_77_79_80_81_83_84_86_87_89_90_92_95_96_99_100_101_103_104_105_107_108_109_111_112_114_115_118_121_125_127_129_130_135_137_139_141_146_149_152_156_159_160_162_166_168_169_171_173_176_180_183_185_189_192_195_197_199_201_204_207_212_218_220_224_225_235_241_244_255_259_271  1.41e+08  1.28e+08 -29121.91  65779.30  13761.85    656.74     79.17    113.88   -889.02   5014.47      0.00 0
5163 14.0      25_26_33_34_38_49_50_53_54_59_60_63_71_72_75_76_83_84_86_89_95_96_99_100_107_108_111  1.51e+08  1.25e+08   1372.39  21997.28   9619.90    631.33     66.42     86.43   2342.55   -272.83      0.00 0
5164 14.0      77_92_101_104_115_118_130_149_159_169_174_192  1.12e+08  9.68e+07  14062.27  15276.53   8860.63    718.08     66.89     47.37   1177.33   4899.64      0.00 0
5165 14.0      1_2_6_7_8_11_14_15_16_19_20_23_24_27_28_31_32_36_37_39_40_43_44_47_48_51_52_56_57_58_61_62_65_66_69_70_73_74_77_78_81_82_85_87_88_92_93_94_97_98_101_102_105_106_109_110_113_115_116_119_120_123_124_127_128_131_132_135_136_139_140_144_145_149_150_151_156_157_160_161_166_167_171_172_175_180_184_189_190_195_196_198_201_204_205_211_213_217_219_223_225_230_234_237_242_249_252_254_257_263_266_269_273_276_278_280_283_285_288_290_292_296  6.92e+08  5.95e+08   8915.87 113794.76  14682.87    706.74     82.67     85.52  -3912.49  -2903.86      0.00 0
5166 14.0      0_1_2_4_5_6_7_8_10_11_14_15_16_19_20_23_24_27_28_30_31_32_36_39_40_43_46_47_51_56_57_61_65_77_80_81_87_92_101_115_118_127_149_156_180  6.03e+08  5.08e+08  -2133.33 -26572.86   9956.55    682.49     69.52    265.41   -539.09   2416.33      0.00 0
5167 14.0      0_1_4_6_7_10_11_14_15_19_23_27_31_36_39_43_47_51_57_61_65_73_81_87_93_105_119_135_150  1.78e+08  1.47e+08 -16942.56  10835.22   9017.16    674.52     65.85    147.40  -1860.92   1712.37      0.00 0
5168 14.0      2_5_8_9_11_13_16_20_23_24_28_29_31_32_35_37_40_41_44_45_47_48_52_55_57_58_62_63_66_67_69_70_73_74_78_79_82_85_88_89_91_93_94_97_98_102_103_106_107_110_111_113_116_117_119_120_123_124_128_129_131_132_136_137_140_141_144_145_148_151_157_158_161_162_167_168_172_173_175_181_182_184_185_190_191_196_197_198_199_200_205_206_211_212_213_214_217_218_219_220_223_224_226_227_230_231_234_235_237_238_241_242_243_244_246_249_250_251_252_253_254_255_256_257_258_259_260_261_264_266_267_268_269_270_271_272_274_275_276_277_279_281_284_286_287_289_291_293_295  3.16e+08  2.56e+08 -122864.07 110162.24  15366.45    656.70     84.68    138.12   5363.71 -10943.49      0.00 0
5169 14.0      0_3_4_5_9_10_12_13_17_18_21_22_25_26_28_29_30_33_34_35_38_41_42_44_45_46_49_50_53_54_55_59_60_63_64_67_68_71_72_75_76_78_79_83_84_86_89_90_91_95_96_99_100_102_103_104_107_108_111_112_114_116_117_121_122_125_126_129_130_133_134_137_138_141_142_143_146_147_148_152_153_154_155_157_158_162_163_164_165_168_169_170_173_174_176_177_178_179_181_182_185_186_187_188_190_191_193_194_197_199_200_202_203_205_206_208_209_210_212_213_214_215_216_218_220_221_222_224_226_227_228_229_230_231_232_233_235_236_237_238_239_240_241_243_244_245_246_247_248_249_250_251_252_253_255_256_258_259_260_261_264_265_266_267_268_269_270_271_272_274_275_276_277_279_280_281_283_284_286_287_288_289_290_291_292_293_294_295_296_297_298  1.91e+08  1.49e+08 -49054.73 -167754.11  15598.63    622.61     84.90    253.70   2286.46  -7804.04      0.00 0
5170 14.0      0_1_2_3_4_5_6_7_8_9_10_11_12_13_14_15_16_17_18_19_20_21_22_23_24_25_26_27_28_29_30_31_32_33_34_35_36_37_38_39_40_41_42_43_44_45_46_47_48_49_50_51_52_53_54_55_56_57_58_59_60_61_62_63_64_65_66_67_68_69_70_71_72_73_74_75_76_77_78_79_80_81_82_83_84_85_87_88_89_90_91_92_93_94_96_97_98_101_102_103_104_105_106_107_108_109_110_111_112_113_115_116_117_118_119_120_123_124_127_128_129_130_131_132_135_136_138_139_140_142_144_145_148_149_150_151_156_157_158_159_160_161_166_167_168_169_171_172_174_175_180_181_182_183_184_189_190_191_192_195_196_198_200_201_204_205_206_207_211_213_214_217_219_223_225_226_227_230_231_234_237_242_246_249_250_252_254_257_260_261_263_266_267_269_273_275_276_277_278_280_283_285_286_287_288_290_292_293_294_295_296_297_298  1.29e+08  1.03e+08  18836.21 162053.39  15392.96    654.23     84.61     83.37  -1992.20  -3667.14      0.00 0
5171 14.0      0_1_2_3_4_5_6_7_8_9_10_11_12_13_14_15_16_17_18_19_20_21_22_23_24_25_26_27_28_29_30_31_32_33_34_35_36_37_38_39_40_41_42_43_44_45_46_47_48_49_50_51_52_53_54_55_56_57_58_59_60_61_62_63_64_65_66_67_68_69_70_71_72_73_74_75_76_77_78_79_81_82_83_84_85_86_87_88_89_91_93_94_95_96_97_98_99_100_102_103_105_106_107_110_111_113_114_116_117_119_120_121_123_124_125_126_128_129_131_132_133_134_136_137_140_141_143_144_145_146_148_151_152_154_157_158_161_162_164_165_167_168_170_172_173_175_176_178_184_185_187_193_194_197_199_202_203_208_209_212_215_218_221_222_224_228_229_232_233_236_239_241_245_247_248_251_262_265  1.35e+08  1.12e+08 141961.33 -22967.29  15216.27    675.82     83.96    350.81  -3730.81   -943.06      0.00 0
5172 14.0      0_1_2_3_4_5_6_7_8_9_10_11_12_13_14_15_16_17_18_19_20_21_22_23_24_25_26_28_29_31_32_33_34_35_37_38_40_41_45_47_48_49_50_52_53_54_58_59_60_63_69_70_71_72_74_75_76_83_85_86_95_98_99_100_114_125_133_134_143_154_164_165_170_187_193_194_208_215_221_222_236_239  9.12e+08  8.21e+08 -36836.85    964.61  10524.67    784.64     74.06    178.50   3243.04   -437.34      0.00 0
5173 14.0      10_18_22_26_30_34_36_38_42_46_50_54_56_60_64_68_71_72_76_77_80_84_86_90_92_96_99_100_104_114_133  8.71e+08  7.41e+08 -16332.15  14282.62   9031.32    714.71     67.40    138.83   1787.79   1468.18      0.00 0
5174 14.0      0_1_2_3_4_5_6_7_8_10_11_12_13_14_15_16_18_22_27_30_36_42_43_46_54_56_64_68_80_90_104  6.46e+08  5.41e+08  -6063.73 -18818.58   9006.18    667.14     65.51    252.14    382.24   1416.01      0.00 0
5175 14.0      182_191_197_200_206_212_214_220_224_226_227_231_235_238_241_243_244  2.51e+08  2.06e+08 -22892.94  -4135.59   9822.10    629.65     67.11    190.24   2380.87  -6759.09      0.00 0
5176 14.0      40_44_55_62_66_78_79_82_88_91_94_102_103_106_110_120_124_136_145  1.41e+08  1.21e+08  17906.05  -3855.07   7986.99    801.23     66.44    347.85  -1675.04  -2854.71      0.00 0
5177 14.0      0_1_2_3_4_5_6_7_8_9_11_13_15_16_17_19_20_21_23_24_27_28_29_31_32_35_37_39_40_41_44_45_47_48_51_52_53_55_57_58_61_62_63_65_66_67_69_70_73_74_78_79_81_82_85_87_88_89_91_93_94_97_98_102_103_105_106_109_110_111_113_116_117_119_120_123_124_128_129_131_132_135_136_137_139_140_141_144_145_148_150_151_157_158_160_161_162_167_168_171_172_173_175_181_182_184_190_191_196_197_198_199_200_205_206_212_213_214_220_224_226_227_230_231_235_238_243_244_246_249_250_253_255_258_259_260_261_264_267_270_271_274_275_277_279_281_284_289_291  2.24e+08  1.87e+08  55825.25 -78235.23  13114.22    896.64     82.23    305.51  -3928.51    577.94      0.00 0
5178 14.0      59_63_67_83_89_95_103_107_111_117_129_137_141_148_158_168_173_181_182_191_197_200_206_214_220_226_227_231_238_246_249_250_253_260_261_267_270_275_276_277_281_286_287_289_293_294_295_297_298  1.15e+08  9.88e+07   7772.44  38134.64  10727.29    784.15     74.59     78.48    995.41  -8184.62      0.00 0
5179 14.0      148_157_158_162_168_173_181_182_185_190_191_196_197_199_200_203_205_206_211_212_213_214_218_219_220_223_224_226_227_228_230_231_233_234_235_237_238_241_242_243_244_245_246_247_248_249_250_251_252_253_254_255_256_257_258_259_260_261_262_263_264_265_266_267_268_269_270_271_272_273_274_275_276_277_278_279_280_281_282_283_284_285_286_287_288_289_290_291_292_293_294_295_296_297_298  1.32e+08  1.11e+08 -206418.38 -39936.76  15144.42    624.14     85.88    190.95   2947.91  -9498.20      0.00 0
5180 14.0      17_21_33_41_49_53_59_63_75_83_89_95_107_111_121_137_152_162_185  5.75e+08  5.39e+08  13501.57 -14498.94   8577.48    739.57     66.59    312.96   3011.12  -2876.17      0.00 0
5181 14.0      176_178_185_187_202_203_209_215_218_224_228_229_233_235_241_244_245_248_251_255_256_259_264_265_268_271_272_279  6.17e+08  5.14e+08  -4711.00 -41283.89  11671.86    670.82     74.31    263.49   5617.30  -8349.31      0.00 0
5182 14.0      3_5_8_9_12_13_17_20_21_25_26_28_29_33_35_38_40_41_44_45_49_52_53_55_59_62_63_66_67_71_72_75_78_79_82_83_86_88_89_91_95_99_100_102_103_106_107_110_111_114_116_117_120_121_125_128_129_133_134_136_137_140_143_145_146_148_151_154_157_161_164_165_167_170_172_175_184_190_193_194_196_198_208_211_217_219_222_223_234  4.37e+08  3.80e+08 -50607.67 -26221.32  12782.20    679.42     77.36    207.39  -1696.94  -3770.97      0.00 0
5183 14.0      0_1_2_5_6_7_8_11_13_14_15_16_19_20_23_24_27_28_31_32_35_36_37_39_40_43_44_47_48_51_52_57_58_61_62_65_66_69_70_73_74_77_78_81_82_85_87_88_94_98_102_106_110_116_120_128_136_140_151_157_161_167_172_184_190_196_198_211_213_219_223_230_234_237_242_252_254_257_263_269_273_278_283_285_292  3.31e+08  2.77e+08  10736.54  42090.44  11371.50    743.17     75.33     75.69  -2698.69  -4973.88      0.00 0
5184 14.0      140_157_167_172_190_196_205_213_219_226_230_237_246_249_252_260_266_276  7.94e+08  7.14e+08   7517.86 -21431.67   8983.15    750.48     68.42    289.33  -1543.02  -7191.52      0.00 0
5185 14.0      140_145_151_161_167_172_175_184_190_196_198_205_211_213_217_219_223_226_227_230_234_237_242_246_249_250_252_254_257_260_261_263_266_267_269_273_275_276_277_278_280_281_283_285_286_287_288_289_290_291_292_293_294_295_296_297_298  1.41e+08  1.16e+08  51372.17 -55302.38  13458.90    722.60     79.89    312.89  -3714.37  -7087.31      0.00 0
5186 14.0      0_1_2_3_4_5_8_9_11_12_13_16_17_18_20_21_23_24_25_26_28_29_32_33_35_37_38_40_41_44_45_48_49_50_52_53_55_58_59_62_63_66_67_69_70_71_72_74_75_78_79_82_83_85_86_88_89_91_94_95_98_99_100_102_103_106_107_110_111_114_116_117_120_121_124_125_128_129_132_133_134_136_137_140_141_143_145_146_148_151_152_154_157_158_161_162_164_165_167_168_170_172_173_175_176_178_181_182_184_185_187_190_191_193_194_196_197_198_199_200_202_203_205_206_208_209_211_212_213_214_215_217_218_219_220_221_222_223_224_226_227_228_229_230_232_233_234_235_236_237_239_241_242_244_245_247_248_251_254_256_262_265_268_282  2.40e+08  1.99e+08 141357.73  13710.82  14701.51    745.06     84.09      5.54   2995.96  -3364.14      0.00 0
5187 14.0      21_25_26_33_38_41_49_50_53_59_60_63_67_71_72_75_76_79_83_84_86_89_95_96_99_100_103_107_108_111_114_117_121_122_125_126_129_133_134_137_138_141_143_146_147_148_152_153_154_155_158_162_163_164_165_168_173_176_177_179_181_182_185_186_191_197_199_200_206_212_214_218_220_224_226_227_231_235_238_243_246_249_250_253_255_258_260_261_264_267_270_274_275_276_277_281_284_286_287_288_289_291_293_294_295_297_298  1.29e+08  1.10e+08  12614.13  62278.57  11559.21    959.38     79.69     78.55   1556.01  -9955.84      0.00 0
5188 14.0      0_1_2_3_4_5_6_8_9_10_12_13_14_16_17_18_20_21_22_25_26_28_29_30_32_33_34_35_38_40_41_42_44_45_49_50_52_53_54_55_59_60_62_63_64_66_67_68_71_72_75_76_78_79_82_83_84_86_88_89_90_91_96_100_102_103_106_108_110_112_116_117_122_126_128_136_138_140_147_148_153_157_161_163_167_172_177_181_186_190_196_211_213_219_234_237_242  1.17e+08  1.06e+08 -20809.32 -31261.32  10013.39    896.41     75.07    236.35    416.31  -1607.09      0.00 0
5189 14.0      0_1_2_3_4_5_6_7_8_9_11_12_13_15_16_17_19_20_21_23_24_28_29_31_32_33_35_40_41_44_45_51_53_55_59_63_66_67_78_79_83_89_91_103_107_111_117_129_137_141_152_158_162_168_173_185_191_197_199_212_214_218_220_224_235_238_241_243_244_255_256_258_259_264_271_272_274_279  1.55e+08  1.30e+08 -29653.29  46816.36  12824.68    658.87     76.97    122.35   4060.97  -7358.71      0.00 0
5190 14.0      6_7_10_14_18_19_22_26_27_30_34_36_38_39_42_43_46_50_51_54_56_60_61_64_65_68_71_72_76_77_80_81_84_86_87_90_92_96_100_101_104_105_108_109_112_114_115_118_119_122_126_127_130_133_134_135_138_139_142_143_144_147_149_150_153_155_156_159_160_163_164_165_166_169_170_171_174_177_179_180_183_186_188_189_192_193_194_195_201_204_208_210_215_216_221_222_236_239_240  1.07e+08  9.07e+07  81693.32 -32361.17  14562.45    635.21     80.59    338.39    632.33   3595.46      0.00 0
5191 14.0      0_1_2_3_4_5_6_8_9_10_11_12_13_16_17_18_20_21_22_24_25_26_28_29_32_33_34_35_38_40_41_44_45_49_50_52_53_54_55_58_59_60_62_63_66_67_71_72_75_76_78_79_82_83_84_86_88_89_91_94_95_96_99_100_102_103_106_107_110_111_114_116_117_120_121_122_125_126_128_129_133_134_136_137_140_141_143_145_146_147_148_151_152_154_155_157_158_161_164_165_167_170_172_175_177_178_179_181_184_187_188_190_193_194_196_198_208_210_211_213_216_217_219_221_222_223_234_236_240_242_254  1.35e+08  1.21e+08  66916.41  45356.93  13876.27    693.51     80.26     34.13   2007.62  -1453.09      0.00 0
5192 14.0      0_1_2_3_4_5_6_7_8_9_10_11_12_13_14_15_16_17_18_19_20_21_22_23_24_25_26_27_28_29_30_31_32_33_34_35_36_37_38_39_40_41_42_43_44_45_46_47_48_49_50_51_52_53_54_55_56_57_58_59_60_61_62_63_64_65_66_67_68_69_70_71_72_73_74_75_76_77_78_79_80_81_82_83_84_85_86_88_89_90_91_93_94_95_96_97_98_99_100_102_103_106_107_108_110_111_112_113_114_116_117_120_121_122_124_125_126_128_129_131_132_133_134_136_137_138_140_141_143_145_146_147_148_151_152_153_154_155_157_158_161_162_164_165_167_168_170_172_175_176_177_178_179_181_182_184_185_186_187_188_190_193_194_196_198_202_208_209_210_211_213_215_216_217_219_221_222_223_229_232_234_236_239_240_254  3.80e+08  3.15e+08 -143670.97 -52235.17  15150.87    686.81     84.34    199.98   2232.57   -885.32      0.00 0
5193 14.0      116_117_128_129_137_140_141_148_152_157_158_161_162_167_168_172_173_176_181_182_185_190_191_196_197_198_199_200_202_203_205_206_211_212_213_214_217_218_219_220_223_224_226_227_228_229_230_231_233_234_235_237_238_241_242_243_244_245_247_248_251_254_255_256_259_262_265_268_272_282  1.02e+08  9.02e+07 -46021.27  -4123.48  10125.15   1035.70     77.64    185.12   1842.39  -5961.60      0.00 0
5194 14.0      146_152_154_162_164_173_176_178_185_187_193_197_199_202_203_208_209_212_214_215_218_220_221_222_224_228_229_232_233_235_236_238_239_241_243_244_245_247_248_251_253_255_256_258_264_267_270_274_281  1.15e+08  1.03e+08 -22086.50 -35830.99  11609.67    687.23     74.58    238.35   5507.03  -4299.41      0.00 0
5195 14.0      112_122_130_138_142_147_153_155_159_163_169_174_177_179_180_183_186_188_192_194_201_204_207_210_216_222_240  1.02e+08  8.53e+07  33126.68 -19747.46  10420.36    834.47     74.88    329.20   5448.23   3561.60      0.00 0
5196 14.0      0_1_2_3_4_5_6_7_10_11_12_14_15_17_18_19_22_23_25_26_27_30_31_33_34_36_37_38_39_42_43_46_47_49_50_51_54_56_57_59_60_61_64_65_68_69_71_72_73_75_76_77_80_81_84_86_87_90_92_93_96_97_99_100_101_104_105_108_109_112_114_115_118_119_122_123_126_127_130_131_133_134_135_138_139_142_143_144_147_149_150_153_154_155_156_159_160_163_164_165_166_170_171_177_179_187_188_189_193_194_195_208_210_215_216_221_222_236_239_240  6.46e+08  5.39e+08 -82449.21  26566.82  14076.53    694.89     80.77    162.14  -3379.55   3639.32      0.00 0
5197 14.0      0_1_2_3_4_5_6_7_8_9_10_11_12_13_14_15_16_17_18_19_20_21_22_23_24_25_26_27_28_29_30_31_32_33_34_35_36_37_38_39_40_41_42_43_44_45_46_47_48_49_50_51_52_53_54_55_56_58_59_60_62_63_64_66_67_68_69_70_71_72_74_75_76_78_79_80_82_83_84_85_86_88_89_90_91_94_95_96_98_99_100_102_103_104_106_107_108_110_111_112_114_116_117_120_121_122_124_125_126_128_129_130_133_134_136_137_138_140_142_143_145_147_148_151_153_155_157_158_161_163_164_165_167_170_172_174_175_177_179_181_182_184_186_188_190_194_196_198_205_210_211_213_216_217_219_223_230_234_237_240_242_254_257_263_273_278  8.51e+08  7.43e+08 -65925.58 -66969.35  13240.61    863.44     81.98    225.45    926.76   -839.82      0.00 0
5198 14.0      91_102_103_110_111_116_117_128_129_136_137_140_141_148_151_152_157_158_161_162_167_168_172_173_175_176_178_181_182_184_185_190_191_196_197_198_199_200_202_203_205_206_209_211_212_213_214_217_218_219_220_223_224_226_227_228_229_230_231_232_233_234_235_237_238_241_242_243_244_245_246_247_248_249_250_251_252_253_254_255_256_257_258_259_260_261_262_263_264_265_266_267_268_269_270_271_272_273_274_275_276_277_278_279_280_281_282_283_284_285_286_287_288_289_290_291_292_293_294_295_296  5.62e+08  4.91e+08 -197960.05  -7708.66  14513.52    726.43     85.81    182.23  -4060.50  -7932.40      0.00 0
5199 14.0      173_185_197_199_203_206_212_214_218_220_224_227_228_231_233_235_238_241_243_244_246_250_253_255_258_260_261_264_266_267_270_275_276_277_280_281_286_287_288_289_290_293_294_296  3.39e+08  2.85e+08  29156.25  28067.49  11635.35    661.73     73.96     43.91   1900.47  -8449.15      0.00 0
