#event_number primary_type du_ids energy_primary em_energy Xmax_pos(x, y, z), Xmax_grams zenith azimuth shower_core_pos_x shower_core_pos_y shower_core_pos_z, N_tested_cores, units are degrees, GeV and meters
103300 5626.0    21_29_33_41_45_49_53_59_63_67_71_75_79_83_86_89_95_99_114_125_133_134_143_165  8.71e+09  7.41e+09 -18835.28 -10337.67   9191.03    683.02     66.84    208.76   3091.06   -873.62      0.00 0
103301 5626.0    49_59_71_75_95_99_121_125_133_146_154_176_178_187_202_209_229  8.91e+10  7.86e+10  17543.00 -10553.40   8538.73    766.64     67.36    328.97   4737.37  -2261.83      0.00 0
103302 5626.0    0_1_2_3_4_5_6_7_8_9_10_11_12_13_14_15_16_17_18_20_21_22_23_24_25_26_28_29_30_32_33_34_35_37_38_40_41_42_44_45_48_49_50_52_53_54_55_58_59_60_62_63_64_66_67_70_71_72_74_75_76_78_79_82_83_84_86_88_89_91_94_95_96_98_99_100_102_103_106_107_108_110_111_114_116_117_120_121_122_124_125_126_128_129_133_134_136_137_140_141_143_145_146_147_148_151_152_153_154_155_157_158_161_162_164_165_167_168_170_172_173_175_176_177_178_179_181_182_184_185_187_188_190_191_193_194_196_197_198_199_200_202_203_205_206_208_209_210_211_212_213_214_215_216_217_218_219_220_221_222_223_224_226_227_228_229_230_231_232_233_234_236_237_239_240_242_245_246_247_249_252_254_257_263_266_269_273_278_283_285  3.80e+09  3.12e+09 -143789.05 -79572.39  14984.86    706.02     84.79    208.96   3676.91  -1811.03      0.00 0
103303 5626.0    21_28_29_35_40_41_44_45_53_55_59_62_63_66_67_78_79_83_88_89_91_95_103_107_111_121_125_137_146_152_154_162_176_178_185_202_209_229  9.77e+10  8.61e+10  26672.88  -3341.20   9413.71    779.51     70.70    352.86   2971.64  -2727.99      0.00 0
103304 5626.0    141_152_162_168_173_176_178_185_197_199_202_203_209_212_215_218_228_229_232_239  2.04e+10  1.76e+10 -19818.71 -11725.42   9019.75    752.48     68.61    210.61   5018.09  -3979.86      0.00 0
103305 5626.0    0_1_2_3_4_5_6_7_8_9_10_11_12_13_14_15_16_17_18_20_21_22_23_24_25_26_28_29_30_32_33_34_35_37_38_40_41_42_44_45_48_49_50_52_53_54_55_58_59_60_62_63_64_66_67_70_71_72_74_75_76_78_79_82_83_84_86_88_89_91_94_95_96_98_99_100_102_103_106_107_110_111_114_116_117_120_121_122_124_125_126_128_129_133_134_136_137_140_141_143_145_146_147_148_151_152_154_155_157_158_161_164_165_167_170_172_175_177_178_179_181_184_187_188_190_193_194_196_198_208_210_211_215_216_217_219_221_222_223_234_236_240_254  1.74e+10  1.48e+10  78504.72  42305.78  14028.74    713.85     81.06     28.32    192.26  -2160.84      0.00 0
103306 5626.0    148_157_158_167_172_181_182_190_196_198_205_211_213_219_223  1.02e+10  8.75e+09 -19610.98  -1508.98   8711.97    712.05     66.11    184.40  -1697.15  -5778.96      0.00 0
103307 5626.0    9_17_21_25_29_33_35_38_41_44_45_49_53_55_59_63_67_71_72_75_76_78_79_83_86_89_91_95_99_100_102_103_107_111_114_116_117_125_126_128_129_133_134_143_148_155_157_165_167  1.78e+09  1.46e+09 -22607.76 -23757.09  10795.12    669.99     71.78    226.42   1829.20  -1889.29      0.00 0
103308 5626.0    0_1_2_3_4_5_6_7_8_9_10_11_12_13_14_15_16_17_18_19_20_21_22_23_24_25_26_27_28_29_30_31_32_33_34_35_36_37_38_39_40_41_42_43_44_45_46_47_48_49_50_51_52_53_54_55_56_57_58_59_60_61_62_63_64_65_66_67_68_69_70_71_72_73_74_75_76_77_78_79_80_81_82_83_84_85_86_87_88_89_90_91_92_93_94_95_96_97_98_99_100_102_103_104_106_107_108_110_111_112_113_114_116_117_120_121_122_123_124_125_126_128_129_131_132_133_134_136_137_138_140_141_142_143_145_146_147_148_151_152_153_154_155_157_158_161_162_163_164_165_167_168_170_172_173_175_176_177_178_179_181_182_184_185_186_187_188_190_191_193_194_196_197_198_199_200_202_203_205_206_208_209_210_211_212_213_214_215_216_217_218_219_220_221_222_223_224_226_227_228_229_230_231_232_233_234_235_236_237_238_239_240_241_242_243_244_245_246_247_248_249_250_251_252_254_257_260_262_263_265_266_269_273_278_283_285  2.04e+10  1.73e+10 243714.42 105919.47  12671.23    757.29     87.27     23.49   2996.53  -1621.44      0.00 0
103309 5626.0    35_44_45_55_67_78_79_91_103_116_117_129_148_158_168_181_182_191_197_200_206_214_220_227_231_238_243_246_250_253_258_261_264_267_270_274_277_281_284_289_291_295  8.51e+10  7.44e+10  13340.51 -41625.67  10979.49    815.15     75.90    287.77   2455.29 -10068.14      0.00 0
103310 5626.0    64_68_80_84_90_92_96_100_104_108_112_115_118_122_126_127_130_134_138_142_147_149_153_155_156_159_163_165_166_169_179_180_183_188_189_194  1.45e+09  1.18e+09  27636.78 -18718.54  10897.13    664.53     71.92    325.89   2035.99   3346.37      0.00 0
103311 5626.0    95_99_107_111_114_121_125_129_133_134_137_141_143_146_147_152_154_155_162_164_165_168_170_173_176_177_178_179_185_187_188_191_193_194_197_199_202_203_206_208_209_210_212_214_215_216_218_220_221_222_224_227_228_229_231_233_235_236_238_240_241_243_244_246_250_253_255_258_261_264_267_270_274_275_277_281_284_286_287_289_291_293_295_297_298  2.19e+09  1.79e+09 -23927.06 -56615.72  13120.69    669.81     77.95    247.09   4541.91  -2999.47      0.00 0
103312 5626.0    0_1_2_3_4_5_6_7_8_9_10_11_12_13_14_15_16_17_18_19_20_21_22_23_24_27_28_29_30_31_32_35_36_37_39_40_41_42_43_44_45_46_47_48_51_52_55_56_57_58_61_62_65_66_67_68_69_70_73_74_77_78_79_80_81_82_85_87_88_91_92_93_94_97_98_101_102_103_104_105_106_109_110_115_116_117_118_120_124_127_128_135_136_139_140_148_149_151_156_157_158_159_161_166_167_172_180_181_182_183_189_190_196_198_200_201_204_205_206_211_213_219_225_226_227_230_234_237_242_246_249_252_254_257_260_261_263_266_269_273_275_276_278_280_283_285_286_287_288_290_292_293_294_296_297  6.92e+09  5.75e+09  -5324.75 -74284.03  13682.09    683.75     79.59    265.90  -1630.28  -6263.77      0.00 0
103313 5626.0    91_103_111_116_117_129_137_141_148_152_158_162_168_173_176_185_191_197_199_202_203_212_218_224_228_229_233_241_245_247_248_251_262_265  2.40e+09  1.97e+09  43081.96  -2220.13  11720.65    684.34     74.80    357.05   6229.16  -4800.60      0.00 0
103314 5626.0    1_7_11_14_15_16_19_23_24_27_31_32_36_37_39_43_47_48_51_56_57_58_61_65_69_70_73_74_77_80_81_85_87_92_93_94_101_104_105_109_115_118_127_139_149_156_159_166_180_183_189_192_201_204_207_225  5.25e+09  4.40e+09  13029.63  38406.08  11514.46    680.71     74.15     71.26   -617.94   4637.75      0.00 0
103315 5626.0    23_24_31_32_37_47_48_52_57_58_62_66_69_70_73_74_81_82_85_88_93_94_97_98_102_106_110_113_120_124_128_136_140_145_151_157_161_167_172_184_190_196_198_211_213_219_223_230_234_237_242_252_254_257_263_269_273_278_280_283_285_290_292  2.04e+09  1.67e+09  -2073.16 -44791.85  12249.96    629.53     74.72    267.35  -2935.27  -4969.21      0.00 0
103316 5626.0    0_1_2_3_4_5_6_7_8_9_10_11_12_13_14_15_16_17_18_19_20_21_22_23_24_25_26_27_28_29_30_31_32_33_34_35_36_37_38_39_40_41_42_43_44_45_46_47_48_49_50_51_52_53_54_55_56_57_58_59_60_61_62_63_64_65_66_67_68_69_70_71_72_73_74_75_76_77_78_79_80_81_82_83_84_85_86_88_89_90_93_94_95_96_97_98_99_100_102_106_107_108_110_113_114_120_121_122_123_124_125_126_131_132_133_134_136_143_145_146_147_151_154_155_164_165_170_175_178_179_187_188_193_194_208_210_215_216_221_222_236_239_240  2.29e+10  1.96e+10 -80373.83  -8632.05  13411.32    763.15     80.58    186.13   -905.36   -471.56      0.00 0
103317 5626.0    2_8_11_13_16_20_23_24_28_31_32_35_37_40_44_45_47_48_52_55_57_58_62_66_69_70_73_74_78_79_81_82_85_88_91_93_94_97_98_102_103_106_110_113_116_117_119_120_123_124_128_129_131_132_136_140_144_145_148_150_151_157_158_161_167_168_172_181_182_190_191_196_197_200_205_206_213_214_220_226_227_230_231_238_243_246_249_250_253_258_260_261_264_266_267_270_274_275_276_277_279_281_284_286_287_289_291_295  3.72e+09  3.07e+09 -40475.37  69683.45  13890.59    690.08     80.22    120.15   1549.31  -8824.86      0.00 0
103318 5626.0    0_1_2_3_4_5_6_7_8_9_10_11_12_13_14_15_16_17_18_19_20_21_22_23_24_25_26_27_28_29_30_31_32_33_34_35_36_37_38_39_40_41_42_43_44_45_46_47_48_49_50_51_52_53_54_56_57_58_59_60_61_62_63_64_65_66_68_69_70_71_72_73_74_75_76_77_80_81_82_83_84_85_86_87_90_92_93_94_95_96_97_98_99_100_101_104_105_108_109_112_113_114_115_118_119_122_123_124_125_126_127_130_131_132_133_134_135_138_139_142_143_144_147_149_150_153_154_155_156_159_160_163_164_165_169_170_174_177_179_186_187_188_193_194_208_210_216_221_222_236_240  5.13e+09  4.26e+09 -121208.12  -8709.57  14877.80    695.41     83.02    184.11   -309.71   1505.91      0.00 0
103319 5626.0    130_138_142_153_163_174_177_186  1.62e+09  1.33e+09 -26024.27   -631.47  10076.22    651.23     68.84    181.39   5403.43   4492.79      0.00 0
103320 5626.0    20_28_32_35_40_44_45_48_52_55_58_62_66_70_74_78_79_82_85_88_91_94_98_102_103_106_110_111_113_116_117_120_124_128_129_131_132_136_140_141_145_148_151_158_168  1.78e+10  1.52e+10 -36193.79  20930.19  11524.20    696.43     74.59    149.96  -3663.49  -1548.06      0.00 0
103321 5626.0    0_1_2_3_4_5_6_7_8_9_10_11_12_13_14_15_16_17_18_19_20_21_22_23_24_25_26_27_28_29_30_31_32_33_34_35_36_37_38_39_40_41_42_43_44_45_46_47_48_49_50_51_52_53_54_55_56_57_58_59_60_61_62_63_64_65_66_67_68_69_70_71_72_73_74_75_76_77_78_79_80_81_82_83_84_85_86_87_88_89_90_91_92_93_94_95_96_97_98_99_100_101_103_104_105_107_108_109_111_112_113_114_115_118_119_121_122_123_125_126_127_129_130_131_132_133_134_135_137_138_139_141_142_143_144_146_147_149_150_152_153_154_155_156_159_160_162_164_165_166_170_171_173_176_178_179_180_185_187_188_189_193_194_195_199_202_203_208_209_215_218_221_222_224_228_229_232_233_236_239_241_245_247_248_251_256_262_265_268_282  5.01e+09  4.14e+09 126920.16 -78112.34  15059.19    698.38     84.23    328.39  -1994.33   2353.75      0.00 0
103322 5626.0    0_1_2_3_4_5_6_7_8_9_10_11_12_13_14_15_16_17_18_19_20_21_22_23_24_25_26_27_28_29_30_31_32_33_34_35_36_37_38_39_40_41_42_43_44_45_46_47_48_49_50_51_52_54_55_56_57_58_60_61_62_64_65_66_68_69_70_72_73_74_76_77_78_79_80_81_82_84_85_87_88_90_91_92_94_96_101_102_104_106_108_110_112_115_116_118_120_122_128_130_136_138_140_142_149_151_153_159_161_163_167_169_172_174_183_186_192_196_198_207_211_219_223_234  1.62e+10  1.38e+10 -27586.87 -56088.62  12944.32    703.96     78.30    243.81   1519.34   3928.44      0.00 0
103323 5626.0    4_10_12_14_18_22_25_26_30_33_34_36_38_42_43_46_49_50_54_56_59_60_64_68_71_72_75_76_77_80_83_84_86_90_92_95_96_99_100_101_104_108_112_114_115_118_121_122_125_126_127_130_133_134_138_143_146_149_152_154_156_159_164_165_166_170_176_178_180_185_187_189_193_202_203_209_215_218_228_229_232_233_245_247_248_251_262_265_268_282  6.31e+10  5.51e+10 -30802.23  38419.98  11876.75    736.05     76.44    128.72   4266.74  -1110.16      0.00 0
103324 5626.0    0_1_2_3_4_5_6_7_8_9_10_11_12_13_14_15_16_17_18_19_20_21_22_24_25_26_27_28_29_30_32_33_34_35_36_38_40_41_42_43_44_45_46_49_50_52_53_54_55_56_58_59_60_62_63_64_66_67_68_71_72_75_76_78_79_80_82_83_84_86_88_89_90_91_95_96_99_100_102_103_104_106_107_108_110_111_112_114_116_117_121_122_125_126_128_129_130_133_134_136_137_138_140_141_142_143_146_147_148_152_153_154_155_157_158_159_161_162_163_164_165_167_168_169_170_172_173_174_176_177_178_179_181_182_185_186_187_188_190_191_192_193_194_196_197_198_199_200_202_203_205_206_208_209_210_211_212_213_214_215_216_218_219_220_221_222_224_226_227_228_229_230_231_232_233_234_235_236_237_238_239_240_241_242_243_244_246_249_250_252_253_254_255_256_257_258_259_260_261_263_264_266_267_269_270_271_273_274_275_276_277_278_279_280_281_283_284_285_286_287_288_289_290_291_292_293_294_295_296_297_298  7.59e+09  6.26e+09  82140.84 173613.44  14711.11    711.22     85.62     64.68   3703.22   -420.16      0.00 0
103325 5626.0    1_4_6_7_10_12_14_15_18_19_22_26_27_30_31_34_36_38_39_42_43_46_47_50_51_54_56_57_60_61_64_65_68_71_72_73_76_77_80_81_84_86_87_90_92_93_96_97_100_101_104_105_108_109_112_114_115_118_119_122_123_126_127_130_131_134_135_138_139_142_143_144_147_149_150_153_155_156_159_160_163_165_166_169_170_171_174_177_179_180_183_186_188_189_192_194_195_201_204_207_208_210_216_221_222_236_240  2.95e+09  2.42e+09 121666.30 -17099.09  15063.79    672.93     83.01    352.00   2926.94   3459.65      0.00 0
103326 5626.0    176_178_185_202_203_209_218_224_228_229_233_235_241_244_248_251_255_256_259_264_271_272_274_279  8.32e+10  7.32e+10   6783.80  26382.91   9614.49    752.02     70.56     75.58   5437.67  -6295.56      0.00 0
103327 5626.0    0_1_2_3_4_5_6_7_8_9_10_11_12_13_14_15_16_17_18_19_20_21_22_23_24_25_26_27_28_29_30_31_32_33_34_35_36_37_38_39_40_41_42_43_44_45_46_47_48_49_50_51_52_53_54_55_56_57_58_59_60_61_62_63_64_65_66_67_68_69_70_71_72_73_74_75_76_77_78_79_80_81_82_83_84_85_86_87_88_89_91_93_94_95_96_97_98_99_100_101_102_103_105_106_107_109_110_111_113_114_116_117_119_120_121_123_124_125_128_129_131_132_133_134_135_136_137_140_141_143_144_145_146_148_150_151_152_154_157_158_160_161_162_164_167_168_170_173_175_176_178_182_185_187_191_193_197_199_202_203_208_209_212_215_218_220_221_224_228_229_232_233_235_239_241_244_245_247_248_251_255_256_259_262_265_268_272_282  2.57e+09  2.09e+09 -137322.56  57415.11  15197.58    680.14     84.17    157.31  -2641.59   -416.63      0.00 0
103328 5626.0    0_1_2_3_4_5_6_7_8_9_10_11_12_13_14_15_16_17_18_19_20_21_22_23_24_25_26_27_28_29_30_31_32_33_34_35_36_37_38_39_40_41_42_43_44_45_46_47_48_49_50_51_52_53_54_55_56_57_58_59_60_61_62_63_64_65_66_67_68_69_70_71_72_73_74_75_76_77_78_79_80_81_82_83_84_85_86_87_88_89_90_91_92_93_94_95_96_97_98_99_100_101_102_103_104_105_106_107_108_109_110_111_112_113_114_116_117_119_120_121_122_123_124_125_126_127_128_129_131_132_133_134_135_136_137_138_139_140_141_143_144_145_146_147_148_150_151_152_153_154_155_157_158_160_161_162_164_165_167_168_170_172_173_175_176_178_179_181_182_184_185_187_188_190_191_193_194_196_197_198_199_200_202_203_205_206_208_209_210_211_212_213_214_215_216_217_218_219_220_221_222_223_224_226_227_228_229_231_232_233_234_235_236_238_239_240_241_243_244_245_247_248_251_255_256_259_262_264_265_268_271_272_282  3.02e+10  2.56e+10 -263916.06  47058.14  12736.04    738.52     87.28    169.89   -300.68  -1818.66      0.00 0
103329 5626.0    14_22_27_30_34_36_39_42_43_46_54_56_60_61_64_65_68_77_80_84_87_90_96_108  3.47e+10  3.01e+10  18258.68  -3275.38   8481.17    717.90     65.43    349.83    595.21   2130.93      0.00 0
103330 5626.0    246_249_252_257_260_261_263_266_269_273_276_278_280_283_285_292  7.24e+10  6.32e+10 -24199.35  -5015.85   9181.13    767.84     69.62    191.71  -3187.09  -9820.81      0.00 0
103331 5626.0    0_1_2_3_4_5_6_7_8_9_10_11_12_13_14_15_16_17_18_19_20_22_23_24_26_27_28_29_30_31_32_34_35_36_37_39_40_42_43_44_46_47_48_51_52_54_55_56_57_58_61_62_64_65_66_68_69_70_73_74_77_78_80_81_82_84_85_87_88_90_92_93_94_97_98_101_102_104_105_106_108_109_110_112_113_115_118_119_120_123_124_127_128_130_131_132_135_136_138_139_140_142_144_145_149_150_151_156_159_160_161_166_167_169_171_172_174_175_180_183_184_189_192_195_196_198_201_204_207_211_213_217_219_223_225_234_237_242_254_257_263_273_278_285  2.95e+10  2.50e+10 -65357.33 -135741.89  14718.93    745.66     84.42    244.29  -4380.56  -2083.95      0.00 0
103332 5626.0    58_62_66_70_74_82_85_88_91_94_98_102_106_110_113_116_117_120_124_128_131_132_136_140_145_148_151_157_158_161_167_172_175_181_182_184_190_191_196_200_205_206_226_227_231_250_253  2.24e+10  1.92e+10 -28420.12  33216.95  11297.53    759.40     75.51    130.55  -3584.27  -2232.71      0.00 0
103333 5626.0    20_28_32_35_40_44_45_48_52_55_58_62_66_67_70_74_78_79_82_85_88_89_91_94_98_102_103_106_110_111_113_116_117_120_124_128_129_132_136_137_141_148_157_158_162_168_173_182_185_191_197_199_212_214_218_220_224_233_235_238_241_243_244_251_255_256_259_264_268_271_272_282  1.23e+09  9.96e+08 -40497.80  27316.11  12242.88    675.54     75.93    146.00   2206.70  -5002.30      0.00 0
103335 5626.0    84_96_108_122_126_138_147_153_177_179_186  3.80e+10  3.32e+10  16863.30   9447.77   8276.67    779.62     66.82     29.26   4873.29   3330.69      0.00 0
103336 5626.0    0_1_2_3_4_5_6_7_8_9_10_11_12_13_14_15_16_18_20_24_28_29_32_35_40_44_48_52_55_58_62_66_74_78_82_88_94_102_106_110_120_128_136_140_151_161_167_172_184_198_211_217_223_234  1.70e+09  1.40e+09  18860.11  26538.75  10798.98    665.39     71.65     54.60  -2213.64  -3158.58      0.00 0
103337 5626.0    16_20_24_28_32_37_40_44_48_52_55_58_62_66_69_70_74_78_82_85_88_91_94_102_106_110_116_117_128_140_148_157_158_167_181_182_190_191_200_205_206_214_226_227_231_246_249_250_253_260_261_267_277_281_289  2.24e+09  1.86e+09 -13110.46  35215.32  11230.65    680.58     73.36    110.42   -335.85  -5552.68      0.00 0
103338 5626.0    176_178_185_187_193_199_202_203_208_209_212_215_218_220_221_222_224_228_229_232_233_235_236_238_239_240_241_243_244_245_247_248_251_253_255_256_258_259_262_264_265_268_270_271_272_274_279_281_282_284_289_291_295_298  1.62e+09  1.30e+09  41688.66  92072.94  14834.77    649.70     81.65     65.64   5765.32  -8448.32      0.00 0
103339 5626.0    261_267_270_274_275_276_277_279_281_284_286_287_288_289_290_291_293_294_295_296_297  1.48e+10  1.26e+10  27911.48  11073.49  10181.40    715.47     71.27     21.64    576.88 -11024.94      0.00 0
103340 5626.0    117_129_148_157_158_181_182_190_200_205_213_230_237  2.51e+09  2.08e+09 -15890.74 -13015.68   9209.86    655.90     65.85    219.32   -478.09  -6295.16      0.00 0
103341 5626.0    0_1_2_3_4_5_6_7_8_9_10_11_12_13_14_15_16_17_18_19_20_21_22_23_24_25_26_27_28_29_30_31_32_33_34_36_37_38_39_42_43_46_47_48_49_50_51_52_53_54_56_57_58_59_60_61_64_65_68_69_70_71_72_73_74_75_76_77_80_81_84_85_86_87_90_93_96_97_98_99_100_105_108_113_114_119_123_126_131_132_133_134_135_143_144_150_155_164_165_170_193_194_208  1.29e+10  1.09e+10  57580.02  -5149.01  12520.04    726.28     77.78    354.89  -3636.16   1071.70      0.00 0
103342 5626.0    0_1_2_3_4_5_6_7_8_9_10_11_12_13_14_15_16_17_18_19_21_22_23_25_26_27_28_29_30_31_33_34_35_36_38_39_41_42_43_45_46_47_49_50_51_53_54_55_56_57_59_60_61_63_64_65_67_68_71_72_75_76_77_79_80_81_83_84_86_87_89_90_92_95_96_99_100_101_103_104_105_107_108_109_111_112_114_115_118_121_122_125_126_127_129_130_133_134_135_137_138_139_141_142_143_146_147_149_152_153_154_155_156_159_160_162_163_164_165_166_169_170_171_173_174_176_178_180_183_185_187_188_189_192_193_194_195_199_201_202_203_204_207_208_209_212_215_218_221_224_225_228_229_232_233_235_239_241_244_245_247_248_251_255_256_259_262_265_268_271_272_282  3.47e+09  2.83e+09  68662.75 -93063.86  15000.09    667.30     82.61    306.42   3844.28  -1378.76      0.00 0
103343 5626.0    0_1_2_3_4_5_6_7_8_9_10_11_12_13_14_15_16_17_18_19_21_22_23_24_25_26_27_29_30_31_33_34_36_37_38_39_41_42_43_46_47_49_50_51_53_54_56_57_59_60_61_63_64_65_68_69_71_72_73_75_76_77_80_81_83_84_86_87_90_92_93_95_96_97_99_100_101_104_105_107_108_109_112_114_115_118_119_121_122_123_125_126_127_133_134_135_139_143_144_146_150_154_155_156_160_164_165_166_170_171_176_178_187_193_194_202_208_209_215_221_228_229_232_236_239_245_247  1.26e+10  1.06e+10  64626.66 -32843.72  13396.63    712.15     79.53    333.06   1187.04   1134.87      0.00 0
103344 5626.0    8_13_20_28_35_40_44_52_62_66_78_82_88_102_106_110_136_140_161_172  2.69e+10  2.34e+10  11824.26  14446.42   8421.30    731.98     65.72     50.70  -1980.17  -2990.08      0.00 0
103345 5626.0    173_182_191_197_199_200_205_206_212_213_214_218_220_224_226_227_228_230_231_233_235_237_238_241_242_243_244_245_246_248_249_250_251_252_253_254_255_256_257_258_259_260_261_262_263_264_265_266_267_268_269_270_271_272_273_274_275_276_277_278_279_280_281_282_283_284_285_286_287_288_289_290_291_292_293_294_296  5.89e+09  4.89e+09  78256.17  31490.51  14040.44    688.79     80.55     21.92  -4025.24 -10830.00      0.00 0
103346 5626.0    190_200_205_206_213_226_227_230_231_238_246_249_250_253_258_261_267_270_274_281_284  8.51e+09  7.23e+09  22814.37 -15129.15   9855.58    714.02     70.20    326.45   1451.85  -8805.23      0.00 0
103347 5626.0    6_7_10_14_15_19_22_23_27_30_31_34_36_39_42_43_46_47_51_54_56_57_60_61_64_65_68_69_73_77_80_81_84_85_87_90_92_93_96_97_101_104_105_108_109_112_113_115_118_119_122_123_126_127_130_131_135_138_139_142_144_147_149_150_153_159_163_169_174_177_179_186_210  1.70e+10  1.44e+10  49258.84  12245.09  11793.08    767.90     76.92     13.96    285.21   2900.59      0.00 0
103348 5626.0    3_9_12_17_18_21_22_25_26_29_33_34_38_41_42_45_49_50_53_54_59_60_63_64_67_68_71_72_75_76_79_83_84_86_89_90_91_95_96_99_100_103_107_108_111_112_114_117_121_122_125_126_129_130_133_134_137_138_141_142_143_146_147_148_152_153_154_155_158_162_163_164_165_168_169_170_173_174_176_177_178_179_182_185_186_187_188_191_192_193_194_197_199_200_202_203_206_208_209_210_212_214_215_216_218_220_221_222_224_226_227_228_229_231_232_233_235_236_238_239_240_241_243_244_245_246_247_248_250_251_253_255_256_258_259_260_261_262_264_265_267_268_270_271_272_274_275_276_277_279_281_282_284_286_287_289_291_293_294_295_297_298  3.02e+10  2.55e+10  31131.07 218192.36  14059.64    733.89     86.35     81.88   4354.52 -10442.96      0.00 0
103349 5626.0    0_1_2_3_4_5_6_7_8_9_10_11_12_13_14_15_16_17_18_19_20_21_22_23_24_25_26_27_28_29_30_31_32_33_34_35_36_37_38_39_40_41_42_43_44_45_46_47_48_49_50_51_52_53_54_55_56_57_58_59_60_61_62_63_64_65_66_67_68_69_70_71_72_73_74_75_76_77_78_79_80_81_82_83_84_85_86_87_88_89_90_91_92_93_94_95_96_97_98_99_100_101_102_103_104_105_106_107_108_109_110_111_112_113_114_115_116_117_118_119_120_121_122_123_124_125_126_127_128_129_130_131_132_133_134_135_136_137_138_139_140_141_142_143_144_145_146_147_148_149_150_152_154_155_156_157_158_159_160_162_164_165_166_168_170_171_173_176_178_180_181_182_183_185_187_189_191_193_195_197_199_200_202_203_204_206_208_209_212_214_215_218_220_221_224_228_229_231_232_233_235_238_239_241_243_244_245_247_248_251_253_255_256_258_259_262_264_265_268_271_272_274_279_282  4.90e+09  4.04e+09 -151598.56 136547.89  14589.11    704.37     85.91    137.99   5263.12  -4873.14      0.00 0
103350 5626.0    27_30_36_39_42_43_46_51_54_56_60_61_64_65_68_77_80_81_84_87_90_92_93_96_101_104_105_108_109_112_115_118_119_122_123_126_127_130_135_138_139_142_144_147_149_150_153_155_156_159_160_163_166_169_171_174_177_179_180_183_186_188_189_192_194_195_201_204_207_210_216_222_225_240  1.51e+09  1.21e+09 114080.77  -7917.28  14994.23    665.18     82.53    356.03   2264.37   4735.63      0.00 0
103351 5626.0    0_1_2_3_4_5_6_7_10_11_12_14_15_16_17_18_19_23_24_25_26_27_31_37_39_47_51_57_69_73_81_93_97  3.98e+10  3.49e+10  18185.06  -4218.41   8424.97    731.32     65.71    346.94  -1115.39    617.38      0.00 0
103352 5626.0    0_1_2_3_4_5_6_7_8_9_10_11_12_13_14_15_16_17_18_19_20_21_22_23_24_25_26_27_28_29_30_31_32_33_34_35_36_37_38_39_40_41_42_43_44_45_46_47_48_49_50_51_52_53_54_55_56_57_58_59_60_61_62_63_64_65_66_67_68_69_70_71_72_73_74_75_76_77_78_79_80_81_82_83_84_85_86_87_88_89_90_91_92_93_94_95_96_97_98_99_100_101_102_103_104_105_106_107_108_109_110_111_112_113_114_115_116_117_118_119_120_122_123_124_126_127_128_129_130_131_132_134_135_136_137_138_139_140_141_142_144_145_147_148_149_150_151_153_156_157_158_159_160_161_163_166_167_168_169_171_172_174_175_177_180_181_182_183_184_186_189_190_191_192_195_196_198_200_201_204_205_206_207_211_213_217_219_223_225_226_227_230_231_234_237_242_246_249_250_252_254_257_260_261_263_266_269_273_275_276_278_280_283_285_286_288_290_292_293_294_296_297  1.74e+09  1.40e+09 -76308.30 -218881.55  14177.60    685.89     86.50    250.78   -955.74   1339.74      0.00 0
103353 5626.0    6_7_10_14_22_27_30_36_42_43_46_54_56_64_68_80_84_90_104_108_112_130_138_142_163_169_174_186  1.10e+10  9.35e+09  17713.84  20399.00   9881.34    702.07     69.91     49.03   2299.67   3923.39      0.00 0
103354 5626.0    250_253_258_260_261_264_266_267_270_274_275_276_277_279_280_281_284_286_287_288_289_290  1.74e+09  1.42e+09  26316.66   7466.71  10282.22    647.32     69.40     15.84   1125.29  -9977.06      0.00 0
103355 5626.0    0_1_2_3_4_5_6_7_8_9_10_11_12_13_14_15_17_18_19_21_22_25_26_27_28_29_30_33_34_35_36_38_39_41_42_43_44_45_46_49_50_53_54_55_56_59_60_63_64_65_67_68_71_72_75_76_77_79_80_83_84_86_89_90_91_92_95_96_99_101_103_104_107_108_111_112_115_117_118_121_125_127_129_130_137_141_149_152_156_158_159_162_168_173_180_183_185_189_191_197_199_201_204_206_212_214_220_224_225_231_235_238_243_244_253_255_258_264_270_271_274_279_284  8.51e+09  7.22e+09 -13455.16  50355.94  11995.12    750.42     77.04    104.96   1875.54  -2266.04      0.00 0
103356 5626.0    119_127_135_139_144_150_156_160_166_171_180_189_195_201_204_225  3.16e+10  2.72e+10 -26630.45 -25262.52  10935.74    712.84     73.41    223.49  -3316.33   5100.59      0.00 0
103357 5626.0    0_1_2_5_6_7_8_9_11_13_14_15_16_19_20_23_24_27_28_29_31_32_35_37_39_40_43_44_45_47_48_51_52_55_57_58_61_62_65_66_69_70_73_74_77_78_79_81_82_85_87_88_91_93_94_97_101_102_105_106_109_110_116_117_119_123_127_128_135_139_144_148_150_157_160_166_171_195  1.45e+10  1.23e+10  14293.24 -42398.06  11612.87    721.86     75.45    288.63  -2343.70   2049.01      0.00 0
103358 5626.0    233_235_241_243_244_245_248_251_255_256_258_259_262_264_265_267_268_270_271_272_274_277_279_281_282_284_289_291_295  1.62e+10  1.39e+10  25814.32  23472.76  10540.72    747.03     73.19     42.28   5383.33  -7850.64      0.00 0
103359 5626.0    0_1_4_6_7_10_11_14_15_18_19_22_23_24_26_27_30_31_34_36_37_39_42_43_46_47_50_51_54_56_57_60_61_64_65_68_69_70_73_76_77_80_81_84_85_87_90_92_93_96_97_100_101_104_105_108_109_112_113_115_118_119_122_123_126_127_130_131_134_135_138_139_142_144_147_149_150_153_155_156_159_160_163_166_169_171_174_177_179_180_183_186_188_189_192_195_201_204_207_210_216_225_240  4.90e+10  4.22e+10 130439.56  25969.71  14612.82    750.02     83.73     11.26   5523.50   5120.10      0.00 0
103360 5626.0    0_1_2_3_4_5_6_7_8_9_11_13_14_15_16_17_19_20_21_23_24_27_28_29_31_32_33_35_37_39_40_41_43_44_45_47_48_51_52_53_55_57_58_61_62_63_65_66_67_69_70_73_74_78_79_81_82_83_85_87_88_89_91_93_94_97_98_102_103_105_106_107_109_110_111_113_116_117_119_120_123_124_128_129_131_132_135_136_137_139_140_141_144_145_148_150_151_157_158_160_161_162_167_168_171_172_173_175_181_182_184_190_191_196_197_198_199_200_205_206_211_212_213_214_217_219_220_223_224_226_227_230_231_234_235_237_238_242_243_244_246_249_250_252_253_254_255_257_258_259_260_261_263_264_266_267_269_270_271_273_274_275_276_277_278_279_280_281_283_284_285_286_287_288_289_290_291_292_293_294_295_296_297_298  5.13e+10  4.40e+10 -158751.67 229266.55  12224.25    757.59     87.49    124.70   -909.25  -8180.24      0.00 0
103361 5626.0    0_3_4_5_6_7_9_10_12_14_17_18_21_22_25_26_27_29_30_33_34_36_38_39_41_42_43_46_49_50_53_54_56_59_60_63_64_65_67_68_71_72_75_76_77_80_83_84_86_87_89_90_92_95_96_99_100_101_104_107_108_111_112_114_115_118_121_122_125_126_127_130_133_134_137_138_141_142_143_146_149_152_154_156_159_162_164_166_169_173_176_178_180_183_185_187_189_192_195_199_201_202_203_204_209_212_218_224_225_228_229_233_235_241_244_245_248_251_255_256_259_262_265_268_271_272_282  9.77e+09  8.27e+09  36222.75 -61054.59  13401.10    701.23     79.31    300.68   4562.08  -3226.46      0.00 0
103362 5626.0    12_17_18_22_25_26_30_33_34_38_42_46_49_50_53_54_59_60_63_64_68_71_72_75_76_80_83_84_86_90_95_96_99_100_104_107_108_112_114_118_121_122_125_126_130_137_138_142_149_153_159_163_169_174_183_192_201_207  2.19e+10  1.90e+10  -5115.43  37984.33  10888.87    746.63     74.14     97.67   2050.56   3497.16      0.00 0
103363 5626.0    142_147_153_163_169_174_177_179_186_188_192_210_216_240  5.13e+09  4.31e+09  26146.26 -16785.60  10541.01    678.31     71.26    327.30   5535.76   3751.34      0.00 0
103364 5626.0    0_1_2_3_4_5_6_7_8_9_10_11_12_13_14_15_16_17_18_19_20_21_23_24_25_26_27_28_29_31_32_33_35_37_38_39_40_41_44_45_47_48_49_51_52_53_55_57_58_59_61_62_63_66_67_69_70_71_73_74_75_78_79_81_82_83_85_86_88_89_91_93_94_95_97_98_99_102_103_105_106_107_110_111_113_116_117_119_120_121_123_124_125_129_131_132_133_137_141_144_146_150_152_154_158_162_168_173_176_178_185_187_197_199_202_203_209_212_218_224_228_229_233_235_241_244_245_247_248_251_256_262_265_268_272_282  9.55e+09  8.01e+09 -65599.74  35989.25  13597.73    697.99     79.70    151.25   1988.21  -2668.78      0.00 0
103365 5626.0    28_35_40_41_44_45_52_55_62_63_66_67_78_79_82_88_89_91_102_103_106_107_111_117_121_129_137_141_152_162_173_176_185_199_203_218  1.20e+10  1.03e+10  27482.21  -8444.13   9961.28    725.81     70.89    342.92   1811.85  -3391.50      0.00 0
103366 5626.0    173_197_212_214_220_238_243_253_258_264_270_274_284  9.33e+10  8.24e+10  -2535.79  18954.37   8410.44    748.21     66.26     97.62   2932.16  -7820.01      0.00 0
103367 5626.0    21_41_45_53_63_67_79_83_89_103_107_111_117_129_141_158_168_173_191_197_214_220_238  8.91e+09  7.56e+09  -4724.76  21852.86   9074.01    725.11     67.91    102.20   1811.81  -4547.89      0.00 0
103368 5626.0    99_114_121_125_126_133_134_143_146_147_152_154_155_162_164_165_170_173_176_177_178_179_185_186_187_188_193_194_199_202_203_208_209_210_212_215_216_218_220_221_222_224_228_229_232_233_235_236_239_240_241_243_244_245_247_248_251_255_256_258_259_264_265_268_271_272_274_279  5.13e+10  4.46e+10  -3163.08 -58593.98  12461.96    743.79     78.01    266.91   5561.55  -4362.46      0.00 0
103369 5626.0    200_226_227_230_246_249_252_260_266_269_273_276_280_283_285_290_292  8.91e+09  7.62e+09 -14895.11 -16729.66   9246.21    697.42     67.57    228.32  -1695.88  -9460.42      0.00 0
103370 5626.0    0_1_3_4_6_7_10_12_14_17_18_22_25_26_30_33_34_38_49_50_54_59_60_71_72_75_76_86_95_99_100_114_125_133_134_143_154_164_165_170_187_193_194_208_215_221_222_236_239  1.86e+09  1.52e+09  37840.18  -6699.49  11368.50    672.47     73.52    349.96   5434.64   -419.43      0.00 0
103371 5626.0    9_13_21_28_29_33_35_40_41_44_45_49_53_55_59_62_63_66_67_71_75_78_79_83_86_88_89_91_95_99_102_103_106_107_110_111_114_116_117_120_121_125_128_129_133_136_137_140_141_143_146_148_151_152_154_157_158_161_162_164_165_167_168_170_172_173_175_176_178_181_182_184_185_187_190_191_193_194_196_197_198_199_200_202_203_205_206_208_209_211_212_213_215_217_218_219_221_222_223_228_229_230_232_234_236_237_239_240_242_245_247_254_263  2.69e+09  2.19e+09  79925.77  31968.04  14266.19    666.11     80.59     21.80   2530.15  -3274.93      0.00 0
103372 5626.0    128_140_148_157_158_161_167_168_172_173_181_182_184_190_191_196_197_198_200_205_206_211_212_213_214_217_219_220_223_224_226_227_230_231_234_235_237_238_241_242_243_244_246_249_250_251_252_253_254_255_256_257_258_259_260_261_263_264_266_267_268_269_270_271_272_273_274_275_276_277_278_279_280_281_282_283_284_285_286_287_288_289_290_291_292_293_294_295_296_297_298  6.76e+10  5.85e+10 -229591.47  45044.05  13490.55    769.35     86.70    168.90  -2503.54  -9776.51      0.00 0
103373 5626.0    136_140_145_151_161_167_172_175_184_190_196_198_205_211_213_217_219_223_226_230_234_237_242_246_249_252_257_260_261_266_269_275_276_277_280_286_287_288_289_293_294_295_298  2.57e+10  2.21e+10 -21293.97  33219.76  11158.24    720.10     74.21    122.66  -1386.98  -8486.02      0.00 0
103374 5626.0    33_38_41_49_53_59_63_67_71_72_75_79_83_86_89_91_95_99_100_103_107_111_114_116_117_121_125_126_129_133_134_137_141_148_158_168_181_182_191_200  1.20e+09  9.77e+08 -15230.48 -28016.07  10675.89    672.36     71.49    241.47   1912.36  -2958.86      0.00 0
103375 5626.0    0_1_2_3_4_5_6_7_8_9_10_11_12_13_14_15_16_17_18_19_20_21_22_23_24_25_26_27_28_29_30_31_32_33_34_35_36_37_38_39_40_41_42_43_44_45_46_47_48_49_50_51_52_53_54_55_56_57_58_59_60_61_62_63_64_65_66_67_68_69_70_71_72_73_74_75_76_77_78_79_80_81_82_83_84_85_86_87_88_89_91_92_93_94_95_97_98_99_101_102_103_105_106_107_109_110_111_113_115_116_117_119_120_121_123_124_125_127_128_129_131_132_135_136_137_139_140_141_144_145_146_148_150_151_152_154_157_158_160_161_162_166_167_168_171_172_173_175_176_178_181_182_184_185_190_191_195_196_197_198_199_200_202_203_205_206_211_212_213_214_217_218_219_220_223_224_226_227_228_230_231_233_234_235_237_238_241_242_243_244_246_248_249_250_251_252_253_254_255_256_257_258_259_260_261_262_263_264_265_266_267_268_269_270_271_272_273_274_275_276_277_278_279_280_281_282_283_284_285_286_287_288_289_290_291_292_293_294_295_296_297_298  5.50e+09  4.50e+09 -206537.89 228901.08  11790.11    670.08     87.81    132.06  -2334.63  -2989.60      0.00 0
103376 5626.0    121_125_133_137_141_143_146_152_154_162_164_165_168_170_173_176_178_185_187_188_193_194_197_199_202_203_208_209_210_212_214_215_216_218_220_221_222_224_228_229_231_232_233_235_236_238_239_240_241_243_244_245_247_248_250_251_253_255_256_258_259_261_262_264_265_267_268_270_271_272_274_275_277_279_281_284_287_289_291_293_295_297_298  4.17e+09  3.47e+09 -32264.80 -71425.38  13453.16    741.67     80.26    245.69   5104.53  -5570.94      0.00 0
103377 5626.0    93_97_105_113_119_123_131_135_139_144_150_160_166_171_189_195  1.23e+09  9.99e+08   8049.16  29748.92  10683.95    652.42     70.88     74.86  -3475.09   4300.54      0.00 0
103378 5626.0    110_120_124_128_136_140_145_148_151_157_161_167_172_175_181_182_184_190_196_198_200_205_206_211_213_214_217_219_223_226_227_230_231_234_237_238_242_246_249_250_252_253_254_257_258_260_261_263_264_266_267_269_270_273_274_275_276_277_278_279_280_281_283_284_285_286_287_288_289_290_291_292_293_294_295_296_297_298  1.12e+09  8.91e+08 -107604.99  95033.59  15190.38    679.04     83.96    138.55    338.01 -10586.14      0.00 0
103379 5626.0    15_19_23_24_27_31_37_39_43_47_48_51_56_57_58_61_65_69_70_73_74_77_81_85_87_92_93_94_97_98_101_105_109_113_115_118_119_120_123_124_127_131_132_135_139_144_145_149_150_151_156_159_160_166_171_175_180_183_184_189_192_195_201_204_207_217_225  3.98e+09  3.28e+09  32055.26  59235.53  13544.00    655.75     78.63     61.58  -1885.52   3842.46      0.00 0
103380 5626.0    16_20_23_24_28_32_37_40_44_47_48_52_57_58_62_66_69_70_73_74_78_82_85_88_91_93_94_97_98_102_106_110_113_116_117_119_120_123_124_128_131_132_136_140_144_145_148_150_151_157_158_161_167_172_175_181_182_184_190_191_196_198_200_205_206_211_213_219_223_226_227_230_231_234_237_242_246_249_250_252_253_257_260_261_266_267_269_270_273_275_276_277_280_281_283_284_286_287_288_289_290_291_293_294_295_296_297_298  4.07e+09  3.35e+09  29856.81 -77577.26  14029.59    684.06     80.42    291.05    -99.60  -9911.93      0.00 0
103381 5626.0    218_224_235_241_244_255_256_259_264_271_274_279  1.23e+10  1.05e+10   2276.14  28166.83   9940.35    718.91     70.62     85.38   4945.30  -9373.02      0.00 0
103382 5626.0    0_1_2_3_4_5_6_7_8_9_10_11_12_13_14_15_16_17_18_19_20_21_22_23_24_25_26_27_28_29_30_31_32_33_34_35_36_37_38_39_40_41_42_43_44_45_46_47_48_49_50_51_52_53_54_55_56_57_58_59_60_61_62_63_64_65_66_67_68_69_70_71_72_73_74_75_76_77_78_79_80_81_82_83_84_85_86_87_88_89_90_91_92_93_94_95_96_97_98_99_100_101_102_103_104_105_106_107_108_109_110_111_112_113_114_115_116_117_118_119_120_121_122_123_124_125_126_127_128_129_130_131_132_133_134_135_136_137_138_139_140_141_142_143_144_145_146_147_148_149_150_151_152_153_154_155_156_157_158_159_160_161_162_163_164_165_166_167_168_169_170_171_172_173_174_175_176_177_178_179_180_181_182_183_184_185_186_187_188_189_190_191_192_193_194_195_196_197_198_199_200_201_202_203_204_205_206_207_208_209_210_211_212_213_214_215_216_217_218_219_220_221_222_223_224_225_226_227_228_229_230_231_232_233_234_235_236_237_238_239_240_241_242_243_244_245_246_247_248_249_250_251_252_253_254_255_256_257_258_259_260_261_262_263_264_265_266_267_268_269_270_271_272_273_274_275_276_277_278_279_280_281_282_283_284_285_286_287_288_289_290_291_292_293_294_295_296_297_298  4.57e+09  3.79e+09  75376.91 -302996.03  11285.31    710.86     87.93    283.97    599.73   4473.55      0.00 0
103383 5626.0    95_121_125_137_141_146_152_162_168_173_185_197_199_212_214_218_220_224_235_238_243_255_258_264_270_274_284  1.10e+09  9.04e+08  -1656.51 -29262.32  10286.90    684.56     70.66    266.76   3506.05  -6017.71      0.00 0
103384 5626.0    0_1_2_3_4_5_6_7_8_9_10_11_12_13_14_15_16_17_18_19_20_21_22_23_24_25_26_27_28_29_30_31_32_33_34_35_36_37_38_39_40_41_42_43_44_45_46_47_48_49_50_51_52_53_54_55_56_57_58_59_60_61_62_63_64_65_66_67_68_69_70_71_72_73_74_75_76_77_78_79_80_81_82_83_84_85_86_87_88_89_90_91_92_93_94_95_96_97_98_99_100_101_102_103_104_105_106_107_108_109_110_111_112_113_114_115_116_117_118_119_120_121_122_123_124_125_126_127_128_129_130_131_132_133_134_135_136_137_138_139_140_141_142_143_144_145_146_147_149_150_151_152_153_154_155_156_159_160_162_163_164_165_166_169_170_171_174_175_176_177_178_179_180_183_185_186_187_188_189_192_193_194_195_199_201_202_203_204_207_208_209_210_215_216_218_221_222_228_229_232_233_236_239_240_245_247_248_262  2.29e+09  1.84e+09 272693.28 -37305.86  13124.09    660.82     87.27    352.21  -3786.54   1821.62      0.00 0
103385 5626.0    114_125_126_133_134_143_146_147_153_154_155_164_165_170_176_177_178_179_185_186_187_188_193_194_202_203_208_209_210_215_216_218_221_222_228_229_232_233_239_241_245_247_248_251_256_265_268_272  7.24e+09  6.04e+09   4216.88 -44279.89  11843.59    683.03     75.09    275.44   5933.92  -1085.70      0.00 0
103386 5626.0    8_9_13_17_20_21_25_28_29_33_35_38_40_41_44_45_49_52_53_55_59_62_63_66_67_71_72_75_78_79_82_83_86_88_89_91_95_99_102_103_106_107_110_111_114_116_117_120_121_125_128_129_133_134_136_137_140_141_143_145_146_148_151_152_154_157_158_161_162_164_165_167_168_170_172_173_175_176_178_181_182_184_185_187_190_191_193_194_196_197_198_199_200_202_203_205_206_208_209_211_212_213_215_216_217_218_219_221_222_223_228_229_230_232_234_236_237_239_240_242_245_247_254_263  7.08e+09  5.92e+09  85014.70  33848.64  13985.94    730.78     81.31     21.71   2476.73  -3121.50      0.00 0
103387 5626.0    0_1_2_4_6_7_8_10_11_14_15_16_19_20_22_23_24_27_30_31_32_36_37_39_42_43_46_47_48_51_52_54_56_57_58_61_62_64_65_68_69_70_73_74_77_80_81_82_85_87_90_92_93_94_97_98_101_104_105_106_108_109_112_113_115_118_119_120_123_124_127_130_131_132_135_136_138_139_142_144_145_149_150_151_156_159_160_163_166_169_171_174_175_180_183_184_189_192_195_201_204_207_217_225  5.01e+10  4.32e+10 -84380.91 -94840.29  14485.91    760.51     83.49    228.34   -498.58   4901.90      0.00 0
103388 5626.0    9_12_17_18_21_25_26_29_33_34_38_41_45_49_50_53_54_55_59_60_63_64_67_71_72_75_76_79_83_84_86_89_91_95_96_99_100_103_107_108_111_114_116_117_121_122_125_126_129_133_134_137_138_141_142_143_146_147_148_152_153_154_155_157_158_162_163_164_165_168_170_173_174_176_177_178_179_181_182_185_186_187_188_190_191_193_194_197_199_200_202_203_205_206_208_209_210_212_214_215_216_218_220_221_222_224_226_227_228_229_230_231_232_233_235_236_238_239_240_241_243_244_245_246_247_248_249_250_251_252_253_255_256_258_259_260_261_262_264_265_266_267_268_269_270_271_272_274_275_276_277_279_280_281_283_284_286_287_288_289_290_291_292_293_294_295_296_297_298  4.68e+10  4.03e+10 -54763.78 -149004.05  14642.88    755.77     84.73    249.82   3079.38  -6372.24      0.00 0
103389 5626.0    0_1_2_3_4_5_6_7_8_9_10_11_12_13_14_15_16_17_18_19_20_21_22_23_24_25_26_27_28_29_30_31_32_33_34_35_36_37_38_39_40_41_42_43_44_45_46_47_48_49_51_52_53_55_56_57_58_59_61_62_63_65_66_67_69_70_73_75_77_78_79_81_82_83_87_88_89_91_93_95_101_102_103_105_107_109_111_116_117_121_127_129_135_137_139_141_148_152_158_162_168_173_182_185_191_197_199_200_206_212_214_218_220_224_227_231_235_238_241_243_244_250_253_255_258_259_264_267_270_271_274_279_281_284_291  6.61e+10  5.76e+10  29253.12 -58852.63  12727.45    764.65     79.04    296.43   3125.26  -7151.79      0.00 0
103390 5626.0    55_66_67_78_79_88_89_91_102_103_106_107_110_111_116_117_128_129_136_137_141_148_152_158_162_168_173_176_185_197_199_202_203_212_218_224_228_233_241_245_248_251_262_265  1.38e+10  1.18e+10 -35473.76   8457.58  10885.46    717.02     73.38    166.59   2878.28  -4371.19      0.00 0
103391 5626.0    39_47_51_57_61_65_69_73_77_81_85_87_92_93_97_101_105_109_113_115_118_119_123_127_130_131_132_135_139_144_149_150_156_159_160_166_169_171_180_183_189_192_195_201_204_207_225  1.70e+10  1.45e+10  36677.77  35829.84  11988.48    741.83     76.84     44.33  -3422.61   2352.93      0.00 0
103392 5626.0    55_62_66_78_79_88_89_91_94_102_103_106_110_111_116_117_120_124_128_129_136_137_140_141_145_148_151_152_157_158_161_162_167_168_172_173_175_176_181_182_184_185_190_191_196_197_198_199_200_202_203_205_206_211_212_213_214_217_218_219_220_223_224_226_227_228_230_231_233_234_235_237_238_241_242_243_244_245_246_248_249_250_251_252_253_254_255_256_257_258_259_260_261_262_263_264_265_266_267_268_269_270_271_272_273_274_275_276_277_278_279_280_281_282_283_284_285_286_287_288_289_290_291_292_293_294_295_296_297_298  9.12e+10  7.86e+10 235331.19 -48006.99  13301.88    773.64     86.83    348.47   2556.61  -8481.24      0.00 0
103393 5626.0    0_1_2_3_4_5_6_7_8_9_10_11_12_13_15_16_17_18_20_21_23_24_25_26_28_29_32_33_34_35_37_38_40_41_44_45_47_48_49_50_52_53_55_58_59_60_62_63_66_67_69_70_71_72_74_75_76_78_79_82_83_85_86_88_89_91_94_95_98_99_100_102_103_106_107_110_111_113_114_116_117_120_121_124_125_128_129_132_133_134_136_137_140_141_143_145_146_151_152_154_161_162_164_165_167_170_172_175_176_178_184_187_193_194_198_202_208_209_215_217_221_222_229_232_236_239_247  1.58e+09  1.28e+09  80921.74  10869.15  14117.81    664.30     80.19      7.65   -556.08  -2067.24      0.00 0
103394 5626.0    143_154_164_165_170_176_178_187_193_202_203_209  2.29e+10  1.98e+10   -502.70 -18110.12   8309.96    734.08     65.36    268.41   5716.51  -1708.35      0.00 0
103395 5626.0    128_140_157_161_167_172_184_190_196_198_211_217_223  5.75e+09  4.85e+09  25727.50   3359.68   9850.76    683.80     69.21      7.44  -4129.67  -5456.61      0.00 0
103396 5626.0    0_1_2_3_4_5_6_7_8_9_10_11_12_13_14_15_16_17_18_19_20_21_22_23_24_25_26_27_28_29_30_31_32_33_34_35_36_37_38_39_40_41_42_43_44_45_46_47_48_49_50_51_52_53_54_55_56_57_58_59_60_61_62_63_64_65_66_67_68_69_70_71_73_74_75_77_78_79_80_81_82_83_85_87_88_89_90_91_92_93_94_95_97_98_101_102_103_104_105_106_107_109_110_111_113_115_116_117_118_119_120_123_124_127_128_129_131_132_135_136_137_139_140_141_144_145_148_149_150_151_156_157_158_160_161_162_166_167_168_171_172_173_180_181_182_189_190_191_195_196_197_198_199_200_204_205_206_211_212_213_214_219_220_224_225_226_227_230_231_235_237_238_243_246_249_250_252_253_255_258_260_261_264_266_267_269_270_271_274_275_276_277_279_280_281_284_286_287_288_289_291_293_294_295_297_298  1.07e+10  9.02e+09 -42197.38 123318.70  14665.87    739.04     83.58    108.89    196.66  -5521.65      0.00 0
103397 5626.0    0_1_2_3_4_5_6_7_8_9_10_11_12_13_14_15_16_17_18_19_20_21_22_23_24_25_26_27_28_29_30_32_33_34_35_36_38_39_40_41_42_43_44_45_46_49_50_52_53_54_55_56_59_60_62_63_64_65_66_67_68_71_72_75_76_77_78_79_80_82_83_84_86_88_89_90_91_92_95_96_99_100_102_103_104_107_108_110_111_112_114_115_116_117_118_121_122_125_126_128_129_130_133_134_137_138_140_141_142_143_146_147_148_149_152_153_154_155_157_158_159_162_163_164_165_167_168_169_170_173_174_176_177_178_179_181_182_183_185_186_188_190_191_192_196_197_199_200_205_206_207_212_213_214_218_219_220_224_226_227_230_231_235_237_238_243_246_249_250_252_253_255_257_258_260_261_264_266_267_269_270_273_274_275_276_277_280_281_283_284_286_287_288_289_290_291_292_293_294_295_296_297_298  4.27e+09  3.50e+09 -24812.73 -132585.62  15225.41    668.00     83.56    259.40    328.80 -10196.76      0.00 0
103398 5626.0    67_79_89_91_103_117_129_148_158_168_181_182_191_200_206_214_227_231_246_250_253_261_267_277  6.76e+10  5.94e+10    676.15 -23907.39   8899.39    799.06     69.59    271.62    909.29  -6281.23      0.00 0
103399 5626.0    1_6_7_10_11_14_15_19_22_23_24_27_30_31_36_37_39_42_43_46_47_48_51_54_56_57_61_64_65_68_69_70_73_77_80_81_84_85_87_90_92_93_97_98_101_104_105_108_109_112_113_115_118_119_122_123_127_130_131_132_135_138_139_142_144_149_150_153_156_159_160_163_166_169_174_177_180_183_186_192_207  9.55e+09  8.09e+09 -66064.16 -32421.71  13360.49    724.97     79.71    206.14  -1763.31   2628.68      0.00 0
