#event_number primary_type du_ids energy_primary em_energy Xmax_pos(x, y, z), Xmax_grams zenith azimuth shower_core_pos_x shower_core_pos_y shower_core_pos_z, N_tested_cores, units are degrees, GeV and meters
104700 5626.0    116_117_128_129_141_148_157_158_162_167_168_172_173_181_182_185_190_191_196_197_198_199_200_203_205_206_211_212_213_214_217_218_219_220_223_224_226_227_228_230_231_233_234_235_237_241_242_245_248_251_254  5.50e+09  4.61e+09  45500.89   8482.39  11815.05    709.82     75.68     10.56   -115.60  -6090.01      0.00 0
104701 5626.0    168_173_197_212_220_224_235_243_244_255_256_259_271_272  2.51e+10  2.16e+10 -15183.91  10187.78   8444.99    715.89     65.21    146.14   4164.40  -6884.12      0.00 0
104702 5626.0    20_24_28_32_35_37_40_44_45_48_52_55_58_62_66_69_70_74_78_79_82_85_88_91_94_97_98_102_103_106_110_113_116_117_120_124_128_129_131_132_148_158_168  2.29e+09  1.91e+09  24606.85 -20853.37  10523.74    702.46     71.93    319.72  -1722.85  -2224.64      0.00 0
104703 5626.0    181_182_190_191_196_197_200_205_206_212_213_214_218_219_220_224_226_227_230_231_233_234_235_237_238_241_242_243_244_246_248_249_250_251_252_253_254_255_256_257_258_259_260_261_262_263_264_265_266_267_268_269_270_271_272_273_274_275_276_277_278_279_280_281_282_283_284_285_286_287_288_289_290_291_292_293_294_295_296_297_298  2.69e+09  2.20e+09 -114596.16 -17146.96  14679.12    711.28     82.78    188.51  -3633.30  -9956.93      0.00 0
104704 5626.0    0_1_2_3_4_5_6_7_8_9_10_11_12_13_14_15_17_18_19_21_22_25_26_27_29_30_31_33_34_36_38_39_41_43_49_51_53_59_61_63_71_75_83_95_107_121  4.90e+09  4.11e+09  18093.60 -15590.44   9693.39    662.49     67.91    319.25    906.40   -327.14      0.00 0
104705 5626.0    63_67_79_83_89_95_99_103_107_111_121_125_133_137_146_152_154_164_176_178_187_193_209_215_221_232_239  1.29e+09  1.04e+09 -31214.29  -7023.00  10985.40    629.16     71.05    192.68   4715.09  -2050.05      0.00 0
104706 5626.0    251_256_259_265_268_271_272_279  2.04e+10  1.75e+10  11976.81  22851.22   9548.70    729.89     69.69     62.34   5696.89  -9230.95      0.00 0
104707 5626.0    4_6_7_10_12_14_18_19_22_26_27_30_34_36_38_39_42_43_46_50_51_54_56_61_65_68_77_80_81_87_92_101_105_109_127_135_139_160_166_171  9.77e+09  8.24e+09 -20005.61  18668.59   9932.33    701.24     70.05    136.98  -1341.29   3006.48      0.00 0
104708 5626.0    2_8_11_13_16_20_23_24_28_29_32_35_37_40_41_44_45_47_48_52_55_58_62_66_67_69_70_73_74_78_79_82_85_88_89_91_94_97_98_103_113_131  1.91e+10  1.63e+10 -20217.71  14167.11   9491.40    713.28     68.97    144.98  -1663.87  -1107.26      0.00 0
104709 5626.0    129_141_148_157_158_162_167_168_173_176_181_182_185_190_191_196_197_199_200_202_203_205_206_211_212_213_214_218_219_220_223_224_226_227_228_229_230_231_233_234_235_237_238_241_242_243_244_245_246_247_248_249_250_251_252_253_254_255_256_257_258_259_260_261_262_263_264_265_266_267_268_269_270_271_272_273_274_275_276_278_279_280_282_283_285  6.61e+10  5.73e+10  78804.77  17485.03  13406.74    763.19     80.57     12.51   5734.14  -6271.85      0.00 0
104710 5626.0    137_141_146_152_154_162_164_168_173_176_178_185_187_191_193_197_199_200_202_203_206_208_209_212_214_215_218_220_221_222_224_226_227_228_229_231_232_233_235_236_238_239_241_243_244_245_246_247_248_249_250_251_253_255_256_258_259_260_261_264_266_267_270_271_274_275_276_277_279_280_281_284_286_287_288_289_290_291_293_294_295_296_297_298  5.25e+09  4.36e+09  42999.68  53157.08  13451.12    675.79     78.87     51.03   2272.60  -8270.74      0.00 0
104711 5626.0    25_26_38_50_60_71_72_76_86_96_100_122_126_134_147_153_155_177_179  2.09e+10  1.79e+10  16196.65  13975.64   8992.69    713.05     67.20     40.79   4075.31   1930.65      0.00 0
104712 5626.0    9_12_13_17_21_25_26_29_33_35_38_41_44_45_49_50_53_55_59_63_66_67_71_72_75_76_78_79_83_86_89_91_95_96_99_100_102_103_107_110_111_114_116_117_121_125_126_128_129_133_134_137_140_141_143_146_147_148_152_154_155_157_158_162_164_165_167_168_170_172_173_176_177_178_179_181_182_185_187_188_190_191_193_194_196_197_200_205_206_208_209_210_211_213_215_216_219_221_222_226_227_230_234_236_237_240_242_249_252_254_257_263_269_273_278_283_285  3.98e+10  3.46e+10 -54670.40 -53499.84  13363.82    743.55     80.09    224.38   5270.96    180.40      0.00 0
104713 5626.0    0_1_2_3_4_5_6_7_8_9_10_11_12_13_14_15_16_17_18_20_21_22_24_25_26_28_29_30_32_33_34_35_38_40_41_42_44_45_46_48_49_50_52_53_54_55_58_59_60_62_63_64_66_67_68_71_72_75_76_78_79_82_83_84_86_88_89_90_91_94_95_96_99_100_102_103_106_107_108_110_111_112_114_116_117_120_121_122_125_126_128_129_133_134_136_137_138_140_141_143_147_148_151_153_155_157_158_161_163_164_165_167_170_172_177_179_181_182_184_186_188_190_194_196_198_200_205_210_211_213_216_217_219_223_230_234_237_242_252_254_257_263_273_278_285  1.05e+09  8.36e+08  58471.48  62834.77  14517.38    631.98     80.40     47.06    817.84  -1874.23      0.00 0
104714 5626.0    0_1_2_3_4_5_6_7_8_9_10_11_12_13_14_15_16_17_18_19_20_21_22_23_24_25_26_27_28_29_30_31_32_33_34_35_36_37_38_39_40_41_42_43_44_45_46_47_48_49_50_51_52_53_54_55_56_57_58_59_60_61_62_64_65_66_68_69_70_71_72_73_74_75_76_77_80_81_82_83_84_85_86_87_88_90_92_93_94_96_97_98_99_100_101_104_105_106_108_109_112_113_114_115_118_119_120_122_123_124_126_127_130_131_132_133_134_135_138_139_142_143_144_145_147_149_150_151_153_155_156_159_160_163_164_165_166_169_170_171_174_175_177_179_183_186_188_192_194_208_210_216_222_236_240  1.15e+10  9.61e+09 138957.48  37727.86  15006.73    703.61     84.05     15.19  -3420.66    958.83      0.00 0
104715 5626.0    0_1_2_3_4_5_6_7_8_9_10_11_12_13_14_15_16_17_18_19_20_21_22_23_24_25_26_27_28_29_30_31_32_33_34_35_36_37_38_39_40_41_42_43_44_45_46_47_48_49_50_51_52_53_54_55_56_57_58_59_60_61_62_63_64_65_66_67_68_69_70_71_72_73_74_75_76_78_79_81_82_83_84_85_86_87_88_89_91_93_94_95_96_97_98_99_100_102_103_105_106_107_110_111_113_114_116_117_119_120_121_123_124_125_126_128_129_131_132_133_134_136_137_140_141_143_144_145_146_148_151_152_154_155_157_158_161_162_164_165_167_168_170_172_173_175_176_178_181_182_184_185_187_190_191_193_194_197_198_199_202_203_208_209_212_215_217_218_221_222_224_228_229_232_233_236_239_241_244_245_247_248_251_256_262_265_268_282  6.31e+09  5.21e+09 155841.91 -20129.71  15241.25    674.90     84.46    352.64   2110.50  -2165.58      0.00 0
104716 5626.0    35_40_41_44_45_55_62_63_66_67_78_79_82_83_88_89_91_94_95_102_103_106_107_110_111_116_117_120_121_124_125_128_129_136_137_140_141_145_146_148_151_152_154_157_158_161_162_167_168_172_173_175_176_178_181_182_184_185_187_190_191_196_197_198_199_200_202_203_205_206_209_211_212_213_214_215_217_218_219_220_223_224_226_227_228_229_230_231_232_233_234_235_237_238_239_241_242_243_244_245_246_247_248_249_250_251_252_253_254_255_256_257_258_259_260_261_262_263_264_265_266_267_268_269_270_271_272_273_274_275_276_277_278_279_280_281_282_283_284_285_286_287_288_289_290_291_292_293_294_295_296  6.31e+09  5.23e+09 -235493.03  -6989.27  14162.10    676.51     86.56    181.70   2284.88  -7039.09      0.00 0
104717 5626.0    162_168_173_182_185_191_197_199_203_206_212_214_218_220_224_228_233_235_241_248_251  1.07e+10  9.17e+09  23709.28   5295.31   9359.44    725.90     68.93     12.59   3934.85  -5632.37      0.00 0
104718 5626.0    0_1_2_3_4_5_6_7_8_9_10_11_12_13_14_15_16_17_18_19_20_21_22_23_24_25_26_27_28_29_30_31_32_33_34_35_36_37_38_40_41_42_44_45_46_47_48_49_50_52_53_54_55_58_59_60_62_63_64_66_67_68_69_70_71_72_74_75_76_78_79_82_83_84_85_86_88_89_90_91_94_95_96_98_99_100_102_103_106_107_108_110_111_114_116_117_120_121_122_124_125_126_128_129_132_133_134_136_137_140_141_143_145_146_147_148_151_152_153_154_155_157_158_161_162_164_165_167_168_170_172_173_175_176_177_178_179_181_182_184_185_187_188_190_191_193_194_196_197_198_199_200_202_203_205_208_209_210_211_213_215_216_217_219_221_222_223_229_230_232_234_236_237_239_240_242_247_254_257_263  2.88e+09  2.33e+09 136396.08  64328.57  15291.58    668.45     84.21     25.25   1831.27  -1800.81      0.00 0
104719 5626.0    1_2_5_7_8_11_13_15_16_19_20_23_24_28_31_32_35_37_39_40_44_47_48_51_52_55_57_58_61_62_65_66_69_70_73_74_78_81_82_85_87_88_91_93_94_97_102_105_106_109_110_116_117_119_123_128_135_139_148_150_157_160_171  7.76e+09  6.61e+09  -9548.25  31486.26  10367.71    739.93     72.51    106.87  -1796.64   -381.20      0.00 0
104720 5626.0    0_3_4_5_6_7_9_10_12_14_17_18_21_22_25_26_27_29_30_33_34_36_38_41_42_43_45_46_49_50_53_54_56_59_60_63_64_65_67_68_71_72_75_76_77_80_83_84_86_89_90_92_95_96_99_100_101_104_107_108_111_112_114_115_118_121_122_125_126_127_129_130_133_134_137_138_141_142_143_146_147_149_152_153_154_155_156_159_162_163_164_165_168_169_170_173_174_176_178_180_183_185_187_189_192_193_197_199_201_202_203_204_207_209_212_215_218_220_224_225_228_229_233_235_241_243_244_245_248_251_255_256_259_262_264_265_268_271_272_279_282  3.80e+09  3.15e+09  35161.05 -82036.91  14168.45    694.23     80.98    293.20   5229.97  -5309.38      0.00 0
104721 5626.0    84_90_96_100_104_108_112_118_122_126_130_134_138_142_143_147_149_153_155_159_169  7.94e+09  6.77e+09 -16530.01  17225.29   9447.43    701.02     68.41    133.82   2565.06   2978.51      0.00 0
104722 5626.0    227_231_238_243_250_253_255_258_259_264_270_271_272_274_279  5.13e+09  4.28e+09  27560.73  -3062.21  10093.01    683.40     70.00    353.66   4503.32  -8569.75      0.00 0
104723 5626.0    151_161_172_175_184_198_211_217_219_223_234_237_242_252_254_257_263_269_273_278_280_283_285_288_290_292_296  2.40e+10  2.06e+10  10572.45 -42978.52  11561.82    723.59     75.36    283.82  -3475.28 -10146.92      0.00 0
104724 5626.0    45_55_63_66_67_78_79_83_88_89_91_95_102_103_107_110_111_116_117_121_125_128_129_136_137_140_141_146_148_151_152_154_157_158_161_162_167_168_172_173_175_176_178_181_182_184_185_187_190_191_196_197_198_199_200_202_203_205_206_209_211_212_213_215_217_218_219_221_223_228_229_232_233_234_237_239_242_245_247_254  2.19e+10  1.87e+10 -60286.65 -15142.96  12782.10    725.54     78.38    194.10   -534.16  -4788.43      0.00 0
104725 5626.0    31_37_39_47_51_57_61_65_69_70_73_74_77_81_85_87_93_94_97_98_101_105_109_113_115_119_120_123_124_127_131_132_135_139_144_145_149_150_156_160_166_171_175_180_183_189_195_201_204_207_225  1.35e+10  1.16e+10 -19022.95 -41916.40  11741.72    718.08     75.69    245.59  -2398.00   3525.00      0.00 0
104726 5626.0    107_121_137_141_152_162_173_185_197_199_212_218_220_224_235_241_243_244_255_256_259_264_271_272_279  1.95e+09  1.60e+09 -17026.91  38751.62  11746.37    670.03     74.49    113.72   5456.44  -8515.08      0.00 0
104727 5626.0    213_219_226_230_234_237_242_246_249_252_254_257_260_261_263_266_269  7.24e+09  6.14e+09  20751.53  -9906.87   9449.72    679.52     67.66    334.48  -1942.25  -8403.35      0.00 0
104728 5626.0    0_1_2_3_4_5_6_7_8_9_10_11_12_13_14_15_16_17_18_19_20_21_22_23_24_25_26_27_28_29_30_31_32_33_34_35_36_37_38_39_40_41_42_43_44_45_46_47_48_49_50_51_52_53_54_55_56_57_58_59_60_61_62_63_64_65_66_67_68_69_70_71_72_73_74_75_76_77_78_79_80_81_82_83_84_86_87_88_89_90_91_92_93_95_96_99_100_101_102_103_104_105_107_108_109_111_112_114_115_116_117_118_119_121_125_127_129_130_133_135_137_139_141_142_146_148_149_152_156_157_158_159_160_162_166_168_169_171_173_176_180_181_182_183_185_189_191_192_195_197_199_200_201_203_204_206_207_212_214_218_220_224_225_227_231_235_238_241_243_244_250_253_255_256_258_259_261_264_267_270_271_272_274_277_279_281_284_289_291  1.95e+10  1.66e+10  32728.31 -92473.16  13943.38    765.17     81.91    289.49   1549.57  -2635.25      0.00 0
104729 5626.0    0_1_2_3_4_5_6_7_8_9_10_11_12_13_14_15_16_17_18_19_20_21_22_23_24_25_26_27_28_29_30_31_32_33_34_35_36_37_38_39_40_41_42_43_44_45_46_47_48_49_50_52_53_54_55_56_58_59_60_62_63_64_66_67_68_69_70_71_72_74_76_78_79_80_82_84_86_88_90_91_94_96_98_100_102_104_106_108_110_112_116_120_122_124_128_136_138_140_142_145_151_153_157_161_163_167_172_175_184_186_190_196_198_211_217_219_223_234_242_254_263_278  1.82e+09  1.49e+09  42235.96  50909.63  13518.25    650.72     78.45     50.32  -3525.44  -4693.55      0.00 0
104730 5626.0    0_1_2_4_5_6_7_8_10_11_13_14_15_16_19_20_23_24_27_28_30_31_32_35_36_37_39_40_43_44_46_47_48_51_52_55_56_57_58_61_62_65_66_69_70_73_74_77_78_80_81_82_85_87_88_91_92_93_94_97_98_101_102_105_106_109_110_113_115_116_118_119_120_123_124_127_128_131_132_135_136_139_140_144_145_149_150_151_156_157_159_160_161_166_167_171_172_175_180_181_183_184_189_190_195_196_198_201_204_205_207_211_213_217_219_223_225_230_234_237_242_249_252_254_257_263_266_269_273_276_278_280_283_285_288_290_292_296  6.92e+09  5.73e+09  14733.52 136959.98  14940.13    708.50     83.81     83.86  -3322.87   2783.25      0.00 0
104731 5626.0    10_12_18_22_25_26_30_34_36_38_42_46_49_50_54_56_59_60_64_68_71_72_75_76_80_84_86_90_92_99_104  2.14e+09  1.77e+09 -11447.62  19558.90   9671.14    638.12     66.89    120.34   1478.01   1379.14      0.00 0
104732 5626.0    40_44_52_55_58_62_66_74_78_79_82_88_91_94_98_102_103_106_110_113_116_117_120_124_128_129_132_136_140_141_145_148_151_157_158_161_167_168_172_173_175_181_182_190_191_197_199_200_206_212_214_220_224_231_235_238_243_244_255_258_259_264_271  5.62e+09  4.67e+09  40292.28 -28056.04  12041.44    708.49     76.22    325.15   -717.66  -4182.42      0.00 0
104733 5626.0    0_3_4_5_6_8_9_10_12_13_17_18_21_22_25_26_28_29_30_33_34_35_38_40_41_42_44_45_49_50_53_54_55_59_60_63_64_66_67_68_71_72_75_76_78_79_83_84_86_89_90_91_95_96_99_100_102_103_107_108_111_112_114_116_117_122_126_128_129_134_138_142_147_148_153_155_157_158_163_167_174_177_181_182_186_190_200_205_213_230  3.24e+09  2.69e+09 -20212.61 -40987.11  11623.31    732.67     75.73    243.75   1980.90   -196.37      0.00 0
104734 5626.0    108_112_122_126_130_134_138_142_143_147_153_155_159_163_164_165_169_170_174_177_179_183_186_188_192_193_194_201_207_208_210_215_216_221_222_225_232_236_239_240  2.34e+09  1.91e+09  45478.09 -53154.01  13319.20    705.98     79.22    310.55   5720.17   2992.57      0.00 0
104735 5626.0    0_1_2_3_4_5_6_7_8_9_10_11_12_13_14_15_16_17_18_19_20_21_22_23_24_25_26_27_28_29_30_31_32_33_34_35_36_37_38_39_40_41_42_43_44_45_46_47_48_49_50_51_52_53_54_55_57_58_59_60_61_62_63_66_67_69_70_71_72_73_74_75_76_78_79_81_82_83_84_85_86_88_89_91_93_94_95_97_98_99_100_102_103_106_107_111_113_114_120_121_123_124_125_131_132_133_134_137_143_144_145_146_152_154_164_165_170_176_178_187_193_202_208_209_215_221_229_232_236_239_247  7.59e+10  6.61e+10 -71453.43   8457.07  12920.31    782.68     79.82    173.25  -2882.84   -392.25      0.00 0
104736 5626.0    62_66_78_82_88_91_94_98_102_106_110_116_117_120_124_128_132_136_140_145_148_151_157_158  8.13e+10  7.13e+10  25014.26 -14552.81   9621.30    789.69     71.61    329.81  -2951.53  -2635.38      0.00 0
104737 5626.0    0_1_2_3_4_5_6_7_8_9_10_11_12_13_14_15_16_17_18_19_20_21_22_23_24_25_26_27_28_29_30_31_32_33_34_35_36_37_38_39_41_42_43_45_46_47_48_49_50_51_53_54_55_56_57_59_60_61_63_64_65_67_68_69_70_71_72_73_75_76_77_79_80_81_83_86_87_89_93_95_97_99_101_105_107_109_111_119_121_123_125_127_135_137_139_144_146_150_152_154_160_162_171_176_178_185_202_203_218_228_233_248  4.57e+10  3.96e+10 -35746.98  30326.37  11479.62    771.92     76.24    139.69   -370.35    737.14      0.00 0
104738 5626.0    32_40_44_48_52_55_58_62_66_70_74_78_79_82_85_88_91_94_98_102_103_106_110_113_116_117_120_124_128_129_131_132_136_140_145_148_151_157_158_161_167_168_172_173_175_181_182_184_190_191_196_197_198_200_205_206_211_212_213_214_217_219_220_226_227_230_231_235_237_238_243_244_246_249_250_253_255_258_259_260_261_264_267_270_271_274_275_277_279_281_284_289_291  1.17e+10  9.92e+09  61216.12 -58356.48  13940.61    704.10     80.64    316.37   1001.47  -7175.28      0.00 0
104739 5626.0    17_21_25_29_33_35_38_41_44_45_49_53_55_59_63_66_67_71_72_75_78_79_83_86_88_89_91_95_99_100_102_103_107_110_111_114_116_117_121_125_128_129_133_134_136_137_140_141_143_146_148_152_154_155_157_158_161_162_164_165_167_168_170_172_173_176_178_181_182_184_185_187_188_190_191_193_194_196_197_198_199_200_202_203_205_206_208_209_210_211_212_213_214_215_216_217_218_219_220_221_222_223_224_226_227_228_229_230_231_232_233_234_235_236_237_238_239_240_241_242_243_244_245_246_247_248_249_250_251_252_253_254_255_256_257_258_259_260_261_262_263_264_265_266_267_268_269_270_271_272_273_274_275_276_277_278_279_280_281_282_283_284_285_286_287_288_289_290_291_292_293_294_295_296_297_298  1.45e+10  1.22e+10 209960.81 143924.67  13117.87    743.92     87.05     34.43  -1640.35  -9402.35      0.00 0
104740 5626.0    86_95_99_100_107_111_114_121_125_126_133_134_137_141_143_146_147_152_153_154_155_162_164_165_168_170_173_176_177_178_179_185_186_187_188_191_193_194_197_199_202_203_206_208_209_210_212_214_215_216_218_220_221_222_224_228_229_231_232_233_235_236_238_239_240_241_243_244_245_247_248_250_251_253_255_256_258_259_261_262_264_265_267_268_270_271_272_274_275_277_279_281_282_284_287_289_291_293_295_297_298  3.09e+09  2.52e+09 -32987.59 -117514.54  15008.30    678.85     82.99    254.32   4761.76  -6758.22      0.00 0
104741 5626.0    202_203_209_215_218_221_224_228_229_232_233_235_236_239_241_243_244_245_247_248_251_255_256_258_259_262_264_265_268_270_271_272_274_279_281_282_284_291  6.31e+10  5.52e+10 -36240.98 -71434.88  13203.37    792.17     80.64    243.10   5586.67 -10037.37      0.00 0
104742 5626.0    0_1_2_3_4_5_6_7_8_9_10_11_12_13_14_15_16_17_18_19_20_21_22_23_24_25_26_27_28_29_30_31_32_33_34_35_36_37_38_39_40_41_42_43_44_45_46_47_48_49_50_51_52_53_54_55_56_57_58_59_60_61_62_63_64_65_66_67_68_69_70_71_72_73_74_75_76_77_78_79_80_81_82_83_84_85_86_87_88_89_90_91_92_93_94_96_97_98_100_101_102_103_104_105_106_108_109_110_112_113_115_116_117_118_119_120_122_123_124_126_127_128_130_131_132_135_136_138_139_140_142_144_145_147_148_149_150_151_153_156_157_159_160_161_163_166_167_169_171_172_174_175_177_180_181_183_184_186_189_190_192_195_196_198_201_204_205_207_211_213_217_219_223_225_230_234_237_242_252_254_257_263_269_273_278_283_285_292  1.51e+10  1.28e+10 -112999.88 -192526.64  14044.98    727.80     86.40    239.59  -3685.57  -1325.60      0.00 0
104743 5626.0    0_1_2_3_4_5_6_7_8_9_10_12_13_14_17_18_21_22_25_26_27_28_29_30_33_34_35_36_38_41_42_43_44_45_46_49_50_53_54_55_56_59_60_63_64_67_68_71_72_75_76_77_78_79_80_83_84_86_89_90_91_92_95_96_103_104_107_108_111_112_115_116_117_118_129_130_138_141_142_148_149_158_159_168_169_182_183_191_192_200_206_207_214_227_231  5.37e+10  4.69e+10    258.95  41213.00  10904.55    789.94     75.18     89.64   1111.93      9.90      0.00 0
104744 5626.0    0_1_2_4_5_6_7_8_10_11_14_15_16_18_19_20_22_23_24_27_30_31_32_36_37_39_42_43_46_47_48_51_52_54_56_57_58_61_62_64_65_68_69_70_73_74_77_80_81_82_84_85_87_90_92_93_94_97_98_101_104_105_106_108_109_112_113_115_118_120_124_127_130_132_138_142_145_149_151_159_163_169_174_175_183_184_192_207  1.95e+09  1.60e+09  34015.96  40610.56  12688.73    654.74     76.53     50.05   -255.45   2515.70      0.00 0
104745 5626.0    22_26_30_34_38_42_46_49_50_54_56_60_64_68_71_72_75_76_80_84_86_90_92_95_96_99_100_101_104_108_112_114_115_118_122_125_126_127_130_133_134_138_142_143_146_147_149_153_154_155_156_159_163_164_165_166_169_170_174_176_177_178_179_180_183_186_187_188_189_192_193_194_195_201_202_203_204_207_208_209_210_215_216_221_222_225_228_229_232_233_236_239_245_247_248_262_265_282  1.02e+10  8.61e+09  48971.02 -60194.40  13696.67    700.71     79.99    309.13   4477.28    959.36      0.00 0
104746 5626.0    3_5_8_9_12_13_17_21_28_29_33_35_40_41_44_45_53_55_66_67_78_79_88_91_102_116_117_128_157_167_190  6.17e+10  5.40e+10   8654.58  19239.35   8613.54    771.66     67.79     65.78   -328.32  -3032.20      0.00 0
104747 5626.0    1_6_7_10_11_14_15_19_22_23_27_30_31_36_37_39_42_43_46_47_51_54_56_57_61_64_65_68_69_70_73_77_80_81_84_85_87_90_92_93_97_98_101_104_105_108_109_112_113_115_118_119_122_123_127_130_131_132_135_138_142_149_153_159_163_169_174_177_186_192  7.94e+09  6.67e+09  45247.03  26641.90  12170.69    726.62     76.95     30.49   1527.61   3873.20      0.00 0
104748 5626.0    243_253_255_258_261_264_267_270_271_274_275_277_279_281_284_286_287_289_291_293_294_295_297_298  2.14e+09  1.77e+09  22472.20  20369.41  10419.80    683.36     71.04     42.19   1686.37 -10627.72      0.00 0
104749 5626.0    3_4_9_10_12_17_18_21_22_25_26_29_30_33_34_36_38_41_42_46_49_50_53_54_56_59_60_63_64_67_68_71_72_75_76_80_83_84_86_89_90_92_95_96_99_100_103_104_107_108_111_112_114_118_121_122_125_126_129_130_133_134_137_138_141_142_143_146_147_149_152_153_154_155_159_162_163_164_165_168_169_170_173_174_176_177_178_179_180_183_185_186_187_188_191_192_193_194_197_199_201_202_203_207_208_209_210_212_214_215_218_220_221_224_225_228_229_232_233_235_238_241_243_244_245_247_248_251_253_255_256_258_259_262_264_265_268_270_271_272_274_279_282_284_291  1.58e+09  1.27e+09 -24307.18 117478.16  15091.48    664.12     82.83    101.69   5962.04 -10723.21      0.00 0
104750 5626.0    62_66_78_82_88_91_94_98_102_106_110_116_117_120_124_128_132_136_140_145_148_151_157_158_161_167_168_172_175_181_182_190_191_196_197_200_205_206_214_220_226_227_231_238_243_250_253_258_264_267_270_274_279  3.55e+10  3.06e+10  30617.01 -30055.76  11295.67    748.18     75.25    315.53  -1155.81  -4754.55      0.00 0
104751 5626.0    42_46_54_56_60_64_68_76_77_80_84_90_92_96_100_101_104_108_112_115_118_122_126_127_130_134_138_149_156_159_166_171_180_189_195  5.75e+09  4.87e+09  24554.03 -19252.82  10222.54    731.77     71.86    321.90    503.03   3783.76      0.00 0
104752 5626.0    2_8_11_13_15_16_20_23_24_28_31_32_35_37_40_44_45_47_48_52_55_57_58_62_66_69_70_73_74_78_79_81_82_85_88_91_93_94_97_98_102_103_105_106_110_113_116_117_119_120_123_124_128_129_131_132_135_136_140_144_145_148_150_151_157_158_161_167_168_172_175_181_182_184_190_191_196_197_198_200_205_206_211_213_214_219_220_226_227_230_231_237_238_243_246_249_250_252_253_258_260_261_264_266_267_270_274_275_276_277_279_281_284_287_289_291_295  2.69e+10  2.29e+10 -49235.68  73242.80  13962.18    719.18     81.01    123.91  -2411.06  -2925.63      0.00 0
104753 5626.0    142_153_163_169_174_177_179_186_192_210_216_240  6.61e+10  5.80e+10  27033.57 -13062.71   9819.20    777.69     71.89    334.21   5780.39   3959.09      0.00 0
104754 5626.0    95_99_107_111_121_125_133_137_141_143_146_152_154_164_170  5.01e+10  4.38e+10  13248.95  14148.24   8420.00    754.68     66.52     46.88   3782.19  -1935.35      0.00 0
104755 5626.0    0_1_2_3_4_5_6_7_8_9_10_11_12_13_14_15_16_17_18_19_20_21_22_23_24_25_26_27_28_29_30_31_32_33_34_35_36_37_38_39_40_41_42_43_44_45_46_47_48_49_50_51_52_53_54_55_56_57_58_59_60_61_62_63_64_65_66_67_68_69_70_71_72_73_74_75_76_77_78_79_80_81_82_83_84_85_86_87_88_89_90_91_92_93_94_95_96_97_98_99_100_101_102_103_104_105_106_107_108_109_110_111_112_113_114_115_116_117_118_119_120_121_122_123_124_125_126_127_128_129_130_131_132_133_134_135_136_137_138_139_140_141_142_143_145_146_147_148_149_151_152_153_154_155_156_157_158_159_161_162_163_164_165_166_167_168_169_170_172_173_174_175_176_177_178_179_180_181_182_183_184_185_186_187_188_189_190_191_192_193_194_196_197_198_199_200_201_204_205_206_207_208_210_211_212_213_214_216_217_219_220_222_223_225_226_227_230_231_234_236_237_238_240_242_246_249_250_252_253_254_257_260_261_263_266_267_269_273_275_276_277_278_280_283_285_286_287_288_290_292_293_294_296_297  9.33e+09  7.76e+09 135469.62 212726.62  13393.77    716.88     86.96     57.51    918.30   -404.96      0.00 0
104756 5626.0    0_1_3_4_6_7_10_12_14_17_18_19_22_25_26_27_30_33_34_36_38_39_42_49_50_54_59_60_71_72_75_76_86_99  1.41e+09  1.17e+09 -17005.91   9133.78   8858.24    677.62     65.35    151.76   1431.74    254.58      0.00 0
104757 5626.0    0_1_2_3_4_5_6_7_8_9_10_11_12_13_14_15_16_17_18_19_20_21_22_23_24_25_26_27_28_29_30_31_32_33_34_35_36_37_38_39_41_42_43_44_45_46_47_48_49_50_51_53_54_55_56_57_59_60_61_63_64_65_67_68_69_71_72_73_75_76_77_79_80_81_83_84_86_87_89_90_92_93_95_96_99_100_101_103_104_105_107_108_109_111_112_114_115_118_119_121_122_123_125_126_127_130_133_134_135_137_138_139_141_142_143_144_146_147_149_150_152_153_154_155_156_159_160_162_163_164_165_166_169_170_171_173_174_176_177_178_179_180_183_185_187_188_189_192_193_194_195_199_201_202_203_204_207_208_209_215_218_221_222_224_225_228_229_232_233_236_239_241_244_245_247_248_251_256_259_262_265_268_272_282  3.09e+10  2.64e+10 -91920.13  92273.77  14494.23    764.07     83.65    134.89  -1686.79   4748.93      0.00 0
104758 5626.0    42_43_46_54_56_64_65_68_77_80_84_87_90_92_96_100_101_104_105_108_109_112_115_118_122_126_127_130_134_135_138_139_142_147_149_150_153_155_156_159_160_163_165_166_169_171_174_177_179_180_183_186_188_189_192_194_195_201_204_207_208_210_216_222_225_236_240  6.03e+09  5.04e+09 -99612.34  25817.15  14150.92    751.34     82.17    165.47   3953.61   4344.61      0.00 0
104759 5626.0    41_44_45_55_62_63_66_67_78_79_83_88_89_91_95_102_103_106_107_110_111_116_117_120_121_125_128_129_136_137_140_141_145_146_148_151_152_154_157_158_161_162_167_168_172_173_175_176_178_181_182_184_185_187_190_191_196_197_198_199_200_202_203_205_206_209_211_212_213_214_215_217_218_219_220_223_224_228_229_232_233_234_235_239_241_245_247_248_251_262_265  6.92e+10  6.00e+10 -67081.74  -2776.37  12941.12    742.21     79.09    182.37   1428.58  -4382.10      0.00 0
104760 5626.0    146_152_154_164_176_178_185_187_199_202_203_209_218_224_228_233_235_241_244_251_255_256_259_271  9.33e+10  8.20e+10  -2063.12 -26935.62   9550.42    758.04     70.53    265.62   5351.83  -4837.59      0.00 0
104761 5626.0    0_1_2_3_4_5_6_7_8_9_10_11_12_13_14_15_16_17_18_19_20_21_23_24_25_27_28_29_30_31_32_33_35_36_37_39_40_41_43_44_45_47_48_51_52_53_55_56_57_58_59_61_62_63_65_66_67_69_70_73_74_77_78_79_81_82_83_85_87_88_89_91_93_94_97_98_101_102_103_105_106_107_109_110_111_113_116_117_119_120_123_124_127_128_129_131_132_135_136_137_139_140_141_144_145_148_150_151_157_158_160_161_162_166_167_168_171_172_173_175_181_182_184_190_191_195_196_197_198_199_200_205_206_211_212_213_214_217_219_220_223_224_226_227_230_231_234_235_237_238_242_243_244_246_249_250_252_253_254_255_257_258_259_260_261_263_264_266_267_269_270_271_273_274_275_276_277_278_279_280_281_283_284_285_286_287_288_289_290_291_292_293_294_295_296_297_298  6.92e+09  5.75e+09 -123078.59 199514.81  14009.47    699.01     86.58    121.67   -409.64  -7321.10      0.00 0
104762 5626.0    96_100_108_112_114_122_126_130_133_134_138_142_143_147_153_154_155_163_164_165_169_170_174_177_178_179_186_187_188_192_193_194_202_207_208_209_210_215_216_221_222_228_229_232_236_239_240_245_247_248_262_265_282  7.24e+10  6.28e+10  25894.75 -60827.03  12814.46    753.88     79.03    293.06   4169.97   4736.27      0.00 0
104763 5626.0    43_56_61_65_68_77_80_81_87_90_92_93_101_104_105_108_109_112_115_118_119_123_127_130_135_138_139_142_144_149_150_153_156_159_160_163_166_169_171_174_177_180_183_186_189_192_195_201_204_207  7.08e+10  6.18e+10 -73353.02 -13396.64  13080.97    775.37     80.05    190.35  -1791.92   4603.24      0.00 0
104764 5626.0    0_1_2_3_4_5_6_7_8_9_10_11_12_13_14_15_16_17_18_19_20_21_22_23_24_25_26_27_28_29_30_31_32_33_34_35_36_37_38_39_40_41_42_43_44_45_46_47_48_49_50_51_52_53_55_56_57_58_59_61_62_63_65_66_67_69_70_71_73_74_75_77_78_79_81_82_83_85_87_88_89_91_93_94_95_97_98_101_102_103_105_106_107_109_110_111_113_116_117_119_120_121_123_124_125_127_128_129_131_132_135_136_137_139_140_141_144_145_146_148_150_151_152_157_158_160_161_162_166_167_168_171_172_173_175_176_181_182_184_185_190_191_196_197_198_199_200_203_205_206_211_212_213_214_217_218_219_220_223_224_226_227_230_231_233_234_235_237_238_241_242_243_244_246_249_250_251_252_253_254_255_256_257_258_259_260_261_263_264_265_266_267_268_269_270_271_272_273_274_275_276_277_279_280_281_282_284_286_287_288_289_291_293_294_295_297_298  1.10e+10  9.13e+09 150901.06 -172798.39  13951.13    721.88     86.52    311.13  -4034.32   -780.03      0.00 0
104765 5626.0    0_1_2_3_4_5_6_7_8_9_10_11_12_13_14_15_16_17_18_19_20_21_22_23_24_25_26_27_28_29_30_31_32_33_34_35_36_37_38_39_40_41_42_43_44_45_46_47_48_49_50_51_52_53_54_55_56_57_58_59_60_61_62_63_64_65_66_67_68_69_70_71_72_73_74_75_76_77_78_79_80_81_82_83_84_85_86_87_88_89_90_91_92_93_94_95_96_97_98_99_100_101_102_103_104_106_107_108_110_111_112_113_114_115_116_117_118_120_121_122_124_125_126_128_129_130_132_133_134_136_137_138_140_141_142_143_145_146_147_148_149_151_152_153_154_155_157_158_159_161_162_163_164_165_167_168_169_170_172_173_174_175_177_179_181_182_183_184_186_188_190_191_192_194_196_198_200_205_206_208_210_211_213_216_217_219_222_223_226_227_230_234_237_240_242_246_249_252_254_257_260_263_266_269_273_278_280_283_285_290_292  3.24e+09  2.67e+09 -101726.13 -130391.05  14963.31    708.33     84.83    232.04   2075.92    907.04      0.00 0
104766 5626.0    90_96_100_104_108_112_114_118_122_126_130_133_134_138_142_143_147_149_153_155_159_163_164_165_169_170_174_177_179_180_183_186_187_188_192_193_194_201_204_207_208_209_210_215_216_221_222_225_229_232_236_239_240_247  3.16e+09  2.60e+09 -51129.52  58631.53  13619.18    713.17     80.07    131.09   5298.96   2571.30      0.00 0
104767 5626.0    238_243_244_250_253_255_258_259_261_264_267_270_271_274_277  3.89e+10  3.39e+10 -19095.90  -8466.12   8832.23    726.43     67.08    203.91   2674.08  -8715.10      0.00 0
104768 5626.0    0_1_2_3_4_5_6_8_9_10_12_13_16_17_18_20_21_22_25_26_28_29_32_33_34_35_38_40_41_44_45_49_50_52_53_54_55_59_60_62_63_66_71_72_75_76_83_84_86_96_99_100_114_122_126_133_134_143_147_155_165_170_177_179_188_194_210_216_222_240  9.33e+10  8.16e+10  41978.79  20847.59  11555.87    758.97     76.15     26.41   6217.92   2141.02      0.00 0
104769 5626.0    102_110_128_136_140_161_167_172_184_196_198_211_217_223_234  9.33e+10  8.25e+10  17158.90  14296.25   8802.13    772.82     68.49     39.80  -3766.66  -5493.49      0.00 0
104770 5626.0    0_1_2_5_7_8_9_11_13_15_16_19_20_23_24_28_29_31_32_35_37_39_40_41_44_45_47_48_51_52_55_57_58_61_62_63_66_67_69_70_73_74_78_79_81_82_85_87_88_89_91_93_94_97_98_102_103_105_106_109_110_111_113_116_117_119_120_123_124_128_129_131_132_135_136_140_141_144_145_148_150_151_157_158_160_161_167_168_172_173_175_181_182_184_190_191_196_197_198_200_205_206_211_212_213_214_217_219_220_223_226_227_230_231_234_235_237_238_242_243_246_249_250_252_253_254_255_257_258_260_261_263_264_266_267_269_270_271_273_274_275_276_277_278_279_280_281_283_284_285_286_287_288_289_290_291_292_293_294_295_296_297_298  1.26e+10  1.05e+10 -144948.11 224829.25  13036.31    702.51     87.21    122.81  -1269.54  -8636.66      0.00 0
104771 5626.0    89_103_111_117_129_148_157_158_168_181_182_190_191_200_205_206_226_227_230_246_249_252_266_269  2.40e+09  1.98e+09 -13350.39 -24284.26  10267.50    656.44     69.67    241.20    -42.51  -6418.53      0.00 0
104772 5626.0    125_133_143_146_152_154_164_165_170_176_178_185_187_193_199_202_203_209_218_224_233_241  2.63e+10  2.29e+10   1960.31  25189.14   9521.78    721.91     69.35     85.55   5273.29  -2322.80      0.00 0
104773 5626.0    54_60_64_68_72_76_84_86_90_96_99_100_104_108_112_114_118_122_126_130_133_134_138_142_143_147_149_153_154_155_159_163_164_165_169_170_174_180_183_187_192_193_201_207_225  8.32e+09  7.02e+09  21508.83 -31936.23  11339.62    677.86     73.59    303.96   2852.56   2690.21      0.00 0
104774 5626.0    59_71_72_75_76_83_86_95_96_99_100_107_111_114_121_122_125_126_129_133_134_137_141_143_146_147_152_153_154_155_162_163_164_165_168_170_173_176_177_178_179_185_186_187_188_191_193_194_197_199_202_203_209_210_212_214_218_220_224_228_231_233_235_238_241_243_244_253_255_256_258_259_264_267_270_271_274_279_281_284_289_291  1.70e+10  1.45e+10   7448.21  57901.82  12451.43    742.56     77.96     82.67   4049.40  -4009.85      0.00 0
104775 5626.0    12_17_18_22_25_26_30_33_34_38_42_46_49_50_53_54_59_60_64_68_71_72_75_76_80_83_84_86_90_95_96_99_100_104_107_108_112_114_118_121_125_130_137_138_142_152_159  2.95e+10  2.56e+10   8403.77 -29560.38  10199.26    726.43     71.64    285.87   2311.66    656.86      0.00 0
104776 5626.0    0_1_2_6_7_8_10_11_14_15_16_19_20_23_24_27_30_31_32_36_37_39_42_43_46_47_48_51_52_56_57_58_61_62_65_68_69_70_73_74_77_80_81_82_85_87_90_92_93_94_97_98_101_104_105_106_109_113_115_118_120_124_127_130_132_136_145_149_151_156_159_161_169_175_183_184_192_217  4.37e+10  3.79e+10  24559.58  36658.97  11386.96    750.18     75.53     56.18  -2362.48    108.87      0.00 0
104777 5626.0    24_32_37_48_52_58_70_74_82_94_98_106_120_124_136_145_151_175_184  2.04e+10  1.75e+10  12737.04  15227.92   8739.44    712.72     66.24     50.09  -3382.32  -2352.35      0.00 0
104778 5626.0    0_1_2_3_4_5_6_7_8_9_10_11_12_13_14_15_16_17_18_19_20_21_22_23_24_25_26_27_28_29_30_31_32_33_34_35_36_37_38_39_40_41_42_43_44_45_46_47_48_49_50_51_52_53_54_55_56_57_58_59_60_62_63_64_65_66_67_68_69_70_71_72_73_74_75_76_77_78_79_80_82_83_84_85_86_88_90_94_96_98_99_100_102_104_106_108_110_112_113_114_120_122_124_126_132_134_136_138_140_142_143_145_147_151_153_155_161_163_165_175_177_179_184_186_188_194_198_210_216_217_240  1.78e+09  1.45e+09 -60216.82 -35427.96  13277.03    711.58     79.24    210.47   1848.19    832.09      0.00 0
104779 5626.0    0_1_2_3_4_5_6_7_8_9_10_11_12_13_14_15_16_17_18_19_20_21_22_23_24_25_26_27_28_29_30_31_32_33_34_35_36_37_38_39_40_41_42_43_44_45_46_47_48_49_50_51_52_53_54_55_56_57_58_59_60_61_62_63_64_65_66_67_68_69_70_71_72_73_74_75_76_77_78_79_80_81_82_83_84_85_86_87_88_89_90_91_92_93_94_95_96_97_98_99_100_101_102_103_104_105_106_107_108_109_110_111_112_113_114_115_116_117_118_119_120_121_122_123_124_125_126_127_128_129_130_131_132_133_134_135_136_137_138_139_141_142_143_144_145_146_147_148_149_150_152_153_154_155_156_158_159_160_162_163_164_165_166_168_169_170_171_173_174_176_177_178_179_180_183_185_186_187_188_189_191_192_193_194_195_197_199_201_202_203_204_208_209_210_212_215_216_218_220_221_222_224_228_229_232_233_235_236_239_240_241_244_245_247_248_251_255_256_259_262_265_268_272_282  1.32e+09  1.04e+09 -218189.00 117384.45  13852.01    675.46     86.80    151.72  -1227.65   1543.16      0.00 0
104780 5626.0    91_103_107_111_116_117_121_128_129_137_141_146_148_152_157_158_162_167_168_172_173_176_178_181_182_185_190_191_196_197_199_200_202_205_206_211_213_214_219_223_226_227_230_234_237_242_249_252_254_257_263_269_273_278  6.17e+10  5.36e+10  44700.51  23220.06  11758.93    768.97     76.86     27.45  -2436.17  -7011.48      0.00 0
104781 5626.0    2_3_5_8_9_11_13_16_17_20_21_24_28_29_32_33_35_37_40_41_44_45_48_49_52_53_55_58_59_62_63_66_67_70_74_75_78_79_82_83_85_88_89_91_94_95_98_99_102_103_106_107_110_111_113_116_117_120_121_124_125_128_129_132_136_137_140_141_145_146_148_151_152_154_157_158_161_162_167_168_172_173_175_176_178_181_182_184_185_187_190_191_196_197_198_199_200_202_203_205_206_209_211_212_213_214_215_217_218_219_220_223_224_226_227_228_229_230_231_232_233_234_235_237_238_239_241_242_243_244_245_246_247_248_249_250_251_252_253_254_255_256_257_258_259_260_261_262_263_264_265_267_268_270_271_272_274_279_282  2.69e+10  2.30e+10 172633.84 -28238.92  14473.93    768.41     85.27    350.71   2115.26  -5278.00      0.00 0
104782 5626.0    35_41_44_45_55_62_63_66_67_78_79_83_88_89_91_95_102_103_106_107_110_111_116_117_120_121_125_128_129_136_137_140_141_145_146_148_151_152_154_157_158_161_162_167_168_172_173_175_176_178_181_182_184_185_187_190_191_196_197_198_199_200_202_203_205_206_209_211_212_213_214_215_217_218_219_220_223_224_226_227_228_229_230_231_232_233_234_235_237_238_239_241_242_243_244_245_246_247_248_249_250_251_252_253_254_255_256_257_258_259_260_261_262_263_264_265_266_267_268_269_270_271_272_273_274_278_279_282_285  1.48e+10  1.24e+10 146696.50   8869.56  14902.18    719.10     84.21      3.46   1005.90  -5900.89      0.00 0
104783 5626.0    0_1_2_3_4_5_6_7_8_9_10_11_12_13_14_15_16_17_18_19_20_21_22_23_24_25_26_27_28_29_30_31_32_33_34_35_36_37_38_39_40_41_42_43_44_45_46_47_48_49_50_51_52_53_54_55_56_57_58_59_60_61_62_63_64_65_66_67_68_69_70_71_72_73_74_75_76_77_78_79_80_81_82_83_84_85_86_87_88_89_90_91_92_93_94_95_96_97_98_99_100_101_102_103_104_105_106_107_108_109_110_111_112_113_114_115_116_117_118_119_120_121_122_123_124_125_126_127_128_129_130_131_132_133_134_135_136_137_138_139_140_141_142_143_145_146_147_148_149_151_152_153_154_155_156_157_158_159_161_163_164_165_167_168_169_170_172_174_175_177_179_180_181_182_183_184_186_188_190_191_192_194_196_198_200_201_205_206_207_210_211_213_216_217_219_222_223_226_227_230_234_237_240_242_249_252_254_257_263_266_269_273_278_280_283_285_290_292  7.59e+09  6.29e+09 -124060.62 -160168.75  14735.51    688.58     85.84    232.24   4352.93   5052.16      0.00 0
104784 5626.0    47_57_61_69_70_73_74_81_85_87_93_94_97_98_105_109_113_119_123_124_131_132_135_145_175  8.51e+09  7.25e+09  13951.59  25631.60  10185.31    698.07     70.76     61.44  -4011.99   -381.98      0.00 0
104785 5626.0    203_218_224_233_241_244_251_255_256_259_268_271_272  5.89e+09  4.98e+09  -1896.15  22533.46   9104.17    726.70     68.07     94.81   5683.57  -6773.42      0.00 0
104786 5626.0    49_53_59_63_67_71_72_75_83_86_89_95_96_99_100_103_107_111_114_117_121_122_125_126_129_133_134_137_141_143_146_147_148_152_153_154_155_158_162_164_165_168_170_173_176_177_178_179_181_182_185_186_187_188_191_193_194_197_199_200_202_203_205_206_208_209_210_212_214_215_216_218_220_221_222_224_226_227_228_229_230_231_232_233_235_236_238_239_240_241_243_244_245_246_247_248_249_250_251_252_253_255_256_258_260_261_264_266_267_269_270_274_275_276_277_280_281_284_286_287_288_289_290_291_293_294_295_296_297_298  2.29e+09  1.87e+09  50102.29  93166.88  14810.53    667.27     82.03     61.73   6293.86    639.64      0.00 0
104787 5626.0    220_235_238_241_243_244_250_251_253_255_256_258_259_261_264_267_270_271_274_275_277_281_284  8.13e+09  6.99e+09  21142.89  13355.65   9052.73    799.44     70.10     32.28   3435.67  -8412.08      0.00 0
104788 5626.0    18_22_25_26_34_38_42_49_50_54_59_60_64_68_71_72_75_76_80_84_86_90_95_96_99_100_104_108_112_114_121_125  3.09e+10  2.67e+10   8897.37 -20719.15   9041.69    735.77     68.15    293.24   2327.23    704.04      0.00 0
104789 5626.0    146_154_164_170_176_178_185_187_193_202_203_209_215_218_224_228_229_233_241_244_251_256  2.45e+10  2.14e+10  -3383.85 -24575.12   9497.68    715.06     69.05    262.16   5779.89  -3616.72      0.00 0
104791 5626.0    0_1_2_3_4_5_6_7_8_9_10_11_12_13_14_15_16_17_18_19_21_22_23_24_25_26_27_29_30_31_33_34_38_41_47_49_50_51_53_57_59_63_71_72_75_76_83_86_95_99_107_114_121_125_133_143_146_152_154_164_176_178_187_193_202_209_215_228_229_232_239_245_247  2.14e+10  1.86e+10 -33250.38  14713.71  10646.31    754.85     73.68    156.13   3903.23  -1536.55      0.00 0
104792 5626.0    0_1_2_3_4_5_6_7_8_9_10_11_12_13_14_15_16_17_18_19_20_21_22_23_24_25_26_27_28_29_30_31_32_33_34_35_36_37_38_39_40_41_42_43_44_45_46_47_48_49_50_51_52_53_54_55_56_57_58_59_60_61_62_63_64_65_66_67_68_69_70_71_72_73_74_75_76_77_78_79_80_81_82_83_84_85_86_87_88_89_90_91_92_93_94_95_96_97_98_99_100_101_102_103_104_105_106_107_108_109_110_111_112_113_114_115_116_117_118_119_120_121_122_123_124_125_126_127_128_129_130_131_132_133_134_135_136_137_138_139_140_141_142_143_144_145_146_147_148_149_150_151_152_153_154_155_156_157_158_159_160_161_162_163_164_165_166_167_168_169_170_171_172_173_174_175_176_177_178_179_181_182_183_184_185_186_187_188_190_191_192_193_194_196_198_199_202_203_208_209_210_211_213_215_216_217_218_219_221_222_223_228_229_232_233_234_236_239_240_245_247  9.77e+09  8.19e+09 276223.06  64635.00  12137.91    746.06     87.55     13.17    809.90    -18.03      0.00 0
104793 5626.0    95_99_107_114_121_125_133_134_137_141_143_146_152_154_162_164_165_168_170_173_176_178_185_187_188_193_194_197_199_208_210_215_216_221_222_240  3.24e+09  2.69e+09  19923.64  31711.81  11321.44    665.20     73.18     57.86   5490.34   -714.27      0.00 0
104794 5626.0    206_214_220_226_227_230_231_235_238_243_244_246_249_250_252_253_255_256_257_258_259_260_261_264_266_267_268_269_270_271_272_274_279_282  2.75e+10  2.37e+10  38698.49   2495.74  10834.55    763.16     74.39      3.69   4090.27  -8350.12      0.00 0
104795 5626.0    0_1_2_3_4_5_6_7_9_10_12_13_14_17_18_21_22_25_26_27_29_30_34_36_42_46_54_56_60_64_68_80_84_90_92_104_112_118_130_159_169  2.75e+09  2.30e+09   5147.75  24032.58   9790.60    663.18     68.28     77.91    915.53   1999.34      0.00 0
104796 5626.0    3_4_10_12_18_22_25_26_34_38_50_54_60_71_72_76_84_86_96_100_122_126_134_147_155_179_188_210  1.23e+10  1.05e+10  21332.07   9404.11   9225.55    724.09     68.41     23.79   3511.89   1439.10      0.00 0
104797 5626.0    103_111_117_129_141_162_168_173_197_199_212_224_235_244  3.24e+09  2.71e+09  16405.61 -12020.28   8557.63    759.06     67.18    323.77   2903.31  -5069.48      0.00 0
104798 5626.0    11_15_16_19_23_24_31_32_37_47_48_51_57_61_69_70_73_81_85_93_97_105_119_123_135_144_150  1.23e+09  1.01e+09 -13217.92  18239.72   9487.38    662.41     67.16    125.93  -2730.04   1651.81      0.00 0
104799 5626.0    0_1_2_3_4_5_6_7_8_9_10_11_12_13_14_15_16_17_18_19_20_21_22_23_24_25_26_27_28_29_30_31_32_33_34_35_36_37_38_39_40_41_42_43_44_45_46_47_48_50_51_52_54_55_56_57_58_60_61_62_64_65_66_68_69_70_73_74_76_77_78_79_80_81_82_84_85_87_88_90_91_92_93_94_96_97_98_101_102_104_105_106_108_109_110_112_113_115_116_118_119_120_123_124_127_128_130_131_132_135_136_138_139_140_142_144_145_149_150_151_156_157_159_160_161_163_166_167_169_171_172_174_175_180_183_184_189_190_192_195_196_198_201_204_207_211_213_217_219_223_225_234_237_242_254_257_263_273_278_285  6.03e+10  5.14e+10  62704.12 116356.88  14755.95    728.48     83.63     61.68  -3439.11  -1872.27      0.00 0
