#event_number primary_type du_ids energy_primary em_energy Xmax_pos(x, y, z), Xmax_grams zenith azimuth shower_core_pos_x shower_core_pos_y shower_core_pos_z, N_tested_cores, units are degrees, GeV and meters
107400 5626.0    1_2_5_8_11_13_15_16_19_20_23_24_28_29_31_32_35_37_40_44_45_47_48_51_52_55_57_58_61_62_66_67_69_70_73_74_78_79_81_82_85_88_91_93_94_97_98_102_103_105_106_110_113_116_117_119_120_123_124_128_129_131_132_135_136_140_144_148_150_157_158_160_161_167_168_172_181_182_190_191_196_197_200_205_206_213_214_220_226_227_230_231_238_246_249_250_252_253_258_260_261_266_267_270_274_275_276_277_281_284_286_287_289_291_293_295_298  6.46e+08  5.05e+08 -26718.71  67380.66  13971.49    632.32     79.09    111.63    736.26  -8182.48      0.00 0
107401 5626.0    0_1_2_3_4_5_6_7_8_9_10_11_12_13_14_15_16_17_18_19_20_22_23_24_25_26_27_28_30_31_32_34_36_37_38_39_40_42_43_46_47_48_50_51_52_54_56_57_58_60_61_62_64_65_68_69_70_72_73_74_76_77_80_81_82_84_85_87_90_92_93_94_96_97_98_100_101_104_105_106_108_109_112_113_115_118_119_120_122_123_124_126_130_131_132_138_142_145_147_149_151_153_155_159_163_169_174_175_177_179_186_192_210  1.12e+08  8.38e+07  71477.88  44594.97  14552.23    620.38     80.20     31.96   3197.06   3772.59      0.00 0
107402 5626.0    257_260_263_266_269_273_275_276_277_278_280_283_285_286_287_288_289_290_291_292_293_294_295_296_297_298  1.17e+08  8.85e+07 -49100.07  13699.75  13116.73    580.08     75.57    164.41  -4013.84 -10333.84      0.00 0
107403 5626.0    0_1_2_5_7_8_9_11_13_15_16_19_20_23_24_28_29_31_32_35_37_39_40_44_45_47_48_51_52_55_57_58_61_62_66_67_69_70_73_74_78_79_81_82_85_88_91_93_97_102_103_105_116_117_119_123_129_135_148_150_158  2.19e+08  1.69e+08  17042.42 -31917.62  11630.89    604.05     72.18    298.10  -1402.19   -866.94      0.00 0
107404 5626.0    60_72_76_84_96_100_108_112_122_126_138_142_153_163_169_174_186  6.46e+08  5.19e+08   2108.60  25322.63  10081.16    637.73     68.36     85.24   3136.27   3903.57      0.00 0
107405 5626.0    0_1_2_3_4_5_6_7_8_9_10_11_12_13_14_16_17_18_20_21_22_25_26_27_28_29_30_33_34_35_36_38_40_41_42_44_45_46_49_50_53_54_55_56_59_60_63_64_66_67_68_71_72_75_76_78_79_80_83_84_88_89_90_91_96_102_103_104_108_112_116_117_118_122_130_138_142_153_159_163_169_174_192  1.86e+08  1.42e+08  15913.16  43959.62  12921.34    564.18     74.55     70.10   1581.31   1855.30      0.00 0
107406 5626.0    0_1_2_3_4_5_6_7_8_9_11_13_15_16_17_19_20_21_23_24_27_28_29_31_32_35_37_39_40_41_44_45_47_48_51_52_53_55_57_58_61_62_63_65_66_67_69_70_73_74_78_79_81_82_85_87_88_89_91_93_94_97_98_102_103_105_106_109_110_111_113_116_117_119_120_123_128_129_131_135_136_139_140_141_144_148_150_157_158_160_167_168_173_181_182_190_191_197_200_205_206_212_214_220_226_227_231_235_238_243_246_249_250_253_255_258_260_261_264_267_270_271_274_275_277_279_281_284_287_289_291_295  1.48e+08  1.10e+08  36189.97 -74829.23  14910.93    572.29     79.83    295.81   2069.16  -8535.15      0.00 0
107407 5626.0    0_1_2_3_4_5_6_7_8_9_10_11_12_13_15_16_17_18_20_21_23_24_25_26_28_29_31_32_33_35_37_38_40_41_44_45_47_48_49_50_52_53_55_58_59_62_63_66_67_69_70_71_72_73_74_75_78_79_82_83_85_86_88_89_91_94_95_97_98_99_102_103_106_107_110_111_113_114_116_117_120_121_124_125_128_129_131_132_133_136_137_140_141_143_145_146_148_151_152_154_157_158_161_162_164_167_168_170_172_173_175_176_178_181_182_184_185_187_190_191_193_196_197_198_199_200_202_203_205_206_208_209_211_212_213_214_215_217_218_219_220_221_223_224_228_229_232_233_234_235_236_239_241_244_245_247_248_251_256_262_265_268_282  7.41e+08  5.89e+08 -147316.45   2159.93  15381.26    656.28     84.04    179.16  -1235.85  -3264.68      0.00 0
107408 5626.0    55_62_66_78_79_88_89_91_102_103_106_110_111_116_117_120_124_128_129_136_137_140_141_145_148_151_152_157_158_161_162_167_168_172_173_175_176_181_182_184_185_190_191_196_197_198_199_200_203_205_206_211_212_213_214_217_218_220_223_224_227_228_231_233_235_238_241_243_244_245_248_251_255_256_258_259_262_264_265_268_271_272_282  2.09e+08  1.60e+08  76898.98 -21022.76  14344.04    624.72     79.80    344.71   5240.26  -6423.04      0.00 0
107409 5626.0    3_5_9_12_13_17_21_25_26_28_29_33_35_38_40_41_44_45_49_50_53_55_59_63_66_67_71_72_75_78_79_83_86_88_89_99_100_114_134  3.02e+08  2.37e+08 -21157.38 -13113.02  10183.38    612.77     67.75    211.79   1472.13  -1110.99      0.00 0
107410 5626.0    128_136_140_145_151_157_161_167_172_175_181_182_184_190_196_198_200_205_206_211_213_217_219_223_226_227_230_231_234_237_242_246_249_250_252_253_257_258_260_261_266_267_270_274_275_277_281_284_289_291  1.15e+08  8.53e+07 -41908.68  35377.98  13521.91    564.40     76.15    139.83  -2215.99  -6501.79      0.00 0
107411 5626.0    0_1_2_3_4_5_6_7_8_9_10_11_12_13_14_15_16_17_18_19_20_21_22_23_24_25_26_27_28_29_30_31_32_33_34_35_36_37_38_39_40_41_43_44_45_46_47_48_49_51_52_53_55_56_57_58_59_61_62_63_65_66_67_69_70_73_74_75_77_78_79_81_82_83_85_87_88_89_91_93_94_95_97_98_101_102_103_105_106_107_109_110_111_113_116_117_119_120_121_123_124_127_128_129_131_132_135_136_137_139_140_141_144_145_148_150_151_152_157_158_160_161_162_166_167_168_171_172_173_175_181_182_184_185_190_191_196_197_198_199_200_203_205_206_211_212_213_214_217_218_219_220_223_224_226_227_230_231_233_234_235_237_238_241_242_243_244_246_249_250_251_252_253_255_256_257_258_259_260_261_264_266_267_268_269_270_271_272_274_275_276_277_279_280_281_284_286_287_288_289_291_293_295_298  2.63e+08  1.99e+08 -126722.12 160170.47  15392.55    607.58     85.69    128.35   3879.85 -10042.99      0.00 0
107412 5626.0    128_136_140_148_151_157_161_167_172_175_181_182_184_190_191_196_198_200_205_206_213_214_227_231  1.32e+08  1.02e+08 -25252.97  14620.97  10609.20    634.20     70.02    149.93  -1704.22  -5369.66      0.00 0
107413 5626.0    91_116_117_129_148_158_168_182_191_197_206_214_220_238  5.75e+08  4.63e+08  11060.43 -16647.29   8986.54    676.03     65.79    303.60   1193.90  -5612.40      0.00 0
107414 5626.0    0_1_2_3_4_5_6_7_8_9_10_11_12_13_14_15_16_17_18_19_20_21_22_23_24_25_26_27_28_29_30_31_32_33_34_35_36_38_39_40_41_42_43_44_45_46_47_49_50_51_53_54_55_56_57_59_60_61_63_64_65_67_68_71_72_75_76_77_78_79_80_81_83_84_86_87_89_90_91_92_95_99_101_103_104_105_107_108_109_111_112_115_117_118_121_125_127_129_130_135_137_139_141_146_149_152_156_158_159_162_166_168_171_173_176_180_183_185_189_191_195_197_199_201_203_204_212_214_218_220_224_235_238_241_243_244_255_256_258_259_264_271_272_274_279  2.19e+08  1.70e+08 -28566.89  64525.65  13959.74    622.07     78.81    113.88   1987.48  -2404.83      0.00 0
107415 5626.0    0_1_2_3_4_5_6_7_8_9_10_11_12_13_14_15_16_17_18_19_20_21_22_23_24_25_26_27_28_29_30_31_32_33_34_35_36_37_38_39_40_41_42_43_44_45_46_47_48_49_50_51_52_53_54_55_56_57_58_59_60_61_62_63_64_65_66_67_68_69_70_71_72_73_74_75_76_77_78_79_80_81_82_83_84_85_86_87_88_89_91_93_94_95_96_97_98_99_100_102_103_105_106_107_109_110_111_113_114_117_119_120_121_123_124_125_126_129_131_132_133_134_135_137_141_143_144_145_146_150_152_154_162_164_165_170_176_178_185_187_193_194_199_202_203_208_209_215_218_221_228_229_232_233_236_239_245_247_248_251_262_265  3.16e+08  2.44e+08 103321.55 -31746.39  15190.88    625.05     82.00    342.92   2968.07  -1497.30      0.00 0
107416 5626.0    114_134_143_165_170_188_194_208_216_222_240  1.78e+08  1.36e+08 -20007.04  -6454.39   9567.16    615.34     65.53    197.88   6437.36    968.74      0.00 0
107417 5626.0    0_2_3_4_5_6_8_9_10_12_13_16_17_18_20_21_22_25_26_28_29_32_33_34_35_38_40_41_44_45_49_50_52_53_54_55_59_60_62_63_64_66_67_71_72_75_76_78_79_82_83_84_86_88_89_91_95_96_99_100_102_103_106_107_108_110_111_114_116_117_121_122_125_126_128_129_133_134_136_137_138_140_141_143_146_147_148_151_152_153_154_155_157_158_161_162_164_165_167_168_170_172_173_176_177_178_179_181_182_184_185_186_187_188_190_191_193_194_196_197_198_199_200_205_206_208_210_211_213_214_216_217_219_221_222_223_226_227_230_231_234_236_237_240_242_246_249_252_254_257_260_263_266_269_273_276_278_280_283_285_288_290_292  4.90e+08  3.80e+08 -78686.17 -86142.16  15235.67    639.30     82.56    227.59  -3245.75  -7975.82      0.00 0
107418 5626.0    137_141_152_162_173_176_185_199_202_203_218_228_229_245_247  1.66e+08  1.28e+08  23434.83   3951.09  10146.68    595.18     66.88      9.57   5181.22  -3954.64      0.00 0
107419 5626.0    94_98_106_110_113_120_124_131_132_136_140_145_151_161_167_172_175_184_190_196_198_205_211_213_217_219_223_230_234_237_242_249_252_254_257_260_263_266_269_273_276_278_280_283_285_286_288_290_292_293_294_296_297  4.79e+08  3.81e+08 -19412.25  54008.31  12954.69    658.51     77.28    109.77  -4149.88  -4400.95      0.00 0
107420 5626.0    4_10_12_14_18_22_26_27_30_34_36_38_39_42_43_46_50_54_56_60_64_65_68_77_80_84_87_90_92_101_109_115_127_139_166  3.47e+08  2.74e+08 -16687.72  17895.39  10075.34    619.25     67.62    133.00   -161.42   2526.09      0.00 0
107421 5626.0    0_1_2_3_4_5_6_7_8_9_10_11_12_13_14_15_16_17_18_19_20_21_22_23_24_25_26_27_28_29_30_31_32_33_34_35_36_37_38_39_40_41_42_43_44_45_46_47_48_49_50_51_52_53_54_55_57_58_59_60_61_62_63_66_67_69_70_71_72_73_74_75_76_78_79_81_82_83_84_85_86_89_93_94_95_96_97_98_99_100_107_113_114_121_123_125_131_132_133_134_137_143_146_152_154_164_165_170_176_178_187_193_194_202_208_209_215_221_222_229_232_236_239_247  5.62e+08  4.40e+08  67075.06 -11104.21  13671.74    642.92     78.63    350.60   4314.32  -1052.31      0.00 0
107422 5626.0    246_250_253_260_261_266_267_269_270_273_274_275_276_277_279_280_281_283_284_285_286_287_288_289_290_291_292  1.55e+08  1.20e+08  32169.56   4258.06  11179.81    609.69     70.99      7.54    -65.48 -10234.74      0.00 0
107423 5626.0    88_91_94_102_106_110_116_117_120_124_128_129_132_136_140_145_148_151_157_158_161_167_168_172_173_175_181_182_184_190_191_196_197_198_199_200_205_206_211_212_213_214_217_219_220_223_224_226_227_230_231_234_235_237_238_241_242_243_244_246_249_250_252_253_254_255_256_257_258_259_260_261_263_264_266_267_268_269_270_271_272_273_274_275_276_277_278_279_280_281_283_284_285_286_287_288_289_290_291_292_293_294_295_296_297_298  1.00e+09  7.92e+08 -150305.30  80087.08  15319.66    659.37     84.86    151.95  -3792.20  -6106.39      0.00 0
107424 5626.0    158_162_168_173_181_182_191_197_199_200_205_206_212_213_214_220_226_227_230_231_237_238_246_249_250_252_257_260_261_263_266_269_273_276_278_280_283_285_290_292  3.80e+08  3.03e+08  33055.32  22726.79  11586.00    664.09     73.89     34.51   -922.93  -8312.39      0.00 0
107425 5626.0    181_182_190_196_200_205_206_213_214_219_220_226_227_230_231_234_235_237_238_242_243_244_246_249_250_252_253_255_257_258_259_260_261_264_266_267_270_271_272_274_277_279_281_284  2.09e+08  1.59e+08  56378.99 -12406.04  13147.23    635.16     77.17    347.59   5251.86  -9141.44      0.00 0
107426 5626.0    129_141_148_157_158_162_167_168_172_173_181_182_185_190_191_196_197_198_199_200_203_205_206_211_212_213_214_217_218_219_220_223_224_226_227_228_230_231_233_234_235_237_238_241_242_243_244_245_246_248_249_250_251_252_253_254_255_256_257_258_259_260_261_262_263_264_265_266_267_268_269_270_271_272_273_274_275_276_277_278_279_280_281_282_283_284_285_286_287_288_289_290_291_292_293_294_295_296_297_298  2.95e+08  2.26e+08 -247037.20 -18878.37  14372.39    615.48     86.68    184.37   5476.53  -9580.04      0.00 0
107427 5626.0    50_60_64_71_72_75_76_84_86_90_95_96_99_100_108_112_114_121_122_125_126_130_133_134_138_142_143_146_147_152_153_154_155_159_162_163_164_165_169_170_174_176_177_178_179_183_185_186_187_188_192_193_194_199_202_203_207_208_209_210_215_216_218_221_222_224_228_229_232_233_236_239_240_241_244_245_247_248_251_256_259_262_265_268_271_272_282  9.55e+08  7.57e+08 -27110.92  88510.02  14578.69    652.58     81.05    107.03   5239.43    512.83      0.00 0
107428 5626.0    0_1_2_3_4_5_6_7_8_9_10_11_12_13_14_15_16_17_18_19_20_21_23_24_25_26_27_28_29_31_32_33_35_37_38_39_40_41_44_45_47_48_49_51_52_53_55_57_58_59_62_63_66_67_69_70_71_73_74_75_78_79_81_82_83_85_88_89_91_93_94_95_97_98_99_102_103_106_107_111_113_117_119_121_123_124_125_129_131_132_137_141_144_146_152_154_162_173_176_178_185_199_202_203_209_218_228_229_233_245_247_248_251_262_265  1.91e+08  1.45e+08  60027.07 -26826.27  13783.54    613.14     78.16    335.92   -799.09  -1071.58      0.00 0
107429 5626.0    220_224_231_235_238_241_243_244_246_250_251_253_255_256_258_259_261_264_265_267_268_270_271_272_274  2.24e+08  1.73e+08 -27291.35 -11668.91  10985.35    591.43     69.69    203.15   3703.53  -7898.48      0.00 0
107430 5626.0    0_1_2_3_4_5_6_7_8_9_10_11_12_13_14_15_16_17_18_19_20_21_22_23_24_25_26_27_28_29_30_31_32_33_34_35_36_37_38_39_40_41_42_43_44_45_46_47_48_49_50_51_53_54_55_56_57_59_60_61_63_64_65_67_68_69_70_71_72_73_75_76_77_79_80_81_83_84_86_87_89_90_92_93_95_97_99_100_101_103_105_107_109_111_114_119_121_123_125_127_133_135_137_139_141_143_144_146_150_152_154_160_162_164_173_176_178_185_187_199_202_203_209_215_218_224_228_229_232_233_241_244_245_247_248_251_256_262_265_268_272_282  1.10e+08  8.13e+07  63787.38 -51359.73  14631.82    599.66     79.87    321.16   6253.17  -4372.95      0.00 0
107431 5626.0    140_151_161_167_172_175_181_184_190_196_198_200_205_206_211_213_217_219_223_226_227_230_231_234_237_242_246_249_250_252_253_254_257_258_260_261_263_266_267_269_270_273_274_275_276_277_278_280_281_283_284_286_287_288_289_291_293_294_295_298  1.32e+08  9.92e+07 -63534.85  45018.48  14417.82    605.97     79.51    144.68  -1875.15  -8151.91      0.00 0
107432 5626.0    283_285_288_290_292_294_296  5.01e+08  3.98e+08 -22094.06   3832.19   9782.80    616.79     66.43    170.16  -3733.96 -11213.98      0.00 0
107433 5626.0    122_126_134_138_142_143_147_153_155_163_165_169_170_174_177_179_186_188_192_193_194_207_208_210_215_216_221_222_232_236_239_240_247  2.09e+08  1.60e+08  33247.27 -47943.60  13437.50    602.53     77.03    304.74   5930.53   2521.82      0.00 0
107434 5626.0    0_1_2_3_4_5_6_7_8_9_10_11_12_13_14_15_16_17_18_19_20_21_22_23_24_25_26_27_28_29_30_31_32_33_34_35_36_37_38_39_40_41_42_43_44_45_46_47_48_49_50_51_52_53_54_55_56_57_58_59_60_61_62_63_64_65_66_67_68_69_70_71_72_73_74_75_76_77_78_79_80_81_82_83_84_85_86_87_88_89_90_91_92_93_94_95_96_97_98_99_100_101_102_103_104_105_106_107_108_109_110_111_112_113_114_115_116_117_118_119_120_121_122_123_124_125_126_127_128_129_130_131_132_133_134_135_136_137_138_139_140_141_142_143_144_145_146_147_148_149_150_151_152_153_154_155_156_157_158_159_160_161_162_163_164_165_166_167_168_169_170_171_172_173_174_175_176_177_178_179_180_181_182_183_184_185_186_187_188_189_190_191_192_193_194_195_196_197_198_199_200_201_202_203_204_205_206_208_209_210_211_212_213_214_215_216_217_218_219_220_221_222_223_224_226_227_228_229_230_231_232_233_234_235_236_237_238_239_240_241_242_243_244_245_246_247_248_249_250_251_252_253_254_255_256_257_258_259_260_261_262_263_264_265_266_267_268_269_270_271_272_273_274_275_276_277_278_279_280_281_282_283_284_285_286_287_288_289_290_291_292_293_294_295_296_297_298  1.05e+08  7.61e+07 281480.28 -156284.09  12030.67    580.83     87.86    330.96   4543.61  -5967.95      0.00 0
107435 5626.0    202_203_218_224_228_233_241_244_248_251_255_256_259_264_268_271_272_279  9.55e+08  7.73e+08  -3627.52 -30421.30  10794.94    633.31     70.59    263.20   5485.30  -7857.32      0.00 0
107436 5626.0    0_1_2_3_4_5_6_7_8_9_10_11_12_13_14_15_16_17_18_19_20_21_22_23_24_25_26_27_28_29_30_31_32_33_34_35_36_37_38_39_40_41_42_43_44_45_46_47_48_49_50_51_52_53_54_55_56_57_58_59_60_61_62_63_64_65_66_67_68_69_70_71_72_73_74_75_76_77_78_79_80_81_82_83_84_85_86_87_88_89_90_91_92_93_94_95_96_97_98_99_100_101_102_103_104_105_106_107_108_109_110_111_112_113_114_115_116_117_118_119_120_121_122_123_125_126_127_128_129_130_131_133_134_135_136_137_138_139_140_141_142_143_144_146_147_148_149_150_152_153_154_155_156_157_158_159_160_162_163_164_165_166_167_168_169_170_171_172_173_174_176_177_178_179_180_181_182_183_185_186_187_188_189_190_191_192_193_194_195_196_197_199_200_201_202_203_204_205_206_207_208_209_210_212_213_214_215_218_220_224_225_226_227_228_229_230_231_232_233_235_238_241_243_244_245_246_247_248_249_250_251_252_253_255_256_258_259_260_261_262_264_265_266_267_268_270_271_272_274_275_276_277_279_281_282_284_286_287_288_289_291_293_294_295_297_298  2.51e+08  1.88e+08  62660.66 -243870.41  14430.03    597.10     86.72    284.41    929.33   1827.02      0.00 0
107437 5626.0    200_206_214_220_226_227_231_235_238_243_244_246_250_253_255_256_258_259_264_268_271_272  1.51e+08  1.17e+08  30743.72    708.41  10787.24    636.36     70.67      1.32   3725.28  -7795.76      0.00 0
107438 5626.0    214_220_224_227_231_233_235_238_241_243_244_245_246_248_249_250_251_253_255_256_258_259_260_261_262_264_265_266_267_268_269_270_271_272_274_275_276_277_279_280_281_282_283_284_285_286_287_288_289_290_291_292_293_294_295_296_297_298  6.17e+08  4.86e+08 -109452.59 -62278.83  15194.68    660.85     83.12    209.64   3502.66 -10459.33      0.00 0
107439 5626.0    33_38_49_50_59_71_72_75_76_86_96_99_100_114_126_134_147_155_179  3.63e+08  2.90e+08  14006.59  15887.36   9416.66    640.75     66.03     48.60   3720.36    918.95      0.00 0
107440 5626.0    0_1_2_3_4_5_6_7_8_9_10_11_12_13_14_15_16_17_18_19_20_21_22_23_24_25_26_27_28_29_30_31_32_33_34_35_36_38_39_40_41_42_43_44_45_46_48_49_50_51_52_53_54_55_56_58_59_60_61_62_63_64_65_66_67_68_71_72_75_76_77_78_79_80_82_83_84_86_87_88_89_90_91_92_95_96_99_100_101_102_103_104_107_108_110_111_112_114_115_116_117_118_121_122_125_126_127_128_129_130_133_134_137_138_141_142_143_146_147_148_149_152_153_154_155_156_157_158_159_162_163_164_165_167_168_169_173_174_176_177_178_179_180_181_182_183_185_186_189_190_191_192_197_199_200_201_204_205_206_207_212_213_214_218_220_224_225_226_227_230_231_235_238_243_244_246_249_250_252_253_255_258_260_261_264_266_267_270_274_275_276_277_279_280_281_284_286_287_288_289_291_293_294_295_296_297_298  2.57e+08  1.97e+08   8261.97 128108.80  15126.03    673.25     83.28     86.31   2018.04   2112.13      0.00 0
107441 5626.0    260_261_266_267_270_274_275_276_277_280_281_283_284_286_287_288_289_290_292  3.72e+08  2.95e+08  27615.90   5643.62  10605.90    616.83     69.38     11.55   -103.98 -10444.17      0.00 0
107442 5626.0    2_5_8_11_13_16_20_23_24_28_32_37_40_48_52_58_69_70_74_82_85_94_98_113_124_132  1.20e+08  9.11e+07  22410.45   -395.09   9853.03    606.82     66.27    358.99  -2720.35   -685.06      0.00 0
107443 5626.0    103_111_116_117_129_137_141_148_152_158_162_168_173_185  1.58e+08  1.23e+08 -20234.21  -4630.54   9538.51    613.16     65.32    192.89   1822.39  -4405.00      0.00 0
107444 5626.0    40_44_52_55_58_62_66_78_79_82_88_91_94_98_102_103_106_110_111_116_117_120_124_128_129_136_140_141_148_157_158_162_167_168_173_181_182_191_197_199_200_206_212_214_218_220_224_231_235_238_241_243_244_253_255_256_258_259_264_268_271_272_274_279  8.91e+08  7.12e+08  48885.59 -34882.63  12699.36    719.58     78.06    324.49   4799.45  -7873.51      0.00 0
107445 5626.0    4_6_10_12_14_17_18_22_25_26_27_30_33_34_36_38_42_43_46_49_50_54_56_59_60_64_65_68_71_72_75_76_77_80_84_86_87_90_92_95_96_99_100_101_104_108_109_112_114_115_118_121_122_125_126_127_130_133_134_138_139_142_143_146_149_152_154_156_159_164_165_166_169_170_171_176_178_180_183_187_189_193_195_201_202_203_204_209_215_225_228_229_232_233_245_247_248_262_265  2.00e+08  1.55e+08 -36619.50  43564.16  13149.32    627.95     76.99    130.05   1581.92   2240.72      0.00 0
107446 5626.0    0_1_3_4_5_6_7_9_10_12_14_17_18_21_22_25_26_27_29_30_33_34_36_42_43_46_54_56_64_68_77_80_90_92_104_115_118  8.13e+08  6.58e+08   4431.40 -22400.73   9486.53    669.94     67.44    281.19    424.83   1638.23      0.00 0
107447 5626.0    63_75_83_89_95_99_103_107_111_114_121_125_133_137_143_154_164  4.79e+08  3.83e+08  16001.09  13695.22   9166.62    675.94     66.48     40.56   3301.57  -1795.46      0.00 0
107448 5626.0    0_1_2_3_4_5_6_7_8_9_10_11_12_13_14_15_16_17_18_19_20_21_22_23_24_25_26_27_28_29_30_31_32_33_34_35_36_37_38_39_40_41_42_43_44_45_46_47_49_50_51_52_53_54_55_56_57_59_60_61_63_64_65_66_67_68_71_72_75_76_77_78_79_80_81_83_84_86_87_89_90_91_92_95_96_99_100_101_103_104_105_107_108_109_111_112_114_115_116_117_118_121_122_125_126_127_129_130_133_134_135_137_138_139_141_142_143_146_148_149_152_154_156_158_159_162_166_168_169_171_173_176_178_180_182_183_185_189_191_192_195_197_199_201_202_203_204_206_207_212_214_218_220_224_225_228_231_233_235_238_241_243_244_250_251_253_255_256_258_259_264_267_268_270_271_272_274_279_281_284_291  3.09e+08  2.38e+08 -36460.45 102562.73  15143.01    632.94     82.08    109.57   3478.79  -5683.11      0.00 0
107449 5626.0    37_48_52_58_62_69_70_73_74_82_85_88_93_94_97_98_102_106_110_113_119_120_123_124_128_131_132_136_140_144_145_151_157_161_167_172_181_190_196_205_211_213_219_226_230_237_249_252  7.94e+08  6.41e+08 -10510.23  36750.35  11387.72    666.68     73.41    105.96  -2747.60  -3069.09      0.00 0
107450 5626.0    19_27_30_31_36_39_42_43_46_51_56_57_61_64_65_68_73_77_80_81_87_90_92_93_97_101_104_105_108_109_112_115_118_119_123_127_130_131_135_138_139_142_144_150_153_163  3.89e+08  3.05e+08 -40241.42  -9631.40  12319.58    580.93     73.42    193.46  -1835.32   2653.19      0.00 0
107451 5626.0    0_1_2_3_4_5_6_7_8_9_10_11_12_13_14_15_16_17_18_19_20_21_22_23_24_25_26_27_28_29_30_31_32_33_34_35_36_37_38_39_40_41_42_43_44_45_46_47_48_49_50_51_52_53_54_55_56_57_58_59_60_61_62_63_64_65_66_67_68_69_70_71_72_73_74_75_76_77_78_79_80_81_83_84_85_86_87_89_90_91_92_93_95_96_97_99_100_101_103_104_105_107_108_109_111_112_114_115_118_119_121_122_123_125_126_127_129_130_133_134_135_137_139_141_143_144_146_149_150_152_154_156_160_162_164_166_168_170_171_173_176_178_180_185_187_189_193_195_197_199_202_203_204_209_212_215_218_224_228_229_232_233_235_241_244_245_247_248_251_255_256_259_262_265_268_271_272_282  2.45e+08  1.88e+08  80641.62 -82004.23  15366.32    619.80     82.39    314.52   4276.46  -3056.58      0.00 0
107452 5626.0    0_3_4_5_6_9_10_12_13_17_18_21_22_25_26_29_30_33_34_38_42_46_50_54_60_64_68_76_84_90_96_108_112_138  5.75e+08  4.61e+08  10670.45  19975.58   9631.71    643.56     66.96     61.89   1519.27   1327.26      0.00 0
107453 5626.0    0_1_2_3_4_5_6_7_8_9_11_12_13_15_16_17_19_20_21_23_24_25_27_28_29_31_32_33_35_37_39_40_41_44_45_47_48_49_51_52_53_55_57_58_59_61_62_63_66_67_69_70_73_74_78_79_81_82_83_85_88_89_91_93_94_95_97_98_102_103_105_106_107_110_111_113_116_117_119_120_121_123_124_128_129_131_132_135_136_137_140_141_144_145_148_150_151_152_157_158_161_162_167_168_172_173_175_176_181_182_184_185_190_191_196_197_198_199_200_203_205_206_212_213_214_218_220_224_226_227_231_233_235_238_241_243_244_246_248_250_251_253_255_256_258_259_264_265_267_268_270_271_272_274_279_282_284  3.55e+08  2.74e+08  99851.12 -81233.64  15212.38    662.54     83.26    320.87  -1998.09  -2228.60      0.00 0
107454 5626.0    0_1_2_3_4_5_6_7_8_9_10_11_13_14_15_16_19_20_23_24_27_28_29_30_31_32_35_36_37_39_40_43_44_45_46_47_48_51_52_55_56_57_58_61_62_65_66_69_70_73_74_77_78_79_80_81_82_85_87_88_91_92_93_94_97_98_101_102_105_106_109_110_113_115_116_118_119_120_123_124_127_128_131_132_135_136_139_140_144_145_148_149_150_151_156_157_160_161_166_167_171_172_175_180_181_183_184_189_190_195_196_198_200_201_204_205_211_213_217_219_223_225_226_230_234_237_242_246_249_252_254_257_260_263_266_269_273_275_276_278_280_283_285_286_288_290_292_294_296_297  1.20e+08  9.10e+07   4440.31 150495.25  15718.31    616.39     84.04     88.31  -3509.94   1384.05      0.00 0
107455 5626.0    85_94_97_98_106_113_120_123_124_131_132_136_140_145_151_161_172_175_184_196_198_211_217_219_223_234_237_242_254_257_263_269_273_278_283_285_290_292  4.17e+08  3.28e+08   1649.59 -51913.66  12767.26    633.97     76.19    271.82  -4297.35  -6450.73      0.00 0
107456 5626.0    10_14_18_22_27_30_34_36_39_42_43_46_50_54_56_60_61_64_65_68_72_76_77_80_84_86_87_90_92_96_100_101_104_105_108_109_112_114_115_118_122_126_127_130_134_135_138_139_142_143_147_149_150_153_155_156_159_160_165_166_170_171_179_188_189_193_194_195_208_221_222_236  4.79e+08  3.75e+08  47874.88 -21747.23  12983.70    611.42     76.13    335.57    187.42   3255.19      0.00 0
107457 5626.0    15_19_23_24_31_32_37_39_47_48_51_52_57_58_61_62_65_69_70_73_74_81_82_85_87_93_94_97_98_105_106_109_110_113_119_120_123_124_127_132_135_136_139_140_145_151_161_166_172  8.91e+08  7.15e+08  -3610.13 -34175.89  11066.82    655.52     72.15    263.97  -2729.77    238.86      0.00 0
107458 5626.0    0_1_2_3_4_5_6_7_8_9_10_11_12_13_14_15_16_17_18_19_20_21_22_23_24_25_26_27_28_29_30_31_32_33_34_35_36_37_38_39_40_41_42_43_44_45_46_47_48_49_50_51_52_53_54_55_56_57_59_60_61_63_64_65_67_68_69_70_71_72_73_75_76_77_78_79_80_81_83_84_86_87_89_90_92_93_95_96_97_99_100_101_103_104_105_107_108_109_111_112_114_115_118_119_121_122_123_125_126_127_129_130_133_134_135_137_138_139_141_142_143_144_146_147_149_150_152_153_154_155_156_159_160_162_163_164_165_166_168_169_170_171_173_174_176_178_179_180_183_185_187_188_189_192_193_194_195_197_199_201_202_203_204_207_208_209_212_215_218_221_224_225_228_229_232_233_235_239_241_244_245_247_248_251_255_256_259_262_265_268_271_272_282  1.70e+08  1.28e+08 -88648.64 103537.81  15096.21    686.22     83.68    130.57    867.13   1850.13      0.00 0
107459 5626.0    258_259_264_270_271_272_274_279_284  5.50e+08  4.41e+08  25462.61   5129.54  10210.55    630.53     68.54     11.39   5665.91  -9095.11      0.00 0
107460 5626.0    0_1_2_3_4_5_6_7_8_9_10_11_12_13_14_15_16_17_18_19_20_21_22_23_24_25_26_27_28_29_30_31_32_33_34_35_36_37_38_39_40_41_42_43_44_45_46_47_48_49_50_51_52_53_54_55_56_57_58_59_60_61_62_63_64_65_66_67_68_69_70_71_72_73_74_75_76_77_78_79_80_81_82_83_84_85_86_87_88_89_90_92_93_94_95_96_97_98_99_100_101_104_105_106_107_108_109_112_113_114_115_118_119_121_122_123_124_125_126_127_130_131_132_133_134_135_138_139_142_143_144_146_147_150_153_154_155_156_160_163_164_165_166_170_171_176_177_178_179_186_187_188_193_194_202_208_209_210_215_216_221_222_229_232_236_239_240_247  3.72e+08  2.86e+08 -138270.45  15851.72  15512.73    635.69     83.64    173.46  -1211.57   1206.09      0.00 0
107461 5626.0    0_1_2_3_5_6_7_8_9_11_13_15_16_17_19_20_21_23_24_28_29_31_32_33_35_37_40_41_44_45_47_48_51_52_53_55_57_58_59_62_63_66_67_69_70_73_74_78_79_81_82_83_85_88_89_91_93_94_95_97_98_102_103_106_107_110_111_113_116_117_119_120_121_123_124_128_129_131_132_136_137_140_141_144_145_148_150_151_152_157_158_161_162_167_168_172_173_175_176_181_182_184_185_190_191_196_197_198_199_200_203_205_206_211_212_213_214_217_218_219_220_223_224_226_227_230_231_233_234_235_237_238_241_242_243_244_246_248_249_250_251_252_253_255_256_258_259_260_261_264_265_267_268_270_271_272_274_275_277_279_281_282_284_289_291  6.46e+08  5.05e+08 -130663.16 101572.09  15673.35    619.71     84.59    142.14   1012.14  -5714.81      0.00 0
107462 5626.0    33_38_41_49_53_59_63_67_71_72_75_76_83_86_89_95_99_103_107_111_117_121_125_129_137_141_158_162_168_173_182_191_197_206_212_214_220_227_231_238_250_253_267  1.05e+08  7.85e+07  -4750.76 -36528.93  11883.69    580.21     72.12    262.59   2173.02  -4464.32      0.00 0
107463 5626.0    111_129_141_162_168_173_197_199_212_220_224_235_241_243_244_255_256_259_264_271_272  6.46e+08  5.17e+08  20366.49 -23453.76  10859.65    631.41     70.73    310.97   4796.90  -7236.10      0.00 0
107464 5626.0    0_1_2_3_4_5_6_7_8_9_10_11_12_13_14_15_16_17_18_19_20_21_22_23_24_25_26_27_28_29_30_31_32_33_34_35_36_37_38_39_40_41_42_43_44_45_46_47_48_49_50_51_52_53_54_55_56_58_59_60_62_63_64_66_67_68_69_70_71_72_74_75_76_78_79_80_82_83_84_86_88_89_90_91_94_96_98_100_102_103_104_106_108_110_112_116_120_122_124_126_128_130_136_138_140_142_145_147_151_153_155_157_161_163_167_172_174_175_177_179_184_186_190_196_198_211_217_219_223_234_242_254  1.00e+09  8.10e+08  45394.93  51183.49  13720.10    639.37     78.66     48.43  -1283.96  -2145.78      0.00 0
107465 5626.0    0_1_2_3_4_5_6_7_8_9_10_11_12_13_14_15_16_17_18_19_20_21_22_23_24_25_26_27_28_29_30_31_32_33_34_35_36_38_39_40_41_42_43_44_45_46_48_49_50_52_53_54_55_56_58_59_60_62_63_64_66_67_68_71_72_75_76_77_78_79_80_82_83_84_86_88_89_90_91_92_95_96_99_100_102_103_104_106_107_108_110_111_112_114_116_117_118_121_122_125_126_128_129_130_133_134_136_137_138_140_141_142_143_146_147_148_152_153_154_155_157_158_159_161_162_163_164_165_167_168_169_170_172_173_174_176_177_178_179_181_182_185_186_187_188_190_191_192_193_194_196_197_198_199_200_202_203_205_206_208_209_210_211_212_213_214_215_216_218_219_220_221_222_223_224_226_227_228_229_230_231_232_233_234_235_236_237_238_239_240_241_242_243_244_245_246_247_248_249_250_251_252_253_254_255_256_257_258_259_260_261_262_263_264_265_266_267_268_269_270_271_272_273_274_275_276_277_278_279_280_281_283_284_285_286_287_288_289_290_291_292_293_294_295_296_297_298  2.45e+08  1.84e+08 -103864.45 -234715.19  14170.28    609.81     86.84    246.13   6059.78   4175.84      0.00 0
107466 5626.0    0_1_4_6_7_10_12_14_15_18_19_22_25_26_27_30_31_34_36_38_39_42_43_46_49_50_51_54_56_57_60_61_64_65_68_71_72_75_76_77_80_81_84_86_87_90_92_93_96_99_100_101_104_105_108_109_112_114_115_118_119_122_123_126_127_130_133_134_135_138_139_142_143_144_147_149_150_153_154_155_156_159_160_164_165_166_170_171_177_179_187_188_193_194_195_208_210_215_216_221_222_236_239_240  3.63e+08  2.82e+08 -65673.70  23191.80  13689.72    651.65     78.88    160.55   1564.54   2200.94      0.00 0
107467 5626.0    181_182_191_200_206_214_227_231_238_243_250_253_258_264_270_274  1.02e+08  7.69e+07  20798.51 -15587.60  10787.24    554.61     67.46    323.15   1785.96  -7732.08      0.00 0
107468 5626.0    0_1_2_3_4_5_6_7_8_9_10_11_12_13_14_15_16_17_18_19_20_21_22_23_24_25_26_27_28_29_30_31_32_33_34_35_36_37_38_39_40_41_42_43_44_45_46_47_48_49_50_51_52_53_54_55_56_57_58_59_60_61_62_63_64_65_66_67_68_69_70_71_72_73_74_75_76_77_78_79_80_81_82_83_84_85_86_87_88_89_90_91_92_93_94_95_96_97_98_99_100_101_102_103_104_105_106_107_108_109_110_111_112_113_114_115_116_117_118_119_120_121_122_123_124_125_126_127_128_129_130_131_132_133_134_135_136_137_138_139_140_141_142_143_144_145_146_147_149_150_151_152_153_154_155_156_157_159_160_161_162_163_164_165_167_169_170_172_174_175_176_177_178_179_184_186_187_188_193_194_198_202_208_209_210_215_216_217_221_222_229_232_236_239_240_247  6.92e+08  5.46e+08 -210436.50 -37408.67  14720.95    666.45     86.06    190.08  -4260.75   -623.72      0.00 0
107469 5626.0    17_21_25_26_29_33_35_38_41_45_49_50_53_55_59_63_67_71_72_75_76_78_79_83_86_89_91_95_96_99_100_102_103_107_111_114_116_117_121_122_125_126_128_129_133_134_137_141_143_146_147_148_152_153_154_155_157_158_162_164_165_167_168_170_173_176_177_178_179_181_182_185_187_188_190_191_193_194_196_197_199_200_202_203_205_206_208_209_210_212_213_214_215_216_218_219_220_221_222_224_226_227_230_231_236_237_238_240_242_246_249_250_252_253_257_260_261_263_266_267_269_273_275_276_278_280_283_285_286_288_290_292_294_296  1.91e+08  1.45e+08  60727.85  79601.36  15356.46    583.11     81.28     52.66   5186.10    -28.94      0.00 0
107470 5626.0    121_125_133_137_141_143_146_152_154_162_164_165_168_170_173_176_178_185_187_191_193_194_197_199_202_203_206_208_209_212_214_215_216_218_220_221_222_224_227_228_229_231_232_233_235_236_238_239_240_241_243_244_245_246_247_248_250_251_253_255_256_258_259_260_261_264_267_270_271_274_275_276_277_279_281_284_286_287_288_289_291_293_294_295_296_297_298  5.50e+08  4.27e+08  35341.88  61910.66  14037.84    616.55     78.86     60.28   3487.31  -6984.75      0.00 0
107471 5626.0    121_125_146_152_154_162_164_170_173_176_178_185_187_193_197_199_202_203_209_212_218_220_224_235_238_241_243_244_255_258  8.13e+08  6.64e+08 -11185.84 -29712.18  10628.90    677.00     71.49    249.37   4368.64  -4733.15      0.00 0
107472 5626.0    7_14_15_19_23_27_30_31_36_39_42_43_46_47_51_56_57_61_64_65_68_69_73_77_80_81_85_87_90_93_97_113  2.63e+08  2.07e+08 -22238.10  -8173.22   9988.62    615.28     67.14    200.18   -976.90   1676.58      0.00 0
107473 5626.0    0_1_2_3_5_8_9_11_13_15_16_17_20_21_23_24_28_29_32_35_37_40_41_44_45_47_48_52_53_55_58_62_66_69_70_73_74_82_85_94_97_98_113_124_131_132  4.17e+08  3.32e+08  33587.23  -6480.04  11332.63    615.69     71.67    349.08  -3447.15   -457.09      0.00 0
107474 5626.0    224_235_243_244_255_259_264_271_274_279  7.24e+08  5.82e+08    612.59 -25994.42  10137.61    641.60     68.70    271.35   4763.49  -9901.51      0.00 0
107475 5626.0    2_3_5_8_9_11_13_16_17_20_21_24_25_28_29_32_33_35_37_40_41_44_45_48_49_52_53_55_58_59_62_63_66_67_70_71_74_75_78_79_82_83_85_88_89_91_94_95_98_99_102_103_106_107_110_111_113_116_117_120_121_124_125_128_129_132_133_136_137_140_141_145_146_148_151_152_154_157_158_161_162_164_167_168_172_173_175_176_178_181_182_184_185_187_190_191_193_196_197_198_199_200_202_203_205_206_209_211_212_213_214_215_217_218_220_221_223_224_228_229_232_233_235_239_241_244_245_247_248_251_256_262_265_268_282  1.95e+08  1.49e+08 -109684.77   7035.33  14821.37    677.21     82.32    176.33  -2945.70  -3364.33      0.00 0
107476 5626.0    206_226_227_231_246_249_250_252_260_266_269_276_280_283  2.57e+08  2.01e+08  18254.24  13433.61   9793.72    620.56     66.63     36.35   -802.16  -8975.78      0.00 0
107477 5626.0    246_249_250_252_257_260_261_266_267_269_273_276  2.09e+08  1.64e+08  23188.08   -773.28   9996.71    603.86     66.69    358.09   -868.62  -9133.62      0.00 0
107478 5626.0    20_32_40_44_48_52_55_58_62_66_69_70_74_78_82_85_88_91_94_97_98_102_103_106_110_113_116_117_120_123_124_128_129_131_132_136_140_145_148_151_157_158_161_167_168_172_173_175_181_182_184_190_191_196_197_198_200_205_206_211_212_213_214_217_219_220_223_226_227_230_231_234_235_237_238_242_243_246_249_250_252_253_254_255_257_258_259_260_261_263_264_266_267_269_270_271_273_274_275_276_277_279_280_281_283_284_286_287_288_289_290_291_293_294_295_297_298  2.57e+08  1.96e+08 -106676.66 106379.18  15860.89    599.99     83.99    135.08  -3892.95  -4094.61      0.00 0
107479 5626.0    108_122_126_147_153_155_177_179_188_210_216  6.92e+08  5.60e+08  20828.45  -1416.29   9299.20    650.82     65.99    356.11   5471.54   2581.85      0.00 0
107480 5626.0    168_173_182_185_191_197_199_200_202_203_205_206_212_213_214_218_220_224_226_227_228_229_230_231_233_235_237_238_241_242_243_244_245_246_247_248_249_250_251_252_253_255_256_257_258_259_260_261_262_263_264_265_266_267_268_269_270_271_272_273_274_275_276_277_278_279_280_281_282_283_284_285_286_287_288_289_290_291_292_293_294_295_296_297  1.41e+08  1.07e+08 -83569.05 -40506.88  14941.66    607.94     80.86    205.86  -1371.89 -10023.95      0.00 0
107481 5626.0    146_152_154_162_164_170_173_176_178_185_187_193_197_199_202_203_208_209_212_214_215_218_220_221_224_228_229_231_233_235_238_241_243_244_250_253_255_258_259_261_264_267_270_271_274_275_277_279_281_284_287_289_291_293_295_297_298  5.25e+08  4.15e+08 -20757.29 -46058.00  12764.60    620.55     75.82    245.74   3421.53  -7445.11      0.00 0
107482 5626.0    0_1_2_3_4_5_6_7_8_9_10_11_12_13_14_15_16_17_18_19_20_21_22_23_24_25_26_27_28_29_30_31_32_33_34_35_36_37_38_39_40_41_42_43_44_45_46_47_48_49_50_51_52_53_54_55_56_57_59_60_61_63_64_65_66_67_68_69_70_71_72_73_75_76_77_78_79_80_81_83_84_86_87_89_90_91_92_93_95_96_97_99_100_101_103_104_105_107_108_109_111_112_114_115_118_119_121_122_123_125_126_127_129_130_133_134_135_137_138_139_141_142_143_144_146_147_149_150_152_153_154_155_156_159_160_162_163_164_165_166_168_169_170_171_173_174_176_177_178_179_180_183_185_186_187_188_189_192_193_194_195_197_199_201_202_203_204_207_208_209_212_215_218_220_221_224_225_228_229_232_233_235_236_239_241_243_244_245_247_248_251_255_256_259_262_265_268_271_272_282  2.00e+08  1.50e+08 -100924.27 122126.62  15813.60    605.60     84.30    129.57   5665.33  -3721.43      0.00 0
107483 5626.0    0_1_2_3_4_5_6_7_8_9_10_11_12_13_14_15_16_17_18_19_20_21_22_23_24_25_26_27_28_29_30_31_32_33_34_35_36_37_38_39_40_41_42_43_44_45_46_47_48_49_50_51_52_53_54_55_56_57_58_59_60_61_62_63_64_65_66_67_68_69_70_71_72_73_74_75_76_77_78_79_80_81_82_83_84_85_86_87_88_89_90_91_92_93_94_95_96_97_98_101_102_103_104_105_106_107_108_109_110_111_112_113_115_116_117_118_119_120_123_124_127_128_129_130_135_136_137_138_139_140_141_142_148_149_150_156_157_158_159_160_161_162_166_167_168_169_171_172_173_180_181_182_183_189_190_191_192_195_196_197_200_201_204_205_206_207_211_212_213_214_219_220_225_226_227_230_231_237_238_243_246_249_250_252_253_257_258_260_261_266_267_269_270_274_275_276_277_280_281_283_284_286_287_288_289_290_291_293_294_295_296_297_298  7.94e+08  6.28e+08   9250.00 -121882.91  15289.97    642.88     82.87    274.34   -501.88    929.25      0.00 0
107484 5626.0    167_172_196_198_211_219_223_234_242_254  3.89e+08  3.10e+08  18420.74  13840.74   9685.57    644.59     67.20     36.92  -4126.42  -6701.66      0.00 0
107485 5626.0    22_26_34_38_42_46_49_50_54_60_64_68_71_72_75_76_80_84_86_90_95_96_99_100_104_108_114_125_126_133_134_143_146_154_164_170_178_187_193_202_209_215_229_232_245_247  2.34e+08  1.80e+08  26964.84 -26600.23  11971.68    582.43     72.46    315.39   4253.31   -500.87      0.00 0
107486 5626.0    39_43_51_56_61_65_77_81_87_93_101_105_109_119_123_135_144_150_160  4.27e+08  3.43e+08  24884.79  -5230.44  10026.82    646.07     68.48    348.13  -3640.68   2920.46      0.00 0
107487 5626.0    21_29_33_35_41_44_45_53_55_59_63_66_67_75_78_79_83_88_89_91_95_99_102_103_107_110_111_114_116_117_121_125_128_129_133_136_137_140_141_143_146_148_152_154_157_158_161_162_164_167_168_170_172_176_178_181_182_184_187_190_191_193_196_198_200_205_208_211_213_215_217_219_221_223_230_234_236_237_242_254_263  2.24e+08  1.71e+08  57279.16  30906.16  13774.95    609.69     78.05     28.35  -2069.55  -5296.00      0.00 0
107488 5626.0    0_1_2_3_4_5_6_7_8_9_10_11_12_13_14_15_16_17_18_19_20_21_22_23_24_25_26_27_28_29_30_31_32_33_34_35_36_37_38_39_40_41_42_43_44_45_46_47_48_49_50_51_52_53_54_55_56_57_58_59_60_61_62_63_64_65_66_67_68_69_70_71_72_73_74_75_76_77_78_79_80_81_82_83_84_85_86_87_88_89_90_91_92_94_95_96_99_100_101_102_103_104_106_107_108_110_111_112_114_115_116_117_118_120_121_122_125_126_128_129_130_133_134_136_137_138_140_141_142_147_148_149_151_153_155_157_158_159_161_163_167_168_169_172_174_177_179_181_182_183_184_186_190_191_192_196_198_200_205_206_207_211_213_214_217_219_223_226_227_230_231_234_237_242_246_249_250_252_254_257_260_261_263_266_269_273_275_276_278_280_283_285_286_288_290_292_294_296_297  7.76e+08  6.17e+08 -50605.25 -118356.04  15326.24    648.09     83.21    246.85  -3097.76  -9483.04      0.00 0
107489 5626.0    137_141_162_173_185_199_218_224_241_244_256  7.94e+08  6.46e+08  14375.50 -14107.05   9353.46    624.65     65.09    315.54   4648.44  -5386.99      0.00 0
107490 5626.0    261_267_270_274_275_276_277_281_284_286_287_288_289  1.05e+08  8.00e+07 -19176.86  -6599.38   9268.07    640.57     65.44    198.99    867.16 -10433.99      0.00 0
107491 5626.0    55_66_78_79_88_89_91_102_103_106_110_111_116_117_120_124_128_129_136_137_140_141_145_148_151_152_157_158_161_162_167_168_172_173_175_176_181_182_184_185_190_191_196_197_198_199_200_202_203_205_206_211_212_213_214_217_218_219_220_223_224_226_227_228_230_231_233_234_235_237_238_241_242_243_244_245_246_248_249_250_251_252_253_254_255_256_257_258_259_260_261_262_263_264_265_266_267_268_269_270_271_272_273_274_275_276_277_278_279_280_281_282_283_284_285_286_287_288_289_290_291_292_293_294_295_296_297_298  5.50e+08  4.30e+08 230183.92 -37364.12  14303.77    666.43     86.49    350.78   -504.08  -7714.64      0.00 0
107492 5626.0    0_1_2_3_4_5_6_7_8_11_12_15_16_19_23_24_31_32_37_47_48_51_57_69_70_73_74_81_85_93_97_113_123_131  2.69e+08  2.11e+08 -25237.79   5410.51  10266.32    619.45     68.31    167.90  -2658.50    549.28      0.00 0
107493 5626.0    4_6_7_10_14_15_18_19_22_26_27_30_31_34_36_39_42_43_46_50_51_54_56_57_60_61_64_65_68_72_73_76_77_80_81_84_87_90_92_93_96_100_101_104_105_108_109_112_115_118_119_122_123_126_127_134_135_138_139_144_147_150_155_160_165_179_188_194  6.92e+08  5.48e+08 -49423.46   9624.85  12806.47    613.42     75.73    168.98  -1513.91   2744.00      0.00 0
107494 5626.0    0_1_2_3_4_5_6_7_8_9_11_12_13_15_16_17_19_20_21_23_24_28_29_31_32_33_35_37_40_41_44_45_47_48_51_52_53_55_57_58_59_62_63_66_67_69_70_73_74_78_79_81_82_83_85_88_89_91_93_94_95_97_98_102_103_105_106_107_110_111_113_116_117_119_120_121_123_124_128_129_131_132_136_137_140_141_144_145_148_150_151_152_157_158_161_162_167_168_172_173_175_176_181_182_184_185_190_191_196_197_198_199_200_203_205_206_211_212_213_214_217_218_219_220_224_226_227_230_231_233_235_238_241_243_244_246_248_250_251_253_255_256_258_259_261_264_265_267_268_270_271_272_274_279_281_282_284  8.13e+08  6.47e+08 111649.59 -85146.61  15526.45    634.90     83.69    322.67  -2283.67  -2527.86      0.00 0
107495 5626.0    196_205_211_213_219_223_226_227_230_234_237_242_246_249_250_252  7.94e+08  6.48e+08  21624.09  -8279.07   9685.86    647.12     67.30    339.05  -1938.35  -7495.12      0.00 0
107496 5626.0    0_1_2_3_4_5_6_7_8_9_10_11_12_13_14_15_16_17_18_19_20_21_22_23_24_25_26_27_28_29_30_31_32_33_34_35_36_37_38_39_40_41_42_43_44_45_46_47_48_49_50_51_52_53_54_55_56_57_58_59_60_61_62_63_64_65_66_67_68_69_70_71_72_73_74_75_76_77_78_79_80_81_82_83_84_85_86_87_88_89_90_91_93_94_95_96_97_98_99_100_101_102_103_105_106_107_109_111_113_114_119_121_123_124_125_126_129_131_132_133_134_135_137_141_143_144_146_150_152_154_160_162_164_165_170_176_178_185_187_193_199_202_203_208_209_215_218_221_228_229_232_233_236_239_245_247_248_251_262_265  1.26e+08  9.23e+07 -99032.88  37995.33  15171.76    622.06     81.86    159.01   -434.76   -110.05      0.00 0
107497 5626.0    83_89_95_107_111_121_129_137_141_158_162_168_173_191_197_206_214_220_231_238_253  8.32e+08  6.76e+08  -5245.71 -26371.98  10294.67    636.43     69.05    258.75   2203.15  -5046.64      0.00 0
107498 5626.0    37_48_58_69_70_74_82_85_94_98_106_120_124_136_140_145_151_161_172_175_184_198_211_217_223_234_254  2.04e+08  1.57e+08 -13213.08 -30344.54  11202.54    616.61     71.30    246.47  -4166.64  -4206.55      0.00 0
107499 5626.0    1_2_6_7_10_11_14_15_16_19_22_23_24_27_30_31_32_36_37_39_42_43_46_47_48_51_56_57_58_61_64_65_68_69_70_73_74_77_80_81_85_87_90_92_93_94_97_98_101_104_105_112_113_115_118_124_130_132_138_142_149_159_163_169_174_183_192  8.13e+08  6.48e+08  28965.02  33086.48  12294.23    613.79     74.38     48.80    165.51   3012.57      0.00 0
