#event_number primary_type du_ids energy_primary em_energy Xmax_pos(x, y, z), Xmax_grams zenith azimuth shower_core_pos_x shower_core_pos_y shower_core_pos_z, N_tested_cores, units are degrees, GeV and meters
3300 14.0      28_40_44_55_62_66_78_88_91_102_110_116_117_128_148_157_167_181_190_196_200_205_213_226_230_237_249_252_266  2.09e+09  1.85e+09   2293.82  26113.55   9463.51    754.51     70.15     84.98  -1027.02  -5672.23      0.00 0
3301 14.0      141_152_158_162_168_173_176_181_182_185_191_197_199_200_205_206_212_214_220_226_227_230_231_237_238_246_249_250_252_253_257_260_261_266_269_273_275_276_278_280_283_285_286_288_290_292_296  4.07e+09  3.57e+09 -31561.03 -27707.53  10963.06    791.81     75.37    221.28  -1213.19  -9183.27      0.00 0
3302 14.0      34_42_46_50_54_60_64_68_72_76_80_84_86_90_92_96_99_100_104_108_112_114_115_118_122_125_126_127_130_133_134_138_142_143_147_149_153_154_155_156_159_163_164_165_166_169_170_174_177_178_179_180_183_186_187_188_189_192_193_194_195_201_202_204_207_208_209_210_215_216_221_222_225_229_232_236_239_240_245_247_262  2.69e+10  2.38e+10 -61808.84  62133.32  13583.15    773.92     81.19    134.85   5767.72    989.10      0.00 0
3303 14.0      154_164_170_176_178_185_187_193_194_202_203_208_209_215_218_221_222_224_228_229_232_233_235_236_239_241_244_245_247_248_251_255_256_259_264_268_271_272_279  5.37e+09  4.74e+09  -6950.41 -34657.50  10739.41    722.00     73.10    258.66   6057.81  -4378.18      0.00 0
3304 14.0      0_1_2_3_4_5_6_7_8_9_10_11_12_13_14_15_16_17_18_19_20_21_22_23_24_25_26_27_28_29_30_31_32_33_34_35_36_37_38_39_40_41_42_43_44_45_46_47_48_49_50_51_52_53_54_55_56_57_58_59_60_61_62_63_64_65_66_67_68_69_70_71_72_73_74_75_76_77_78_79_80_81_82_83_84_85_86_87_88_89_90_91_92_93_94_95_96_97_98_99_100_101_102_103_104_105_106_107_108_109_110_111_112_113_114_115_116_117_118_119_120_121_122_123_124_125_126_127_128_129_130_131_132_133_134_135_136_137_138_139_140_141_142_143_144_145_146_147_148_149_150_151_152_153_154_155_156_157_158_159_160_161_162_163_164_165_166_167_168_169_170_171_172_173_174_175_176_177_178_179_180_181_182_183_184_185_186_187_188_189_190_191_192_193_194_195_196_197_198_199_200_201_202_203_204_205_206_207_208_209_210_211_212_213_214_215_216_217_218_219_220_221_222_223_224_225_226_227_228_229_230_231_232_233_234_235_236_237_238_239_240_241_242_243_244_245_246_247_248_249_250_251_252_253_254_255_256_258_259_260_261_262_264_265_267_268_270_271_272_274_277_279_281_282_284  2.88e+10  2.59e+10 261232.77 -115162.89  10717.94    947.96     87.85    336.21  -3873.71   1988.32      0.00 0
3305 14.0      52_58_62_66_74_78_82_85_88_91_94_98_102_106_110_113_116_117_120_124_128_129_131_132_136_140_145_148_151_157_158_161_167_168_172_175_181_182_184_190_191_196_197_198_200_205_206_211_213_214_217_219_220_223_226_227_230_231_234_235_237_238_242_243_246_249_250_252_253_254_255_257_258_260_261_263_264_266_267_269_270_271_273_274_275_276_277_278_279_280_281_283_284_285_286_287_288_289_290_291_292_293_294_295_296_297_298  5.13e+10  4.62e+10 118996.67 -114513.05  14187.11    820.79     85.09    316.10   -334.68  -8948.01      0.00 0
3306 14.0      37_47_48_57_58_69_70_73_74_81_82_85_93_94_97_98_105_106_109_110_113_119_120_123_124_131_132_135_136_139_140_144_145_150_151_160_161_166_167_171_172_175_184_195_196_198_211_217_219_223_234_237_242_254_257_263_269_273_278_283_285_292  1.12e+09  1.04e+09  -4746.99 -57493.03  11673.99    870.64     78.56    265.28  -4395.06  -4551.08      0.00 0
3307 14.0      119_123_135_139_144_150_160_166_171_189_195_204_225  1.51e+10  1.36e+10  15596.02  25671.14   9736.55    793.07     72.04     58.72  -3206.17   5161.32      0.00 0
3308 14.0      0_1_2_5_6_7_8_11_13_15_16_19_20_23_24_27_28_31_32_35_37_39_40_43_44_45_47_48_51_52_55_57_58_61_62_65_66_69_70_73_74_77_78_79_81_82_85_87_88_91_93_94_97_98_101_102_105_106_109_110_113_116_117_119_120_123_124_127_128_131_132_135_136_139_140_144_145_148_150_151_156_157_158_160_161_166_167_171_172_175_181_182_184_189_190_195_196_198_200_205_206_211_213_217_219_223_226_227_230_231_234_237_242_246_249_250_252_254_257_260_261_263_266_267_269_273_275_276_277_278_280_281_283_285_286_287_288_289_290_292_293_294_295_296_297_298  1.58e+09  1.34e+09  37115.01 -179221.59  13601.06    892.98     85.75    281.70  -3490.93  -7005.17      0.00 0
3309 14.0      246_249_250_253_258_260_261_264_266_267_269_270_271_274_275_276_277_279_280_281_284  1.45e+10  1.36e+10 -25239.37  -1711.80   8710.58    876.45     71.00    183.88   1938.55  -9623.27      0.00 0
3310 14.0      15_19_23_24_31_37_39_47_48_51_57_61_65_69_70_73_81_85_87_93_105_109_119_127_135_139_150_160_166_171_195  2.14e+10  1.93e+10   6001.44 -26415.41   9316.77    802.68     71.02    282.80  -2836.68   3971.58      0.00 0
3311 14.0      41_63_67_83_89_107_111_121_137_141_152_162_176_185_199_203_218_233  9.12e+09  8.28e+09  15676.16 -10121.96   7924.55    826.02     66.99    327.15   3387.05  -3676.95      0.00 0
3312 14.0      0_1_2_3_4_5_6_7_8_9_10_11_12_13_14_15_16_17_18_19_20_21_22_23_24_27_28_29_30_31_32_35_36_37_39_40_41_42_43_44_45_46_47_48_51_52_55_56_57_58_61_62_63_65_66_67_68_69_70_73_74_77_78_79_80_81_82_85_87_88_89_91_92_93_94_97_98_101_102_103_105_106_109_110_113_115_116_117_118_119_120_123_124_127_128_129_131_132_135_136_139_140_144_145_148_149_150_151_156_157_158_160_161_166_167_171_172_175_180_181_182_183_184_189_190_191_195_196_198_200_201_204_205_206_211_213_214_217_219_223_225_226_227_230_231_234_237_242_246_249_250_252_253_254_257_260_261_263_266_267_269_273_275_276_277_278_280_281_283_285_286_287_288_289_290_292_293_294_295_296_297_298  1.58e+10  1.42e+10 -24290.92 234258.47  13126.08    816.20     86.81     95.92  -3497.45  -8062.29      0.00 0
3313 14.0      0_1_2_3_4_5_6_8_9_11_12_13_16_17_18_20_21_23_24_25_26_28_29_32_33_35_37_38_40_41_44_45_48_49_50_52_53_55_58_59_62_63_66_67_69_70_71_72_74_75_78_79_82_83_85_86_88_89_91_94_95_98_99_102_103_106_107_110_111_113_114_116_117_120_121_124_125_128_129_132_133_136_137_140_141_143_145_146_148_151_152_154_157_158_161_162_164_165_167_168_170_172_173_175_176_178_181_182_184_185_187_190_191_193_194_196_197_198_199_200_202_203_205_206_208_209_211_212_213_214_215_217_218_219_220_221_222_223_224_226_227_228_229_230_231_232_233_234_235_236_237_238_239_241_242_243_244_245_246_247_248_249_250_251_252_253_254_255_256_257_258_259_262_263_264_265_268_271_272_282  1.58e+09  1.40e+09 -174639.91 -10253.18  13798.84    872.92     85.49    183.36   2004.83  -4157.43      0.00 0
3314 14.0      13_29_35_44_45_55_67_78_79_91_102_103_116_117_129_148_157_158_181_182_191_200_205_206_226_227_231_246_249_250_260_261_267_275_277_287  5.75e+10  5.20e+10   1261.28 -28888.13   9658.21    782.37     71.53    272.50    328.69  -6280.18      0.00 0
3315 14.0      153_163_174_177_179_186_188_192_194_207_210_216_222_236_240  1.41e+09  1.22e+09 -33590.26  35125.64  11166.97    851.67     77.06    133.72   5769.25   4693.04      0.00 0
3316 14.0      0_1_2_3_4_5_6_7_8_9_10_11_12_13_14_15_16_17_18_19_20_21_22_23_24_25_26_27_28_29_30_31_32_33_34_35_36_37_39_40_41_42_43_44_45_46_47_48_51_52_53_54_55_56_57_58_61_62_63_64_65_66_67_68_69_70_73_74_77_78_79_80_81_82_85_87_88_89_90_91_92_93_94_97_98_101_102_103_104_105_106_109_110_113_115_116_117_118_119_120_123_124_127_128_129_130_131_132_135_136_139_140_144_145_148_149_150_151_156_157_158_159_160_161_166_167_171_172_175_180_181_182_183_184_189_190_191_192_195_196_198_200_201_204_205_206_207_211_213_217_219_223_225_226_227_230_234_237_242_246_249_250_252_254_257_260_261_263_266_269_273_275_276_277_278_280_283_285_286_287_288_290_292_293_294_296_297_298  1.10e+09  9.53e+08  -3017.51 -95488.03  13579.73    812.60     81.91    268.19  -1596.74   -365.85      0.00 0
3317 14.0      1_6_7_10_14_15_19_27_30_36_39_43_46_56_65_68_77_80_92_101_104_115_118_130_149_159_183  1.78e+09  1.57e+09  -4661.45 -18864.28   8228.25    792.28     67.05    256.12    122.97   3276.32      0.00 0
3318 14.0      87_92_101_104_105_109_115_118_119_123_127_130_135_139_142_144_149_150_156_159_160_166_169_171_174_180_183_189_192_201_207  2.57e+10  2.31e+10 -31775.45 -13955.06   9866.28    868.45     74.13    203.71   -347.08   4811.68      0.00 0
3319 14.0      0_1_2_3_4_5_6_7_8_9_10_11_12_13_14_15_16_17_18_19_21_22_23_25_26_27_29_30_31_33_34_35_36_38_39_41_43_45_49_50_51_53_57_59_61_63_65_67_71_72_75_79_81_83_86_89_95_99_107_111_121_125_137_141_146_152_154_162_176_178_185_199_202_203_218_224_228_229_233_241_245_248_251_256_262_265_268_272_282  7.08e+10  6.39e+10 -27596.53  24743.56   9675.43    959.52     75.37    138.12   4154.22  -3305.16      0.00 0
3320 14.0      260_261_266_269_273_275_276_277_278_280_281_283_284_285_286_287_288_289_290_291_292_293_294_295_296_297_298  6.76e+10  6.03e+10  46136.88  -6796.44  11463.23    771.48     76.19    351.62  -1289.48 -11239.74      0.00 0
3321 14.0      0_1_2_3_4_5_6_7_8_9_11_12_13_15_16_17_19_20_21_23_24_25_28_29_31_32_33_35_37_40_41_44_45_47_48_49_51_52_53_55_57_58_59_62_63_66_67_69_70_73_74_75_78_79_81_82_83_85_88_89_91_93_94_95_97_98_102_103_106_107_110_111_113_116_117_119_120_121_123_124_125_128_129_131_132_136_137_140_141_144_145_146_148_151_152_157_158_161_162_167_168_172_173_175_176_178_181_182_184_185_190_191_196_197_198_199_200_202_203_205_206_211_212_213_214_217_218_219_220_223_224_226_227_228_229_230_231_233_235_238_241_243_244_245_246_248_250_251_253_255_256_258_259_262_264_265_267_268_270_271_272_274_279_282_284  3.89e+10  3.47e+10 -117355.95  67564.46  13420.79    950.40     84.34    150.07   3446.72  -6080.04      0.00 0
3322 14.0      103_111_116_117_128_129_137_140_141_146_148_152_157_158_162_167_168_172_173_176_178_181_182_185_190_191_196_197_198_199_200_202_203_205_206_209_211_212_213_214_218_219_220_223_224_226_227_228_229_230_231_232_233_234_235_237_241_242_245_247_248_251_254_262_263_265  6.92e+09  6.10e+09 -47682.93 -12367.17  11490.50    801.32     76.87    194.54   2122.11  -5319.59      0.00 0
3323 14.0      105_109_119_123_127_135_139_144_150_160  1.12e+10  9.95e+09  14810.52   9504.54   8172.43    741.55     65.09     32.69  -3514.02   3230.66      0.00 0
3324 14.0      116_117_128_129_136_140_141_148_151_157_158_161_162_167_168_172_173_175_181_182_184_185_190_191_196_197_198_199_200_203_205_206_211_212_213_214_217_218_219_220_223_224_226_227_228_230_231_233_234_235_237_238_241_242_243_244_245_246_248_249_250_251_252_253_254_255_256_257_258_259_260_261_262_263_264_265_266_267_268_269_270_271_272_273_274_275_276_277_278_279_280_281_282_283_284_285_286_287_288_289_290_291_292_293_294_295_296_297_298  1.05e+10  9.06e+09 220755.72  -4200.17  14046.06    734.60     86.36    358.91   3504.92  -8939.42      0.00 0
3325 14.0      105_119_135_150_160_171  7.76e+10  7.14e+10   9250.72 -14261.20   7415.97    869.20     66.43    302.97  -4361.64   5062.71      0.00 0
3326 14.0      71_75_95_99_121_125_133_146_152_154_176_178_185_202_203_228_233_248  5.50e+10  5.02e+10  14136.48 -14250.43   8244.71    810.27     67.67    314.77   4750.55  -2812.28      0.00 0
3327 14.0      0_1_2_3_4_5_6_7_8_9_10_11_12_13_14_15_16_17_18_19_20_21_22_23_24_25_26_27_28_29_30_31_32_33_34_35_36_37_38_39_40_41_42_43_44_45_46_47_48_49_50_51_52_53_54_55_56_57_58_59_60_61_62_63_64_65_66_67_68_69_70_71_72_73_74_75_76_77_78_79_80_81_82_83_84_85_86_87_88_89_90_91_92_93_94_95_96_97_98_99_100_101_102_103_104_105_106_107_108_109_110_111_112_113_114_116_117_118_119_120_121_122_123_124_125_126_128_129_130_131_132_133_134_136_137_138_140_141_142_143_145_146_147_148_151_152_153_154_155_157_158_161_162_163_164_165_167_168_169_170_172_174_175_176_177_178_179_181_182_184_185_186_187_188_190_193_194_196_198_202_205_208_209_210_211_213_215_216_217_219_221_222_223_232_234_236_239_240_242_254  3.02e+10  2.67e+10 -170715.30 -76865.80  14044.42    814.25     85.71    204.24   -859.90  -1440.84      0.00 0
3328 14.0      173_182_191_197_199_200_203_205_206_212_213_214_218_219_220_224_226_227_228_230_231_233_235_237_238_241_242_243_244_245_246_247_248_249_250_251_252_253_254_255_256_257_258_259_260_261_262_263_264_265_266_267_268_269_270_271_272_273_274_275_276_277_278_279_280_281_282_283_284_285_286_287_288_289_290_291_292_293_294_295_296_297_298  1.10e+09  9.29e+08 -163434.58 -52598.99  15020.95    696.30     85.00    197.84   6494.91  -8671.46      0.00 0
3329 14.0      197_206_212_214_218_220_224_226_227_230_231_233_235_238_241_243_244_245_246_248_249_250_251_252_253_255_256_257_258_259_260_261_262_264_265_266_267_268_269_270_271_272_273_274_275_276_277_278_279_280_281_282_283_284_285_286_287_288_289_290_291_292_293_294_295_296_297_298  2.69e+10  2.44e+10  81247.91  34772.56  13444.54    800.15     81.35     23.17   2301.91  -9672.44      0.00 0
3330 14.0      167_172_181_190_196_200_205_213_226_227_230_246_249_250_260_261_267_275_277_281_287_289  4.37e+10  3.99e+10 -12906.14  17252.00   8012.62    909.99     69.60    126.80   -336.53  -8335.35      0.00 0
3331 14.0      102_106_110_116_120_128_136_140_145_151_161_175_184  1.70e+09  1.50e+09 -19895.61   3386.53   8867.58    700.64     66.28    170.34  -3313.38  -3562.34      0.00 0
3332 14.0      148_157_181_182_200_205_206_226_227_231_246_250_261_267_277  1.23e+10  1.10e+10  -6220.87  18810.18   8483.32    756.52     66.82    108.30    188.19  -7764.85      0.00 0
3333 14.0      0_1_2_3_4_5_6_7_8_9_10_11_12_13_14_15_16_17_18_19_20_21_22_23_24_25_26_27_28_29_30_31_32_33_34_35_36_37_38_39_40_41_42_43_44_45_46_47_48_49_50_51_52_53_54_55_56_57_58_59_60_61_62_63_64_65_66_67_68_69_70_71_72_73_74_75_76_77_78_79_80_81_82_83_84_85_86_87_88_89_90_91_92_93_94_95_96_97_98_99_100_101_102_103_104_105_106_107_108_109_110_111_112_114_115_116_117_118_120_121_122_124_125_126_127_128_129_130_133_134_136_137_138_140_141_142_143_145_146_147_148_149_151_152_153_154_155_156_157_158_159_161_162_163_164_165_167_168_169_170_172_173_174_175_176_177_178_179_180_181_182_183_184_185_186_187_188_190_191_192_193_194_196_197_198_199_200_201_202_203_205_206_207_208_210_211_212_213_214_216_217_218_219_220_222_223_224_226_227_230_231_234_235_237_238_240_242_243_246_249_250_252_253_254_257_258_260_261_263_266_267_269_270_273_275_276_277_278_280_281_283_285_286_287_288_289_290_291_292_293_294_295_296_297_298  2.34e+09  2.02e+09 -87847.81 -195196.84  14179.92    734.87     86.21    245.77   -197.03  -4595.86      0.00 0
3334 14.0      86_95_96_99_100_114_121_122_125_126_133_134_137_143_146_147_152_153_154_155_162_164_165_170_176_177_178_179_185_186_187_188_199_202_203_212_218_224  8.51e+09  7.51e+09   -354.64 -32772.06  10001.25    802.27     73.03    269.38   4491.47   -942.42      0.00 0
3335 14.0      0_1_2_3_4_5_6_7_8_9_10_11_12_13_14_15_16_17_18_19_20_21_22_23_24_25_26_27_28_29_30_31_32_33_34_35_36_37_38_39_40_41_42_43_44_45_46_47_48_49_50_51_52_53_54_55_56_57_58_59_60_61_62_63_64_65_66_67_68_69_70_71_72_73_74_75_76_77_78_79_80_81_82_83_84_85_86_87_88_89_90_91_92_93_94_95_96_97_98_99_100_101_102_103_104_105_106_107_108_109_110_111_112_113_114_115_116_117_118_119_120_121_122_123_124_125_126_127_128_129_130_131_132_133_134_135_136_137_138_139_140_141_142_143_144_145_146_147_148_149_150_151_152_153_154_155_156_157_158_159_160_161_162_163_164_165_166_167_168_169_170_171_172_173_174_175_177_179_180_181_182_183_184_186_188_189_190_191_192_194_195_196_197_198_200_201_204_205_206_207_210_211_213_214_216_217_219_220_223_225_226_227_230_231_234_237_238_242_246_249_250_252_253_254_257_260_261_263_266_267_269_273_275_276_277_278_280_283_285_286_287_288_290_292_293_294_296_297  3.39e+09  2.92e+09 -120845.14 -236152.08  12556.49    774.98     87.29    242.90  -3762.70  -7031.58      0.00 0
3336 14.0      95_99_100_114_121_125_126_133_134_137_143_146_147_152_154_155_162_164_165_170_173_176_177_178_179_185_186_187_188_193_194_199_202_203_208_209_210_212_215_216_218_220_221_222_224_235_240_241_243_244  1.07e+10  9.35e+09  11691.39  45207.26  11382.91    786.11     76.30     75.50   5835.58   1194.58      0.00 0
3337 14.0      146_154_176_178_202_203_209_228_229_233_245_248_251_262_265_282  2.82e+10  2.57e+10 -10021.18  13116.65   6962.51    952.29     67.13    127.38   6257.80  -3921.23      0.00 0
3338 14.0      104_112_115_118_127_130_138_142_149_153_156_159_163_166_169_171_174_177_180_183_186_189_192_195_201_207  1.15e+10  1.02e+10  34906.18  -4601.69  10182.30    816.94     73.87    352.49   3091.65   4896.77      0.00 0
3339 14.0      0_1_2_3_4_5_6_7_8_9_10_11_12_13_14_15_16_17_18_19_20_21_22_23_24_25_26_27_28_29_30_31_32_33_34_35_36_37_38_39_40_41_42_43_44_45_46_47_48_49_50_51_52_53_54_55_56_57_58_59_60_61_62_63_64_65_66_67_68_69_70_71_72_73_74_75_76_77_78_79_80_81_82_83_84_85_86_87_88_89_90_91_92_93_94_95_96_97_98_99_100_101_102_103_104_105_106_107_108_109_110_111_112_113_114_115_116_117_118_119_121_122_123_124_125_126_127_128_129_130_131_132_133_134_135_137_138_139_141_142_143_144_146_148_149_150_152_154_156_157_158_159_160_162_164_166_168_169_171_173_176_178_180_181_182_183_185_187_189_191_192_195_197_199_200_201_202_203_204_206_207_209_212_214_218_220_224_225_227_228_229_231_233_235_238_241_243_244_245_247_248_250_251_253_255_256_258_259_262_264_265_267_268_270_271_272_274_279_281_282_284_291  2.45e+09  2.16e+09  89927.34 -137737.95  14304.67    803.08     85.03    303.14   2124.33  -2760.04      0.00 0
3340 14.0      0_1_2_3_4_5_6_8_9_12_13_17_21_25_28_29_33_35_41_45_49_53_55_59_63_67_79_83_89_95_103_107_111_121_129_137_141_152_158_162_168_173_185_191_197_199_212_214_218_220_224_235_241_243_244_255_256_259_264_271_272_279  1.55e+10  1.35e+10  21757.76 -34021.67  11032.68    754.85     74.72    302.60   3657.77  -5778.58      0.00 0
3341 14.0      167_172_181_184_190_196_198_200_205_206_211_213_214_217_219_223_226_227_230_231_234_237_238_242_243_246_249_250_252_253_254_257_258_260_261_263_264_266_267_269_270_271_273_274_275_276_277_278_279_280_281_283_284_285_286_287_288_289_290_291_292_293_294_295_296_297_298  2.40e+10  2.11e+10 -207143.28  90240.47  13779.87    755.49     86.51    156.46  -3427.75 -10406.16      0.00 0
3342 14.0      36_43_46_56_65_77_80_92_101_104_115_118_130_149_159_169_183_192_201_207  2.63e+10  2.37e+10  -6789.67 -21021.21   8902.73    747.72     68.05    252.10    550.94   5004.93      0.00 0
3343 14.0      27_30_36_39_42_43_46_51_54_56_61_64_65_68_77_80_81_84_87_90_92_93_96_101_104_105_108_109_112_115_118_119_122_123_126_127_130_135_138_139_142_144_147_149_150_153_155_156_159_160_163_166_169_171_174_177_179_180_183_186_188_189_192_195_201_204_207_210_216_225_240  2.51e+09  2.21e+09 103536.20  -1518.03  13816.16    806.05     82.40    359.16  -1658.52   4931.29      0.00 0
3344 14.0      0_1_2_3_4_5_6_7_8_9_10_11_12_13_14_15_16_17_18_19_20_21_22_23_24_25_26_27_28_29_30_31_32_33_34_35_36_37_38_39_40_41_42_43_44_45_46_47_48_49_50_51_52_53_54_55_56_57_58_59_60_61_62_63_64_65_66_67_68_69_70_71_72_73_74_75_76_77_78_79_80_81_82_83_84_85_86_87_88_89_90_91_92_93_94_95_96_97_98_99_100_101_102_103_104_105_106_107_108_109_110_111_112_113_114_115_116_117_118_119_120_121_122_123_124_125_126_127_128_129_130_131_132_133_134_135_136_137_138_139_140_141_142_143_144_145_146_147_148_149_150_151_152_153_154_155_156_157_158_159_160_162_163_164_165_166_168_169_170_171_173_176_177_178_179_180_183_185_186_187_188_189_191_193_194_195_197_199_202_203_204_208_209_210_212_215_216_218_220_221_222_224_228_229_232_233_235_236_239_240_241_244_245_247_248_251_255_256_259_262_265_268_272_282  2.45e+10  2.19e+10 -196549.38 100449.56  13075.12    877.64     86.61    152.93  -3780.46   2399.64      0.00 0
3345 14.0      246_250_253_258_260_261_264_266_267_270_271_274_275_276_277_279_281_284_287_289_291  4.17e+09  3.74e+09  29700.76   1208.48   9917.12    753.91     71.55      2.33   3132.60  -9845.46      0.00 0
3346 14.0      200_205_213_226_227_230_237_242_246_249_252_257_263_266_269_273_278_280_283_285_292  4.57e+09  4.04e+09 -22928.72 -17901.00   8971.19    925.62     72.86    217.98  -4008.79 -10195.17      0.00 0
3347 14.0      0_1_2_3_4_5_6_7_8_9_10_11_12_13_14_15_16_17_18_19_20_21_22_23_24_25_26_27_28_29_30_31_32_33_34_35_36_37_38_39_40_41_42_43_44_45_46_47_48_49_50_51_52_53_54_55_56_57_58_59_60_61_62_63_64_65_66_67_68_69_70_71_72_73_74_75_76_77_78_79_80_81_82_83_84_85_86_87_88_89_91_93_94_95_97_98_99_100_101_102_103_105_106_107_109_110_111_113_114_116_117_119_120_121_123_124_125_128_129_131_132_133_135_136_137_139_140_141_143_144_145_146_148_150_151_152_154_157_158_160_161_162_164_167_168_172_173_175_176_178_181_182_184_185_187_190_191_193_197_199_200_202_203_206_209_212_214_215_218_220_224_228_229_231_232_233_235_238_239_241_243_244_245_247_248_251_255_256_258_259_262_264_265_268_271_272_279_282  7.59e+10  6.87e+10 -126342.92  72914.73  13737.74    900.06     84.62    150.01   4161.93  -4540.67      0.00 0
3348 14.0      0_1_2_3_4_5_6_7_8_9_10_11_12_13_14_15_16_17_18_19_20_21_22_23_24_25_26_27_28_29_30_31_32_33_34_35_36_37_38_39_40_41_42_43_44_45_46_47_48_49_50_51_52_53_54_55_56_57_58_59_60_61_62_63_64_65_66_67_68_69_70_71_72_73_74_75_76_77_78_79_80_81_82_83_84_85_86_87_88_89_90_91_92_93_94_95_96_97_98_99_100_101_102_103_104_105_106_107_108_109_110_111_112_114_115_116_117_118_119_121_122_123_125_126_127_128_129_130_133_134_135_137_138_139_140_141_142_143_144_146_147_148_149_150_152_153_154_155_156_157_158_159_160_162_163_164_165_166_167_168_169_170_171_173_174_176_177_178_179_180_181_182_183_185_186_187_188_189_190_191_192_193_194_195_197_199_200_201_202_203_204_205_206_207_208_209_210_212_214_215_216_218_220_221_222_224_225_226_227_228_229_230_231_232_233_235_236_238_239_241_243_244_245_246_247_248_249_250_251_253_255_256_258_259_260_261_262_264_265_267_268_270_271_272_274_275_277_279_281_282_284_287_289_291_293_295_298  1.05e+09  8.84e+08 -71319.30 229261.73  12541.03    888.28     87.01    107.28   4414.46  -7196.52      0.00 0
3349 14.0      196_211_213_219_223_226_230_234_237_242_246_249_252_260  3.72e+09  3.31e+09 -12771.67   9371.43   7079.41    893.83     65.92    143.73  -2384.77  -7518.88      0.00 0
3350 14.0      55_66_67_78_79_88_89_91_102_103_107_111_116_117_129_137_141_152_158_162_168_173_176_185_197_199_202_203_212_218_224_228_233_241_244_245_248_251_256_262_265_268_282  5.13e+10  4.68e+10 -33382.54  10174.22  10079.55    830.39     73.89    163.05   4775.27  -4880.24      0.00 0
3351 14.0      151_161_167_172_175_184_190_196_198_205_211_213_217_219_223_226_227_230_234_237_242_246_249_250_252_254_257_260_261_263_266_267_269_273_275_276_277_280_281_286_287_288_289_291_293_294_295_298  1.86e+09  1.67e+09  30840.22 -35817.11  11784.50    726.73     76.00    310.73  -1551.50  -8498.73      0.00 0
3352 14.0      28_35_40_44_45_52_55_58_62_66_67_74_78_79_82_88_89_91_94_98_102_103_106_110_111_113_116_117_120_124_128_129_132_136_137_140_141_145_148_151_157_158_161_162_167_168_172_173_175_181_182_184_185_190_191_196_197_198_199_200_205_206_211_212_213_214_217_218_219_220_223_224_226_227_230_231_233_234_235_237_238_241_242_243_244_246_249_250_251_252_253_254_255_256_257_258_259_260_261_263_264_265_266_267_268_269_270_271_272_273_274_275_276_277_278_279_280_281_282_283_284_285_286_287_288_289_290_291_292_293_294_295_296_297_298  2.82e+09  2.34e+09 -178220.42  97572.84  14599.93    704.74     85.89    151.30   5615.68 -10519.03      0.00 0
3353 14.0      21_29_35_41_45_53_63_67_79_83_89_103_107_111_129_137_141_162_173_199  3.09e+09  2.74e+09 -10497.75  11372.32   6994.56    896.38     65.68    132.71   2063.60  -3282.31      0.00 0
3354 14.0      220_231_235_238_241_243_244_246_248_250_251_253_255_256_258_259_260_261_262_264_265_266_267_268_270_271_272_274_275_276_277_279_280_281_282_283_284_286_287_288_289_290_291_292_293_294_295_296_297_298  3.47e+10  3.13e+10  48280.06  23558.19  11880.16    787.83     77.53     26.01   3678.85  -9155.41      0.00 0
3355 14.0      91_102_103_107_110_111_116_117_121_128_129_137_140_141_146_148_152_157_158_161_162_167_168_172_173_176_178_181_182_184_185_190_191_196_197_198_199_200_202_203_205_206_209_211_212_213_214_217_218_219_220_223_224_226_227_228_229_230_231_232_233_234_235_237_238_239_241_242_243_244_245_246_247_248_249_250_251_252_253_254_255_256_257_258_259_260_261_262_263_264_265_266_267_268_269_270_271_272_273_274_275_276_277_278_279_280_281_282_283_284_285_286_287_288_289_290_291_292_293_294_295_296_297  2.75e+10  2.44e+10 184202.08  32745.06  14133.05    801.09     85.68     10.08   -616.04  -8105.57      0.00 0
3356 14.0      237_252_257_266_269_273_280_283_288_290_292_296  3.47e+09  3.13e+09    991.07 -17894.70   7633.34    859.29     66.93    273.17  -2493.21 -10883.09      0.00 0
3357 14.0      248_251_255_256_259_262_264_265_268_271_272_274_279_282_284  2.82e+09  2.53e+09  18004.66  29577.55  10559.98    739.09     73.04     58.67   5636.33  -9229.35      0.00 0
3358 14.0      0_1_2_3_4_5_6_7_8_9_10_11_12_13_14_15_16_17_18_19_20_21_23_24_25_27_28_29_30_31_32_33_35_36_37_39_40_41_43_44_45_47_48_51_52_53_55_57_58_59_61_62_63_65_66_67_69_70_73_74_77_78_79_81_82_83_85_87_88_89_91_93_94_97_98_102_103_105_106_107_109_110_111_113_116_117_119_123_128_129_131_135_137_139_141_144_148_150_157_158_160_162_168_171_173_181_182_185_191_197_199_200_206_212_214_218_220_224_227_231_235_238_241_243_244_250_253_255_256_258_259_264_267_270_271_272_274_279_281_284_291  2.57e+09  2.16e+09 -43558.62  68823.10  13937.00    688.23     80.29    122.33   2782.43  -7040.94      0.00 0
3359 14.0      8_9_13_16_20_21_28_29_32_35_40_41_44_45_48_52_53_55_58_62_63_66_67_70_74_78_79_82_83_85_88_89_91_94_95_98_102_103_106_107_110_111_113_116_117_120_121_124_128_129_132_136_137_140_141_145_146_148_151_152_157_158_161_162_167_168_172_173_175_176_178_181_182_184_185_190_191_196_197_198_199_200_202_203_205_206_209_211_212_213_214_217_218_219_220_223_224_226_227_228_229_230_231_233_234_235_237_238_241_243_244_245_247_248_250_251_253_255_256_258_259_262_264_265_268_271_272_279_282  2.88e+09  2.63e+09 -111737.71  30002.74  14267.13    771.21     82.97    164.97   -195.01  -4565.61      0.00 0
3360 14.0      24_32_37_48_52_58_62_70_74_82_88_94_98_106_110_120_124_136_140_151_161_167_172_184_196_198_211_217_219_223_234_242_254  1.74e+10  1.60e+10   8068.42  24935.65   9049.90    831.95     70.95     72.07  -3356.05  -4361.99      0.00 0
3361 14.0      92_101_104_109_112_115_118_127_130_135_138_139_142_149_150_153_156_159_160_163_166_169_171_174_177_180_183_186_189_192_195_201_204_207  1.35e+10  1.19e+10  52450.61  -3345.86  11969.65    759.52     77.17    356.35   -462.48   5141.58      0.00 0
3362 14.0      104_108_112_118_122_130_138_142_149_159_169_183_192_201_207  2.24e+10  2.04e+10  10454.00 -15698.85   8021.60    813.52     66.96    303.66   1488.78   4789.09      0.00 0
3363 14.0      38_50_54_60_71_72_75_76_84_86_96_99_100_114_125_133_134_143_146_154_164_178_187_202_209_215_229  5.25e+10  4.70e+10  17257.92 -15736.56   8895.22    784.24     69.15    317.64   4629.74  -1013.22      0.00 0
3364 14.0      190_196_200_205_206_211_213_219_223_226_227_230_231_234_237_238_242_246_249_250_252_253_258_260_261_264_267_270_274_279_284  3.02e+10  2.75e+10 -26142.83   8519.55   9056.18    864.84     71.77    161.95    -47.95  -8033.90      0.00 0
3365 14.0      67_79_89_91_102_103_111_116_117_128_129_140_148_157_158_167_172_181_182_190_196_205_211_213_219_223_230_234_237_242_254_257_263_273_278  2.40e+10  2.14e+10  24752.33  23736.63  10217.09    792.83     73.41     43.80  -2557.43  -6718.30      0.00 0
3366 14.0      0_1_2_3_4_5_6_8_9_10_11_12_13_14_16_17_18_20_21_22_24_25_26_28_29_30_32_33_34_35_38_40_41_42_44_45_48_49_50_52_53_54_55_58_59_60_62_63_64_66_67_71_72_74_75_76_78_79_82_83_84_86_88_89_91_94_95_96_99_100_102_103_106_107_108_110_111_114_116_117_120_121_122_125_126_128_129_133_134_136_137_138_140_141_143_146_147_148_151_152_153_154_155_157_158_161_162_164_165_167_168_170_172_175_177_178_179_181_182_184_186_187_188_190_191_193_194_196_198_200_205_208_210_211_213_216_217_219_221_222_223_226_230_234_236_237_240_242_252_254_257_263_269_273_278_285  1.35e+10  1.21e+10  71468.58  61320.93  13352.10    844.84     81.93     40.63    337.77  -2932.30      0.00 0
3367 14.0      9_13_17_21_25_28_29_33_35_38_40_41_44_45_49_53_55_59_62_63_66_67_71_72_75_78_79_83_86_88_89_91_95_99_100_102_103_106_107_110_111_114_116_117_121_125_128_129_133_134_136_137_140_141_143_146_148_151_152_154_155_157_158_161_162_164_165_167_168_170_172_173_176_178_181_182_184_185_187_188_190_191_193_194_196_197_198_199_200_202_203_205_206_208_209_211_212_213_214_215_216_217_218_219_220_221_222_223_224_226_227_228_229_230_231_232_233_234_235_236_237_238_239_240_241_242_243_244_245_246_247_248_249_250_251_252_253_254_255_256_257_258_259_260_261_262_263_264_265_266_267_268_269_273_275_276_278_280_283_285_288_290_292  5.50e+09  4.74e+09 -134216.95 -73025.59  14631.94    758.31     84.53    208.55    813.40  -5445.87      0.00 0
3368 14.0      0_1_2_3_4_5_6_7_8_9_10_11_12_13_14_15_16_17_18_19_20_21_22_23_24_25_26_27_28_29_30_31_32_33_34_35_36_37_38_39_40_41_42_43_44_45_46_47_48_49_50_51_52_53_54_55_56_57_58_59_60_61_62_63_64_65_66_67_68_69_70_71_72_73_74_75_76_77_78_79_80_81_82_83_84_85_86_87_88_89_90_91_92_93_94_95_96_97_98_99_100_101_102_103_104_105_106_107_108_110_111_112_113_114_116_117_118_120_121_122_124_125_126_128_129_130_131_132_133_134_136_137_138_140_141_142_143_145_146_147_148_151_152_153_154_155_157_158_161_162_163_164_165_167_168_169_170_172_173_174_175_176_177_178_179_181_182_184_185_186_187_188_190_191_193_194_196_197_198_199_200_202_203_205_206_208_209_210_211_212_213_214_215_216_217_218_219_220_221_222_223_224_226_227_228_229_230_231_232_233_234_235_236_237_238_239_240_241_242_243_244_245_246_247_248_249_250_252_253_254_257_260_261_263_266_269_273_275_276_278_280_283_285_288_290_292  2.34e+10  2.08e+10 -220821.19 -154333.66  12233.75    801.25     87.40    214.95    458.31  -2744.56      0.00 0
3369 14.0      114_125_133_134_143_146_154_155_164_165_170_176_178_187_193_202_203_209_215_218_228_229_232_233_241_245_247_248_251_256_262_265_268_272_282  4.57e+10  4.11e+10   7678.69 -26344.40   8394.69   1014.60     72.99    286.25   6384.62  -4230.34      0.00 0
3370 14.0      14_19_27_30_36_39_42_43_46_51_56_57_61_64_65_68_77_80_81_84_87_90_92_93_101_104_105_108_109_112_119_123_138  3.80e+09  3.42e+09 -20858.88  -3326.12   8171.64    860.36     68.85    189.06   -311.11   2546.49      0.00 0
3371 14.0      112_130_138_142_149_153_159_163_169_174_180_183_192_201  2.24e+10  2.05e+10 -13942.86  10621.61   7807.52    808.25     65.99    142.70   1872.92   4980.87      0.00 0
3372 14.0      0_1_2_3_4_5_6_7_8_9_10_11_12_13_14_15_16_17_18_19_20_21_22_23_24_25_26_27_28_29_30_31_32_33_34_35_36_37_38_39_40_41_42_43_44_45_46_47_48_49_50_51_52_53_54_55_56_57_58_59_60_61_62_63_64_65_66_67_68_69_70_71_72_73_74_75_76_77_78_79_80_81_82_83_84_85_86_87_88_89_90_91_92_93_94_95_96_97_98_99_100_101_102_103_104_105_106_107_108_109_110_111_112_113_114_115_116_117_118_120_121_122_124_125_126_127_128_129_130_132_133_134_136_137_138_140_141_142_143_145_146_147_148_149_151_152_153_154_155_156_157_158_159_161_162_163_164_165_167_168_169_170_172_173_174_175_176_177_178_179_180_181_182_183_184_185_186_187_188_190_191_192_193_194_196_197_198_199_200_201_202_203_205_206_207_208_209_210_211_212_213_214_215_216_217_218_219_220_221_222_223_224_226_227_228_229_230_231_232_233_234_235_236_237_238_239_240_241_242_243_244_246_249_250_252_253_254_255_257_258_260_261_263_264_266_267_269_270_273_274_275_276_277_278_280_281_283_284_285_286_287_288_289_290_291_292_293_294_295_296_297_298  4.27e+10  3.87e+10 136956.05 235219.56  11645.92    874.95     87.55     59.79  -1318.81  -6126.91      0.00 0
3373 14.0      126_147_153_155_163_177_179_186  1.12e+10  9.93e+09  -2110.63 -19117.84   8339.24    764.77     66.56    263.70   4728.62   4246.27      0.00 0
3374 14.0      0_1_2_3_4_5_6_7_8_9_10_11_12_13_14_15_16_17_18_19_20_21_22_23_24_25_26_27_29_30_31_32_33_34_36_37_38_39_42_43_46_47_48_49_50_51_54_56_57_58_59_60_61_64_65_68_69_70_71_72_73_74_75_76_77_80_81_84_85_86_87_90_92_93_96_97_98_99_100_101_104_105_108_109_112_113_114_119_122_123_126_131_132_133_134_135_138_143_144_147_150_153_155_160_164_165_170_177_179_188_193_194_208_210_216_221_222_236_240  1.48e+09  1.35e+09 -72907.84   3259.72  13065.56    766.60     79.85    177.44  -4374.96   1519.01      0.00 0
3375 14.0      0_1_2_3_5_6_7_8_9_11_13_14_15_16_19_20_23_24_27_28_29_31_32_35_37_39_40_41_44_45_47_48_51_52_55_57_58_61_62_65_66_67_69_73_78_79_81_87_91_103_105_117  6.76e+10  6.13e+10  -8605.66  21108.59   8727.51    800.21     69.05    112.18   -717.24   -638.61      0.00 0
3376 14.0      35_40_41_44_45_55_62_63_66_67_78_79_82_88_89_91_102_103_106_107_110_111_117_120_129_137_141_152  1.51e+10  1.39e+10 -20817.94   2622.54   8290.61    830.93     68.44    172.82    139.80  -2965.48      0.00 0
3377 14.0      94_98_106_110_120_124_128_132_136_140_145_151_157_161_167_172_184_190_196_198_205_211_213_219_226_230_237_242_249_252_257_260_266_269_276_280  2.95e+10  2.68e+10   8926.57 -27604.25   9041.69    907.99     72.69    287.92  -2543.76  -5385.90      0.00 0
3378 14.0      56_64_68_77_80_84_90_92_96_101_104_108_112_115_118_122_127_130_138  4.47e+09  3.95e+09  19416.97  -7021.18   8862.29    714.53     66.77    340.12   1128.87   3212.63      0.00 0
3379 14.0      0_1_2_3_4_5_6_7_8_9_10_11_12_14_15_16_17_18_19_21_22_23_24_25_26_27_30_31_33_34_36_37_38_39_42_43_46_47_49_50_51_53_54_56_57_59_60_61_64_65_68_69_71_72_73_75_76_77_80_81_83_84_86_87_90_92_93_95_96_97_99_100_101_104_105_108_109_112_114_115_118_119_122_123_125_126_127_130_131_133_134_135_138_139_142_143_144_146_147_149_150_153_154_155_156_159_160_163_164_165_166_169_170_171_174_177_178_179_180_183_186_187_188_189_192_193_194_195_201_204_207_208_209_210_215_216_221_222_225_229_232_236_239_240_247  3.39e+09  2.92e+09 -237256.70  91502.17  13193.28    734.97     87.03    158.91   1343.60   4658.17      0.00 0
3380 14.0      0_1_2_3_4_5_6_7_8_9_10_11_12_13_14_15_16_17_18_19_20_21_22_23_24_25_26_27_28_29_30_31_32_33_34_35_36_37_38_39_40_41_42_43_44_45_46_47_48_49_50_51_52_53_54_55_56_57_58_59_60_61_62_63_64_65_66_67_68_69_70_71_72_73_74_75_76_77_78_79_80_81_82_83_84_85_86_87_88_89_90_91_92_94_95_96_99_100_101_102_103_104_105_106_107_108_109_110_111_112_114_115_116_117_118_120_121_122_125_126_127_128_129_130_133_134_136_137_138_140_141_142_143_146_147_148_149_151_152_153_154_155_156_157_158_159_161_162_163_164_165_167_168_169_170_172_173_174_176_177_178_179_180_181_182_183_185_186_187_188_189_190_191_192_193_194_196_197_198_199_200_201_202_203_204_205_206_207_208_209_210_211_212_213_214_216_218_219_220_223_224_225_226_227_230_231_233_234_235_237_238_241_242_243_244_246_249_250_252_253_254_255_257_258_259_260_261_263_264_266_267_269_270_271_273_274_275_276_277_278_279_280_281_283_284_285_286_287_288_289_290_291_292_293_294_295_296_297_298  1.51e+10  1.37e+10 -44175.86 -196343.34  14143.48    771.00     85.98    257.32    566.05  -6504.81      0.00 0
3381 14.0      90_92_104_108_112_115_118_122_127_130_138_142_147_149_153_156_159_163_166_169_174_177_179_186_210  1.05e+10  9.23e+09 -34963.73   5019.67  10483.04    764.68     73.47    171.83   4357.58   3882.71      0.00 0
3382 14.0      114_121_125_133_134_137_143_146_152_154_155_162_164_165_170_173_176_178_179_185_187_188_193_194_197_199_202_203_208_209_210_212_214_215_216_218_220_221_222_224_228_229_232_233_235_236_238_240_241_243_244_245_248_251_253_255_256_258_259_264_267_268_270_271_272_274_279_281_284_289_291_295  3.16e+10  2.83e+10  12876.26  58613.35  11871.62    859.16     78.81     77.61   4195.19  -8557.21      0.00 0
3383 14.0      52_58_62_66_74_78_82_88_91_94_98_102_106_110_113_116_120_124_128_131_132_136_145  3.98e+10  3.62e+10 -18330.36  15408.27   8843.69    810.65     69.73    139.95  -3187.90  -1821.94      0.00 0
3384 14.0      0_3_4_5_6_9_10_12_13_14_17_18_21_22_25_26_29_30_33_34_35_36_38_41_42_45_46_49_50_53_54_55_56_59_60_63_64_67_68_71_72_75_76_79_80_83_84_86_89_90_91_92_95_96_99_100_103_104_107_108_111_112_117_118_121_122_129_130_137_138_141_142_158_159_162_168_169_173_174_182_183_191_192_197_206_207_214_231  2.75e+10  2.49e+10    903.42 -32546.48   8718.07   1082.90     75.01    271.59   1742.73   -308.29      0.00 0
3385 14.0      0_1_2_3_4_5_6_7_8_9_10_11_12_13_14_15_16_17_18_19_20_21_22_23_24_25_26_27_28_29_30_31_32_33_34_35_36_37_38_39_40_41_42_43_44_45_46_47_48_49_50_51_52_53_54_55_56_57_58_59_60_61_62_63_64_65_66_67_68_69_70_71_72_73_74_75_76_77_78_79_80_81_82_83_84_86_87_88_89_90_91_92_95_96_99_100_101_102_103_104_105_106_107_108_109_110_111_112_114_115_116_117_118_121_122_125_126_127_128_129_130_133_134_137_138_139_140_141_142_143_146_147_148_149_152_153_154_155_156_157_158_159_162_163_164_165_166_167_168_169_170_172_173_174_176_177_178_179_180_181_182_183_185_186_187_188_189_190_191_192_193_194_195_196_197_199_200_201_202_203_204_205_206_207_208_209_210_212_213_214_215_216_218_219_220_221_222_224_225_226_227_228_229_230_231_232_233_235_236_237_238_239_240_241_243_244_245_246_247_248_249_250_251_252_253_255_256_257_258_259_260_261_262_264_265_266_267_268_269_270_271_272_274_275_276_277_279_280_281_282_283_284_286_287_288_289_290_291_293_294_295_296_297_298  8.91e+10  8.01e+10   4278.57 242691.19  12253.65    923.86     87.11     88.99   2906.60  -3493.46      0.00 0
3386 14.0      226_230_237_242_246_249_250_252_253_257_258_260_261_263_266_267_269_270_274_275_276_277_279_280_281_284_286_287_289_291  1.20e+09  1.03e+09 -38720.65  13559.78  11593.80    675.30     74.22    160.70   2800.02 -10536.38      0.00 0
3387 14.0      0_1_2_3_4_5_6_7_8_9_10_11_12_13_14_15_16_18_19_20_22_23_24_27_28_30_31_32_34_35_36_37_39_40_42_43_44_46_47_48_51_52_54_56_57_58_60_61_62_64_65_66_68_69_70_73_74_77_80_81_82_84_85_87_88_90_92_93_94_97_98_101_104_105_106_108_109_110_112_113_115_118_119_120_123_124_127_130_131_132_135_136_138_139_140_142_145_149_151_156_159_161_163_166_169_172_174_175_180_183_184_192_198_201_207_211_217_223_234  2.82e+09  2.48e+09  46201.83  63358.52  13192.53    783.16     80.45     53.90  -3360.51  -1390.01      0.00 0
3388 14.0      235_243_255_264_271_274_279  9.77e+09  8.93e+09  -5844.14  18786.47   8347.27    777.41     67.01    107.28   4749.60  -9419.49      0.00 0
3389 14.0      0_1_2_5_6_7_8_11_13_14_15_16_19_20_23_24_27_28_30_31_32_35_36_37_39_40_43_44_46_47_48_51_52_56_57_58_61_62_65_66_69_70_73_74_77_78_80_81_82_85_87_88_92_93_94_97_98_101_102_105_106_109_110_113_115_116_118_119_120_123_124_127_128_131_132_135_136_139_140_144_145_149_150_151_156_157_160_161_166_167_171_172_175_180_183_184_189_190_195_196_198_201_204_205_207_211_213_217_219_223_225_230_234_237_242_252_254_257_263_269_273_278_280_283_285_290_292  4.37e+09  3.83e+09  13499.46  72978.74  13179.93    757.10     79.93     79.52  -3174.06  -3412.77      0.00 0
3390 14.0      161_172_184_196_198_211_213_219_223_230_234_237_242_249_252_254_257_260_263_266_269_273_276_280_283_285_286_288_290_292_293_294_296_297  1.38e+09  1.17e+09  11351.79 -39406.60  11581.21    676.96     74.23    286.07  -2184.98 -10446.98      0.00 0
3391 14.0      109_119_127_135_139_144_150_156_160_166_171  5.50e+10  4.92e+10 -20253.86  -9812.91   8450.42    846.86     69.42    205.85  -4396.80   3552.48      0.00 0
3392 14.0      0_1_2_3_4_5_6_7_8_9_10_11_12_13_14_15_16_17_18_19_20_21_22_23_24_25_26_27_28_29_30_31_32_33_34_35_36_37_38_39_40_41_42_43_44_45_46_47_48_49_50_51_52_53_54_55_56_57_58_59_60_61_62_63_64_65_66_67_68_69_70_71_72_73_74_75_76_77_78_79_80_81_82_83_84_85_86_87_88_89_90_91_92_93_94_95_97_98_99_101_102_103_104_105_106_107_109_110_111_113_114_115_116_117_118_119_120_121_123_124_125_127_128_129_131_132_133_135_136_137_139_140_141_144_145_146_148_149_150_151_152_154_156_157_158_160_161_162_166_167_168_171_172_173_176_178_180_181_182_185_189_190_191_195_197_199_200_202_203_204_205_206_212_214_218_220_224_226_227_228_231_233_235_238_241_243_244_246_248_250_251_253_255_256_258_259_261_264_265_267_268_270_271_272_274_277_279_281_282_284_289_291  5.89e+09  5.45e+09 -75847.53 117242.43  13420.97    954.20     84.51    122.90  -2176.79   1540.07      0.00 0
3393 14.0      7_10_14_18_19_22_26_27_30_34_36_39_42_43_46_50_51_54_56_60_61_64_65_68_72_76_77_80_81_84_86_87_90_92_93_96_100_101_104_105_108_109_112_114_115_118_119_122_126_127_130_134_135_138_139_142_143_144_147_149_150_153_155_156_159_160_163_165_166_169_170_171_174_177_179_180_183_186_188_189_192_193_194_195_208_210_216_221_222_236_240  7.24e+10  6.50e+10  68603.35 -20113.03  12721.60    812.54     79.91    343.66    700.31   3410.45      0.00 0
3394 14.0      111_121_129_137_141_146_152_162_168_176_178_185  6.31e+10  5.68e+10  16266.29   6887.89   7949.87    785.32     65.77     22.95   3371.74  -3574.55      0.00 0
3395 14.0      0_1_2_3_4_5_6_7_8_9_10_11_12_13_14_15_16_17_18_19_20_21_22_23_24_25_26_27_28_29_30_31_32_33_34_35_36_37_38_39_40_41_42_43_44_45_46_47_48_49_50_51_52_53_54_55_56_57_58_59_61_62_63_65_66_67_69_71_72_73_75_77_78_79_80_81_83_87_89_91_93_95_99_101_103_105_107_109_111_116_117_119_121_125_127_129_135_137_139_141_146_148_152_158_160_162_166_168_171_173_176_182_185_191_197_199_203_206_212_214_218_220_224_231_233_235_238_241_243_244_251_253_255_256_258_259_264_268_270_271_272_274_279_284  1.51e+10  1.34e+10 -41270.89  65284.09  13049.52    798.92     80.41    122.30   6125.50  -9802.10      0.00 0
3396 14.0      102_110_116_117_128_140_148_157_158_167_181_182_190_191_197_200_205_206_214_220_226_227_231_235_238_243_246_250_253_255_258_264_267_270_271_274_279_281_284_291  5.75e+10  5.22e+10 -32784.87  33385.43  11242.26    812.36     76.49    134.48   4473.06 -10321.55      0.00 0
3397 14.0      129_141_158_162_168_173_181_182_191_197_200_206  2.95e+09  2.58e+09  13670.93  10972.08   7925.89    785.11     65.67     38.75   1496.35  -5657.45      0.00 0
3398 14.0      0_1_2_3_4_5_6_7_8_9_10_11_12_13_14_15_16_17_18_19_20_21_22_25_26_27_28_29_30_33_34_35_36_39_40_41_42_43_44_45_46_53_54_55_56_63_66_67_68_77_78_79_80_89_91_92_102_103_116_117_148  1.05e+09  9.42e+08    810.01  27132.36   9479.26    773.87     70.75     88.29    174.05   -977.45      0.00 0
3399 14.0      64_68_84_90_96_104_108_112_118_130_138_142_149_159_169_180_183_192_201_207_225  2.75e+09  2.47e+09   9014.88 -22335.05   8747.45    833.69     70.04    291.98   1202.71   5049.34      0.00 0
