#event_number primary_type du_ids energy_primary em_energy Xmax_pos(x, y, z), Xmax_grams zenith azimuth shower_core_pos_x shower_core_pos_y shower_core_pos_z, N_tested_cores, units are degrees, GeV and meters
4900 14.0      0_1_2_3_4_5_6_7_8_9_10_11_12_13_14_15_16_17_18_19_20_21_22_23_24_25_26_27_28_29_30_31_32_33_34_35_36_37_39_40_41_42_43_44_45_46_47_48_51_52_53_54_55_56_57_58_61_62_63_64_65_66_67_68_69_70_73_74_77_78_79_80_81_82_85_87_88_89_90_91_92_93_94_97_98_101_102_103_104_105_106_109_110_113_115_116_117_118_119_120_123_124_127_128_129_130_131_132_135_136_139_140_144_145_148_149_150_151_156_157_158_159_160_161_166_167_171_172_175_180_181_182_183_184_189_190_191_195_196_198_200_201_204_205_206_207_211_213_217_219_223_225_226_227_230_231_234_237_242_246_249_250_252_254_257_260_261_263_266_269_273_275_276_277_278_280_283_285_286_287_288_290_292_293_294_295_296_297_298  5.25e+09  4.71e+09  -1591.43 157206.58  13809.80    887.04     84.98     90.58  -3079.07    870.60      0.00 0
4901 14.0      42_46_56_64_68_77_80_84_90_92_96_101_104_108_109_112_115_118_122_126_127_130_134_135_138_139_142_147_149_153_155_156_159_160_163_165_166_169_171_174_177_179_180_183_186_188_189_192_194_195_201_204_207_208_210_216_222_225_236_240  1.70e+10  1.55e+10  57107.21 -19574.44  10894.70   1070.10     79.77    341.08   1958.23   4424.62      0.00 0
4902 14.0      258_259_264_267_270_271_272_274_275_277_279_281_284_286_287_288_289_291_293_294_295_296_297_298  1.38e+09  1.22e+09  33426.90  17460.30  10437.29    815.95     74.53     27.58   2149.25 -11187.99      0.00 0
4903 14.0      0_1_2_3_4_5_6_7_8_9_10_11_12_13_14_15_16_17_18_19_20_21_22_23_24_25_26_27_28_29_30_31_32_33_34_35_36_37_38_39_40_41_42_43_44_45_46_47_48_49_50_51_52_53_54_55_56_57_58_59_60_61_62_63_64_65_66_67_68_69_70_71_72_73_74_75_76_77_78_79_80_81_82_83_84_85_86_87_88_90_92_93_94_95_96_97_98_99_100_101_104_105_106_108_109_110_112_113_114_115_118_119_120_122_123_124_126_127_130_131_132_133_134_135_136_138_139_142_143_144_145_147_149_150_151_153_155_156_159_160_163_164_165_166_169_170_171_174_175_177_179_180_183_184_186_188_189_192_194_195_201_204_207_208_210_216_222_225_236_240  2.45e+10  2.16e+10 201228.36  72923.09  13315.89    861.31     86.44     19.92   4048.91   4186.64      0.00 0
4904 14.0      8_16_20_24_28_32_35_37_40_44_45_48_52_55_58_62_66_67_69_70_73_74_78_79_82_85_88_91_94_97_98_102_103_106_110_111_113_116_117_120_123_124_128_129_131_132_136_140_141_144_145_148_151_157_158_161_167_168_172_173_175_181_182_184_190_191_196_197_198_199_200_205_206_211_212_213_214_217_219_220_223_224_226_227_230_231_234_235_237_238_242_243_244_246_249_250_252_253_254_255_256_257_258_259_260_261_263_264_266_267_269_270_271_272_273_274_275_276_277_278_279_280_281_283_284_285_286_287_288_289_290_291_292_293_294_295_296_297_298  1.48e+10  1.36e+10 133570.30 -121497.01  13703.29    880.20     85.66    317.71  -1116.14  -6991.47      0.00 0
4905 14.0      0_1_2_3_4_5_6_7_8_9_10_11_12_13_14_15_16_17_18_19_20_21_22_23_24_25_26_27_28_29_30_31_32_33_34_35_36_38_39_40_41_42_43_44_45_46_47_49_50_51_53_54_55_56_57_59_60_61_63_64_65_67_68_71_72_75_77_78_79_80_81_83_87_89_91_92_95_101_103_105_107_109_111_115_117_121_127_129_137_139_141_152_158_162_166_168_173_185_191_197_199_212_214_218_220_224_235_241_243_244_255_256_259_264_271_272_279  1.32e+10  1.16e+10  22090.74 -38934.19  10705.73    883.97     76.55    299.57   1917.04  -2656.20      0.00 0
4906 14.0      3_4_10_12_17_18_21_22_25_26_30_33_34_38_41_42_46_49_50_53_54_56_59_60_63_64_67_68_71_72_75_76_80_83_84_86_89_90_92_95_96_99_100_104_107_108_111_112_114_118_121_122_125_126_129_130_133_134_137_138_141_142_143_146_147_149_152_153_154_155_159_162_163_164_165_168_169_170_173_174_176_177_178_179_180_183_185_186_187_188_192_193_194_197_199_201_202_203_207_208_209_212_214_215_218_220_224_225_228_229_232_233_235_238_241_243_244_245_247_248_251_255_256_258_259_262_264_265_268_271_272_274_279_282_284  3.72e+09  3.28e+09 -21962.30  91549.98  13734.63    781.24     81.70    103.49   4929.10  -4787.17      0.00 0
4907 14.0      42_46_50_54_60_64_68_72_76_80_84_86_90_92_96_100_104_108_112_114_115_118_122_126_130_133_134_138_142_143_147_149_153_154_155_156_159_163_164_165_166_169_170_180_183_187_189_192_193_195_201_204_215  1.66e+09  1.41e+09 -28473.82  28924.64  11653.78    660.64     73.98    134.55   2148.99   2977.79      0.00 0
4908 14.0      69_70_73_74_85_93_94_97_98_113_119_123_131_144_150  1.78e+09  1.67e+09   3250.77 -17659.95   7994.81    786.97     66.00    280.43  -3377.41    859.26      0.00 0
4909 14.0      0_1_2_3_4_5_6_7_8_9_10_11_12_14_15_16_17_18_19_22_23_24_25_26_27_30_31_32_33_34_36_37_38_39_42_43_46_47_48_49_50_51_54_56_57_58_60_61_64_65_68_69_70_71_72_73_74_75_76_77_80_81_84_85_86_87_90_92_93_96_97_98_99_100_101_104_105_108_109_112_113_114_115_118_119_122_123_126_127_130_131_132_134_135_138_139_142_143_144_147_149_150_153_155_156_159_160_163_165_166_169_170_171_174_177_179_180_183_186_188_189_192_194_195_201_204_207_208_210_216_222_225_236_240  3.09e+09  2.68e+09 -281421.78 -15980.29  12405.53    719.93     87.48    183.25  -3829.66   4886.59      0.00 0
4910 14.0      21_25_33_38_41_45_49_53_55_59_63_67_71_72_75_76_79_83_86_89_91_95_99_100_103_107_111_114_116_117_121_125_126_129_133_134_137_141_143_148_155_157_158_162_168_173_181_182_190_191_197_200_205_206_213_214_226_227_230_231_237_246_249_250_252_257_260_266_269_273_276_280_283_288_290_292_296  1.02e+09  8.83e+08  22509.40  39898.89  11659.90    728.22     75.72     60.57    652.06  -5279.83      0.00 0
4911 14.0      0_1_2_3_4_5_6_7_8_9_10_11_12_13_14_15_16_17_18_19_20_21_22_23_24_25_26_27_28_29_30_31_32_33_34_35_36_37_38_39_40_41_42_43_44_45_46_47_48_49_50_51_52_53_54_55_57_58_59_60_62_63_64_66_67_68_69_70_71_72_73_74_75_76_78_79_81_82_83_84_85_86_88_89_91_94_95_96_97_98_99_100_102_103_106_107_110_111_113_114_116_117_120_121_122_124_125_126_128_129_131_132_133_134_136_137_140_141_143_145_146_147_148_151_152_154_155_157_158_161_162_164_165_167_170_172_175_176_178_179_184_185_187_188_193_194_198_202_203_208_209_210_215_216_217_221_222_228_229_232_236_239_240_245_247  5.62e+09  4.95e+09 -113035.66 -15423.67  13926.80    820.99     83.04    187.77   5902.37   -789.98      0.00 0
4912 14.0      39_43_51_57_61_65_73_77_81_87_93_97_105_113_119_123_131  7.59e+10  6.91e+10  16168.30   6538.99   7608.71    845.70     66.43     22.02  -3197.60   1563.71      0.00 0
4913 14.0      0_2_3_5_8_9_12_13_16_17_20_21_24_25_28_29_32_33_35_38_40_41_44_45_48_49_52_53_55_58_59_62_63_66_67_71_74_75_78_79_82_83_86_88_89_94_95_99_106_107_114_121_125_133_146_154_164_178_187_193_215  2.82e+10  2.52e+10  29286.30   1058.53   9110.79    900.67     72.73      2.07   1887.13  -1559.46      0.00 0
4914 14.0      0_1_2_3_4_5_6_7_8_9_10_11_13_14_15_16_19_20_23_24_27_28_29_31_32_35_36_37_39_43_44_47_48_51_56_57_61_65_69_73_77_81_87_93_101_105_109_119_127_135_139_150_160_166_171_189_195  1.07e+10  9.67e+09  16020.17 -32904.49  10211.22    838.13     74.41    295.96  -2900.60   4444.29      0.00 0
4915 14.0      21_28_29_33_35_40_41_44_45_53_55_59_62_63_66_67_75_78_79_82_83_88_89_91_95_99_102_103_106_107_110_111_116_117_120_121_125_128_129_133_136_137_140_141_145_146_148_151_152_154_157_158_161_162_164_167_168_170_172_173_175_176_178_181_182_184_185_187_190_191_193_196_197_198_199_200_202_203_205_206_208_209_211_212_213_214_215_217_218_219_220_221_223_224_226_227_228_229_230_231_232_233_234_235_236_237_238_239_241_242_243_244_245_246_247_248_249_250_251_252_253_254_255_256_257_258_259_260_261_262_263_264_265_266_267_268_269_270_271_272_273_274_275_276_277_278_279_280_281_282_283_284_285_286_287_288_289_290_291_292_296  1.74e+09  1.50e+09 -201992.44 -46745.04  14134.40    758.01     86.10    193.03  -2470.38  -7101.37      0.00 0
4916 14.0      158_162_168_173_181_182_191_197_199_200_205_206_212_214  4.17e+10  3.74e+10 -16282.78  -5923.23   7609.48    841.06     66.29    199.99   1805.27  -5829.72      0.00 0
4917 14.0      121_125_129_137_141_146_152_154_158_162_164_168_170_173_176_178_182_185_187_191_193_194_197_199_200_202_203_206_208_209_212_214_215_218_220_221_222_224_226_227_228_229_230_231_232_233_235_236_238_239_240_241_243_244_245_246_247_248_249_250_251_252_253_255_256_258_259_260_261_262_264_265_266_267_268_269_270_271_272_274_275_276_277_279_280_281_283_284_286_287_288_289_290_291_292_293_294_295_296_297_298  3.09e+09  2.67e+09  56348.54  61969.67  13730.91    730.59     80.69     47.72   3983.63  -6019.01      0.00 0
4918 14.0      0_1_2_3_4_5_6_7_8_9_10_11_12_13_14_15_16_17_18_19_20_21_23_24_25_26_27_28_29_31_32_33_35_37_38_39_40_41_44_45_47_48_49_51_52_53_55_57_58_59_61_62_63_65_66_67_69_70_71_73_74_75_78_79_81_82_83_85_87_88_89_91_93_94_95_97_98_99_102_103_105_106_107_111_113_117_119_121_123_124_125_129_131_132_135_137_141_144_146_150_152_162_173_176_178_185_199_202_203_218_224_228_233_241_248_251_265  4.07e+09  3.56e+09  54102.11 -32946.36  12806.97    731.89     78.57    328.66  -2765.08    344.74      0.00 0
4919 14.0      0_1_2_3_4_5_6_7_8_9_10_11_12_13_14_15_16_17_18_19_20_21_23_24_25_26_28_29_31_32_33_35_37_38_40_41_44_45_47_48_49_50_51_52_53_55_57_58_59_62_63_66_67_69_70_71_72_73_74_75_78_79_82_83_85_86_88_89_91_93_94_95_97_98_99_102_103_106_107_110_111_113_114_116_117_120_121_123_124_125_128_129_131_132_133_136_137_140_141_145_146_148_151_152_154_158_161_162_164_168_173_175_176_178_185_187_193_197_199_202_203_209_212_215_218_221_224_228_229_232_233_239_241_245_247_248_251_256_262_265_268_282  1.95e+10  1.80e+10 -79501.61  20767.90  12647.09    904.07     81.25    165.36   1767.28  -2538.32      0.00 0
4920 14.0      129_141_148_152_158_162_168_173_176_181_182_185_190_191_196_197_199_200_202_203_205_206_209_212_213_214_218_219_220_224_226_227_228_229_230_231_232_233_234_235_237_238_241_242_243_244_245_246_247_248_249_250_251_252_253_254_255_256_257_258_259_260_261_262_263_264_265_266_267_268_269_270_271_272_273_274_275_276_277_278_279_280_281_282_283_284_285_286_287_288_289_290_292_294_296  2.14e+10  1.89e+10 -84122.23 -34278.27  13365.20    826.14     81.63    202.17   -369.69  -8572.57      0.00 0
4921 14.0      158_168_173_181_182_190_191_196_197_199_200_205_206_211_212_213_214_218_219_220_224_226_227_230_231_234_235_237_238_241_242_243_244_246_249_250_252_253_254_257_260_263_266_269_273_278_285  3.72e+10  3.40e+10 -40927.86 -10523.72  10606.93    862.44     75.91    194.42  -2779.38  -8032.07      0.00 0
4922 14.0      125_133_146_154_176_178_185_202_203_209_218_228_233_241_248_251_265_268  2.00e+10  1.82e+10   8186.18 -18386.46   8115.29    838.34     68.04    294.00   5701.48  -3994.58      0.00 0
4923 14.0      0_1_2_3_4_5_6_7_8_9_10_11_12_13_14_15_16_17_18_19_20_21_22_23_24_25_26_27_28_29_30_31_32_33_34_35_36_37_38_39_40_41_42_43_44_45_46_47_48_49_50_51_52_53_54_55_56_57_58_59_60_61_62_63_64_65_66_67_68_69_70_71_72_73_74_75_76_77_78_79_80_81_82_83_84_85_86_87_88_89_90_91_92_93_94_95_97_98_99_101_102_103_104_105_106_107_109_110_111_113_115_116_117_118_119_120_121_123_124_125_127_128_129_131_132_135_136_137_139_140_141_144_145_146_148_149_150_151_152_156_157_158_160_161_162_166_167_168_171_172_173_175_176_180_181_182_184_185_189_190_191_195_196_197_198_199_200_203_204_205_206_211_212_213_214_218_219_220_224_226_227_230_231_233_235_237_238_241_243_244_246_249_250_251_252_253_255_256_258_259_260_261_264_266_267_268_270_271_272_274_275_276_277_279_281_284_286_287_289_291_293_295_298  5.75e+10  5.28e+10  87498.52 -150579.27  13859.27    864.03     85.45    300.16   -810.22  -2206.45      0.00 0
4924 14.0      270_271_274_277_279_281_284_286_287_289_291_293_294_295_297_298  1.23e+10  1.10e+10 -31371.55 -14462.48  10357.34    772.43     73.31    204.75   3197.85 -11094.95      0.00 0
4925 14.0      0_1_2_3_4_5_6_7_8_9_10_11_12_13_14_15_16_17_18_19_20_22_23_24_25_26_27_28_30_31_32_34_36_37_38_39_40_42_43_46_47_48_50_51_52_54_56_57_58_60_61_62_64_65_68_69_70_73_74_76_77_80_81_82_84_85_87_90_92_93_94_96_97_98_101_104_105_106_108_109_112_113_115_118_120_122_123_124_126_130_131_132_136_138_142_145_147_149_151_153_159_163_169_174_175_177_184_186_192  6.61e+10  5.87e+10  50378.54  38838.73  11996.56    873.09     79.32     37.63    447.56   2231.06      0.00 0
4926 14.0      0_1_2_3_4_5_6_8_9_11_12_13_16_17_18_20_21_24_25_26_28_29_32_33_34_35_37_38_40_41_44_45_48_49_50_52_53_55_58_59_62_63_66_67_70_71_72_74_75_76_78_79_82_83_86_88_89_91_94_95_98_99_100_102_103_106_107_110_111_114_116_117_120_121_124_125_128_129_132_133_134_136_137_140_143_145_146_151_152_154_161_164_165_170_175_176_178_184_187_188_193_194_208_209_215_216_217_221_222_232_236_239_240  5.37e+09  4.83e+09 -54391.35 -12048.31  11233.06    934.14     78.60    192.49   2523.29  -1482.08      0.00 0
4927 14.0      0_1_2_3_4_5_6_7_8_9_10_11_12_13_14_15_16_17_18_20_22_26_27_30_34_36_42_46_50_54_56_60_64_68_80_84_90_104_108_112_130_138_142_163_169_174  2.40e+09  2.06e+09 -14559.73 -22106.16   9608.19    735.36     70.05    236.63   1561.37   2379.16      0.00 0
4928 14.0      0_1_3_4_5_6_7_9_10_12_13_14_17_18_21_22_25_26_27_29_30_33_34_36_38_41_42_43_45_46_49_50_53_54_56_59_63_67_71_75_83_89_95_107_111_121_137_141_152_162  5.13e+09  4.56e+09 -11307.46  20619.31   8768.99    812.99     69.55    118.74   1636.97  -1142.71      0.00 0
4929 14.0      13_20_21_28_29_35_40_41_44_45_52_53_55_58_62_63_66_67_78_79_82_83_88_89_91_94_95_102_103_106_107_110_111_116_117_120_121_124_125_128_129_136_137_140_141_145_146_148_151_152_154_157_158_161_162_167_168_172_173_175_176_178_181_182_184_185_187_190_191_196_197_198_199_200_202_203_205_206_209_211_212_213_214_215_217_218_219_220_223_224_226_227_228_229_230_231_232_233_234_235_237_238_239_241_242_243_244_245_246_247_248_249_250_251_252_253_254_255_256_257_258_259_260_261_262_263_264_265_266_267_268_269_270_271_272_274_279_282  1.00e+10  8.85e+09 134630.84  -1386.40  13747.26    890.39     84.17    359.41   1708.99  -5375.73      0.00 0
4930 14.0      0_1_2_3_4_5_6_7_8_9_10_11_12_13_14_15_16_17_18_19_20_21_22_23_24_25_26_27_28_29_30_31_32_33_34_35_36_37_38_39_40_42_43_44_46_47_48_49_50_51_52_54_56_57_58_60_61_62_64_65_66_68_69_70_71_72_73_74_76_77_80_81_82_84_85_86_87_88_90_92_93_94_96_97_98_100_101_104_105_106_108_109_112_113_114_118_119_120_122_123_124_126_130_131_132_134_138_142_145_147_151_153_155_163_165_169_174_175_177_179_186_188_210_216  7.59e+09  6.59e+09  70437.12  31596.61  13154.32    781.39     80.33     24.16  -1439.05    619.16      0.00 0
4931 14.0      109_115_119_127_135_139_144_149_150_156_160_166_171_180_183_189_192_195_201_204_207_225  6.46e+09  5.69e+09 -33387.06 -22545.30  10877.62    779.97     74.89    214.03  -3078.67   4731.21      0.00 0
4932 14.0      0_1_2_3_4_5_6_7_8_9_10_11_12_13_14_16_17_18_20_21_22_24_25_26_28_29_30_32_33_34_35_38_40_41_42_44_45_49_50_52_53_54_55_58_59_60_62_63_64_66_67_68_71_72_75_76_78_79_82_83_84_86_88_89_90_91_94_95_96_99_100_102_103_106_107_108_110_111_114_116_117_120_121_122_125_126_128_129_133_134_136_137_138_140_141_143_146_147_148_151_152_153_154_155_157_158_161_162_163_164_165_167_168_170_172_173_176_177_178_179_181_182_184_185_186_187_188_190_191_193_194_196_197_198_199_200_202_203_205_206_208_209_210_211_212_213_214_215_216_217_218_219_220_221_222_223_226_227_229_230_231_232_234_236_237_238_239_240_242_246_249_250_252_254_257_260_261_263_266_269_273_276_278_280_283_285_288_290_292_296  1.48e+09  1.27e+09 -104374.37 -104119.64  14923.16    716.36     84.22    224.93   5335.70    736.92      0.00 0
4933 14.0      161_167_172_190_196_198_200_205_211_213_219_226_227_230_237_246_249_250_252_260_261_266_267_275_276_277_281_286_287_289_291_295  1.23e+10  1.10e+10  17953.51 -23738.79   9441.50    843.42     72.40    307.10   -573.21  -8670.56      0.00 0
4934 14.0      0_1_2_3_4_5_6_7_8_9_10_11_12_13_14_15_16_17_18_19_20_22_23_24_25_26_27_28_30_31_32_34_36_37_38_39_40_42_43_46_47_48_50_51_52_54_56_57_58_60_61_62_64_65_68_69_70_72_73_74_76_77_80_81_82_84_85_87_90_92_93_94_96_97_98_100_101_104_105_106_108_109_112_113_115_118_119_120_122_123_124_126_127_130_131_132_135_138_139_142_144_145_147_149_150_153_155_156_159_160_163_166_169_171_174_175_177_179_180_183_186_189_192_207_210  3.55e+10  3.28e+10  89106.83  47898.87  13049.26    931.86     82.65     28.26  -2038.67   1732.59      0.00 0
4935 14.0      101_109_115_118_119_127_135_139_144_149_150_156_159_160_166_171_180_183_189_192_195_201_204_207  3.39e+10  3.05e+10  29765.35  12377.93   9867.98    816.07     72.98     22.58  -3223.63   4410.88      0.00 0
4936 14.0      0_1_2_3_4_5_6_7_8_9_10_11_12_13_14_15_16_17_18_19_20_21_22_23_24_25_26_27_28_29_30_31_32_33_34_35_36_37_38_39_40_41_42_43_44_45_46_47_48_49_50_51_52_53_54_55_56_57_58_59_60_61_62_63_64_65_66_67_68_69_70_71_72_73_74_75_76_77_78_79_80_82_83_84_85_86_88_89_90_91_92_94_96_98_99_100_102_104_106_108_110_112_114_116_118_120_122_124_126_128_130_134_136_138_140_142_145_147_151_153_155_157_161_163_167_169_172_174_175_177_179_184_186_188_196_198_210_211_217_223_234_254  7.24e+09  6.61e+09  51354.17  55574.09  12784.79    833.18     80.41     47.26   3581.20   3483.06      0.00 0
4937 14.0      0_1_2_3_4_5_6_7_8_9_10_11_12_13_14_15_16_17_18_19_20_21_22_23_24_25_26_27_28_29_30_31_32_33_34_35_36_37_38_39_40_41_42_43_44_45_46_47_48_49_50_51_52_53_54_55_56_57_58_59_60_61_62_63_64_65_66_67_68_69_70_71_72_73_74_75_76_77_78_79_80_81_82_83_84_85_86_87_88_89_90_91_92_93_94_95_96_97_98_99_100_101_102_103_104_105_106_107_108_109_110_111_112_113_114_115_118_119_120_121_122_123_124_125_126_127_129_130_131_132_133_134_135_136_137_138_139_141_142_143_144_145_146_147_149_150_151_152_153_154_155_156_159_160_162_163_164_165_166_169_170_171_174_175_176_177_178_179_180_183_185_186_187_188_189_192_193_194_195_201_202_203_204_207_208_209_210_215_216_221_222_225_228_229_232_236_239_240_245_247_248_262  4.90e+10  4.39e+10 279977.72 -37456.48  11740.30    806.62     87.62    352.38   6131.50   1287.84      0.00 0
4938 14.0      162_168_173_176_178_182_185_191_197_199_200_202_203_206_209_212_214_218_220_224_226_227_228_229_230_231_232_233_235_238_239_241_243_244_245_246_247_248_249_250_251_252_253_255_256_257_258_259_260_261_262_264_265_266_267_268_269_270_271_273_274_275_276_277_280_281_283_284_285_286_287_288_289_290_292_293_294_295_296_297  2.63e+10  2.37e+10 -46635.65 -36213.45  11477.16    925.15     79.00    217.83    341.66  -9384.24      0.00 0
4939 14.0      0_1_2_3_4_5_6_7_10_11_12_14_15_16_17_18_19_22_23_24_25_26_27_30_31_32_34_36_37_38_39_42_43_46_47_48_49_50_51_54_56_57_60_61_64_65_68_69_70_71_72_73_74_76_77_80_81_84_85_86_87_90_92_93_96_97_98_100_101_104_105_108_109_112_113_114_115_118_119_122_123_126_127_130_131_132_134_135_138_139_142_143_144_147_149_150_153_155_156_159_160_163_165_166_169_170_171_174_177_179_180_183_186_188_189_192_194_195_201_204_207_208_210_216_222_225_236_240  8.32e+09  7.21e+09 -239168.50 -16304.87  13402.64    761.32     86.80    183.90  -1125.43   4767.92      0.00 0
4941 14.0      168_173_181_182_185_191_197_199_200_203_205_206_212_213_214_218_220_224_226_227_228_229_230_231_233_235_237_238_241_242_243_244_245_246_247_248_249_250_251_252_253_255_256_257_258_259_260_261_262_263_264_265_266_267_268_269_270_271_272_273_274_275_276_277_278_279_280_281_282_283_285_286_288_290_292  3.47e+10  3.12e+10  58105.02  20405.03  11836.87    882.52     79.12     19.35   4848.77  -6822.53      0.00 0
4942 14.0      116_128_157_167_181_190_196_205_213_219_230_237_242_249_252_257_263_266_269_273_278_280_283_285_290_292  4.47e+10  4.03e+10 -13655.39 -27364.54   9736.59    805.09     72.34    243.48  -3008.76  -9177.29      0.00 0
4943 14.0      0_1_2_3_4_5_6_7_8_9_10_11_12_13_14_15_16_17_18_19_20_21_22_23_24_25_26_27_28_29_30_31_32_33_34_35_36_37_38_39_40_41_42_43_44_45_46_47_48_49_50_51_52_53_54_55_56_57_58_59_60_61_62_63_64_65_66_67_68_69_70_71_72_73_74_75_76_77_78_79_80_81_82_83_84_85_86_87_88_89_90_91_92_93_94_95_96_97_98_99_100_101_102_103_104_105_106_107_108_109_110_111_112_113_114_115_116_117_118_119_120_121_122_123_124_125_126_127_128_129_130_133_134_135_136_137_138_139_140_141_142_143_145_146_147_148_149_150_151_152_153_154_155_156_157_158_159_160_161_162_163_164_165_166_167_168_169_170_171_172_173_174_176_177_178_179_180_181_182_183_184_185_186_187_188_189_190_191_192_193_194_195_196_197_198_199_200_201_202_203_204_205_206_207_209_210_211_212_213_214_216_218_219_220_223_224_225_226_227_228_230_231_233_234_235_237_238_241_242_243_244_246_249_250_252_253_254_255_256_257_258_259_260_261_263_264_266_267_269_270_271_273_274_275_276_277_278_279_280_281_283_284_285_286_287_288_289_290_291_292_293_294_295_296_297_298  1.95e+09  1.66e+09  21122.15 236668.91  13450.85    762.20     86.76     84.90    658.13  -7108.64      0.00 0
4944 14.0      0_3_4_5_6_9_10_12_17_18_21_25_26_29_33_38_41_49_53_59_63_67_71_75_83_89_95_107_121_137_152  1.74e+10  1.58e+10  11618.19 -13512.16   7476.30    889.65     67.24    310.69   2054.49  -1551.48      0.00 0
4945 14.0      227_231_238_250_253_258_267_270_274_279_284  2.51e+10  2.23e+10  13034.88  -8243.49   7155.76    858.09     65.11    327.69   2494.27  -9044.66      0.00 0
4946 14.0      0_1_2_3_4_5_6_7_8_9_10_11_12_13_14_15_16_17_18_19_20_21_22_23_24_25_26_27_28_29_30_31_32_33_34_35_36_37_38_39_40_41_42_43_44_45_46_47_48_49_51_52_53_54_55_56_57_58_59_61_62_63_65_66_67_68_69_70_73_74_77_78_79_80_81_82_83_85_87_88_89_91_92_93_94_97_98_101_102_103_105_106_107_109_110_111_113_115_116_117_118_119_120_123_124_127_128_129_131_132_135_136_137_139_140_141_144_145_148_149_150_151_156_157_158_160_161_162_166_167_168_171_172_173_175_180_181_182_184_189_190_191_195_196_197_198_199_200_204_205_206_211_212_213_214_217_219_220_223_226_227_230_231_234_235_237_238_242_243_246_249_250_252_253_254_255_257_258_260_261_263_264_266_267_269_270_271_273_274_275_276_277_278_279_280_281_283_284_285_286_287_288_289_290_291_292_293_294_295_296_297_298  7.76e+09  6.70e+09  83208.95 -224822.42  13276.88    778.80     86.83    290.31  -2542.68  -3688.33      0.00 0
4947 14.0      4_10_12_17_18_21_22_25_26_30_33_34_36_38_41_42_46_49_50_53_54_56_59_60_63_64_68_71_72_75_76_80_83_84_86_89_90_92_95_96_99_100_104_107_108_111_112_114_115_118_121_122_125_126_130_133_134_137_138_141_142_143_146_147_149_152_153_154_155_159_162_163_164_169_173_174_176_178_180_183_185_187_192_199_201_202_203_204_207_209_212_218_220_224_225_228_233_235_241_243_244_248_251_255_256_259_264_265_268_271_272_279  1.26e+10  1.11e+10 -18603.01  53450.59  11802.77    834.23     78.22    109.19   3606.99  -1541.43      0.00 0
4948 14.0      0_1_2_3_4_5_6_7_8_9_10_11_12_13_14_15_16_17_18_19_20_21_22_23_24_25_26_27_28_29_30_31_32_33_34_35_36_37_38_39_40_42_43_44_46_47_48_50_51_52_54_55_56_57_58_60_61_62_64_65_66_68_69_70_73_74_76_77_78_80_81_82_84_85_87_88_90_92_94_96_98_101_102_104_106_108_110_112_113_115_118_120_122_124_130_132_136_138_140_142_145_151_153_159_161_163_169_172_174_175_184_186_192_198_217_223  1.38e+09  1.22e+09 -38467.58 -45263.24  12734.54    708.33     77.90    229.64     14.71   1211.75      0.00 0
4949 14.0      31_37_47_51_57_61_69_70_73_74_81_85_87_93_97_98_105_109_113_124_132  1.10e+10  9.63e+09  -7436.73 -16258.22   7577.86    869.58     67.03    245.42  -2763.98   1064.63      0.00 0
4950 14.0      39_47_51_57_61_65_69_70_73_77_81_85_87_92_93_97_98_101_105_109_113_115_118_119_123_124_127_131_132_135_139_144_145_149_150_156_159_160_166_171_180_183_189_192_195_201_204_207_225  4.90e+09  4.16e+09 -61217.64 -76795.91  14134.79    736.62     81.81    231.44  -4197.82   2928.29      0.00 0
4951 14.0      8_11_13_16_20_23_24_28_32_35_37_40_44_45_47_48_52_55_57_58_62_66_69_70_73_74_78_79_82_85_88_91_93_94_97_98_102_103_106_110_113_116_117_119_120_123_124_128_129_131_132_136_140_144_145_148_150_151_157_158_161_167_168_172_173_175_181_182_184_190_191_196_197_198_200_205_206_211_212_213_214_217_219_220_223_226_227_230_231_234_235_237_238_242_243_246_249_250_252_253_254_255_257_258_260_261_263_264_266_267_269_270_271_273_274_275_276_277_279_280_281_283_284_286_287_288_289_291_293_294_295_297_298  9.12e+09  8.48e+09 -71667.58  94145.30  12937.22   1014.00     83.76    127.28  -2491.45  -4564.23      0.00 0
4952 14.0      0_1_2_3_4_5_6_7_8_9_10_11_12_13_14_15_16_17_18_19_20_21_22_23_24_25_26_27_28_29_30_31_32_33_34_35_36_37_38_39_40_41_42_43_44_45_46_47_48_49_50_51_52_53_54_55_56_57_58_59_60_61_62_63_64_65_66_67_68_69_70_71_72_73_74_75_76_77_78_79_80_81_82_83_84_85_86_87_88_90_92_93_94_95_96_97_98_99_100_104_105_106_108_112_113_114_120_122_123_124_125_126_131_132_133_134_138_143_145_147_151_153_155_163_164_165_170_175_177_179_186_188_193_194_208_210_216_221_222_236_240  3.72e+09  3.34e+09  88162.10  23096.00  13945.94    735.07     81.30     14.68   5907.45   1885.45      0.00 0
4953 14.0      128_140_148_151_157_161_167_172_175_181_182_184_190_191_196_198_200_205_206_211_213_214_217_219_220_226_227_230_231_238_243_246_249_250_253_258_261_264_267_270_271_274_279_284  2.34e+09  2.03e+09 -32772.91  20217.26  10969.05    736.16     74.10    148.33    324.74  -7222.28      0.00 0
4954 14.0      0_1_2_3_4_5_6_7_8_9_10_11_12_13_14_15_16_17_18_19_20_21_22_23_24_25_26_27_28_29_30_31_32_33_34_35_36_37_38_39_40_41_42_43_44_45_46_47_48_49_50_51_52_53_54_55_56_57_58_59_60_61_62_63_64_65_66_67_68_69_70_71_72_73_74_75_76_77_78_79_80_81_82_83_84_85_86_87_88_89_90_91_92_93_94_95_96_97_98_99_100_101_102_103_104_105_106_107_108_109_110_111_112_113_114_115_116_117_118_119_120_121_122_123_124_125_126_127_128_129_130_131_132_133_134_135_136_137_138_139_140_141_142_143_144_145_146_147_148_149_150_151_153_154_155_156_157_158_159_160_161_163_164_165_166_167_168_169_170_171_172_174_175_177_179_180_181_182_183_184_186_188_189_190_191_192_194_196_198_200_201_204_205_206_207_210_211_213_216_217_219_223_225_226_227_230_234_237_242_246_249_252_254_257_260_263_266_269_273_276_278_280_283_285_288_290_292  1.07e+09  9.05e+08 117599.88 172978.06  13562.93    837.14     86.29     55.79  -1338.67  -1727.00      0.00 0
4955 14.0      4_6_7_10_12_14_15_18_19_22_26_27_30_31_34_36_38_39_42_43_46_50_51_54_56_57_60_61_64_65_68_71_72_76_77_80_81_84_86_87_90_92_93_96_100_101_104_105_108_109_112_114_115_118_119_122_123_126_127_130_134_135_138_139_142_143_144_147_149_150_153_155_156_159_160_163_164_165_166_169_170_171_174_177_179_180_183_186_188_189_192_193_194_195_201_204_208_210_216_221_222_236_240  6.03e+10  5.62e+10 -83072.02  20542.86  12544.97    946.49     81.66    166.11    653.10   3514.55      0.00 0
4956 14.0      0_1_2_3_4_5_6_7_8_9_10_11_12_13_14_15_16_17_18_19_20_21_22_23_24_25_26_27_28_29_30_31_33_34_35_36_37_38_39_41_42_43_44_45_46_47_49_50_51_53_54_55_56_57_59_60_61_63_64_65_67_68_71_72_73_75_76_77_79_80_81_83_84_86_87_89_90_92_93_95_96_99_100_101_103_104_105_107_108_109_111_112_114_115_118_119_121_122_125_126_127_129_130_133_134_135_137_138_139_141_142_143_146_147_149_150_152_153_154_155_156_159_160_162_163_164_165_166_168_169_170_171_173_174_176_177_178_179_180_183_185_186_187_188_189_192_193_194_195_199_201_202_203_204_207_208_209_210_212_215_216_218_221_222_224_225_228_229_232_233_235_236_239_240_241_244_245_247_248_251_255_256_259_262_265_268_271_272_282  3.98e+09  3.44e+09 132470.08 -170594.91  13929.48    764.03     86.31    307.83   1268.10   4388.43      0.00 0
4957 14.0      0_1_2_3_4_5_6_7_8_9_10_11_12_13_14_15_16_17_18_19_20_21_22_23_24_25_26_27_28_29_30_31_32_33_34_35_36_37_38_39_40_41_42_44_46_47_48_49_50_51_52_53_54_57_58_59_60_62_64_66_68_69_70_71_72_73_74_75_76_82_84_85_86_90_94_96_98_99_100_108_113_114_120_122_124_126_132_134_143_145_147_155_165_170_177_179_188_194_210_216_222_240  5.37e+09  4.70e+09 -34946.90 -11327.97   9357.32   1027.00     75.71    197.96   2103.72    684.51      0.00 0
4958 14.0      14_22_27_30_34_36_39_42_43_46_54_56_60_61_64_65_68_76_77_80_84_87_90_92_96_100_101_104_108_112_122_126_134_147_155  2.19e+10  2.01e+10 -22074.35   2819.96   8587.00    811.52     68.90    172.72   1985.75   2170.16      0.00 0
4959 14.0      0_1_2_3_4_5_6_7_8_9_10_11_12_13_14_15_16_17_18_20_21_22_23_24_25_26_28_29_30_32_33_34_35_37_38_40_41_44_45_48_49_50_52_53_54_55_58_59_60_62_63_66_67_70_71_72_74_75_76_78_79_82_83_84_86_88_89_91_94_95_96_98_99_100_102_103_106_107_110_111_114_116_117_120_121_122_124_125_126_128_129_133_134_136_137_140_141_143_145_146_147_148_151_152_154_155_157_158_161_164_165_167_170_172_175_178_179_181_184_187_188_190_193_194_196_198_208_210_211_213_215_216_217_219_221_222_223_234_236_240_254  9.12e+09  8.02e+09  83486.29  42409.98  14078.24    726.48     81.45     26.93  -1652.53  -3261.98      0.00 0
4960 14.0      7_10_14_18_19_22_26_27_30_34_36_39_42_43_46_50_51_54_56_57_60_61_64_65_68_72_76_77_80_81_84_86_87_90_92_93_96_100_101_104_105_108_109_112_114_115_118_119_122_123_126_127_130_134_135_138_139_142_143_144_147_149_150_153_155_156_159_160_163_165_166_169_170_171_174_177_179_180_186_188_189_194_195_208_210_216_222_236_240  5.50e+09  4.77e+09 -65916.20  12788.94  12845.11    757.44     79.17    169.02   3361.75   2677.73      0.00 0
4961 14.0      87_101_105_109_115_119_127_135_139_144_150_160  2.51e+09  2.16e+09  23496.50    878.00   8735.02    819.58     69.62      2.14  -4380.62   3532.53      0.00 0
4962 14.0      0_1_2_3_4_5_6_7_8_9_10_11_12_13_14_15_16_17_18_19_20_21_22_23_24_25_26_27_28_29_30_31_32_33_34_35_36_37_38_39_40_41_42_43_44_45_46_47_48_49_50_51_52_53_54_55_56_57_58_59_60_61_62_63_64_65_66_67_68_69_70_71_72_73_74_75_76_77_78_79_80_81_82_83_84_85_86_87_88_89_90_91_92_93_94_95_96_97_98_99_100_101_102_103_104_105_106_108_109_110_112_113_114_115_116_117_118_119_120_122_123_124_126_127_128_130_131_132_134_135_136_138_139_140_142_144_145_147_149_150_151_153_155_156_157_159_160_161_163_165_166_167_169_171_172_174_175_177_179_180_183_184_186_188_189_190_192_195_196_198_201_204_207_210_211_213_217_219_223_225_234_242_254_263_278  3.72e+09  3.39e+09 159081.39 167402.56  13113.38    835.07     86.75     46.46     22.36   3026.61      0.00 0
4963 14.0      191_197_199_200_203_205_206_212_214_218_220_224_226_227_228_230_231_233_235_237_238_241_243_244_245_246_247_248_249_250_251_252_253_255_256_257_258_259_260_261_262_263_264_265_266_267_268_269_270_271_272_273_274_275_276_277_278_279_280_281_282_283_284_285_286_287_288_289_290_291_292_293_294_295_296_297_298  4.37e+10  3.88e+10  97280.55  40374.52  13642.11    841.35     82.62     22.54    502.10 -10151.36      0.00 0
4964 14.0      157_167_181_182_190_196_200_205_206_213_226_227_231_246_250_253  5.75e+09  5.20e+09  14117.48 -12595.90   8120.78    795.94     66.77    318.26    -81.34  -7201.35      0.00 0
4965 14.0      75_86_95_99_100_107_111_114_121_122_125_126_133_134_137_141_143_146_147_152_153_154_155_162_164_165_168_170_173_176_177_178_179_185_186_187_188_191_193_194_197_199_202_203_206_208_209_210_212_214_215_216_218_220_221_222_224_228_229_231_232_233_235_236_238_240_241_243_244_250_251_253_255_256_258_259_264_267_270_271_274_277_279_281_284_287_289_291_295_298  3.72e+10  3.27e+10  19230.56  66321.65  13035.30    742.38     79.31     73.83   5313.26   -790.09      0.00 0
4966 14.0      102_110_116_117_128_129_136_140_141_148_157_158_161_162_167_168_172_173_181_182_184_185_190_191_196_197_198_199_200_205_206_212_214_218_220_224_227_231_233_235_238_241_243_244_248_251_255_256_258_259_264_265_268_271_272_282  3.89e+09  3.48e+09  52410.44 -13994.32  12046.05    765.74     77.48    345.05   5892.97  -7054.11      0.00 0
4967 14.0      0_1_2_3_4_5_6_7_9_10_11_12_14_15_17_18_19_21_22_23_25_26_27_30_31_33_34_36_38_39_42_43_46_47_49_50_51_53_54_56_57_59_60_61_64_65_68_71_72_75_76_77_80_81_83_84_86_87_90_93_95_96_99_100_101_105_109_114_119_125_126_133_134_135_143_146_150_154_164_165_170_178_187_193_208_209_215_221_229_232_239_247  1.02e+09  8.94e+08 -38520.77  17433.28  10966.37    795.62     75.46    155.65   3262.33      5.18      0.00 0
4968 14.0      148_157_158_167_181_182_190_196_205_211_213_219_223_234_237_242_254  7.94e+10  7.14e+10  19104.82   6810.44   8289.49    808.29     67.77     19.62  -2140.93  -6338.68      0.00 0
4969 14.0      4_6_10_12_14_18_22_25_26_30_34_36_38_42_46_49_50_54_60_64_71_72_75_76_84_86_96_99_100_114_133_134_143_164_170_193  7.41e+09  6.67e+09  21420.61  -6696.39   8669.00    801.16     68.88    342.64   3271.49    269.71      0.00 0
4970 14.0      0_1_2_3_4_5_6_7_8_9_10_11_12_13_14_15_16_17_18_19_20_21_22_23_24_25_26_27_28_29_30_31_32_33_34_35_36_37_38_39_40_41_42_43_44_45_46_47_49_50_51_52_53_54_55_56_57_59_61_63_65_66_67_71_75_77_78_79_81_83_87_89_91_95_101_103_105_107_109_111_117_121_129_137_141_146_152_158_162_168_173_176_185_191_197_199_203_212_214_218_220_224_233_235_238_241_243_244_251_255_256_258_259_264_268_271_272_274_279  3.39e+10  3.07e+10  28583.01 -46316.00  11449.46    874.63     78.12    301.68   3738.01  -5966.63      0.00 0
4971 14.0      0_1_2_3_4_5_6_7_8_9_10_11_12_13_14_15_16_17_18_19_20_21_22_23_24_25_26_27_28_29_30_31_32_33_34_35_36_37_38_39_40_41_42_43_44_45_46_47_48_49_50_51_52_53_54_55_56_57_58_59_60_61_62_63_64_65_66_67_68_69_70_71_72_73_74_75_76_77_78_79_80_81_82_83_84_85_86_87_88_89_90_91_92_93_94_95_96_97_98_99_100_101_102_103_104_105_106_107_108_109_110_111_112_113_114_115_116_117_118_119_121_122_123_125_126_127_128_129_130_131_132_133_134_135_137_138_139_141_142_143_144_146_147_148_149_150_152_153_154_155_156_157_158_159_160_162_163_164_165_166_168_169_170_171_173_174_176_177_178_179_180_181_182_183_185_186_187_188_189_191_192_193_194_195_197_199_200_201_202_203_204_206_207_208_209_210_212_214_215_216_218_220_221_222_224_225_227_228_229_231_232_233_235_236_238_239_240_241_243_244_245_247_248_250_251_253_255_256_258_259_262_264_265_267_268_270_271_272_274_279_281_282_284_291  1.00e+09  8.77e+08 -162473.48 260720.20  11049.83    768.51     87.94    121.93   6369.70   -398.25      0.00 0
4972 14.0      2_5_8_9_11_13_16_17_20_21_24_28_29_32_33_35_37_40_41_44_45_48_52_53_55_58_59_62_63_66_67_69_70_74_78_79_82_83_85_88_89_91_94_95_98_102_103_106_107_110_111_113_116_117_120_121_124_125_128_129_131_132_136_137_140_141_145_146_148_151_152_157_158_161_162_167_168_172_173_175_176_178_181_182_184_185_190_191_196_197_198_199_200_202_203_205_206_209_211_212_213_214_217_218_220_224_227_228_229_231_233_235_238_241_243_244_245_247_248_251_255_256_258_259_262_264_265_268_271_272_282  6.31e+10  5.68e+10 -94012.23  31821.38  13172.49    900.36     82.44    161.30   4644.24  -5483.83      0.00 0
4973 14.0      191_197_200_205_206_212_214_220_224_226_227_230_231_235_237_238_241_243_244_246_249_250_251_252_253_255_256_257_258_259_260_261_264_265_266_267_268_270_271_272_274_279_282  6.03e+10  5.39e+10  43732.32   3326.64  11073.51    800.36     75.83      4.35   4954.28  -7774.65      0.00 0
4974 14.0      0_1_2_3_4_5_6_7_8_9_10_11_12_13_14_15_16_17_18_19_20_21_22_23_24_25_26_27_28_29_30_31_32_33_34_35_36_37_38_39_40_41_42_43_44_45_46_47_48_49_50_51_52_53_54_55_56_57_58_59_60_61_62_63_64_65_66_67_68_69_70_71_72_73_74_75_76_77_78_79_80_81_82_83_84_85_86_87_88_89_90_91_92_93_95_96_97_98_99_100_101_102_103_104_105_107_108_109_111_112_113_114_115_116_117_118_119_121_123_125_127_129_130_131_133_135_137_139_141_144_146_148_149_150_152_154_156_158_159_160_162_166_168_171_173_176_178_180_182_183_185_189_191_195_197_199_202_203_204_206_212_214_218_220_224_228_231_233_235_238_241_243_244_248_251_253_255_256_258_259_264_265_268_270_271_272_274_279_282_284  1.78e+09  1.56e+09 -55770.83  86473.09  13692.95    823.95     82.42    122.82  -1100.62   1959.87      0.00 0
4975 14.0      0_1_2_3_4_5_6_7_8_9_10_11_12_13_14_15_16_17_18_19_20_21_22_23_24_25_26_27_28_29_30_31_32_33_34_35_36_37_38_39_40_41_42_43_44_45_46_47_48_49_50_51_52_53_54_55_56_57_58_59_60_61_62_63_64_65_66_67_68_69_70_73_74_77_78_79_80_81_82_83_84_85_87_88_89_90_91_92_93_94_97_98_101_102_103_104_105_106_109_110_111_112_113_115_116_117_118_119_120_123_124_127_128_129_130_131_132_135_136_139_140_144_145_148_149_150_151_156_157_158_159_160_161_166_167_168_169_171_172_180_181_182_183_184_189_190_191_192_195_196_198_200_201_204_205_206_207_211_213_214_219_223_225_226_227_230_231_234_237_242_246_249_250_252_253_257_260_261_263_266_267_269_273_275_276_277_280_281_283_285_286_287_288_289_290_292_293_294_295_296_297_298  3.24e+09  2.95e+09  -2514.53 103628.43  13628.55    837.61     82.51     91.39  -1389.98   3618.41      0.00 0
4976 14.0      41_45_53_55_59_63_67_75_79_83_86_89_91_95_99_102_103_107_111_114_116_117_121_125_128_129_133_134_137_141_143_146_148_152_154_157_158_162_164_165_167_168_170_172_173_176_178_181_182_185_187_188_190_191_193_194_196_197_199_200_205_206_208_209_211_213_214_215_216_219_221_222_226_227_230_231_234_236_237_240_242_246_249_252_254_257_260_263_266_269_273_278_280_283_285_290_292  2.51e+09  2.33e+09 -40961.46 -37547.42  11153.75    948.85     78.65    222.51  -1097.33  -6694.62      0.00 0
4977 14.0      20_28_32_35_40_44_45_48_52_55_58_62_66_67_70_74_78_79_82_85_88_89_91_94_98_102_103_106_110_111_113_117_120_124_129_132_136_145  1.29e+10  1.18e+10 -28681.28  10297.63   9813.43    788.46     72.15    160.25  -2774.51  -1888.23      0.00 0
4978 14.0      0_1_2_3_4_5_6_7_8_9_10_11_12_13_14_15_16_17_18_19_20_21_22_23_24_25_26_27_28_29_30_31_32_33_34_35_36_37_38_39_40_41_42_43_44_45_46_47_48_49_50_51_52_53_54_55_56_57_58_59_60_61_62_63_64_65_66_67_68_69_70_71_72_73_74_75_76_77_78_79_80_81_82_83_84_85_86_88_89_90_91_92_94_95_96_98_99_100_102_103_104_106_107_108_110_111_112_113_114_116_117_120_121_122_124_125_126_128_129_130_132_133_134_136_137_138_140_141_142_143_145_146_147_148_151_152_153_154_155_157_158_161_162_163_164_165_167_168_169_170_172_174_175_177_178_179_181_182_184_186_187_188_190_191_193_194_196_198_200_205_208_210_211_213_216_217_219_221_222_223_226_230_234_236_237_240_242_252_254_257_263_269_273_278_285  6.46e+10  5.79e+10 110171.71  97540.29  14401.86    791.77     84.41     41.52  -2043.12  -3743.15      0.00 0
4979 14.0      146_152_154_162_173_176_178_185_187_193_199_202_203_208_209_212_215_218_220_221_224_228_229_232_233_235_236_238_239_241_243_244  5.25e+09  4.63e+09  16078.16  25551.46  10153.91    723.21     71.41     57.82   5415.05  -3854.70      0.00 0
4980 14.0      0_1_2_3_4_5_6_7_8_9_10_11_12_13_14_15_16_17_18_19_20_21_22_23_24_25_26_27_28_29_30_31_32_33_34_35_36_37_38_40_41_42_44_45_47_48_49_50_52_53_54_57_58_59_60_62_63_64_66_69_70_71_72_73_74_75_76_82_83_84_85_86_94_95_96_98_99_100_113_114_124_125_126_132_133_134_143_147_155_164_165_170_179_188_193_194_208_210_216_221_222_236_240  2.14e+09  1.86e+09  42448.98   7370.37  10558.55    885.91     76.23      9.85   3415.34    349.24      0.00 0
4981 14.0      0_1_2_3_4_5_6_7_8_9_10_11_12_13_14_15_16_17_18_19_20_21_23_24_27_28_29_30_31_32_35_36_37_39_40_41_43_44_45_46_47_48_51_52_53_55_56_57_58_61_62_63_65_66_67_69_70_73_74_77_78_79_81_82_85_87_88_89_91_92_93_97_101_102_103_105_109_115_116_117_119_127_129_135_139_148_150_156_158_160_166_171_182_189_191_195  5.62e+09  4.98e+09 -14249.29  38274.30  10182.73    924.04     76.00    110.42  -1741.72   2137.16      0.00 0
4982 14.0      152_176_185_199_203_218_224_233_241_244_251_255_256_259_268_271_272  2.63e+10  2.37e+10 -10318.80  25374.02   9458.55    783.58     70.95    112.13   5965.48  -7372.94      0.00 0
4983 14.0      95_99_107_111_114_121_125_133_134_137_141_143_146_152_154_155_162_164_165_168_170_173_176_178_179_185_187_188_191_193_194_197_199_202_203_206_208_209_210_212_214_215_216_218_220_221_222_224_227_228_229_231_232_233_235_236_238_239_240_241_243_244_245_246_247_248_250_251_253_255_256_258_259_260_261_264_267_270_271_274_275_276_277_279_281_284_286_287_288_289_291_293_294_295_296_297_298  1.91e+09  1.72e+09 -40373.66 -70725.18  13627.98    733.22     80.50    240.28   6263.23  -1993.20      0.00 0
4984 14.0      121_137_141_146_152_154_158_162_164_168_173_176_178_182_185_187_191_193_197_199_200_202_203_205_206_208_209_212_214_215_218_220_221_222_224_226_227_228_229_230_231_232_233_235_236_238_239_241_243_244_245_246_247_248_249_250_251_252_253_255_256_258_259_260_261_262_264_265_266_267_268_269_270_271_272_273_274_275_276_277_279_280_281_282_283_284_285_286_287_288_289_290_291_292_293_294_295_296_297_298  2.63e+10  2.38e+10  70149.38  68863.45  13552.98    829.11     82.15     44.47   4050.29  -6738.99      0.00 0
4985 14.0      0_1_2_3_4_5_6_7_8_9_10_11_12_13_14_15_16_17_18_19_20_21_22_23_24_25_26_27_28_29_30_31_32_33_34_35_36_37_38_39_40_41_42_43_44_45_46_47_48_49_50_51_52_53_54_55_56_57_58_59_60_61_62_63_64_65_66_67_68_69_70_71_72_73_74_75_76_77_78_79_80_81_82_83_84_85_86_87_88_89_90_91_92_93_94_96_97_98_101_102_103_104_105_106_108_109_110_111_112_113_115_116_117_118_119_120_122_123_124_127_128_129_130_131_132_135_136_138_139_140_142_145_148_149_151_153_156_157_158_159_160_161_163_166_167_169_171_172_174_175_180_181_182_183_184_189_190_192_195_196_198_200_201_204_205_206_207_211_213_217_219_223_225_226_227_230_234_237_242_246_249_252_254_257_260_263_266_269_273_276_278_280_283_285_286_288_290_292_294_296  1.70e+09  1.48e+09  37874.26 120488.31  14032.99    830.21     83.66     72.55  -2860.12  -6245.18      0.00 0
4986 14.0      271_279  7.76e+09  7.27e+09  -8377.34 -14651.37   7223.15    907.23     66.83    240.24   4630.97 -11077.78      0.00 0
4987 14.0      0_1_2_3_4_5_6_7_8_9_10_11_12_13_14_15_16_17_18_19_21_22_23_25_26_27_29_30_31_33_34_35_36_38_39_41_42_43_45_46_47_49_50_51_53_54_56_57_59_60_61_63_64_65_67_68_71_72_75_76_77_80_81_83_84_86_87_89_90_92_93_95_96_99_100_101_104_105_107_108_109_111_114_115_118_119_121_125_127_133_134_135_137_139_141_143_146_150_152_154_156_160_162_164_166_171_176_178_185_187_193_195_199_202_203_209_215_218_224_228_229_232_233_241_244_245_247_248_251_256_262_265_268_272_282  6.03e+09  5.56e+09 -43290.34  41732.05  11361.68    961.97     79.30    136.05   5059.87  -3184.66      0.00 0
4988 14.0      0_1_2_3_4_5_6_7_8_9_10_11_12_13_14_15_16_17_18_19_20_21_22_23_24_25_26_27_28_29_30_31_32_33_34_35_36_37_38_39_40_41_42_43_44_45_46_47_48_49_50_51_52_53_54_55_56_57_58_59_60_61_62_63_64_65_66_67_68_69_70_71_72_73_74_75_76_77_78_79_80_81_82_83_84_85_86_87_88_89_90_91_92_93_94_95_96_97_98_99_100_101_102_103_104_105_106_107_108_109_110_111_112_113_115_116_117_118_119_120_121_122_123_124_126_127_128_129_130_131_132_135_136_137_138_139_140_141_142_144_145_148_149_150_151_153_156_157_158_159_160_161_162_163_166_167_168_169_171_172_173_174_175_180_181_182_183_184_189_190_191_192_195_196_197_198_200_201_204_205_206_207_211_212_213_214_217_219_220_223_225_226_227_230_231_234_237_238_242_243_246_249_250_252_253_254_257_258_260_261_263_266_267_269_270_273_274_275_276_277_278_280_281_283_284_285_286_287_288_289_290_291_292_293_294_295_296_297_298  1.05e+09  9.16e+08   7196.64 286285.41  12303.13    712.17     87.54     88.56  -2280.35  -1744.25      0.00 0
4989 14.0      198_211_213_217_219_223_230_234_237_242  3.02e+09  2.65e+09 -15534.40   9706.97   7961.02    806.41     66.51    148.00  -3985.98  -6573.97      0.00 0
4990 14.0      0_1_2_3_4_5_6_7_8_9_10_11_12_13_14_15_16_17_18_19_20_21_22_23_24_25_26_27_28_29_30_31_32_33_34_35_36_37_38_39_40_41_42_43_44_45_46_47_48_49_50_51_52_53_54_55_56_57_58_59_60_62_63_64_65_66_67_68_69_70_71_72_73_74_75_76_77_78_79_80_82_83_84_85_86_88_89_90_91_94_95_96_98_99_100_102_104_106_108_110_112_113_114_120_122_124_126_128_132_134_136_138_140_142_143_145_147_151_153_155_161_163_165_172_175_177_179_184_186_188_194_198_210_216_217_223  4.57e+09  3.96e+09  57246.88  39447.75  12534.07    829.23     79.78     34.57    201.66   -296.31      0.00 0
4991 14.0      21_25_29_33_35_38_41_44_45_49_53_55_59_63_67_71_72_75_78_79_83_86_89_91_95_99_100_102_103_107_111_114_116_117_121_125_128_129_133_134_137_140_141_143_146_148_152_154_155_157_158_164_165_167_170_178_187_188_193_194_208_210_216_221_222_236_240  2.69e+09  2.38e+09  37980.93  25608.81  11523.15    750.43     75.88     33.99   4342.61   -897.69      0.00 0
4992 14.0      0_1_2_3_4_5_6_7_8_9_10_11_12_13_14_15_16_17_18_19_20_21_22_23_24_25_26_27_28_29_30_31_32_33_34_35_36_37_38_39_40_41_42_43_44_45_46_47_48_49_50_51_52_53_54_55_56_57_58_59_60_61_62_63_64_65_66_67_68_69_70_71_72_73_74_75_76_77_78_79_80_81_82_83_84_85_86_87_89_90_92_93_95_96_97_98_99_100_101_103_104_105_107_108_109_111_112_113_114_115_118_119_121_122_123_125_126_127_129_130_131_133_134_135_137_138_139_141_142_143_144_146_147_149_150_152_153_154_155_156_159_160_162_164_165_166_170_171_173_176_178_179_180_185_187_188_189_193_194_195_199_202_203_208_209_215_216_218_221_222_224_228_229_232_233_236_239_241_245_247_248_251_256_262_265_268_282  1.12e+10  9.91e+09 118850.74 -71384.49  14278.21    806.24     84.12    329.01   4238.00  -1070.00      0.00 0
4993 14.0      0_1_2_3_4_5_6_7_8_9_10_11_12_13_14_15_16_17_18_19_20_21_22_23_24_25_26_27_28_29_30_31_32_33_34_35_36_37_38_39_40_41_43_44_45_47_48_49_50_51_52_53_55_56_57_58_59_61_62_63_65_66_67_69_70_71_72_73_74_75_77_78_79_81_82_83_85_86_87_88_89_91_93_94_95_97_98_99_102_103_105_106_107_109_110_111_113_116_117_119_120_121_123_124_125_128_129_131_132_135_136_137_140_141_144_145_146_148_150_151_152_154_157_158_160_161_162_167_168_172_173_175_176_178_181_182_184_185_190_191_196_197_198_199_200_202_203_205_206_211_212_213_214_217_218_219_220_223_224_226_227_228_229_230_231_233_234_235_237_238_241_242_243_244_245_246_248_249_250_251_252_253_254_255_256_257_258_259_260_261_262_263_264_265_266_267_268_269_270_271_272_274_275_276_277_279_280_281_282_284_286_287_289_291_295  1.95e+09  1.69e+09 -194601.25 148461.23  13298.90    757.10     86.89    142.66   6330.02  -9643.36      0.00 0
4994 14.0      95_99_107_111_114_121_125_129_133_134_137_141_143_146_152_154_155_162_164_165_168_170_173_176_178_179_185_187_188_191_193_194_197_199_202_203_206_208_209_210_212_214_215_216_218_220_221_222_224_227_228_229_231_232_233_235_236_238_239_240_241_243_244_245_246_247_248_250_251_253_255_256_258_259_260_261_262_264_265_267_268_270_271_272_274_275_276_277_279_281_282_284_286_287_288_289_291_293_294_295_296_297_298  2.14e+10  1.90e+10  80910.93 160315.41  14101.42    818.04     85.51     63.22   4499.81  -9184.75      0.00 0
4995 14.0      259_271_272_274_279_284_291  2.09e+09  1.83e+09 -13930.45 -20919.45   9386.94    741.77     69.52    236.34   4447.63 -10614.38      0.00 0
4996 14.0      172_190_196_198_205_211_213_217_219_223_226_230_234_237  3.24e+10  2.90e+10 -13571.01   7665.60   6955.79    910.41     65.95    150.54  -2291.86  -6736.66      0.00 0
4997 14.0      86_95_96_99_100_108_114_121_122_125_126_133_134_138_142_143_146_147_152_153_154_155_163_164_165_169_170_174_176_177_178_179_185_186_187_188_193_194_199_202_203_208_209_210_215_216_218_221_222_224_228_229_232_233_236_239_241_244_245_247_248_251_256_259_262_265_268_271_272_282  4.79e+10  4.29e+10   8556.68 -63369.85  12198.15    839.18     79.20    277.69   4938.60   3048.96      0.00 0
4998 14.0      0_1_2_3_4_5_6_7_9_10_12_13_14_15_17_18_19_21_22_25_26_27_29_30_33_34_36_39_41_42_43_46_53_54_56_65_68_77_80_92_101_115_156  1.07e+10  9.56e+09  -5670.14  21354.93   8846.27    757.97     68.18    104.87     91.07   1606.56      0.00 0
4999 14.0      200_205_206_213_214_220_226_227_230_231_235_237_238_242_243_244_246_249_250_252_253_254_255_256_257_258_259_260_261_263_264_266_267_268_269_270_271_272_273_274_275_276_277_278_279_280_281_282_283_284_285  1.07e+10  9.46e+09 -47173.98  -2852.23  11337.43    801.80     76.51    183.46   2763.91  -8531.08      0.00 0
