#event_number primary_type du_ids energy_primary em_energy Xmax_pos(x, y, z), Xmax_grams zenith azimuth shower_core_pos_x shower_core_pos_y shower_core_pos_z, N_tested_cores, units are degrees, GeV and meters
7200 14.0      148_157_181_190_196_205_213_219_226_230_237_242_249_252_257_263_266_269_273_278_280_283_285_290_292  8.91e+08  7.63e+08  22428.79  34616.61  11245.37    732.53     74.75     57.06  -4282.23 -11118.40      0.00 0
7201 14.0      12_18_22_25_26_30_33_34_38_42_46_49_50_53_54_59_60_64_68_71_72_75_76_80_83_84_86_90_92_95_96_99_100_104_107_108_112_114_118_121_122_125_126_130_133_134_137_138_142_146_149_152_153_154_159_162_163_169_174_176_183_185_192_199_201_207  1.26e+08  1.12e+08  12090.46 -41806.21  11758.74    683.55     74.88    286.13   2436.32   1688.50      0.00 0
7202 14.0      199_212_218_224_235_241_244_255_256_259_264_271_272_279  1.02e+08  9.24e+07  10748.49 -29292.38  10755.94    648.60     70.98    290.15   5775.02  -9423.62      0.00 0
7203 14.0      114_126_133_134_143_147_153_154_155_164_165_170_176_177_178_179_186_187_188_193_194_202_203_208_209_210_215_216_221_228_229_232_233_239_245_247_248_251_262_265_268_282  8.51e+08  7.40e+08 -12013.33  35924.89  10683.35    774.45     74.25    108.49   6445.72  -1976.11      0.00 0
7204 14.0      0_1_2_3_4_5_6_7_8_9_10_11_12_13_14_15_16_17_18_19_20_21_22_23_24_25_26_27_28_29_30_31_32_33_34_35_36_38_39_40_41_42_43_44_45_46_49_50_51_52_53_54_55_56_59_60_61_62_63_64_65_66_67_68_71_72_75_76_77_78_79_80_83_84_86_88_89_90_91_92_95_96_99_100_101_102_103_104_107_108_110_111_112_114_115_116_117_118_121_122_125_126_128_129_130_133_134_137_138_141_142_143_146_147_148_149_152_153_154_155_156_157_158_159_162_163_167_168_169_173_174_177_180_181_182_183_185_186_190_191_192_197_199_200_201_205_206_207_212_213_214_220_224_225_226_227_230_231_235_238_243_246_249_250_252_253_255_258_260_261_264_266_267_269_270_274_275_276_277_279_280_281_284_286_287_288_289_290_291_293_294_295_296_297_298  3.02e+08  2.52e+08   6594.70 111991.91  14869.16    676.60     82.45     86.63   1222.00  -7842.92      0.00 0
7205 14.0      157_167_190_196_211_213_219_234_237_242_254_257_263_278  1.91e+08  1.54e+08  16821.39  16582.35   9716.43    653.08     67.64     44.59  -3317.52  -7630.05      0.00 0
7206 14.0      61_65_77_80_81_87_92_93_97_101_104_105_109_112_115_118_119_123_127_130_131_135_139_142_144_149_150_156_159_160_163_166_169_171_174_180_183_189_192_195_201_204_207  8.71e+08  7.55e+08 -51802.61 -23313.63  12583.41    706.97     77.51    204.23  -2780.52   3691.84      0.00 0
7207 14.0      0_1_2_3_4_5_6_7_8_9_10_11_12_13_14_15_16_17_18_19_20_21_22_23_24_25_26_27_28_29_30_31_32_33_34_35_36_37_38_39_41_42_43_46_47_48_49_50_51_52_53_54_56_57_58_59_60_61_63_64_65_68_69_70_71_72_73_74_75_76_77_80_81_83_84_85_86_87_90_93_95_96_97_99_100_101_105_109_113_114_119_121_123_125_126_131_133_134_135_143_144_146_150_154_164_165_170_178_187_193_208_209_215_221_232_239  1.05e+08  8.77e+07  59615.81 -17591.12  13597.88    611.31     77.66    343.56   -754.18    863.18      0.00 0
7208 14.0      116_117_129_141_148_157_158_162_167_168_172_173_181_182_185_190_191_196_197_198_199_200_203_205_206_211_212_213_214_217_218_219_220_223_224_226_227_228_230_231_233_234_235_237_238_241_242_243_244_245_246_248_249_250_251_252_253_254_255_256_257_258_259_260_261_262_263_264_265_266_267_268_269_270_271_272_273_274_278_282  2.00e+08  1.73e+08 -74372.56  -8381.65  13560.87    703.45     79.73    186.43    469.86  -7078.18      0.00 0
7209 14.0      49_53_59_63_67_71_72_75_83_86_89_95_99_100_103_107_111_114_117_121_125_126_129_133_134_137_141_143_146_148_152_154_155_158_162_168_173_181_182_185_191_197_199_200_205_206_212_214_220_226_227_230_231_238_243_246_249_250_252_253_258_260_261_266_267_270_275_276_277_280_281_286_287_288_289_290_293_294_295_296_297_298  6.61e+08  5.65e+08  20726.15  56362.37  12764.53    709.67     78.00     69.81    582.36  -8830.73      0.00 0
7210 14.0      33_38_41_49_53_59_63_67_71_72_75_76_79_83_86_89_91_95_96_99_100_103_107_111_114_116_117_121_122_125_126_129_133_134_137_141_143_146_147_148_152_153_154_155_157_158_162_164_165_168_170_173_176_177_178_179_181_182_185_186_187_188_190_191_193_194_197_199_200_202_203_205_206_208_209_210_212_213_214_215_216_218_220_221_222_224_226_227_228_229_230_231_232_233_235_236_238_239_240_241_243_244_245_246_247_248_249_250_251_252_253_255_256_258_259_260_261_262_264_265_266_267_268_269_270_271_272_274_275_276_277_279_280_281_282_283_284_286_287_288_289_290_291_292_293_294_295_296_297_298  2.45e+08  2.08e+08 -102971.59 -192444.25  14764.76    650.66     86.13    241.85   2936.56  -8837.04      0.00 0
7211 14.0      0_3_4_5_6_9_10_12_13_14_17_18_21_22_25_26_29_30_33_34_35_36_38_41_42_45_46_49_50_53_54_56_59_60_63_64_67_68_71_72_75_76_79_80_83_84_86_89_90_92_95_96_103_104_107_108_111_112_118_129_130_141_142_159_168_169_192  9.77e+08  8.66e+08   1686.43 -33757.03  10585.53    720.18     72.61    272.86   1499.05    400.98      0.00 0
7212 14.0      0_1_2_3_4_5_6_7_8_9_10_11_12_13_14_15_16_17_18_19_20_21_23_24_25_27_28_29_31_32_33_35_36_37_39_40_41_43_44_45_47_48_49_51_52_53_55_57_58_59_61_62_63_65_66_67_69_70_73_74_78_79_81_82_83_85_87_88_89_91_93_94_95_97_98_102_103_105_106_107_109_110_111_113_116_117_119_120_121_123_124_128_129_131_132_135_136_137_139_140_141_144_145_148_150_151_152_157_158_160_161_162_167_168_171_172_173_175_181_182_184_185_190_191_196_197_198_199_200_205_206_211_212_213_214_218_219_220_224_226_227_230_231_235_237_238_241_243_244_246_249_250_251_252_253_255_256_258_259_260_261_264_267_268_270_271_272_274_275_277_279_281_284_287_289_291_295  2.63e+08  2.13e+08  89621.71 -109340.50  14535.05    769.00     84.13    309.34   2707.45  -7909.68      0.00 0
7213 14.0      3_5_9_12_13_17_21_25_26_28_29_33_34_35_38_40_41_44_45_49_50_53_55_59_60_62_63_66_67_71_72_75_76_78_79_83_86_88_89_91_95_96_99_100_102_103_107_110_111_114_116_117_121_122_125_126_128_129_133_134_136_137_140_141_143_146_147_148_152_154_155_157_158_161_162_164_165_167_168_170_172_173_176_177_178_179_181_182_185_187_188_190_191_193_194_196_197_198_199_200_202_203_205_206_208_209_210_211_212_213_214_215_216_218_219_220_221_222_223_224_226_227_228_229_230_231_232_233_234_235_236_237_238_239_240_241_242_243_244_245_246_247_248_249_250_251_252_253_254_255_256_257_258_259_260_261_262_263_264_265_266_267_268_269_270_271_272_273_274_275_276_277_278_279_280_281_282_283_284_285_286_287_288_289_290_291_292_293_294_295_296_297_298  1.26e+08  1.01e+08 -173804.44 -169253.67  13988.25    675.88     86.70    224.24  -1358.59  -9568.52      0.00 0
7214 14.0      212_214_218_220_224_227_231_235_238_241_243_244_246_250_253_255_258_260_261_264_267_270_274_275_276_277_280_281_286_287_288_289_290_293_294_296  8.13e+08  7.13e+08  26167.00  22183.38  10711.01    708.77     72.66     40.29   1692.10  -8907.45      0.00 0
7215 14.0      121_125_133_143_146_152_154_162_164_170_173_176_178_185_187_199_202_203_212_218_220_224_235_241_243_244_255  5.01e+08  4.42e+08  -7050.58 -28111.07  10126.56    703.45     70.74    255.92   4551.66  -4282.24      0.00 0
7216 14.0      96_100_114_122_125_126_133_134_138_143_146_147_153_154_155_163_164_165_170_176_177_178_179_186_187_188_193_194_202_209_215_228_229  2.75e+08  2.35e+08  10454.81 -31779.79  10928.42    661.17     71.91    288.21   5009.85    287.06      0.00 0
7217 14.0      41_53_59_63_67_75_79_83_89_95_99_107_114_121_125_133_143_146_154_164_170_187_193_194_208_215_221_222_236  6.17e+08  5.32e+08  25814.91   9554.35   9698.93    743.77     70.59     20.31   4808.19  -1151.69      0.00 0
7218 14.0      0_1_2_3_4_5_6_7_8_9_10_11_12_13_14_15_16_17_18_19_20_21_22_23_24_25_26_27_28_29_30_31_32_33_34_35_36_37_38_39_40_41_42_43_44_45_46_47_48_49_50_51_52_53_54_55_56_57_58_59_60_61_62_63_64_65_66_67_68_69_70_73_74_77_78_79_80_81_82_83_84_85_87_88_89_90_91_92_93_94_97_98_101_102_103_104_105_106_107_109_110_111_112_113_115_116_117_118_119_120_123_124_127_128_129_130_131_132_135_136_139_140_141_144_145_148_149_150_151_156_157_158_159_160_161_166_167_168_169_171_172_175_180_181_182_183_184_189_190_191_192_195_196_197_198_200_201_204_205_206_207_211_213_214_217_219_223_225_226_227_230_231_234_237_238_242_246_249_250_252_253_254_257_260_261_263_266_267_269_270_273_275_276_277_278_280_281_283_285_286_287_288_289_290_291_292_293_294_295_296_297_298  9.12e+08  7.74e+08  10506.14 -146210.41  14502.18    776.45     84.35    274.11  -2109.69   2257.82      0.00 0
7219 14.0      0_1_2_3_4_5_6_7_8_9_10_11_12_13_14_15_16_17_18_19_20_21_22_23_24_25_26_27_28_29_30_31_32_33_34_35_36_37_38_39_40_41_42_43_44_45_46_47_48_49_50_51_52_53_54_55_56_57_58_59_60_61_62_63_64_65_66_67_68_71_72_75_76_77_78_79_80_81_82_83_84_86_87_88_89_90_91_92_95_96_99_100_101_102_103_104_107_108_109_111_112_114_115_116_117_118_121_122_125_126_127_128_129_130_133_134_137_138_139_141_142_143_146_147_148_149_152_153_154_155_156_157_158_159_162_163_164_165_166_168_169_170_173_174_176_177_178_179_180_181_182_183_185_186_187_188_189_190_191_192_193_194_195_197_199_200_201_202_203_204_205_206_207_208_209_210_212_214_215_216_218_220_221_222_224_225_226_227_228_229_230_231_232_233_235_236_238_239_240_241_243_244_245_246_247_248_249_250_251_253_255_256_258_259_260_261_262_264_265_266_267_268_270_271_272_274_275_276_277_279_281_282_284_286_287_289_291_293_294_295_297_298  2.00e+08  1.62e+08  17168.99 -218152.81  13230.72    859.30     86.54    274.50   3697.25  -5387.66      0.00 0
7220 14.0      3_4_9_10_12_17_18_21_22_25_26_29_33_34_38_41_42_49_50_53_54_59_60_64_71_72_76_84_90_96_108_112_138  4.68e+08  3.95e+08   6224.75  18348.04   8228.27    790.39     66.99     71.26   1860.06    994.51      0.00 0
7221 14.0      0_1_2_3_4_5_6_7_8_9_10_11_12_13_14_15_16_17_18_19_20_21_22_23_24_25_26_27_28_29_30_31_32_33_34_35_36_37_38_39_40_41_42_43_44_45_46_47_48_49_50_51_52_53_54_55_56_57_58_59_60_61_62_63_64_65_66_67_68_69_70_71_72_73_74_75_76_77_78_79_80_81_82_83_84_85_86_87_88_89_90_91_92_93_94_95_96_97_98_99_100_101_102_103_104_105_106_107_108_109_110_111_112_113_114_115_116_117_118_119_120_121_122_123_124_125_126_127_128_129_130_131_132_133_134_135_136_137_138_139_140_141_142_143_144_145_146_147_148_149_150_151_152_153_154_155_156_157_158_159_160_161_162_163_164_165_166_167_168_169_170_171_172_173_174_175_176_178_180_181_182_183_184_185_187_189_190_191_192_193_195_196_197_198_199_200_201_202_203_204_205_206_207_209_211_212_213_214_215_218_219_220_221_224_225_226_227_228_229_230_231_232_233_235_237_238_239_241_243_244_245_246_247_248_249_250_251_252_253_255_256_258_259_260_261_262_264_265_267_268_270_271_272_274_275_277_279_281_282_284_287_289_291_295  1.70e+08  1.41e+08 -165302.28 228608.06  12119.90    756.02     87.54    125.87   4978.62  -7801.09      0.00 0
7222 14.0      0_1_2_3_4_5_6_8_9_10_12_13_16_17_18_20_21_22_25_26_28_29_32_33_34_35_38_40_41_44_45_49_50_52_53_54_55_58_59_60_62_63_64_66_67_71_72_75_76_78_79_82_83_84_86_88_89_91_95_96_99_100_102_103_106_107_108_110_111_114_116_117_120_121_122_125_126_128_129_133_134_136_137_140_141_143_146_147_148_151_152_153_154_155_157_158_161_162_164_165_167_168_170_172_173_176_177_178_179_181_182_184_185_186_187_188_190_191_193_194_196_197_198_199_200_202_203_205_206_208_209_210_211_212_213_214_215_216_217_218_219_220_221_222_223_226_227_230_231_232_234_236_237_239_240_242_246_249_250_252_254_257_260_263_266_269_273_276_278_280_283_285_290_292  1.05e+08  8.39e+07 -95396.98 -86379.41  14662.76    737.22     83.50    222.16   -602.32  -5061.51      0.00 0
7223 14.0      47_57_61_69_73_81_85_87_93_97_98_101_105_109_113_115_119_123_124_127_131_132_135_139_144_145_150_156_160_166_171_180_189  6.92e+08  5.97e+08  17587.23  29845.29  10406.21    765.67     73.28     59.49  -3839.69   1046.72      0.00 0
7224 14.0      117_129_137_141_148_152_157_158_162_167_168_173_176_181_182_185_190_191_196_197_199_200_202_203_205_206_212_213_214_218_220_224_228_229_233_241_245_247_248_251_262  1.82e+08  1.53e+08 -34427.40  -6904.27  10782.01    711.18     72.93    191.34   3283.10  -5087.34      0.00 0
7225 14.0      142_147_153_163_169_174_177_179_186_188_192_207_210_216_222_240  3.24e+08  2.77e+08  24603.39 -22426.64  10868.27    667.38     71.92    317.65   4714.03   4397.78      0.00 0
7226 14.0      0_1_2_3_4_5_6_7_8_9_10_11_12_13_14_15_16_17_18_19_20_21_22_23_24_25_26_27_28_29_30_31_32_33_34_35_36_37_38_39_40_41_42_43_44_45_46_47_48_49_50_51_52_53_54_55_56_57_58_59_60_61_62_63_64_65_66_67_68_69_70_71_72_73_74_75_77_78_79_80_81_82_83_84_85_87_88_89_90_91_92_93_95_101_102_103_104_105_106_107_109_110_111_115_116_117_118_127_128_129_135_137_139_141_148_149_156_157_158_159_160_162_166_167_168_171_173_180_181_182_183_189_190_191_195_197_200_201_204_205_206_212_214_220_225_226_227_230_231_235_238_243_246_249_250_253_258_260_261_264_267_270_274_275_277_279_281_284_286_287_289_291_293_295_298  1.48e+08  1.18e+08 -17483.30  81000.32  14611.46    606.66     80.00    102.18    835.30  -5051.56      0.00 0
7227 14.0      0_1_2_3_4_5_6_7_8_9_10_11_12_13_14_15_16_17_18_19_20_21_22_23_24_25_26_27_28_29_30_31_32_33_34_35_36_37_38_39_40_41_42_43_44_45_46_47_48_49_50_51_52_53_54_55_56_57_58_59_60_61_62_63_64_65_66_67_68_69_70_71_72_73_74_75_76_78_79_81_82_83_84_85_86_88_89_91_93_94_95_96_97_98_99_100_102_103_106_107_110_111_113_114_116_117_120_121_123_124_125_126_128_129_131_132_133_134_136_137_140_141_143_145_146_148_151_152_154_155_157_158_161_162_164_165_167_168_170_172_173_175_176_178_181_182_184_185_187_188_190_191_193_194_196_197_198_199_200_202_203_205_206_208_209_211_212_213_214_215_216_217_218_219_220_221_222_223_224_226_227_228_229_230_231_232_233_234_235_236_237_238_239_240_241_242_243_244_245_246_247_248_249_250_251_252_253_254_255_256_257_258_259_260_261_262_263_264_265_266_267_268_269_270_271_272_273_274_278_279_282  2.82e+08  2.46e+08 -307969.56  -3870.26  11778.11    673.00     87.81    180.72   -100.78  -3913.35      0.00 0
7228 14.0      18_22_25_26_30_34_38_42_46_49_50_54_56_60_64_68_71_72_75_76_80_84_86_90_92_95_96_99_100_104_108_112_114_115_118_121_122_125_126_130_133_134_138_142_143_146_149_154_156_159_169_176_178_180_183_189_201_204  7.24e+08  6.19e+08 -19191.16  30605.20  10982.35    696.16     73.09    122.09   2089.75   2020.29      0.00 0
7229 14.0      0_1_2_3_4_5_6_7_8_9_10_11_12_13_14_15_16_17_18_19_20_21_22_23_24_25_26_27_28_29_30_31_32_33_34_35_36_37_38_39_40_41_42_43_44_45_46_47_48_49_50_51_52_53_54_55_56_57_58_59_60_61_62_63_64_65_66_67_68_69_70_71_72_73_74_75_76_77_78_79_80_81_82_83_84_85_86_87_88_89_90_91_92_93_94_95_96_97_98_99_100_101_102_103_104_105_106_108_109_110_112_113_114_115_116_118_119_120_122_123_124_126_127_128_130_131_132_133_134_135_136_138_139_140_142_143_144_145_147_149_150_151_153_155_156_159_160_161_163_165_166_167_169_170_171_172_174_175_177_179_180_183_184_186_188_189_192_194_195_198_201_204_207_210_211_216_217_223_225_234_240  1.29e+08  1.04e+08 -216986.50 -151428.17  13635.60    642.20     87.05    214.91  -3603.96    339.18      0.00 0
7230 14.0      0_1_2_3_4_5_6_7_8_9_10_11_12_13_14_15_16_17_18_19_20_21_22_23_24_25_26_27_28_29_30_31_32_33_34_35_36_37_38_39_40_41_42_43_44_45_46_47_48_49_50_51_52_53_54_55_56_57_58_59_60_61_62_63_64_65_66_67_68_69_70_71_72_73_74_75_76_77_78_79_80_81_82_83_84_85_86_87_89_90_91_92_93_95_96_97_98_99_100_101_103_104_105_107_108_109_111_112_113_114_115_118_119_121_122_123_125_126_127_129_130_131_133_134_135_137_138_139_141_142_143_144_146_147_149_150_152_153_154_155_156_159_160_162_163_164_165_166_169_170_171_173_174_176_177_178_179_180_183_185_186_187_188_189_192_193_194_195_199_201_202_203_204_208_209_210_215_216_218_221_222_224_228_229_232_233_236_239_240_241_245_247_248_251_256_262_265_268_282  8.51e+08  7.38e+08 -130359.84  76971.80  13377.87    965.96     84.95    149.44   -224.98   1994.34      0.00 0
7231 14.0      41_45_53_55_59_63_67_75_78_79_83_89_91_95_99_102_103_107_111_114_116_117_121_125_128_129_133_137_140_141_143_146_148_152_154_157_158_162_164_165_167_168_170_172_173_176_178_181_182_185_187_190_191_193_194_196_202_205_208_209_211_213_215_216_219_221_222_232_234_236_239_240  7.41e+08  6.49e+08 -45126.06 -28417.40  12400.08    700.07     76.91    212.20   4537.51  -1837.19      0.00 0
7232 14.0      0_1_2_3_4_5_6_7_8_9_10_11_12_13_14_15_16_17_18_20_21_22_23_24_25_26_28_29_30_32_33_34_35_37_38_40_41_42_44_45_48_49_50_52_53_54_55_58_59_60_62_63_64_66_67_70_71_72_74_75_76_78_79_82_83_84_86_88_89_91_94_95_96_98_99_100_102_103_106_107_108_110_114_116_120_121_122_124_125_126_128_133_134_136_140_143_145_147_151_153_154_155_161_164_165_170_172_175_177_179_184_188_193_194_198_208_210_216_217_222_236_240  9.55e+08  8.03e+08  56343.64  30566.63  12100.40    858.52     79.31     28.48   3559.63    539.95      0.00 0
7233 14.0      33_38_41_49_53_59_63_67_71_72_75_76_79_83_86_89_91_95_96_99_100_103_107_111_114_116_117_121_122_125_126_129_133_134_137_141_143_146_147_148_152_153_154_155_158_162_164_165_168_170_173_176_177_178_179_181_182_185_186_187_188_191_193_194_197_199_200_202_203_205_206_208_209_210_212_214_215_216_218_220_221_222_224_226_227_228_229_230_231_232_233_235_236_238_239_240_241_243_244_246_249_250_252_253_255_258_260_261_264_266_267_269_270_274_275_276_277_280_281_283_284_286_287_288_289_290_291_292_293_294_295_296_297_298  3.47e+08  3.02e+08  49106.77  88518.10  13722.43    812.73     82.28     60.98   6262.08    974.01      0.00 0
7234 14.0      0_1_2_3_4_5_6_7_8_9_10_11_12_13_14_15_16_17_18_20_21_22_23_24_25_26_27_28_29_30_32_33_34_35_36_38_40_41_42_44_45_46_48_49_50_52_53_54_55_58_59_60_62_63_64_66_67_68_71_72_74_75_76_78_79_82_83_84_86_88_89_90_91_94_95_96_99_100_102_103_106_107_108_110_111_112_114_116_117_120_121_122_125_126_128_129_133_134_136_137_138_140_141_142_143_146_147_148_151_153_154_155_157_158_161_163_164_165_167_168_170_172_174_177_179_181_182_184_186_188_190_194_196_198_200_205_208_210_211_213_216_217_219_222_223_226_230_234_237_240_242_252_254_257_263_269_273_278_285  3.16e+08  2.64e+08  61328.20  67398.81  13700.02    772.76     81.45     47.70   2967.84    405.28      0.00 0
7235 14.0      56_65_68_77_80_87_90_92_101_104_105_108_109_112_115_118_119_122_127_130_135_138_139_142_144_147_149_150_153_156_159_160_163_166_169_171_174_177_179_180_183_186_189_192_195_210  3.39e+08  2.94e+08  57807.00   2928.37  12778.95    687.97     77.55      2.90   3319.87   4575.07      0.00 0
7236 14.0      0_1_2_3_4_5_6_7_8_9_10_11_12_13_14_15_16_17_18_19_20_21_22_23_24_25_26_27_28_29_30_31_32_33_34_35_36_37_38_39_40_41_42_43_44_45_46_47_48_49_50_51_52_53_54_55_56_57_58_59_60_61_62_63_64_65_66_67_68_69_70_71_72_73_74_75_76_77_78_79_80_81_82_83_84_85_86_87_88_89_90_91_92_93_94_95_96_97_98_99_100_101_102_103_104_105_106_107_109_110_111_113_114_115_116_117_118_119_121_123_125_127_128_129_131_133_135_137_139_141_144_146_148_149_150_152_154_156_157_158_160_162_166_168_171_173_176_178_180_181_182_185_189_190_191_195_197_199_200_202_203_204_205_206_212_214_218_220_224_226_227_228_231_233_235_238_241_243_244_246_248_250_251_253_255_256_258_259_261_264_265_267_268_270_271_272_274_277_279_281_282_284_289_291  6.46e+08  5.39e+08  64820.37 -113826.79  14854.88    713.17     83.53    299.66   4465.89  -8576.41      0.00 0
7237 14.0      23_24_32_37_40_47_48_52_57_58_62_66_69_70_73_74_81_82_85_88_93_94_97_98_102_105_106_110_113_119_120_123_124_128_131_132_135_136_140_144_145_150_151_157_160_161_167_172_175_181_184_190_196_198_205_211_213_217_219_223_226_230_234_237_242_249_252_254_257_260_263_266_269_273_276_278_280_283_285_286_288_290_292_293_294_296_297  3.72e+08  3.16e+08   6680.51 -61999.05  12313.28    803.71     78.83    276.15  -2884.53  -7101.02      0.00 0
7238 14.0      0_1_2_3_4_5_6_7_8_9_10_11_12_13_14_15_16_17_18_19_20_21_22_23_24_25_26_27_28_29_30_31_32_33_34_35_36_37_38_39_40_41_42_43_44_45_46_47_48_49_50_51_52_53_54_55_56_57_58_59_60_61_62_63_64_65_66_67_68_69_70_71_72_73_74_75_76_77_78_79_80_81_82_83_84_85_86_87_88_89_90_91_92_93_94_95_96_97_98_99_100_101_102_103_104_105_106_107_108_109_110_111_113_114_115_116_117_118_119_120_121_123_124_125_127_128_129_131_132_133_135_136_137_139_140_141_144_145_146_148_149_150_151_152_154_156_157_158_160_161_162_166_167_168_171_172_173_175_176_178_180_181_182_184_185_189_190_191_195_196_197_198_199_200_202_203_204_205_206_211_212_213_214_217_218_219_220_223_224_226_227_228_230_231_233_234_235_237_238_241_242_243_244_245_246_248_249_250_251_252_253_254_255_256_257_258_259_260_261_262_264_265_266_267_268_269_270_271_272_274_275_276_277_279_280_281_282_284_286_287_288_289_291_293_294_295_297_298  5.01e+08  4.14e+08 154445.84 -214302.11  12965.64    725.15     87.19    305.78   2305.58  -7191.36      0.00 0
7239 14.0      63_75_83_89_91_95_99_103_107_111_114_116_117_121_125_129_133_134_137_141_143_146_148_152_154_155_157_158_162_164_165_168_170_173_176_178_181_182_185_187_188_190_191_193_194_197_199_200_202_203_205_206_208_209_210_212_213_214_215_216_218_220_221_222_224_226_227_228_229_230_231_232_233_235_236_237_238_239_240_241_242_243_244_245_246_247_248_249_250_251_252_253_255_257_258_260_261_263_264_266_267_269_270_273_274_275_276_277_278_280_281_283_285_286_287_288_289_290_292_293_294_295_296_297  4.47e+08  3.68e+08 -66249.41 -75357.06  14548.28    685.37     81.75    228.68   3226.61  -4895.61      0.00 0
7240 14.0      141_152_158_162_168_173_176_181_182_185_191_197_199_200_202_203_205_206_209_212_213_214_218_220_224_226_227_228_229_230_231_232_233_235_237_238_239_241_242_243_244_245_246_247_248_249_250_251_252_253_255_256_257_258_259_260_261_262_263_264_265_266_267_268_269_270_271_272_273_274_275_276_277_278_279_280_281_282_283_284_285_286_287_288_289_290_291_292_293_294_295_296_297  2.88e+08  2.35e+08  85260.70  47650.59  14457.90    688.33     81.58     29.20   4252.30  -7096.43      0.00 0
7241 14.0      0_1_2_3_4_5_6_7_8_9_10_11_12_13_14_15_16_17_18_19_20_21_22_23_24_25_26_27_28_29_30_31_32_33_34_35_36_37_38_39_40_41_42_43_44_45_46_47_48_49_50_51_52_53_54_55_56_57_58_59_60_61_62_63_64_65_66_67_68_69_70_71_72_73_74_75_76_77_78_79_80_81_82_83_84_85_86_87_88_89_90_91_93_94_95_96_97_98_99_100_102_103_106_107_108_110_111_112_113_114_116_120_121_122_123_124_125_126_128_131_132_133_134_136_137_138_140_143_145_146_147_151_152_153_154_155_161_164_165_170_175_177_178_179_184_187_188_193_194_208_209_210_215_216_217_221_222_232_236_239_240  2.00e+08  1.69e+08 -101652.11 -23804.86  13189.07    918.75     82.80    193.18   5316.92    641.25      0.00 0
7242 14.0      3_4_5_9_10_12_13_17_18_21_22_25_26_29_30_33_34_35_38_41_42_45_49_50_53_54_55_59_60_63_64_67_68_71_72_75_76_78_79_83_84_86_89_90_91_95_96_99_100_103_104_107_108_111_112_114_116_117_121_122_125_126_129_130_133_134_137_138_141_142_143_146_147_148_152_153_154_155_157_158_162_163_164_165_168_169_173_174_176_177_178_179_181_182_185_186_191_197_199_200_205_206_212_214_218_220_224_226_227_230_231_235_238_243_246_249_250_253_255_258_260_261_264_266_267_270_274_275_276_277_279_280_281_284_286_287_288_289_291_293_294_295_296_297_298  7.24e+08  6.11e+08 -15410.83 -90157.10  14372.06    675.69     81.07    260.30   1464.20  -8866.68      0.00 0
7243 14.0      0_1_2_3_4_5_6_7_8_9_10_11_12_13_14_15_16_17_18_19_20_21_22_23_24_25_26_27_28_29_30_31_32_33_34_35_36_37_38_39_40_41_42_43_44_45_46_48_49_50_52_53_54_55_56_58_59_60_62_63_64_65_66_67_68_71_72_75_76_77_78_79_80_82_83_84_86_88_89_90_91_92_95_96_99_100_102_103_104_106_107_108_110_111_112_114_116_117_118_121_122_125_126_128_129_130_133_134_136_137_138_140_141_142_143_146_147_148_152_153_154_155_157_158_159_161_162_163_164_165_167_168_169_170_172_173_174_176_177_178_179_181_182_185_186_187_188_190_191_192_193_194_196_197_198_199_200_202_203_205_206_207_208_209_210_211_212_213_214_215_216_218_219_220_221_222_223_224_226_227_228_229_230_231_232_233_234_235_236_237_238_239_240_241_242_243_244_245_246_247_248_249_250_251_252_253_254_255_256_257_258_259_260_261_262_263_264_265_266_267_268_269_270_271_272_273_274_275_276_277_278_279_280_281_282_283_284_285_286_287_288_289_290_291_292_293_294_295_296_297_298  6.31e+08  5.21e+08 -109276.74 -255824.45  12875.64    678.10     87.35    246.87   4998.01   1186.51      0.00 0
7244 14.0      10_12_17_18_21_22_25_26_30_33_34_38_41_42_46_49_50_53_54_59_60_63_64_68_71_72_75_76_80_83_84_86_89_90_95_96_99_100_104_107_108_111_112_114_118_121_122_125_126_129_130_133_134_137_138_141_142_143_146_147_149_152_153_154_155_159_162_163_164_165_168_169_170_173_174_176_177_178_179_183_185_186_187_188_192_193_194_197_199_201_202_203_207_209_212_215_218_220_224_228_229_232_233_235_238_241_243_244_245_248_251_255_256_258_259_262_264_265_268_271_272_274_279_282_284  3.31e+08  2.78e+08 -22361.28  91799.30  14323.02    694.84     81.38    103.69   5442.99  -7033.79      0.00 0
7245 14.0      39_43_51_57_61_65_73_77_81_87_93_97_105_119_123_131_144  7.08e+08  6.69e+08  21265.27   3699.91   8659.51    777.63     68.14      9.87  -3970.28   1795.86      0.00 0
7246 14.0      0_1_2_3_4_5_6_7_8_9_10_11_12_13_14_15_16_17_18_19_20_21_22_23_24_25_26_27_28_29_30_31_32_33_34_35_36_37_38_39_40_41_42_43_44_45_46_47_48_49_50_51_52_53_54_55_56_57_58_59_60_61_62_63_64_65_66_67_68_69_70_71_72_73_74_75_76_77_78_79_80_81_82_83_84_85_86_87_88_89_90_91_92_93_94_96_101_102_103_104_105_106_107_108_109_110_111_112_115_116_117_118_120_122_127_128_129_130_136_138_139_140_142_148_149_156_157_158_159_161_163_166_167_168_169_172_174_180_181_182_183_189_190_191_192_196_198_200_201_204_205_206_207_211_213_219_225_226_227_230_231_234_237_242_246_249_250_252_257_260_261_263_266_269_273_275_276_278_280_283_285_286_287_288_290_292_293_294_296_297  3.89e+08  3.27e+08  15786.41  86267.75  13373.04    808.40     81.33     79.63    162.27   1098.69      0.00 0
7247 14.0      79_89_91_102_103_111_116_117_129_137_141_148_152_158_162_168_173_176_185_197_199_202_203_212_218_224_228_233_241_244_245_248_251_256_262_265_268_282  2.34e+08  2.07e+08  38301.36  -9933.94  11055.21    738.51     74.39    345.46   5361.83  -5200.36      0.00 0
7248 14.0      0_1_2_6_7_10_11_14_15_16_19_23_27_30_31_36_39_42_43_46_51_56_61_65_68_77_80_87_92_101_104_115_118_127_130_149_156_159_180_183_192_201_207  5.75e+08  5.02e+08   4057.68  27085.91   9591.20    759.52     70.70     81.48    -82.46   3904.46      0.00 0
7249 14.0      6_7_10_14_18_22_27_30_34_36_42_46_54_56_60_64_68_80_84_90_104_108_112_122_130_138_142_153_163_169_174_186  2.75e+08  2.25e+08 -24060.38 -27387.36  11606.25    611.07     72.34    228.70   3442.01   4776.04      0.00 0
7250 14.0      111_117_129_137_141_152_158_162_168_173_176_185_199_203_218_228  4.68e+08  4.21e+08  21618.53   1106.49   9192.99    686.84     66.99      2.93   3635.15  -4443.65      0.00 0
7251 14.0      25_33_38_49_50_53_59_60_63_71_72_75_76_83_86_89_95_96_99_100_126  3.09e+08  2.67e+08  -6432.92 -14973.03   7568.02    808.98     65.09    246.75   2625.06   -169.14      0.00 0
7252 14.0      108_122_138_153_163_177_186  5.37e+08  4.59e+08  20118.29  11512.53   9421.60    688.42     67.88     29.78   5409.82   4556.60      0.00 0
7253 14.0      148_157_167_181_182_190_191_200_205_206_214_227_231  3.55e+08  3.05e+08 -13833.41   7115.51   7174.78    859.90     65.24    152.78   -238.72  -6256.76      0.00 0
7254 14.0      22_30_34_36_42_43_46_50_54_56_60_64_65_68_72_76_77_80_84_86_87_90_92_96_100_101_104_108_109_112_114_115_118_122_126_127_130_133_134_138_139_142_143_147_149_153_155_156_164_165_166_170_171_187_188_189_193_194_195_208_215_221_222_236_239  4.68e+08  3.90e+08 -36472.55  21785.17  11662.01    684.58     74.65    149.15   2770.72   1941.95      0.00 0
7255 14.0      181_200_205_226_230_246_249_252_260_261_266_275_276_280_286_288_293_294_296_297  2.09e+08  1.80e+08  -1148.12 -26943.61  10099.04    666.92     69.47    267.56   -894.40  -9719.24      0.00 0
7256 14.0      214_220_224_227_231_233_235_238_241_243_244_245_246_248_249_250_251_253_255_256_258_259_260_261_262_264_265_266_267_268_269_270_271_272_274_275_276_277_279_280_281_282_283_284_285_286_287_288_289_290_291_292_293_294_295_296_297_298  8.71e+08  7.44e+08  73052.56  36757.58  13817.19    707.13     80.41     26.71   4603.09  -8901.03      0.00 0
7257 14.0      91_102_103_116_117_129_141_148_158_162_168_173_182_191_197_199_212_214_218_220_224_235_241_243_244_255_256_259_268_271_272  1.74e+08  1.42e+08 -29208.79  16687.44  10781.07    686.43     72.23    150.26   3466.01  -6156.11      0.00 0
7258 14.0      44_45_55_62_63_66_67_78_79_88_89_91_102_103_106_107_110_111_116_117_120_121_128_129_136_137_140_141_145_146_148_151_152_157_158_161_162_167_168_172_173_175_176_184_185_198_199_202_203_218_228_229_233_245  2.19e+08  1.84e+08 -39162.65   2011.31  10993.10    743.31     74.34    177.06    346.58  -3842.68      0.00 0
7259 14.0      3_4_9_12_13_17_18_21_22_25_26_29_33_34_35_38_41_42_45_49_50_53_54_55_59_60_63_64_67_71_72_75_76_79_83_84_86_89_90_96_99_100_103_108_112_114_122_126_134_138_142_147_153_163_174_177_186  3.24e+08  2.72e+08 -13925.02 -28626.58   9586.93    862.38     73.24    244.06   3030.14   1981.92      0.00 0
7260 14.0      3_4_5_9_12_13_17_18_21_22_25_26_28_29_33_34_35_38_41_44_45_49_50_53_54_55_59_60_63_67_71_72_75_76_78_79_83_84_86_89_91_96_100_102_103_108_116_117  1.17e+08  9.83e+07  13251.84  25241.02  10449.47    644.87     69.87     62.30   1222.71  -1072.06      0.00 0
7261 14.0      0_1_2_3_4_5_6_7_8_9_10_11_12_13_14_15_16_17_18_19_20_21_22_23_24_25_26_27_28_29_30_31_32_33_34_35_36_37_38_39_40_41_42_43_44_45_46_47_48_49_50_51_52_53_54_55_56_57_58_59_60_61_62_63_64_65_66_67_68_69_70_71_72_73_74_75_76_77_78_79_80_81_82_83_84_86_87_88_89_90_91_92_94_95_96_99_100_101_102_103_104_106_107_108_109_110_111_112_114_115_116_117_118_121_122_125_126_127_128_129_130_133_134_136_137_138_140_141_142_143_146_147_148_149_152_153_154_155_156_157_158_159_161_162_163_164_165_167_168_169_170_172_173_174_176_177_178_179_180_181_182_183_185_186_187_188_189_190_191_192_194_196_197_199_200_201_203_204_205_206_207_210_211_212_213_214_218_219_220_224_225_226_227_230_231_234_235_237_238_242_243_244_246_249_250_252_253_255_257_258_260_261_263_264_266_267_269_270_273_274_275_276_277_278_279_280_281_283_284_285_286_287_288_289_290_291_292_293_294_295_296_297_298  8.13e+08  7.07e+08  27639.44 156751.06  14037.48    848.26     84.96     80.00    433.24  -7910.52      0.00 0
7262 14.0      228_229_233_235_241_243_244_245_247_248_251_255_256_259_262_264_265_268_271_272_274_279_282_284_291  5.01e+08  4.20e+08 -17877.14 -30036.84  10753.35    713.10     72.90    239.24   5444.38  -8015.85      0.00 0
7263 14.0      249_260_261_266_267_275_276_277_281_284_286_287_289_291_295  6.31e+08  5.76e+08  21034.12 -11707.44   9400.11    713.66     68.67    330.90   1441.54 -10921.05      0.00 0
7264 14.0      0_1_2_3_4_5_6_7_9_10_11_12_14_15_17_18_19_22_23_24_25_26_27_30_31_33_34_36_37_38_39_42_43_46_47_49_50_51_54_56_57_59_60_61_64_65_68_69_71_72_73_75_76_77_80_81_84_86_87_90_92_93_96_97_99_100_101_104_105_108_109_112_114_115_118_119_122_123_125_126_127_130_131_133_134_135_138_139_142_143_144_147_149_150_153_154_155_156_159_160_163_164_165_166_169_170_171_174_177_179_180_183_186_187_188_189_192_193_194_195_201_204_208_209_210_215_216_221_222_232_236_239_240  4.27e+08  3.52e+08 -113580.39  34378.48  14066.43    809.66     83.24    163.16  -4078.42   4415.67      0.00 0
7265 14.0      36_42_43_46_54_56_61_64_65_68_77_80_84_87_90_92_96_101_104_105_108_109_112_115_118_119_122_126_127_130_135_138_139_142_144_147_149_150_153_155_156_159_160_163_165_166_169_171_174_177_179_180_183_186_188_189_192_194_195_201_204_207_210_216_222_225_240  2.04e+08  1.72e+08 147908.59 -19026.26  15279.29    669.69     84.15    352.67   5642.04   5126.18      0.00 0
7266 14.0      176_178_185_187_202_203_209_215_218_224_228_229_233_241_244_248_251_256_259  1.10e+08  9.39e+07   4793.38  24075.99   9828.65    656.79     68.18     78.74   5868.26  -4508.24      0.00 0
7267 14.0      3_9_12_17_21_25_29_33_41_45_49_53_59_63_67_75_83_89_95_107_111_121_125_137_141_146_152_162_173_176_185_199_202_203_212_218_224_228_233_235_241_244_248_251_255_256_259_265_268_272_282  2.04e+08  1.72e+08 -28683.64  32239.10  11522.24    714.98     75.05    131.66   5502.52  -5844.42      0.00 0
7268 14.0      0_1_2_3_4_5_6_7_8_9_10_11_12_13_14_15_16_17_18_19_20_21_22_23_24_25_26_27_28_29_30_31_32_33_34_35_36_37_38_39_40_41_42_43_44_45_46_47_48_49_50_51_52_53_54_55_56_57_58_59_60_61_62_63_64_65_66_67_68_69_70_71_72_73_74_75_76_77_78_79_80_81_82_83_84_85_86_87_89_92_93_95_97_98_99_100_101_103_105_107_109_111_113_114_119_121_123_125_127_129_131_133_135_137_139_141_143_144_146_150_152_154_160_162_164_171_176_178_185_187_199_202_203_209_215_218_228_229_232_233_241_245_247_248_251_262_265_268_282  1.00e+09  8.54e+08  64888.65 -41306.80  13410.97    739.05     80.11    327.52   -485.12    304.72      0.00 0
7269 14.0      37_48_52_58_62_69_70_73_74_82_85_88_93_94_97_98_106_110_113_119_120_123_124_128_131_132_136_140_144_151_157_161_167_172_190_196  1.95e+08  1.66e+08  -5847.20  21883.14   7653.68   1039.20     71.33    104.96  -2951.78  -1891.40      0.00 0
7270 14.0      22_25_26_34_38_42_49_50_54_59_60_64_68_71_72_75_76_83_84_86_90_95_96_99_100_104_107_108_112_114_118_121_122_125_126_130_133_134_137_138_142_143_146_147_152_153_154_155_159_162_163_164_165_169_174_176_178_183_185_187_192_199_202_203_207_209_218_224_228_233_241_244_248_251_256_259_268_272  1.74e+08  1.44e+08 -16145.18  44142.65  11954.59    697.15     75.73    110.09   3733.39   -453.84      0.00 0
7271 14.0      0_1_2_3_4_5_6_8_9_11_12_13_15_16_17_18_20_21_23_24_25_26_28_29_32_33_35_37_38_40_41_44_45_47_48_49_52_53_58_59_62_63_69_70_71_74_75_82_83_85_94_98_99_113_124_132  2.45e+08  2.19e+08 -26367.49    916.17   9524.63    747.77     70.15    178.01  -1077.43   -685.51      0.00 0
7272 14.0      0_3_4_5_6_9_10_12_13_14_17_18_21_22_25_26_29_30_33_34_35_38_41_42_45_46_49_50_53_54_55_59_60_63_67_68_71_72_75_79_83_89_91_95_103_107_111_117_121_129_137_141_152_158_162_168_173_182_185_191_197_199_206_212_214_220_224_231_235_238_243_244_250_253_255_258_259_264_267_270_271_274_279_281_284_291  5.13e+08  4.40e+08 -13006.14  50950.79  12033.83    749.33     77.11    104.32   3186.66  -7827.89      0.00 0
7273 14.0      110_116_120_128_136_140_145_148_151_157_161_167_172_175_181_182_184_190_191_196_198_200_205_206_211_213_214_217_219_220_223_226_227_230_231_234_237_238_242_243_246_249_250_252_253_254_255_257_258_260_261_263_264_266_267_269_270_271_273_274_275_276_277_278_279_280_281_283_284_285_286_287_288_289_290_291_292_293_294_295_296_297_298  2.45e+08  2.04e+08 -168888.81 102605.28  14928.05    673.83     85.68    148.72  -3046.52  -8531.34      0.00 0
7274 14.0      0_1_2_3_4_5_6_7_8_9_11_13_15_16_17_19_20_21_23_24_27_28_29_31_32_35_37_39_40_41_44_45_47_48_51_52_53_55_57_58_61_62_63_65_66_67_69_70_73_74_78_79_81_82_85_87_88_89_91_93_94_97_98_102_103_105_106_109_110_111_113_116_117_119_120_123_124_128_129_131_132_135_136_137_139_140_141_144_145_148_150_151_157_158_160_162_167_168_171_173_181_182_190_191_197_199_200_205_206_212_214_220_224_226_227_231_235_238_243_244_246_250_253_255_258_259_264_267_270_271_274_279_281_284_291  5.01e+08  4.24e+08 -42594.24  60582.99  12658.94    843.38     80.30    125.11  -2396.20   -713.17      0.00 0
7275 14.0      55_63_67_78_79_88_89_91_95_102_103_107_110_111_116_117_121_125_128_129_136_137_140_141_146_148_151_152_154_157_158_161_162_167_168_172_173_175_176_178_181_182_184_185_187_190_191_196_197_198_199_200_202_203_205_206_209_211_212_213_214_215_217_218_219_220_221_223_224_226_227_228_229_230_231_232_233_234_235_237_238_239_241_242_243_244_245_246_247_248_249_250_251_252_253_254_255_256_257_258_259_260_261_262_263_264_265_266_267_268_269_270_271_272_273_274_275_276_277_278_279_280_281_282_283_284_285_286_287_288_289_290_291_292_293_294_295_296  1.38e+08  1.12e+08 -202944.45 -43285.28  15129.29    631.29     85.83    192.04   1734.13  -7075.80      0.00 0
7276 14.0      75_83_86_95_99_100_107_111_114_121_125_126_129_133_134_137_141_143_146_147_152_154_155_158_162_164_165_168_170_173_176_177_178_179_182_185_187_188_191_193_194_197_199_200_202_203_206_208_209_210_212_214_215_216_218_220_221_222_224_226_227_228_229_231_232_233_235_236_238_239_240_241_243_244_245_246_247_248_249_250_251_253_255_256_258_259_260_261_262_264_265_266_267_268_270_271_272_274_275_276_277_279_280_281_282_284_286_287_288_289_290_291_293_294_295_296_297_298  7.24e+08  6.22e+08 101014.48 192241.11  13434.56    832.99     86.46     62.28   4486.45  -8611.36      0.00 0
7277 14.0      0_1_2_3_4_5_6_7_8_9_10_11_12_13_14_15_16_17_18_19_20_21_22_23_24_25_26_27_28_29_30_31_32_33_34_35_36_37_38_39_40_41_42_43_44_45_46_47_48_49_50_51_52_53_54_55_56_57_58_60_61_62_63_64_65_66_67_68_69_70_73_74_77_78_79_80_81_82_84_85_87_88_89_90_91_92_93_94_97_98_101_102_103_104_105_106_109_110_112_113_115_116_117_118_119_120_123_124_127_128_129_130_131_132_135_136_139_140_142_144_145_148_149_150_151_156_157_158_159_160_161_166_167_169_171_172_175_180_181_182_183_184_189_190_192_195_196_198_200_201_204_205_206_207_211_213_217_219_223_225_226_227_230_234_237_242_246_249_252_254_257_260_261_263_266_269_273_275_276_278_280_283_285_286_287_288_290_292_293_294_296_297  5.75e+08  4.89e+08 -14480.73 -119837.70  14329.63    772.85     83.23    263.11  -2110.61  -2758.15      0.00 0
7278 14.0      20_28_35_40_44_45_52_55_62_66_67_78_79_88_89_91_102_103_111_117_129_137_141_158_162_168_173_191_197_199_212_220_224_235_241_243_244_255_256_259_271  1.66e+08  1.39e+08 -22056.86  20763.54   9983.07    754.33     71.76    136.73   2327.58  -4850.92      0.00 0
7279 14.0      0_1_2_3_4_5_6_7_8_9_10_11_12_13_14_15_16_17_18_19_20_21_22_23_24_25_26_27_28_29_30_31_32_33_34_35_36_37_38_39_40_41_42_43_44_45_46_47_48_49_50_51_52_53_54_55_56_57_58_59_60_61_62_63_64_65_66_67_68_69_70_71_72_73_74_75_76_77_78_79_80_81_82_83_84_85_87_88_89_90_91_92_93_94_95_97_98_101_102_103_104_105_106_107_109_110_111_112_113_115_116_117_118_119_120_123_124_127_128_129_130_131_132_135_136_137_139_140_141_144_145_148_149_150_151_156_157_158_159_160_161_162_166_167_168_171_172_173_180_181_182_183_184_189_190_191_192_195_196_197_198_200_201_204_205_206_207_211_212_213_214_219_220_225_226_227_230_231_234_237_238_242_243_246_249_250_252_253_257_258_260_261_264_266_267_269_270_273_274_275_276_277_280_281_283_284_286_287_288_289_290_291_292_293_294_295_296_297_298  8.91e+08  8.22e+08 -17532.84 125868.27  14187.33    806.64     83.63     97.93    180.27  -8979.08      0.00 0
7280 14.0      37_47_48_58_62_69_70_73_74_82_85_88_93_94_97_98_105_106_110_113_119_120_123_124_128_131_132_135_136_140_144_145_150_151_160_161_167_172_175_184_190_196_198_205_211_213_217_219_223_230_234_237_242_249_252_254_257_263_266_269_273_276_278_280_283_285_286_288_290_292_294_296_297  1.55e+08  1.33e+08   7007.63 -87670.81  14197.60    684.19     80.83    274.57  -3580.93 -10650.45      0.00 0
7281 14.0      174_177_186  1.15e+08  9.76e+07 -13057.82  13673.78   8812.52    673.77     65.01    133.68   4525.92   5015.51      0.00 0
7282 14.0      18_22_25_26_33_34_38_42_49_50_53_54_59_60_64_68_71_72_75_76_83_84_86_90_95_96_99_100_104_107_108_112_114_121_122_125_126_130_133_134_137_141_143_146_152_154_162_164_173_176_178_185_187_199_202_203_209_212_218_224_228_229_233_235_241_244_245_248_251_255_256_259_262_265_268_271_272_282  7.76e+08  6.44e+08 -23529.01  51869.41  12106.49    784.81     78.00    114.40   6015.52  -6457.35      0.00 0
7283 14.0      16_20_24_28_32_35_37_40_44_45_48_52_55_58_62_66_69_70_73_74_78_79_82_85_88_91_94_97_98_102_103_106_110_113_116_117_120_123_124_128_129_131_132_136_140_141_144_145_148_151_157_158_161_167_168_172_173_175_181_182_184_190_191_196_197_198_200_205_206_211_212_213_214_217_219_220_223_226_227_230_231_234_235_237_238_242_243_244_246_249_250_252_253_254_255_257_258_259_260_261_264_266_267_269_270_271_274_275_276_277_279_281_284_286_287_289_291_293_295  2.14e+08  1.97e+08 -82652.18  84756.00  14095.57    804.34     83.21    134.28  -3752.59  -3144.35      0.00 0
7284 14.0      0_2_3_4_5_6_8_9_10_12_13_17_18_21_22_25_26_28_29_30_33_34_35_38_40_41_42_44_45_49_50_53_54_55_59_60_63_64_66_67_68_71_72_75_76_78_79_83_84_86_88_89_90_91_95_96_99_100_102_103_107_108_111_112_114_116_117_122_126_128_129_134_138_142_147_148_153_155_157_163_167_174_177_179_181_186_190  3.47e+08  2.94e+08 -23812.33 -42105.30  11800.85    737.74     76.29    240.51   2709.87   1285.60      0.00 0
7285 14.0      109_115_118_127_135_139_149_156_159_160_166_171_180_189  1.05e+08  8.84e+07  21133.20   1737.47   8752.86    749.41     67.57      4.70  -2104.11   4737.83      0.00 0
7286 14.0      0_1_2_3_4_5_6_7_8_9_10_11_12_13_14_15_16_17_18_19_20_21_22_23_24_25_26_27_28_29_30_32_33_34_35_36_37_38_40_41_42_43_44_45_46_48_49_50_52_53_54_55_56_58_59_60_62_63_64_66_67_68_71_72_74_75_76_78_79_80_82_83_84_86_88_89_90_91_94_95_96_99_100_102_103_104_106_107_108_110_111_112_114_116_117_120_121_122_125_126_128_129_130_133_134_136_137_138_140_141_142_143_146_147_148_151_152_153_154_155_157_158_161_162_163_164_165_167_168_169_170_172_173_174_176_177_178_179_181_182_184_185_186_187_188_190_191_193_194_196_197_198_199_200_202_203_205_206_208_209_210_211_212_213_214_215_216_217_218_219_220_221_222_223_224_226_227_228_229_230_231_232_233_234_235_236_237_238_239_240_241_242_243_244_245_246_247_248_249_250_251_252_253_254_255_256_257_258_259_260_261_262_263_264_265_266_267_268_269_270_271_272_273_274_275_276_277_278_279_280_281_282_283_284_285_286_287_288_289_290_291_292_293_294_295_296_297_298  3.55e+08  2.85e+08 -164764.45 -236184.31  12875.48    637.42     87.44    235.10   -781.47  -8891.50      0.00 0
7287 14.0      0_1_2_3_4_5_6_7_8_9_10_11_12_14_15_16_17_18_19_20_22_23_24_25_26_27_30_31_32_34_36_37_38_39_42_43_46_47_48_50_51_52_54_56_57_58_60_61_64_65_68_69_70_72_73_74_76_77_80_81_82_84_85_87_90_92_93_94_96_97_98_100_101_104_105_108_109_112_113_115_118_119_122_123_124_126_127_130_131_132_134_135_138_139_142_144_145_147_149_150_153_155_156_159_160_163_166_169_171_174_177_179_180_183_186_188_189_192_195_201_204_207_210_225  1.20e+08  1.04e+08 -273928.09 -113520.75  11805.75    726.20     87.72    202.51  -2895.58   4578.01      0.00 0
7288 14.0      0_1_2_3_4_5_6_7_8_9_10_11_12_13_14_15_16_17_18_19_20_21_22_23_24_25_26_27_28_29_30_31_32_33_34_35_36_37_38_39_40_41_42_43_44_45_46_47_48_49_50_51_52_53_54_55_56_57_58_59_60_61_62_63_64_65_66_67_68_69_70_71_72_73_74_75_76_77_78_79_80_81_82_83_84_85_86_87_88_89_90_91_92_93_94_96_97_98_99_100_101_102_103_104_105_106_108_109_110_112_113_114_115_116_117_118_120_122_124_126_127_128_130_132_134_136_138_140_142_145_147_148_149_151_153_155_156_157_159_161_163_167_169_172_174_175_177_179_180_181_183_184_186_190_192_196_198_201_205_207_211_213_217_219_223_230_234_237_242_254_257_263_273_278_285  2.19e+08  1.73e+08 -70742.30 -106395.14  15552.02    619.18     83.06    236.38   2521.97   4362.56      0.00 0
7289 14.0      200_206_214_226_227_230_231_237_238_242_243_246_249_250_252_253_255_257_258_259_260_261_263_264_266_267_269_270_271_272_273_274_277_279_281_284  1.82e+08  1.53e+08 -37388.85   1031.30  11335.40    662.44     73.14    178.42   1758.13  -8674.13      0.00 0
7290 14.0      10_14_22_27_30_34_36_39_42_43_46_50_54_56_60_61_64_65_68_76_77_80_84_87_90_92_96_101_104_105_108_109_115_118_127_135_139_150_156_160_166_171_195  1.41e+08  1.20e+08  36010.02 -20907.87  11610.33    681.09     74.42    329.86  -2784.30   4457.88      0.00 0
7291 14.0      36_39_42_43_46_56_61_64_65_68_77_80_81_84_87_90_92_93_96_101_104_105_108_109_112_115_118_119_122_123_126_127_130_135_138_139_142_144_147_149_150_153_155_156_159_160_163_166_169_171_174_177_179_180_183_186_188_189_192_195_201_204_207_210  7.08e+08  6.01e+08 -82052.27  -4501.25  14061.30    674.76     80.29    183.14   5064.29   4666.14      0.00 0
7292 14.0      71_75_83_86_95_99_100_107_111_114_121_122_125_126_129_133_134_137_141_143_146_147_152_153_154_155_158_162_164_165_168_170_173_176_177_178_179_182_185_186_187_188_191_193_194_197_199_202_203_206_208_209_210_212_214_215_216_218_220_221_222_224_227_228_229_231_232_233_235_236_238_239_240_241_243_244_245_246_247_248_250_251_253_255_256_258_259_260_261_262_264_265_267_268_270_271_272_274_275_277_279_281_282_284_286_287_289_291_293_294_295_297_298  1.78e+08  1.47e+08 -47880.77 -147099.70  14868.30    724.75     84.51    251.97   4431.98  -8178.70      0.00 0
7293 14.0      90_92_96_100_104_108_112_115_118_122_126_130_134_138_142_147_149_153_155_156_159_163_165_166_169_170_174_177_179_180_183_186_188_189_192_194_195_201_204_207_208_210_216_222_236  4.27e+08  3.94e+08 -32797.89  22448.77  11149.31    725.84     74.33    145.61   2523.33   3736.79      0.00 0
7294 14.0      103_107_111_116_117_121_125_129_137_141_146_148_152_154_157_158_162_164_167_168_173_176_178_181_182_185_187_190_191_193_196_197_199_200_202_203_205_206_208_209_211_212_213_214_215_218_219_220_221_224_226_227_228_229_230_231_232_233_234_235_236_237_238_239_241_242_243_244_245_246_247_248_249_250_251_252_253_254_255_256_257_258_259_260_261_262_263_264_265_266_267_268_269_270_271_272_273_274_275_276_277_278_279_280_281_282_283_284_285_286_287_288_289_290_291_292_293_294_295_296_297  9.55e+08  8.11e+08 -110115.02 -66425.62  14492.86    761.97     83.57    211.10  -2340.34  -9655.31      0.00 0
7295 14.0      254_263_273_278_283_285_288_290_292_294_296  1.07e+08  9.21e+07 -16276.21  17139.56   7853.62   1024.00     71.62    133.52  -4377.46 -10131.84      0.00 0
7296 14.0      0_1_2_3_4_5_6_7_8_9_10_11_12_13_14_15_16_17_18_19_20_21_22_23_24_25_26_27_28_29_30_31_32_33_34_35_36_37_38_39_40_41_42_43_44_45_46_47_48_49_50_51_52_53_54_55_56_57_58_59_60_61_62_63_64_65_66_67_68_69_70_71_72_73_74_75_76_77_78_79_80_81_82_83_84_85_86_87_88_89_90_91_92_93_94_95_96_97_98_99_100_101_102_103_104_105_106_107_108_109_110_111_112_113_114_115_116_117_118_119_120_121_123_124_125_127_128_129_131_132_133_134_135_136_137_139_140_141_143_144_145_146_148_149_150_151_152_154_156_157_158_160_161_162_164_166_167_168_171_172_173_175_176_178_181_182_184_185_187_189_190_191_193_195_196_197_198_199_200_202_203_205_206_209_211_212_213_214_215_217_218_219_220_223_224_226_227_228_229_230_231_232_233_234_235_237_238_241_242_243_244_245_246_247_248_249_250_251_252_253_255_256_257_258_259_260_261_262_264_265_266_267_268_270_271_272_274_275_276_277_279_281_282_284_286_287_289_291_295  4.79e+08  3.99e+08 -200379.56 192022.88  11632.11    848.50     87.60    136.22   6096.91  -9041.96      0.00 0
7297 14.0      81_87_93_97_101_105_109_113_115_119_123_127_131_132_135_139_144_149_150_156_160_166_171_180_183_189_195_201_204  2.34e+08  2.02e+08 -27357.92 -32546.18  11799.04    664.80     74.49    229.95  -4102.01   2107.13      0.00 0
7298 14.0      106_110_116_120_124_128_136_140_145_148_151_157_161_167_172_175_181_182_184_190_196_198_200_205_206_211_213_214_217_219_223_226_227_230_231_237_238_246_249_250_253_258_261_267_270_274_284  4.27e+08  3.64e+08  33348.11 -27450.99  11355.70    742.33     75.27    320.54  -2373.27  -5246.09      0.00 0
7299 14.0      0_1_2_3_4_5_6_7_8_9_10_11_12_13_14_15_16_17_18_19_20_21_22_23_24_25_26_27_28_29_30_31_32_33_34_35_36_37_38_39_40_41_42_43_44_45_46_47_48_49_50_51_52_53_54_55_56_57_58_59_60_61_62_64_65_66_68_69_70_71_72_73_74_76_77_78_79_80_82_84_85_86_88_90_92_94_96_98_100_102_104_106_108_110_112_118_120_122_124_126_128_130_136_138_140_142_145_147_151_153_159_161_163_169_172_174_177_184_186_192_198_211_217_223  1.32e+08  1.19e+08 -38919.92 -50611.60  12919.97    718.77     78.56    232.44   2804.36   3876.67      0.00 0
