#event_number primary_type du_ids energy_primary em_energy Xmax_pos(x, y, z), Xmax_grams zenith azimuth shower_core_pos_x shower_core_pos_y shower_core_pos_z, N_tested_cores, units are degrees, GeV and meters
104500 5626.0    205_211_213_219_223_226_227_230_234_237_242_246_249_250_252_253_254_257_258_260_261_263_266_267_269_270_273_274_275_276_277_278_279_280_281_283_284_285_286_287_288_289_290_291_292_293_294_295_296_297_298  5.89e+10  5.07e+10 146617.16 -50828.07  14504.67    776.81     84.66    340.88  -3655.59 -10703.59      0.00 0
104501 5626.0    48_58_69_70_74_82_85_94_98_106_110_120_124_136_140_145_151_161_167_172_175_184_196_198_211_217_219_223_234_242_254_257_263_273_278_285  1.35e+10  1.15e+10  -8578.35 -37880.12  11247.12    696.86     73.85    257.24  -4006.15  -6105.80      0.00 0
104502 5626.0    0_1_2_3_4_5_6_7_8_9_10_11_12_13_14_15_16_17_18_19_20_21_22_23_24_25_26_27_28_29_30_31_32_33_34_35_36_37_38_39_40_41_42_43_44_45_46_47_48_49_50_51_52_53_54_55_56_57_58_59_60_61_62_63_64_65_66_67_68_69_70_71_72_73_74_75_76_77_78_79_80_81_82_83_84_85_86_87_88_89_90_91_92_93_94_95_96_97_98_99_100_101_102_103_104_105_106_107_108_109_110_111_112_113_114_115_116_117_118_119_120_121_122_123_124_125_126_127_128_129_130_131_132_133_134_135_136_137_138_139_140_141_142_143_144_145_146_147_148_149_150_151_152_153_154_155_156_157_158_159_160_161_163_164_165_166_167_168_169_170_171_172_174_175_177_179_180_181_182_183_184_186_187_188_189_190_192_193_194_195_196_198_200_201_204_205_207_208_210_211_213_216_217_219_222_223_225_230_234_236_237_240_242_252_254_257_263_273_278_285  4.68e+10  4.02e+10 216454.42 186114.45  11914.66    767.13     87.61     40.69  -1462.81   -254.32      0.00 0
104503 5626.0    146_152_154_162_173_176_178_185_187_193_197_199_202_203_206_208_209_212_214_215_218_220_221_224_227_228_229_231_232_233_235_236_238_239_241_243_244_245_246_247_248_250_251_253_255_256_258_259_260_261_264_267_270_271_274_275_277_279_281_284_286_287_289_291_293_294_295_297_298  4.57e+10  3.97e+10 -26691.22 -42335.76  11987.59    727.85     76.53    237.77   3207.87  -7637.60      0.00 0
104504 5626.0    0_1_2_3_4_5_6_7_8_9_10_11_12_13_14_15_16_17_18_19_20_21_22_23_24_25_26_27_28_29_30_31_32_33_34_35_36_37_38_39_40_41_42_43_44_45_46_47_48_49_50_51_52_53_54_55_56_57_58_59_60_61_62_63_64_65_66_67_68_69_70_71_72_73_74_75_76_77_78_79_80_81_82_83_84_85_86_87_89_90_92_93_94_95_96_97_98_99_100_101_104_105_107_108_109_111_112_113_114_115_118_119_121_122_123_125_126_127_130_131_132_133_134_135_137_138_139_142_143_144_146_147_149_150_152_153_154_155_156_159_160_163_164_165_166_169_170_171_174_176_177_178_179_180_183_185_186_187_188_189_192_193_194_195_201_202_203_204_207_208_209_210_215_216_221_222_225_228_229_232_236_239_240_245_247_248_262  9.55e+10  8.31e+10 190502.94 -70129.21  14052.81    779.96     86.04    339.79    308.22   2448.75      0.00 0
104505 5626.0    32_52_58_62_82_88_94_106_110_120_128_136_140_151_161_167_172_184_190_196_198_211_213_219_223_234_237_242_254_257_263_273_278_285  1.23e+10  1.05e+10  -9371.74 -33052.95  10667.79    716.61     72.75    254.17  -3342.51  -6269.70      0.00 0
104506 5626.0    122_126_138_142_147_153_155_163_165_169_174_177_179_186  1.95e+09  1.62e+09 -12056.41  26602.88  10256.89    687.26     70.65    114.38   3551.52   5191.04      0.00 0
104507 5626.0    122_126_147_153_177_179_186  4.27e+10  3.71e+10  15963.80  12214.08   8503.16    761.79     67.07     37.42   6054.68   3998.14      0.00 0
104508 5626.0    62_66_78_88_91_102_106_110_116_117_128_148_157_158_182_191  1.07e+10  9.15e+09 -14440.37  15005.76   8977.45    700.19     66.68    133.90   -152.22  -4372.03      0.00 0
104509 5626.0    0_1_2_3_5_6_7_8_9_11_13_15_16_19_20_21_23_24_27_28_29_31_32_35_37_39_40_41_44_45_47_48_51_52_55_57_58_61_62_63_65_66_67_69_70_73_74_78_79_81_82_85_87_88_89_91_93_94_97_98_102_103_105_106_109_110_111_113_116_117_119_120_123_124_128_129_131_132_135_136_139_140_141_144_145_148_150_151_157_158_160_161_167_168_171_172_173_175_181_182_184_190_191_196_197_198_200_205_206_211_212_213_214_217_219_220_223_226_227_230_231_234_237_238_242_243_246_249_250_252_253_254_257_258_260_261_263_264_266_267_269_270_273_274_275_276_277_278_279_280_281_283_284_285_286_287_288_289_290_291_292_293_294_295_296_297_298  9.77e+10  8.50e+10 131795.64 -258663.45  11812.10    756.59     87.67    297.00  -2822.30  -7413.93      0.00 0
104510 5626.0    0_1_2_3_4_5_6_7_8_9_10_11_12_13_14_15_16_17_18_19_20_21_22_23_24_25_26_27_28_29_30_31_32_33_34_35_36_38_39_40_41_42_43_44_45_46_47_49_50_51_52_53_54_55_56_57_59_60_61_62_63_64_65_66_67_68_71_72_75_76_77_78_79_80_81_83_84_86_87_89_90_91_92_95_96_99_100_101_102_103_104_107_108_109_111_112_114_115_116_117_118_121_122_125_126_127_129_130_133_134_137_138_139_141_142_146_148_149_152_153_156_158_159_162_163_166_168_169_173_174_176_180_181_182_183_185_189_191_192_195_197_199_200_201_204_206_207_212_214_218_220_224_225_227_231_235_238_243_244_246_250_253_255_258_261_264_267_270_271_274_277_279_281_284_287_289_291_295  3.24e+10  2.76e+10  13950.62 -89086.84  13717.82    765.38     81.35    278.90   1141.76   1472.77      0.00 0
104511 5626.0    218_224_235_241_243_244_255_258_259_264_271_274_279_284  1.29e+10  1.10e+10   4538.75  25609.82   9791.65    694.56     69.37     79.95   4307.75  -8660.82      0.00 0
104512 5626.0    71_75_83_86_95_99_100_107_111_114_121_122_125_126_129_133_134_137_141_143_146_147_152_153_154_155_158_162_164_165_168_170_173_176_177_178_179_185_186_187_188_191_193_194_197_199_202_203_206_208_209_210_212_214_215_216_218_220_224_227_228_231_233_235_238_241_243_244_246_250_253_255_256_258_259_261_264_267_270_271_274_275_277_279_281_284_286_287_289_291_293_295_297_298  1.82e+10  1.55e+10  17237.00  77304.00  13637.93    718.80     80.23     77.43   2731.89  -9865.51      0.00 0
104513 5626.0    0_1_2_3_4_5_6_7_8_9_10_11_12_13_14_15_16_17_18_19_20_21_22_23_24_27_28_29_30_31_32_35_36_37_39_40_42_43_44_45_46_47_48_51_52_55_56_57_58_61_62_65_66_68_77_78_79_80_81_87_88_91_92_101_102_115_116_118_127_149_156  2.14e+09  1.78e+09   -312.99 -30917.77  10429.55    692.83     71.36    269.42   -475.00    733.09      0.00 0
104514 5626.0    90_96_104_108_112_115_118_122_126_130_138_142_147_149_153_155_156_159_163_165_166_169_174_177_179_180_183_186_188_189_192_194_195_201_204_207  7.59e+10  6.64e+10 -27768.45  18498.26  10213.67    775.45     72.98    146.33   1715.83   4501.94      0.00 0
104515 5626.0    71_72_75_76_83_86_95_96_99_100_107_108_111_114_121_122_125_126_133_134_137_138_141_143_146_147_152_153_154_155_162_163_164_165_168_170_173_174_176_177_178_179_185_186_187_188_193_194_197_199_202_203_208_209_210_212_214_215_216_218_220_221_222_224_228_229_231_232_233_235_236_238_239_240_241_243_244_245_247_248_251_253_255_256_258_259_262_264_265_267_268_270_271_272_274_279_281_282_284_289_291_295  4.27e+09  3.50e+09  11317.75 145100.73  14937.56    713.72     84.14     85.54   5352.52 -11056.83      0.00 0
104516 5626.0    0_1_2_3_4_5_6_7_8_9_10_11_12_13_14_15_16_17_18_19_20_21_22_23_24_25_26_27_28_29_30_31_32_33_34_35_36_37_38_39_40_41_42_43_44_45_46_47_48_49_50_51_52_53_54_55_56_57_58_59_61_62_63_64_65_66_67_68_69_70_73_74_77_78_79_80_81_82_83_85_87_88_89_90_91_92_93_94_97_98_101_102_103_104_105_106_107_109_110_111_115_116_117_118_119_120_127_128_129_135_136_139_140_141_148_149_156_157_158_159_160_161_166_167_168_171_172_180_181_182_183_189_190_191_195_196_197_200_201_204_205_206_213_214_219_220_225_226_227_230_231_237_238_246_249_250_252_253_257_258_260_261_266_267_269_270_275_276_277_280_281_283_284_286_287_288_289_290_291_293_294_295_296_297_298  8.51e+10  7.40e+10  -8063.36  88260.14  13704.46    759.89     81.21     95.22      0.36  -8580.48      0.00 0
104517 5626.0    0_1_2_3_4_5_6_7_8_9_10_11_12_13_14_15_16_17_18_19_20_21_22_23_24_25_26_27_28_29_30_31_32_33_34_35_36_37_39_40_41_42_43_44_45_46_47_48_51_52_53_54_55_56_57_58_61_62_63_64_65_66_67_68_69_70_73_74_77_78_79_80_81_82_85_87_88_89_90_91_92_93_94_97_98_101_102_103_104_105_106_109_110_113_115_116_117_118_119_120_123_124_127_128_130_131_132_135_136_139_140_144_145_148_149_150_151_156_157_158_159_160_161_166_167_171_172_175_180_181_182_183_184_189_190_192_195_196_198_200_201_204_205_206_207_211_213_217_219_223_225_226_227_230_234_237_242_246_249_250_252_254_257_260_261_263_266_269_273_275_276_277_278_280_283_285_286_287_288_290_292_293_294_295_296_297_298  2.24e+10  1.90e+10   6129.18 183794.00  14602.12    738.74     85.46     88.09  -3508.90  -9126.42      0.00 0
104518 5626.0    95_99_114_121_125_126_133_134_137_141_143_146_147_152_154_155_162_164_165_170_173_176_177_178_179_185_187_188_193_194_197_199_208_210_212_216_222  2.51e+09  2.07e+09  13553.60  37999.97  11302.42    710.29     74.35     70.37   5388.16    213.20      0.00 0
104519 5626.0    21_29_33_35_40_41_44_45_49_53_55_59_62_63_66_67_71_75_78_79_83_86_88_89_91_95_99_102_103_106_107_110_111_114_116_117_121_125_128_129_133_136_137_140_141_143_146_148_151_152_154_157_158_161_162_164_165_167_168_170_172_173_176_178_181_182_184_185_187_190_191_193_194_196_197_198_199_200_202_203_205_206_208_209_211_212_213_214_215_217_218_219_220_221_222_223_224_226_227_228_229_230_231_232_233_234_235_236_237_238_239_240_241_242_243_244_245_246_247_248_249_250_251_252_253_254_255_256_257_258_260_261_262_263_265_266_267_268_269_273_276_278_280_283_285_290_292  3.02e+10  2.57e+10 127658.32  59067.56  14734.46    739.47     84.02     24.83  -3144.38  -7274.92      0.00 0
104520 5626.0    257_263_269_273_278_280_283_285_288_290_292_294_296_297  1.95e+10  1.67e+10  14014.28 -20375.66   9592.09    697.78     68.80    304.52  -2217.76 -11198.31      0.00 0
104521 5626.0    0_1_2_3_4_5_6_7_8_9_10_12_13_14_15_17_18_19_21_22_25_26_27_28_29_30_33_34_35_36_38_39_41_42_43_45_46_49_50_53_54_55_56_59_60_63_64_65_67_68_71_72_75_76_77_79_80_83_84_86_89_90_92_95_101_103_107_111_117_121_129_137_141_152_158_162_168_173_185_191_197_199_212_214_220_224_235_238_243_244_255_258_264_271_274_279  2.57e+10  2.22e+10  13897.19 -38728.12  10871.26    794.80     75.20    289.74   2152.26  -3320.71      0.00 0
104522 5626.0    173_197_212_214_220_231_235_238_243_250_253_258_261_264_267_270_274_275_277_281_284_287_289_291_293_295_297_298  4.47e+09  3.76e+09 -11256.78 -32343.23  10646.83    718.08     72.73    250.81   1662.85 -10737.10      0.00 0
104523 5626.0    62_82_88_94_98_102_106_110_116_120_124_128_132_136_140_145_148_151_157  1.05e+09  8.53e+08 -20973.28  17893.89  10329.71    644.53     69.46    139.53  -2764.31  -2807.31      0.00 0
104524 5626.0    8_11_16_20_23_24_28_32_35_37_40_44_45_47_48_52_55_57_58_62_66_69_70_73_74_78_79_82_85_88_91_93_94_97_98_102_103_106_110_113_116_117_119_120_123_124_128_129_131_132_136_140_144_145_148_151_157_158_161_167_168_172_181_182_190_191_196_197_200_205_206_213_214_220_226_227_230_231_238_243_246_250_253_258_261_264_267_270_274_277_279_281_284_289_291  1.82e+10  1.55e+10 -32413.67  49703.51  12721.12    709.79     77.90    123.11   -183.20  -5388.48      0.00 0
104526 5626.0    0_1_2_3_4_5_6_8_9_10_12_13_14_16_17_18_20_21_22_25_26_28_29_30_33_34_35_38_40_41_42_44_45_49_50_52_53_54_55_59_60_62_63_64_66_67_78_79_83_84_88_89_91_102_103_110_116_117_128_140_148_157_167_172_181_182_190_196_200_205_211_213_219_226_230_234_237_242_249_252_254_257_263_266_269_273_278_280_283_285_290_292  7.41e+09  6.26e+09 -17599.99 -43321.85  11814.86    715.71     75.82    247.89  -1542.08  -5887.51      0.00 0
104527 5626.0    0_1_2_3_4_5_6_8_9_11_12_13_16_17_18_20_21_24_25_26_28_29_32_33_34_35_38_40_41_44_45_48_49_50_52_53_55_58_59_62_63_66_67_70_71_72_74_75_76_78_79_82_83_86_88_89_91_94_95_98_99_100_102_103_106_107_110_111_114_120_121_124_125_133_134_136_137_143_145_146_151_152_154_155_164_165_170_175_178_187_188_193_194_208_209_215_216_221_222_232_236_239_240  2.45e+09  2.01e+09 -60531.53 -12778.06  13161.21    667.38     77.99    191.92   4689.46   -782.52      0.00 0
104528 5626.0    0_2_3_4_5_8_9_12_13_17_18_20_21_25_26_28_29_33_34_35_38_40_41_44_45_49_50_52_53_55_59_60_62_63_66_67_71_72_75_76_78_79_82_83_86_88_89_91_95_96_99_100_102_103_106_107_110_114_125_126_128_133_134_136_140_143_147_155_164_165_170_179_188_194_210_216_222_240  1.12e+10  9.52e+09 -35849.70 -22838.78  11588.63    696.00     74.75    212.50   3103.23   -102.45      0.00 0
104529 5626.0    0_1_2_3_4_5_6_7_8_9_10_11_12_13_14_15_16_17_18_19_20_21_22_23_24_25_26_27_28_29_30_31_32_33_34_35_36_37_38_40_41_42_44_45_46_47_48_49_50_52_53_54_55_58_59_60_62_63_64_66_67_68_69_70_71_72_74_75_76_78_79_80_82_83_84_86_88_89_90_91_94_95_96_98_99_100_102_103_106_107_108_110_111_112_114_116_117_120_121_122_124_125_126_128_129_133_134_136_137_138_140_143_145_146_147_148_151_153_154_155_157_161_163_164_165_167_170_172_175_177_179_184_186_188_190_193_194_196_198_208_210_211_216_217_219_222_223_234_236_240_254  3.31e+10  2.85e+10  78601.50  55611.78  14063.68    739.61     81.69     35.28   5853.15   2392.47      0.00 0
104530 5626.0    0_1_2_3_4_5_6_7_8_9_10_11_12_13_14_15_16_17_18_19_20_21_22_23_24_25_26_27_28_29_30_31_32_33_34_35_36_37_38_39_40_41_42_43_44_45_46_47_48_49_50_51_52_53_54_55_56_57_58_59_60_61_62_63_64_65_66_67_68_69_70_71_72_73_74_75_76_77_78_79_80_81_82_83_84_85_86_87_88_89_90_91_92_93_94_95_96_97_99_100_101_102_103_104_105_106_107_108_109_110_111_112_114_115_116_117_118_119_121_122_123_125_127_128_129_130_133_135_137_138_139_141_142_146_148_149_150_152_156_157_158_159_160_162_166_167_168_169_171_173_176_180_181_182_183_185_189_190_191_192_195_197_199_200_201_203_204_205_206_207_212_214_218_220_224_225_226_227_231_235_238_241_243_244_246_250_253_255_256_258_259_260_261_264_267_270_271_272_274_275_277_279_281_284_287_289_291_295  1.62e+09  1.29e+09 -39051.44 125379.73  15473.10    633.13     83.28    107.30    725.75  -1158.90      0.00 0
104531 5626.0    59_71_72_75_83_86_95_96_99_100_107_111_114_121_125_126_129_133_134_137_141_143_146_147_152_154_155_162_168_173_176_185_191_197_199_212_214_218_220_224_231_235_238_243_253_258_270  2.04e+09  1.69e+09  -4957.93 -37812.23  11166.16    698.86     73.68    262.53   3411.62  -3764.52      0.00 0
104532 5626.0    95_99_107_111_121_125_137_141_152_162_168_173  1.82e+10  1.57e+10  -4062.01 -18053.97   8386.58    732.98     65.62    257.32   3038.11  -2974.30      0.00 0
104533 5626.0    0_1_2_3_4_5_6_7_8_9_10_11_12_13_14_16_17_18_20_21_22_25_26_27_28_29_30_33_34_35_36_38_40_41_42_43_44_45_46_49_50_53_54_55_56_59_60_63_64_66_67_68_71_72_75_76_77_78_79_80_83_84_86_88_89_90_91_92_95_96_99_100_102_103_104_107_108_111_112_114_116_117_118_121_122_125_126_128_129_130_133_134_137_138_141_142_143_146_147_148_149_152_153_154_155_157_158_159_162_163_164_165_168_169_170_173_174_176_177_178_179_181_182_183_185_186_187_188_190_191_192_193_194_197_199_200_202_203_205_206_207_208_209_210_212_213_214_215_216_218_220_221_222_224_226_227_228_229_230_231_232_233_235_236_238_239_240_241_243_244_245_246_247_248_249_250_251_252_253_255_256_258_259_260_261_262_264_265_266_267_268_269_270_271_272_274_275_276_277_279_280_281_282_284_286_287_288_289_290_291_293_294_295_296_297_298  6.03e+10  5.24e+10  38902.99 226876.45  13393.47    796.16     86.67     80.27   3520.98  -6154.79      0.00 0
104534 5626.0    0_1_2_3_4_5_6_7_8_9_10_11_13_14_15_16_19_20_23_24_27_28_29_30_31_32_35_36_37_39_40_43_44_45_46_47_48_51_52_55_56_57_58_61_62_65_66_69_70_73_74_77_78_79_80_81_82_85_87_88_91_92_93_94_97_98_101_102_105_106_109_110_115_116_117_118_120_124_127_128_135_136_139_140_148_149_151_156_157_161_166_167_172_180_181_189_190_196_198_200_201_204_205_211_213_219_223_225_226_230_234_237_242_249_252_254_257_260_263_266_269_273_276_278_280_283_285_288_290_292_296  2.24e+09  1.82e+09   6404.55  60227.31  13083.96    667.60     77.81     83.93  -1883.80  -3915.27      0.00 0
104535 5626.0    0_1_2_3_4_5_6_7_8_9_11_12_15_16_17_19_20_23_24_31_32_37_47_48_57_58_69_70_73_74_85_97_113_131  1.74e+09  1.44e+09  21042.07  -2401.16   9029.08    701.22     66.91    353.49  -1947.34    117.47      0.00 0
104536 5626.0    0_1_2_3_4_5_6_7_8_9_10_11_12_13_14_15_16_17_18_19_20_21_22_23_24_25_26_27_28_29_30_31_32_33_34_35_36_37_38_39_40_41_42_43_44_45_46_47_48_49_50_51_52_53_54_55_56_57_59_60_61_62_63_64_65_66_67_68_71_72_75_76_77_78_79_80_81_83_84_86_87_89_90_91_92_95_96_99_100_101_102_103_104_105_107_108_109_111_112_114_115_116_117_118_121_125_127_129_130_133_135_137_139_141_146_148_149_152_156_158_159_162_166_168_171_173_176_180_182_183_185_189_191_195_197_199_200_201_203_204_206_207_212_214_218_220_224_225_227_231_233_235_238_241_243_244_250_251_253_255_256_258_259_264_267_270_271_272_274_279_281_284_291  3.39e+10  2.91e+10  32625.73 -88246.12  14060.96    730.91     81.50    290.29   3761.99  -7697.20      0.00 0
104537 5626.0    0_1_2_3_4_5_6_7_8_9_10_11_12_13_14_15_16_17_18_19_20_21_22_23_24_25_26_27_28_29_30_31_32_33_34_35_36_37_38_39_41_42_43_45_46_47_48_49_50_51_53_54_56_57_59_60_61_63_64_65_67_68_69_70_71_72_73_75_76_77_80_81_83_84_85_86_87_89_90_92_93_95_96_97_99_100_101_104_105_107_108_109_112_114_115_118_119_121_122_123_125_126_127_130_131_133_134_135_137_138_139_142_143_144_146_147_149_150_152_153_154_155_156_159_160_163_164_165_166_169_170_171_176_178_179_180_183_185_187_188_189_193_194_195_202_203_204_208_209_215_216_221_222_228_229_232_233_236_239_245_247_248_262  5.01e+10  4.32e+10  96802.60 -60066.95  14432.41    742.07     82.78    328.18  -3753.92   4683.83      0.00 0
104538 5626.0    148_157_167_172_181_182_190_191_196_198_200_205_206_211_213_214_217_219_220_223_226_227_230_231_234_237_238_242_254  6.61e+10  5.79e+10  33259.04  -4579.58  10309.12    762.62     72.93    352.16  -2522.61  -6441.30      0.00 0
104539 5626.0    25_33_38_49_50_53_59_63_71_72_75_76_83_86_95_96_99_100_114_122_126_134_143_147_155_165_177_179_188_210  7.76e+09  6.60e+09  16788.52  21296.14   9982.82    688.02     69.79     51.75   4064.00   1190.21      0.00 0
104540 5626.0    96_100_108_112_114_122_126_130_133_134_138_142_143_147_153_154_155_159_163_164_165_169_170_174_177_178_179_183_186_187_188_192_193_194_201_202_207_208_209_210_215_216_221_222_228_229_232_236_239_240_245_247_262  3.39e+10  2.91e+10 -34882.85  63399.23  13463.78    701.42     79.46    118.82   4189.67   4733.91      0.00 0
104541 5626.0    2_5_8_13_16_20_28_29_35_40_44_45_52_55_62_66_78_79_88_91_102_116_117_128_148_157_181_182_190_200_205  6.03e+10  5.29e+10    136.40 -22329.10   8840.88    765.56     68.40    270.35   -433.10  -3876.85      0.00 0
104542 5626.0    108_112_122_138_147_153_177_179_186_210  1.02e+10  8.75e+09 -20488.45  -2005.30   8870.14    711.49     66.69    185.59   4813.45   3230.09      0.00 0
104543 5626.0    14_22_27_30_34_36_39_42_43_46_50_54_56_60_64_65_68_72_76_77_80_84_87_90_92_96_100_101_104_108_112_114_122_126_134_138_143_147_153_155_165_170_177_179_188_194_208_210_216_222_236_240  2.04e+09  1.65e+09  46852.29  -7773.15  12229.41    662.38     75.56    350.58   6316.75   1534.49      0.00 0
104544 5626.0    39_43_46_56_61_65_68_77_80_81_87_90_92_93_101_104_105_108_109_112_115_118_119_127_130_135_138_142_153_159_163_169_174_186  2.24e+09  1.85e+09 -31169.74  -8691.02  10852.20    654.19     71.46    195.58    941.16   3693.18      0.00 0
104545 5626.0    0_1_2_3_4_5_6_7_8_9_11_12_13_15_16_17_19_20_21_23_24_25_28_29_31_32_33_35_37_41_47_48_51_53_57_69_70_73_81_85_93_97  1.05e+09  8.54e+08  19508.19 -11213.18   9403.24    674.86     67.32    330.11   -983.49     68.94      0.00 0
104546 5626.0    0_1_2_3_4_5_6_7_8_9_10_11_12_13_14_15_16_17_18_20_21_22_25_26_27_28_29_30_33_34_35_36_38_40_41_42_43_44_45_46_49_50_53_54_55_56_59_60_63_64_66_67_68_71_72_75_76_77_78_79_80_83_84_86_88_89_90_91_92_95_96_99_100_102_103_104_107_108_111_112_114_116_117_118_121_122_125_126_128_129_130_133_134_137_138_141_142_143_146_147_148_149_152_153_154_155_157_158_159_162_163_164_165_167_168_169_170_173_174_176_177_178_179_181_182_183_185_186_187_188_190_191_192_193_194_197_199_200_202_203_205_206_207_210_212_213_214_216_218_220_224_226_227_230_231_233_235_238_241_243_244_246_249_250_252_253_255_258_259_260_261_264_266_267_269_270_271_274_275_276_277_279_280_281_284_286_287_288_289_290_291_293_294_295_296_297_298  1.38e+10  1.16e+10  21362.95 129463.83  14857.22    713.13     83.54     80.63   2227.88  -3993.57      0.00 0
104547 5626.0    116_117_129_141_148_158_168_173_182_191_197_199_206_212_214_218_220_224_235_238_241_243_244_251_255_256_259_264_268_271_272  8.32e+10  7.29e+10  35053.05 -19711.10  10880.96    778.27     74.86    330.65   5462.13  -7660.33      0.00 0
104548 5626.0    89_91_95_99_103_107_111_116_117_121_125_128_129_133_137_141_143_146_148_152_154_157_158_162_164_167_168_170_173_176_178_181_182_185_187_190_191_193_194_196_197_199_200_202_203_205_206_208_209_211_212_213_214_215_218_219_220_221_222_224_226_227_228_229_230_231_232_233_234_236_237_239_240_242_245_246_247_249_252_254_257_263_266_269_273_278_283_285  7.59e+09  6.38e+09  55504.91  37143.29  13224.06    696.76     78.80     33.79   3576.40  -3898.06      0.00 0
104549 5626.0    4_6_7_10_12_14_18_19_22_25_26_27_30_34_36_38_39_42_43_46_49_50_51_54_56_60_61_64_65_68_71_72_75_76_77_80_81_84_86_87_90_92_96_99_100_101_104_105_108_109_112_114_115_118_119_122_125_126_127_130_133_134_135_138_139_142_143_147_149_150_153_154_155_156_159_160_163_164_165_166_169_170_171_174_177_178_179_180_183_186_187_188_189_192_193_194_195_201_202_204_207_208_209_210_215_216_221_222_225_229_232_236_239_240_245_247  7.41e+09  6.22e+09 -98885.67  63069.93  14712.79    709.70     82.85    147.47   2234.34   3276.33      0.00 0
104550 5626.0    0_1_2_3_4_5_6_7_8_9_11_13_14_15_16_17_19_20_21_23_24_27_28_29_31_32_35_37_39_40_41_44_45_47_48_51_52_53_55_57_58_61_62_63_65_66_67_69_70_73_74_78_79_81_82_85_87_88_89_91_93_102_103_105_111_116_117_128_129_141_148_157_158_168_173_181_182_191_197_200_206_212_214_220_227_231_235_238_243_250_253_255_258_264_270_274_279_284  6.76e+10  5.90e+10  20578.38 -40024.02  11421.29    756.54     75.76    297.21    778.77  -4143.47      0.00 0
104551 5626.0    129_141_148_158_162_168_173_181_182_185_191_197_199_200_203_206_212_218_224_233  4.57e+10  3.97e+10  22892.55   5360.97   8823.49    802.28     69.43     13.18   2697.87  -5244.84      0.00 0
104552 5626.0    0_1_2_3_4_5_6_7_8_9_10_11_12_13_14_15_16_17_18_19_20_21_22_23_24_25_26_27_28_29_30_31_32_33_34_35_36_37_38_39_40_41_42_43_44_45_46_47_48_49_50_51_52_53_54_55_56_57_58_59_60_61_62_63_64_65_66_67_68_69_70_71_72_73_74_75_76_77_78_79_80_81_82_83_84_85_86_87_88_89_90_91_92_93_94_95_96_97_98_99_100_101_102_103_105_106_107_109_110_111_113_114_116_117_119_120_121_123_124_125_127_129_131_132_133_134_135_137_139_141_143_144_146_150_152_154_160_162_164_165_168_170_173_176_178_185_187_193_199_202_203_208_209_212_215_218_221_224_228_229_232_233_239_241_244_245_247_248_251_256_262_265_268_272_282  5.25e+10  4.51e+10 -105206.52  53328.15  14586.99    728.95     82.95    153.12   4713.27  -2843.18      0.00 0
104553 5626.0    0_1_2_3_4_5_6_7_8_9_10_11_12_13_14_15_16_17_19_20_21_23_24_27_28_29_30_31_32_33_35_36_37_39_40_41_43_44_45_47_48_51_52_53_55_56_57_58_61_62_63_65_66_67_69_70_73_74_77_78_79_81_82_85_87_88_89_91_93_94_97_98_101_102_103_105_106_109_110_111_113_116_117_119_120_123_124_127_128_129_131_132_135_136_139_140_141_144_145_148_150_151_156_157_158_160_161_166_167_168_171_172_173_175_181_182_184_189_190_191_195_196_197_198_200_205_206_211_212_213_214_219_220_223_226_227_230_231_234_237_238_242_243_246_249_250_252_253_257_258_260_261_264_266_267_269_270_274_275_276_277_279_280_281_284_286_287_288_289_291_293_294_295_297_298  1.10e+09  8.65e+08 -50108.84 120675.50  15349.68    647.60     83.30    112.55  -3305.64    758.89      0.00 0
104554 5626.0    0_1_2_3_4_5_6_7_8_9_10_11_12_13_14_15_16_17_18_20_21_22_23_24_25_26_28_29_30_32_33_34_35_37_38_40_41_42_44_45_48_49_50_52_53_54_55_58_59_60_62_63_64_66_67_70_71_72_74_75_76_78_79_82_83_84_86_88_89_91_94_95_96_98_99_100_102_103_106_107_108_110_114_116_120_122_124_126_128_133_134_136_140_143_145_147_151_155_157_161_165_167_172_175_177_179_184_188_196_198_210_211_216_217_223_234  8.91e+09  7.43e+09 -51688.16 -35723.88  12931.85    708.53     78.37    214.65  -2681.54  -3408.29      0.00 0
104555 5626.0    10_12_18_22_25_26_30_33_34_36_38_42_46_49_50_54_56_59_60_64_68_71_72_75_76_77_80_84_86_90_92_95_96_99_100_104_108_114_121_125_133_146_152_154_176  1.15e+09  9.28e+08 -17036.64  24213.72  10408.71    671.50     70.63    125.13   2347.56    398.97      0.00 0
104556 5626.0    0_1_2_3_4_5_6_7_8_9_10_11_12_13_14_15_16_17_18_19_20_21_22_23_24_25_26_27_28_29_30_31_32_33_34_35_36_37_38_40_41_42_44_45_46_48_49_50_52_53_54_55_56_58_59_60_62_63_64_66_67_68_70_71_72_74_75_76_78_79_80_82_84_86_88_90_91_94_96_100_102_106_108_110_112_116_120_122_126_128_136_138_140_145_151_153_157_161_163_167_172_175_184_186_196_198_211_217_219_223_234_242_254  3.98e+09  3.27e+09 -34086.23 -41027.92  12677.88    659.80     76.63    230.28  -1785.70  -2826.79      0.00 0
104557 5626.0    3_4_10_12_17_18_22_25_26_30_33_34_38_42_46_50_54_60_64_68_72_76_84_90_96_104_108_112_122_130_138_142_163_169_174  7.94e+09  6.73e+09   8285.58  23501.98   9605.74    699.96     68.92     70.58   2153.04   2769.97      0.00 0
104558 5626.0    0_1_2_3_4_5_6_7_8_9_10_11_12_13_14_15_16_17_18_19_20_21_22_23_24_25_26_27_28_29_30_31_32_33_34_35_36_37_38_39_40_41_42_43_44_45_46_47_48_49_50_51_52_53_54_55_56_57_58_59_60_61_62_63_64_65_66_67_68_69_70_71_72_73_74_75_76_77_78_79_80_81_82_83_84_85_86_87_88_89_91_92_93_94_95_97_98_99_101_102_103_105_106_107_109_110_111_113_115_116_117_119_121_123_125_127_128_129_131_132_133_135_137_139_141_144_146_148_150_152_154_158_160_162_166_168_171_173_176_178_182_185_191_195_197_199_202_203_206_212_214_218_220_224_228_229_233_235_238_241_243_244_245_248_251_255_256_258_259_262_264_265_268_271_272_279_282  7.24e+10  6.29e+10  69631.63 -72307.45  14054.45    756.94     82.03    313.92   1532.02  -2600.55      0.00 0
104559 5626.0    181_182_200_206_226_227_231_246_250_253_261_267_270_277_281_284_289_291  4.90e+10  4.27e+10  10441.79 -21484.93   8974.13    784.11     69.41    295.92   1342.78  -9367.31      0.00 0
104560 5626.0    0_1_2_3_4_5_6_7_8_9_10_11_12_13_14_15_16_17_18_19_20_21_22_23_24_25_26_27_28_29_30_31_32_33_34_35_36_37_38_39_40_41_42_43_44_45_46_47_48_49_50_51_52_53_54_55_56_57_58_59_60_61_62_63_64_65_66_67_68_69_70_71_72_73_74_75_76_77_78_79_80_81_82_83_84_85_86_87_88_89_90_91_92_93_94_95_96_97_98_99_100_101_102_103_104_105_106_107_108_109_110_111_112_113_114_115_116_117_118_119_120_121_122_123_124_125_126_127_128_129_130_131_132_133_134_135_136_137_138_139_140_141_142_143_144_145_146_147_148_149_150_151_152_153_154_155_156_157_158_159_160_161_162_163_164_165_166_167_168_169_171_172_173_174_175_176_177_178_180_181_182_183_184_185_186_189_190_191_192_195_196_197_198_199_200_201_203_204_205_206_207_211_212_213_214_217_218_219_220_223_224_225_226_227_230_231_234_235_237_238_241_242_243_244_246_249_250_252_253_254_255_257_258_259_260_261_263_264_266_267_269_270_271_273_274_275_276_277_278_279_280_281_283_284_285_286_287_288_289_290_291_292_293_294_295_296_297_298  3.89e+10  3.34e+10 -13702.17 236204.02  13145.20    809.32     86.82     93.32   -353.47   4825.97      0.00 0
104561 5626.0    0_3_4_6_9_10_12_14_17_18_21_22_25_26_27_29_30_33_34_36_38_41_42_43_46_49_50_53_54_56_59_60_63_64_65_67_68_71_72_75_76_77_80_83_84_86_89_90_92_95_96_99_100_101_104_107_108_111_112_114_115_118_121_122_125_126_127_129_130_133_134_137_138_141_142_143_146_147_149_152_153_154_155_156_159_162_163_164_165_166_168_169_170_173_174_176_177_178_179_180_183_185_186_187_188_189_192_193_194_197_199_201_202_203_204_207_208_209_210_212_215_216_218_220_221_222_224_225_228_229_232_233_235_236_239_240_241_243_244_245_247_248_251_255_256_259_262_264_265_268_271_272_274_279_282  7.94e+09  6.69e+09 -89355.36 238610.78  12951.84    765.39     87.09    110.53   6175.05   -209.02      0.00 0
104562 5626.0    4_6_7_10_12_14_18_19_22_25_26_27_30_34_36_38_39_42_43_46_49_50_51_54_56_60_61_64_65_68_71_72_75_76_77_80_81_84_86_87_90_92_96_99_100_101_104_105_108_109_112_114_115_118_119_122_125_126_127_130_133_134_135_138_139_142_143_147_149_150_153_154_155_156_159_160_163_164_165_166_169_170_171_174_177_179_180_183_186_187_188_189_192_193_194_195_201_204_208_209_210_215_216_221_222_232_236_239_240_247  1.86e+09  1.51e+09  76526.33 -39633.59  14158.96    681.24     80.67    332.62   1307.93   2976.13      0.00 0
104563 5626.0    0_1_3_4_6_7_10_12_14_15_18_19_22_25_26_27_30_31_34_36_38_39_42_43_46_49_50_51_54_56_57_60_61_64_65_68_71_72_75_76_77_80_81_84_86_87_90_92_93_96_99_100_101_104_105_108_109_112_114_115_118_119_122_123_126_127_130_133_134_135_138_139_142_143_144_147_149_150_153_154_155_156_159_160_163_164_165_166_169_170_171_174_177_179_180_183_186_187_188_189_192_193_194_195_208_210_215_216_221_222_232_236_239_240  1.78e+10  1.52e+10  85504.62 -30178.04  13826.47    750.97     81.33    340.56   4553.06   1648.60      0.00 0
104564 5626.0    140_151_157_161_167_172_175_181_182_184_190_196_198_200_205_206_211_213_214_217_219_223_226_227_230_231_234_237_238_242_243_246_249_250_252_253_254_257_258_260_261_263_264_266_267_269_270_271_273_274_275_276_277_278_279_280_281_283_284_285_286_287_288_289_290_291_292_293_294_295_296_297_298  5.01e+10  4.34e+10 100777.63 -53471.67  14068.49    798.13     82.97    332.05    139.60  -9682.63      0.00 0
104565 5626.0    259_268_272  3.55e+09  2.96e+09   7720.62  27049.69  10060.90    696.64     70.32     74.07   5997.56 -10521.22      0.00 0
104567 5626.0    0_1_2_3_4_5_6_7_8_9_10_11_12_13_14_15_16_17_18_19_20_21_22_25_26_27_28_29_30_33_34_35_36_38_39_40_41_42_43_44_45_46_49_50_53_54_55_56_59_60_63_64_65_66_67_68_75_77_78_79_80_83_89_90_91_92_102_103_104_107_111_116_117_129_137_141_148_158_168_173_181_182_191_197_200_206_214_220_227_231_238_250_253_258_261_267_270_277_281_289  7.94e+09  6.63e+09  -6024.74  43362.35  11714.14    693.60     75.02     97.91    997.86  -3493.28      0.00 0
104568 5626.0    75_95_99_121_125_133_146_154_176_178_202_209_228_229  4.79e+10  4.19e+10  14699.74 -11696.89   8489.93    723.65     65.68    321.49   4888.64  -2470.33      0.00 0
104569 5626.0    0_1_2_3_4_5_6_7_8_9_10_11_12_13_14_15_16_17_18_19_20_21_22_23_24_25_26_27_28_29_30_31_32_33_34_35_36_37_38_39_40_41_42_43_44_45_46_47_48_49_50_51_52_53_54_55_56_58_59_60_61_62_64_65_66_67_68_71_72_74_76_77_78_79_80_82_84_88_90_91_92_96_102_104_106_108_110_112_115_116_118_122_128_130_136_138_140_142_149_153_159_163_167_169_172_174_183_186_192_207  1.58e+09  1.28e+09  29316.30  57660.82  13513.51    640.79     78.20     63.05   2562.22   4898.77      0.00 0
104570 5626.0    18_22_26_34_42_50_54_60_64_68_84_90_96_108_112_122_138_142_153_163_174  1.55e+09  1.28e+09 -11212.25 -18469.95   9332.19    663.92     66.64    238.74   2508.17   2944.96      0.00 0
104571 5626.0    12_17_18_21_22_25_26_33_34_38_41_42_49_50_53_54_59_60_63_64_67_68_71_72_75_76_83_84_86_89_90_95_96_99_100_103_104_107_108_111_112_114_121_122_125_126_129_130_133_134_137_138_141_142_143_146_147_152_153_154_155_158_159_162_163_164_165_168_169_170_173_174_176_177_178_179_183_185_186_187_188_191_192_193_194_197_199_202_203_206_207_208_209_210_212_214_215_216_218_220_221_222_224_228_229_231_232_233_235_236_238_239_240_241_243_244_245_247_248_251_253_255_256_258_259_262_264_265_267_268_270_271_272_274_279_281_282_284_289_291  1.26e+10  1.06e+10  -9402.68 149451.42  14946.73    713.71     84.30     93.60   5445.34 -10093.07      0.00 0
104572 5626.0    88_91_102_106_110_116_117_120_124_128_129_136_140_141_145_148_151_157_158_161_167_168_172_173_175_181_182_184_190_191_196_197_198_199_200_205_206_211_212_213_214_217_218_219_220_223_224_226_227_230_231_234_235_237_238_241_242_243_244_246_249_250_251_252_253_254_255_256_257_258_259_260_261_263_264_265_266_267_268_269_270_271_272_273_274_275_276_277_278_279_280_281_282_283_284_285_286_287_288_289_290_291_293_295  1.17e+10  9.84e+09 -142878.89  53079.42  14998.61    707.00     84.38    159.62   2990.52  -8791.60      0.00 0
104573 5626.0    109_115_119_127_135_139_144_149_150_156_159_160_166_171_180_183_189_192_195_201_204_207  1.29e+10  1.10e+10  30480.94  16118.40  10614.11    727.53     72.89     27.87  -2427.58   4731.19      0.00 0
104574 5626.0    0_1_2_3_4_5_6_7_8_9_10_11_12_13_14_15_16_17_18_19_20_21_22_23_24_25_26_27_28_29_30_31_32_33_34_35_36_37_38_39_40_41_42_43_44_45_46_47_48_49_50_51_52_53_54_55_56_57_58_59_60_61_62_63_64_65_66_67_68_69_70_71_72_73_74_75_76_77_78_79_80_81_82_83_84_85_86_88_89_90_91_92_94_95_96_98_99_100_102_103_104_106_107_108_110_111_112_114_116_117_118_120_122_124_126_128_129_130_134_136_138_140_142_145_147_148_151_153_155_157_159_161_163_167_169_172_174_175_177_179_181_184_186_190_196_198_205_211_213_217_219_223_230_234_237_242_252_254_257_263_269_273_278_285  1.20e+10  1.01e+10  59246.25  78252.39  14161.22    732.48     81.79     52.87  -2951.53  -4768.27      0.00 0
104575 5626.0    0_1_2_3_4_5_6_7_8_9_10_11_12_13_14_15_16_17_18_19_20_21_22_23_24_25_26_27_28_29_30_31_32_33_34_35_36_37_38_40_41_42_43_44_45_46_47_48_49_50_52_53_54_55_56_58_59_60_62_63_64_66_67_68_70_71_72_74_75_76_78_79_80_82_83_84_86_88_89_90_91_94_95_96_98_99_100_102_103_104_106_107_108_110_111_112_114_116_117_120_121_122_124_125_126_128_129_133_134_136_137_138_140_141_142_143_145_146_147_148_151_152_153_154_155_157_158_161_162_163_164_165_167_168_170_172_173_174_175_176_177_178_179_181_182_184_185_186_187_188_190_191_193_194_196_197_198_199_200_202_203_205_206_208_209_210_211_212_213_214_215_216_217_219_221_222_223_226_227_230_231_232_234_236_237_239_240_242_246_249_250_252_254_257_260_263_266_269_273_276_278_280_283_285_290_292  1.38e+10  1.16e+10 119392.77 114014.48  14791.78    731.85     84.88     43.68   6420.28   2556.03      0.00 0
104576 5626.0    0_1_2_3_4_5_6_7_8_9_10_11_12_13_14_15_16_17_18_19_20_21_22_23_24_25_26_27_28_29_30_31_33_34_35_36_37_38_39_41_42_43_45_46_47_49_50_51_53_54_56_57_59_60_61_63_64_65_67_68_69_71_72_73_75_76_77_80_81_83_84_86_87_89_90_92_93_95_96_99_100_101_104_105_107_108_109_111_112_114_115_118_119_121_122_123_125_126_127_130_133_134_135_137_138_139_142_143_144_146_147_149_150_152_153_154_155_156_159_160_162_163_164_165_166_169_170_171_174_176_177_178_179_180_183_185_186_187_188_189_192_193_194_195_199_201_202_203_204_207_208_209_210_215_216_218_221_222_225_228_229_232_233_236_239_240_241_245_247_248_251_262_265_268_282  5.75e+09  4.76e+09 -166925.36 135608.19  14247.01    723.31     86.21    140.91   6308.12   -313.68      0.00 0
104577 5626.0    110_128_136_140_161_167_172_190_196_205_213_219_230_237_249_252  4.37e+09  3.67e+09  -4950.23  20291.26   8801.27    731.76     67.15    103.71  -2095.32  -6214.90      0.00 0
104578 5626.0    0_1_4_6_7_10_11_14_15_18_19_22_23_24_26_27_30_31_34_36_37_39_42_43_46_47_50_51_54_56_57_60_61_64_65_68_69_70_73_76_77_80_81_84_85_87_90_92_93_96_97_100_101_104_105_108_109_112_113_115_118_119_122_123_126_127_130_131_132_134_135_138_139_142_144_147_149_150_153_155_156_159_160_163_166_169_171_174_177_179_180_183_186_188_192_210_216_240  2.00e+09  1.61e+09  93752.55  22802.42  14712.69    649.91     81.33     13.67   4057.80   4061.11      0.00 0
104579 5626.0    100_114_122_126_133_134_143_147_154_155_164_165  4.57e+09  3.85e+09   5760.90 -18282.35   8869.29    672.14     65.17    287.49   4678.63    321.02      0.00 0
104580 5626.0    241_244_255_256_259_264_271_274_279  1.12e+09  9.09e+08  -6063.09 -25196.44  10140.59    639.42     68.63    256.47   4668.14  -9669.03      0.00 0
104581 5626.0    273_280_283_285_290_292  2.45e+10  2.13e+10  17452.00   2449.61   8146.74    747.03     65.19      7.99  -4261.90 -10759.91      0.00 0
104582 5626.0    0_1_2_3_4_5_6_7_8_10_11_12_14_15_16_18_19_20_22_23_24_27_30_31_32_34_36_37_39_42_43_46_47_48_51_52_54_56_57_58_60_61_64_65_68_69_70_73_74_77_80_81_82_84_85_87_90_92_93_94_96_97_98_101_104_105_108_109_112_113_115_118_119_120_122_123_124_127_130_131_132_135_138_139_142_144_145_149_150_151_153_156_159_160_163_166_169_171_174_175_177_180_183_186_189_192_195_201_204_207_225  8.51e+09  7.15e+09 -93493.12 -71068.07  14690.09    713.21     82.87    217.24   -127.03   3802.77      0.00 0
104583 5626.0    141_162_173_185_199_203_218_224_228_233_241_245_248_251_262_265_282  5.13e+09  4.33e+09 -23064.37   5622.49   9279.63    725.70     68.65    166.30   5817.71  -5199.05      0.00 0
104584 5626.0    0_2_3_4_5_8_9_12_13_16_17_18_20_21_25_26_28_29_32_33_34_35_38_40_41_44_45_49_50_52_53_55_58_59_60_62_63_66_67_71_72_75_76_78_79_82_83_86_88_89_91_94_95_96_99_100_102_103_106_107_110_111_114_116_117_120_121_125_126_128_129_133_134_136_137_140_141_143_145_146_148_151_152_154_155_157_158_161_164_165_167_170_172_175_178_179_184_187_188_190_193_194_196_198_208_210_211_215_216_217_221_222_223_234_236_240  2.88e+09  2.37e+09  66533.47  32911.80  13824.48    662.47     79.45     26.32   2519.57  -1419.14      0.00 0
104585 5626.0    220_227_231_235_238_243_244_246_249_250_252_253_255_256_258_259_260_261_264_266_267_269_270_271_273_274_275_276_277_280_281_283_284_285_286_287_288_289_290_292_293_294_296  7.41e+09  6.28e+09 -39497.92 -18822.62  11454.06    734.06     75.33    205.48  -1489.28 -10610.26      0.00 0
104586 5626.0    0_3_4_6_7_9_10_12_14_17_18_21_22_25_26_27_29_30_33_34_36_38_39_41_42_43_46_49_50_53_54_56_59_60_63_64_65_67_68_71_72_75_76_77_80_83_84_86_89_90_92_95_96_99_100_101_104_107_108_111_112_114_115_118_121_122_125_126_127_130_133_134_137_138_141_142_143_146_149_152_154_156_159_162_164_166_169_173_176_178_180_183_185_189_192_195_199_201_202_203_204_207_212_218_224_225_228_233_235_241_244_251_256_259_268_272  1.32e+10  1.12e+10  26273.18 -55884.00  12934.40    699.08     78.17    295.18   1687.06   1836.89      0.00 0
104587 5626.0    146_152_154_162_164_173_176_178_185_187_197_199_202_203_209_212_218_220_224_228_233_235_238_241_243_244_253_255_256_258_259_264_270_271_274_279_281_284_291  2.88e+10  2.48e+10   8268.86  42030.23  11349.73    738.29     75.16     78.87   4187.87  -7838.29      0.00 0
104588 5626.0    246_249_250_260_261_267_275_277_281_287_289_291_295  1.55e+10  1.32e+10  16089.98 -19693.15   9644.89    705.31     69.23    309.25   1510.00 -11163.60      0.00 0
104589 5626.0    196_198_205_211_213_217_219_223_234_237  1.55e+10  1.33e+10  19381.35  -5851.58   8861.85    703.34     66.36    343.20  -3936.72  -6390.50      0.00 0
104590 5626.0    2_3_5_8_9_12_13_16_17_20_21_25_28_29_32_33_35_38_40_41_44_45_49_52_53_55_58_59_62_63_66_67_71_75_78_79_82_83_86_88_91_94_102_106_110_120_128_136_140_145_151_161_175_184_198_217  6.92e+10  6.03e+10 -28967.60 -14291.53  10271.38    744.85     72.36    206.26  -2074.85  -2759.67      0.00 0
104591 5626.0    8_13_16_20_24_28_29_32_35_37_40_41_44_45_48_52_55_58_62_63_66_67_70_74_78_79_82_85_88_89_91_94_98_102_103_106_107_110_111_113_116_117_124_129_132_137_141_162_168_173_185_199  7.59e+09  6.40e+09  29089.86 -15337.34  10545.71    710.32     72.22    332.20   -126.14  -2622.18      0.00 0
104592 5626.0    103_111_117_129_141_158_162_168_173_191_197_199_212_214_218_220_224_235_238_241_243_244_255_256_259_264_268_271_272_279  2.57e+09  2.11e+09 -33091.93  34786.41  12264.93    663.09     75.67    133.57   6257.61  -9032.73      0.00 0
104593 5626.0    148_157_167_172_181_182_184_190_191_196_197_198_200_205_206_211_213_214_217_219_220_223_226_227_230_231_234_235_237_238_242_243_244_246_249_250_252_253_254_255_257_258_259_260_261_264_266_267_270_271_272_274_277_279_281_284_291  1.58e+09  1.28e+09 -59210.14  21457.15  12755.83    736.71     78.55    160.08   4661.29  -9295.77      0.00 0
104594 5626.0    48_52_58_62_69_70_74_82_85_88_94_97_98_102_106_110_113_116_120_123_124_128_131_132_136_140_144_145_148_151_157_161_167_172_175_181_182_184_190_196_198_200_205_206_211_213_217_219_223_226_227_230_231_234_237_242_246_249_250_252_254_257_260_261_263_266_267_269_273_275_276_277_280_281_283_286_287_288_289_290_291_293_294_295_296_297_298  2.95e+09  2.44e+09  36213.77 -71753.29  13940.78    681.88     80.16    296.78  -2790.42  -5291.60      0.00 0
104595 5626.0    23_24_31_32_37_47_48_51_52_57_58_62_69_70_73_74_81_82_85_88_93_94_97_98_105_106_110_113_120_124_128_136_140_151_161_167_172_196_211_219  4.47e+10  3.88e+10    -43.34 -27592.32   9463.12    787.49     71.07    269.91  -2608.42  -2068.89      0.00 0
104596 5626.0    0_1_2_3_4_5_6_7_8_9_10_11_12_13_14_15_16_17_18_19_20_21_22_23_24_25_26_27_28_29_30_31_32_33_34_35_36_37_38_39_40_41_42_43_44_45_46_47_48_49_50_51_52_53_54_55_56_57_58_59_60_61_62_63_64_65_66_67_68_69_70_71_72_74_75_76_77_78_79_80_82_83_84_86_88_89_90_91_92_94_95_96_99_100_102_103_104_106_107_108_110_111_112_114_116_117_118_120_122_126_128_129_130_134_136_138_140_142_147_148_151_153_155_157_158_159_161_163_167_169_172_174_177_179_181_182_184_186_190_191_192_196_198_200_205_206_211_213_217_219_223_226_227_230_234_237_242_246_249_252_254_257_260_263_266_269_273_276_278_280_283_285_288_290_292_296  3.63e+10  3.12e+10  45354.26  86754.70  14071.98    744.78     81.82     62.40  -2811.65  -7193.33      0.00 0
104597 5626.0    1_2_7_8_11_15_16_19_20_23_24_28_31_32_35_37_39_40_44_47_48_51_52_55_57_58_61_62_65_66_69_70_73_74_78_81_82_85_87_88_91_93_94_97_98_102_105_106_109_110_113_116_117_119_120_123_124_127_128_131_132_135_136_139_140_144_145_148_150_151_157_160_161_166_167_171_172_181_182_190_195_196_198_200_205_211_213_219_226_227_230_237_246_249_252_260_261_266_275_276_280_286_287_288_293  4.90e+10  4.25e+10 -12653.18  56055.35  12298.60    758.14     77.92    102.72  -2676.21   -726.66      0.00 0
104598 5626.0    234_237_242_249_252_254_257_260_263_266_269_273_275_276_277_278_280_283_285_286_287_288_289_290_292_293_294_295_296_297_298  8.51e+10  7.48e+10 -29677.81  24360.29  10835.82    756.70     74.24    140.62  -1251.12 -10723.68      0.00 0
104599 5626.0    0_1_2_3_4_5_6_7_8_9_10_11_12_13_14_15_16_17_18_19_20_21_22_23_24_25_26_27_28_29_30_31_32_33_34_35_36_37_38_39_40_41_42_43_44_45_46_47_48_49_50_51_52_53_54_55_56_57_58_59_60_61_62_63_64_65_66_67_68_69_70_71_72_73_74_75_76_77_78_79_81_82_83_84_85_86_87_88_89_91_93_94_95_97_98_99_100_102_103_105_106_107_109_110_111_113_114_117_119_120_121_123_124_125_129_131_132_133_135_137_141_143_144_146_150_152_154_162_164_168_170_173_176_178_185_187_193_199_202_203_209_215_218_221_224_228_229_232_233_239_241_245_247_248_251_262_265_268_282  2.51e+10  2.13e+10 -88562.73  36901.38  14082.10    735.48     81.65    157.38    582.38  -1081.29      0.00 0
