#event_number primary_type du_ids energy_primary em_energy Xmax_pos(x, y, z), Xmax_grams zenith azimuth shower_core_pos_x shower_core_pos_y shower_core_pos_z, N_tested_cores, units are degrees, GeV and meters
600 14.0      148_181_190_200_205_213_219_226_230_237_242_249_252_257_263_266_269_273_278_280_283_285_292  1.20e+09  1.03e+09  18509.71  23513.20  10239.64    704.00     71.11     51.79  -2785.76  -9053.44      0.00 0
602 14.0      3_4_5_9_12_13_17_18_21_22_25_26_28_29_33_34_35_38_41_42_44_45_49_50_53_54_55_59_60_63_64_67_71_72_75_76_78_79_83_84_86_89_90_91_95_96_99_100_102_103_107_108_111_112_114_116_117_121_122_125_126_128_129_133_134_137_138_141_142_143_147_148_153_155_157_158_163_165_168_177_179_181_182_186_190_191_200_205_206_213_226_227_230_237_246_249_252_260_266_269_276_280_283_288_290  2.75e+09  2.45e+09 -22047.15 -49916.77  12327.65    723.93     77.27    246.17   1944.30  -1745.75      0.00 0
603 14.0      21_33_38_41_45_49_53_59_63_67_71_72_75_79_83_86_89_91_95_99_100_103_107_111_114_116_117_121_125_129_133_134_137_141_148_157_158_168_181_182_190_191_200_205_206_213_226_230_249_252  3.31e+09  2.86e+09 -15090.54 -25455.83   9126.50    904.67     72.86    239.34   1323.41  -3709.86      0.00 0
604 14.0      0_1_2_3_4_5_6_7_8_9_10_11_12_13_14_15_16_17_18_19_20_21_22_23_24_25_26_27_28_29_30_31_32_33_34_35_37_38_40_41_44_45_47_48_49_50_51_52_53_54_55_57_58_59_60_63_67_69_70_71_72_73_74_75_76_79_81_82_83_85_86_89_95_97_98_99_100_107_113_114_121_125_131_133_134_143_146_152_154_164_170_176_178_187_193_202_208_209_215_221_229_232_239_247  2.29e+10  2.07e+10  45774.92  -9863.44  11155.42    828.70     76.60    347.84   4006.21  -1253.55      0.00 0
605 14.0      0_1_2_3_4_5_6_7_8_9_10_11_12_13_14_15_16_17_18_19_20_21_22_23_24_25_26_27_28_29_30_31_32_33_34_35_36_37_38_39_40_41_42_43_44_45_46_47_48_49_50_51_52_53_54_55_56_57_58_59_60_61_62_63_64_65_66_67_68_69_70_71_72_73_74_75_76_77_78_79_80_81_82_83_84_85_86_87_88_89_90_91_92_93_94_95_96_97_98_99_100_101_102_103_104_105_106_107_108_109_110_111_113_114_115_116_117_118_119_121_123_124_125_126_127_129_131_132_133_134_135_137_139_141_143_144_146_150_152_154_156_158_160_162_164_166_168_170_171_173_176_178_185_187_193_195_197_199_202_203_209_212_215_218_220_221_224_228_229_232_233_235_239_241_244_245_247_248_251_255_256_259_262_265_268_272_282  5.62e+09  4.77e+09 -109001.34  77663.81  14988.83    698.14     83.61    144.53  -3645.33   2471.77      0.00 0
606 14.0      0_1_2_3_4_5_6_7_8_9_10_11_12_13_14_15_16_17_18_19_20_21_22_23_24_25_26_27_28_29_30_31_32_33_34_35_36_37_38_39_40_41_42_43_44_45_46_47_48_49_50_52_53_54_55_56_58_59_60_62_64_66_67_68_69_70_71_72_74_75_76_78_79_80_82_84_86_88_90_94_96_98_100_102_104_106_108_110_112_120_122_124_126_128_136_138_140_142_145_147_151_153_161_163_172_174_175_177_179_184_186_198_217_223  7.94e+09  7.06e+09  34272.48  33468.48  11394.55    800.38     76.62     44.32    470.52    163.81      0.00 0
607 14.0      21_29_33_35_41_45_49_53_55_59_63_67_71_72_75_78_79_83_86_89_91_95_99_100_102_103_107_110_111_114_116_117_121_125_128_129_133_134_137_140_141_143_146_148_152_154_155_157_158_162_164_165_167_168_170_172_173_176_178_181_182_185_187_188_190_191_193_194_196_197_198_199_200_202_203_205_206_208_209_210_211_212_213_214_215_216_219_220_221_222_223_226_227_230_231_234_236_237_240_242_246_249_250_252_254_257_260_261_263_266_269_273_276_278_280_283_285_288_290_292_296  1.32e+10  1.14e+10 -65524.72 -63210.21  13866.66    746.57     81.34    223.97  -4389.59 -10026.40      0.00 0
608 14.0      20_24_28_32_37_40_44_48_52_55_58_62_66_69_70_74_78_82_85_88_91_94_97_98_102_106_110_113_116_117_120_124_128_131_132_136_140_148_157_158_181_182_191_200_206_214_231_238  2.51e+09  2.17e+09 -17422.29  24209.99   9438.82    845.49     72.44    125.74  -1142.87  -3375.67      0.00 0
609 14.0      52_58_62_66_70_74_82_85_88_91_94_97_98_102_106_110_113_116_117_120_124_128_131_132_136_140_145_148_151_157_158_161_167_172_175_181_182_184_190_191_196_198_200_205_206_211_213_214_217_219_223_226_227_230_231_234_237_238_242_246_249_250_252_253_258_260_261_266_267_270_274_275_276_277_281_284_286_287_289_291_293_295_298  1.51e+10  1.33e+10 -38361.47  55215.48  12691.76    783.17     79.31    124.79   -518.52  -7328.88      0.00 0
610 14.0      88_106_110_128_136_140_161_167_172_184_196_198_211_217_219_223_234_242_254  1.74e+10  1.57e+10  16381.91  22358.47   9657.73    755.30     70.79     53.77  -4105.20  -6177.58      0.00 0
611 14.0      227_231_238_243_246_249_250_252_253_255_257_258_259_260_261_263_264_266_267_269_270_271_272_273_274_275_276_277_278_279_280_281_282_283_284_285_286_287_288_289_290_291_292_293_294_295_296_297_298  4.47e+10  4.03e+10 -76384.06  -8527.35  13123.87    784.10     80.31    186.37   4717.27 -10189.06      0.00 0
612 14.0      1_7_11_15_16_19_20_23_24_27_31_32_37_39_40_43_47_48_51_52_57_58_61_62_65_66_69_70_73_74_77_81_82_85_87_88_93_94_97_98_101_102_105_106_109_110_113_115_119_120_123_124_127_128_131_132_135_136_139_140_144_145_149_150_151_156_160_161_166_167_171_172_175_180_184_189_190_195_196_198_201_204_211_213_217_219_223_225_234_237_242_252_254_257_263_269_273_278_283_285_290_292  5.13e+09  4.54e+09 -16789.03 -134790.42  14540.22    763.73     83.89    262.90  -4253.99   2980.83      0.00 0
613 14.0      246_250_253_258_260_261_266_267_270_274_275_276_277_280_281  1.66e+10  1.57e+10  15527.81   3456.65   6755.78    974.60     66.99     12.55    688.28  -9659.66      0.00 0
614 14.0      0_1_2_3_4_5_6_7_8_9_10_11_12_13_14_15_16_17_18_19_20_22_23_24_25_26_27_28_30_31_32_33_34_36_37_38_39_42_43_46_47_48_49_50_51_52_54_56_57_58_60_61_64_65_68_69_70_71_72_73_74_76_77_80_81_82_84_85_86_87_90_92_93_94_96_97_98_100_101_104_105_108_109_112_113_114_115_118_119_122_123_124_126_127_130_131_132_134_135_138_142_143_144_147_150_153_155_163_165_174_177_179_186_188_194_210_216_222_240  8.51e+10  8.16e+10 -64507.62 -15475.00  11351.25   1035.60     80.29    193.49   -505.46   1588.64      0.00 0
615 14.0      0_1_2_3_4_5_6_7_8_9_10_11_12_13_14_15_16_17_18_19_20_21_22_23_24_25_26_27_28_29_30_31_32_33_34_35_36_37_38_39_40_41_42_43_44_45_46_47_48_49_50_51_52_53_54_55_56_57_58_59_60_61_62_63_64_65_66_67_68_69_70_71_72_73_74_75_76_77_78_79_80_81_82_83_84_85_86_87_88_89_90_91_92_94_95_96_97_98_99_100_101_102_103_104_106_107_108_110_111_112_113_114_115_116_117_118_120_122_124_126_128_129_130_132_134_136_138_140_142_145_147_148_149_151_153_155_157_158_159_161_163_167_169_172_174_175_177_179_181_182_183_184_186_190_192_196_198_200_205_207_211_213_217_219_223_226_230_234_237_242_249_252_254_257_263_266_269_273_278_280_283_285_292  1.70e+09  1.49e+09 -63491.07 -95381.06  13804.88    842.59     83.13    236.35  -2973.60  -5114.42      0.00 0
616 14.0      14_22_27_30_36_39_42_43_46_56_61_65_68_77_80_87_92_101_105_109_127_135_139_150_160_166_171  9.55e+09  8.45e+09 -20154.18  13088.28   9104.57    763.94     69.25    147.00  -2095.87   3560.34      0.00 0
617 14.0      91_102_103_110_111_116_117_120_128_129_136_140_141_145_148_151_157_158_161_162_167_168_172_173_175_181_182_184_185_190_191_196_197_198_199_200_203_205_206_211_212_213_214_217_218_219_220_223_224_226_227_228_230_231_233_234_235_237_238_241_242_243_244_245_246_248_249_250_251_252_253_254_255_256_257_258_259_260_261_262_263_264_265_267_268_270_271_272_274_279_282  1.00e+10  8.75e+09 -94746.74  16638.21  13930.69    759.41     81.76    170.04   4088.28  -7075.40      0.00 0
618 14.0      7_14_15_19_23_27_30_31_36_37_39_43_46_47_51_56_57_61_65_68_69_70_73_77_80_81_85_87_93_97_98_113_123_131_132  6.92e+10  6.33e+10  21522.00  10302.38   8637.47    849.53     70.10     25.58  -2977.90    663.00      0.00 0
619 14.0      0_2_3_4_5_8_9_12_13_16_17_20_21_28_29_35_40_41_44_45_52_55_62_66_67_78_79_82_88_91_102_106_110_116_117_128_136_140_148_157_161_167_172_181_190_196_198_205_211_213_219_223_230_234_237_242_249_252_254_257_263_266_269_273_278_280_283_285_290_292  6.92e+09  6.18e+09  24265.44  50106.19  11965.67    795.05     77.87     64.16  -4253.58 -10223.56      0.00 0
620 14.0      8_11_15_16_19_20_23_24_28_31_32_37_39_40_44_47_48_51_52_57_58_61_62_66_69_70_73_74_78_81_82_85_87_88_93_94_97_98_102_105_106_109_110_113_116_119_120_123_124_127_128_131_132_135_136_139_140_144_145_148_150_151_157_160_161_166_167_171_172_175_181_184_190_195_196_198_200_205_211_213_217_219_223_226_230_234_237_242_246_249_252_254_257_260_261_263_266_269_273_275_276_278_280_283_285_286_287_288_290_292_293_294_296_297_298  3.63e+10  3.24e+10 -12559.15  83735.30  12699.63    910.58     81.47     98.53  -3454.21  -3090.84      0.00 0
621 14.0      3_5_8_9_12_13_17_21_25_26_28_29_33_35_38_40_41_44_45_49_50_53_55_59_63_66_67_71_72_78_79_88_102  4.17e+09  3.67e+09  13726.68  12569.37   8458.50    723.73     65.56     42.48    565.13  -1335.49      0.00 0
622 14.0      235_241_243_244_255_256_258_259_264_270_271_274_279_281_284_289_291  5.62e+10  5.07e+10 -12872.75 -17633.54   8577.97    800.57     68.55    233.87   3701.56  -9197.89      0.00 0
623 14.0      0_1_2_3_4_5_6_7_8_9_10_11_12_13_14_15_16_17_18_19_20_21_22_23_24_25_26_27_28_29_30_31_32_33_34_35_36_37_38_39_40_41_42_43_44_45_46_47_48_49_50_51_52_53_54_55_56_57_58_59_60_61_62_63_64_65_66_67_68_69_70_71_72_73_74_75_76_77_78_79_80_81_82_83_84_85_86_88_89_90_91_94_95_96_97_98_99_100_102_103_104_106_107_108_110_111_112_113_114_116_117_120_121_122_124_125_126_128_129_132_133_134_136_137_138_140_141_142_143_145_146_147_148_151_152_153_154_155_157_158_161_163_164_165_167_170_172_175_177_178_179_181_184_186_187_188_190_193_194_196_198_208_209_210_211_213_215_216_217_219_221_222_223_234_236_239_240_242_254  1.45e+10  1.29e+10 -118738.58 -67261.15  14367.21    790.49     83.99    209.53   1134.02   -862.99      0.00 0
624 14.0      0_1_2_3_4_5_6_7_8_9_10_11_12_13_14_15_16_17_18_19_20_21_22_23_24_25_26_27_28_29_30_31_32_33_34_35_36_37_38_39_40_41_42_43_44_45_46_47_48_49_50_51_52_53_54_55_56_57_58_59_60_61_62_63_64_65_66_67_68_69_70_71_72_73_74_75_76_77_78_79_80_81_82_83_84_85_86_87_88_89_90_91_92_93_94_95_96_97_98_99_100_101_102_103_104_106_107_108_110_111_112_113_114_116_117_118_120_122_124_125_126_128_130_131_132_133_134_136_138_140_142_143_145_147_151_153_155_157_161_163_165_167_169_170_172_174_175_177_179_184_186_188_190_194_196_198_210_211_216_217_219_222_223_234_240_254  1.82e+09  1.57e+09  86270.95  65364.62  13251.46    921.28     83.02     37.15  -1008.00  -1030.15      0.00 0
625 14.0      2_5_8_9_13_16_20_21_24_28_29_32_35_37_40_41_44_45_48_52_53_55_58_62_63_66_67_70_74_78_79_82_83_85_88_89_91_94_95_102_103_107_111_116_117_121_129_137_141_146_152_158_162_168_173_176_185_191_197_199_202_203_212_218_220_224_228_233_235_241_244_245_248_251_255_256_259_262_265_268_272_282  5.13e+10  4.78e+10  43627.38 -26724.42  11295.49    862.14     77.55    328.51   5845.48  -6013.00      0.00 0
626 14.0      116_128_140_148_157_161_167_172_190_196_198_211_217_223  4.27e+09  3.68e+09  20146.32   2000.21   8874.46    701.27     66.33      5.67  -2391.29  -5233.19      0.00 0
627 14.0      1_4_6_7_10_11_14_15_18_19_22_23_26_27_30_31_34_36_37_39_42_43_46_47_50_51_54_56_57_60_61_64_65_68_69_72_73_76_77_80_81_84_85_87_90_92_93_96_97_100_101_104_105_108_109_112_113_115_118_119_122_123_126_127_130_131_134_135_138_139_142_144_147_149_150_153_155_156_159_160_163_165_166_169_171_174_177_179_180_183_186_188_189_192_194_195_201_204_207_210_216_222_225_240  7.76e+09  6.78e+09 -166262.06  -6590.58  14206.37    816.83     85.12    182.27   3380.08   4802.39      0.00 0
628 14.0      109_115_119_127_135_139_144_149_150_156_160_166_171_180_183_189_195_201_204_207_225  1.05e+10  9.23e+09  20114.85  17733.62   9343.51    790.91     70.79     41.40  -1825.99   5097.37      0.00 0
629 14.0      173_176_185_197_199_202_203_209_212_214_215_218_220_224_227_228_229_231_232_233_235_238_239_241_243_244_245_246_247_248_250_251_253_255_256_258_259_260_261_262_264_265_267_268_270_271_274_275_276_277_281_286_287  3.09e+09  2.74e+09 -36405.01 -31523.89  11534.77    779.29     76.53    220.89   6130.81  -5086.54      0.00 0
630 14.0      0_1_2_3_4_5_6_7_8_9_10_11_12_13_14_15_16_17_18_19_20_21_22_23_24_25_26_27_28_29_30_31_32_33_34_35_36_37_38_39_40_42_43_44_46_47_48_49_50_51_52_54_56_57_58_60_62_64_66_68_69_70_71_72_74_76_78_80_82_84_85_88_90_94_96_98_100_106_108_110_112_120_122_124_126_132_136_138_145_147_151_153_161_175_177_184_186  9.55e+09  8.53e+09 -32386.72 -23616.80  10935.42    766.73     74.74    216.10   -841.24   -441.13      0.00 0
631 14.0      0_1_2_3_5_8_9_13_17_21_28_29_33_35_41_45_53_55_59_63_67_79_83_89_95_103_107_111_121_137_141_152_162  5.89e+10  5.33e+10  13553.30 -13226.12   7655.02    894.14     67.99    315.70   1763.63  -2372.46      0.00 0
632 14.0      0_1_2_3_4_5_6_7_8_9_10_11_12_14_15_16_17_18_19_22_23_24_25_26_27_30_31_32_33_34_36_37_38_39_42_43_46_47_48_49_50_51_54_56_57_60_61_64_65_68_69_70_71_72_73_74_75_76_77_80_81_84_85_86_90_93_96_97_98_100_108_113_114_122_126_131_134_143_147_153_155_165_170_177_179_188_194_208_210_216_222_240  1.26e+10  1.14e+10 -39821.66  -5377.02  10459.41    855.68     75.41    187.69   3030.23   1270.88      0.00 0
633 14.0      1_7_11_14_15_19_23_24_27_30_31_36_37_39_42_43_46_47_48_51_56_57_61_64_65_68_69_70_73_74_77_80_81_85_87_90_92_93_97_98_101_104_105_112_113_130_131_132  2.00e+10  1.77e+10 -22162.91 -15657.40   9311.81    804.81     71.06    215.24  -1634.53   1388.51      0.00 0
634 14.0      134_143_155_164_165_170_187_188_193_194_208_209_215_221_229_232_239_247  3.47e+09  3.11e+09 -10389.91  19088.13   8390.28    834.82     68.89    118.56   6482.11   -752.55      0.00 0
635 14.0      238_243_255_258_259_264_271_272_279  1.55e+10  1.46e+10 -21298.97    799.61   7968.97    911.70     69.50    177.85   6158.82  -8438.70      0.00 0
636 14.0      0_1_2_3_4_5_6_7_9_10_11_12_14_15_17_18_19_21_22_23_25_26_27_30_31_33_34_36_38_39_41_42_43_46_47_49_50_51_53_54_56_57_59_60_61_63_64_65_68_71_72_73_75_76_77_80_81_83_84_86_87_90_92_93_95_96_99_100_101_104_105_107_108_109_112_114_115_118_119_121_125_126_127_133_134_135_139_143_144_146_149_150_152_154_156_160_164_166_171_176_178_187_189_193_195_202_209_215_228_229_232_245_247  4.37e+09  3.82e+09  47215.01 -36518.24  12556.79    738.35     78.12    322.28   -808.85   2650.10      0.00 0
637 14.0      181_182_191_197_200_205_206_213_214_219_226_227_230_231_237_242_246_249_252_257_263_269_273_278  4.27e+10  3.87e+10 -22127.10  -8312.62   8579.82    854.78     70.05    200.59  -1188.36  -7813.22      0.00 0
638 14.0      2_5_8_9_11_13_16_20_21_23_24_28_29_32_35_37_40_41_44_45_47_48_52_55_58_62_63_66_67_69_70_73_74_78_79_82_85_88_89_91_93_94_97_98_102_103_106_107_110_111_113_116_117_120_123_124_128_129_131_132_136_137_140_141_144_145_148_151_152_157_158_161_162_167_168_172_173_175_181_182_184_185_190_191_196_197_198_199_200_205_206_211_212_213_214_217_218_219_220_223_224_226_227_230_231_233_234_235_237_238_241_242_243_244_246_249_250_251_252_253_255_256_258_259_260_261_264_267_268_270_271_272_274_275_277_279_281_282_284_289_291  4.79e+09  4.14e+09 103499.37 -76949.52  14101.76    823.28     83.76    323.37   -615.49  -4961.78      0.00 0
639 14.0      137_141_152_162_173_185_197_199_212_218_220_224_235_243_244_255_259_264_271_279  2.51e+09  2.18e+09   5750.58 -23254.40   9181.03    748.29     69.03    283.89   4016.87  -6537.51      0.00 0
640 14.0      158_182_191_197_206_214_220_231_238_243_258_264_274_279  2.88e+09  2.62e+09 -10894.45  13094.50   7737.69    803.62     65.57    129.76   2515.69  -7269.53      0.00 0
641 14.0      95_99_100_114_121_125_126_133_134_137_141_143_146_147_152_154_155_162_164_165_170_173_176_177_178_179_185_187_188_193_194_197_199_202_203_208_209_210_212_214_215_216_218_220_221_222_224_228_229_232_233_235_238_241_243_244_245_248_251_253_255_256_258_259_264_267_268_270_271_272_274_279_281_284_289_291  5.89e+10  5.41e+10   7919.93  68870.99  12198.89    888.89     80.02     83.44   4153.68 -10823.40      0.00 0
642 14.0      122_126_138_147_153_155_165_177_179_188_194_216  7.41e+09  6.69e+09 -12312.90   8475.08   6824.68    910.34     65.46    145.46   4667.74   2487.26      0.00 0
643 14.0      91_102_103_110_116_117_128_136_140_148_157_161_167_172_184_190_196_198_211_217_219_223_234  3.63e+10  3.26e+10 -29562.30 -12366.18   9760.32    832.63     73.06    202.70  -4285.59  -5721.97      0.00 0
644 14.0      0_1_2_5_7_8_11_15_16_19_20_23_24_27_28_31_32_37_39_47_48_51_57_61_65_69_70_73_81_87_93_97_105_109_119_123_135_139_150_160_171  4.37e+09  3.82e+09  13541.45 -23294.57   9335.65    795.55     70.89    300.17  -2735.93   2619.46      0.00 0
645 14.0      0_3_4_6_9_10_12_14_17_18_21_22_25_26_29_30_33_34_36_38_41_42_45_46_49_50_53_54_59_60_63_64_67_68_71_72_75_76_79_83_84_86_89_95_99_103_107_111_121_125_129_137_141_146_152_162_168_173_176_185_197_199_203_212_214_218_220_224_233_235_238_241_243_244_251_255_256_258_259_264_268_271_272_274_279  1.15e+09  1.01e+09  22375.38 -51731.22  12433.44    725.63     77.56    293.39   4845.52  -7737.64      0.00 0
646 14.0      122_138_142_147_153_155_163_169_174_177_179_186_188_210_216  3.31e+10  3.01e+10  16643.33 -12346.91   8339.04    812.78     68.08    323.43   4546.71   3498.56      0.00 0
647 14.0      59_71_72_75_76_83_86_95_96_99_100_107_111_114_121_122_125_126_129_133_134_137_138_141_143_146_147_152_153_154_155_162_163_164_165_168_170_173_176_177_178_179_185_186_187_188_191_193_194_197_199_202_203_206_208_209_210_212_214_215_216_218_220_221_222_224_227_228_229_231_232_233_235_236_238_239_240_241_243_244_245_247_248_250_251_253_255_256_258_259_261_262_264_265_267_268_270_271_272_274_275_277_279_281_282_284_287_289_291_293_295_297_298  4.57e+10  4.13e+10  60047.53 280814.03  11182.25    863.41     87.77     77.93   6369.25 -11078.10      0.00 0
648 14.0      10_12_17_18_21_22_25_26_30_33_34_38_41_42_46_49_50_53_54_59_60_63_64_67_68_71_72_75_76_80_83_84_86_89_90_95_96_99_100_103_104_107_108_111_112_114_118_121_122_125_126_129_130_133_134_137_138_141_142_143_146_147_152_153_154_155_158_159_162_163_164_165_168_169_170_173_174_176_177_178_179_183_185_186_187_188_191_192_193_194_197_199_202_203_206_207_208_209_210_212_214_215_216_218_220_221_222_224_228_229_231_232_233_235_236_238_239_240_241_243_244_245_247_248_251_253_255_256_258_259_262_264_265_267_268_270_271_272_274_279_281_282_284_289_291  8.71e+09  7.56e+09   9132.27 -124357.84  13854.32    857.14     83.66    274.20   5058.71  -8329.31      0.00 0
649 14.0      76_96_100_108_122_126_138_147_153_163_177_186  1.29e+09  1.10e+09  -7847.34 -17783.89   8251.07    788.09     67.00    246.19   4108.84   3417.18      0.00 0
650 14.0      49_53_59_63_67_71_72_75_79_83_86_89_91_95_99_100_103_107_111_114_116_117_121_125_126_129_133_134_137_141_143_146_147_148_152_154_155_157_158_162_164_165_168_170_173_176_177_178_179_181_182_185_187_188_190_191_193_194_197_199_200_202_203_205_206_208_209_210_212_213_214_215_216_218_220_221_222_224_226_227_228_229_230_231_232_233_235_236_237_238_239_240_241_243_244_245_246_247_248_249_250_251_252_253_255_256_257_258_259_260_261_262_264_265_266_267_268_269_270_271_272_273_274_275_276_277_279_280_281_282_283_284_285_286_287_288_289_290_291_292_293_294_295_296_297_298  1.07e+10  9.26e+09 -100790.02 -147863.50  14523.52    756.49     85.36    235.72   3858.73  -6133.32      0.00 0
651 14.0      3_9_12_13_17_21_25_26_29_33_35_38_41_45_49_50_53_55_59_60_63_67_71_72_75_76_79_83_86_95_96_99_100_114_126_133_134_143_147_155_165_177_179_188_194_210_216  1.41e+10  1.30e+10  25660.70  18863.46   9992.80    784.78     72.58     36.32   4587.62   1172.15      0.00 0
652 14.0      121_137_141_146_152_154_158_162_164_168_173_176_178_182_185_187_191_193_197_199_200_202_203_206_208_209_212_214_215_218_220_221_224_226_227_228_229_231_232_233_235_236_238_239_241_243_244_246_249_250_253_258_260_261_266_267_270_275_276_277_280_281_286_287_288_290_293_294_296  7.08e+09  6.20e+09  31140.69  35521.66  11454.53    781.03     76.37     48.76   2607.19  -6592.50      0.00 0
653 14.0      3_4_6_9_10_12_14_17_18_21_22_25_26_29_30_33_34_36_38_41_42_45_46_49_50_53_54_56_59_60_63_64_67_68_71_72_75_76_79_80_83_84_86_89_90_95_96_99_100_103_104_107_108_111_112_114_118_121_122_125_129_130_137_138_141_142_146_152_158_159_162_168_169_173_183_185_191_192_197_199_212_214_220_224_231_235_238_243_253_255_258_264_270_274_284  9.77e+09  8.85e+09  -5308.19  41784.05  10603.23    860.82     75.87     97.24   2361.17  -1908.24      0.00 0
654 14.0      136_140_145_151_157_161_167_172_175_181_184_190_196_198_200_205_206_211_213_217_219_223_226_227_230_231_234_237_242_246_249_250_252_253_254_257_260_261_263_266_267_269_270_273_274_275_276_277_278_280_281_283_284_285_286_287_288_289_290_291_293_294_295_296_297_298  1.55e+10  1.37e+10  59355.19 -60442.46  13326.33    799.57     81.06    314.48    821.40 -11085.34      0.00 0
655 14.0      0_1_2_3_4_5_6_7_8_9_10_11_12_13_14_15_16_17_18_19_20_21_22_23_24_25_26_27_28_29_30_31_32_33_34_35_36_37_38_39_40_41_42_43_44_45_46_47_48_49_50_51_52_53_54_55_56_57_58_59_60_61_62_63_64_65_66_67_68_69_70_71_72_73_74_75_76_77_78_79_80_81_82_83_84_85_86_87_88_89_90_91_92_93_94_95_96_97_98_99_100_101_102_103_104_105_106_107_108_109_110_111_112_113_114_115_116_117_118_119_120_121_122_123_124_125_126_127_128_129_130_131_132_133_134_135_136_137_138_139_140_141_142_143_144_145_146_147_148_149_150_151_152_153_154_155_156_157_158_159_160_161_162_163_164_165_166_167_168_169_170_171_172_173_174_175_176_177_179_180_181_182_183_184_185_186_188_189_190_191_192_194_195_196_197_198_199_200_201_204_205_206_207_210_211_212_213_214_216_217_219_220_223_225_226_227_230_231_234_237_238_242_246_249_250_252_253_254_257_260_261_263_266_267_269_273_275_276_277_278_280_283_285_286_287_288_290_292_293_294_296_297_298  1.15e+10  1.02e+10 -120015.11 -255045.09  11715.35    813.33     87.62    244.80  -1496.80  -2670.60      0.00 0
656 14.0      31_39_43_47_51_57_61_65_69_73_77_81_85_87_92_93_97_101_105_109_113_115_118_119_123_127_131_132_135_144  2.19e+09  2.00e+09  25864.00  19889.21  10312.33    744.12     72.46     37.56  -3837.54   1098.34      0.00 0
657 14.0      0_1_3_4_6_7_10_12_14_17_18_19_22_25_26_27_30_33_34_36_38_39_42_43_46_49_50_51_54_56_59_60_61_64_65_68_71_72_75_76_77_80_81_84_86_87_90_92_95_96_99_100_101_105_109_114_125_133_135_139_143_154_164  2.63e+10  2.36e+10 -23783.36  15891.54   9332.66    837.01     71.93    146.25   1189.53   1062.73      0.00 0
658 14.0      0_1_2_3_4_5_6_7_8_9_10_11_12_13_14_15_16_17_18_19_20_21_22_23_24_25_26_27_28_29_30_31_32_33_34_35_36_37_38_39_40_41_42_43_44_45_46_47_48_49_50_51_52_53_54_55_56_57_58_59_60_61_62_63_64_65_66_67_68_69_70_71_72_73_74_75_76_77_78_79_80_81_82_83_84_85_86_87_88_89_90_91_92_93_94_95_96_97_98_99_100_101_102_103_104_105_106_107_108_109_110_111_112_113_114_115_116_117_118_119_120_121_122_123_124_125_126_127_128_129_130_131_132_133_134_135_136_137_138_139_140_141_142_143_144_145_146_147_148_149_150_151_152_153_154_155_156_157_158_159_160_161_162_163_164_165_166_167_168_169_170_171_172_173_174_176_177_178_179_180_181_182_183_184_185_186_187_188_189_190_191_192_195_196_197_198_199_200_201_202_203_204_205_206_207_209_211_212_213_214_218_219_220_223_224_225_226_227_228_230_231_233_234_235_237_238_241_242_243_244_246_249_250_251_252_253_255_256_257_258_259_260_261_263_264_266_267_268_269_270_271_272_273_274_275_276_277_279_280_281_283_284_285_286_287_288_289_290_291_292_293_294_295_296_297_298  1.62e+09  1.39e+09 -26432.19 252758.55  13496.66    696.73     86.96     95.97   1138.98  -5300.43      0.00 0
659 14.0      172_181_182_190_191_196_197_198_200_205_206_211_212_213_214_217_219_220_223_226_227_230_231_234_235_237_238_242_243_244_246_249_250_252_253_254_255_256_257_258_259_260_261_263_264_266_267_268_269_270_271_272_274_275_277_279_281_284  6.61e+10  6.21e+10  54712.88 -11519.84  11395.85    903.62     78.48    348.11   3762.36  -8730.74      0.00 0
660 14.0      0_1_2_3_4_5_6_7_8_9_10_11_12_13_14_15_16_17_18_19_20_21_22_23_24_25_26_27_28_29_30_31_32_33_34_35_36_37_38_39_40_41_42_43_44_45_46_47_48_49_50_51_52_53_54_55_56_57_58_59_61_62_63_65_66_67_69_70_71_72_73_74_75_77_78_79_81_82_83_85_86_87_88_89_91_93_94_95_97_98_99_101_102_103_105_106_107_109_110_111_113_116_117_119_120_121_123_124_125_127_128_129_131_132_135_136_137_139_140_141_144_145_146_148_150_152_157_158_160_162_167_168_171_173_176_178_181_182_185_190_191_197_199_200_202_203_206_212_214_218_220_224_227_228_231_233_235_238_241_243_244_248_250_251_253_255_256_258_259_262_264_265_268_270_271_272_274_279_282_284  3.55e+10  3.14e+10  79888.17 -82007.49  13631.52    872.08     83.21    314.25   4378.15  -6710.27      0.00 0
661 14.0      0_1_2_3_4_5_8_9_11_12_13_16_17_18_20_21_24_25_26_28_29_32_33_35_37_38_40_41_44_45_48_49_50_52_53_55_58_59_62_63_66_67_70_71_72_74_75_76_78_79_82_83_86_88_89_91_94_95_98_99_100_102_106_110_114_120_124_132_133_136_140_143_145_151_161_175_184_217  7.94e+10  7.09e+10 -40835.61 -13639.63  10574.90    882.10     76.20    198.47  -3537.93  -2713.49      0.00 0
662 14.0      200_205_206_214_220_226_227_230_231_235_237_238_243_244_246_249_250_252_253_255_256_258_259_264_267_270_271_272_274_279  1.41e+09  1.22e+09 -30333.77    593.03  10239.88    712.08     71.35    178.88   2383.02  -7987.01      0.00 0
663 14.0      22_30_34_36_42_46_54_56_60_64_68_80_84_90_92_104_115_118_130_149_159_180_183  1.32e+09  1.19e+09   5236.03 -16076.64   7215.28    910.40     66.89    288.04    559.90   3591.50      0.00 0
664 14.0      9_13_17_21_25_29_33_35_38_41_44_45_49_53_55_59_63_66_67_71_72_75_78_79_83_86_89_91_95_99_100_102_103_107_111_114_121_125_133_134_143_154_155_164_165_170_187_188_193_194_208_216_222_236_240  1.02e+10  9.13e+09  29377.84  15858.05   9598.12    895.20     73.96     28.36   4370.43   -466.04      0.00 0
665 14.0      57_61_69_73_81_85_87_93_97_98_101_105_109_113_115_119_123_127_131_132_135_139_144_149_150_156_160_166_171_180_189_195_201_204_225  5.89e+09  5.21e+09  14971.63  37412.81  11107.28    741.06     74.59     68.19  -2224.07   4723.74      0.00 0
666 14.0      0_1_3_4_5_6_7_9_10_12_14_17_18_19_21_22_25_26_27_30_33_34_36_38_39_41_42_43_46_49_50_51_53_54_56_59_60_61_63_64_65_68_71_72_75_76_77_80_83_84_86_87_90_92_95_96_99_100_101_107_109_114_121_125_133_137_143_146_152_154_162_164_176_178_185_187_193_202_203_209_215_218_228_229_232_233_241_245_247_248_251_262_265_268_282  2.19e+10  1.93e+10  37835.14 -34633.09  11662.84    796.69     77.19    317.53   5660.76  -3244.44      0.00 0
667 14.0      3_4_9_12_17_18_21_22_25_26_29_33_34_38_41_42_45_49_50_53_54_59_60_63_64_67_68_71_72_75_76_79_83_84_86_89_90_95_96_99_100_103_107_108_111_112_114_117_121_122_125_129_137_138_141_152_158_162_168_173_191_197_199_206_212_214_220_231_238_243_253_258_267_270  2.09e+09  1.81e+09   -155.92  37223.50  10491.19    797.30     74.26     90.24   2255.37  -2764.01      0.00 0
668 14.0      145_151_161_172_175_184_196_198_211_213_217_219_223_230_234_237_242_252_254_257_263_266_269_273_276_278_280_283_285_286_288_290_292_293_294_296_297  2.09e+09  1.80e+09 -26304.43  66437.40  12728.12    811.15     79.90    111.60  -3448.34 -10574.87      0.00 0
669 14.0      102_106_110_116_117_120_124_128_136_140_145_148_151_157_158_161_167_172_175_181_182_184_190_191_196_197_198_200_205_206_211_213_214_219_220_226_227_230_231_235_238_243_246_249_250_253_255_258_261_264_267_270_271_274_277_279_281_284_291  1.48e+09  1.26e+09 -42562.55  33650.08  12147.92    749.17     77.38    141.67   2316.14  -8474.59      0.00 0
670 14.0      76_86_96_99_100_108_114_122_125_126_133_134_138_143_147_153_163  2.40e+10  2.19e+10   3271.56 -16269.11   6982.62    951.51     67.18    281.37   3606.62   1391.47      0.00 0
671 14.0      0_2_3_4_5_8_9_12_13_16_17_20_21_25_26_28_29_32_33_35_38_40_41_44_45_49_52_53_59_63_67_71_72_75_83_86_95_99_114_125_133_143_154_164_170_187_193  4.47e+09  3.97e+09 -26960.28   -522.37   9782.61    717.12     70.06    181.11   2591.57  -1005.96      0.00 0
672 14.0      3_4_9_10_12_17_18_21_22_25_26_30_33_34_38_41_42_46_49_50_53_54_59_60_63_64_67_68_71_72_75_76_80_83_84_86_89_90_92_95_96_99_100_103_104_107_108_111_112_114_118_121_122_125_126_129_130_133_134_137_138_141_142_143_146_147_149_152_153_154_155_159_162_163_164_165_168_169_170_173_174_176_177_178_179_183_185_186_187_188_191_192_193_194_197_199_201_202_203_207_208_209_210_212_214_215_218_220_221_224_228_229_231_232_233_235_238_241_243_244_245_247_248_251_253_255_256_258_259_262_264_265_268_270_271_272_274_279_281_282_284_291  3.31e+10  2.96e+10  17849.96 -102592.79  13635.55    838.17     82.54    279.87   5264.37  -8280.84      0.00 0
673 14.0      0_1_2_3_4_5_6_8_9_10_11_12_13_16_17_18_20_21_22_24_25_26_28_32_33_34_38_40_48_49_50_52_54_58_60_72_76  5.13e+09  4.57e+09  16912.16   7438.00   8198.80    766.06     66.07     23.74    313.55   -171.89      0.00 0
674 14.0      0_1_2_3_4_5_6_7_8_9_10_11_12_13_14_15_16_17_18_19_20_21_22_23_24_25_26_27_28_29_30_31_32_33_34_35_36_37_38_39_40_41_42_43_44_45_46_47_48_49_50_51_52_53_54_55_56_57_58_59_60_61_62_63_64_65_66_67_68_69_70_71_72_73_74_75_76_77_78_79_80_81_82_83_84_85_87_88_89_90_91_92_93_94_96_97_98_101_102_103_104_105_106_108_109_110_111_112_113_115_116_117_118_119_120_123_124_127_128_129_130_131_132_135_136_138_139_140_142_144_145_148_149_150_151_156_157_158_159_160_161_163_166_167_168_169_171_172_174_175_180_181_182_183_184_189_190_191_192_195_196_198_200_201_204_205_206_207_211_213_217_219_223_225_226_227_230_231_234_237_242_246_249_250_252_254_257_260_261_263_266_269_273_275_276_277_278_280_283_285_286_287_288_290_292_293_294_296_297_298  7.41e+09  6.41e+09 -25547.32 -166757.88  14611.30    754.69     85.05    261.29  -2391.74  -3841.66      0.00 0
675 14.0      110_128_140_157_167_190_196_205_213_230  5.25e+10  4.92e+10   1839.76 -14919.05   6999.99    874.46     65.03    277.03  -1756.34  -5359.52      0.00 0
676 14.0      119_123_135_144_150_160_171  1.86e+09  1.64e+09  -1369.47  24963.86   9442.25    729.05     69.31     93.14  -4128.87   4802.83      0.00 0
677 14.0      0_1_2_3_4_5_6_7_8_9_10_11_12_13_14_15_16_17_18_20_21_22_23_24_25_26_28_29_30_32_33_34_35_37_38_40_41_42_44_45_48_49_50_52_53_54_55_58_59_60_62_63_64_66_67_68_70_71_72_74_75_76_78_79_82_83_84_86_88_89_90_91_94_95_96_99_100_102_103_106_107_108_110_114_116_117_120_122_124_126_128_133_134_136_138_140_143_145_147_151_153_155_157_161_165_167_172_175_177_179_184_186_188_190_194_196_198_210_211_216_217_219_223_234_254  1.95e+10  1.70e+10  47932.11  39343.86  12312.36    800.55     78.77     39.38   -971.26  -2458.06      0.00 0
678 14.0      0_1_2_3_4_5_6_7_8_9_10_11_12_13_14_15_16_17_18_19_21_22_23_24_25_26_27_30_31_32_33_34_36_37_38_39_42_43_46_47_48_49_50_51_54_56_57_59_60_61_64_65_68_69_70_71_72_73_75_76_77_80_81_84_85_86_87_90_92_93_96_97_99_100_101_104_105_108_109_112_113_114_115_118_119_122_123_125_126_127_130_131_133_134_135_138_139_142_143_144_147_149_150_153_154_155_156_159_160_163_164_165_166_169_170_171_174_177_179_180_183_186_187_188_189_192_193_194_195_201_204_207_208_210_215_216_221_222_225_236_239_240  1.58e+09  1.49e+09 222988.72 -33962.79  13282.23    828.56     86.63    351.34  -2660.76   4850.63      0.00 0
679 14.0      0_1_2_3_4_5_6_7_8_9_10_11_12_13_14_15_16_17_18_19_20_21_22_23_24_25_26_27_28_29_30_31_32_33_34_35_36_37_38_39_40_41_42_43_44_45_46_47_48_49_50_51_52_53_54_55_56_57_58_59_60_61_62_63_64_65_66_67_68_69_70_71_72_73_74_75_76_77_78_79_80_81_82_83_84_85_86_87_88_89_90_91_92_93_94_95_96_97_98_99_100_101_102_103_104_105_106_107_108_109_110_111_112_113_114_115_116_117_118_119_120_121_122_123_124_125_126_127_128_129_130_131_132_133_134_135_136_137_138_139_140_141_142_143_144_145_146_147_148_149_151_152_153_154_155_156_157_158_159_161_162_163_164_165_166_167_168_169_170_172_173_174_175_176_177_178_179_180_181_182_183_184_185_186_187_188_190_191_192_193_194_196_197_198_199_200_201_202_203_205_206_207_208_209_210_211_212_213_214_215_216_217_219_220_221_222_223_226_227_230_231_234_236_237_240_242_246_249_250_252_254_257_260_261_263_266_269_273_275_276_278_280_283_285_288_290_292_296  2.09e+09  1.84e+09 177697.33 198813.44  12295.14    805.51     87.36     48.21   -965.24  -2490.37      0.00 0
680 14.0      0_1_2_3_4_5_6_7_8_9_10_11_12_13_14_15_16_17_18_19_20_21_22_23_24_25_26_27_28_29_30_31_32_33_34_35_36_37_38_39_40_41_42_43_44_45_46_47_48_49_50_51_52_53_54_55_56_57_58_59_60_62_63_64_65_66_67_68_69_70_71_72_73_74_75_76_77_78_79_80_82_83_84_85_86_88_90_91_94_96_98_99_100_102_104_106_108_110_112_113_114_120_122_124_126_128_132_134_136_138_140_142_145_147_151_153_155_161_163_165_172_175_177_179_184_186_188_198_210_217_223  2.19e+10  1.97e+10  53218.46  36712.95  12263.12    834.22     79.26     34.60  -1843.23  -1542.92      0.00 0
681 14.0      0_2_3_4_5_6_8_9_10_12_13_16_17_18_20_21_22_25_26_28_29_33_34_35_38_40_41_42_44_45_49_50_52_53_54_55_59_60_62_63_64_66_67_71_72_75_76_78_79_83_84_86_88_89_91_95_96_99_100_102_103_106_107_108_110_111_114_116_117_121_122_125_126_128_129_133_134_136_137_138_140_141_143_146_147_148_152_153_154_155_157_158_161_162_163_164_165_167_168_170_172_173_176_177_178_179_181_182_185_186_187_188_190_191_193_194_196_197_198_199_200_202_203_205_206_208_209_210_211_212_213_214_215_216_218_219_220_221_222_223_224_226_227_228_229_230_231_232_233_234_235_236_237_238_239_240_242_243_246_249_250_252_253_254_257_258_260_261_263_266_267_269_273_275_276_277_278_280_283_285_286_287_288_290_292_293_294_296  1.12e+10  1.00e+10  90630.66 107856.41  14210.61    818.59     84.24     49.96   5528.65    630.19      0.00 0
682 14.0      36_42_43_46_54_56_64_65_68_77_80_84_87_90_92_96_101_104_105_108_109_112_115_118_122_126_127_130_135_138_139_142_147_149_150_153_155_156_159_160_163_166_171_179_180_188_189_195  1.48e+10  1.35e+10 -38366.47  13180.68  10499.00    854.68     75.49    161.04  -1849.55   4412.90      0.00 0
683 14.0      122_126_134_138_143_147_153_155_163_164_165_170_174_177_179_186_187_188_193_194_208_210_215_216_221  7.59e+09  6.86e+09  -9475.17  23311.19   8287.86    968.12     71.77    112.12   5025.36   2687.10      0.00 0
684 14.0      3_5_8_9_12_13_17_20_21_25_26_28_29_33_35_38_40_41_44_45_49_50_52_53_55_59_62_63_66_67_71_72_75_76_78_79_82_83_86_88_89_91_95_99_100_102_103_106_107_110_111_114_116_117_120_121_125_128_129_133_134_136_137_140_143_146_151_154_155_157_161_164_165_167_170_172_184_188_193_194_196_198_208_211_216_217_222_223_236_240  1.32e+09  1.16e+09  39694.46  22039.25  11051.12    827.33     76.32     29.04   1332.09  -2016.93      0.00 0
685 14.0      0_1_2_3_4_5_6_7_8_9_10_11_12_13_14_15_16_17_18_19_20_21_22_23_24_25_26_27_28_29_30_31_32_33_34_35_36_37_38_39_40_41_42_43_44_45_46_47_48_49_50_51_52_53_54_55_56_57_58_59_60_61_62_63_64_65_66_67_68_69_70_71_72_73_74_75_76_77_78_79_80_81_82_83_84_85_86_87_88_89_90_93_94_95_96_97_98_99_100_105_106_107_108_113_114_119_120_121_122_123_124_125_126_131_132_133_134_143_144_145_146_150_154_155_164_165_170_178_187_188_193_194_208_209_215_216_221_222_232_236_239_240  4.37e+10  3.93e+10  79665.61  -6563.70  13032.65    819.73     80.74    355.29  -2416.30    271.25      0.00 0
686 14.0      0_1_2_3_4_5_8_9_11_12_13_16_17_20_21_24_25_26_28_29_32_33_35_37_38_40_41_44_45_48_49_50_52_53_55_58_59_62_63_66_67_70_71_72_74_75_78_79_82_83_86_88_89_91_94_95_98_99_102_103_106_107_110_111_114_120_121_124_125_132_133_136_137_143_145_146_152_154_164_170_178_187_193_208_209_215_221_232_236_239  3.80e+09  3.34e+09 -43699.93  -3132.45  11200.13    777.38     75.66    184.10   2245.06  -1513.92      0.00 0
687 14.0      1_2_8_11_15_16_19_20_23_24_28_31_32_37_47_48_51_57_69_70_73_74_81_85_93_97_105_113_119_123_131_135_144_150  5.37e+10  4.85e+10 -20681.21  18950.84   9087.20    872.97     72.05    137.50  -4228.20   2406.12      0.00 0
688 14.0      10_14_18_22_26_27_30_34_36_38_42_43_46_50_54_56_60_64_65_68_71_72_76_77_80_84_86_87_90_92_96_99_100_101_104_108_109_112_114_115_118_122_126_127_130_133_134_135_138_139_142_143_147_149_153_154_155_156_159_160_163_164_165_166_169_170_171_174_177_179_180_183_186_187_188_189_192_193_194_195_201_204_207_208_209_210_215_216_221_222_225_232_236_239_247  1.70e+10  1.52e+10 -54739.25  38757.55  12770.24    768.92     79.22    144.70   -407.54   4661.10      0.00 0
689 14.0      0_2_3_4_5_8_9_12_13_16_17_18_20_21_25_26_28_29_32_33_34_35_38_40_41_44_45_49_50_52_53_55_58_59_62_63_66_67_71_72_75_76_78_79_82_83_86_88_89_91_94_95_99_100_102_103_106_107_110_111_114_116_117_120_121_125_126_128_129_133_134_136_137_140_141_143_145_146_148_151_152_154_155_157_158_161_162_164_165_167_168_170_172_173_175_176_178_179_181_182_184_185_187_188_190_191_193_194_196_197_198_199_200_202_203_205_206_208_209_210_211_212_213_214_215_216_217_218_219_220_221_222_223_224_226_227_228_229_230_231_232_233_234_235_236_237_238_239_240_241_242_243_244_245_246_247_248_249_250_251_252_253_254_255_256_257_258_259_260_261_262_263_264_265_266_267_268_269_270_271_272_273_274_275_276_277_278_279_280_281_282_283_284_285_286_287_288_289_290_292_293_294_296  3.39e+09  2.94e+09 -197133.16 -107435.86  13849.52    750.34     86.47    208.59    923.37  -5612.20      0.00 0
690 14.0      145_151_161_172_175_184_196_198_211_213_217_219_223_230_234_237_242_249_252_254_257_260_263_266_269_273_275_276_278_280_283_285_286_287_288_290_292_293_294_295_296_297_298  1.00e+11  8.97e+10 -26835.07  46498.45  11627.02    832.25     77.78    119.99  -2299.90  -9704.41      0.00 0
691 14.0      116_117_148_157_158_167_168_173_181_182_190_191_197_199_200_206_212_214_224  1.35e+09  1.17e+09 -22978.43   1280.67   9288.95    705.91     68.02    176.81    949.12  -5657.19      0.00 0
692 14.0      21_33_41_45_49_53_55_59_63_67_71_75_78_79_83_86_89_91_95_99_100_102_103_107_111_114_116_117_121_125_128_129_133_134_137_140_141_143_146_148_152_154_155_157_158_162_164_165_167_168_170_172_173_176_178_179_181_182_185_187_188_190_191_193_194_196_197_199_200_202_203_205_206_208_209_210_211_212_213_214_215_216_218_219_220_221_222_223_224_226_227_228_229_230_231_232_233_234_235_236_237_238_239_240_241_242_243_244_245_246_247_248_249_250_251_252_253_254_255_256_257_258_259_260_261_262_263_264_265_266_267_268_269_270_271_272_273_274_275_276_277_278_279_280_281_282_283_284_285_286_287_288_289_290_291_292_293_294_295_296_297_298  9.55e+09  8.64e+09 126508.41 115883.00  14165.19    818.35     85.28     42.49  -3142.97 -11277.14      0.00 0
693 14.0      37_47_48_58_69_70_73_74_82_85_93_94_97_98_105_106_110_113_119_120_123_124_128_131_132_135_136_140_144_145_150_151_160_161_167_172_175_184_190_196_198_211_213_217_219_223_234_237_242_252_254_257_263_269_273_278_280_283_285_290_292_296  4.90e+09  4.38e+09    601.82  50706.27  11632.73    794.73     77.08     89.32  -3788.17  -6481.34      0.00 0
694 14.0      129_141_148_152_157_158_162_168_173_176_181_182_185_190_191_196_197_199_200_202_203_205_206_211_212_213_214_218_219_220_224_226_227_228_229_230_231_233_234_235_237_238_241_242_243_244_245_246_247_248_249_250_251_252_253_254_255_256_257_258_259_260_261_262_263_264_265_266_267_268_269_273_276_278_280_283_285_290_292  2.09e+09  1.88e+09 -61644.86 -23219.91  12411.12    819.22     79.33    200.64  -2691.48  -8478.55      0.00 0
695 14.0      200_205_206_213_214_219_220_226_227_230_231_234_235_237_238_242_243_244_246_249_250_252_253_254_255_257_258_259_260_261_263_264_266_267_269_270_271_272_273_274_275_276_277_278_279_280_281_283_284_285_286_287_288_289_290_291_292_293_294_295_296  3.09e+09  2.68e+09 -80738.09   5376.77  13178.16    801.45     80.75    176.19   2500.22  -9764.90      0.00 0
696 14.0      0_1_2_3_4_5_6_7_8_9_10_11_12_13_14_15_16_17_18_19_20_21_22_23_24_25_26_27_28_29_30_31_32_33_34_35_36_37_38_39_40_41_42_43_44_45_46_47_48_49_50_51_52_53_54_55_56_57_59_60_61_63_64_65_67_68_69_70_71_72_73_75_76_77_79_80_81_83_84_86_87_89_90_92_93_95_96_97_99_100_101_103_104_105_107_108_109_111_112_114_115_118_119_121_122_123_125_126_127_129_130_133_134_135_137_138_139_141_143_144_146_149_150_152_154_155_156_159_160_162_164_165_166_170_171_173_176_178_180_183_185_187_189_193_195_199_202_203_204_208_209_212_215_218_221_224_228_229_232_233_239_241_244_245_247_248_251_256_259_262_265_268_272_282  3.63e+09  3.06e+09  76612.96 -73623.35  14403.90    724.91     82.28    316.14   3732.16  -1715.33      0.00 0
697 14.0      270_274_275_277_279_281_284_286_287_288_289_291_293_294_295_296_297_298  3.55e+10  3.25e+10 -50262.16 -15366.68  11671.24    810.64     77.48    197.00   4755.65 -11245.49      0.00 0
698 14.0      0_1_2_3_4_5_6_7_8_9_10_11_12_13_14_15_16_17_18_19_20_21_22_23_24_25_26_27_28_29_30_31_32_33_34_35_36_37_38_39_40_41_42_43_44_45_46_48_49_50_52_53_54_55_56_58_59_60_62_63_64_66_67_68_71_72_74_75_76_77_78_79_80_82_83_84_86_88_89_90_91_92_96_102_103_104_106_108_110_111_112_116_117_118_122_128_129_130_136_138_140_142_148_157_158_159_161_163_167_169_172_174_181_182_190_192_196_198_200_205_206_211_213_219_223_226_227_230_234_237_242_246_249_252_254_257_260_263_266_269_273_276_278_280_283_285_286_288_290_292_294_296  4.47e+09  4.01e+09 -24530.87 -68399.19  12904.37    790.63     79.93    250.27  -2350.99  -8183.72      0.00 0
699 14.0      40_52_62_66_78_82_88_102_110_116_128_148_157_167_181_190_205  3.09e+10  2.82e+10  -1586.62  16123.68   7434.76    832.29     65.35     95.62  -1138.89  -4124.93      0.00 0
