#event_number primary_type du_ids energy_primary em_energy Xmax_pos(x, y, z), Xmax_grams zenith azimuth shower_core_pos_x shower_core_pos_y shower_core_pos_z, N_tested_cores, units are degrees, GeV and meters
5600 14.0      87_101_109_115_127_139_156_166_180_189_204_225  1.78e+08  1.51e+08   2965.64  20580.11   9075.46    683.39     66.42     81.80  -1389.57   5101.83      0.00 0
5601 14.0      100_114_122_125_126_133_134_143_146_147_153_154_155_164_165_170_176_177_178_179_187_188_193_194_202_203_208_209_215_218_221_228_229_232_233_241_245_247_248_251_256_262_265_268_272_282  2.04e+08  1.75e+08 -11938.16  36741.88  10380.51    843.33     74.96    108.00   6260.27  -2942.35      0.00 0
5602 14.0      185_199_202_203_209_212_218_220_224_228_229_232_233_235_239_241_243_244_245_247_248_251  1.26e+08  1.04e+08  23741.79  20573.04  11007.65    616.66     70.69     40.91   6386.64  -4535.00      0.00 0
5603 14.0      40_52_62_66_82_88_102_106_110_128_136_140_161_167_172_196_198_211_219_223_234  6.76e+08  5.80e+08   9416.18  20942.17   9258.48    709.66     68.04     65.79  -2631.94  -4558.77      0.00 0
5604 14.0      263_269_273_275_276_278_280_283_285_286_287_288_290_292_293_294_295_296_297_298  3.09e+08  2.71e+08 -33000.30  15073.90  10787.98    729.77     73.44    155.45  -2635.86 -11021.67      0.00 0
5605 14.0      0_1_2_3_4_5_6_7_10_11_12_14_15_17_18_19_22_23_25_26_27_30_31_34_36_37_38_39_42_43_46_47_49_50_51_54_56_57_60_64_68_71_72_76_84_86_90_96_100_108_114_122_126_134_143_147_155_165_170_179_188_194_208_210_216_222_240  4.68e+08  4.08e+08  34863.85   3264.91  10279.33    795.30     73.64      5.35   3954.52   1207.18      0.00 0
5606 14.0      0_1_2_3_4_5_6_7_9_10_11_12_14_15_17_18_19_22_23_25_26_27_30_31_33_34_36_38_39_42_43_46_47_49_50_51_54_56_57_59_61_65_71_72_73_75_77_80_81_87_93_101_105_109_119_123_127_135_139_144_150_160_171  5.01e+08  4.41e+08  29632.66 -21529.38  10884.48    719.81     73.45    324.00  -2473.02   2816.60      0.00 0
5607 14.0      93_97_105_113_119_123_131_132_135_139_144_150_160_171  2.04e+08  1.73e+08  -5924.79 -20117.74   8571.34    775.75     67.77    253.59  -3806.18   2607.13      0.00 0
5608 14.0      39_43_51_56_57_61_65_73_77_80_81_87_92_93_97_101_104_105_109_113_115_118_119_123_127_130_131_135_149_159_169  1.95e+08  1.76e+08  21660.48  14809.04   9265.95    791.05     70.55     34.36  -1440.09   2913.90      0.00 0
5609 14.0      3_4_5_8_9_12_13_17_18_20_21_25_26_28_29_33_34_35_38_40_41_44_45_49_50_52_53_55_59_60_62_63_66_67_71_72_75_76_78_79_83_86_88_89_91_95_96_99_100_102_103_106_107_110_111_114_116_117_125_126_128_133_134_136_140_143_147_155_157_161_165_167_172_179_188_194_196_198_210_211_216_223  6.76e+08  5.80e+08 -33091.77 -26739.86  11607.10    693.68     74.74    218.94   1472.68  -1398.29      0.00 0
5610 14.0      95_99_107_111_114_121_125_129_133_134_137_141_143_146_152_154_155_158_162_164_165_168_170_173_176_178_185_187_188_191_193_194_197_199_202_203_206_208_209_210_212_214_215_216_218_220_221_222_224_227_231_235_238_240_243_246_250_253_258_261_267_270_275_277_281_286_287  1.82e+08  1.55e+08 -17571.54 -34967.53   9735.50    989.82     76.03    243.32   3922.23  -3931.94      0.00 0
5611 14.0      27_36_39_43_46_51_56_57_61_64_65_68_77_80_81_87_90_92_93_97_101_104_105_108_109_112_115_118_119_122_123_127_130_131_135_138_139_142_144_149_150_153_156_159_160_163_166_169_171_174_177_180_183_186_189_192_195_207  1.07e+08  8.75e+07  62343.00  15682.62  13207.56    679.98     78.39     14.12   -362.38   4092.33      0.00 0
5612 14.0      148_157_158_181_182_191_197_200_206_214_220_231_238_243  3.31e+08  2.96e+08 -18070.28   9021.33   8790.30    714.01     66.48    153.47   1526.03  -6729.10      0.00 0
5613 14.0      27_30_36_39_42_43_46_51_54_56_61_64_65_68_77_80_81_84_87_90_92_101_104_105_108_109_119_127_135_139_144_150_160  3.24e+08  2.82e+08 -23826.74   3850.55   9019.23    782.41     69.51    170.82  -1057.19   2808.15      0.00 0
5614 14.0      17_21_25_26_33_34_38_41_49_50_53_59_60_63_67_71_72_75_76_83_84_86_89_95_96_99_100_103_107_111_117_121_125_129_137_141_152_158_162_168_173_182_191_197_199_206_212_214_220_231_235_238_243_250_253_258_264_267_270_274_277_281_284_289_291  7.76e+08  6.62e+08    538.10  36700.89  10186.05    845.07     74.49     89.16   2409.75  -4991.02      0.00 0
5615 14.0      200_205_206_213_226_227_230_231_237_238_246_249_250_252_253  8.91e+08  7.60e+08 -20796.17   2442.99   9318.34    649.51     66.01    173.30   -216.82  -7891.85      0.00 0
5616 14.0      14_19_27_30_31_36_39_42_43_46_47_51_56_57_61_64_65_68_69_73_77_80_81_85_87_90_92_93_97_101_104_105_108_109_112_113_115_118_119_123_127_130_131_135_138_139_142_144_149_150_153_156_159_160_163_166_169_171_174_177_180_183_186_189_192_195_201_207  6.61e+08  5.65e+08 -63240.99 -27511.09  12719.82    792.71     79.55    203.51   -530.13   3958.38      0.00 0
5617 14.0      44_55_78_79_91_102_103_116_117_129_148_157_158_168_181_182_191_197_200_206_214_220_226_227_231_238_243_246_250_253_258_261_264_267_270_274_277_279_281_284_287_289_291_295  1.38e+08  1.11e+08 -17435.49  50924.91  12634.91    670.61     76.79    108.90   2833.98 -11273.13      0.00 0
5618 14.0      116_117_128_129_141_148_157_158_162_167_168_172_173_181_182_185_190_191_196_197_198_199_200_203_205_206_211_212_213_214_217_218_219_220_223_224_226_227_228_230_231_233_234_235_237_238_241_242_243_244_245_246_248_249_250_251_252_254_257_262_263_266_269_273_278  1.26e+08  1.04e+08  57057.48  14766.69  11926.68    837.49     78.56     14.51  -3555.18  -7482.93      0.00 0
5619 14.0      111_121_125_129_137_141_146_148_152_154_158_162_164_168_173_176_178_181_182_185_187_191_193_197_199_200_202_203_205_206_208_209_212_213_214_215_218_220_221_224_226_227_228_229_230_231_232_233_235_236_237_238_239_241_246_247_249_250_252_253_257_260_261_266_269_273_276_280_283_285_290_292  5.25e+08  4.66e+08  37986.50  32237.69  11667.33    777.74     76.82     40.32   3224.61  -5034.78      0.00 0
5620 14.0      129_141_148_157_158_168_181_182_190_191_196_200_205_206_213_219_226_230_237_242  4.68e+08  4.06e+08 -20457.98 -12151.89   9401.86    706.59     68.44    210.71   -483.42  -6360.66      0.00 0
5621 14.0      0_3_4_5_8_9_12_13_17_18_20_21_25_26_28_29_33_34_35_38_40_41_44_45_49_50_52_53_55_59_60_62_63_66_67_71_72_75_76_78_79_83_84_86_88_89_91_95_96_99_100_102_103_106_107_110_111_114_116_117_121_122_125_126_128_129_133_134_136_137_140_141_143_146_147_148_152_154_155_157_158_161_162_164_165_167_168_170_172_173_176_177_178_179_181_182_184_185_187_188_190_191_193_194_196_197_198_200_205_206_208_210_211_213_214_216_217_219_221_222_223_226_227_230_234_236_237_240_242_246_249_252_254_257_260_263_266_269_273_278_280_283_285_290_292  1.02e+08  8.42e+07 -71783.16 -70368.93  14485.40    694.68     81.80    224.43  -4138.32  -8421.58      0.00 0
5622 14.0      58_62_66_74_78_82_88_91_94_98_102_103_106_110_116_117_120_124_128_129_132_136_140_145_148_151_157_158_161_167_168_172_173_175_181_182_184_190_191_196_197_200_205_206_212_214_220_227_231_235_238_243_253_255_258_264_271_274_279  6.17e+08  5.52e+08  37726.95 -28636.32  11528.62    769.99     76.32    322.80  -1161.50  -4443.94      0.00 0
5623 14.0      0_1_2_3_5_6_7_8_9_11_13_15_16_19_20_23_24_27_28_29_31_32_35_37_40_44_45_48_52_55_58_62_66_78_79_82_88_91_102_103_106_110_116_117_128_140_148_157_158_167_172_181_182_190_196_200_205_206_213_219_226_227_230_237_246_249_250_252_257_260_261_266_269_275_276_280_283_286_287_288_290_293_294_296_297_298  4.47e+08  3.88e+08  -1689.86 -52036.28  12230.61    712.50     76.78    268.14  -1133.02  -8224.15      0.00 0
5624 14.0      0_1_2_3_4_5_6_7_8_9_10_11_12_13_14_15_16_17_18_19_21_22_23_24_25_26_27_29_30_31_33_34_35_36_37_38_39_41_42_43_45_46_47_49_50_51_53_54_56_57_59_60_61_63_64_65_67_68_69_71_72_73_75_76_77_80_81_83_84_86_87_89_90_92_93_95_96_99_100_101_104_105_107_108_109_111_112_114_115_118_119_121_122_123_125_126_127_130_133_134_135_137_138_139_142_143_144_146_147_149_150_152_153_154_155_156_159_160_162_163_164_165_166_169_170_171_174_176_177_178_179_180_183_185_186_187_188_189_192_193_194_195_201_202_203_204_207_208_209_210_215_216_218_221_222_225_228_229_232_233_236_239_240_241_245_247_248_251_262_265_268_282  1.51e+08  1.26e+08 -201502.45 167468.88  13181.15    706.33     87.12    140.27   1722.09   4380.48      0.00 0
5625 14.0      94_102_106_110_116_117_120_124_128_132_136_140_145_148_151_157_158_161_167_172_175_181_182_184_190_191_196_197_198_200_205_206_211_213_214_217_219_220_223_226_227_230_231_234_237_238_242_243_246_249_250_252_253_254_255_257_258_260_261_263_264_266_267_269_270_271_273_274_275_276_277_278_279_280_281_283_284_285_286_287_288_289_290_291_292_293_294_295_296_297_298  1.00e+08  8.47e+07 210246.53 -167357.47  12719.66    737.89     87.29    321.48  -1033.99 -10743.43      0.00 0
5626 14.0      252_254_257_263_266_269_273_275_276_278_280_283_285_286_287_288_289_290_292_293_294_295_296_297_298  1.74e+08  1.50e+08 -33325.52  20008.17  10896.74    754.04     74.34    149.02  -2438.19 -10601.09      0.00 0
5627 14.0      185_199_202_203_212_218_220_224_228_229_232_233_235_238_241_243_244_245_247_248_251_253_255_256_258_262  4.37e+08  3.70e+08  23368.54  19874.13  10628.81    658.04     70.89     40.38   5421.82  -5602.80      0.00 0
5628 14.0      0_1_2_3_4_5_6_7_8_9_10_11_12_13_14_15_16_17_18_19_20_21_22_23_24_25_26_27_28_29_30_31_32_33_34_35_36_37_38_39_40_41_42_43_44_45_46_47_48_49_50_51_52_53_54_55_56_57_58_59_60_62_63_64_66_67_68_69_70_71_72_73_74_75_76_78_79_80_81_82_83_84_85_86_88_89_90_91_94_95_96_97_98_99_100_102_103_106_107_108_110_111_112_113_114_116_117_120_121_122_124_125_126_128_132_133_134_136_138_140_143_145_146_147_151_153_154_155_157_161_163_164_165_167_170_172_175_177_179_184_186_187_188_193_194_198_208_210_211_216_217_221_222_223_236_240  6.03e+08  5.44e+08  90059.38  47021.87  14043.40    763.08     82.13     27.57   4719.86   1418.12      0.00 0
5629 14.0      0_2_3_4_5_6_8_9_10_12_13_17_18_20_21_22_25_26_28_29_33_34_35_38_40_41_42_44_45_49_50_53_54_55_59_60_62_63_64_66_67_71_72_75_76_78_79_83_84_86_88_89_90_91_95_96_99_100_102_103_107_108_110_111_112_114_116_117_121_122_125_126_128_129_133_134_137_138_140_141_143_147_148_153_155_157_158_163_165_167_168_172_177_179_181_182_186_188_190_191_196_200_205_206_210_211_213_219_226_227_230_234_237_242_246_249_252_254_257_260_263_266_269_273_276_278_280_283_285_288_290_292_296  4.07e+08  3.55e+08  35136.25  59223.25  12688.21    797.19     79.56     59.32    213.94  -4295.54      0.00 0
5630 14.0      0_2_3_5_8_9_11_12_13_16_17_20_21_24_25_28_29_32_33_35_37_38_40_41_44_45_48_49_52_53_55_58_59_62_63_66_67_70_71_74_75_78_79_82_83_85_86_88_89_94_95_98_99_106_107_121_124_125_132_133_146_154_164_178_187_209_215  2.24e+08  1.86e+08 -29884.14   1388.39   9277.83    880.59     72.77    177.34   1099.74  -1506.10      0.00 0
5631 14.0      141_146_152_162_168_173_176_178_182_185_187_191_197_199_200_202_203_206_209_212_214_215_218_220_221_224_226_227_228_229_230_231_232_233_235_238_239_241_243_244_245_246_247_248_249_250_251_252_253_255_256_258_260_261_264_266_267_269_270_274_275_276_277_280_281_283_286_287_288_290_292_293_294_296  4.27e+08  3.72e+08  44028.74  39838.88  12935.49    678.60     77.71     42.14   2446.97  -7247.39      0.00 0
5632 14.0      37_47_48_57_69_70_73_81_85_93_97_105_119_123_135_144_150_160_171  1.51e+08  1.25e+08 -14217.09  30364.03  10893.78    667.49     72.00    115.09  -4337.61   4075.53      0.00 0
5633 14.0      3_4_6_10_12_14_17_18_22_25_26_30_33_34_36_38_42_46_49_50_53_54_59_60_71_72_75_76_83_86_95_99_114_121_125_133_146_154_176_178  8.13e+08  7.14e+08  16948.72 -14081.10   8361.47    850.39     69.22    320.28   2905.08   -796.34      0.00 0
5634 14.0      0_1_2_3_4_5_6_7_8_9_10_11_12_13_14_15_16_17_18_19_20_21_22_23_24_25_26_27_28_29_30_31_32_33_34_35_36_37_38_39_40_41_42_43_44_45_46_47_48_49_50_51_52_53_54_55_56_58_59_60_62_63_64_66_67_68_69_70_71_72_74_75_76_77_78_79_80_82_83_84_86_88_89_90_91_94_95_96_98_99_100_102_103_104_106_107_108_110_111_112_114_116_117_120_121_122_124_125_126_128_129_130_133_134_136_137_138_140_142_143_145_147_148_151_153_155_157_158_161_163_165_167_169_172_174_175_177_179_181_182_184_186_188_190_196_198_200_205_210_211_213_216_217_219_223_230_234_237_242_252_254_257_263_269_273_278_283_285  3.39e+08  2.93e+08  63403.83  75001.73  13855.03    779.44     81.97     49.79  -2165.36  -4374.77      0.00 0
5635 14.0      190_196_200_205_206_211_213_214_219_223_226_227_230_231_234_237_238_242_246_249_250_252_253_254_257_263_266_269_273_278  1.00e+09  8.63e+08 -36537.35    261.46  10622.27    762.07     73.79    179.59  -3501.03  -7767.04      0.00 0
5636 14.0      0_1_2_3_4_5_6_7_8_9_10_11_12_13_14_15_16_17_18_19_20_21_22_23_24_25_26_27_28_29_30_31_32_33_34_35_36_37_38_39_40_41_42_43_44_45_46_47_48_49_50_51_52_53_54_55_56_57_58_59_60_61_62_63_64_65_66_67_68_69_70_71_72_73_74_75_76_77_78_79_80_81_82_83_84_85_86_87_88_89_91_93_94_95_97_98_99_100_101_102_103_105_106_107_109_110_111_113_114_116_117_119_120_121_123_124_125_128_129_131_132_133_135_136_137_139_140_141_143_144_145_146_148_150_151_152_154_157_158_160_161_162_164_167_168_173_175_176_178_181_182_185_187_191_193_197_199_202_203_206_209_212_214_215_218_220_224_228_229_232_233_235_238_239_241_243_244_245_247_248_251_255_256_259_262_264_265_268_271_272_282  6.76e+08  5.87e+08 128469.14 -75643.91  14381.51    795.34     84.49    329.51   1229.03  -2496.24      0.00 0
5637 14.0      0_3_4_5_9_12_13_17_21_25_29_33_41_45_49_53_59_63_67_75_83_89_95_107_111_121_125_137_141_146_152_162_173_176_185_199_203_212_218_224_233_235_241_244_251_256_259_268_272  1.86e+08  1.58e+08  22744.96 -25835.43  10366.09    768.62     73.24    311.36   4047.27  -4330.13      0.00 0
5638 14.0      6_7_10_14_22_27_30_34_36_42_43_46_54_56_60_64_68_80_84_90_96_104_108_112_122_126_138_142_147_153_163_174_177_179_186  2.75e+08  2.34e+08 -37495.86 -20570.94  11491.66    714.57     74.96    208.75   6006.10   4718.51      0.00 0
5639 14.0      41_45_53_55_59_63_67_75_78_79_83_89_91_95_99_102_103_107_110_111_116_117_121_125_128_129_133_137_140_141_143_146_148_152_154_157_158_161_162_164_167_168_170_172_176_178_181_182_187_190_193_196_198_205_208_211_213_215_217_219_221_223_234_236_242_254  2.75e+08  2.36e+08  32501.31  17208.56   9415.09   1013.80     75.64     27.90    674.51  -3919.86      0.00 0
5640 14.0      0_1_2_3_4_5_6_7_8_9_10_11_12_13_14_15_16_17_18_19_21_22_23_25_26_27_29_30_31_33_34_35_36_38_39_41_42_43_45_46_49_50_51_53_54_56_57_59_60_61_63_64_65_67_68_71_72_75_76_77_80_81_83_84_87_89_90_92_95_101_104_105_107_109_111_115_118_127_135_139_149_156_160_166_171_180_189_195_204_225  1.51e+08  1.21e+08  23950.56 -49302.33  13118.72    613.88     76.54    295.91  -1487.62   4792.94      0.00 0
5641 14.0      128_140_148_157_161_167_172_181_182_190_196_200_205_206  2.34e+08  1.98e+08  13593.93  -7899.16   6800.40    954.22     66.61    329.84  -1394.00  -5392.69      0.00 0
5642 14.0      0_1_3_4_6_7_10_12_14_15_18_19_22_25_26_27_30_31_34_36_38_39_42_43_46_47_49_50_51_54_56_57_60_61_64_65_68_71_72_73_75_76_77_80_81_84_86_87_90_93_96_99_100_105_108_109_114_119_126_133_134_143_155_164_165_170_193_194_208  6.17e+08  5.22e+08  36670.11  -9136.09  11316.30    670.93     73.33    346.01   1750.06   1157.68      0.00 0
5643 14.0      151_161_172_175_184_190_196_198_205_211_213_217_219_223_226_230_234_237_242_246_249_252_254_257_260_261_263_266_269_273_275_276_277_280_283_286_287_288_289_290_293_294_295_296_297_298  1.07e+08  8.91e+07 -27284.26  41222.02  12142.07    696.99     76.20    123.50   -762.28 -10467.02      0.00 0
5644 14.0      246_249_260_261_267_275_277_281_287_289_291_295  1.05e+08  8.87e+07 -17119.54  18307.14   9873.18    661.26     68.50    133.08   1475.47 -10931.27      0.00 0
5645 14.0      4_6_7_10_12_14_15_18_19_22_26_27_30_31_34_36_38_39_42_43_46_50_51_54_56_57_60_61_64_65_68_71_72_73_76_77_80_81_84_86_87_90_92_93_96_100_101_104_105_108_109_112_114_115_118_119_122_123_126_127_130_134_135_138_139_142_143_144_147_149_150_153_155_156_159_160_163_164_165_166_169_170_171_174_177_179_180_183_186_188_189_192_193_194_195_204_208_210_216_221_222_236_240  8.91e+08  7.79e+08 -91413.25  18830.96  14115.24    719.75     81.40    168.36   3332.38   2810.11      0.00 0
5646 14.0      0_1_2_3_4_5_6_7_8_9_10_11_12_13_14_15_16_17_18_19_20_21_22_23_24_25_26_27_28_29_30_31_32_33_34_35_36_37_38_39_40_41_42_43_44_45_46_47_48_49_50_51_52_53_54_55_56_57_58_59_60_61_62_63_64_65_66_67_68_69_70_71_72_73_74_75_76_77_78_79_80_81_82_83_84_85_86_87_88_89_90_91_92_93_94_95_96_97_98_99_100_101_102_103_105_106_107_109_110_111_113_114_116_117_119_120_121_123_124_125_127_129_131_132_133_134_135_137_139_141_143_144_146_150_152_154_158_160_162_164_168_170_171_173_176_178_185_187_193_197_199_202_203_209_212_215_218_221_224_228_229_232_233_235_239_241_244_245_247_248_251_256_259_262_265_268_272_282  6.31e+08  5.48e+08 105440.53 -59874.22  14673.39    723.33     83.10    330.41   5982.52  -3836.07      0.00 0
5647 14.0      176_185_199_203_212_218_220_224_233_235_241_243_244_255_256_258_259_264_271_274_279_284  2.29e+08  1.94e+08  -4844.78 -35185.03  11246.19    647.36     72.43    262.16   4421.09  -8696.32      0.00 0
5648 14.0      250_253_255_258_259_260_261_264_266_267_269_270_271_272_274_275_276_277_279_280_281_283_284_285_286_287_288_289_290_291_292_293_294_295_296_297_298  1.62e+08  1.35e+08  84893.96  17982.83  14194.84    679.12     80.71     11.96   5809.97 -10594.50      0.00 0
5649 14.0      94_98_106_110_120_124_128_132_136_140_145_151_157_161_167_172_181_190_196_205  1.82e+08  1.51e+08  13612.70 -22075.30   9470.34    746.63     69.94    301.66  -3098.78  -3331.29      0.00 0
5650 14.0      1_2_6_7_10_11_14_15_16_19_23_24_27_30_31_32_36_37_39_42_43_46_47_48_51_56_57_58_61_64_65_68_69_70_73_74_77_80_81_82_85_87_90_92_93_94_97_98_101_104_105_109_112_113_115_118_119_120_123_124_127_130_131_132_135_139_142_144_145_149_150_151_156_159_166_169_174_175_180_183_189_192_201_204_207  1.17e+08  1.01e+08  40820.53  47642.95  12479.54    779.12     78.75     49.41   -604.04   3513.65      0.00 0
5651 14.0      184_198_211_217_219_223_234_237_242_254_257_263_269_273_278_280_283_285_290_292_296  5.62e+08  4.77e+08   9249.89 -33974.92  10920.01    691.12     72.77    285.23  -3857.83  -9023.48      0.00 0
5652 14.0      21_25_33_38_41_49_50_53_59_63_67_71_72_75_76_83_86_89_95_96_99_100_114_126_133_134_143_147_155_165_177_179_188_194_210_216  3.24e+08  2.79e+08  21879.15  21971.00  10404.83    698.34     71.45     45.12   4428.52   1004.93      0.00 0
5653 14.0      0_1_2_3_4_5_6_7_8_9_10_11_12_13_14_15_16_17_18_19_20_21_22_23_24_25_26_27_28_29_30_31_32_33_34_35_36_37_38_39_40_41_42_43_44_45_46_47_48_49_50_51_52_53_54_55_56_57_58_59_60_61_62_63_64_65_66_67_68_69_70_71_72_73_74_75_76_77_78_79_80_81_82_83_84_85_86_87_88_89_90_91_92_93_94_95_96_97_98_99_100_101_102_103_104_105_106_107_108_109_110_111_112_113_114_115_116_117_118_119_120_121_122_123_124_125_126_127_128_129_130_131_132_133_134_135_136_137_138_139_140_141_142_143_144_145_146_147_148_149_150_151_152_153_154_155_156_157_158_159_160_161_162_163_164_165_166_167_168_169_170_172_173_174_175_176_177_178_179_181_182_183_184_185_186_187_188_190_191_192_193_194_196_197_198_199_200_202_203_205_206_208_209_210_211_212_213_215_216_217_218_219_221_222_223_226_228_229_230_232_234_236_237_239_240_242_245_247_254_257_263_278  2.29e+08  1.92e+08 277402.88 119411.14  11654.93    717.63     87.79     23.29   5704.72   1684.99      0.00 0
5654 14.0      79_89_91_102_103_107_111_116_117_121_125_128_129_137_140_141_146_148_152_154_157_158_162_167_168_172_173_176_178_181_182_185_187_190_191_196_198_202_205_209_211_213_215_219_223_234_254  2.00e+08  1.63e+08  40412.70  16180.30  12006.92    647.73     74.58     21.82    613.45  -4571.09      0.00 0
5655 14.0      218_224_228_229_233_235_238_241_243_244_245_247_248_251_253_255_256_258_259_262_264_265_267_268_270_271_272_274_277_279_281_284_287_289_291_293_295_298  3.89e+08  3.39e+08 -23909.38 -33594.06  11613.57    675.17     74.27    234.56   3698.84  -9471.17      0.00 0
5656 14.0      0_1_2_3_4_5_6_7_8_9_10_11_12_13_14_15_16_17_18_19_20_21_22_23_24_25_26_27_28_29_30_31_32_33_34_35_36_37_38_39_40_41_42_43_44_45_46_47_48_49_50_51_52_53_54_55_56_57_58_59_60_61_62_63_64_65_66_67_68_69_70_71_72_73_74_75_76_77_78_79_80_81_82_83_84_85_86_87_88_89_90_91_92_93_94_95_96_97_98_99_100_101_102_103_104_105_106_107_108_109_110_111_112_113_114_115_116_117_118_119_120_121_122_123_124_125_126_127_128_129_130_131_132_133_134_135_136_137_138_139_140_141_142_143_144_145_146_147_148_149_150_151_152_153_154_155_156_157_158_159_160_161_162_163_164_165_166_167_168_169_170_171_172_173_174_175_176_177_178_179_180_181_182_183_184_185_186_187_188_189_190_191_192_193_194_195_196_197_198_199_200_201_202_203_204_205_206_207_208_209_210_211_212_213_214_215_216_217_218_219_220_221_222_223_224_225_226_227_228_229_230_231_232_233_234_235_236_237_238_239_240_241_242_243_244_245_246_247_248_249_250_252_253_254_255_257_258_260_261_263_264_266_267_269_270_273_275_276_277_278_280_281_283_285_286_287_288_289_290_292_293_294_295_296_297  5.01e+08  3.96e+08 210564.44 241374.52  11353.41    661.11     87.97     48.90   1278.81   2525.17      0.00 0
5657 14.0      39_43_51_56_57_61_65_77_81_87_92_93_101_104_105_109_119_123  4.90e+08  4.26e+08  16890.70   8669.46   8620.27    707.43     65.58     27.17  -1626.73   2559.80      0.00 0
5658 14.0      141_148_158_162_168_173_176_181_182_185_190_191_197_199_200_202_203_205_206_212_213_214_218_219_220_224_226_227_228_229_230_231_232_233_235_237_238_241_242_243_244_245_246_247_248_249_250_251_252_253_254_255_256_257_258_259_260_261_262_263_264_265_266_267_268_269_270_273_275_276_277_278_280_283_285_286_288_290_292_296  3.09e+08  2.73e+08  64359.14  32566.56  13147.19    747.58     79.67     26.84  -2021.01  -9312.15      0.00 0
5659 14.0      9_21_29_41_45_53_63_67_79_83_89_103_107_111_129_137_141_162_168_173_199_212  3.09e+08  2.79e+08  11615.25 -16650.07   8479.69    772.34     67.33    304.90   2256.76  -3689.38      0.00 0
5660 14.0      120_124_132_136_145_151_161_172_175_184_196_198_211_217_219_223_234_237_242_254_257_263  1.82e+08  1.51e+08  -4923.93  25569.58   9704.65    709.37     69.56    100.90  -3980.84  -4979.36      0.00 0
5661 14.0      196_211_219_234_237_242_254_257_263_269_273_278_283_285_292  7.59e+08  6.36e+08  -6949.45 -28747.55   9701.09    789.34     71.84    256.41  -4188.58 -10635.04      0.00 0
5662 14.0      226_227_230_231_238_243_246_249_250_252_253_255_257_258_259_260_261_263_264_266_267_269_270_271_272_273_274_275_276_277_278_279_280_281_283_284_285_286_287_288_289_290_291_292_293_294_295_296  1.12e+08  9.80e+07  66462.03   4682.45  13216.62    696.62     78.78      4.03   3902.45  -9709.27      0.00 0
5663 14.0      27_39_43_61_65_77_87_101_109_115_127_139_156_166_171_189_195  8.13e+08  7.29e+08  -9199.18  20009.64   8515.62    818.63     68.86    114.69  -2093.90   4935.92      0.00 0
5664 14.0      0_1_2_3_4_5_6_7_8_9_11_13_14_15_16_19_20_23_24_27_28_29_31_32_35_36_37_39_40_41_43_44_45_47_48_51_52_55_56_57_58_61_62_65_66_67_69_70_73_74_77_78_79_81_82_85_87_88_91_93_94_97_98_101_102_103_105_106_109_110_113_116_117_119_123_127_128_129_131_135_139_144_148_150_156_157_158_160_166_171_181_182_189_191_195_200_206  7.94e+08  6.82e+08  22213.23 -58415.31  12601.45    756.94     78.60    290.82  -3579.15   4685.73      0.00 0
5665 14.0      18_22_25_26_33_34_38_42_46_49_50_54_59_60_64_68_71_72_75_76_80_83_84_86_90_92_95_96_99_100_104_107_108_112_114_118_121_122_125_126_130_133_134_137_138_142_143_146_147_149_152_153_154_155_159_162_163_164_165_169_170_174_176_177_178_180_183_185_186_187_192_199_201_202_203_204_207_209_218_224_225_228_233_241_244_251_256_259  1.45e+08  1.16e+08 -19447.66  60211.12  13345.45    652.94     78.09    107.90   2321.56   4017.82      0.00 0
5666 14.0      0_1_2_3_4_5_6_7_8_9_10_11_12_13_14_15_16_17_18_19_20_21_22_23_24_25_26_27_28_29_30_31_32_33_35_36_37_38_39_40_41_43_44_45_47_48_49_51_52_53_55_57_59_61_63_65_67_69_70_71_73_75_79_81_83_85_87_89_93_95_97_105_107_111_119_121_123_135_137_144_150_152  3.63e+08  3.09e+08  32153.22 -23861.68  11822.42    629.68     73.55    323.42   -488.53     54.21      0.00 0
5667 14.0      0_1_2_3_4_5_6_7_8_9_10_11_12_13_14_15_16_17_18_19_20_21_22_23_24_25_26_27_28_29_30_31_32_33_34_35_36_37_38_39_40_41_42_43_44_45_46_47_48_49_50_51_52_53_54_55_56_57_58_59_60_61_62_63_64_65_66_67_68_69_70_71_72_73_74_75_76_77_78_79_80_81_82_83_84_85_86_87_88_89_90_91_92_93_94_95_96_97_98_99_100_101_102_103_104_105_106_107_108_109_110_111_112_113_114_115_116_117_118_120_121_122_123_124_125_126_128_129_130_131_132_133_134_136_138_140_142_143_145_147_148_149_151_153_155_157_159_161_163_164_165_167_169_170_172_174_175_177_179_184_186_188_190_192_194_196_198_210_211_213_216_217_219_222_223_234_240_242_254_263  1.05e+08  8.60e+07 -115600.57 -102887.82  15746.83    613.50     84.19    221.67   5011.66   4328.67      0.00 0
5668 14.0      59_71_72_75_76_83_86_95_96_99_100_107_111_114_121_122_125_126_129_133_134_137_141_143_146_147_152_153_154_155_158_162_163_164_165_168_170_173_176_177_178_179_185_186_187_188_191_193_194_197_199_202_203_206_208_209_210_212_214_215_216_218_220_221_222_224_227_228_229_231_232_233_235_236_238_239_240_241_243_244_245_248_250_251_253_255_256_258_259_261_264_265_267_268_270_271_272_274_275_277_279_281_284_287_289_291_293_295_297_298  6.46e+08  5.45e+08 -18008.49 -99192.74  14509.59    692.33     81.81    259.71   3357.90 -10722.96      0.00 0
5669 14.0      42_46_54_56_60_64_68_76_77_80_84_90_92_96_100_104_108_112_122_126_134_155_165  6.92e+08  6.15e+08 -19120.52   7674.77   8656.60    749.09     67.21    158.13   2431.56   2034.09      0.00 0
5670 14.0      28_29_35_40_41_44_45_52_53_55_58_62_63_66_67_78_79_82_83_88_89_91_94_95_102_103_106_107_110_111_116_117_120_121_124_125_128_129_136_137_140_141_145_146_148_151_152_154_157_158_161_162_167_168_172_173_175_176_178_181_182_184_185_190_191_196_197_198_199_200_202_203_205_206_209_211_212_213_214_217_218_219_220_223_224_226_227_228_229_230_231_232_233_234_235_237_238_241_242_243_244_245_246_247_248_249_250_251_252_253_254_255_256_257_258_259_260_261_262_263_264_265_266_267_268_269_270_271_272_273_274_277_278_279_281_282_284  3.89e+08  3.22e+08 166643.48 -13407.83  15038.25    697.31     84.86    355.40   5598.13  -6263.66      0.00 0
5671 14.0      0_1_2_3_4_5_6_7_8_9_10_11_12_13_14_15_16_17_18_19_20_21_22_23_24_25_26_27_28_29_30_31_32_33_34_35_36_37_38_39_40_41_42_43_44_45_46_47_48_49_50_51_52_53_54_55_56_57_58_59_60_61_62_63_64_65_66_67_68_69_70_71_72_73_74_75_76_77_78_79_80_81_82_83_84_85_86_87_88_89_90_91_92_93_95_96_97_99_100_101_102_103_104_105_106_107_108_109_110_111_112_114_115_116_117_118_119_121_123_125_127_128_129_130_135_137_139_141_142_146_148_149_150_152_156_157_158_159_160_162_166_168_169_171_173_176_180_181_182_183_185_189_191_192_195_197_199_200_201_203_204_205_206_207_212_214_218_220_224_225_226_227_231_235_238_241_243_244_246_250_253_255_256_258_259_261_264_267_270_271_272_274_277_279_281_284_287_289_291_295  7.08e+08  6.12e+08 -36339.68 105717.88  14618.10    709.96     82.55    108.97    814.73  -1654.47      0.00 0
5672 14.0      2_8_11_15_16_19_20_23_24_28_31_32_35_37_40_44_47_48_51_52_57_58_61_62_66_69_70_73_74_78_81_82_85_93_97_105_113_119_123_131_135_144_150_160  1.17e+08  1.01e+08 -20544.10  28485.09  10070.69    836.51     74.00    125.80  -4313.96   3077.18      0.00 0
5673 14.0      111_129_137_141_162_168_173_191_197_212_214_220_231_235_238_243_253_258_270_274  2.45e+08  2.18e+08   1023.39 -25591.46  10057.83    645.30     68.56    272.29   2717.96  -6651.20      0.00 0
5674 14.0      86_96_99_100_108_114_121_122_125_126_133_134_138_142_143_146_147_152_153_154_155_163_164_165_169_170_174_176_177_178_179_185_186_187_188_193_194_202_203_208_209_210_215_216_218_221_222_228_229_232_233_239_241_244_245_247_248_251_256_259_262_265_268_272_282  2.24e+08  2.00e+08 -17560.83  58422.12  12688.92    729.73     78.25    106.73   6192.80  -2702.59      0.00 0
5675 14.0      129_141_148_152_158_162_168_173_176_178_181_182_185_190_191_197_199_200_202_203_205_206_209_212_213_214_218_219_220_224_226_227_228_229_230_231_232_233_235_237_238_241_242_244_245_246_247_248_249_251_252_257_262_263  6.76e+08  6.06e+08 -39631.57 -17207.63  11455.88    726.26     75.15    203.47   3149.25  -5644.04      0.00 0
5676 14.0      157_181_190_200_205_226_227_230_246_249_250_260_261_267_275_277_281_286_287_289_293_295  1.38e+08  1.15e+08 -10458.90  26175.60  10309.68    659.38     69.91    111.78    201.97  -9232.81      0.00 0
5677 14.0      26_38_50_60_71_72_76_86_96_100_114_126_134_143_147_155_165_179_188_194_210_216_240  3.47e+08  2.98e+08 -23447.84 -10224.62   9487.77    735.15     69.65    203.56   5327.92   1682.68      0.00 0
5678 14.0      220_235_243_244_255_259_264_271_272  5.01e+08  4.29e+08  17074.60 -10961.70   9012.66    680.03     66.05    327.30   5555.13  -8329.23      0.00 0
5679 14.0      128_140_157_167_172_190_196_205_213_219_226_230_237_242_249_252_257_260_266_269_273_275_276_280_283_286_288_290_292_293_294_296_297  4.90e+08  4.28e+08  -1838.41  36165.79  10905.61    709.64     73.24     92.91  -1739.90 -10113.24      0.00 0
5680 14.0      86_95_99_100_107_114_121_125_126_133_134_137_141_143_146_147_152_154_155_162_164_165_170_173_176_177_178_179_185_188_197_199_212_218_220_224_235  3.31e+08  2.84e+08   5395.15  29658.17   9545.15    831.90     72.43     79.69   4179.09  -1815.75      0.00 0
5681 14.0      0_1_2_4_6_7_10_11_14_15_16_18_19_22_23_24_27_30_31_32_34_36_37_39_42_43_46_47_48_51_54_56_57_58_60_61_64_65_68_69_70_73_74_77_80_81_84_85_87_90_92_93_94_96_97_98_101_104_105_108_109_112_113_115_118_119_122_123_124_127_130_131_132_135_138_139_142_144_145_147_149_150_153_156_159_160_163_166_169_171_174_177_180_183_186_189_192_195_201_204_207_225  2.82e+08  2.36e+08 -184838.47 -101489.82  14856.30    656.49     85.97    208.77  -2904.69   3950.67      0.00 0
5682 14.0      89_91_102_103_107_111_116_117_121_128_129_137_140_141_146_148_152_157_158_161_162_167_168_172_173_176_178_181_182_185_187_190_191_196_197_198_199_200_202_203_205_206_209_211_212_213_214_215_217_218_219_220_223_224_226_227_228_229_230_231_232_233_234_235_237_239_241_242_244_245_247_248_249_251_252_254_257_262_263  9.77e+08  8.41e+08  61355.75  17084.67  12680.28    754.83     78.74     15.56    948.58  -5470.38      0.00 0
5683 14.0      0_1_2_3_4_5_6_8_9_10_11_12_13_16_17_18_20_21_23_24_25_26_28_29_32_33_34_35_37_38_40_41_44_45_48_49_50_52_53_55_58_59_60_62_63_66_67_70_71_72_74_75_76_78_79_82_83_86_88_89_91_94_95_98_99_100_102_103_106_107_110_111_114_116_117_120_121_124_125_126_128_129_132_133_134_136_137_140_141_143_145_146_148_151_152_154_155_157_158_161_162_164_165_167_168_170_172_173_175_176_178_181_182_184_185_187_188_190_191_193_194_196_197_198_199_200_202_203_205_206_208_209_210_211_212_213_214_215_216_217_218_219_220_221_222_223_224_226_227_228_229_230_231_232_233_234_235_236_237_239_240_241_242_244_245_247_248_249_251_252_254_257_262_263_265_278  2.75e+08  2.24e+08 150872.92  44576.05  14704.95    747.27     84.66     16.46   5003.81  -2354.95      0.00 0
5684 14.0      0_1_2_3_4_5_6_7_9_10_12_13_14_17_18_21_22_25_26_27_29_30_33_34_35_36_38_41_42_43_45_46_49_50_53_54_55_56_59_60_63_64_67_68_71_72_75_76_77_79_80_83_84_89_90_92_95_103_104_107_111_121_129_137_141_162_168_173_197_199_212_220_235  7.59e+08  6.39e+08 -11013.50  35230.30  11256.86    666.73     73.04    107.36   1644.94  -1696.98      0.00 0
5685 14.0      0_1_2_3_4_5_6_7_8_9_10_11_12_13_14_15_16_17_18_19_20_21_22_23_24_25_26_27_28_29_30_31_32_33_34_35_36_37_38_39_40_41_42_43_44_45_46_47_48_49_50_51_52_53_54_55_56_57_58_59_60_61_62_63_64_65_66_67_68_69_70_71_72_73_74_75_76_77_78_79_80_81_82_83_84_85_86_87_88_89_91_93_94_95_96_97_98_99_100_102_103_105_106_107_110_111_113_114_116_117_119_120_121_123_124_125_126_128_129_131_132_133_134_136_137_140_141_143_144_145_146_151_152_154_155_158_161_162_164_165_168_170_173_175_176_178_185_187_193_194_199_202_203_208_209_215_218_221_222_228_229_232_233_236_239_245_247_248_251_262_265  3.24e+08  2.70e+08 120009.39 -19544.76  14541.84    742.92     83.18    350.75   1720.06  -1466.71      0.00 0
5686 14.0      0_1_2_3_4_5_6_7_9_10_11_12_14_15_17_18_19_22_23_24_25_26_27_30_31_33_34_36_37_38_39_42_43_46_47_49_50_51_54_56_57_59_60_61_64_65_68_69_71_72_73_75_76_77_80_81_84_86_87_90_92_93_96_97_99_100_101_104_105_108_109_112_114_115_118_119_122_123_125_126_127_130_131_133_134_135_138_139_142_143_144_147_149_150_153_154_155_156_159_160_163_164_165_166_169_170_171_177_179_186_187_188_189_193_194_195_208_210_215_216_221_222_232_236_239_240  2.00e+08  1.60e+08  87642.95 -24998.84  13897.32    742.36     81.33    344.08   2191.32   1942.19      0.00 0
5687 14.0      36_43_56_65_77_92_101_115_127_156_166_189  3.80e+08  3.31e+08   6824.35 -17741.01   8775.01    682.63     65.22    291.04  -1072.14   4380.38      0.00 0
5688 14.0      20_28_35_40_41_44_45_52_55_58_62_63_66_67_74_78_79_82_88_89_91_94_98_102_103_106_107_110_111_116_117_120_121_124_128_129_132_136_137_140_141_145_146_148_151_152_157_158_161_162_167_168_172_173_175_176_181_182_184_185_190_191_196_197_198_199_200_202_203_205_206_211_212_213_214_217_218_219_220_223_224_226_227_228_229_230_231_233_234_235_237_238_241_242_243_244_245_246_248_249_250_251_253_255_256_258_259_262_264_265_267_268_270_271_272_274_279_282  9.12e+08  8.44e+08 112083.99 -29948.95  14306.66    765.97     82.97    345.04   3172.71  -6056.14      0.00 0
5689 14.0      158_162_168_173_181_182_185_191_197_199_200_203_206_212_214_218_220_224_228_233_235_241_244_245_248_251_256_262_265_268_282  1.55e+08  1.35e+08  37852.90   3951.79  11244.58    685.66     73.54      5.96   5911.24  -5781.31      0.00 0
5690 14.0      0_1_2_3_4_5_6_7_8_9_10_11_12_13_14_15_16_17_18_19_20_21_22_23_24_25_26_27_28_29_30_31_32_33_34_35_36_37_38_39_40_41_42_43_44_45_46_47_48_49_50_51_52_53_54_55_56_57_58_59_60_61_62_63_64_65_66_67_68_69_70_71_72_73_74_75_76_77_78_79_80_81_82_83_84_85_86_87_88_89_90_91_92_93_94_95_96_97_98_99_100_101_102_103_104_105_106_107_108_109_110_111_112_113_114_115_116_117_118_119_120_121_123_124_125_127_128_129_130_131_132_133_135_136_137_139_140_141_144_145_146_148_149_150_151_152_154_156_157_158_159_160_161_162_166_167_168_171_172_173_175_176_178_180_181_182_183_184_185_189_190_191_195_196_197_198_199_200_201_202_203_204_205_206_211_212_213_214_217_218_219_220_223_224_225_226_227_228_230_231_233_234_235_237_238_241_242_243_244_246_248_249_250_251_252_253_254_255_256_257_258_259_260_261_262_263_264_265_266_267_268_269_270_271_272_273_274_275_276_277_279_280_281_282_283_284_286_287_288_289_290_291_293_294_295_296_297_298  7.59e+08  6.65e+08 -150321.80 230593.17  11681.34    853.12     87.57    123.10    940.70  -5699.28      0.00 0
5691 14.0      129_137_141_146_152_158_162_168_173_176_178_181_182_185_187_191_197_199_200_202_203_205_206_209_212_214_215_218_220_221_224_226_227_228_229_230_231_232_233_235_237_238_239_241_243_244_245_246_247_248_249_250_252_253_257_260_261_266_269_273_280_283  2.00e+08  1.81e+08 -39799.56 -27435.38  11918.06    718.72     76.15    214.58   3874.63  -5219.42      0.00 0
5692 14.0      0_1_2_3_4_5_6_7_8_9_10_11_12_13_14_15_16_17_18_19_20_21_22_23_24_25_26_27_28_29_30_31_32_33_34_35_36_37_38_39_40_41_42_43_44_45_46_47_48_49_50_51_52_53_54_55_56_57_58_59_60_61_62_63_64_65_66_67_68_69_70_71_72_73_74_75_76_77_78_79_80_81_82_83_84_85_86_87_88_89_90_91_92_93_94_95_96_97_98_99_100_101_102_103_104_105_106_107_108_109_110_111_112_113_114_115_116_117_118_119_120_121_122_123_124_125_126_127_128_129_130_131_132_133_134_135_136_137_138_139_140_141_142_143_144_145_146_147_148_149_150_151_152_153_154_155_156_157_158_159_160_161_162_163_164_165_166_167_168_169_170_171_172_173_174_175_176_177_178_179_180_181_182_183_184_185_186_187_188_189_190_191_192_193_194_195_196_197_198_199_200_201_202_203_204_205_206_207_209_210_211_212_213_214_217_218_219_220_223_224_225_226_227_228_230_231_233_234_235_237_238_241_242_243_244_246_249_250_251_252_253_254_255_256_257_258_259_260_261_263_264_266_267_269_270_271_272_273_274_275_276_277_278_279_280_281_283_284_285_286_287_288_289_290_291_292_293_294_295_296_297_298  1.35e+08  1.13e+08   2887.55 318155.00  11166.27    694.12     87.99     89.48  -2683.96  -2659.99      0.00 0
5693 14.0      91_103_117_129_148_158_168_182_191_200_206_214_227_231_250  2.34e+08  1.92e+08   2841.34 -21817.48   9635.19    628.27     66.35    277.42    904.86  -5803.24      0.00 0
5694 14.0      40_44_45_55_62_66_67_78_79_82_88_89_91_94_102_103_106_107_110_111_116_117_120_124_128_129_136_137_140_141_145_148_151_152_157_158_161_162_167_168_172_173_175_176_184_185_191_197_198_199_203_217_218_233  1.86e+08  1.53e+08 -46258.65   6295.53  12021.44    683.35     75.56    172.25  -2097.02  -3688.04      0.00 0
5695 14.0      81_87_93_97_101_105_109_119_123_131_135_144_150  2.40e+08  2.04e+08  17750.47  10577.20   8176.86    843.76     68.41     30.79  -4149.01   1836.68      0.00 0
5696 14.0      114_122_125_126_133_134_143_146_147_152_153_154_155_163_164_165_170_176_177_178_179_185_186_187_188_193_194_202_203_208_209_210_215_216_218_221_222_224_228_229_232_233_236_239_240_241_244_245_247_248_251_256_259_262_265_268_271_272_282  6.46e+08  5.45e+08   4123.83 -72177.70  13412.21    708.52     79.49    273.27   6273.71   1434.77      0.00 0
5697 14.0      0_1_2_3_4_5_6_7_8_9_10_12_13_14_15_17_18_19_21_22_25_26_27_29_30_33_34_35_36_38_39_41_42_43_45_46_49_50_53_54_56_59_60_61_63_64_65_67_68_71_72_75_76_77_79_80_83_84_86_87_89_90_92_95_99_101_103_104_107_108_111_112_115_118_121_127_129_130_137_141_149_156_159_162_166_168_173_180_183_189_201_204_225  1.55e+08  1.28e+08  15872.77 -45199.03  12594.47    616.73     75.27    289.35    748.69   1421.12      0.00 0
5698 14.0      52_58_62_66_74_78_82_88_91_94_98_102_106_110_113_116_117_120_124_128_131_132_136_140_145_148_151_157_158_161_167_168_172_175_181_182_184_190_191_196_197_198_200_205_206_213_214_220_226_227_230_231_238_243_246_249_250_253_258_260_261_264_267_270_274_277_279_281_284_289_291  1.35e+08  1.28e+08 -34932.63  41074.74  12042.79    762.69     77.41    130.38    283.81  -6769.15      0.00 0
5699 14.0      39_43_46_56_61_65_68_77_80_81_87_90_92_93_101_104_105_109_112_115_118_119_123_127_135_139_144_150_160  2.19e+08  1.82e+08 -32883.21  -1343.72  11005.36    641.14     71.51    182.34  -2583.09   3141.15      0.00 0
