#event_number primary_type du_ids energy_primary em_energy Xmax_pos(x, y, z), Xmax_grams zenith azimuth shower_core_pos_x shower_core_pos_y shower_core_pos_z, N_tested_cores, units are degrees, GeV and meters
6400 14.0      92_101_104_109_112_115_118_127_130_135_139_142_149_150_156_159_160_163_166_169_174_180_183_192  2.04e+08  1.67e+08  28493.06   8078.84   9880.73    757.93     71.55     15.83    531.48   4710.48      0.00 0
6401 14.0      0_1_2_3_4_5_6_7_8_9_10_11_12_13_14_15_16_17_18_19_20_21_22_23_24_25_26_27_28_29_30_31_32_33_34_35_36_37_38_39_40_41_42_43_44_45_46_47_48_49_50_51_52_53_54_55_56_57_58_59_60_61_62_63_65_66_67_69_70_71_72_73_74_75_76_77_78_79_81_82_83_85_86_87_88_89_91_93_94_95_97_98_99_101_102_103_105_106_107_109_110_111_113_114_116_117_119_120_121_123_124_125_128_129_131_132_133_135_136_137_139_140_141_144_145_146_148_150_151_152_154_157_158_160_161_162_164_167_168_172_173_175_176_178_181_182_184_185_187_190_191_196_197_198_199_200_202_203_205_206_209_211_212_213_214_215_217_218_219_220_223_224_226_227_228_229_230_231_232_233_234_235_237_238_241_242_243_244_245_246_247_248_249_250_251_252_253_254_255_256_257_258_259_260_261_262_264_265_266_267_268_270_271_272_274_275_277_279_281_282_284_289_291  9.55e+08  8.15e+08 -204678.80 124544.53  12975.89    822.91     86.90    148.68  -2822.84  -2147.24      0.00 0
6402 14.0      122_126_138_142_147_153_155_163_165_169_170_174_177_179_186_188_192_193_194_207_208_210_216_221_222_236_239_240  3.63e+08  3.18e+08 -32220.30  36392.82  12145.98    687.08     75.97    131.52   6479.27   2138.38      0.00 0
6403 14.0      0_1_2_3_4_5_6_8_9_10_11_12_13_16_17_18_20_21_22_23_24_25_26_28_29_32_33_34_35_37_38_40_41_44_45_48_49_50_52_53_55_58_59_60_62_63_66_67_70_71_72_74_75_76_78_79_82_83_86_88_89_91_94_95_96_98_99_100_102_103_106_107_110_111_114_116_117_120_121_124_125_126_128_129_132_133_134_136_137_140_141_143_145_146_148_151_152_154_155_157_158_161_162_164_165_167_168_170_172_173_175_176_178_179_181_182_184_185_187_188_190_191_193_194_196_197_198_199_200_202_203_205_206_208_209_210_211_212_213_214_215_216_217_218_219_220_221_222_223_224_226_227_228_229_230_231_232_233_234_235_236_237_238_239_240_241_242_243_244_245_246_247_248_249_250_251_252_253_254_255_256_257_258_259_260_261_262_263_264_265_266_267_268_269_272_273_276_278_280_282_283_285_292  9.33e+08  7.99e+08 197318.52  65906.99  13744.70    812.58     86.22     18.47   2245.33  -3961.41      0.00 0
6404 14.0      0_1_2_5_6_7_8_11_13_14_15_16_19_20_23_24_27_28_31_32_35_36_37_39_40_43_44_47_48_51_52_55_56_57_58_61_62_65_66_69_70_73_74_77_78_81_82_85_87_88_91_92_93_94_97_98_101_102_105_106_109_110_113_115_116_119_120_123_124_127_128_131_132_135_136_139_140_144_145_148_149_150_151_156_157_160_161_166_167_171_172_175_180_181_184_189_190_195_196_198_200_204_205_211_213_217_219_223_225_226_230_234_237_242_249_252_254_257_260_263_266_269_273_276_278_280_283_285_286_288_290_292_294_296_297  1.51e+08  1.26e+08   4759.99 106048.51  14749.14    676.52     82.09     87.43  -3509.04  -8717.11      0.00 0
6405 14.0      0_1_2_3_4_5_6_7_8_9_10_11_12_13_14_15_16_17_18_19_20_21_22_23_24_25_26_27_28_29_30_31_32_33_34_35_36_37_38_39_40_41_42_43_44_45_46_47_48_49_50_51_52_53_54_55_56_57_58_59_60_61_62_63_64_65_66_67_68_69_70_71_72_73_74_75_76_77_78_79_80_81_82_83_84_85_86_87_88_89_90_91_92_93_94_95_96_97_98_99_100_101_102_103_105_106_107_109_110_111_113_114_116_117_119_120_121_123_124_125_128_129_131_132_133_134_135_136_137_139_140_141_143_144_145_146_148_150_151_152_154_157_158_160_161_162_164_167_168_170_172_173_175_176_178_181_182_184_185_187_190_191_193_196_197_198_199_200_202_203_205_206_209_211_212_213_214_215_217_218_219_220_221_223_224_226_227_228_229_230_231_232_233_234_235_237_238_239_241_243_244_245_246_247_248_249_250_251_253_255_256_258_259_261_262_264_265_267_268_270_271_272_274_279_282_284  1.74e+08  1.46e+08 204943.06 -116281.97  13999.20    696.56     86.60    330.43   2751.77  -4429.95      0.00 0
6406 14.0      0_3_4_6_9_10_12_14_17_18_21_22_25_26_29_30_33_34_36_38_41_42_45_46_49_50_53_54_56_59_60_63_64_67_68_71_72_75_76_79_80_83_84_86_89_90_92_95_96_99_100_103_104_107_108_111_112_114_118_121_122_125_126_129_130_133_137_138_141_142_146_149_152_158_159_162_168_169_173_176_183_185_191_192_197_199_207_212_214_218_220_224_231_235_238_241_243_244_253_255_258_259_264_270_271_274_279_284  1.62e+08  1.40e+08 -10418.43  52044.60  11941.98    770.01     77.32    101.32   2940.22  -3558.83      0.00 0
6407 14.0      8_13_20_28_29_35_40_41_44_45_55_66_67_78_79_89_91_103_111_116_117_129_141_148_158_168_173_182_191_197_206_212_214_220_235_238_243_258_264  7.08e+08  6.14e+08  14088.69 -24013.59   9532.24    780.67     71.10    300.40   1583.88  -4964.57      0.00 0
6408 14.0      63_83_89_91_95_99_103_107_111_114_116_117_121_125_129_133_137_141_143_146_148_152_154_157_158_162_164_165_167_168_170_173_176_178_181_182_185_187_190_191_193_194_196_197_199_200_202_203_205_206_208_209_211_212_213_214_215_216_218_219_220_221_222_224_226_227_228_229_230_231_232_233_234_235_236_237_238_239_240_241_242_243_244_245_246_247_248_249_250_251_252_253_254_255_256_257_258_259_260_261_262_263_264_265_266_267_268_269_270_271_272_273_274_275_276_277_278_279_280_281_282_283_284_285_286_287_288_289_290_291_292_293_294_295_296_297_298  1.86e+08  1.64e+08 136530.11 108639.84  15080.88    686.09     85.06     38.51   6399.86  -3974.32      0.00 0
6409 14.0      0_1_2_3_5_7_8_9_11_13_15_16_17_19_20_21_23_24_28_29_31_32_33_35_37_40_41_44_45_47_48_51_52_53_55_57_58_59_62_63_66_67_69_70_73_74_78_79_81_82_83_85_88_89_91_93_94_95_97_98_102_103_106_107_110_111_113_116_117_119_120_121_123_124_128_129_131_132_136_137_140_141_144_145_146_148_151_152_157_158_161_162_167_168_172_173_175_176_181_182_184_185_190_191_196_197_198_199_200_202_203_205_206_211_212_213_214_217_218_219_220_223_224_226_227_228_230_231_233_234_235_237_238_241_242_243_244_245_246_248_249_250_251_252_253_254_255_256_257_258_259_260_261_262_263_264_265_266_267_268_269_270_271_272_273_274_275_276_277_278_279_280_281_282_283_284_285_286_287_288_289_290_291_292_293_294_295_296_297_298  3.80e+08  3.38e+08 239908.34 -148749.48  12423.38    715.82     87.48    328.20   1521.17  -7619.01      0.00 0
6410 14.0      234_242_254_257_263_273_278_285_292  7.24e+08  6.23e+08   2070.41  18400.13   8372.08    735.88     65.67     83.58  -4208.65  -9530.01      0.00 0
6411 14.0      140_148_157_158_161_167_172_181_182_184_190_191_196_197_198_200_205_206_211_212_213_214_217_219_220_223_226_227_230_231_234_235_237_238_242_243_244_246_249_250_252_253_255_258_259_260_261_264_267_270_271_272_274_277_279_281_284_291  1.45e+08  1.28e+08  64341.03 -27962.92  13611.29    665.71     79.02    336.51   6374.57 -10058.19      0.00 0
6412 14.0      93_97_113_119_123_131_135_144_150_160  1.07e+08  9.30e+07   1657.79  17735.83   7774.97    825.45     66.42     84.66  -4147.53   2090.48      0.00 0
6413 14.0      128_136_140_148_151_157_158_161_167_172_175_181_182_184_190_191_196_198_200_205_206_211_213_214_217_219_220_223_227_231_238  1.66e+08  1.43e+08 -31175.69  11408.68  10979.06    649.57     71.70    159.90  -2018.55  -5518.09      0.00 0
6414 14.0      0_1_2_3_5_8_9_11_13_15_16_17_19_20_21_23_24_28_29_31_32_35_37_40_41_44_45_47_48_51_52_53_55_57_58_62_63_66_67_69_70_73_74_78_79_81_82_83_85_88_89_91_93_94_97_98_102_103_106_107_110_111_113_116_117_119_120_123_124_128_129_131_132_136_137_140_141_144_145_148_150_151_152_157_158_161_162_167_168_172_173_175_181_182_184_185_190_191_196_197_198_199_200_205_206_211_212_213_214_217_218_219_220_223_224_226_227_230_231_233_234_235_237_238_241_242_243_244_246_249_250_251_252_253_255_256_257_258_259_260_261_264_266_267_268_270_271_272_274_275_276_277_279_281_282_284_287_289_291_295  8.71e+08  7.33e+08 125774.10 -109449.40  15026.77    699.11     84.85    318.97   1129.40  -6602.33      0.00 0
6415 14.0      9_13_17_21_25_28_29_33_35_38_40_41_44_45_49_50_53_55_59_62_63_66_67_71_72_75_76_78_79_83_86_88_89_91_95_99_100_102_103_107_110_111_114_116_117_121_125_126_128_129_133_134_136_137_140_141_143_146_148_152_154_155_157_158_161_162_164_165_167_168_170_172_173_176_178_179_181_182_184_185_187_188_190_191_193_194_196_197_198_199_200_202_203_205_206_208_209_210_211_212_213_214_215_216_217_218_219_220_221_222_223_224_226_227_228_229_230_231_232_233_234_235_236_237_238_239_240_241_242_243_244_245_246_247_248_249_250_251_252_253_254_255_256_257_258_260_261_262_263_266_267_269_270_273_275_276_277_278_280_283_285_286_288_290_292_296  3.63e+08  3.06e+08 -120801.63 -88737.62  15040.41    701.08     84.27    216.30  -1651.32  -7306.46      0.00 0
6416 14.0      146_152_154_162_164_170_173_176_178_185_187_193_194_197_199_202_203_208_209_212_214_215_216_218_220_221_222_224_228_229_231_232_233_235_236_238_239_240_241_243_244_245_247_248_251_253_255_256_258_259_262_264_265_267_268_270_271_272_274_277_279_281_282_284_287_289_291_293_295_297_298  1.23e+08  1.05e+08  33800.75  78296.31  14041.68    693.25     80.65     66.65   4320.39  -8937.66      0.00 0
6417 14.0      129_141_148_157_158_162_168_173_181_182_185_190_191_197_199_200_203_205_206_212_214_218_220_224_233_241  4.17e+08  3.58e+08 -28258.44  -3921.18  10395.06    653.22     69.98    187.90   1985.14  -5699.24      0.00 0
6418 14.0      71_72_86_99_114_125_133_143_146_154_164_178_187_193_202_209_215_229_232_239_247  1.26e+08  1.04e+08 -23157.26  12878.58   9670.49    725.39     69.95    150.92   6137.32  -1917.88      0.00 0
6419 14.0      0_1_2_3_4_5_6_7_8_9_10_11_12_13_14_15_16_17_18_19_20_21_22_23_24_25_26_27_28_29_30_31_32_33_34_35_36_37_38_39_40_41_42_43_44_45_46_47_48_49_50_51_52_53_54_55_56_57_58_59_60_61_62_63_64_65_66_67_68_69_70_71_72_73_74_75_76_77_78_79_80_81_82_83_84_85_86_87_88_89_90_91_92_93_94_95_96_97_98_99_100_101_102_103_104_105_106_107_108_109_110_111_112_113_114_115_116_117_118_119_120_121_122_123_124_125_126_127_128_129_130_131_132_133_134_135_136_137_138_139_140_141_142_143_144_145_146_147_148_149_150_151_152_153_154_155_156_157_158_159_160_161_162_163_164_165_166_167_168_169_170_171_172_173_174_175_176_177_178_179_180_183_184_185_186_187_188_189_192_193_194_195_198_201_202_203_207_208_209_210_211_215_216_217_221_222_223_228_229_232_236_239_240_245_247  7.76e+08  6.73e+08 -290969.19 -43745.26  12126.50    697.26     87.64    188.55  -2048.86    388.58      0.00 0
6420 14.0      173_199_212_224_235_241_244_255_256_259_271_272  2.69e+08  2.43e+08 -13414.98  20130.13   9455.84    707.26     68.65    123.68   5188.10  -7584.29      0.00 0
6421 14.0      212_220_224_231_235_238_243_250_253_258_261_264_267_270_275_277_281_287_289  1.38e+08  1.17e+08  13953.04  18529.76   9319.90    705.35     68.11     53.02   2377.53  -8707.33      0.00 0
6422 14.0      1_4_6_7_10_11_14_15_18_19_22_23_26_27_30_31_34_36_37_39_42_43_46_47_50_51_54_56_57_60_61_64_65_68_69_73_76_77_80_81_84_85_87_90_92_93_96_97_100_101_104_105_108_109_112_113_115_118_119_122_123_126_127_130_131_134_135_138_139_142_144_147_149_150_153_155_156_159_160_163_165_166_169_171_174_177_179_183_186_188_192_210_216_240  3.31e+08  2.93e+08 -76393.27 -11144.57  13251.84    765.72     80.26    188.30   2363.71   3360.35      0.00 0
6423 14.0      2_5_8_9_11_13_16_20_21_23_24_28_29_32_35_37_40_41_44_45_47_48_52_53_55_58_62_63_66_67_69_70_73_74_78_79_82_83_85_88_89_91_94_97_98_102_103_106_107_111_113_117_129_131_132_137_141_162_173  2.04e+08  1.67e+08 -25875.58  15516.90   9809.14    782.71     71.99    149.05   -500.69  -1983.95      0.00 0
6424 14.0      214_220_224_227_231_235_238_241_243_244_246_249_250_251_253_255_256_258_259_260_261_264_265_266_267_268_269_270_271_272_274_275_276_277_279_280_281_282_283_284_286_288  4.68e+08  3.99e+08 -37335.17 -13588.89  11452.81    678.46     73.92    200.00   3315.99  -8382.55      0.00 0
6425 14.0      0_1_2_3_4_5_6_7_8_9_10_11_12_13_14_15_16_17_18_19_20_21_22_23_24_25_26_27_28_29_30_31_32_33_34_35_36_37_38_39_41_43_45_47_48_49_51_53_57_59_61_63_65_67_69_70_71_73_75_81_83_85_87_89_93_95_97_99_105_107_119_121_123_125_137_144_146_152  5.75e+08  5.54e+08 -27929.60  17958.03  10565.06    712.93     72.35    147.26    -34.15   -173.82      0.00 0
6426 14.0      0_1_2_3_4_5_6_7_8_9_10_11_12_13_14_15_16_17_18_19_20_21_22_23_24_25_26_27_28_29_30_31_32_33_34_35_36_37_38_39_40_41_42_43_44_45_46_47_48_49_50_51_52_53_54_55_56_57_58_59_60_61_62_63_64_65_66_67_68_69_70_71_72_73_74_75_76_77_78_79_80_81_82_83_84_85_86_87_88_89_90_91_92_94_95_96_98_99_100_101_102_103_104_106_107_108_110_111_112_114_115_116_117_118_120_121_122_124_125_126_128_129_130_133_134_136_137_138_140_141_142_143_146_147_148_149_151_152_153_154_155_157_158_159_161_162_163_164_165_167_168_169_170_172_173_174_176_177_178_179_181_182_183_184_185_186_187_188_190_191_192_193_194_196_197_198_199_200_202_203_205_206_207_208_209_210_211_212_213_214_215_216_217_218_219_220_221_222_223_224_226_227_228_229_230_231_232_233_234_235_236_237_238_239_240_241_242_243_244_245_246_247_248_249_250_251_252_253_254_255_256_257_258_259_260_261_262_263_264_265_266_267_268_269_270_271_272_273_274_275_276_277_278_279_280_281_282_283_284_285_286_287_288_289_290_291_292_293_294_295_296_297_298  5.25e+08  4.42e+08 -144599.80 -283059.94  11210.83    690.40     87.98    242.94   2783.87  -9435.22      0.00 0
6427 14.0      199_212_218_224_235_241_243_244_255_258_259_264_270_271_274_279_284_291  5.37e+08  4.58e+08  -4248.93 -34505.19  10988.31    673.48     72.46    262.98   4153.98 -10325.72      0.00 0
6428 14.0      226_227_230_231_237_238_242_243_246_249_250_252_253_254_255_257_258_259_260_261_263_264_266_267_269_270_271_273_274_275_276_277_278_279_280_281_283_284_285_286_287_288_289_290_291_292_293_294_295_296  5.89e+08  4.99e+08  67736.63  -1584.47  13194.82    708.32     78.98    358.66  -2038.97  -9736.58      0.00 0
6429 14.0      79_91_102_103_110_116_117_128_140_157_161_167_172_198  2.88e+08  2.48e+08  18683.05   7059.74   8469.55    764.00     67.02     20.70  -1123.31  -4177.59      0.00 0
6430 14.0      13_21_28_29_35_40_41_44_45_52_53_55_59_62_63_66_67_78_79_82_83_88_89_91_94_95_102_103_106_107_110_111_116_117_120_121_124_125_128_129_136_137_140_141_145_146_148_151_152_154_157_158_161_162_164_167_168_172_173_175_176_178_181_182_184_185_187_190_191_193_196_197_198_199_200_202_203_205_206_209_211_212_213_214_215_217_218_219_220_221_223_224_226_227_228_229_230_231_232_233_234_235_237_238_239_241_242_243_244_245_246_247_248_249_250_251_252_253_254_255_256_257_258_259_260_261_262_263_264_265_266_267_268_269_271_272_273_278_282  1.51e+08  1.24e+08 152159.05  10079.72  15328.31    664.01     84.26      3.79   -825.51  -5436.53      0.00 0
6431 14.0      0_1_2_3_4_5_6_7_8_9_10_11_12_13_14_15_16_17_18_19_20_21_22_23_24_25_26_27_28_29_31_32_33_34_35_37_38_40_41_44_45_47_48_49_50_51_52_53_55_57_58_59_63_67_69_70_71_72_73_75_79_81_83_85_86_89_95_97_99_107_114_121_125_133_137_146_152_154_164_176_178_185_187_202_203_209_215_228_229_232_245_247  2.51e+08  2.14e+08  36818.07 -15115.21  10783.59    788.72     74.84    337.68   3136.28  -1678.54      0.00 0
6432 14.0      197_199_212_214_218_220_224_233_235_238_241_243_244_248_251_256_262_265_268  1.70e+08  1.37e+08 -25458.56  -6998.12  10150.98    647.72     68.97    195.37   5020.61  -6176.74      0.00 0
6433 14.0      21_25_26_33_38_41_49_50_53_59_60_63_67_71_72_75_76_79_83_86_89_95_96_99_100_103_107_108_111_114_117_121_122_125_126_129_133_134_137_138_141_143_146_147_148_152_153_154_155_158_162_163_164_165_168_170_173_176_177_178_179_181_182_185_186_187_188_191_193_194_197_199_200_205_206_208_210_212_214_216_220_222_226_227_231_238_240_246_249_250_253_260_261_266_267_275_276_277_286_287_288_294  3.47e+08  2.87e+08  31702.04  69854.37  13761.11    686.22     79.83     65.59   5500.13   2380.70      0.00 0
6434 14.0      220_231_235_238_243_244_250_253_255_256_258_259_264_271_272  1.66e+08  1.39e+08 -19516.06  -4294.45   8830.21    701.23     66.16    192.41   3519.62  -8015.50      0.00 0
6435 14.0      40_44_48_52_58_62_66_70_74_78_82_85_88_91_94_97_98_102_103_106_110_113_116_117_120_124_128_129_131_132_136_140_145_148_151_157_158_161_167_168_172_175_181_182_184_190_191_196_197_198_200_205_206_211_212_213_214_217_219_220_223_226_227_230_231_234_235_237_238_242_243_246_249_250_252_253_254_255_257_258_260_261_263_264_266_267_269_270_271_273_274_275_276_277_278_279_280_281_283_284_285_286_287_288_289_290_291_292_293_294_295_296_297_298  6.17e+08  5.10e+08 116332.22 -115926.88  14657.33    751.22     84.90    315.10   2023.46 -10799.44      0.00 0
6436 14.0      91_103_111_117_129_137_141_152_162_168_173_185_199_218  2.57e+08  2.16e+08  20974.02  -5792.97   9380.05    660.34     66.68    344.56   2772.26  -4250.50      0.00 0
6437 14.0      91_102_103_110_111_116_117_128_129_136_137_140_141_148_152_157_158_161_162_167_168_172_173_176_181_182_184_185_190_191_196_197_198_199_200_202_203_205_211_212_213_217_218_219_223_228_233_234  6.46e+08  5.66e+08 -35577.48  -4614.39   9445.22    985.93     75.25    187.39  -1119.99  -5167.51      0.00 0
6438 14.0      3_4_9_12_17_21_25_29_33_41_49_53_59_63_67_75_83_89_95_107_111_121_125_137_146_152_162_176_185_203_218_233  1.05e+08  9.25e+07 -17821.34  16735.35   9438.34    716.34     68.89    136.80   3063.48  -2550.34      0.00 0
6439 14.0      0_1_2_3_4_5_6_7_8_9_10_11_12_13_14_15_16_17_18_19_20_21_22_23_24_25_26_27_28_29_30_31_32_33_35_36_37_39_40_41_42_43_44_45_46_47_48_51_52_53_55_56_57_58_59_61_62_63_65_66_67_69_70_73_74_77_78_79_80_81_82_83_85_87_88_89_91_92_93_94_97_98_101_102_103_105_106_107_109_110_111_113_115_116_117_119_120_123_124_127_128_129_131_132_135_136_139_140_141_144_145_148_150_151_156_157_158_160_161_166_167_168_171_172_173_181_182_184_189_190_191_195_196_197_198_200_204_205_206_211_212_213_214_219_220_226_227_230_231_237_238_242_243_246_249_250_252_253_257_258_260_261_264_266_267_269_270_274_275_276_277_279_280_281_284_286_287_288_289_290_291_293_294_295_296_297_298  4.57e+08  3.85e+08  32464.74 -102156.22  13237.34    920.20     82.96    287.63    107.51  -7307.38      0.00 0
6440 14.0      152_162_168_173_176_178_185_191_197_199_202_203_206_209_212_214_218_220_224_227_228_229_231_232_233_235_238_239_241_244_245_247_248_251_262  6.61e+08  5.69e+08 -32933.43 -18150.24  10428.44    815.66     74.50    208.86   6346.52  -4330.87      0.00 0
6441 14.0      0_1_2_3_4_5_6_7_8_9_10_11_12_13_14_16_17_18_20_21_22_25_26_27_28_29_30_33_34_35_36_38_40_41_42_44_45_46_49_50_53_54_55_56_59_60_63_64_66_67_68_72_76_78_79_80_84_90_91_96_102_104_108_112_116_118_130_138_142_159_163_169_174  1.26e+08  1.05e+08 -11604.63 -34422.81  11085.26    683.52     73.03    251.37   1172.01   1343.44      0.00 0
6442 14.0      121_125_137_141_146_152_154_162_164_168_170_173_176_178_185_187_191_193_197_199_202_203_206_208_209_212_214_215_218_220_224_227_231_233_235_238_241_243_244_246_250_253_255_258_260_261_264_267_270_274_275_276_277_281_284_286_287_288_289_291_293_294_295_297_298  5.62e+08  5.06e+08  22990.60  43679.44  11568.32    788.97     76.81     62.24   2343.05  -8212.50      0.00 0
6443 14.0      0_1_2_3_4_5_6_8_9_11_12_13_16_17_18_20_21_23_24_25_26_28_29_32_33_34_35_37_38_40_41_44_45_48_49_50_52_53_55_58_59_62_63_66_67_70_71_72_74_75_76_78_79_82_83_86_88_89_94_95_98_99_100_106_107_114_120_121_124_125_133_134_143_154_164_165_170_187_193_194_208_215_221_222_236  4.27e+08  3.64e+08 -39458.87  -5594.75  10887.74    771.29     74.72    188.07   2746.89   -821.66      0.00 0
6444 14.0      0_1_2_3_4_5_6_7_8_9_10_11_12_13_14_15_16_17_18_19_20_21_22_23_24_25_26_27_28_29_30_31_32_33_34_35_36_37_38_39_40_41_42_43_44_45_46_47_48_49_50_51_52_53_54_55_56_57_58_59_60_61_62_63_64_65_66_67_68_69_70_71_72_74_75_76_77_78_79_80_82_83_84_85_86_88_89_90_91_92_94_95_96_98_99_100_102_103_104_106_107_108_110_111_112_114_116_117_118_120_121_122_124_125_126_128_129_130_133_134_136_137_138_140_141_142_143_145_147_148_151_153_155_157_158_161_163_164_165_167_168_169_170_172_174_175_177_179_181_182_184_186_188_190_194_196_198_200_205_210_211_213_216_217_219_223_226_230_234_237_242_249_252_254_257_263_269_273_278_283_285_292  6.76e+08  5.51e+08 -71484.85 -90159.10  14739.50    701.02     82.70    231.59    963.14   -765.68      0.00 0
6445 14.0      206_214_220_226_227_231_238_243_246_249_250_253_260_261_266_267_269_275_276_277_280_283_286_288_290_292_294_296  2.69e+08  2.35e+08 -25647.33 -21490.17  10730.15    691.27     72.22    219.96   -659.69  -9962.01      0.00 0
6446 14.0      0_2_3_5_8_9_11_13_16_17_20_21_24_28_29_32_33_35_37_40_41_44_45_48_52_53_58_59_62_66_70_74_82_85_94_98_124  2.00e+08  1.70e+08  22291.01   -147.84   9329.31    681.37     67.29    359.62  -1305.23  -1071.65      0.00 0
6447 14.0      1_2_5_8_11_13_15_16_19_20_23_24_28_31_32_35_37_40_44_47_48_51_52_55_57_58_61_62_66_69_70_73_74_81_82_85_93_97_105_119_123_135_144_150  2.95e+08  2.58e+08  18319.50 -22429.93  10136.12    701.49     70.71    309.24  -2782.09   1233.23      0.00 0
6448 14.0      33_38_41_45_49_53_59_63_67_71_72_75_76_79_83_86_89_91_95_99_100_103_107_111_114_116_117_121_125_126_129_133_134_137_141_143_146_147_148_152_154_155_157_158_162_164_165_168_170_173_176_177_178_179_181_182_185_187_188_190_191_193_194_197_199_200_202_203_205_206_208_209_210_212_213_214_215_216_218_220_221_222_224_226_227_228_229_230_231_232_233_235_236_237_238_239_240_241_243_244_246_249_250_252_253_255_257_258_260_261_264_266_267_269_270_273_274_275_276_277_280_281_283_284_285_286_287_288_289_290_291_292_293_294_295_296_297_298  2.75e+08  2.37e+08  60168.14  93470.13  14812.35    681.65     82.41     57.23    661.34  -8145.23      0.00 0
6449 14.0      0_1_4_6_7_10_11_12_14_15_18_19_22_23_26_27_30_31_34_36_39_42_43_46_47_50_51_54_56_57_60_64_68_76_84_90_96_108  1.10e+08  9.34e+07 -21083.43  -4419.92   9326.41    663.22     66.59    191.84    722.42   1221.65      0.00 0
6450 14.0      0_1_2_3_4_5_6_7_8_9_10_11_12_13_14_15_16_17_18_19_20_21_22_23_24_25_26_27_28_29_30_31_32_33_34_35_36_37_38_39_40_41_42_43_44_45_46_47_48_49_50_51_52_53_54_55_56_57_58_59_60_61_62_63_64_65_66_67_68_71_72_75_76_77_78_79_80_81_83_84_87_88_89_90_91_92_95_101_102_103_104_105_107_109_111_115_116_117_118_121_127_129_137_139_141_148_149_156_158_159_162_166_168_171_173_180_181_182_183_189_191_195_197_199_200_201_204_206_212_214_220_225_227_231_235_238_243_250_253_255_258_264_267_270_274_277_279_281_284_289_291  7.76e+08  6.66e+08  17001.60 -61977.35  13192.12    682.05     78.40    285.34    973.96  -2554.94      0.00 0
6451 14.0      162_168_173_182_185_191_197_199_200_202_203_205_206_212_213_214_218_220_224_226_227_228_229_230_231_233_235_237_238_241_242_243_244_245_246_247_248_249_250_251_252_253_255_256_257_258_259_260_261_262_263_264_265_266_267_268_269_270_271_272_273_274_275_276_277_278_279_280_281_282_283_284_285_286_288_290_292  1.15e+08  9.50e+07  69707.09  26827.86  13546.80    704.53     79.72     21.05   6224.68  -6302.31      0.00 0
6452 14.0      226_227_230_231_237_238_242_243_246_249_250_252_253_255_257_258_260_261_263_264_266_267_269_270_271_273_274_275_276_277_279_280_281_284  6.92e+08  5.79e+08 -35671.24   2031.81  11128.36    667.77     72.70    176.74   1211.93  -9081.72      0.00 0
6453 14.0      27_30_36_39_42_43_46_51_56_61_64_65_68_77_80_81_84_87_90_92_101_104_105_108_109_112_118_122_130_138_142_147_153_163_177_186  9.55e+08  8.28e+08 -26968.30  -5110.34  10104.42    675.88     69.79    190.73   1157.50   3054.01      0.00 0
6454 14.0      0_1_2_3_4_5_6_7_8_9_10_11_12_13_14_15_16_17_18_19_20_21_22_23_24_25_26_27_28_29_30_31_32_33_34_35_36_37_38_39_40_41_42_43_44_45_46_47_48_49_50_51_52_53_54_55_56_58_59_60_62_63_64_65_66_67_68_69_70_71_72_74_75_76_77_78_79_80_82_83_84_86_88_90_91_92_94_96_100_102_104_106_108_110_112_120_122_126_128_130_134_136_138_140_142_145_147_151_153_155_161_163_167_169_172_174_175_177_179_184_186_198_211_217_223  1.02e+08  8.57e+07  43758.10  48975.16  13075.69    710.10     78.74     48.22   2829.73   2747.36      0.00 0
6455 14.0      5_8_9_13_17_20_21_25_28_29_33_35_38_40_41_44_45_49_52_53_55_59_62_63_66_67_71_72_75_78_79_82_83_86_88_89_91_95_99_100_102_103_106_107_110_111_114_116_117_120_121_125_128_129_133_134_136_137_140_141_143_145_146_148_151_152_154_157_158_161_162_164_165_167_168_170_172_173_175_176_178_181_182_184_185_187_188_190_191_193_194_196_197_198_199_200_202_203_205_206_208_209_211_212_213_214_215_216_217_218_219_220_221_222_223_224_226_227_228_229_230_231_232_233_234_235_236_237_238_239_240_241_242_243_244_245_246_247_248_249_250_251_252_253_254_255_256_257_258_259_260_261_262_263_264_265_266_267_268_269_270_271_272_273_274_275_276_277_278_279_280_281_282_283_284_285_286_287_288_290_292_296  1.05e+08  8.86e+07 192807.84  78761.92  14344.82    727.04     86.06     22.22   5279.28  -3975.45      0.00 0
6456 14.0      64_76_84_90_96_100_104_108_112_114_115_118_122_126_130_133_134_138_142_143_147_149_153_154_155_156_159_163_164_165_169_170_174_177_179_180_183_186_187_188_189_192_193_194_201_204_207_208_209_210_215_216_221_222_225_229_232_236_239_240_247  8.13e+08  6.78e+08  96488.80 -100793.55  14813.25    727.50     83.94    313.75   5066.60   4160.57      0.00 0
6457 14.0      146_152_154_164_176_178_185_187_193_199_202_203_208_209_212_215_218_220_224_228_229_232_233_235_241_243_244_245_248_251_255_256_258_259_264_268_270_271_272_274_279_284_291  3.63e+08  3.08e+08 -11430.82 -45541.65  12090.76    676.28     75.56    255.91   4691.23  -8110.27      0.00 0
6458 14.0      104_108_112_115_118_122_130_138_142_147_149_153_155_156_159_163_166_169_174_177_179_180_183_186_188_189_192_195_201_204_207_210_216_225_240  2.63e+08  2.16e+08  56541.21 -19534.96  13481.19    608.53     77.30    340.94   4837.19   4201.99      0.00 0
6459 14.0      13_20_28_29_35_40_41_44_45_52_53_55_58_62_63_66_67_74_78_79_82_83_88_89_91_94_95_98_102_103_106_107_110_111_116_117_120_121_124_125_128_129_132_136_137_140_141_145_146_148_151_152_157_158_161_162_167_168_172_173_175_176_178_181_182_184_185_190_191_196_197_198_199_200_202_203_205_206_209_211_212_213_214_217_218_219_220_223_224_226_227_228_229_230_231_232_233_234_235_237_238_241_242_243_244_245_246_247_248_249_250_251_252_253_254_255_256_257_258_259_260_261_262_263_264_265_266_267_268_269_270_271_272_274_279_282  8.91e+08  7.83e+08 -154803.38  20765.19  14984.35    708.77     84.52    172.36   3361.54  -5929.97      0.00 0
6460 14.0      200_205_206_214_220_226_227_230_231_238_243_246_250_253_255_258_264  3.16e+08  2.65e+08  21675.90  -4174.12   9175.02    700.73     67.43    349.10   1607.66  -7796.28      0.00 0
6461 14.0      133_143_146_152_154_162_164_165_170_173_176_178_185_187_188_193_194_197_199_202_203_208_209_210_212_215_216_218_220_221_222_224_228_229_232_233_235_236_238_239_240_241_243_244_245_247_248_251_253_255_256_258_259_264_265_267_268_270_271_272_274_279_281_284_289_291_295  2.34e+08  1.94e+08 -23323.81 -56503.82  13060.17    675.63     77.94    247.57   5713.74  -4211.62      0.00 0
6462 14.0      40_44_52_55_58_62_66_74_78_79_82_88_91_94_98_102_103_106_110_113_116_117_120_124_128_129_131_132_136_140_141_145_148_151_157_158_161_167_168_172_173_175_181_182_184_190_191_196_197_198_200_205_206_212_214_220_224_227_231_235_238_243_244_253_255_258_259_264_271_274_279  7.08e+08  6.68e+08  44655.99 -31852.81  11579.16    855.17     78.08    324.50  -2478.48  -3434.09      0.00 0
6463 14.0      0_3_4_5_8_9_12_13_17_18_20_21_22_25_26_28_29_33_34_35_38_40_41_44_45_49_50_53_54_55_59_60_62_63_66_67_71_72_75_76_78_79_83_84_86_88_89_91_95_96_99_100_102_103_107_108_110_111_114_116_117_121_122_125_126_128_129_133_134_136_137_138_140_141_143_146_147_148_152_153_154_155_157_158_161_162_163_164_165_167_168_170_172_173_176_177_178_179_181_182_185_186_187_188_190_191_193_194_196_197_198_199_200_202_203_205_206_208_209_210_211_212_213_214_215_216_218_219_220_221_222_223_224_226_227_228_229_230_231_232_233_234_235_236_237_238_239_240_241_242_243_244_245_246_247_248_249_250_251_252_253_254_255_256_257_258_259_260_261_262_263_264_265_266_267_268_269_270_271_272_273_274_275_276_277_278_279_280_281_282_283_284_285_286_287_288_289_290_291_292_293_294_295_296_297_298  6.17e+08  5.21e+08 -174614.52 -214251.19  11681.01    847.18     87.58    230.82   -806.16 -10659.81      0.00 0
6464 14.0      190_196_205_213_219_230_237_242_249_252_257_263_266_269_273_280_283_285_288_290_292_296  9.33e+08  7.85e+08   8825.09  32126.87  10575.16    713.30     72.39     74.64  -2960.19 -11082.50      0.00 0
6465 14.0      3_4_6_7_10_12_14_17_18_22_25_26_27_30_33_34_36_38_39_42_43_46_49_50_53_54_56_59_60_64_65_68_71_72_75_76_77_80_83_84_86_87_90_92_95_96_99_101_104_108_109_112_115_118_121_125_127_130_139_149_156_159_166_171_180_183_189_195_204  1.12e+08  9.42e+07 -21597.19  34084.29  11410.49    693.58     74.21    122.36    -98.32   3467.79      0.00 0
6466 14.0      32_40_48_52_58_62_66_69_70_74_78_82_85_88_94_97_98_102_106_110_113_120_124_131_132  9.55e+08  8.24e+08  16397.87 -17322.08   8865.95    803.68     69.61    313.43  -3224.99   -956.26      0.00 0
6467 14.0      0_1_2_3_4_5_6_7_8_9_10_11_12_13_14_15_16_17_18_19_20_21_22_23_24_25_26_27_28_29_30_31_32_33_34_35_36_37_38_39_40_41_42_43_44_45_46_47_48_49_50_51_52_53_54_55_56_57_58_59_60_61_62_63_64_65_66_67_68_69_70_71_72_73_75_76_77_78_79_80_81_82_83_84_86_87_88_89_90_91_92_93_95_96_99_100_101_102_103_104_105_107_108_109_111_112_114_115_116_117_118_121_122_125_126_127_129_130_133_134_135_137_138_139_141_142_143_146_147_148_149_152_153_154_155_156_157_158_159_160_162_163_164_165_166_168_169_170_171_173_174_176_177_178_179_180_181_182_183_185_186_187_188_189_191_192_193_194_195_197_199_200_201_202_203_204_206_207_209_212_214_215_218_220_224_225_227_228_229_231_232_233_235_238_241_243_244_245_246_247_248_250_251_253_255_256_258_259_261_262_264_265_267_268_270_271_272_274_277_279_281_282_284_289_291  9.55e+08  8.31e+08 -50346.16 156998.23  14134.63    829.23     85.10    107.78   5383.48 -10258.78      0.00 0
6468 14.0      21_25_26_33_38_41_49_50_53_59_60_63_67_71_72_75_76_83_84_86_89_95_96_99_100_103_107_108_111_114_117_121_122_125_126_129_133_134_137_138_141_143_146_147_148_152_153_154_155_158_162_163_164_165_168_170_173_176_177_178_179_182_185_186_187_188_191_194_197_199_200_206_210_212_214_216_218_220_224_226_227_231_235_238_243_246_250_253_258_260_261_267_270_275_276_277_281_284_286_287_289_291_293_294_295_297_298  3.98e+08  3.29e+08  18025.17  60774.06  12839.40    727.28     78.55     73.48   3479.24  -1783.54      0.00 0
6469 14.0      148_157_158_167_168_172_173_181_182_190_191_196_197_198_199_200_205_206_211_212_213_214_217_218_219_220_223_224_226_227_230_231_234_235_237_238_241_242_243_244_246_249_250_251_252_253_254_255_256_257_258_259_263_264_265_268_271_272_274_279_282  3.09e+08  2.65e+08  56077.30  -4492.18  12523.38    710.75     77.45    355.42   1383.85  -7029.87      0.00 0
6470 14.0      3_4_5_9_12_13_17_18_21_22_25_26_29_33_34_35_38_41_45_49_50_53_54_55_59_60_63_67_79_83_89_91_103  1.17e+08  1.03e+08  -2933.68 -15691.14   7100.52    894.56     66.02    259.41   1029.93  -1338.98      0.00 0
6471 14.0      96_100_108_112_114_122_126_134_138_143_147_155  2.69e+08  2.34e+08  -8942.74  14587.51   7822.95    789.78     65.43    121.51   3645.22   1787.75      0.00 0
6472 14.0      0_1_2_3_4_5_6_7_8_9_10_11_12_13_14_15_16_17_18_19_20_21_22_23_24_25_26_27_28_29_30_31_32_33_34_35_36_39_40_41_42_43_44_45_46_47_51_53_55_56_57_59_61_63_65_67_68_77_78_79_80_81_83_87_89_91_92_101_103_105_109_111_115_127_129_139_156_166_171_189_195  6.03e+08  5.00e+08 -12774.98  35975.63  11679.02    624.74     72.99    109.55   -473.07   1287.92      0.00 0
6473 14.0      11_15_16_19_20_23_24_27_31_32_37_39_40_43_47_48_51_52_57_58_61_62_65_69_70_73_74_77_81_82_85_87_88_93_94_97_98_101_105_106_109_110_113_115_119_120_123_124_127_128_131_132_135_136_139_140_144_145_150_151_156_160_161_166_167_171_172_175_180_184_189_195_196_198_204_211_217_219_223_225_234_237_242_254_257_263_273_278_285_292  7.24e+08  6.17e+08  13268.53  61839.48  12672.42    752.23     78.67     77.89  -4086.06  -4396.16      0.00 0
6474 14.0      141_152_162_168_173_176_178_182_185_191_197_199_200_202_203_206_212_214_218_220_224_226_227_231_235_238_243_246_249_250_253_260_261_266_267_275_276_280  1.62e+08  1.38e+08  23727.12  24094.37  10467.77    739.98     72.80     45.44   2294.56  -6763.71      0.00 0
6475 14.0      95_99_107_111_117_121_125_129_133_137_141_143_146_148_152_154_158_162_164_165_168_170_173_176_178_181_182_185_187_188_191_193_194_197_199_200_202_203_205_206_208_209_212_214_215_216_218_220_221_222_224_226_227_228_229_230_231_232_233_235_236_238_239_240_241_243_244_246_247_249_250_252_253_255_257_258_260_261_264_266_267_269_270_273_274_275_276_277_280_281_283_284_285_286_287_288_289_290_292_293_294_295_296_297_298  2.24e+08  1.84e+08  47774.49  62441.23  13453.11    743.20     80.29     52.58   1238.28  -7999.73      0.00 0
6476 14.0      21_33_41_45_49_53_55_59_63_67_71_75_78_79_83_86_89_91_95_99_102_103_107_110_111_114_116_117_121_125_128_129_133_134_137_140_141_143_146_148_152_154_155_157_158_162_164_165_167_168_170_172_173_176_178_181_182_185_187_188_190_191_193_194_196_197_198_199_200_202_203_205_206_208_209_210_211_212_213_214_215_216_218_219_220_221_222_223_226_227_228_229_230_231_232_234_236_237_239_240_242_246_249_252_254_257_263_266_269_273_278_280_283_285_292  3.63e+08  3.09e+08 -59764.79 -45036.00  12630.29    854.43     80.42    217.00   3003.53  -3333.98      0.00 0
6477 14.0      0_1_2_3_4_5_6_7_8_9_10_11_12_13_14_15_16_17_18_19_21_22_23_27_28_29_30_31_35_36_39_41_43_45_46_51_56_57_61_65_77_80_81_87_92_101_105_109_115_127_139_166  2.82e+08  2.51e+08  -9969.20  24295.34   9808.20    697.48     69.52    112.31   -677.61   1654.21      0.00 0
6478 14.0      11_15_16_19_20_23_24_31_32_37_39_47_48_51_52_57_58_61_62_65_69_70_73_74_81_82_85_87_93_97_101_105_109_119_123_127_135_139_144_150_160_166_171_195  2.63e+08  2.30e+08  -9515.65  37304.18  11476.96    657.56     73.40    104.31  -3033.96   4045.57      0.00 0
6479 14.0      196_200_205_211_213_217_219_223_226_227_230_231_234_237_242_246_249_250_252_253_254_257_258_260_261_263_264_266_267_269_270_273_274_275_276_277_278_279_280_281_283_284_285_286_287_288_289_290_291_292_293_294_295_296_297_298  1.58e+08  1.37e+08 -75905.73  31332.59  13771.35    715.68     80.48    157.57   -719.05  -9879.06      0.00 0
6480 14.0      24_32_37_48_52_58_70_74_82_94_106_120_124_136_145_151_161_175_184  2.40e+08  2.16e+08 -10616.00 -13790.13   7639.42    837.76     66.30    232.41  -3253.71  -2483.76      0.00 0
6481 14.0      227_246_250_253_261_267_270_277_281_284_289_291  5.13e+08  4.42e+08   8556.42 -14719.12   7773.29    796.28     65.46    300.17   1689.88 -10013.01      0.00 0
6482 14.0      0_1_2_3_4_5_6_7_8_10_11_13_14_15_16_18_19_20_22_23_24_27_28_30_31_32_36_37_39_40_42_43_46_47_48_51_52_54_56_57_58_61_62_64_65_66_68_69_70_73_74_77_80_81_82_85_87_88_90_92_93_94_97_98_101_104_105_106_109_110_112_113_115_118_119_120_123_124_127_130_131_132_135_136_139_140_142_144_145_149_150_151_156_159_160_161_166_169_172_174_175_180_183_184_189_192_198_201_204_207_211_217_223_225_234_254  1.26e+08  1.02e+08 -47300.87 -74448.05  14570.39    635.63     80.62    237.57  -3302.55   -708.73      0.00 0
6483 14.0      0_1_2_3_4_5_6_7_8_9_10_11_12_13_14_15_16_17_18_19_20_21_22_23_24_25_26_27_28_29_30_31_32_33_34_35_36_37_38_39_40_41_42_43_44_45_46_47_48_49_50_51_52_53_54_55_56_57_58_59_60_61_62_63_64_65_66_67_68_69_70_71_72_73_74_75_76_77_78_79_80_81_82_83_84_85_86_88_89_90_91_92_94_95_96_98_99_100_102_103_104_106_107_108_110_111_112_114_116_117_118_120_121_122_124_125_126_128_129_130_133_134_136_137_138_140_141_142_143_145_146_147_148_151_152_153_154_155_157_158_159_161_162_163_164_165_167_168_169_170_172_174_175_177_179_181_182_184_186_188_190_191_192_193_194_196_198_200_205_206_208_210_211_213_216_217_219_222_223_226_230_234_237_240_242_249_252_254_257_263_266_269_273_278_280_283_285_292  6.46e+08  5.60e+08 -86062.05 -104216.19  14229.52    810.66     83.99    230.45   5625.96   4580.22      0.00 0
6484 14.0      0_1_2_3_4_5_6_7_8_9_10_11_12_13_14_15_16_17_18_19_20_21_22_23_24_25_26_27_28_29_30_31_32_33_34_35_36_38_39_40_41_42_43_44_45_46_47_49_50_51_52_53_54_55_56_57_59_60_61_63_64_65_66_67_68_71_72_75_76_77_78_79_80_81_83_84_86_87_89_90_91_92_95_96_99_100_101_102_103_104_105_107_108_109_111_112_114_115_116_117_118_121_122_125_126_127_129_130_133_137_138_139_141_142_146_148_149_152_154_156_158_159_162_166_168_169_171_173_176_178_180_182_183_185_189_191_192_195_197_199_200_201_203_204_206_207_212_214_218_220_224_225_227_231_233_235_238_241_243_244_250_251_253_255_256_258_259_264_267_270_271_272_274_279_281_284_289_291  7.76e+08  6.75e+08  29050.95 -93617.03  14631.84    666.02     81.51    287.24   2927.19  -5247.30      0.00 0
6485 14.0      0_1_2_3_4_5_6_7_8_9_10_11_12_13_14_15_16_17_18_19_20_21_22_23_24_25_26_27_28_29_30_31_32_33_35_36_37_39_40_41_42_43_44_45_46_47_48_51_52_53_55_56_57_58_59_61_62_63_65_66_67_69_70_73_74_77_78_79_80_81_82_83_85_87_88_89_91_92_93_94_97_98_101_102_103_105_106_107_109_110_111_113_115_116_117_119_120_123_124_127_128_129_131_132_135_136_139_140_141_144_148_150_156_157_158_160_166_167_168_171_173_181_182_189_190_191_195_197_200_205_206_212_214_220_226_227_231_238_243_246_250_253_258_261_264_267_270_274_277_279_281_284_289_291  2.82e+08  2.44e+08  35218.68 -82608.98  14175.23    695.76     81.03    293.09  -3080.41   3435.28      0.00 0
6486 14.0      96_100_108_112_114_122_126_130_133_134_138_142_143_147_153_154_155_159_163_164_165_169_170_174_177_178_179_183_186_187_188_192_193_194_201_202_207_208_209_210_215_216_221_222_225_229_232_239_245_247  3.98e+08  3.30e+08  24462.26 -43502.23  11724.29    769.17     76.78    299.35   3671.60   3637.94      0.00 0
6487 14.0      246_249_250_253_258_260_261_264_266_267_269_270_271_273_274_275_276_277_279_280_281_283_284_285_286_287_288_289_290_291_292_293_294_295_296  1.38e+08  1.14e+08  42211.51   2914.70  11195.12    756.40     75.18      3.95   2268.59 -10258.33      0.00 0
6488 14.0      141_162_168_173_185_197_199_212_218_224_233_235_241_244_248_251_256_265_268_272_282  5.62e+08  5.07e+08 -26090.96   9470.56   9758.31    738.70     70.63    160.05   5977.53  -6211.12      0.00 0
6489 14.0      50_60_72_76_96_100_122_126_134_147_153_155_177_179_186_210  1.82e+08  1.68e+08 -22916.08 -21952.71  10476.70    700.43     71.73    223.77   5766.53   3895.88      0.00 0
6490 14.0      212_224_235_243_244_255_259_264_271_279  1.15e+08  1.02e+08   6855.56 -20195.84   8513.20    797.70     68.24    288.75   5096.10  -8958.90      0.00 0
6491 14.0      181_190_200_205_213_226_230_237_242_249_252_257_263_266_269_273_278_280_283_285_290_292  2.45e+08  2.03e+08 -18998.12 -28432.69  11183.48    636.14     71.89    236.25  -3162.29 -10016.35      0.00 0
6492 14.0      0_1_2_3_4_5_6_7_8_9_10_11_12_13_14_15_16_17_18_19_20_21_22_23_24_25_26_27_28_29_30_31_32_33_34_35_36_37_38_39_40_41_42_43_44_45_46_47_48_49_50_51_52_53_54_55_56_57_58_59_60_61_62_63_64_65_66_67_68_69_70_71_72_73_74_75_76_77_78_79_80_81_82_83_84_85_86_87_88_89_90_91_92_93_94_95_96_97_98_101_102_103_104_105_106_107_108_109_110_111_112_113_115_116_117_118_119_120_122_123_124_127_128_129_130_131_132_135_136_137_138_139_140_141_142_144_145_148_149_150_151_156_157_158_159_160_161_163_166_167_168_169_171_172_173_174_175_180_181_182_183_184_189_190_191_192_195_196_197_198_200_201_204_205_206_207_211_213_214_217_219_220_223_225_226_227_230_231_234_237_238_242_246_249_250_252_253_254_257_258_260_261_263_266_267_269_270_273_275_276_277_278_280_281_283_285_286_287_288_289_290_291_292_293_294_295_296_297_298  1.70e+08  1.49e+08  -8450.45 -205916.45  14338.92    732.90     86.02    267.65  -1625.63   1961.16      0.00 0
6493 14.0      191_200_206_214_220_227_231_235_238_243_244_253_255_258_259_264_271_272_274_279  3.80e+08  3.52e+08  28735.56 -11802.89  10045.73    759.30     72.08    337.67   4967.30  -8673.49      0.00 0
6494 14.0      0_1_2_3_4_5_6_7_8_9_10_11_12_13_14_15_16_17_18_20_21_22_23_24_25_26_28_29_30_32_33_34_35_38_40_41_42_44_45_48_49_50_52_53_54_55_58_59_60_62_63_64_66_67_71_72_74_75_76_78_79_82_83_84_86_88_89_91_94_95_96_99_100_102_103_106_107_108_110_111_114_116_117_120_121_122_124_125_126_128_129_133_134_136_137_138_140_141_143_145_146_147_148_151_152_153_154_155_157_158_161_162_164_165_167_168_170_172_173_175_176_177_178_179_181_182_184_185_186_187_188_190_191_193_194_196_197_198_199_200_202_203_205_206_208_209_210_211_212_213_214_215_216_217_218_219_220_221_222_223_224_226_227_228_229_230_231_232_233_234_236_237_238_239_240_242_246_247_249_250_252_254_257_260_261_263_266_269_273_276_278_280_283_285_288_290_292  1.23e+08  1.00e+08 135213.95 107824.03  15343.36    654.49     84.93     38.57  -4140.65  -7615.03      0.00 0
6495 14.0      0_1_4_6_7_10_11_14_15_18_19_22_23_26_27_30_31_34_36_39_42_43_46_47_50_51_54_56_57_60_64_68_76_80_84_90_96_100_108_112_122_126_138_147_153_155_177_179_210  6.76e+08  6.01e+08 -25805.93  -8042.59   9524.12    763.08     70.59    197.31   2334.83   1955.85      0.00 0
6496 14.0      226_227_230_231_237_242_246_249_250_252_253_254_257_258_260_261_263_264_266_267_269_270_273_274_275_276_277_279_280_281_284_286_287_289_291  2.45e+08  2.02e+08  48302.92 -15276.21  12668.77    634.74     75.96    342.45   2920.11 -10370.75      0.00 0
6497 14.0      167_172_181_184_190_196_198_200_205_206_211_213_217_219_223_226_227_230_231_234_237_242_246_249_250_252_253_254  1.86e+08  1.54e+08  33864.89 -13271.51  11210.52    665.47     72.87    338.60  -3383.67  -6416.78      0.00 0
6498 14.0      8_11_15_16_20_23_24_28_31_32_37_40_44_47_48_51_52_57_58_61_62_66_69_70_73_74_78_81_82_85_88_91_93_94_97_98_102_105_106_109_110_113_116_119_120_123_124_128_131_132_135_136_139_140_144_145_148_150_151_157_160_161_167_171_172_175_181_182_184_190_196_198_200_205_211_213_219_223_226_227_230_234_237_242_246_249_252_254_257_260_261_263_266_269_273_275_276_277_280_283_285_286_287_288_290_292_293_294_295_296_297_298  2.29e+08  1.97e+08  10030.18 -64493.14  12816.99    746.52     78.89    278.84  -1969.92  -7013.92      0.00 0
6499 14.0      101_105_109_115_118_119_123_127_135_139_144_149_150_156_159_160_166_171_180_183_189_192_195_201_204_207_225  3.24e+08  2.77e+08  38269.29  21230.47  11505.71    725.87     75.27     29.02  -3239.33   4409.42      0.00 0
