#event_number primary_type du_ids energy_primary em_energy Xmax_pos(x, y, z), Xmax_grams zenith azimuth shower_core_pos_x shower_core_pos_y shower_core_pos_z, N_tested_cores, units are degrees, GeV and meters
1100 14.0      25_26_33_34_38_49_50_53_54_59_60_63_64_67_71_72_75_76_83_84_86_89_95_96_99_100_103_107_108_111_112_114_121_122_125_126_129_133_134_137_138_141_142_143_146_147_152_153_154_155_158_162_163_164_165_168_169_170_173_174_176_177_178_179_185_186_187_188_191_193_194_197_199_202_203_206_208_209_210_212_214_215_216_218_220_221_222_224_228_229_231_233_235_238_240_241_243_244_250_253_255_256_258_259_264_267_270_271_274_277_279_281_284_289_291_295  8.13e+10  7.42e+10  13062.72  87092.73  13303.14    822.11     81.41     81.47   5201.90   5011.36      0.00 0
1101 14.0      116_128_140_148_157_158_161_167_168_172_173_181_182_184_190_191_196_197_198_199_200_205_206_211_212_213_214_217_218_219_220_223_224_226_227_230_231_233_234_235_237_238_241_242_243_244_246_249_250_251_252_253_254_255_256_257_258_259_263_264_265_268_271_272_282  1.58e+10  1.40e+10 -52657.96   1995.30  12059.26    746.44     77.11    177.83  -1288.77  -6621.78      0.00 0
1102 14.0      94_120_124_132_136_140_145_151_161_167_172_175_184_190_196_198_205_211_213_217_219_223_230_234_237_242_249_252_257_260_266_269_276  1.38e+09  1.19e+09 -14944.76  33068.20  10749.13    736.32     73.50    114.32  -3628.15  -4589.74      0.00 0
1103 14.0      92_101_104_109_112_115_118_127_130_135_138_139_142_149_150_153_156_159_160_163_166_169_171_180_189_195  3.09e+10  2.80e+10 -29037.10   5167.07   9095.85    908.79     72.86    169.91  -1498.87   4668.96      0.00 0
1104 14.0      230_246_249_252_260_261_266_267_275_277_281  2.69e+10  2.38e+10  14048.83  -7391.45   7388.97    828.28     65.04    332.25    -69.80  -9366.62      0.00 0
1105 14.0      13_28_29_35_44_45_55_66_67_78_79_91_102_103_116_117_148_157_181_182_200  7.59e+10  7.01e+10   -991.74 -16942.66   7383.01    875.28     66.49    266.65   -104.01  -4000.84      0.00 0
1106 14.0      0_1_2_3_4_5_6_7_8_9_10_11_12_13_14_15_16_17_18_19_20_21_22_23_24_25_26_27_28_29_30_31_32_33_34_35_36_37_38_39_40_41_42_43_44_45_46_47_48_49_50_51_52_53_54_55_56_57_58_59_60_61_62_63_64_65_66_67_68_69_70_71_72_73_74_75_76_77_78_79_80_81_82_83_85_86_87_88_89_91_92_93_94_95_97_98_99_101_102_103_105_106_107_109_110_111_113_115_116_117_119_121_123_125_127_129_131_135_137_139_141_144_146_148_150_152_156_158_160_162_166_168_171_173_176_182_185_189_191_195_197_199_203_206_212_214_218_220_224_231_233_235_238_241_243_244_251_255_256_258_259_264_268_271_272_274_279  9.77e+09  8.57e+09  53280.66 -73685.53  13687.04    773.88     81.44    305.87  -2921.87   3007.25      0.00 0
1107 14.0      252_257_260_263_266_269_273_275_276_278_280_283_286_287_288  1.32e+09  1.14e+09 -17023.92   9816.88   8479.58    752.21     66.66    150.03  -1989.45  -9954.55      0.00 0
1108 14.0      0_1_2_3_4_5_6_8_9_10_12_13_16_17_18_20_21_25_26_28_29_33_34_38_49_50_53_59_60_71_72_75_76_86_99_100_114_126_133_134_143_155_165_170_188_194  9.12e+09  8.34e+09  22478.63   5813.37   8432.38    873.00     70.04     14.50   2861.94    146.14      0.00 0
1109 14.0      0_1_2_3_4_5_6_8_9_10_11_12_13_16_17_18_20_21_22_23_24_25_26_28_29_32_33_34_35_37_38_40_41_44_45_48_49_50_52_53_55_58_59_60_62_63_66_67_70_71_72_74_75_76_78_79_82_83_86_88_89_91_94_95_96_98_99_100_102_103_106_107_110_111_114_116_117_120_121_124_125_126_128_129_132_133_134_136_137_140_141_143_145_146_148_151_152_154_155_157_158_161_162_164_165_167_168_170_172_173_175_176_178_181_182_184_185_187_188_190_191_193_194_196_197_198_199_200_202_203_205_206_208_209_210_211_212_213_215_216_217_218_219_221_222_223_228_229_230_232_233_234_236_237_239_240_242_245_247_254  1.91e+09  1.60e+09 122304.86  40519.51  14953.13    696.90     83.38     18.33  -3416.21  -4354.92      0.00 0
1110 14.0      0_1_2_3_4_5_6_7_8_9_10_11_12_13_14_15_16_17_18_19_21_22_23_24_25_26_27_30_31_32_33_34_36_37_38_39_42_43_46_47_48_49_50_51_53_54_56_57_59_60_61_64_65_68_69_70_71_72_73_75_76_77_80_81_84_85_86_87_90_92_93_95_96_97_99_100_101_104_105_108_109_112_113_114_115_118_119_122_123_125_126_127_130_131_133_134_135_138_139_142_143_144_147_149_150_153_154_155_156_159_160_163_164_165_166_169_170_171_174_177_179_186_187_188_189_193_194_195_208_210_215_216_221_222_236_239_240  2.29e+09  1.95e+09 104349.89 -19905.80  14212.06    753.16     82.38    349.20   -575.87   2438.73      0.00 0
1111 14.0      3_4_5_9_12_13_17_18_21_22_25_26_28_29_33_34_35_38_41_44_45_49_50_53_54_55_59_60_63_64_66_67_71_72_75_76_78_79_83_84_86_89_90_91_95_96_99_100_102_103_107_108_111_112_114_116_117_121_122_125_126_128_129_133_134_137_138_141_142_143_146_147_148_152_153_154_155_157_158_162_163_164_165_167_168_170_173_174_176_177_178_179_181_182_185_186_187_188_190_191_193_194_196_197_199_200_202_203_205_206_208_209_210_212_213_214_215_216_218_219_220_221_222_224_226_227_228_229_230_231_232_233_235_236_237_238_239_240_241_242_243_244_245_246_247_248_249_250_251_252_253_255_256_257_258_259_260_261_263_264_266_267_269_270_271_273_274_275_276_277_278_279_280_281_283_284_285_286_287_288_289_290_291_292_293_294_295_296_297_298  1.62e+10  1.44e+10 -71801.79 -134190.83  13797.07    890.46     84.82    241.85   4502.02  -1296.10      0.00 0
1112 14.0      0_1_2_3_4_5_6_7_8_9_10_11_12_13_14_15_16_17_18_19_20_21_22_23_24_25_26_27_28_29_30_31_32_33_34_35_36_37_38_39_40_41_43_44_45_47_48_49_50_51_52_53_55_56_57_58_59_61_62_63_65_66_67_69_70_71_73_74_75_77_78_79_81_82_83_85_87_88_89_91_93_94_95_97_98_102_103_105_106_107_109_110_111_113_116_117_119_121_123_125_129_131_132_135_137_139_141_144_146_148_150_152_158_160_162_168_173_176_182_185_191_197_199_203_212_214_218_220_224_228_233_235_238_241_243_244_248_251_255_256_259_264_265_268_271_272_282  3.55e+09  3.03e+09  55773.96 -53410.62  13422.06    739.26     80.14    316.24    336.00  -1868.17      0.00 0
1113 14.0      92_101_104_109_115_118_127_130_135_139_142_149_156_159_169_174_183_192  2.14e+10  1.93e+10 -21007.55  -8355.67   8687.56    802.46     68.98    201.69    415.34   4749.47      0.00 0
1114 14.0      0_1_2_3_4_5_6_7_8_9_10_11_12_13_14_15_16_17_18_19_20_21_22_23_24_25_26_27_28_29_30_31_32_33_34_35_36_37_38_39_40_41_42_43_44_45_46_47_48_49_50_51_52_53_54_55_56_58_59_60_62_63_64_65_66_67_68_69_70_71_72_74_75_76_77_78_79_80_82_83_84_86_88_89_90_91_92_94_96_100_102_103_104_106_108_110_112_116_117_118_120_122_126_128_130_136_138_140_142_147_148_151_153_157_159_161_163_167_169_172_174_181_184_186_190_196_198_205_211_213_217_219_223_230_234_237_242_252_254_257_263_269_273_278_283_285_292  9.33e+10  8.59e+10 -31811.75 -56272.90  11561.11    970.97     79.86    240.52  -2532.28  -5318.03      0.00 0
1115 14.0      0_1_2_3_4_5_6_7_8_9_10_11_12_13_14_15_16_17_18_19_20_22_23_24_25_26_27_28_30_31_32_34_36_37_38_39_40_42_43_46_47_48_50_51_52_54_56_57_58_60_61_62_64_65_68_69_70_72_73_74_76_77_80_81_82_84_85_87_90_92_93_94_96_97_98_100_101_104_105_106_108_109_112_113_115_118_119_120_122_123_124_126_127_130_131_132_135_138_142_144_145_147_149_151_153_155_159_163_169_174_175_177_179_186_192  1.20e+10  1.07e+10  68174.30  42368.76  13489.76    747.51     80.46     31.86   -545.75   1698.56      0.00 0
1116 14.0      64_68_80_84_90_92_96_100_101_104_108_112_115_118_122_126_127_130_134_138_139_142_143_147_149_153_155_156_159_163_165_166_169_170_171_174_177_179_180_183_186_188_189_192_193_194_195_201_204_207_208_210_216_221_222_225_236_239_240  3.09e+10  2.80e+10 -61835.29  33797.74  12349.52    870.59     80.06    151.34   5168.66   2962.66      0.00 0
1117 14.0      0_1_3_4_5_6_7_9_10_12_14_17_18_21_22_25_26_27_29_30_33_34_36_38_39_41_42_43_46_49_50_53_54_56_59_60_63_64_65_67_68_71_72_75_76_77_80_83_84_86_89_90_92_95_96_99_100_101_104_107_111_114_115_121_125_133_137_141_146_152_154_162_173_176_178_185_199_202_203_209_212_218_224_228_229_233_235_241_244_245_248_251_255_256_259_262_265_268_271_272_282  4.79e+10  4.34e+10  28696.76 -42963.98  11501.46    830.18     77.45    303.74   4890.64  -4449.28      0.00 0
1118 14.0      3_4_5_8_9_12_13_17_18_21_25_26_28_29_33_34_35_38_40_41_44_45_49_50_53_54_55_59_60_63_66_67_71_72_75_76_78_79_83_84_86_88_89_91_95_96_99_100_102_103_107_108_110_111_114_116_117_121_122_125_126_128_133_134_140_143_147_153_155_157_164_165_167_170_172_177_179_186_188_194_210_216_222_240  3.47e+09  2.95e+09 -43218.57 -41271.70  12636.88    726.49     78.06    223.68   6045.15   2669.60      0.00 0
1119 14.0      152_162_173_176_178_185_187_193_197_199_202_203_208_209_212_214_215_218_220_221_222_224_227_228_229_231_232_233_235_236_238_239_240_241_243_244_245_246_247_248_250_251_253_255_256_258_259_260_261_262_264_265_267_268_270_271_272_274_275_276_277_279_281_282_284_286_287_288_289_291_293_294_295_296_297_298  6.92e+10  6.16e+10 -122727.37 -156688.91  14057.25    788.43     85.96    231.93   5379.97  -9780.26      0.00 0
1120 14.0      91_102_103_110_111_116_117_128_129_137_140_141_148_157_158_161_162_167_168_172_173_181_182_184_185_190_191_196_197_198_199_205_211_213_217_219_223_234  1.66e+09  1.52e+09  33383.00   4727.33   9923.17    836.55     73.60      8.06  -1575.43  -5199.22      0.00 0
1121 14.0      0_1_2_3_4_5_6_8_9_10_11_12_13_16_17_18_20_21_22_24_25_26_28_29_32_33_34_35_38_40_41_44_45_48_49_50_52_53_54_55_58_59_60_62_63_66_67_71_72_74_75_76_78_79_82_83_84_86_88_89_91_94_95_96_99_100_102_103_106_107_110_111_114_116_117_120_121_122_124_125_126_128_129_133_134_136_137_140_141_143_145_146_147_148_151_152_154_155_157_158_161_162_164_165_167_168_170_172_173_175_176_177_178_179_181_182_184_185_187_188_190_191_193_194_196_197_198_199_200_202_203_205_206_208_209_210_211_212_213_214_215_216_217_218_219_221_222_223_226_227_228_229_230_232_234_236_237_239_240_242_247_249_252_254_257_263_269_273_278_285  2.14e+09  1.83e+09 108334.76  67196.59  14254.41    796.69     83.62     31.81   4579.73   -999.06      0.00 0
1122 14.0      9_13_17_20_21_25_28_29_33_35_40_41_44_45_49_52_53_55_59_62_63_66_67_71_75_78_79_82_83_86_88_89_91_94_95_99_102_103_106_107_110_111_114_116_117_120_121_125_128_129_133_136_137_140_141_143_145_146_148_151_152_154_157_158_161_162_164_165_167_168_170_172_173_175_176_178_181_182_184_185_187_190_191_193_194_196_197_198_199_200_202_203_205_206_208_209_211_212_213_214_215_217_218_219_220_221_222_223_224_226_227_228_229_230_231_232_233_234_235_236_237_238_239_240_241_242_243_244_245_246_247_248_249_250_251_252_253_254_255_256_257_258_259_260_261_262_263_264_265_266_267_268_269_270_271_272_273_274_275_276_277_278_279_280_281_282_283_284_285_286_288_290_292  1.51e+09  1.29e+09 -195817.03 -62267.32  14728.91    683.52     85.90    197.64   4267.71  -4712.53      0.00 0
1123 14.0      94_106_110_120_124_128_132_136_140_145_151_157_161_167_172_175_181_184_190_196_198_200_205_211_213_217_219_223_226_227_230_234_237_242_246_249_250_252_254_257_260_261_263_266_267_269_273_275_276_277_280_281_283_286_287_288_289_290_291_293_294_295_296_297_298  1.32e+10  1.16e+10  30304.28 -52850.08  12394.71    776.21     78.50    299.83  -1214.65  -8989.33      0.00 0
1124 14.0      7_10_14_15_19_22_23_27_30_31_36_37_39_42_43_46_47_51_54_56_57_61_64_65_68_69_73_77_80_81_84_85_87_90_92_93_97_101_104_105_108_109_112_113_115_118_119_122_123_127_130_131_135_138_142_144_149_153_159_163_169_174_177_186_192  2.69e+09  2.30e+09  40511.64  20508.29  10767.20    881.91     76.66     26.85   1914.78   4032.91      0.00 0
1125 14.0      0_1_2_3_4_5_6_7_8_9_10_11_12_13_14_15_16_17_18_19_20_21_22_23_24_25_26_27_28_29_30_31_32_33_34_35_36_37_38_39_40_41_42_43_44_45_46_47_48_49_50_51_52_53_54_55_56_57_58_59_60_61_62_63_64_65_66_67_68_69_70_71_72_73_74_75_76_77_78_79_80_81_82_83_84_85_86_87_88_89_90_91_92_93_94_95_96_97_98_99_100_101_102_103_104_105_106_107_108_109_110_111_112_113_114_115_116_117_118_119_120_121_122_123_124_125_126_127_128_129_130_131_132_134_135_136_137_138_139_140_141_142_144_145_147_148_149_150_151_153_155_156_157_158_159_160_161_162_163_166_167_168_169_171_172_173_174_175_177_180_181_182_183_184_186_189_190_191_192_195_196_197_198_200_201_204_205_206_207_211_213_214_217_219_220_223_225_226_227_230_231_234_237_238_242_246_249_250_252_253_254_257_260_261_263_266_267_269_273_275_276_277_278_280_281_283_285_286_287_288_289_290_292_293_294_295_296_297_298  9.33e+09  8.30e+09  63166.82 273823.62  11974.56    781.12     87.56     77.01  -1333.99   1710.18      0.00 0
1126 14.0      41_45_63_67_79_83_89_95_107_111_121_137_146_152_176_185  2.57e+09  2.27e+09  13929.47  -4149.91   6593.15    944.85     65.60    343.41   3199.07  -2923.29      0.00 0
1127 14.0      22_25_26_34_38_42_46_49_50_54_59_60_64_68_71_72_75_76_80_84_86_90_92_95_96_99_100_104_108_112_114_118_121_122_125_126_130_133_134_137_138_142_143_146_147_149_152_153_154_155_159_162_163_164_165_169_170_174_176_177_178_179_180_183_185_186_187_188_192_193_194_199_201_202_203_204_207_208_209_215_218_221_224_225_228_229_232_233_239_241_244_245_247_248_251_256_259_262_265_268_272_282  3.80e+09  3.38e+09 -29694.61  58861.90  12588.35    789.35     79.19    116.77   5136.00  -1698.71      0.00 0
1128 14.0      94_98_113_120_124_132_136_140_145_151_161_172_175_184_196_198_211_217_219_223_234_237_242_254_257_263_269_273_278_283_285_290_292  3.72e+09  3.27e+09   2167.38 -38286.78  10678.12    783.28     74.44    273.24  -4109.60  -6347.44      0.00 0
1129 14.0      37_47_48_69_70_73_74_85_94_98_113_120_124_132_145_151_175_184  3.02e+10  2.75e+10  10465.76  17710.74   8487.52    779.26     67.58     59.42  -3904.07  -2031.24      0.00 0
1130 14.0      14_22_27_30_34_36_39_42_43_46_54_56_60_61_64_65_68_76_77_80_84_87_90_92_96_100_101_104_105_108_109_112_115_118_119_122_126_127_130_134_135_138_139_142_147_149_150_153_155_156_159_160_163_165_166_171_177_179_188_189_194_195_210_216_222  4.27e+10  3.81e+10  42158.74 -13284.52  10873.47    842.43     76.18    342.51   -735.20   3620.82      0.00 0
1131 14.0      18_22_25_26_30_34_38_42_46_49_50_54_56_60_64_68_71_72_75_76_80_84_86_90_92_96_104_108_112_118_130_149_159_183  9.12e+09  8.33e+09  -6451.06  18661.15   7765.72    900.20     68.53    109.07   1295.08   2723.62      0.00 0
1132 14.0      0_1_2_3_4_5_6_7_8_9_10_11_12_13_14_15_16_17_18_19_20_21_22_23_24_25_26_27_28_29_30_31_32_33_34_35_36_37_38_39_40_41_42_43_44_45_46_47_48_49_50_51_52_53_54_55_56_57_58_59_60_61_62_63_64_65_66_67_68_69_70_71_72_73_74_75_76_77_78_79_80_81_82_83_84_85_86_87_88_89_90_91_92_93_94_95_96_97_98_99_100_101_102_103_104_105_106_107_108_109_110_111_112_113_114_115_116_117_118_119_120_121_122_123_124_125_126_127_128_129_130_131_132_133_134_135_136_137_138_139_140_141_142_143_144_145_146_147_148_149_150_151_152_153_154_155_156_157_158_159_160_161_162_163_164_165_166_167_168_169_170_171_172_173_174_175_176_177_178_179_180_181_182_183_184_185_186_187_188_189_190_191_192_193_194_195_196_197_198_199_200_201_204_205_206_207_208_210_211_212_213_214_216_217_219_220_222_223_225_226_227_230_231_234_237_238_240_242_246_249_250_252_253_254_257_260_261_263_266_267_269_273_275_276_277_278_280_283_285_286_287_288_290_292_293_294_296_297  1.70e+09  1.50e+09 -122562.02 -228481.48  12635.46    790.48     87.21    241.79   1567.78   1941.88      0.00 0
1133 14.0      255_259_271  5.50e+09  4.84e+09 -10160.11  16399.36   8176.89    797.59     67.03    121.78   6285.38 -10023.78      0.00 0
1134 14.0      0_1_2_3_4_5_6_7_8_9_10_11_12_13_14_15_16_17_18_19_20_21_22_23_24_25_26_27_28_29_30_31_32_33_34_35_36_37_38_39_40_41_42_43_44_45_46_47_48_49_50_51_52_53_54_55_56_57_58_59_60_61_62_63_64_65_66_67_68_69_70_71_72_73_74_75_76_77_78_79_80_81_82_83_84_85_86_87_88_89_90_91_92_93_94_95_96_97_98_99_100_101_102_103_104_105_106_107_108_109_110_111_112_113_114_115_116_117_118_119_120_121_123_124_125_127_128_129_130_131_132_135_136_137_139_140_141_142_144_145_146_148_149_150_151_152_156_157_158_159_160_161_162_166_167_168_169_171_172_173_175_176_180_181_182_183_184_185_189_190_191_192_195_196_197_198_199_200_201_204_205_206_207_211_212_213_214_217_218_219_220_223_224_225_226_227_230_231_234_235_237_238_241_242_243_244_246_249_250_252_253_254_255_256_257_258_259_260_261_263_264_266_267_269_270_271_272_273_274_275_276_277_278_279_280_281_283_284_285_286_287_288_289_290_291_292_293_294_295_296_297_298  1.74e+09  1.48e+09 -87734.48 260246.86  12999.61    677.93     87.29    108.63    954.84  -9677.28      0.00 0
1135 14.0      168_173_181_182_190_191_197_199_200_203_205_206_212_213_214_218_219_220_224_226_227_228_230_231_233_234_235_237_238_241_242_243_244_245_246_248_249_250_251_252_253_254_255_256_257_258_259_260_261_262_263_264_265_266_267_268_269_270_271_272_273_274_275_276_277_278_279_280_281_282_283_284_285_286_287_288_289_290_291_292_293_294_295_296_297  1.62e+10  1.44e+10 -103127.77 -29474.04  14101.60    773.26     82.51    195.95  -3280.33 -10273.82      0.00 0
1136 14.0      121_137_146_152_154_176_178_187_193_202_209_215_221_232_239  3.24e+10  2.93e+10 -17709.04  -7932.77   8057.50    825.26     67.45    204.13   5675.15  -2358.35      0.00 0
1137 14.0      167_172_190_196_198_200_205_211_213_219_226_227_230_237_246_249_250_252_253_260_261_266_267_270_275_276_277_281_284_286_287_289_291_293_295  3.55e+10  3.15e+10 -25808.19  30079.04  10582.69    822.56     75.05    130.63   1437.91 -10847.78      0.00 0
1138 14.0      106_110_116_120_124_128_136_140_145_148_151_157_158_161_167_172_175_181_182_184_190_191_196_197_198_200_205_206_211_213_214_217_219_220_223_226_227_230_231_234_237_238_242_243_246_249_250_252_253_254_255_257_258_260_261_263_264_266_267_269_270_271_273_274_275_276_277_279_280_281_284_286_287_289_291_295  2.09e+09  1.76e+09  79017.47 -52558.75  14623.61    655.70     81.24    326.37  -1843.56  -6850.10      0.00 0
1139 14.0      0_1_2_3_4_5_6_7_8_9_10_11_12_13_14_15_16_17_18_19_20_21_22_23_24_25_26_27_28_29_30_31_32_33_34_35_36_37_38_39_40_41_42_43_44_45_46_47_48_49_50_51_52_53_54_55_56_57_58_59_60_61_62_63_64_65_66_67_68_69_70_71_72_73_74_75_76_77_78_79_80_81_82_83_84_85_86_87_88_89_91_92_93_94_95_97_98_99_101_102_103_105_106_107_109_110_111_113_115_116_117_119_120_121_123_124_125_127_128_129_131_132_135_136_137_139_140_141_144_145_146_148_150_151_152_156_157_158_160_161_162_166_167_168_171_172_173_175_176_181_182_184_185_189_190_191_195_196_197_198_199_200_203_205_206_211_212_213_214_218_219_220_224_226_227_230_231_233_235_237_238_241_243_244_246_248_249_250_251_252_253_255_256_258_259_260_261_264_265_267_268_270_271_272_274_275_277_279_281_282_284_287_289_291_295  3.31e+09  2.94e+09  99927.89 -140768.27  14435.51    776.49     85.22    305.37   4496.01  -9727.48      0.00 0
1140 14.0      0_1_2_3_4_5_6_7_8_9_10_11_12_13_14_15_16_17_18_19_20_21_22_23_24_25_26_27_28_29_30_31_32_33_34_35_37_38_39_41_45_47_48_49_50_51_52_53_57_58_59_63_69_70_71_72_73_74_75_81_83_85_86_93_95_97_99_113_114_121_123_125_131_133_146_154_164_187  7.76e+09  6.85e+09 -28912.13   8023.48   9546.91    828.31     72.35    164.49    469.61   -289.47      0.00 0
1141 14.0      0_1_2_5_6_7_8_11_14_15_16_19_20_23_24_27_28_31_32_36_37_39_40_43_47_48_51_52_56_57_58_61_62_65_66_69_70_74_77_81_82_87_88_106  7.76e+09  7.10e+09   5653.89  19185.54   8142.02    828.53     67.85     73.58  -1234.68    -50.04      0.00 0
1142 14.0      197_199_203_212_214_218_220_224_228_231_233_235_238_241_243_244_245_248_251_255_256_262  1.82e+09  1.63e+09  23699.37  11883.29   9791.21    705.71     69.73     26.63   4676.71  -6216.46      0.00 0
1143 14.0      0_1_2_3_4_5_6_7_8_9_10_11_12_13_14_15_16_17_18_19_20_21_22_23_24_25_26_27_28_29_30_31_32_33_34_35_36_37_38_39_40_41_42_43_44_45_46_47_48_49_50_51_52_53_54_55_56_57_58_59_60_61_62_63_64_65_66_67_68_69_70_71_72_73_74_75_76_77_78_79_80_81_82_83_84_85_86_87_88_89_90_91_92_93_94_95_96_97_98_99_100_101_102_103_104_105_106_107_108_109_110_111_112_113_114_115_116_117_118_119_120_121_122_123_124_125_126_127_128_129_130_131_132_133_134_135_136_137_138_139_140_141_142_143_144_145_146_147_148_149_150_151_152_153_154_155_156_157_158_159_160_161_162_163_164_165_166_167_168_169_171_172_173_174_175_176_177_178_179_180_181_182_183_184_185_186_187_189_190_191_192_195_196_197_198_199_200_201_202_203_204_205_206_207_211_212_213_214_217_218_219_220_223_224_225_226_227_228_230_231_233_234_235_237_238_241_242_243_244_246_249_250_251_252_253_254_255_256_257_258_259_260_261_263_264_266_267_268_269_270_271_272_273_274_275_276_277_278_279_280_281_283_284_285_286_287_288_289_290_291_292_293_294_295_296_297_298  5.25e+10  4.64e+10 -50592.23 264711.72  12332.31    786.87     87.38    100.82   -510.90   1592.49      0.00 0
1144 14.0      231_238_253_258_267_270_274_281_284_289_291  1.35e+10  1.19e+10  -1237.00  17384.65   7990.48    769.19     65.37     94.07   2442.55  -9778.41      0.00 0
1145 14.0      1_6_7_10_11_14_15_19_22_23_24_27_30_31_36_37_39_42_43_46_47_51_54_56_57_61_64_65_68_69_70_73_77_80_81_85_93_97_113_131  3.16e+10  2.85e+10  17294.25   5158.93   7390.71    918.62     67.73     16.61  -1634.82   1001.02      0.00 0
1146 14.0      2_5_8_9_11_13_16_20_21_23_24_28_29_32_35_37_40_41_44_45_47_48_52_53_55_58_62_63_66_67_69_70_73_74_78_79_85_89_103_111  1.07e+09  9.29e+08  15943.68 -11385.11   8163.12    810.39     67.38    324.47   -419.61  -1327.00      0.00 0
1147 14.0      231_238_243_253_258_264_270_274_279_284  4.90e+10  4.38e+10 -16756.10  16181.18   8969.62    768.78     68.94    136.00   4152.01  -9923.59      0.00 0
1148 14.0      66_78_88_91_102_106_110_116_120_128_136_140_151_161_172_175_184_198_217  6.92e+09  6.19e+09  24507.27   4617.40   9433.40    729.05     69.28     10.67  -3217.25  -3875.68      0.00 0
1149 14.0      220_231_235_238_243_244_246_250_253_255_258_260_261_264_267_270_274_275_276_277_280_281_286_287_288_290_294_296  3.31e+10  3.08e+10 -17254.07 -12393.74   7360.55   1061.00     70.89    215.69    935.30  -9726.05      0.00 0
1150 14.0      18_22_25_26_34_38_42_49_50_54_59_60_64_68_71_72_75_76_84_86_95_99_100_114_121_125_133_146_152_154_176_178_202_203_228  1.91e+09  1.65e+09 -15303.79  19260.19   9070.55    785.24     69.76    128.47   3529.45  -1021.93      0.00 0
1151 14.0      107_111_137_141_152_162_168_173_197_199_212_220_224_235_243_244_255_264_271_279  1.91e+10  1.72e+10   5998.02 -20726.31   8429.78    821.88     68.66    286.14   3684.21  -6188.55      0.00 0
1152 14.0      101_109_115_127_135_139_156_160_166_171_195  4.07e+10  3.73e+10 -18324.16   8020.87   7734.46    917.14     68.86    156.36  -3578.94   5077.88      0.00 0
1153 14.0      218_224_228_233_235_238_241_243_244_245_248_251_253_255_256_258_259_262_264_265_267_268_270_271_272_274_277_279_281_284_289_291  1.48e+09  1.32e+09  18534.51  18762.35   8844.88    878.62     71.46     45.35   4820.53  -7523.23      0.00 0
1154 14.0      4_10_12_14_18_22_25_26_30_33_34_36_38_42_43_46_49_50_54_56_59_60_64_68_71_72_75_76_77_80_84_86_90_92_95_96_99_100_101_104_108_112_114_115_118_121_125_126_127_133_134_143_146_149_152_154_156_164_176_178_187_202_203_209_228_229_232_233_245_247_248_262_265  2.75e+10  2.51e+10 -22529.93  25808.35   9430.03    951.94     74.61    131.12   3307.78   -167.13      0.00 0
1155 14.0      20_32_40_44_48_52_58_62_66_69_70_74_78_82_85_88_94_97_98_102_106_113_120_124_131_132  4.17e+09  3.73e+09  22032.15 -16207.92   9562.34    763.78     70.73    323.66  -3997.53   -488.67      0.00 0
1156 14.0      22_25_26_33_34_38_42_49_50_54_59_60_64_68_71_72_75_76_80_83_84_86_90_95_96_99_100_104_107_108_112_114_118_121_122_125_126_130_133_134_137_138_142_143_146_147_149_152_153_154_155_159_162_163_164_165_169_170_173_174_176_177_178_179_180_183_185_186_187_188_192_193_194_199_201_202_203_207_208_209_210_212_215_216_218_221_222_224_225_228_229_232_233_235_236_239_240_241_244_245_247_248_251_255_256_259_262_264_265_268_271_272_279_282  7.94e+10  7.39e+10 -61355.91 196628.50  13067.37    927.49     86.37    107.33   5425.54   4498.25      0.00 0
1157 14.0      71_72_75_76_86_95_96_99_100_107_111_114_121_122_125_126_133_134_137_141_143_146_147_152_153_154_155_162_164_168_173_176_178_185_197_199_203_212_218_220_224_235_238_241_243_244_255_258_264_274_279  1.32e+09  1.14e+09    797.56  38395.08  11033.75    723.96     73.97     88.81   3865.91  -3160.21      0.00 0
1158 14.0      0_1_2_3_4_5_6_7_8_9_10_11_12_13_14_15_16_17_18_19_20_21_22_23_24_25_26_27_28_29_30_31_32_33_34_35_36_37_38_39_40_41_42_43_44_45_46_47_48_49_50_51_52_53_54_55_56_57_58_59_60_61_62_63_64_65_66_67_68_69_70_71_72_73_74_75_76_77_78_79_80_81_82_83_84_85_86_87_88_89_90_91_92_93_94_95_96_97_98_99_100_101_102_103_104_105_106_107_108_109_110_111_112_113_114_115_116_117_118_119_120_121_122_123_124_125_126_127_128_129_131_132_133_134_135_136_137_138_139_140_141_143_144_145_146_147_148_150_151_152_154_155_156_157_158_160_161_162_164_165_166_167_168_170_171_172_173_175_176_178_181_182_184_185_187_188_190_191_193_194_195_197_199_200_202_203_206_208_209_212_214_215_218_220_221_222_224_228_229_232_233_235_236_238_239_241_243_244_245_247_248_251_255_256_259_262_264_265_268_271_272_282  3.24e+10  2.84e+10 196645.36 -91989.89  13316.31    851.49     86.49    334.93   6313.74  -3961.77      0.00 0
1159 14.0      59_71_72_75_83_86_89_95_99_100_107_111_114_121_125_126_129_133_134_137_141_143_146_152_154_158_162_168_173_176_178_185_191_197_199_206_212_214_218_220_224_227_231_235_238_243_244_250_253_255_258_261_264_267_270_271_274_275_277_279_281_284_287_289_291_293_295_298  1.66e+09  1.43e+09  -7906.98 -57797.42  12293.27    767.75     78.10    262.21   2476.17  -9840.34      0.00 0
1160 14.0      17_21_25_26_33_38_41_45_49_50_53_59_63_67_71_72_75_79_83_86_89_95_103_107_111_117_129_137_141_148_158_168_173_182_191_197_206_214_227_231_250  1.48e+10  1.35e+10  -2699.38 -25342.45   8616.55    902.40     71.32    263.92   1699.73  -4223.45      0.00 0
1161 14.0      94_98_106_110_120_124_128_132_136_140_145_151_157_161_167  1.91e+09  1.72e+09  13695.10 -14196.56   7485.16    965.50     69.22    313.97  -3678.74  -2302.83      0.00 0
1162 14.0      0_1_2_3_4_5_6_7_8_9_10_11_12_13_14_15_16_17_18_19_20_21_22_23_24_25_26_27_28_29_30_31_32_33_34_35_36_37_38_39_40_41_42_43_44_45_46_47_48_49_50_51_52_53_54_55_56_57_58_59_60_61_62_63_64_65_66_67_68_69_70_71_72_73_74_75_76_77_78_79_80_81_82_83_84_85_86_87_88_89_90_91_92_93_95_96_97_99_100_101_102_103_104_105_107_108_109_111_112_113_114_115_116_117_118_119_121_122_123_125_126_127_129_130_131_133_134_135_137_138_139_141_142_143_144_146_148_149_150_152_154_156_158_159_160_162_164_166_168_169_171_173_176_178_180_182_183_185_187_189_191_192_195_197_199_201_202_203_204_206_207_209_212_214_218_220_224_225_228_229_231_233_235_238_241_243_244_245_248_251_253_255_256_258_259_262_264_265_268_270_271_272_274_279_282_284  5.37e+10  4.76e+10  75166.32 -117128.52  14431.22    783.05     84.08    302.69  -2076.40   4677.88      0.00 0
1163 14.0      0_1_2_3_4_5_6_7_8_9_10_11_12_13_17_18_21_25_28_29_33_35_41_45_49_53_55_59_63_67_75_79_83_89_95_103_107_111_121_129_137_141_152_162_168_173_176_185_197_199_203_212_218_220_224_233_235_241_243_244_251_255_256_259_264_268_271_272  1.51e+10  1.41e+10  23765.90 -32152.97  10556.47    833.52     75.21    306.47   4016.46  -5474.69      0.00 0
1164 14.0      27_30_36_39_42_43_46_56_61_64_65_68_77_80_81_84_87_90_92_96_101_104_105_108_109_112_115_118_119_122_130_135_138_142_147_153_163_177  2.29e+10  2.05e+10 -26249.25  -2042.81   9375.20    773.10     70.40    184.45   1030.48   2977.15      0.00 0
1165 14.0      94_98_106_110_113_120_124_128_131_132_136_140_145_151_157_161_167_172_175_181_184_190_196_198_200_205_211_213_217_219_223_226_227_230_234_237_242_246_249_250_252_254_257_260_261_263_266_267_269_273_275_276_277_280_281_283_286_287_288_289_290_291_293_294_295_296_297_298  1.70e+10  1.52e+10  34607.31 -58634.49  12655.82    796.26     79.47    300.55  -3018.54  -5589.21      0.00 0
1166 14.0      100_114_126_133_134_143_154_164_165_170_187_193_209_215_232  2.40e+10  2.15e+10  10926.48 -13049.40   7301.75    895.45     66.78    309.94   5520.00   -808.39      0.00 0
1167 14.0      41_45_53_55_59_63_67_78_79_83_89_91_95_99_102_103_107_111_121_125  1.95e+09  1.73e+09 -18294.77  -8130.06   8663.38    730.68     66.60    203.96   1446.99  -2584.38      0.00 0
1168 14.0      0_3_4_5_6_9_10_12_13_17_18_21_22_25_26_29_30_33_34_35_38_41_42_45_46_49_50_53_54_55_59_60_63_64_67_68_71_72_75_76_79_80_83_84_86_89_90_91_95_96_99_100_103_104_107_108_111_112_117_121_125_129_137_141_148_152_158_162_168_173_182_185_191_197_199_200_206_212_214_220_224_227_231_235_238_243_246_250_253_255_258_261_264_267_270_274_275_277_279_281_284_287_289_291_293_295_298  2.82e+09  2.52e+09   3619.02 -58007.39  11592.46    891.33     78.72    273.57   2367.74  -9258.10      0.00 0
1169 14.0      0_1_2_3_4_5_6_7_8_9_10_11_12_13_14_15_16_17_18_19_20_21_22_23_24_25_26_27_28_29_30_31_32_33_34_35_36_37_38_39_40_41_42_43_44_45_46_47_48_49_50_51_52_53_54_55_56_57_58_59_60_61_62_63_64_65_66_67_68_69_70_71_72_73_74_75_77_78_79_80_81_82_83_85_87_88_89_91_92_93_94_95_97_98_101_102_103_105_106_107_109_110_111_113_115_116_117_119_120_121_123_124_127_128_129_131_132_135_136_137_139_140_141_144_148_150_152_156_157_158_160_162_166_167_168_171_173_181_182_185_189_190_191_195_197_199_200_205_206_212_214_218_220_224_226_227_231_235_238_241_243_244_246_250_253_255_256_258_259_261_264_267_270_271_272_274_277_279_281_284_289_291  1.35e+09  1.14e+09  66214.81 -109722.23  14986.57    691.43     83.33    301.11  -4274.64   4590.18      0.00 0
1170 14.0      100_114_125_126_133_134_143_146_147_154_155_164_165_170_178_187  2.88e+10  2.62e+10   4098.12 -18592.89   8018.98    820.30     67.16    282.43   4835.60   -427.04      0.00 0
1171 14.0      0_1_2_5_6_7_8_11_13_15_16_20_23_24_28_32_35_40_44_48_52_55_58_62_66_78_82_88_102_106_110_128_136_140_157_161_167_172_190_196_211_219  5.89e+09  5.21e+09  -6941.45 -22619.72   8663.32    838.30     69.89    252.94  -1687.63  -3035.85      0.00 0
1172 14.0      2_3_5_8_9_13_16_17_20_21_25_28_29_32_33_35_38_40_41_44_45_48_49_52_53_55_58_59_62_63_66_67_71_74_75_78_79_82_83_86_88_89_91_94_95_98_99_102_103_106_107_110_111_114_116_117_120_121_124_125_128_129_133_136_137_140_141_143_145_146_148_151_152_154_157_158_161_162_164_167_168_170_172_173_175_176_178_181_182_184_185_187_190_193_196_198_199_202_203_208_209_211_215_217_218_221_223_228_229_232_236_239_245_247  1.91e+10  1.69e+10  73267.79  11879.92  12500.87    873.37     80.44      9.21  -1282.68  -3392.34      0.00 0
1173 14.0      200_205_206_213_214_219_220_226_227_230_231_234_237_238_242_243_246_249_250_252_253_254_257_258_260_261_263_266_267_269_273_276_278_280_283_285  8.32e+09  7.65e+09 -39452.16  -5938.41  10593.30    825.10     75.13    188.56  -3838.65  -8898.34      0.00 0
1174 14.0      39_43_51_56_61_65_77_81_87_92_101_109_115_118_127_149_156_159_183_192_207  6.61e+09  5.72e+09  11692.62  17321.96   8643.83    760.17     67.53     55.98   -213.86   4150.45      0.00 0
1175 14.0      0_2_3_4_5_8_9_11_12_13_16_17_20_21_24_25_26_28_29_32_33_35_38_40_41_44_45_48_49_50_52_53_55_58_59_62_63_66_67_71_72_74_75_78_79_82_83_86_88_94_98_99_102_106_110_114_120_124_136_145_151_161_175_184  3.89e+09  3.55e+09 -32157.42 -12266.86  10338.89    773.31     73.28    200.88  -1909.83  -2159.60      0.00 0
1176 14.0      0_1_2_3_4_5_6_7_8_9_10_11_12_13_14_15_16_17_18_19_20_21_22_23_24_25_26_27_28_29_30_31_32_33_34_35_36_37_38_39_40_41_42_43_44_45_46_47_48_49_50_51_52_53_54_55_56_57_58_59_60_61_62_63_64_65_66_67_68_69_70_71_72_73_74_75_76_77_78_79_80_81_82_83_84_85_86_88_89_90_91_94_95_96_97_98_99_100_102_103_104_106_107_108_110_111_112_113_114_116_117_120_121_122_124_125_126_128_129_132_133_134_136_137_138_140_141_142_143_145_146_147_148_151_152_153_154_155_157_158_161_162_163_164_165_167_168_170_172_173_175_176_177_178_179_181_182_184_185_186_187_188_190_191_193_194_196_197_198_199_200_202_203_205_206_208_209_210_211_212_213_214_215_216_217_218_219_220_221_222_223_224_226_227_228_229_230_231_232_233_234_236_237_239_240_242_245_246_247_249_252_254_257_263_266_269_273_278_283_285  4.07e+09  3.58e+09 -176529.72 -101632.12  13600.85    846.21     86.18    209.93   5747.74    457.81      0.00 0
1177 14.0      10_14_22_27_30_34_36_39_42_43_46_50_54_56_60_61_64_65_68_72_76_77_80_84_86_87_90_92_96_100_101_104_105_108_109_112_114_115_118_119_122_126_127_130_134_135_138_139_142_143_147_149_150_153_155_156_159_160_163_164_165_166_169_170_171_174_177_179_180_183_186_188_189_192_193_194_195_204_208_210_216_221_222_236_240  6.31e+09  5.52e+09 -63289.18  22275.22  12629.17    792.44     79.34    160.61   3312.49   2701.74      0.00 0
1178 14.0      243_250_253_255_256_258_259_260_261_264_267_268_270_271_272_274_275_276_277_279_280_281_282_283_284_286_287_288_289_290_291_292_293_294_295_296_297_298  1.95e+09  1.69e+09 105219.45  40179.41  12932.14    998.30     83.45     20.90   5908.57 -10989.51      0.00 0
1179 14.0      71_72_75_76_86_95_96_99_100_107_108_114_121_122_125_126_133_134_137_138_143_146_147_152_153_154_155_162_163_173_176_185_199  2.88e+09  2.59e+09   -373.08  29280.11   9831.89    759.34     71.44     90.73   3777.27   -672.94      0.00 0
1180 14.0      19_27_36_39_43_46_51_56_57_61_65_68_73_77_80_81_87_92_93_97_101_105_109_119_123_131_135_144_150  3.31e+09  2.93e+09 -28757.21  -4962.06  10162.31    701.74     70.80    189.79  -3278.56   2116.64      0.00 0
1181 14.0      1_6_7_11_14_15_16_19_23_24_27_30_31_32_36_37_39_42_43_46_47_48_51_56_57_58_61_64_65_68_69_70_73_74_77_80_81_82_85_87_90_92_93_94_97_98_101_104_105_109_112_113_115_118_119_120_123_124_127_130_131_132_135_139_142_144_145_149_150_151_156_159_160_163_166_169_171_174_175_180_183_184_189_192_195_201_204_207_225  1.12e+09  9.99e+08 -185698.28 -200045.09  11535.46    888.19     87.58    227.13  -4168.90   5040.47      0.00 0
1182 14.0      235_238_241_243_244_248_250_251_253_255_256_258_259_260_261_262_264_265_267_268_270_271_272_274_275_276_277_279_281_282_284_286_287_288_289_290_291_293_294_295_296_297_298  1.32e+10  1.17e+10  92138.59  56750.56  13497.87    876.37     82.89     31.63   6172.02  -9715.19      0.00 0
1183 14.0      0_1_2_3_4_5_6_7_8_9_10_11_12_13_14_15_16_17_18_19_20_21_22_23_24_25_26_27_28_29_30_31_32_33_34_35_36_37_38_39_40_41_42_43_44_45_46_47_48_49_50_51_52_53_54_55_56_57_58_59_60_61_62_63_64_65_66_67_68_69_70_71_72_73_74_75_76_77_78_79_80_81_82_83_84_85_86_87_88_89_90_91_92_93_94_95_96_97_98_99_100_101_102_103_104_105_106_107_108_109_110_111_112_113_114_115_116_117_118_119_120_121_122_123_124_125_126_127_128_129_130_131_132_133_134_136_137_138_140_141_142_143_145_146_147_148_149_151_152_153_154_155_156_157_158_159_161_162_163_164_165_167_168_169_170_172_173_174_175_176_177_178_179_180_181_182_183_184_185_186_187_188_190_191_192_193_194_196_197_198_199_200_201_202_203_205_206_207_208_209_210_211_212_213_214_215_216_217_218_219_220_221_222_223_224_226_227_230_231_234_235_236_237_238_240_242_243_246_249_250_252_253_254_257_258_260_261_263_266_267_269_270_273_275_276_277_278_280_281_283_285_286_287_288_289_290_292_293_294_295_296_297_298  1.91e+10  1.67e+10 127816.76 211884.22  12665.23    837.35     87.07     58.90  -2440.66  -6920.69      0.00 0
1184 14.0      8_13_20_28_29_32_35_40_44_45_48_52_55_58_62_66_67_70_74_78_79_82_88_89_91_94_102_103_111_117_129_141_168_173  3.31e+10  2.99e+10  18847.65 -13158.09   8621.67    826.64     69.44    325.08    118.43  -2903.77      0.00 0
1185 14.0      0_1_2_3_4_5_6_7_8_10_11_12_14_15_16_18_19_20_22_23_24_26_27_30_31_32_34_36_37_39_42_43_46_47_48_50_51_52_54_56_57_58_60_61_64_65_68_69_70_73_74_76_77_80_81_82_84_85_87_90_92_93_94_96_97_98_101_104_105_108_109_112_113_115_118_119_120_122_123_124_126_127_130_131_132_135_138_142_144_145_147_153_159_163_169_174_175_177_179_186  1.32e+09  1.16e+09  60716.09  33420.37  13108.09    733.01     79.29     28.83  -2190.80    894.92      0.00 0
1186 14.0      110_116_120_128_136_140_145_148_151_157_158_161_167_172_175_181_182_184_190_191_196_197_198_200_205_206_211_213_214_217_219_220_223_226_227_230_231_234_235_237_238_242_243_246_249_250_252_253_254_255_257_258_260_261_263_264_266_267_269_270_271_274_275_276_277_279_281_284_287_289_291  6.31e+10  5.64e+10  60859.41 -34939.20  12487.54    842.93     79.91    330.14   -326.35  -7554.56      0.00 0
1187 14.0      0_1_2_3_4_5_6_7_8_9_10_11_12_13_14_15_16_17_18_19_20_21_22_23_24_25_26_27_28_29_30_31_32_33_34_35_36_37_38_39_40_41_42_43_44_45_46_47_48_49_50_51_52_53_54_55_56_57_58_59_60_61_62_63_64_65_66_67_68_69_70_71_72_73_74_75_76_77_78_79_80_81_82_83_84_85_86_87_88_89_90_91_93_94_95_96_97_98_99_100_101_102_103_105_106_107_109_110_111_113_114_117_119_120_121_123_124_125_126_129_131_132_133_134_135_137_141_143_144_145_146_150_152_154_162_164_165_170_173_176_178_185_187_193_194_199_202_203_208_209_215_218_221_222_228_229_232_233_236_239_241_245_247_248_251_262_265_282  2.57e+09  2.24e+09 -108448.75  35048.90  14337.36    756.31     82.83    162.09   5552.11  -2360.98      0.00 0
1188 14.0      0_1_2_3_4_5_6_7_8_9_10_11_12_13_14_15_16_17_18_19_20_21_22_23_24_25_26_27_28_29_30_31_32_33_34_35_36_37_38_39_40_41_42_43_44_45_46_47_48_49_50_51_52_53_54_55_56_57_58_59_60_61_62_63_64_65_66_67_68_69_70_71_72_73_74_75_76_77_78_79_80_81_82_83_84_85_87_88_89_90_91_92_93_94_95_97_98_101_102_103_104_105_106_107_109_110_111_112_115_116_117_118_119_121_123_127_128_129_130_135_136_137_139_140_141_148_149_150_156_157_158_159_160_162_166_167_168_171_173_180_181_182_183_189_190_191_195_196_197_199_200_201_204_205_206_207_212_213_214_220_225_226_227_230_231_235_238_243_246_249_250_252_253_255_258_260_261_264_266_267_270_274_275_276_277_279_281_284_286_287_288_289_291_293_294_295_297_298  3.31e+10  3.00e+10  19590.60 -93044.51  13363.26    847.23     82.00    281.89    873.68  -6327.40      0.00 0
1189 14.0      99_114_121_125_126_133_134_143_146_147_152_154_155_162_164_165_170_176_177_178_179_185_186_187_188_193_194_199_202_203_208_209_210_212_215_216_218_221_222_224_228_229_232_233_235_236_240_241_244_255  6.92e+09  6.07e+09 -10767.95 -53693.23  11870.05    801.47     77.77    258.66   6487.75   3043.47      0.00 0
1190 14.0      42_46_54_64_68_80_84_90_96_108_112_122_126_138_147_153_155_177_179_186_188_210  9.33e+09  8.55e+09 -25520.95  -5597.14   8996.42    840.48     71.00    192.37   5109.38   3096.05      0.00 0
1191 14.0      9_17_21_25_26_29_33_35_38_41_44_45_49_50_53_55_59_60_63_67_71_72_75_76_78_79_83_86_89_91_95_96_99_100_102_103_107_111_114_116_117_121_122_125_126_128_129_133_134_137_141_143_146_147_148_152_153_154_155_157_158_162_164_165_167_168_170_173_176_177_178_179_181_182_185_187_188_190_191_193_194_196_197_199_200_205_206_208_210_212_213_214_216_219_220_221_222_226_227_230_231_234_236_237_238_240_242_246_249_250_252_253_254_257_260_261_263_266_267_269_273_275_276_277_278_280_283_285_286_288_290_292_294_296  1.55e+10  1.46e+10 -43716.62 -61629.09  12197.42    942.61     80.83    234.65    108.57  -6451.33      0.00 0
1192 14.0      0_1_2_3_4_5_6_7_8_9_10_11_12_13_14_15_16_17_18_19_20_21_22_23_24_25_26_27_28_29_30_31_32_33_34_35_36_37_38_39_40_41_42_43_44_45_46_47_48_49_50_51_52_53_54_55_56_57_58_59_60_61_62_63_64_65_66_67_68_69_70_71_72_73_74_75_76_77_78_79_80_81_82_83_84_85_86_87_88_89_90_91_92_93_94_95_96_97_98_99_100_101_102_103_104_105_106_107_108_109_110_111_112_113_114_115_116_117_118_119_120_121_122_123_124_125_126_127_128_129_130_131_132_133_134_135_136_137_138_139_140_141_142_143_144_145_146_147_148_149_150_151_152_153_154_155_156_157_158_159_160_161_162_163_164_165_166_167_168_169_170_171_172_173_174_176_177_178_179_180_181_182_183_185_186_187_188_189_190_191_192_193_194_195_196_197_198_199_200_201_202_203_204_205_206_207_209_211_212_213_214_215_218_219_220_224_225_226_227_228_229_230_231_232_233_235_237_238_241_243_244_245_246_247_248_249_250_251_252_253_255_256_258_259_260_261_262_264_265_266_267_268_270_271_272_274_275_276_277_279_280_281_282_284_286_287_288_289_291_293_294_295_297_298  4.57e+09  4.07e+09 -97351.74 252949.97  12212.91    796.43     87.42    111.05  -1229.24   4353.97      0.00 0
1193 14.0      213_226_230_237_246_249_252_260_261_266_275_276_277_281_286_287_289_291_293_295_298  2.69e+10  2.35e+10  17189.07 -24142.72   9973.86    742.22     71.40    305.45    640.25 -11146.01      0.00 0
1194 14.0      0_1_2_3_4_5_6_7_8_9_10_11_12_13_14_15_16_17_18_19_20_21_22_23_24_25_26_27_28_29_30_31_32_33_34_35_36_37_38_39_40_41_42_43_44_45_46_47_48_49_50_51_52_53_54_55_56_57_58_59_60_61_62_63_64_65_66_67_68_69_70_71_72_73_74_75_76_77_78_79_80_81_82_83_84_85_86_87_88_89_90_91_92_93_94_95_96_97_98_99_100_101_102_103_104_105_106_107_108_109_110_111_112_113_114_115_116_117_118_119_120_121_122_123_124_125_126_127_128_129_130_131_132_133_134_135_136_137_138_139_140_141_142_143_144_145_146_147_148_149_150_151_152_153_154_155_156_157_158_159_160_161_162_163_164_165_166_167_168_169_170_171_172_173_175_176_177_178_179_180_181_182_183_184_185_187_188_189_190_191_193_194_195_196_197_198_199_200_202_203_204_205_206_208_209_210_211_212_213_214_215_216_217_218_219_220_221_222_223_224_226_227_228_229_230_231_232_233_234_235_236_237_238_239_240_241_242_243_244_245_246_247_248_249_250_251_252_253_254_255_256_257_258_259_260_261_262_263_264_265_266_267_268_269_270_271_272_273_274_275_276_277_278_279_280_281_282_283_284_285_286_287_288_289_290_291_292_293_294_295_296_297_298  1.66e+10  1.50e+10 247949.72 -148336.09  10544.23    955.26     87.91    329.11  -2286.68  -2958.51      0.00 0
1195 14.0      0_1_2_4_5_6_7_8_10_11_14_15_16_19_20_22_23_24_27_28_30_31_32_36_37_39_40_42_43_46_47_48_51_52_56_57_58_61_62_64_65_66_68_69_70_73_74_77_80_81_82_85_87_88_90_92_93_94_97_98_101_104_105_106_109_110_112_113_115_118_120_123_124_127_130_131_132_136_140_142_145_149_151_156_159_161_169_174_175_183_184_192_198_207_217_223  4.79e+09  4.23e+09  32565.59  46045.13  11782.04    835.75     78.20     54.73  -4146.93  -2483.79      0.00 0
1196 14.0      0_1_2_3_5_6_7_8_9_11_13_15_16_17_19_20_21_23_24_27_28_29_31_32_35_37_39_40_41_44_45_47_48_51_52_53_55_57_58_61_62_63_66_67_69_70_73_74_78_79_81_82_88_89_91_102_103_110_111_116_117_128_129_141_148_157_158_168_173_181_182_191_197_200_205_206_212_214_220_226_227_231_235_238_243_246_250_253_255_258_261_264_267_270_274_277_279_281_284_287_289_291_295  1.82e+10  1.64e+10  21398.34 -53689.82  11632.91    879.74     78.62    291.73   2712.65  -9866.17      0.00 0
1197 14.0      0_1_2_3_4_5_6_7_8_9_10_11_12_13_14_15_16_17_18_19_20_21_22_23_24_25_26_27_28_29_30_31_32_33_34_35_36_37_38_39_40_41_42_43_44_45_46_47_48_49_50_51_52_53_54_55_56_57_58_59_60_61_62_63_64_65_66_67_68_69_70_71_72_73_74_75_76_77_78_79_80_81_82_83_84_85_86_87_88_89_90_91_93_94_95_96_97_98_99_100_101_102_103_105_106_107_108_109_110_111_113_114_119_120_121_123_124_125_126_129_131_132_133_134_135_137_141_143_144_145_146_150_152_154_155_162_164_165_170_176_178_185_187_188_193_194_202_203_208_209_215_221_222_228_229_232_233_236_239_245_247_248_262  1.12e+09  9.96e+08 106865.79 -25972.05  14459.16    727.78     82.51    346.34  -1179.20      8.26      0.00 0
1198 14.0      27_36_39_43_46_51_56_57_61_65_68_77_80_81_87_90_92_93_97_101_104_105_109_112_115_118_119_123_130_131_135_142_144  1.00e+10  8.79e+09 -23433.48  -7182.23   9090.64    779.08     69.65    197.04  -1107.16   2711.99      0.00 0
1199 14.0      96_108_122_126_138_142_153_163_169_174_186  5.50e+10  4.94e+10   1377.00 -20786.57   8126.30    860.15     68.69    273.79   3202.21   5055.53      0.00 0
