#event_number primary_type du_ids energy_primary em_energy Xmax_pos(x, y, z), Xmax_grams zenith azimuth shower_core_pos_x shower_core_pos_y shower_core_pos_z, N_tested_cores, units are degrees, GeV and meters
3900 14.0      95_99_121_125_133_137_146_152_154_162_176_178_185_199_202_203_218_224_228_233_241_244_251_255_256_259_268_271_272  7.94e+09  7.17e+09  -8457.63  26873.23   9601.75    775.68     71.18    107.47   4941.56  -4617.46      0.00 0
3901 14.0      0_1_2_3_4_5_6_7_8_9_10_11_12_13_14_15_16_17_18_20_21_22_23_24_25_26_28_29_30_32_33_34_35_37_38_40_41_42_44_45_48_49_50_52_53_54_55_58_59_60_62_63_64_66_67_70_71_72_74_75_76_78_79_82_83_84_86_88_89_91_94_95_96_98_99_100_102_103_106_107_108_110_111_114_116_117_120_121_122_124_125_126_128_129_133_134_136_137_140_141_143_145_146_147_148_151_152_153_154_155_157_158_161_162_164_165_167_168_170_172_173_175_176_177_178_179_181_182_184_185_187_188_190_191_193_194_196_197_198_199_200_202_203_205_206_208_209_210_211_212_213_214_215_216_217_218_219_220_221_222_223_224_226_227_228_229_230_231_232_233_234_235_236_237_238_239_240_241_242_243_244_245_246_247_248_249_250_251_252_253_254_257_260_262_263_266_269_273_278_280_283_285_292  1.12e+09  1.01e+09 -163066.38 -87655.41  13822.72    852.69     85.73    208.26   5940.61   -992.92      0.00 0
3902 14.0      167_172_181_190_196_200_205_206_211_213_219_226_227_230_231_237_238_246_249_250_252_253_258_260_261_264_267_270_274_275_277_279_281_284_289_291  2.88e+09  2.48e+09 -38553.56  27652.56  11855.79    717.72     75.97    144.35   3488.27 -10549.41      0.00 0
3903 14.0      22_26_34_38_42_49_50_54_60_64_68_71_72_75_76_80_84_86_90_95_96_99_100_104_108_112_114_118_121_122_125_126_130_133_134_138_142_143_146_149_154_159_164_176_178_187_202_203_209_228  1.15e+09  9.74e+08  19649.40 -32216.17  11278.18    675.82     73.36    301.38   3398.14    509.91      0.00 0
3904 14.0      235_238_243_244_250_253_255_256_258_259_264_268_270_271_272_274_279_282  9.12e+10  8.40e+10  25489.21   4347.79   8732.12    888.08     71.34      9.68   6100.73  -7856.18      0.00 0
3905 14.0      8_9_13_16_20_21_24_28_29_32_35_40_41_44_45_48_52_53_55_58_59_62_63_66_67_70_74_78_79_82_83_85_88_89_91_94_95_98_102_103_106_107_110_111_113_116_117_120_121_124_125_128_129_132_136_137_140_141_145_146_148_151_152_157_158_161_162_167_168_172_173_175_176_178_181_182_184_185_190_191_196_197_198_199_200_202_203_205_206_209_211_212_213_214_217_218_219_220_223_224_226_227_228_229_230_231_232_233_234_235_237_238_241_242_243_244_245_246_247_248_249_250_251_252_253_254_255_256_257_258_259_260_261_262_263_264_265_266_267_268_269_270_271_272_273_274_275_276_277_278_279_280_281_282_284_289_291  2.69e+09  2.34e+09 -188798.03  45570.43  14058.15    798.62     85.86    166.43  -4101.96  -4863.61      0.00 0
3906 14.0      3_4_9_10_12_17_18_21_22_25_26_29_30_33_34_36_38_41_42_45_46_49_50_53_54_56_59_60_63_64_67_68_71_72_75_76_80_83_84_86_89_90_92_95_96_99_100_103_104_107_108_111_112_114_118_121_122_125_126_129_130_133_134_137_138_141_142_146_147_149_152_153_159_162_163_168_169_173_174_183_186_191_192_197_199_201_207_212_214_220_238  1.74e+10  1.62e+10  -1830.36  55175.51  11362.26    901.48     78.37     91.90   2338.91   5040.24      0.00 0
3907 14.0      4_10_12_18_22_26_30_34_38_42_50_54_60_64_72_76_84_86_96_100_114_122_126_134_147_155_165_179_188_194_210_216  9.12e+09  8.10e+09  20889.63   2913.54   8197.93    853.78     68.76      7.94   3886.85   1279.05      0.00 0
3908 14.0      0_1_2_3_4_5_6_7_8_9_10_11_12_13_14_15_16_17_18_20_21_22_23_24_25_26_28_29_30_32_33_34_35_37_38_40_41_44_45_48_49_50_52_53_54_55_58_59_60_62_63_66_67_70_71_72_74_75_76_78_79_82_83_84_86_88_89_91_94_96_98_99_100_102_106_110_114_120_122_124_126_134_136_140_145_147_151_155_161_165_175_179_184_188_198_210_217  1.10e+10  9.78e+09  35521.00  20351.30  10663.54    829.51     75.40     29.81   -677.94  -1499.64      0.00 0
3909 14.0      21_28_29_35_40_41_44_45_52_53_55_59_62_63_66_67_78_79_82_83_88_89_91_94_95_102_103_106_107_110_111_116_117_120_121_124_125_128_129_136_137_140_141_145_146_148_151_152_154_157_158_161_162_164_167_168_172_173_175_176_178_181_182_184_185_187_190_191_193_196_197_198_199_200_202_203_205_206_209_211_212_213_214_215_217_218_219_220_221_223_224_226_227_228_229_230_231_232_233_234_235_237_238_239_241_242_243_244_245_246_247_248_249_250_251_252_253_254_255_256_257_258_259_260_261_262_263_264_265_266_267_268_269_270_271_272_273_274_278_279_282_283_285  9.55e+10  8.56e+10 149963.02  12566.41  13854.45    880.68     84.74      4.79   1948.35  -5565.15      0.00 0
3910 14.0      0_1_2_3_4_5_6_7_8_9_10_11_12_13_14_15_16_17_18_19_20_21_22_23_24_25_26_27_28_29_30_31_32_33_34_35_36_37_38_39_40_41_42_43_44_45_46_47_48_49_50_51_52_53_54_55_56_57_58_59_60_61_62_63_64_65_66_67_68_69_70_71_72_73_74_75_76_77_78_79_80_81_82_83_84_85_86_87_89_90_92_93_94_95_96_97_98_99_100_101_103_104_105_107_108_109_111_112_113_114_115_118_119_121_122_123_125_126_127_130_131_132_133_134_135_137_138_139_141_142_143_144_146_147_149_150_152_153_154_155_156_159_160_162_163_164_165_166_169_170_171_176_177_178_179_180_183_185_186_187_188_189_193_194_195_199_202_203_204_208_209_210_215_216_218_221_222_228_229_232_233_236_239_240_241_245_247_248_251_262_265_282  1.45e+09  1.24e+09 -144963.88  75013.78  15256.64    671.23     84.66    152.64    182.02   1607.82      0.00 0
3911 14.0      0_1_2_3_4_5_6_7_8_9_10_11_12_13_14_15_16_17_18_20_21_22_25_26_27_28_29_30_33_34_35_36_38_40_41_42_43_44_45_46_49_50_53_54_55_56_59_60_63_64_66_67_68_71_72_75_76_77_78_79_80_83_84_86_89_90_91_92_95_96_99_100_102_103_104_107_108_111_112_114_115_116_117_118_121_122_125_126_129_130_133_134_137_138_141_142_143_146_147_148_149_152_153_154_155_157_158_159_162_163_164_165_168_169_173_174_176_177_178_179_180_181_182_183_185_186_188_191_192_197_199_200_201_203_205_206_207_212_214_218_220_224_226_227_231_235_238_241_243_244_246_249_250_253_255_258_260_261_264_266_267_270_271_274_275_276_277_279_281_284_286_287_288_289_291_293_294_295_297_298  9.55e+09  8.44e+09   6053.41 104037.32  14293.97    734.47     82.19     86.67   2297.94  -2231.35      0.00 0
3912 14.0      203_218_224_228_233_235_241_243_244_248_251_255_256_258_259_264_270_271_272_274_279_281_284_289_291_295_298  1.78e+10  1.60e+10  17219.07  35858.62  10755.44    793.40     74.87     64.35   3486.03 -10377.32      0.00 0
3913 14.0      0_1_2_3_4_5_6_7_8_9_10_11_12_13_14_15_16_17_18_19_20_21_22_23_24_25_26_27_28_29_30_31_32_33_34_35_36_37_38_39_40_41_42_43_44_45_46_47_48_49_50_51_52_53_54_55_56_57_58_59_60_61_62_64_65_66_68_69_70_71_72_73_74_75_76_77_80_81_82_84_85_86_87_88_90_92_93_94_96_97_98_99_100_101_104_105_106_108_109_112_113_114_115_118_119_120_122_123_124_126_127_130_131_132_134_135_138_142_143_144_145_147_149_150_151_153_155_159_163_165_169_170_174_175_177_179_186_188_194_210_216_222_240  9.77e+10  8.77e+10 -95446.41 -35325.64  13633.78    829.58     82.37    200.31   1938.16   2168.29      0.00 0
3914 14.0      143_155_164_165_170_177_179_187_188_193_194_208_209_210_215_216_221_222_229_232  8.13e+09  7.34e+09  -5301.61  23092.48   8943.48    784.54     69.32    102.93   6154.63    346.65      0.00 0
3915 14.0      99_114_121_125_133_134_143_146_154_155_164_165_170_188_193_194_208_210_216_222_240  3.63e+09  3.13e+09  14146.41  20407.17   9372.91    736.80     69.32     55.27   5733.86    344.46      0.00 0
3916 14.0      0_1_2_3_4_5_6_7_8_9_10_11_12_13_14_15_16_17_18_19_20_21_22_23_24_25_26_27_28_29_30_31_32_33_34_35_36_37_38_39_40_42_43_44_46_47_48_49_50_51_52_54_56_57_58_60_61_62_64_65_66_68_69_70_71_72_73_74_76_77_80_81_82_84_85_86_87_88_90_92_93_94_96_97_98_100_101_104_105_106_108_109_112_113_115_118_119_120_122_123_124_126_127_130_131_132_134_135_138_139_142_144_145_147_149_150_151_153_155_156_159_160_163_166_169_171_174_175_177_179_180_183_186_188_189_192_195_201_204_207_210_225  1.07e+10  9.49e+09 -154696.02 -82391.91  14194.19    809.62     85.37    208.04  -1425.53   2814.22      0.00 0
3917 14.0      22_42_54_60_64_68_84_90_96_108_122_126_138_147_153_177_179  1.74e+09  1.52e+09  17639.85   6277.80   8410.81    735.56     65.81     19.59   3413.23   2532.85      0.00 0
3918 14.0      113_120_124_131_132_136_140_145_151_161_167_172_175_184_190_196_198_211_213_217_219_223_230_234_237_242_249_252_254_257_260_263_266_269_273_275_276_278_280_283_285_286_287_288_290_292_293_294_296_297_298  2.29e+10  2.03e+10  57939.82 -147466.05  14530.72    772.19     84.76    291.45  -4295.38 -11067.21      0.00 0
3919 14.0      37_47_57_69_70_73_74_81_85_93_94_97_98_105_106_109_113_119_120_123_124_131_132_135_136_139_144_145_150_151_160_161_171_175_184_195_198  6.76e+10  6.33e+10  -2622.66 -30281.43   9228.85    902.93     73.11    265.05  -3737.01    807.39      0.00 0
3920 14.0      157_181_190_200_205_213_226_230_249_252_260_266  1.00e+10  9.32e+09   1011.35  15555.00   7146.55    867.47     65.37     86.28  -1098.96  -7543.39      0.00 0
3921 14.0      8_9_13_20_21_28_29_33_35_40_41_44_45_52_53_55_59_62_63_66_67_75_78_79_82_83_88_89_91_94_95_102_103_106_107_110_120_128_136_140_145_151_161_175_184  6.61e+09  5.98e+09  29873.41   8826.23   9971.20    774.25     72.25     16.46  -1934.47  -2959.54      0.00 0
3922 14.0      8_13_16_20_23_24_28_29_32_35_37_40_44_45_47_48_52_55_58_62_66_67_69_70_73_74_78_79_82_85_88_89_91_94_97_98_102_103_106_110_111_113_116_117_120_123_124_128_129_131_132_136_140_141_144_145_148_151_157_158_161_162_167_168_172_173_175_181_182_184_190_191_196_197_198_199_200_205_206_211_212_213_214_217_219_220_223_224_226_227_230_231_234_235_237_238_241_242_243_244_246_249_250_252_253_254_255_256_257_258_259_260_261_263_264_266_267_269_270_271_272_273_274_275_276_277_278_279_280_281_283_284_285_286_287_288_289_290_291_293_294_295_296_297_298  2.51e+09  2.22e+09 136480.89 -124362.32  14596.56    738.43     85.48    317.66   3192.20 -10383.78      0.00 0
3923 14.0      68_80_90_92_101_104_108_109_112_115_118_122_127_130_135_138_139_142_147_149_153_156_159_160_163_166_169_171_180_183_189_195  1.15e+09  9.88e+08  35766.16 -11414.44  10836.35    742.67     73.90    342.30  -1440.30   4844.30      0.00 0
3924 14.0      0_1_2_3_4_5_6_7_8_9_10_11_12_13_14_15_16_17_18_19_20_21_22_23_24_25_26_27_28_29_30_31_32_33_34_35_36_37_38_39_40_41_42_43_44_45_46_47_48_49_50_51_52_53_54_55_56_57_58_59_60_61_62_63_64_65_66_67_68_69_70_71_72_73_74_75_76_77_78_79_80_81_82_83_84_85_86_87_88_89_90_91_92_93_94_95_96_97_98_99_100_101_102_103_104_105_106_107_108_109_110_111_112_113_114_115_116_117_118_119_120_121_122_123_124_125_126_127_128_129_130_131_132_133_134_135_136_137_138_139_140_141_142_143_144_145_146_147_148_149_150_151_152_153_154_155_156_157_158_159_160_161_162_163_164_165_166_167_168_169_170_171_172_173_174_175_176_177_178_179_180_181_182_183_184_185_186_187_188_189_190_191_192_193_194_195_196_197_198_199_200_201_202_203_204_205_206_207_208_209_210_211_212_213_214_215_216_217_218_219_220_221_222_223_224_225_226_227_228_229_230_231_232_233_234_235_236_237_238_239_240_241_242_243_244_245_246_247_248_249_250_251_252_253_254_255_256_257_258_259_260_261_262_263_264_265_266_267_268_269_270_271_272_273_274_275_276_277_278_279_280_281_282_283_284_285_286_287_288_289_290_291_292_293_294_295_296_297_298  2.63e+10  2.34e+10 133829.19 272697.28  10873.16    812.60     87.95     63.86    997.58  -1052.42      0.00 0
3925 14.0      20_28_29_35_40_41_44_45_52_55_58_62_63_66_67_74_78_79_82_88_89_91_94_98_102_103_106_107_110_111_116_117_120_121_124_128_129_132_136_137_140_141_145_146_148_151_152_157_158_161_162_167_168_173_175_176_184_185_191_197_199_202_203_212_218_224_228_233_241_245_248_251_256_262_265_268_282  3.80e+09  3.37e+09 -49066.91  12643.89  11959.17    739.59     76.72    165.55    -91.61  -3550.84      0.00 0
3926 14.0      0_1_2_3_4_5_6_7_8_9_10_11_12_13_14_15_16_17_18_19_20_21_22_23_25_26_27_28_29_30_31_33_34_35_36_38_39_41_42_43_44_45_46_49_50_51_53_54_55_56_59_61_63_64_65_67_68_77_78_79_80_83_87_89_90_91_92_101_103_104_109_115_118_127_149_156_159_166_180_183_189_201_204_225  4.79e+09  4.21e+09  -6720.67  36762.60  10892.90    730.51     73.75    100.36   -122.76   2478.46      0.00 0
3927 14.0      212_218_220_224_228_231_233_235_238_241_243_244_245_248_250_251_253_255_256_258_259_260_261_262_264_265_267_268_270_271_272_274_275_276_277_279_281_282_284_286_287_288_289_291_293_294_295_296_297  1.07e+10  9.53e+09 -32643.25 -23768.98  10744.29    805.32     75.10    216.06   3726.43  -8399.13      0.00 0
3928 14.0      44_55_62_66_78_88_102_106_110_120_136_140_151_161_184  4.07e+09  3.62e+09 -12527.49  -4621.64   6223.68    972.48     65.01    200.25  -2331.36  -3269.02      0.00 0
3929 14.0      106_110_136_140_151_161_172_184_198_211_217_223  9.33e+10  8.57e+10  11301.08  12697.43   7529.02    844.90     66.11     48.33  -3759.23  -4767.69      0.00 0
3930 14.0      0_1_2_3_4_5_6_7_8_9_10_11_12_13_14_15_16_17_18_19_20_21_23_24_25_26_27_28_29_31_32_33_35_37_38_39_40_41_44_45_47_48_49_51_52_53_55_57_58_59_62_63_66_67_69_70_71_73_74_75_78_79_81_82_83_85_88_89_91_93_94_95_97_98_99_102_103_106_107_111_113_119_121_123_124_125_129_131_132_137_141_144_146_152_154_162_176_178_185_199_202_203_209_218_228_229_233_245_248_251_262_265  2.75e+09  2.44e+09 -45034.32  21547.85  11104.44    882.30     77.46    154.43   -842.30   -945.73      0.00 0
3931 14.0      190_196_198_200_205_211_213_217_219_223_226_227_230_231_234_237_242_246_249_250_252_253_254_257_260_261_263_266_267  7.59e+09  6.79e+09  30743.10 -10250.71   9932.57    807.48     72.96    341.56  -3295.06  -7236.03      0.00 0
3932 14.0      0_1_2_3_4_5_6_7_8_9_10_11_12_13_14_15_16_17_18_19_20_21_22_23_24_25_26_27_28_29_30_31_32_33_35_36_37_39_40_41_42_43_44_45_46_47_48_51_52_53_55_56_57_58_61_62_63_65_66_67_68_69_70_73_74_77_78_79_80_81_82_87_88_89_91_92_93_101_102_103_105_109_110_111_115_116_117_127_128_129_135_139_148_149_156_157_158_160_166_168_171_180_181_182_189_191_195_200_204_206_214_227_231_250_253_267  5.89e+10  5.31e+10 -10246.36  45026.75  11137.48    822.72     76.44    102.82   -618.17   -316.42      0.00 0
3933 14.0      182_200_206_214_227_231_238_250_253_258_264_267_270_274_279_281_284_291  2.69e+09  2.49e+09  17460.12 -23734.32   9443.09    835.98     72.23    306.34   3533.66 -10480.17      0.00 0
3934 14.0      8_11_16_20_23_24_28_32_35_37_40_44_45_47_48_52_55_57_58_62_66_69_70_73_74_78_79_82_85_88_91_93_94_97_98_102_103_106_110_113_116_117_119_120_123_124_128_129_131_132_136_140_144_145_148_150_151_157_158_161_167_168_172_175_181_182_184_190_191_196_197_198_200_205_206_211_213_214_219_220_226_227_230_231_235_237_238_243_246_249_250_253_255_258_260_261_264_267_270_271_274_275_277_279_281_284_289_291  6.76e+10  6.03e+10 -50243.37  64100.79  13380.94    771.60     80.67    128.09  -3344.93  -1906.20      0.00 0
3935 14.0      0_1_2_4_6_7_10_11_14_15_16_18_19_22_23_24_27_30_31_32_34_36_37_39_42_43_46_47_48_51_54_56_57_58_60_61_64_65_68_69_70_73_74_77_80_81_84_85_87_90_92_93_97_98_101_104_105_108_112_113_115_118_122_124_130_132_138_142_149_153_159_163_169_174_186_192  6.61e+10  6.09e+10  37359.04  32201.97  11115.20    871.71     77.30     40.76   3215.52   5143.20      0.00 0
3936 14.0      95_107_121_125_146_154_176_178_187_209_215_232  1.70e+10  1.54e+10 -15949.21  -1148.85   7436.13    823.34     65.06    184.12   5113.16  -2278.88      0.00 0
3937 14.0      0_1_2_3_4_5_6_7_8_9_10_11_12_13_14_15_16_17_18_19_20_22_23_24_25_26_27_28_30_32_34_36_37_40_42_46_48_50_52_54_58_60_62_64_68_74_82_84_94_108  8.91e+09  8.27e+09  15806.68  13020.76   8013.28    872.23     68.63     39.48   -214.31     27.88      0.00 0
3938 14.0      3_4_9_10_12_17_18_21_22_25_26_29_33_34_38_41_42_45_49_50_53_54_59_60_63_67_71_75_79_83_89_103_111_129  4.17e+09  3.69e+09   -152.35 -16785.81   7191.24    910.60     66.81    269.48   1288.60  -1367.86      0.00 0
3939 14.0      20_24_32_37_40_44_47_48_52_58_62_66_69_70_73_74_78_82_85_88_91_93_94_97_98_102_106_110_113_116_117_119_120_123_124_128_131_132_136_140_144_145_148_150_151_157_158_161_167_172_175_181_182_184_190_191_196_198_200_205_206_211_213_214_217_219_223_226_227_230_231_234_237_238_242_246_249_250_252_253_254_257_260_261_263_266_267_269_270_273_275_276_277_280_281_283_284_286_287_288_289_290_291_293_294_295_296_297_298  1.55e+09  1.34e+09 -43647.44  83845.96  13941.58    750.71     81.61    117.50  -2645.74  -4757.90      0.00 0
3940 14.0      0_1_2_3_4_5_6_7_8_9_10_11_12_13_14_15_16_17_18_20_21_22_24_25_26_27_28_29_30_32_33_34_35_36_38_40_41_42_44_45_46_49_50_52_53_54_55_58_59_60_62_63_64_66_67_68_71_72_75_76_78_79_80_82_83_84_86_88_89_90_91_96_102_103_106_108_110_112_116_117_122_128_136_138_140_142_148_153_157_161_163_167_172_181_190_196_198_205_211_213_219_223_230_234_237_242_254_257_263_273_278  4.68e+10  4.18e+10 -22571.04 -39683.82  11323.51    782.13     76.07    240.37   -648.70  -2686.95      0.00 0
3941 14.0      238_243_244_246_250_253_255_256_258_259_260_261_264_265_266_267_268_270_271_272_274_275_276_277_279_280_281_282_283_284_286_287_288_289_290_291_292_293_294_295_296_297_298  7.08e+09  6.21e+09  50826.36  18650.11  11804.44    805.81     77.70     20.15   3437.05  -9759.67      0.00 0
3942 14.0      19_27_31_36_39_43_47_51_56_57_61_65_69_73_77_80_81_85_87_92_93_97_101_104_105_109_112_113_115_118_119_123_127_130_131_132_135_139_142_144_149_150_156_159_169_174_192  6.17e+10  5.64e+10  31583.50  18110.01   9395.23   1010.10     75.53     29.83  -3998.74   1602.33      0.00 0
3943 14.0      0_1_2_3_4_5_6_7_8_9_10_11_12_13_14_15_16_17_18_19_20_21_22_23_24_25_26_27_28_29_30_31_32_33_34_35_36_37_38_39_40_41_42_43_44_45_46_47_48_49_50_51_52_53_54_55_57_58_59_60_61_62_63_65_66_67_69_70_71_72_73_74_75_76_78_79_81_82_83_84_85_86_88_89_91_93_94_95_97_98_99_100_102_103_106_107_110_111_113_114_116_117_119_120_121_123_124_125_128_129_131_132_133_134_136_137_140_141_143_144_145_146_151_152_154_162_164_165_170_173_175_176_178_185_187_193_194_199_202_203_208_209_215_218_221_228_229_232_233_236_239_245_247_248_262  1.32e+09  1.13e+09 101619.82 -17790.33  14590.75    688.91     81.95    350.07    769.50  -1459.07      0.00 0
3944 14.0      214_220_226_227_230_231_235_237_238_243_244_246_249_250_251_252_253_255_256_257_258_259_260_261_263_264_265_266_267_268_269_270_271_272_273_274_275_276_277_278_279_280_281_282_283_284_285_286_287_288_289_290_291_292_293_294_295_296_297  4.79e+09  4.38e+09 -76740.39 -11304.67  12771.86    849.15     80.65    188.38   6080.44  -9196.41      0.00 0
3945 14.0      29_35_41_44_45_53_55_63_66_67_78_79_83_89_91_95_103_107_111_121_125_137_141_146_152_162_176_178_185_202_203_209_228_229  2.19e+09  1.90e+09  26973.70  -4103.47   9747.62    730.03     70.34    351.35   3246.11  -2949.70      0.00 0
3946 14.0      0_1_2_3_4_5_6_8_9_10_12_13_16_17_18_20_21_22_25_26_28_29_30_33_34_35_38_40_41_42_44_45_49_50_52_53_54_55_59_60_62_63_64_66_67_68_71_72_75_76_78_79_82_83_84_86_88_89_90_91_95_96_99_100_102_103_106_107_108_110_111_112_114_116_117_121_122_125_126_128_129_133_134_136_137_138_140_141_143_147_148_153_155_157_158_161_163_165_167_172_177_179_181_182_186_188_190_196_198_200_205_210_211_213_219_223_226_230_234_237_242_249_252_254_257_263_266_269_273_278_283_285_292  2.14e+09  1.90e+09 -35836.58 -53897.57  12909.66    727.58     78.72    236.38    533.34  -2681.90      0.00 0
3947 14.0      0_1_2_3_4_5_6_7_8_9_10_11_12_13_14_15_16_17_18_19_20_21_22_23_24_25_26_27_28_29_30_31_32_33_34_35_36_37_39_40_41_42_43_44_45_46_47_48_49_51_52_53_55_56_57_58_59_61_62_63_65_66_67_68_69_70_73_74_77_78_79_80_81_82_83_85_87_88_89_91_92_93_94_97_98_101_102_103_105_106_107_109_110_111_113_115_116_117_118_119_120_123_124_127_128_129_131_135_136_139_140_141_144_148_149_150_156_157_158_160_166_167_168_171_173_180_181_182_189_190_191_195_197_200_204_205_206_212_213_214_220_226_227_230_231_238_243_246_249_250_253_258_260_261_264_267_270_274_275_277_281_284_287_289_291_295  6.61e+09  5.93e+09  28038.79 -80066.21  13117.80    835.56     81.21    289.30  -2432.32   2977.42      0.00 0
3948 14.0      109_119_123_127_135_139_144_150_156_160_166_171_180_183_189_195_201_204_207_225  7.94e+09  7.41e+09  33829.86  35400.93  11142.82    861.37     77.18     46.30  -3502.53   5061.40      0.00 0
3949 14.0      28_29_35_40_41_44_45_52_55_62_63_66_67_78_79_82_83_88_89_91_94_102_103_106_107_110_111_117_121_129_137_141_152_162_176_185  1.55e+09  1.32e+09 -24863.34   5978.34   9347.90    759.46     69.92    166.48   1045.88  -2997.13      0.00 0
3950 14.0      0_1_2_3_4_5_6_7_8_9_10_11_12_13_14_15_16_17_18_19_20_21_22_23_24_25_26_27_28_29_30_32_33_34_35_36_38_40_41_42_43_44_45_46_48_49_50_52_53_54_55_56_58_59_60_62_63_64_66_67_68_71_72_75_76_78_79_80_82_83_84_86_88_89_90_91_96_102_103_104_106_108_110_112_116_117_122_128_130_136_138_140_142_153_157_161_163_167_169_172_174_186_190_196_211_213_219_234_237_242  1.38e+09  1.19e+09 -21115.45 -40597.00  11426.22    765.99     75.98    242.52    520.65   -138.73      0.00 0
3951 14.0      121_125_133_137_141_143_146_152_154_162_164_165_168_170_173_176_178_185_187_188_191_193_194_197_199_202_203_206_208_209_212_214_215_216_218_220_221_222_224_227_228_229_231_232_233_235_236_238_239_240_241_243_244_245_246_247_248_250_251_253_255_256_258_259_261_264_267_270_271_274_275_277_279_281_284_286_287_289_291_293_294_295_297_298  1.10e+09  1.02e+09  30874.61  49776.24  11917.02    835.34     78.50     58.19   6050.03  -2810.74      0.00 0
3952 14.0      148_181_182_190_200_205_213_226_227_230_237_246_249_252_257_260_266_269_273_276_280_283_285_288_290_292_296  2.63e+10  2.39e+10 -12266.89 -26246.60   9469.42    819.14     71.90    244.95  -1941.53  -9909.95      0.00 0
3953 14.0      0_1_3_4_5_6_7_9_10_12_14_17_18_19_21_22_25_26_27_30_33_34_36_38_39_41_42_43_46_49_50_51_53_54_56_59_60_61_63_64_65_68_71_72_75_76_77_80_83_84_86_87_90_92_95_96_99_100_101_104_107_108_109_112_114_115_118_121_122_125_126_127_130_133_134_135_137_138_139_142_143_146_147_149_152_153_154_155_156_159_160_162_163_164_165_166_169_170_171_174_176_177_178_179_180_183_185_186_187_188_189_192_193_194_195_199_201_202_203_204_207_208_209_210_215_216_218_221_222_224_225_228_229_232_233_236_239_241_245_247_248_251_256_262_265_268_272_282  3.39e+10  3.03e+10 -70506.88  90733.30  14129.23    790.64     82.99    127.85   2344.43   2520.00      0.00 0
3954 14.0      25_26_34_38_49_50_54_59_60_64_71_72_75_76_83_84_86_90_95_96_99_100_107_108_112_114_121_122_125_126_130_133_134_137_138_141_142_143_146_147_152_153_154_155_162_163_164_169_173_174_176_178_185_186_192_199_203_212_218_224_235  1.15e+09  9.72e+08  -5749.33  43204.25  11629.69    704.00     75.06     97.58   3357.11    916.18      0.00 0
3955 14.0      0_1_2_3_4_5_6_7_8_9_10_11_12_13_14_15_16_17_18_19_20_22_23_24_27_28_29_30_31_32_35_36_37_39_40_42_43_44_45_46_47_48_51_52_55_56_57_61_65_66_68_73_77_78_79_80_81_87_92_101_105_109_115_118_127_135_139_149_156_166_171_180_183_189_195_201_204_225  5.37e+10  4.86e+10   6927.18 -40999.49  10838.68    807.61     75.39    279.59  -1388.45   4976.22      0.00 0
3956 14.0      238_243_250_253_255_258_261_264_267_270_274_277  1.32e+10  1.20e+10  16383.64   7198.74   7975.03    788.64     65.98     23.72   2591.49  -8862.35      0.00 0
3957 14.0      22_30_34_36_42_43_46_50_54_56_60_64_65_68_72_76_77_80_84_86_87_90_92_96_100_101_104_108_109_112_114_115_118_122_126_127_130_134_135_138_139_142_143_147_149_153_155_156_159_160_163_164_165_166_169_170_171_174_177_179_180_183_186_188_189_192_193_194_195_201_204_207_208_210_215_216_221_222_225_236_239_240  4.27e+10  3.82e+10 -79676.28  42596.80  13518.75    798.08     81.49    151.87   2463.94   3945.48      0.00 0
3958 14.0      21_29_33_35_41_44_45_49_53_55_59_62_63_66_67_71_75_78_79_83_86_88_89_91_95_99_102_103_106_107_110_111_114_116_117_121_125_128_129_133_134_136_137_140_141_143_146_148_151_152_154_157_158_161_162_164_165_167_168_170_172_173_176_178_181_182_184_185_187_188_190_191_193_194_196_197_198_199_200_202_203_205_206_208_209_211_212_213_214_215_216_217_218_219_220_221_222_223_224_226_227_228_229_230_231_232_233_234_235_236_237_238_239_240_241_242_243_244_245_246_247_248_249_250_251_252_253_254_255_256_257_258_260_261_262_263_265_266_267_268_269_273_275_276_278_280_283_285_288_290_292  4.27e+09  3.73e+09 119623.98  64437.80  14041.35    841.78     84.10     28.31   2925.66  -4401.62      0.00 0
3959 14.0      12_17_18_21_22_25_26_33_34_38_41_42_49_50_53_54_59_60_63_64_67_68_71_72_75_76_83_84_86_89_90_95_96_99_100_103_104_107_108_111_112_114_121_122_125_126_129_130_133_134_137_138_141_142_143_146_147_152_153_154_155_158_159_162_163_164_165_168_169_170_173_174_176_177_178_179_185_186_187_191_192_197_199_202_203_206_212_214_218_220_224_231_233_235_238_241_243_244_250_253_255_256_258_259_264_267_270_271_274_277_279_281_284_289_291  7.59e+10  6.86e+10  -1505.67  70126.26  12683.82    808.30     79.75     91.23   3427.98  -4153.67      0.00 0
3960 14.0      1_6_7_10_14_15_18_19_22_23_27_30_31_34_36_39_42_43_46_47_51_54_56_57_60_61_64_65_68_69_73_76_77_80_81_84_87_90_92_93_96_97_104_108_112_122_126_130_138_142_147_153_163_177_179_186_210  9.12e+10  8.27e+10  33886.31  12615.68  10245.46    823.26     74.18     20.42   2832.25   3044.02      0.00 0
3961 14.0      59_63_75_83_86_89_95_99_100_103_107_111_114_117_121_125_126_129_133_134_137_141_143_146_148_152_154_155_158_162_164_165_168_170_173_176_178_179_181_182_185_187_188_191_193_194_197_199_200_202_203_205_206_208_209_210_212_214_215_216_218_220_221_222_224_226_227_228_229_230_231_232_233_235_236_238_239_240_241_243_244_246_249_250_252_253_255_258_260_261_264_266_267_269_270_274_275_276_277_280_281_283_284_286_287_288_289_290_291_292_293_294_295_296_297_298  4.79e+09  4.23e+09  50769.67  81311.62  14138.27    726.86     81.61     58.02   1485.83  -7917.00      0.00 0
3962 14.0      5_8_9_13_17_20_21_25_28_29_33_35_38_40_41_44_45_49_52_53_55_59_62_63_66_67_71_72_75_78_79_82_83_86_88_89_91_95_99_102_103_106_107_110_111_114_116_117_120_121_125_128_129_133_134_136_137_140_141_143_146_148_151_152_154_157_158_161_162_164_165_167_168_170_172_175_176_178_181_182_184_185_187_190_193_194_196_198_202_208_209_211_213_215_216_217_219_221_222_223_232_234_236_239_240_254  1.51e+09  1.31e+09  62930.77  27011.18  13224.89    709.26     79.07     23.23   1481.87  -2853.80      0.00 0
3963 14.0      1_2_6_7_10_11_14_15_16_19_22_23_24_27_30_31_32_36_37_39_42_43_46_47_48_51_56_57_61_64_65_68_69_70_73_77_80_81_87_90_92_101_104_112_118_130_142_159_169_174_192  1.32e+10  1.20e+10  15645.19  20709.18   9028.20    829.48     70.82     52.93    352.98   2869.87      0.00 0
3964 14.0      40_44_52_55_62_66_78_79_82_88_91_94_98_102_103_106_110_111_116_117_120_124_128_129_132_136_140_141_145_148_151_157_158_161_162_167_168_173_175_184  3.55e+10  3.18e+10  37850.14 -10000.44  10424.05    844.20     75.09    345.20  -3544.53  -2949.61      0.00 0
3965 14.0      4_6_7_10_12_14_18_19_22_26_27_30_34_36_38_39_42_43_46_50_51_54_56_60_61_64_65_68_71_72_76_77_80_81_84_86_87_90_92_96_100_101_104_105_108_109_114_115_119_127_135_139_150_160_166_171  1.12e+09  9.88e+08  27279.22 -15654.59   9717.95    827.85     72.83    330.15   -641.85   2727.30      0.00 0
3966 14.0      275_277_281_284_286_287_288_289_291_293_294_295  6.61e+09  5.89e+09  19550.76   2272.48   8346.57    777.79     67.02      6.63   1489.43 -11110.68      0.00 0
3967 14.0      61_65_77_87_92_93_101_104_105_109_112_115_118_119_123_127_130_135_138_139_142_144_149_150_156_159_160_163_166_169_171_174_180_183_186_189_192_195_201_204_207  1.02e+10  9.03e+09 -48203.58 -15960.48  11508.34    817.63     77.23    198.32    308.31   5030.91      0.00 0
3968 14.0      0_1_4_6_7_10_12_14_15_18_19_22_23_26_27_30_31_34_36_39_42_43_46_47_50_51_54_56_57_60_61_64_65_68_73_77_80_81_87_93_97_101_105_109_119_123_135_139_144_150_160  4.37e+09  3.88e+09  33904.41 -14405.54  10382.41    810.29     74.26    336.98  -4103.40   3174.48      0.00 0
3969 14.0      0_1_2_3_4_5_6_7_8_9_10_11_12_13_14_15_16_17_18_19_20_21_22_23_24_25_26_27_28_29_30_31_32_33_34_35_36_37_38_39_40_41_42_43_44_45_46_47_48_49_50_51_52_53_54_55_56_57_58_60_61_62_64_65_66_68_69_70_72_73_74_76_77_78_79_80_81_82_84_85_87_88_90_91_92_93_94_96_97_98_101_102_104_105_106_108_109_110_112_113_115_116_118_119_120_122_123_124_127_128_130_131_132_135_136_138_139_140_142_144_145_149_150_151_153_156_159_160_161_163_166_167_169_171_172_174_175_180_183_184_186_189_192_195_196_198_201_204_207_211_217_219_223_225_234_242_254_263_278  1.02e+09  8.91e+08 -83039.00 -120013.03  14721.15    744.17     84.24    235.32  -3950.08  -1954.52      0.00 0
3970 14.0      0_1_2_3_4_5_6_7_8_9_10_11_12_13_14_15_16_17_18_19_20_21_22_23_24_25_26_27_28_29_30_31_32_33_34_35_36_37_38_39_40_41_42_43_44_45_46_47_48_49_50_51_52_53_54_55_56_57_58_59_60_61_62_64_65_66_67_68_69_70_71_72_73_74_75_76_77_78_79_80_81_82_84_85_86_87_88_90_92_93_94_96_97_98_100_101_102_104_105_106_108_109_110_112_113_115_118_119_120_122_123_124_126_127_128_130_131_132_135_136_138_139_140_142_144_145_147_149_150_151_153_155_156_159_161_163_166_169_172_174_175_177_179_180_183_184_186_189_192_198_201_207_211_217_223  5.01e+10  4.48e+10 -91187.30 -86654.59  14421.39    768.31     83.46    223.54   2247.35   4240.84      0.00 0
3971 14.0      0_1_2_3_4_5_6_8_9_10_12_13_14_17_18_21_22_25_26_28_29_30_33_34_35_36_38_40_41_42_44_45_46_49_50_53_54_55_59_60_63_64_66_67_68_71_72_75_76_78_79_80_83_84_86_89_90_91_95_96_99_100_102_103_104_107_108_111_112_114_116_117_121_122_125_126_128_129_130_133_134_137_138_141_142_143_146_147_148_152_153_154_155_157_158_159_162_163_164_165_167_168_169_170_173_174_176_177_178_179_181_182_185_186_187_188_190_191_192_193_194_197_199_200_202_203_205_206_208_209_210_212_213_214_215_216_218_220_221_222_224_226_227_228_229_230_231_232_233_235_236_237_238_239_240_241_243_244_245_246_247_248_249_250_251_252_253_255_256_257_258_259_260_261_262_264_265_266_267_268_269_270_271_272_274_275_276_277_279_280_281_282_283_284_286_287_288_289_290_291_292_293_294_295_296_297_298  7.59e+09  6.63e+09  81747.58 278112.88  11592.06    788.72     87.71     73.62   3027.78 -10191.38      0.00 0
3972 14.0      0_1_2_3_4_5_6_7_8_9_10_11_12_13_14_15_16_17_18_19_20_21_22_23_24_25_26_27_28_29_30_31_32_33_34_35_36_37_38_39_40_41_42_43_44_45_46_47_48_49_50_51_52_53_54_55_56_57_58_59_60_61_62_63_64_65_66_67_68_69_70_71_72_73_74_75_76_77_78_79_80_81_82_83_84_85_86_87_88_89_90_91_92_93_94_95_96_97_98_99_100_101_102_103_104_105_106_107_108_109_110_111_112_113_114_115_116_117_118_119_120_121_122_123_124_125_126_127_129_130_131_132_133_134_135_137_138_139_141_142_143_144_146_147_149_150_152_153_154_155_156_158_159_160_162_163_164_165_166_168_169_170_171_173_174_176_177_178_179_180_183_185_186_187_188_189_192_193_194_195_197_199_201_202_203_204_207_208_209_210_212_215_216_218_221_222_224_225_228_229_232_233_235_236_239_240_241_244_245_247_248_251_256_259_262_265_268_272_282  2.24e+09  1.92e+09 -261808.69 149151.41  11206.65    780.02     87.87    150.33   2787.04   4119.43      0.00 0
3973 14.0      83_89_95_99_103_107_111_116_117_121_125_129_133_137_141_143_146_148_152_154_157_158_162_164_165_168_170_173_176_178_181_182_185_187_191_193_194_202_208_209_215_216_221_222_236_239_240  9.77e+09  8.93e+09  31471.80  23655.47  10696.80    797.17     74.80     36.93   4811.55  -1950.96      0.00 0
3974 14.0      19_27_31_36_37_39_43_46_47_51_56_57_61_65_68_69_70_73_77_80_81_85_87_90_92_93_97_98_101_104_105_109_112_113_115_118_119_123_127_130_131_132_135_138_139_142_144_149_150_156_159_160_163_166_169_171_174_180_183_186_189_192_195_201_204_207  1.62e+10  1.48e+10 -61111.26 -36646.80  12654.33    822.31     79.93    210.95  -4310.31   1957.57      0.00 0
3975 14.0      0_1_2_3_4_5_6_8_9_10_11_12_13_15_16_17_18_20_21_22_23_24_25_26_28_29_32_33_34_35_37_38_40_41_44_45_48_49_50_52_53_55_58_59_60_62_63_66_67_70_71_72_74_75_76_78_79_82_83_85_86_88_89_94_95_98_99_100_106_114_120_124_125_132_133_134_143_145_164_165_170_194_208_222  2.82e+10  2.52e+10  36346.06   7871.57  10516.33    792.15     74.21     12.22    878.10   -810.39      0.00 0
3976 14.0      172_184_196_198_211_213_217_219_223_234  6.76e+10  6.11e+10 -15213.93  10319.98   7799.69    841.70     67.01    145.85  -4381.38  -5681.76      0.00 0
3977 14.0      0_4_6_10_12_14_18_22_26_30_34_42_50_54_60_64_68_72_76_84_90_96_100_108_122_126_138_147_153_155_177_179_186  1.26e+09  1.14e+09 -21911.84 -12855.60   9301.80    763.56     69.89    210.40   3459.64   2402.22      0.00 0
3978 14.0      0_1_3_4_5_6_7_9_10_12_13_14_17_18_21_22_25_26_27_29_30_33_34_36_38_41_42_43_45_46_49_50_53_54_56_59_60_63_67_71_72_75_76_77_83_86_89_95_99_107_111_121_125_137_141_146_152_162_173_176_185_199_203_212_218_224_233_235_241_244_251_255_256_259_268_271_272  3.16e+09  2.74e+09  24092.01 -37584.87  11762.00    697.37     75.24    302.66   3855.59  -4122.67      0.00 0
3979 14.0      83_89_91_95_99_103_107_111_116_117_121_125_128_129_133_137_141_143_146_148_152_154_157_158_162_164_167_168_170_173_176_178_181_182_185_187_190_191_193_196_197_199_200_202_203_205_206_208_209_211_212_213_214_215_218_219_220_221_222_226_227_229_230_231_232_234_236_237_239_242_246_249_252_254_257_260_263_266_269_273_278_280_283_285_292  3.47e+10  3.22e+10 -45355.40 -33280.30  11619.25    864.35     78.33    216.27     21.55  -6184.05      0.00 0
3980 14.0      3_4_5_8_9_12_13_17_18_21_25_26_28_29_33_34_35_38_40_41_44_45_49_50_53_55_59_60_63_66_67_71_72_76_78_79_83_89_91_102_103_116_128  2.09e+10  1.88e+10 -10562.22 -17399.15   8211.21    826.34     68.03    238.74    411.84  -1960.07      0.00 0
3981 14.0      141_148_157_158_162_167_168_172_173_181_182_185_190_191_196_197_198_199_200_203_205_206_211_212_213_214_218_219_220_223_224_226_227_228_230_231_233_234_235_237_238_241_242_243_244_245_246_248_249_250_251_252_253_254_255_256_257_258_259_260_261_262_263_264_265_266_267_268_269_270_271_272_273_274_275_276_277_278_279_280_281_282_283_284_285_286_287_288_289_290_291_292_293_294_295_296  7.24e+10  6.60e+10 -113596.30 -14491.57  13695.87    860.99     83.18    187.27     15.13  -8480.42      0.00 0
3982 14.0      9_13_20_21_28_29_33_35_40_41_44_45_49_52_53_55_59_62_63_66_67_75_78_79_82_83_88_89_91_94_95_99_102_103_106_107_110_111_116_117_120_121_125_128_129_133_136_137_140_141_145_146_148_151_152_154_157_158_161_162_164_167_168_170_172_173_175_176_178_181_182_184_185_187_190_191_193_196_197_198_199_200_202_203_205_206_208_209_211_212_213_214_215_217_218_219_220_221_223_224_226_227_228_229_230_231_232_233_234_235_236_237_238_239_241_242_244_245_247_248_251_254_256_257_262_263_265_268  1.00e+10  8.77e+09 105664.19  19583.71  14109.70    772.65     82.52     10.50   2550.89  -4129.44      0.00 0
3983 14.0      168_173_182_191_197_199_200_205_206_212_214_220_224_226_227_230_231_238_246_249_250_252_260_261_266_269_273_276_280_283  6.61e+09  5.90e+09 -23401.85 -16772.62   9756.69    761.87     71.28    215.63    536.96  -7678.58      0.00 0
3984 14.0      4_10_12_18_22_25_26_34_38_50_54_60_71_72_76_84_86_96_100_114_134_143_165_170  7.41e+10  6.94e+10  16348.60  -2393.74   7191.23    898.94     66.48    351.67   3366.23    456.28      0.00 0
3985 14.0      220_231_235_238_241_243_244_246_250_251_253_255_256_258_259_260_261_264_265_267_268_270_271_272_274_275_276_277_279_281_282_284  7.76e+10  6.99e+10  30136.20  12569.18   9957.90    807.86     73.04     22.64   4374.21  -8224.98      0.00 0
3986 14.0      219_226_230_234_237_242_246_249_250_252_254_257_260_261_263_266_267_269_270_273_275_276_277_278_280_281_283_284_286_287_288_289_291  1.45e+10  1.30e+10  35136.28 -12483.84  10671.07    766.51     74.03    340.44  -1428.64  -9309.66      0.00 0
3987 14.0      0_1_2_3_4_5_6_7_8_9_10_11_12_13_14_15_16_17_18_19_21_22_23_24_25_26_27_29_30_31_33_34_36_37_38_39_41_42_43_46_47_48_49_50_51_53_54_56_57_59_60_61_63_64_65_68_69_70_71_72_73_75_76_77_80_81_83_84_85_86_87_90_92_93_95_96_97_99_100_101_104_105_108_109_112_113_114_115_118_119_121_122_123_125_126_127_130_131_133_134_135_138_139_142_143_144_146_147_149_150_153_154_155_156_159_160_163_164_165_166_169_170_171_174_177_178_179_180_183_186_187_188_189_192_193_194_195_201_202_204_207_208_209_210_215_216_221_222_225_229_232_236_239_240_245_247  1.95e+09  1.67e+09 -198882.98  77781.26  13996.91    761.27     86.25    158.64   6435.45   1706.06      0.00 0
3988 14.0      148_157_158_167_168_172_173_181_182_190_191_196_197_198_199_200_205_206_211_212_213_214_217_218_219_220_223_224_226_227_230_231_233_234_235_237_238_241_242_243_244_246_248_249_250_251_252_253_254_255_256_257_258_259_260_261_262_263_264_265_266_267_268_269_270_271_272_273_274_275_276_277_278_279_280_281_282_283_284_285  1.48e+10  1.30e+10  89922.58  -4917.25  13619.83    780.31     81.40    356.87   2843.07  -7882.88      0.00 0
3989 14.0      82_88_94_102_106_110_116_120_128_136_140_148_157_167_181_182_190_200_206  4.07e+10  3.68e+10 -12918.55  16799.33   8377.73    820.12     68.43    127.56  -1274.91  -4410.96      0.00 0
3990 14.0      172_184_196_198_205_211_213_217_219_223_226_230_234_237_242_246_249_250_252_254_257_260_261_263_266_267_269_273_275_276_277_280_281_286_287_288_289_291_293_294_295_298  1.48e+10  1.31e+10  26073.02 -27959.89   9993.89    913.95     75.35    313.00   -244.10 -10206.73      0.00 0
3991 14.0      9_13_17_21_25_26_28_29_33_35_38_40_41_44_45_49_50_53_55_59_62_63_66_67_71_72_75_76_78_79_83_86_88_89_91_95_99_100_102_103_106_107_110_111_114_116_117_121_125_126_128_129_133_134_136_137_140_141_143_146_148_152_154_155_157_158_161_162_164_165_167_168_170_172_173_176_178_179_181_182_184_185_187_188_190_191_193_194_196_197_198_199_200_202_203_205_206_208_209_210_211_212_213_214_215_216_217_218_219_220_221_222_223_224_226_227_228_229_230_231_232_234_236_237_238_239_240_242_246_249_250_252_254_257_260_261_263_266_269_273_276_278_280_283_285_290_292  7.08e+10  6.43e+10  83779.34  65880.51  13426.35    883.45     82.82     38.18  -4226.92  -8620.19      0.00 0
3992 14.0      44_55_62_66_78_79_82_88_89_91_94_102_103_106_110_111_116_117_120_124_128_129_136_137_140_141_145_148_151_157_158_161_162_167_168_172_173_175_181_182_184_185_190_191_197_198_199_203_212_214_218_220_224_233_235_241_244_248_251_256_265_268  5.25e+09  4.71e+09  40949.54 -11394.81  10566.27    874.61     76.04    344.45   -243.01  -4294.46      0.00 0
3993 14.0      29_35_41_44_45_53_55_59_63_66_67_78_79_83_88_89_91_95_102_103_106_107_110_111_116_117_128_136_140_148_151_157_161_167_172_184_196_198_211_217_223_234  1.78e+09  1.53e+09 -31742.66 -15923.27  10708.37    729.91     73.22    206.64  -2017.51  -4275.27      0.00 0
3994 14.0      185_199_203_218_224_233_241_244_251_256_259_268_272  9.55e+09  8.25e+09  11617.61 -19881.15   8991.63    757.50     68.67    300.30   6146.74  -6857.88      0.00 0
3995 14.0      129_141_148_158_168_181_182_191_197_200_205_206_214_226_227_230_246_249_252_260_266  8.51e+10  7.67e+10 -12526.46 -17724.54   8344.50    843.31     68.97    234.75    448.66  -6824.80      0.00 0
3996 14.0      0_1_2_3_4_5_6_7_8_9_10_11_12_13_14_15_16_17_18_19_20_21_22_23_24_25_26_27_28_29_30_31_32_33_34_35_36_37_38_39_40_41_42_43_44_45_46_47_48_49_50_51_52_53_54_55_56_57_58_59_60_61_62_63_64_65_66_67_68_69_70_71_72_73_74_75_76_77_78_79_80_81_82_83_84_85_86_87_88_89_90_91_92_93_94_95_96_97_98_99_100_101_102_104_105_106_108_109_110_112_113_114_115_118_119_120_122_123_124_126_127_130_131_132_133_134_135_136_138_139_140_142_143_144_145_147_149_150_151_153_155_156_159_160_161_163_165_166_169_170_171_174_175_177_179_180_183_184_186_188_189_192_194_198_201_207_210_216_217_222_240  6.76e+09  6.11e+09 145698.66  81394.84  13867.72    870.79     85.25     29.19   5249.00   4765.77      0.00 0
3997 14.0      1_2_7_11_15_16_19_20_23_24_31_32_37_39_40_47_48_51_52_57_58_62_66_69_70_73_74_82_85_88_94_98_106_110_120_124_136_140_145_151_161_172_184_198_211_217_223_234_254  6.61e+10  6.07e+10  -9337.80 -21966.50   7709.42   1071.10     72.10    246.97  -3040.42  -3260.58      0.00 0
3998 14.0      0_1_2_3_4_5_6_7_8_9_10_11_12_13_14_15_16_17_18_19_21_22_23_24_25_26_27_28_29_30_31_33_34_35_36_38_39_41_42_43_45_46_47_49_50_51_53_54_56_57_59_60_61_63_65_67_71_72_73_75_76_77_81_83_86_87_89_93_95_99_105_107_111_114_121_125_133_137_146_152_154_162_176_178_185_187_202_203_209_218_228_229_233_245_247_248_251_262_265_282  1.70e+10  1.55e+10  32665.69 -24074.42  10155.01    925.04     75.95    323.61   3762.64  -2277.50      0.00 0
3999 14.0      3_4_6_9_10_12_14_17_18_21_22_25_26_30_33_34_36_38_41_42_43_46_49_50_53_54_56_59_60_63_64_67_68_71_72_75_76_77_80_83_84_86_89_90_92_95_96_99_100_101_104_107_108_111_112_114_115_118_121_122_125_126_130_133_134_137_138_141_142_143_146_147_149_152_153_154_155_156_159_162_163_164_165_168_169_170_173_174_176_177_178_179_180_183_185_186_187_188_189_192_193_194_197_199_201_202_203_204_207_208_209_210_212_215_216_218_220_221_222_224_225_228_229_232_233_235_236_239_241_243_244_245_247_248_251_255_256_259_262_264_265_268_271_272_274_279_282  6.92e+09  5.95e+09 -41706.52 113722.35  14443.74    756.48     83.20    110.14   6216.90  -5859.14      0.00 0
