#event_number primary_type du_ids energy_primary em_energy Xmax_pos(x, y, z), Xmax_grams zenith azimuth shower_core_pos_x shower_core_pos_y shower_core_pos_z, N_tested_cores, units are degrees, GeV and meters
5500 14.0      0_1_2_3_4_5_6_7_8_9_10_11_12_13_14_15_16_17_18_19_20_21_22_23_24_25_26_27_28_29_30_31_32_33_34_35_36_37_38_39_40_41_42_43_44_45_46_47_48_49_50_51_52_53_54_55_56_57_58_59_60_61_62_63_64_65_66_67_68_69_70_71_72_73_74_75_76_77_78_79_80_81_82_83_84_85_86_87_88_89_90_91_92_93_94_95_96_97_98_99_100_101_103_104_105_107_108_109_111_112_113_114_115_118_119_121_123_125_126_127_129_131_132_133_134_135_137_139_141_143_144_146_150_152_154_156_160_162_164_165_166_170_171_173_176_178_185_187_193_195_199_202_203_208_209_212_215_218_221_224_228_229_232_233_239_241_244_245_247_248_251_256_262_265_268_272_282  2.51e+08  2.15e+08 -95312.48  57882.57  14087.21    788.18     82.80    148.73   4416.66  -2265.43      0.00 0
5501 14.0      0_2_3_5_8_9_12_13_17_20_21_28_29_35_40_41_44_45_52_55_62_66_67_78_79_82_88_91_102_106_110_116_128_136_140_148_157_161_167_172_181_190_196_198_205_211_213_219_223_230_234_237_242_252_254_257_263_269_273_278_285  2.69e+08  2.26e+08 -24483.86 -40893.36  12211.08    666.92     75.63    239.09  -3392.22  -7163.58      0.00 0
5502 14.0      167_190_196_213_219_230_237_242_252_257_263_266_269_273_280_283_285_290_292  4.07e+08  3.53e+08  -4830.56 -24043.52   9310.89    739.97     69.21    258.64  -2666.67  -8700.88      0.00 0
5503 14.0      0_1_2_3_4_5_6_7_8_9_10_11_12_13_14_15_16_17_18_19_20_21_22_23_24_25_26_27_28_29_30_31_32_33_34_35_36_37_38_39_40_41_42_43_44_45_46_47_48_49_50_51_52_53_54_55_56_57_58_59_60_61_62_63_64_65_66_67_68_69_70_71_72_73_74_76_77_78_79_80_81_82_84_85_87_88_90_91_92_93_94_96_97_98_101_102_104_105_106_108_109_110_112_113_115_116_118_119_120_122_123_124_127_128_130_131_132_135_136_138_139_140_142_144_145_149_150_151_153_156_157_159_160_161_163_166_167_169_171_172_174_175_180_183_184_186_189_190_192_195_196_198_201_204_207_211_213_217_219_223_225_234_237_242_254_257_263_273_278_285  2.14e+08  1.91e+08  83198.80 144104.53  14148.29    825.89     85.14     60.00  -1616.85   1793.69      0.00 0
5504 14.0      148_158_168_173_181_182_190_191_196_197_199_200_205_206_212_213_214_218_219_220_224_226_227_230_231_233_235_238_241_243_244_248_251_255_256_259_262_265_268_282  1.07e+08  9.63e+07  37784.23   2158.78  11311.11    672.52     73.36      3.27   3117.82  -6409.70      0.00 0
5505 14.0      1_4_6_7_10_14_15_18_19_22_23_26_27_30_31_34_36_39_42_43_46_47_50_51_54_56_57_60_61_64_65_68_69_72_73_76_77_80_81_84_87_90_92_93_96_97_100_101_104_105_108_109_112_115_118_119_122_123_126_127_130_131_134_135_138_139_142_144_147_150_153_155_160_163_165_177_179_186_188_194_210_216_222_240  6.61e+08  5.76e+08 -53098.11  -1659.40  12079.23    747.94     77.19    181.79   1836.44   2435.87      0.00 0
5506 14.0      1_6_7_10_11_14_15_18_19_22_23_27_30_31_34_36_37_39_42_43_46_47_51_54_56_57_60_61_64_65_68_69_70_73_77_80_81_84_85_87_90_92_93_96_97_101_104_105_108_109_112_113_115_118_119_122_123_126_127_130_131_132_135_138_139_142_144_147_149_150_153_156_159_160_163_166_169_171_174_177_179_180_183_186_189_192_195_201_204_207_210_225  3.80e+08  3.15e+08 115660.59  36378.88  14908.72    690.72     82.99     17.46  -1100.60   3833.22      0.00 0
5507 14.0      0_1_2_3_4_5_6_7_8_9_11_13_15_16_17_19_20_21_23_24_27_28_29_31_32_33_35_37_39_40_41_44_45_47_48_51_52_53_55_57_58_61_62_63_66_67_69_70_73_74_78_79_81_82_83_85_87_88_89_91_93_94_97_98_102_103_105_106_107_110_111_113_116_117_119_120_123_124_128_129_131_132_135_137_141_144_148_150_157_158_160_162_168_173_181_182_191_197_199_200_206_212_214_220_224_227_231_235_238_243_244_250_253_255_258_259_264_270_271_274_279_284  6.31e+08  5.52e+08 -35630.07  47906.02  11875.74    855.09     78.75    126.64    817.03  -4143.20      0.00 0
5508 14.0      60_76_96_100_114_126_134_143_147_155_165_179_188_194_210_216_222_240  3.98e+08  3.46e+08  19717.85   2637.93   7656.33    931.09     68.95      7.62   5813.38   1539.28      0.00 0
5509 14.0      0_1_2_3_4_5_6_7_8_9_10_11_12_13_14_15_16_17_18_19_20_21_22_23_24_25_26_27_28_29_30_31_32_33_34_35_36_37_38_39_40_41_42_43_44_45_46_47_48_49_50_51_52_53_54_55_56_57_58_59_60_61_62_63_64_65_66_67_68_69_70_71_72_73_74_75_76_77_78_79_80_81_82_83_84_85_86_87_88_89_90_91_92_93_94_95_96_97_98_99_100_101_102_103_104_105_106_107_108_109_110_111_112_113_114_115_116_117_118_119_120_121_122_123_124_125_126_127_128_129_130_131_132_133_134_135_136_137_138_139_140_141_142_143_144_146_147_148_149_150_152_153_154_155_156_157_158_159_160_162_163_164_165_166_167_168_169_170_171_173_174_176_177_178_179_180_181_182_183_185_186_187_188_189_190_191_192_193_194_195_197_199_200_201_202_203_204_205_206_207_208_209_210_212_214_215_216_218_220_221_222_224_225_226_227_228_229_231_232_233_235_236_238_239_241_243_244_245_246_247_248_250_251_253_255_256_258_259_261_262_264_265_267_268_270_271_272_274_279_281_282_284_291  1.10e+08  8.74e+07 130463.80 -218508.12  12669.42    806.44     87.15    300.84   -480.87   3635.19      0.00 0
5510 14.0      0_1_2_3_4_5_6_7_8_9_10_11_12_13_14_15_16_17_18_19_20_21_22_23_24_25_26_27_28_29_30_31_32_33_34_35_36_37_38_40_41_42_43_44_45_46_48_49_50_52_53_54_55_56_58_59_60_62_63_64_66_67_68_71_72_74_75_76_78_79_80_82_83_84_86_88_89_90_91_94_95_96_99_100_102_103_104_106_107_108_110_111_112_114_116_117_120_121_122_125_126_128_129_130_133_134_136_137_138_140_141_142_143_146_147_148_151_152_153_154_155_157_158_161_162_163_164_165_167_168_169_170_172_173_174_176_177_178_179_181_182_184_185_186_187_188_190_191_193_194_196_197_198_199_200_202_203_205_206_208_209_210_211_212_213_214_215_216_217_218_219_220_221_222_223_224_226_227_230_231_234_235_236_237_238_240_242_243_246_249_250_252_253_254_257_258_260_261_263_266_267_269_270_273_275_276_277_278_280_281_283_285_286_287_288_289_290_292_293_294_295_296_297_298  6.31e+08  5.40e+08  80793.64 138873.08  14706.52    745.99     84.77     59.81  -1526.07  -8030.26      0.00 0
5511 14.0      111_117_121_129_137_141_146_148_152_154_158_162_168_173_176_178_181_182_185_187_190_191_197_199_200_202_203_205_206_209_212_213_214_215_218_219_220_221_224_226_227_228_229_230_231_232_233_235_237_238_239_241_242_243_244_245_246_247_248_249_250_251_252_253_254_255_256_257_258_260_261_262_263_265_266_267_269_273_275_276_277_278_280_283_285_286_288_290_292_296  1.35e+08  1.13e+08 -57154.76 -36720.89  13020.64    736.08     79.15    212.72   1236.67  -7095.33      0.00 0
5512 14.0      116_128_136_140_148_151_157_158_161_167_172_175_181_182_184_190_191_196_197_198_200_205_206_211_212_213_214_217_219_220_223_226_227_230_231_234_235_237_238_243_244_246_249_250_252_253_255_258_259_260_261_264_267_270_271_272_274_277_279_281_284  6.61e+08  5.65e+08 -57916.04  29382.48  13449.06    651.36     78.30    153.10   3179.76  -8662.71      0.00 0
5513 14.0      59_71_72_75_76_83_86_95_96_99_100_107_111_114_121_122_125_126_129_133_134_137_138_141_143_146_147_152_153_154_155_162_163_164_165_168_170_173_176_177_178_179_185_186_187_188_191_193_194_197_199_202_203_206_208_209_210_212_214_215_216_218_220_221_222_224_228_229_231_233_235_238_241_243_244_248_250_251_253_255_256_258_259_264_267_270_271_272_274_277_279_281_284_289_291_295_298  1.48e+08  1.35e+08  11216.31  73213.42  13326.86    733.27     79.80     81.29   4169.66  -4985.18      0.00 0
5514 14.0      46_56_68_77_80_92_104_115_118_149_156_159_180_183_201_204_225  1.38e+08  1.20e+08  -3332.31  20172.57   8962.38    692.37     66.33     99.38     31.93   4723.99      0.00 0
5515 14.0      228_229_232_233_241_244_245_247_248_251_255_256_259_262_264_265_268_271_272_279_282  4.79e+08  4.05e+08 -16541.89 -48314.90  12335.83    685.99     76.42    251.10   5493.74 -10825.74      0.00 0
5516 14.0      0_1_2_3_4_5_6_7_8_9_10_11_12_13_14_15_16_17_18_19_20_21_22_23_24_25_26_27_28_29_30_31_32_33_34_35_36_37_39_40_41_42_43_44_45_46_47_48_49_51_52_53_55_56_57_58_59_61_62_63_65_66_67_68_69_70_73_74_77_78_79_80_81_82_83_85_87_88_89_91_92_93_94_97_98_101_102_103_105_106_107_109_110_111_113_115_116_117_119_120_123_124_127_128_129_131_132_135_136_137_139_140_141_144_145_148_150_151_156_157_158_160_161_166_167_168_171_172_173_175_180_181_182_184_189_190_191_195_196_197_198_200_204_205_206_211_212_213_214_217_219_220_223_226_227_230_231_234_235_237_238_242_243_246_249_250_252_253_254_255_257_258_260_261_263_264_266_267_269_270_271_273_274_275_276_277_278_279_280_281_283_284_285_286_287_288_289_290_291_292_293_294_295_296_297_298  2.88e+08  2.42e+08 -100672.34 270989.28  11509.76    804.49     87.72    110.38  -2518.18  -6418.27      0.00 0
5517 14.0      0_1_2_3_4_5_6_7_8_9_10_11_12_13_14_15_16_17_18_19_20_21_22_23_24_25_26_27_28_29_30_31_32_33_34_35_36_37_38_39_40_41_42_43_44_45_46_47_48_49_50_51_52_53_54_56_57_58_59_60_61_63_64_65_67_68_69_70_71_72_73_74_75_76_77_80_81_83_84_85_86_87_89_90_92_93_95_96_97_99_100_101_104_105_107_108_109_112_113_114_115_118_119_121_122_123_125_126_127_130_131_133_134_135_137_138_139_142_143_144_146_147_149_150_152_153_154_155_156_159_160_164_165_166_170_171_176_177_178_179_180_187_188_189_193_194_195_202_203_208_209_210_215_216_221_222_228_229_232_236_239_240_245_247_248_262  1.17e+08  9.96e+07 -106817.64  47826.59  14494.62    740.32     82.94    155.88  -2997.09   3106.94      0.00 0
5518 14.0      0_1_2_3_4_5_6_7_8_9_11_13_15_16_17_19_20_21_23_24_27_28_29_31_32_33_35_37_39_40_41_44_45_47_48_51_52_53_55_57_58_61_62_63_66_67_69_70_73_74_78_79_81_82_83_85_88_89_91_93_94_97_98_102_103_105_106_107_110_111_113_116_117_119_120_123_124_128_129_131_132_135_136_137_140_141_144_145_148_150_151_157_158_160_161_162_167_168_172_173_175_181_182_185_190_191_196_197_199_200_205_206_212_214_218_220_224_226_227_231_235_238_241_243_244_246_250_253_255_256_258_259_264_267_270_271_272_274_279_281_284  4.90e+08  4.14e+08  68716.21 -71806.98  14092.05    747.50     81.93    313.74  -3300.97   -591.83      0.00 0
5519 14.0      0_1_2_3_4_5_6_7_8_9_10_11_12_13_14_15_16_17_18_19_20_21_22_23_24_25_26_27_28_29_30_31_32_33_34_35_36_37_38_39_40_41_42_43_44_45_46_47_48_49_50_51_52_54_55_56_57_58_60_61_62_64_65_66_68_69_70_72_73_74_76_77_78_79_80_81_82_84_85_87_88_90_92_93_94_96_97_98_101_102_104_105_106_108_109_110_112_113_115_118_119_120_122_123_124_127_128_130_131_132_135_136_138_139_140_142_144_145_149_150_151_153_156_159_160_161_163_166_167_169_171_172_174_175_180_183_184_186_189_192_195_196_198_201_204_207_211_217_219_223_225_234_242_254_263  9.55e+08  8.30e+08  76185.26 106768.38  14179.36    813.90     83.83     54.49   -707.95   2528.97      0.00 0
5520 14.0      0_1_2_3_4_6_7_10_11_12_14_15_17_18_19_22_25_26_27_30_31_33_34_36_38_42_46_49_50_54_60_64_71_72_75_76_84_86_96_99_100_114_126_133_134_143_155_164_165_170_188_193_194_208_216_221_222_236_240  2.69e+08  2.26e+08 -40047.89    531.25  11039.52    748.56     74.59    179.24   5939.77    616.07      0.00 0
5521 14.0      47_57_69_73_93_97_119_123_144_150  4.57e+08  3.85e+08 -16148.03  11231.54   8827.64    692.86     65.83    145.18  -4203.00   2157.85      0.00 0
5522 14.0      157_161_167_172_181_182_184_190_191_196_198_200_205_206_211_213_214_217_219_220_223_226_227_230_231_234_235_237_238_242_243_246_249_250_252_253_254_255_257_258_259_260_261_263_264_266_267_269_270_271_273_274_275_276_277_278_279_280_281_283_284_285_286_287_288_289_290_291_292_293_294_295_296_297_298  4.17e+08  3.55e+08 -142655.30  53620.60  14781.82    736.87     84.46    159.40   1068.41 -10443.71      0.00 0
5523 14.0      40_44_45_52_55_62_66_67_78_79_82_88_89_91_94_102_103_106_110_111_116_117_120_124_128_129_136_137_140_141_148_152_157_158_162_168_173_182_185_191_197_199_203_212_214_218_220_224_233_235_241_243_244_248_251_255_256_259_265_268_271_272_282  8.91e+08  7.91e+08 -41580.56  19886.39  11184.74    812.87     76.36    154.44   4110.79  -5831.40      0.00 0
5524 14.0      3_4_5_8_9_12_13_17_18_21_25_26_28_29_33_34_35_38_40_41_44_45_49_50_53_55_59_60_63_66_67_71_72_75_76_78_79_83_86_88_89_91_95_96_100_102_103_107_110_111_116_117_128_140_148_157_167_172_181_190_196_205_213_219_237  3.09e+08  2.61e+08  18677.38  27257.21   9994.97    808.96     73.17     55.58    247.95  -2912.95      0.00 0
5525 14.0      0_1_2_3_4_5_6_7_8_9_10_11_12_13_14_15_16_17_18_19_20_21_22_23_24_25_26_27_28_29_30_31_32_33_34_35_36_37_38_39_40_41_42_43_44_45_46_47_48_49_50_51_52_53_54_55_56_57_58_59_60_61_62_63_64_65_66_67_68_69_70_71_72_73_74_75_76_77_78_79_80_81_82_83_84_85_86_87_88_89_90_91_92_93_94_95_97_98_99_101_102_103_104_105_106_107_109_110_111_113_115_116_117_118_119_120_121_123_124_127_128_129_131_132_135_136_137_139_140_141_144_148_149_150_152_156_157_158_160_162_166_167_168_171_172_173_180_181_182_183_185_189_190_191_195_196_197_199_200_201_204_205_206_212_213_214_218_220_224_225_226_227_230_231_235_238_241_243_244_246_249_250_253_255_256_258_259_260_261_264_267_270_271_274_275_277_279_281_284_287_289_291_295  2.14e+08  1.81e+08  49652.94 -111052.55  14032.04    821.65     83.42    294.09   -736.09   -716.49      0.00 0
5526 14.0      46_56_64_68_77_80_84_90_92_96_101_104_108_109_112_115_118_122_126_127_130_138_139_142_147_149_153_155_156_159_160_163_166_169_171_177_179_180_188_189_195  2.40e+08  2.15e+08 -30937.59  11684.17   9789.63    849.08     73.51    159.31    658.64   3841.70      0.00 0
5527 14.0      235_238_243_244_253_255_258_259_261_264_267_270_271_274_275_277_279_281_284_286_287_289_291_293_294_295_297  3.09e+08  2.58e+08  22411.48  19654.34  10234.92    702.49     71.05     41.25   2355.70  -9753.73      0.00 0
5528 14.0      9_13_17_21_25_28_29_33_35_38_40_41_44_45_49_53_55_59_62_63_66_67_71_72_75_78_79_83_86_88_89_91_95_99_100_102_103_106_107_110_111_114_116_117_121_125_128_129_133_134_136_140_143_148_157_158_161_165_167_172_181_184_190_196_198_205_211_213_217_219_223_234_237_242_254_263  2.00e+08  1.73e+08 -36057.32 -29977.92  11604.46    751.18     76.10    219.74  -1625.73  -4696.19      0.00 0
5529 14.0      93_97_105_113_119_123_131_132  2.88e+08  2.43e+08  14348.95  14611.80   8981.21    690.21     66.32     45.52  -4308.96    822.44      0.00 0
5530 14.0      25_26_33_34_38_49_50_53_59_60_63_71_72_75_76_83_84_86_89_95_96_99_100_107_108_111_112_114_121_122_125_126_129_133_134_137_138_141_142_143_146_147_152_153_154_155_158_162_163_164_165_168_170_173_174_176_177_178_179_185_186_187_188_191_193_194_197_199_202_203_206_209_210_212_214_216_218_220_224_228_231_233_235_238_241_243_244_250_253_255_256_258_259_264_267_270_271_274_277_279_281_284_289_291  9.55e+08  8.14e+08   6085.30  73234.26  13739.38    669.58     79.41     85.25   4022.26  -1519.21      0.00 0
5531 14.0      271_272_274_279_284_291  5.89e+08  5.11e+08  20232.74  14431.87   8849.55    834.96     70.40     35.50   4991.25 -10189.29      0.00 0
5532 14.0      25_33_38_41_49_50_53_59_63_67_71_72_75_76_79_83_86_89_91_95_96_99_100_103_107_111_114_117_121_122_125_126_129_133_134_137_141_143_146_147_148_152_153_154_155_158_162_164_165_168_170_173_176_177_178_179_181_182_185_186_187_188_191_193_194_197_199_200_202_203_205_206_208_209_210_212_214_215_216_218_220_221_222_224_226_227_228_229_230_231_232_233_235_236_238_239_240_241_243_244_245_246_247_248_249_250_251_252_253_255_256_258_259_260_261_264_266_267_269_270_271_274_275_276_277_279_280_281_283_284_286_287_288_289_290_291_292_293_294_295_296_297_298  8.13e+08  7.44e+08  47811.43 101054.56  13687.00    854.75     83.02     64.68   2860.14  -6143.37      0.00 0
5533 14.0      40_44_55_62_66_78_79_82_88_94_102_106_110_120_124_136_140_145_151_161_175_184  1.26e+08  1.12e+08 -26353.32  -5745.95   9615.07    745.74     70.38    192.30  -3911.31  -3297.21      0.00 0
5534 14.0      0_1_2_3_4_5_6_7_8_10_11_12_14_15_16_17_18_19_20_22_23_24_25_26_27_30_31_32_34_36_37_38_39_42_43_46_47_48_50_51_54_56_57_58_60_64_68_69_70_72_73_74_76_77_80_84_85_90_96_98_100_104_108_112_122_126_138_147_153_155_163_177_179_186_210  1.66e+08  1.41e+08 -35665.57 -18860.04  11698.46    651.00     73.83    207.87   2342.90   2084.31      0.00 0
5535 14.0      7_14_15_19_23_27_30_31_36_37_39_42_43_46_47_51_54_56_57_61_64_65_68_69_70_73_77_80_81_84_85_87_90_92_93_97_98_101_104_105_108_109_112_113_115_118_119_122_123_127_130_131_132_135_138_139_142_144_149_150_153_156_159_160_163_166_169_171_174_177_180_183_186_189_192_195_201_204_207_225  9.77e+08  8.36e+08 170638.52  86532.41  13613.67    874.13     85.93     26.89  -2690.97   5024.12      0.00 0
5536 14.0      62_66_78_82_88_91_94_98_102_103_106_110_116_117_120_124_128_129_132_136_140_141_145_148_151_157_158_161_167_168_172_173_175_181_182_184_190_191_196_197_198_200_205_206_211_212_213_214_217_219_220_223_224_226_227_230_231_234_235_237_238_242_243_244_246_249_250_252_253_254_255_256_257_258_259_260_261_263_264_266_267_269_270_271_272_273_274_275_276_277_278_279_280_281_283_284_285_286_287_288_289_290_291_292_293_294_295_296_297_298  2.75e+08  2.32e+08 143034.58 -87823.50  14477.91    774.66     85.07    328.45  -3181.43  -6229.62      0.00 0
5537 14.0      0_1_4_6_7_10_14_15_18_19_23_27_30_31_36_39_43_47_51_56_57_61_65_73_77_81_87_93_105_109_119_123_135_144_150_160  1.51e+08  1.26e+08 -26615.63  14187.55  10858.58    616.37     70.20    151.94  -2917.94   2457.50      0.00 0
5538 14.0      260_261_266_267_269_270_273_274_275_276_277_278_280_281_283_284_285_286_287_288_289_290_291_292_293_294_295_296_298  2.75e+08  2.51e+08 -38048.70   4133.41  10341.06    844.39     74.88    173.80   2264.33 -11266.59      0.00 0
5539 14.0      0_1_2_3_4_5_6_7_8_9_10_11_12_13_14_15_16_17_18_19_20_21_22_23_24_25_26_27_28_29_30_31_32_33_34_35_36_37_38_39_40_41_42_43_44_45_46_47_48_49_50_51_52_53_54_55_56_57_58_59_60_61_62_63_64_65_66_67_68_69_70_71_72_73_74_75_76_77_78_79_80_81_82_83_84_85_86_87_88_89_90_91_92_93_94_95_96_97_98_99_100_101_102_103_104_105_106_107_108_109_110_111_112_113_114_115_116_117_118_119_120_121_122_123_124_125_126_127_128_129_130_131_133_134_135_136_137_138_139_140_141_142_144_146_148_149_150_152_154_156_157_158_159_160_162_166_167_168_169_171_173_176_178_180_181_182_183_185_189_190_191_192_195_197_199_200_201_202_203_204_205_206_207_212_214_218_220_224_225_226_227_228_230_231_233_235_238_241_243_244_246_248_249_250_251_253_255_256_258_259_260_261_264_265_267_268_270_271_272_274_275_277_279_281_284_287_289_291_295  9.55e+08  8.19e+08 -63629.39 146547.34  14427.29    787.09     84.84    113.47   2206.02  -4966.99      0.00 0
5540 14.0      0_1_2_3_4_5_6_7_8_9_10_11_12_13_14_15_16_17_18_19_20_21_22_23_24_25_26_27_28_29_30_31_32_33_34_35_36_37_38_39_40_41_42_43_44_45_46_47_48_49_50_51_52_53_54_55_56_57_58_59_60_61_62_63_64_65_66_67_68_69_70_71_72_73_74_75_76_77_78_79_80_81_82_83_84_85_86_87_88_89_90_91_92_93_94_95_96_97_98_99_100_101_102_103_104_105_106_107_108_109_110_111_112_114_115_116_117_118_119_120_121_122_125_126_127_128_129_130_133_135_136_137_138_139_140_141_142_146_148_149_152_153_156_157_158_159_160_161_162_163_166_167_168_169_171_172_173_174_180_181_182_183_185_189_190_191_192_195_196_197_199_200_201_204_205_206_207_211_212_213_214_219_220_224_225_226_227_230_231_235_237_238_243_246_249_250_252_253_255_257_258_260_261_264_266_267_269_270_274_275_276_277_279_280_281_283_284_286_287_288_289_290_291_293_294_295_296_297_298  6.46e+08  5.47e+08  -4147.41 139741.14  14989.95    703.33     83.88     91.70    589.51  -4985.83      0.00 0
5541 14.0      58_62_66_78_82_88_91_94_102_106_110_116_117_128_136_140_148_157_158_167_181_182_190_191_200_205_206_214_226_227_231_238_246_250_253_261_267_270_277_281_284_291  3.63e+08  3.13e+08 -15922.58  28536.86  10447.88    722.45     72.27    119.16    -62.90  -6104.89      0.00 0
5542 14.0      110_120_124_128_132_136_140_145_151_157_161_167_172_175_181_184_190_196_198_200_205_211_213_217_219_223_226_227_230_234_237_242_246_249_250_252_254_257_260_261_263_266_267_269_270_273_275_276_277_280_281_283_284_286_287_288_289_290_291_293_294_295_296_297_298  4.07e+08  3.38e+08 -45102.56  65404.30  13994.51    669.39     80.01    124.59    111.53 -10990.03      0.00 0
5543 14.0      116_128_140_148_157_161_167_172_184_196_198_211_217_223  8.51e+08  7.48e+08  20596.81   3591.02   9004.20    698.00     66.70      9.89  -2659.59  -4957.60      0.00 0
5544 14.0      53_59_63_67_71_75_83_86_89_91_95_99_100_103_107_111_114_116_117_121_125_126_129_133_134_137_141_143_146_148_152_154_155_157_158_162_164_165_168_170_173_176_178_179_181_182_185_187_188_190_191_193_194_197_199_200_202_203_205_206_208_209_210_212_213_214_215_216_218_220_221_222_224_226_227_228_229_230_231_232_233_235_236_237_238_239_240_241_243_244_245_246_247_248_249_250_251_252_253_255_256_257_258_259_260_261_264_266_267_269_270_271_273_274_275_276_277_278_279_280_281_283_284_285_286_287_288_289_290_291_292_293_294_295_296_297_298  1.51e+08  1.23e+08 -75919.54 -105187.62  15698.28    604.42     83.10    234.18    690.44  -8868.07      0.00 0
5545 14.0      111_121_129_137_141_152_158_162_168_173_182_191_197_200_206_214_226_227  1.58e+08  1.33e+08  15339.68  19381.64   9896.30    650.34     68.18     51.64   1978.41  -5034.55      0.00 0
5546 14.0      38_50_60_71_72_75_76_84_86_90_95_96_99_100_108_112_114_121_122_125_126_130_133_134_137_138_142_143_146_147_152_153_154_155_159_162_163_164_165_169_170_174_176_177_178_179_185_186_187_188_192_193_194_199_202_203_207_208_209_215_218_224_228_229_232_233_241_244_245_248_251_256_259_262_265_268_271_272_282  5.25e+08  4.64e+08 -14235.81  52650.64  11463.82    873.28     78.13    105.13   4528.23    257.12      0.00 0
5547 14.0      137_141_152_162_168_173_191_197_199_206_212_214_220_231_235_238_243_250_253_258_261_264_267_270_274_275_277_281_284_287_289_291_293_295_297_298  8.51e+08  7.80e+08   9231.69  34525.43  10059.06    851.07     74.28     75.03   1932.44  -9904.53      0.00 0
5548 14.0      0_1_2_3_4_5_6_7_8_9_10_11_12_13_14_15_16_17_18_19_20_21_22_23_24_25_26_27_28_29_30_31_32_33_34_35_36_37_38_39_40_41_42_43_44_45_46_47_48_49_50_51_52_53_54_55_56_57_58_59_60_61_62_63_64_65_66_67_68_69_70_71_72_73_74_75_76_77_78_79_80_81_82_83_84_85_86_87_88_89_90_91_92_94_95_96_98_99_100_101_102_103_104_106_107_108_109_110_111_112_114_115_116_117_118_120_121_122_125_126_127_128_129_130_133_134_136_137_138_140_141_142_147_148_149_151_153_155_156_157_158_159_161_162_163_167_168_169_172_173_174_177_179_180_181_182_183_184_186_190_191_192_196_197_198_200_201_205_206_207_211_213_214_217_219_223_226_227_230_231_234_237_242_246_249_250_252_253_254_257_260_261_263_266_267_269_273_275_276_277_278_280_283_285_286_287_288_290_292_293_294_296_297  7.76e+08  6.73e+08  42693.98 124627.90  14963.07    699.25     83.52     71.09  -1201.51  -6046.49      0.00 0
5549 14.0      0_1_2_3_4_5_6_7_8_9_10_11_12_13_14_15_16_17_18_19_20_21_22_23_24_25_26_27_28_29_30_31_32_33_34_35_36_37_38_39_40_41_42_43_44_45_46_47_48_49_50_51_52_53_54_55_56_57_58_59_60_61_62_63_64_65_66_67_68_69_70_71_72_73_74_75_76_77_78_79_80_81_82_83_84_85_86_87_88_89_90_91_92_93_94_95_96_97_98_99_100_101_103_104_105_106_107_108_109_111_112_113_114_119_120_121_122_123_124_125_126_131_132_133_134_135_137_138_143_144_145_146_147_150_152_153_154_155_160_164_165_170_176_178_179_187_188_193_194_202_203_208_209_210_215_216_221_222_228_229_232_236_239_240_245_247  2.45e+08  2.09e+08 123333.37 -16302.86  14922.64    694.34     83.16    352.47   4770.71   -391.09      0.00 0
5550 14.0      94_98_106_110_113_120_124_128_131_132_136_140_145_151_157_161_167_172_175_181_184_190_196_198_200_205_211_213_217_219_223_226_227_230_234_237_242_246_249_250_252_254_257_260_261_263_266_267_269_273_275_276_277_278_280_281_283_285_286_287_288_289_290_291_292_293_294_295_296_297_298  1.38e+08  1.16e+08  56069.89 -87978.21  15089.43    627.35     81.77    302.51  -3446.80  -6225.41      0.00 0
5551 14.0      103_117_129_141_158_168_173_191_197_212_214_220_235_243  1.55e+08  1.34e+08  11203.53 -14542.83   7890.98    821.94     66.74    307.61   2286.35  -5699.83      0.00 0
5552 14.0      0_1_2_3_4_5_6_7_8_9_10_11_12_13_14_15_16_17_18_19_20_21_22_23_24_25_26_27_28_29_30_31_32_33_34_35_36_37_38_39_40_41_42_43_44_45_46_47_48_49_50_51_52_53_54_55_56_57_58_59_60_61_62_63_64_65_66_67_68_69_70_71_72_73_74_75_76_77_78_79_80_81_82_83_84_85_86_87_88_90_91_92_94_96_98_100_101_102_104_106_108_110_112_115_116_118_120_122_124_126_128_130_136_138_140_142_145_147_151_153_157_159_161_163_167_169_172_174_175_177_184_186_190_192_196_198_211_217_219_223_234_242_254_263  3.47e+08  3.02e+08  42900.36  63339.75  13819.80    676.74     79.76     55.89   1182.97   1903.80      0.00 0
5553 14.0      0_1_2_3_4_5_6_7_8_9_10_11_12_13_14_15_16_17_18_19_20_22_23_24_25_26_27_30_31_32_34_37_38_47_48_49_50_54_58_60_69_70_71_72_73_74_76_85_86_98  9.77e+08  8.51e+08 -22705.93  -3571.90   9389.43    688.85     67.78    188.94   -214.32    142.10      0.00 0
5554 14.0      2_5_8_9_11_13_16_17_20_21_24_28_29_32_33_35_37_40_41_44_45_48_52_53_55_58_59_62_63_66_67_69_70_74_78_79_82_83_85_88_89_91_94_95_98_103_106_107_111_113_121_124_132_137_141_146_152_162_176_185  9.12e+08  7.74e+08 -29464.27  10283.61  10031.59    764.69     72.18    160.76    157.41  -2042.34      0.00 0
5555 14.0      102_110_116_117_128_148_157_158_181_182_191_200_206_214_231  3.31e+08  2.90e+08  15907.46 -14197.95   9072.63    697.88     66.95    318.25     58.68  -5506.80      0.00 0
5556 14.0      141_152_162_168_173_176_178_182_185_191_197_199_200_202_203_206_209_212_214_215_218_220_224_226_227_228_229_230_231_232_233_235_238_239_241_243_244_245_246_247_248_249_250_252_253_255_258_260_261_266_267_269_270_275_276_277_280_283_286_288_290_292_296  1.48e+08  1.31e+08  32700.64  28466.34  10865.92    830.63     75.93     41.04   2517.07  -6882.13      0.00 0
5557 14.0      1_6_7_10_11_14_15_16_19_22_23_24_27_30_31_32_36_37_39_42_43_46_47_48_51_54_56_57_58_61_64_65_68_69_70_73_74_77_80_81_84_85_87_90_92_93_94_97_98_101_104_105_108_109_112_113_115_118_119_123_124_127_130_131_132_135_138_139_142_144_145_149_150_153_156_159_163_169_174_180_183_186_192_207  8.51e+08  7.97e+08  49170.64  36623.96  12295.71    796.66     78.66     36.68   -513.93   2975.78      0.00 0
5558 14.0      0_1_2_3_4_5_6_7_8_9_10_11_12_13_14_15_16_17_18_19_20_21_22_23_24_25_26_27_30_31_32_33_34_36_37_38_39_42_43_46_47_48_49_50_51_54_56_57_58_59_60_61_64_65_68_69_70_71_72_73_74_75_76_77_80_81_84_85_86_87_90_92_93_96_97_98_99_100_101_104_105_108_109_112_113_114_115_118_119_122_123_126_127_130_131_132_133_134_135_138_139_142_143_144_147_149_150_153_155_156_159_160_163_164_165_166_169_170_171_174_177_179_180_183_186_188_189_192_193_194_195_201_204_207_208_210_216_221_222_225_236_240  8.51e+08  7.38e+08 178466.94   3800.68  14581.90    748.79     85.33      1.22  -1344.11   3456.45      0.00 0
5559 14.0      93_97_105_119_123_131_135_139_144_150_160_166_171_195  6.61e+08  5.66e+08  12375.61  21963.17   9390.49    743.02     69.57     60.60  -4139.65   2534.94      0.00 0
5560 14.0      0_1_4_6_7_10_11_12_14_15_18_19_22_23_26_27_30_31_34_36_37_38_39_42_43_46_47_50_51_54_56_57_60_61_64_65_68_69_70_72_73_76_77_80_81_84_85_87_90_92_93_96_97_100_101_104_105_108_109_112_113_115_118_119_122_123_126_127_130_131_134_135_138_139_142_144_147_149_150_153_155_156_159_160_163_165_166_169_171_174_177_179_180_183_186_188_189_192_194_195_201_204_207_210_216_222_225_240  3.80e+08  3.25e+08 147985.02  12010.58  14714.75    745.87     84.34      4.64   1956.58   4298.76      0.00 0
5561 14.0      71_72_76_84_86_95_96_99_100_108_112_114_121_122_125_126_133_134_138_142_143_146_147_152_153_154_155_163_164_165_169_170_174_176_177_178_179_185_186_187_188_192_193_194_202_203_209_218_228_233_241  2.95e+08  2.57e+08   9673.90 -44743.55  11210.13    803.84     76.24    282.20   4100.64   2375.66      0.00 0
5562 14.0      107_111_117_121_125_129_137_141_146_148_152_154_158_162_164_168_173_176_178_181_182_185_187_191_193_197_199_200_202_203_205_206_208_209_212_214_215_218_221_224_226_227_228_229_230_232_236_239_247  8.32e+08  7.45e+08  38317.07  25854.93  11602.14    742.89     75.91     34.01   5704.53  -2764.43      0.00 0
5563 14.0      0_1_3_4_6_7_10_12_14_15_17_18_19_22_25_26_27_30_31_33_34_36_38_39_42_43_46_49_50_51_54_56_57_59_60_61_64_65_68_71_72_75_76_77_80_81_84_86_87_90_92_93_95_96_99_100_101_104_105_108_109_112_114_115_118_119_121_122_125_126_127_130_133_134_135_138_139_142_143_144_146_147_149_150_153_154_155_156_159_160_163_164_165_166_169_170_171_174_176_177_178_179_180_183_186_187_188_189_192_193_194_195_201_202_204_207_208_209_210_215_216_221_222_225_228_229_232_236_239_240_245_247_262  4.37e+08  3.69e+08 -199241.72 121188.50  14059.09    696.49     86.55    148.69   5657.93   2537.96      0.00 0
5564 14.0      7_10_14_19_22_27_30_31_34_36_39_42_43_46_47_51_54_56_57_60_61_64_65_68_73_77_80_81_84_87_90_92_93_96_97_101_104_105_108_109_112_115_118_119_122_123_126_127_130_131_135_138_139_142_144_147_149_150_153_155_156_159_160_163_166_169_171_174_177_179_180_183_186_188_189_192_195_210_216_240  4.47e+08  3.78e+08 -84165.11  -8133.83  14119.69    678.77     80.52    185.52    414.66   3815.43      0.00 0
5565 14.0      0_1_2_3_4_5_6_7_8_9_10_11_12_13_14_15_16_17_18_19_20_21_22_23_24_25_26_27_28_29_30_31_32_33_34_35_36_37_38_39_40_41_42_43_44_45_46_47_48_49_50_51_52_53_54_55_56_57_58_59_60_61_62_63_64_65_66_67_68_69_70_71_72_73_74_75_76_77_78_79_80_81_82_83_84_85_86_87_88_89_90_91_92_93_94_95_96_97_98_99_100_101_102_103_104_105_106_107_108_109_110_111_112_113_114_115_116_117_118_119_120_121_122_123_124_126_127_128_129_130_131_132_135_136_137_138_139_140_141_142_144_145_148_149_150_151_153_156_157_158_159_160_161_163_166_167_168_169_171_172_173_174_175_180_181_182_183_184_186_189_190_191_192_195_196_197_198_200_201_204_205_206_207_211_213_214_217_219_220_223_225_226_227_230_231_234_237_238_242_246_249_250_252_253_254_257_260_261_263_266_267_269_270_273_275_276_277_278_280_281_283_285_286_287_288_289_290_292_293_294_295_296_297_298  6.46e+08  5.56e+08 -35046.79 -254855.41  12716.83    787.76     87.17    262.17  -3181.54  -9075.11      0.00 0
5566 14.0      62_66_78_82_88_91_102_106_110_116_117_128_129_148_157_158_168_181_182_191_197_200_206_214_220_227_231_238_243_253_258_264_274_279  1.17e+08  9.82e+07  23422.22 -26362.54  11274.68    639.52     72.27    311.62    797.08  -5759.96      0.00 0
5567 14.0      8_9_13_17_20_21_28_29_32_33_35_40_41_44_45_49_52_53_55_58_59_62_63_66_67_74_75_78_79_82_83_88_89_91_94_95_98_99_102_103_106_107_110_111_116_117_120_121_124_125_128_129_132_133_136_137_140_141_145_146_148_151_152_154_157_158_161_162_164_167_168_172_173_175_176_178_181_182_184_185_187_190_191_193_196_197_198_199_200_202_203_205_206_209_211_212_213_214_215_217_218_219_221_223_224_228_229_232_233_234_239_241_245_247_248_251_262_265  1.17e+08  9.60e+07 -92201.13  -2817.00  14313.12    687.06     81.18    181.75   1161.66  -3758.81      0.00 0
5568 14.0      140_161_167_172_190_196_205_211_213_219_226_230_237_249_252_260_266  1.07e+08  9.03e+07   8925.06 -18872.58   8643.09    759.65     67.51    295.31  -1877.02  -6712.48      0.00 0
5569 14.0      0_1_2_3_4_5_6_7_8_9_10_11_12_13_14_15_16_17_18_20_21_22_25_26_27_28_29_30_32_33_34_35_36_38_40_41_42_43_44_45_46_49_50_52_54_55_56_60_62_64_66_68_72_76_78_80_84_88_90_96_104_108_112_122_130_138_142_153_163_169_174_186  1.91e+08  1.60e+08 -16993.31 -32909.86  11013.43    705.82     73.44    242.69   1733.47   2496.75      0.00 0
5570 14.0      0_1_2_3_4_5_6_7_8_9_10_11_12_13_14_15_16_17_18_20_21_22_23_24_25_26_27_28_29_30_32_33_34_35_36_37_38_40_41_42_44_45_46_48_49_50_52_53_54_55_58_59_60_62_63_64_66_67_68_70_71_72_74_75_76_78_79_82_83_84_86_88_89_90_91_94_95_96_99_100_102_103_106_107_108_110_111_112_114_116_117_120_121_122_124_125_126_128_129_133_134_136_137_138_140_141_143_145_147_148_151_153_155_157_158_161_163_164_165_167_170_172_175_177_179_181_182_184_186_188_190_194_196_198_205_210_211_213_216_217_219_223_230_234_237_240_242_252_254_257_263_273_278_285  1.66e+08  1.39e+08  67737.83  65459.38  14448.03    676.46     81.28     44.02  -2401.32  -4664.50      0.00 0
5571 14.0      0_1_2_3_4_5_6_7_8_9_10_11_12_13_14_15_16_17_18_19_20_21_22_23_24_25_26_27_28_29_30_31_32_33_34_35_36_38_39_40_41_42_43_44_45_46_49_50_51_52_53_54_55_56_59_60_61_62_63_64_65_66_67_68_71_72_75_76_77_78_79_80_83_84_86_87_88_89_90_91_92_95_96_99_100_101_102_103_104_107_108_109_111_112_114_115_116_117_118_121_122_125_126_127_128_129_130_133_134_137_138_141_142_143_146_147_148_149_152_153_154_155_156_157_158_159_162_163_164_165_166_168_169_173_174_176_177_178_180_181_182_183_185_186_189_191_192_197_199_200_201_202_203_204_205_206_207_212_214_218_220_224_225_226_227_231_233_235_238_241_243_244_246_249_250_253_255_256_258_259_260_261_264_267_270_271_272_274_275_277_279_281_284_286_287_289_291_293_295_297_298  6.31e+08  5.31e+08  12845.28 -121602.13  14342.80    773.94     83.31    276.03   2662.90  -7004.15      0.00 0
5572 14.0      270_271_274_275_277_279_281_284_286_287_288_289_290_291_293_294_295_296_297_298  6.76e+08  5.98e+08 -54582.11 -14758.05  12193.85    765.85     77.83    195.13   4614.79 -11183.05      0.00 0
5573 14.0      38_49_50_54_59_60_64_71_72_75_76_83_84_86_90_95_96_99_100_107_108_111_112_114_121_122_125_126_130_133_134_137_138_141_142_143_146_147_152_153_154_155_162_163_164_165_169_170_173_174_176_177_178_179_185_186_187_188_192_193_194_197_199_202_203_208_209_210_212_215_216_218_220_221_222_224_228_229_232_233_235_236_238_239_240_241_243_244_245_247_248_251_255_256_258_259_262_264_265_268_271_272_274_279_282_284  9.33e+08  8.52e+08 -13207.03 151261.17  14326.05    804.12     84.61     94.99   5800.17   2913.98      0.00 0
5574 14.0      0_1_2_3_4_5_6_7_8_9_10_11_12_13_14_15_16_17_18_19_20_21_23_24_25_27_28_29_30_31_32_33_35_36_37_39_40_41_43_44_45_47_48_51_52_53_55_56_57_58_59_61_62_63_65_66_67_69_70_73_74_77_78_79_81_82_83_85_87_88_89_91_93_94_97_98_101_102_103_105_106_107_109_110_111_113_116_117_119_120_123_124_127_128_129_131_132_135_136_137_139_141_144_148_150_157_158_160_162_166_168_171_173_181_182_191_195_197_199_200_206_212_214_220_224_231_235_238_243_253_255_258_264_270_271_274_279  9.12e+08  7.98e+08  44991.62 -66128.68  13499.36    744.34     80.42    304.23  -4223.75   3360.07      0.00 0
5575 14.0      0_1_2_3_4_5_6_7_10_11_12_14_15_16_17_18_19_22_23_24_25_26_27_30_31_34_36_37_38_39_42_43_46_47_48_49_50_51_54_56_57_60_61_64_65_68_69_70_71_72_73_76_77_80_81_84_85_86_87_90_92_93_96_97_100_101_104_105_108_109_112_113_114_115_118_119_122_123_126_127_130_131_134_135_138_139_142_143_144_147_149_150_153_155_156_159_160_163_165_166_169_170_171_177_179_186_188_194_208_210_216_222_236_240  6.92e+08  5.93e+08  79390.95   -775.98  13414.36    753.95     80.41    359.44  -1258.45   2313.63      0.00 0
5576 14.0      41_45_63_67_79_89_103_107_111_121_129_137_141_152_162_173_176_185_199_203_212_218_224_228_233_235_241_244_248_251_256_259_265_268_272_282  3.80e+08  3.13e+08 -30194.74  22935.67  10865.62    743.89     74.01    142.78   5914.77  -6071.28      0.00 0
5577 14.0      259_264_270_271_272_274_277_279_281_284_286_287_289_291_293_294_295_297_298  4.37e+08  3.77e+08  28221.96  14003.36   9278.44    919.69     73.59     26.39   4292.97 -10142.60      0.00 0
5578 14.0      116_128_148_157_167_181_190_196_200_205_213_226_230_237_246_249_252_257_260_266_269_276_280_283_286_288_290_294_296  9.12e+08  7.97e+08  -3025.09 -26969.27   9133.08    839.77     71.40    263.60  -1498.02  -8741.67      0.00 0
5579 14.0      0_1_2_3_4_5_6_7_8_9_10_11_12_13_14_15_16_17_18_19_20_21_22_23_24_25_26_27_28_29_30_31_32_33_34_35_36_37_38_39_40_41_42_43_44_45_46_47_48_49_50_51_52_53_54_55_56_57_58_59_60_61_62_63_64_65_66_67_68_69_70_71_72_73_74_75_76_77_78_79_80_81_82_83_84_85_86_87_89_90_91_92_93_95_96_97_99_100_101_103_104_105_107_108_109_111_112_114_115_117_118_119_121_122_123_125_126_127_129_130_133_134_135_137_139_141_143_144_146_149_150_152_154_156_158_159_160_162_164_166_168_171_173_176_178_180_183_185_187_189_195_197_199_202_203_204_209_212_215_218_220_224_228_229_232_233_235_241_243_244_245_247_248_251_255_256_259_262_264_265_268_271_272_282  8.51e+08  7.51e+08  64186.79 -76739.30  13402.08    862.44     82.37    309.91   2417.56  -1589.08      0.00 0
5580 14.0      214_220_226_227_231_235_238_243_244_246_249_250_252_253_255_256_258_259_260_261_264_266_267_268_269_270_271_272_274_282  5.89e+08  5.42e+08 -28474.31  -6244.86   9590.02    800.36     71.79    192.37   2573.06  -8263.76      0.00 0
5581 14.0      105_109_119_123_127_131_135_139_144_150_156_160_166_171_180_189_195_201_204_225  3.24e+08  2.75e+08 -23931.80 -28119.77  11099.09    690.69     73.27    229.60  -3004.96   4454.15      0.00 0
5582 14.0      0_1_2_3_4_5_6_7_8_9_10_11_12_13_14_15_16_17_18_19_20_21_22_23_24_25_26_27_28_29_30_31_32_33_34_35_36_37_38_39_40_41_42_43_44_45_46_47_48_49_50_51_52_53_54_55_56_58_59_60_62_63_64_65_66_67_68_69_70_71_72_74_75_76_77_78_79_80_82_83_84_86_88_89_90_91_92_94_95_96_98_99_100_102_103_104_106_107_108_110_111_112_114_116_117_120_121_122_124_125_126_128_129_130_133_134_136_137_138_140_141_142_143_145_146_147_148_151_152_153_154_155_157_158_161_162_163_164_165_167_168_169_170_172_173_174_175_176_177_178_179_181_182_184_185_186_187_188_190_191_193_194_196_197_198_199_200_202_203_205_206_208_209_210_211_212_213_214_215_216_217_218_219_220_221_222_223_224_226_227_230_231_232_234_235_236_237_238_239_240_242_246_249_250_252_253_254_257_260_261_263_266_267_269_273_275_276_277_278_280_283_285_286_287_288_290_292_294_296  2.75e+08  2.23e+08 -110445.66 -142334.39  13957.37    839.64     85.57    232.19   6013.02   3450.56      0.00 0
5583 14.0      0_1_2_3_4_5_6_7_8_9_11_12_13_15_16_17_19_20_21_23_24_25_28_29_31_32_33_35_37_41_45_47_48_51_52_53_57_58_59_63_69_70_73_74_81_83_85_93_97_113_123_131  5.01e+08  4.24e+08 -20581.74   9663.10   8764.46    791.45     68.92    154.85  -1397.93     17.33      0.00 0
5584 14.0      54_60_76_84_96_100_108_122_126_134_147_155_165_179_188_194_210_216_222_240  4.79e+08  4.24e+08  28539.70   1520.68  10008.64    714.42     70.70      3.05   6179.16   1883.17      0.00 0
5585 14.0      88_91_94_102_106_110_116_117_120_128_136_140_148_157_158_167_168_181_182_191_197_206_214  1.20e+08  1.05e+08  20793.79 -17454.25   9870.46    706.67     70.02    319.99   -551.77  -4510.70      0.00 0
5586 14.0      0_1_2_3_4_5_6_7_8_9_10_11_12_13_14_15_16_17_18_19_20_21_22_23_24_25_26_27_28_29_30_31_32_33_34_35_36_37_38_39_40_41_42_43_44_45_46_47_48_49_50_51_52_53_54_55_56_57_58_59_60_61_62_63_64_65_66_67_68_69_70_71_72_73_74_75_76_77_78_79_80_81_82_83_84_85_86_87_88_89_90_91_92_93_94_95_96_97_98_99_100_101_102_103_104_105_106_107_108_109_110_111_112_113_114_115_116_117_118_119_121_122_123_124_125_126_127_128_129_130_131_132_133_134_135_137_138_139_141_142_143_144_146_147_148_149_150_152_153_154_155_156_157_158_159_160_162_163_164_165_166_168_169_170_171_173_174_176_178_180_181_182_183_185_187_189_191_192_193_194_195_197_199_200_201_202_203_204_206_207_208_209_212_214_215_218_220_221_224_225_227_228_229_231_232_233_235_238_239_241_243_244_245_247_248_250_251_253_255_256_258_259_262_264_265_267_268_270_271_272_274_279_282_284  3.39e+08  2.96e+08 113812.28 -160564.55  14176.58    775.92     85.88    305.33   4034.11  -4370.25      0.00 0
5587 14.0      0_1_2_3_4_5_6_7_8_9_10_11_12_13_14_15_16_17_18_19_20_21_22_23_24_25_26_27_28_29_30_31_32_33_34_35_36_37_38_39_40_41_42_43_44_45_46_47_48_49_50_51_52_53_54_55_56_57_58_59_60_61_62_63_64_65_66_67_68_69_70_71_72_73_74_75_76_77_78_79_80_81_82_83_84_85_86_88_89_90_91_94_95_96_97_98_99_100_102_103_104_106_107_108_110_111_112_113_114_116_117_120_121_122_124_125_126_128_129_131_132_133_134_136_137_138_140_141_142_143_145_146_147_148_151_152_153_154_155_157_158_161_162_163_164_165_167_168_170_172_173_175_176_177_178_179_181_182_184_185_186_187_188_190_191_193_194_196_197_198_199_200_202_203_205_206_208_209_210_211_212_213_214_215_216_217_218_219_221_222_223_226_227_228_229_230_232_233_234_236_237_239_240_242_245_247_249_252_254_257_263_273_278  8.71e+08  7.75e+08 -183183.56 -90813.59  14512.30    713.47     85.94    206.37   3065.72  -1047.90      0.00 0
5588 14.0      102_110_116_117_128_140_148_157_158_167_168_181_182_191_197_200_206_214_220_231_238_243  7.24e+08  6.35e+08  20276.03 -15547.10   9649.65    707.30     69.31    322.52    592.49  -5721.12      0.00 0
5589 14.0      257_260_263_266_269_273_275_276_277_278_280_283_285_286_287_288_289_290_292_293_294_295  1.29e+08  1.08e+08 -28732.78   7860.40  10461.00    666.96     70.65    164.70  -2489.27 -10307.94      0.00 0
5590 14.0      0_1_2_3_4_6_7_10_11_12_14_15_18_19_22_23_24_25_26_27_30_31_34_36_37_38_39_42_43_46_47_50_51_54_56_57_60_61_64_65_68_69_70_71_72_73_76_77_80_81_84_85_86_87_90_92_93_96_97_100_101_104_105_108_109_112_113_114_119_122_123_126_131_134_135_138_143_144_147_150_153_155_165_170_177_179_188_194_210_216_222_240  1.86e+08  1.48e+08  54705.74   -916.69  13074.95    618.70     76.56    359.04     79.90   1786.28      0.00 0
5591 14.0      21_25_26_33_38_41_49_50_53_59_60_63_67_71_72_75_76_79_83_84_86_89_95_96_99_100_103_107_108_111_114_117_121_122_125_126_129_133_134_137_138_141_143_146_147_148_152_153_154_155_158_162_163_164_165_168_170_173_176_177_178_179_181_182_185_186_187_188_191_193_194_197_199_200_202_203_206_208_209_210_212_214_216_218_220_224_226_227_231_235_238_241_243_244_246_249_250_253_255_258_260_261_264_267_270_274_275_276_277_279_281_284_286_287_288_289_291_293_294_295_297_298  1.62e+08  1.52e+08 -19413.78 -72860.01  12902.26    810.96     80.29    255.08   2557.15  -6206.77      0.00 0
5592 14.0      231_238_243_246_249_250_253_258_260_261_266_267_269_270_275_276_277_280_281_283_285_286_287_288_290_292_294_296  5.50e+08  4.61e+08  28692.87  15096.05  10691.10    679.35     71.75     27.75   -743.34 -10230.08      0.00 0
5593 14.0      63_67_75_79_83_89_91_95_99_103_107_111_114_116_117_121_125_128_129_133_137_141_143_146_148_152_154_157_158_162_164_165_167_168_170_173_176_178_181_182_185_187_188_190_191_193_194_196_197_199_200_202_203_205_206_208_209_211_212_213_214_215_216_218_219_220_221_222_224_226_227_228_229_230_231_232_233_234_235_236_237_238_239_240_241_242_243_244_245_246_247_248_249_250_251_252_253_254_255_256_257_258_259_260_261_262_263_264_265_266_267_268_269_270_271_272_273_274_275_276_277_278_279_280_281_282_283_284_285_286_287_288_289_290_291_292_293_294_295_296_297_298  2.82e+08  2.36e+08 183014.89 153350.14  13892.79    700.01     86.67     39.96   4073.38  -6722.88      0.00 0
5594 14.0      0_1_2_3_4_5_6_7_8_9_10_11_12_13_14_15_16_17_18_19_20_21_23_24_25_26_28_29_31_32_33_37_38_47_48_49_51_52_53_57_58_59_69_70_71_73_74_75_85_97_98_113_123_131_132  3.31e+08  2.84e+08 -28216.00   3759.81   9912.70    727.92     70.80    172.41  -2139.13     16.83      0.00 0
5595 14.0      226_227_230_231_237_238_243_246_249_250_252_253_255_257_258_259_260_261_263_264_266_267_269_270_271_272_273_274_275_276_277_278_279_280_281_283_284_285_286_287_288_289_290_291_292_293_294_295_296  4.27e+08  3.67e+08 -54490.50  -6806.47  11312.17    907.80     78.36    187.12   -664.93 -10028.31      0.00 0
5596 14.0      0_1_2_3_4_5_6_7_8_9_10_11_12_13_14_15_16_17_18_19_20_21_22_23_24_25_26_27_28_29_30_31_32_33_34_35_36_37_38_39_40_41_42_43_44_45_46_47_48_49_50_51_52_53_54_55_56_57_58_59_60_61_62_63_64_65_66_67_68_69_70_71_72_73_74_75_76_77_78_79_80_81_82_83_84_85_86_87_88_89_90_92_93_94_95_96_97_98_99_100_101_103_104_105_106_107_108_109_111_112_113_114_115_118_119_120_121_122_123_124_125_126_127_130_131_132_133_134_135_137_138_139_142_143_144_145_146_147_149_150_152_153_154_155_156_159_160_163_164_165_166_169_170_171_174_176_177_178_179_180_183_186_187_188_189_192_193_194_195_201_202_204_207_208_209_210_215_216_221_222_225_229_232_236_239_240_247  1.29e+08  1.05e+08 281963.28 -23478.87  12699.74    678.96     87.43    355.24    889.43   2690.51      0.00 0
5597 14.0      0_1_2_3_4_5_6_7_8_9_10_11_12_13_14_16_17_18_20_21_22_25_26_28_29_30_33_34_35_36_38_40_41_42_44_45_46_49_50_52_53_54_55_56_59_60_62_63_64_66_67_68_71_72_75_76_78_79_80_83_84_86_88_89_90_91_95_96_99_100_102_103_104_107_108_110_111_112_114_116_117_121_122_125_126_128_129_130_133_134_137_138_140_141_142_143_146_147_148_152_153_154_155_157_158_162_163_164_165_167_168_169_170_172_173_174_176_177_178_179_181_182_185_186_187_188_190_191_193_194_196_197_199_200_202_203_205_206_208_209_210_212_213_214_215_216_218_219_220_221_222_224_226_227_230_231_233_235_236_237_238_240_241_242_243_244_246_249_250_252_253_255_257_258_260_261_263_264_266_267_269_270_273_274_275_276_277_278_280_281_283_284_285_286_287_288_289_290_291_292_293_294_295_296_297_298  2.57e+08  2.32e+08 -52522.68 -132387.05  14215.94    818.71     84.30    248.36   1796.13  -4443.20      0.00 0
5598 14.0      21_33_41_49_53_59_63_71_75_83_86_95_99_114_125_133_134_143_164_165_170_193_194_208_222  3.63e+08  3.27e+08 -22120.68  -8007.57   9300.13    716.87     68.43    199.90   4093.65   -558.06      0.00 0
5599 14.0      275_276_277_280_283_286_287_288_290_292_294_296  1.20e+08  9.94e+07  20333.82   3391.77   9342.60    637.86     65.62      9.47  -1270.60 -11018.50      0.00 0
