#event_number primary_type du_ids energy_primary em_energy Xmax_pos(x, y, z), Xmax_grams zenith azimuth shower_core_pos_x shower_core_pos_y shower_core_pos_z, N_tested_cores, units are degrees, GeV and meters
100400 5626.0    116_128_140_148_157_158_161_167_168_172_173_181_182_184_190_191_196_197_198_199_200_205_206_211_212_213_214_217_218_219_220_223_224_226_227_230_231_233_234_235_237_238_241_242_243_244_246_248_249_250_251_252_253_254_255_256_257_258_259_260_261_263_264_265_266_267_268_269_270_271_272_273_274_278_279_282  2.69e+09  2.23e+09  75949.62  -2784.95  13606.22    704.11     79.85    357.90  -1308.97  -7127.41      0.00 0
100401 5626.0    146_152_154_162_164_170_173_176_178_185_187_193_194_197_199_202_203_208_209_212_215_216_218_220_221_222_224_228_229_232_233_235_236_238_239_240_241_243_244_255_258  1.86e+10  1.59e+10 -18354.78 -35409.96  11195.97    720.41     74.32    242.60   5853.24  -2598.61      0.00 0
100402 5626.0    38_49_50_60_71_72_75_76_84_86_95_96_99_100_108_112_114_121_122_125_126_133_146_152  6.92e+09  5.87e+09  -5791.72  22250.67   9196.18    720.87     68.20    104.59   3114.48    110.24      0.00 0
100403 5626.0    0_1_2_3_4_5_6_7_8_9_10_11_12_13_14_15_16_17_18_19_20_21_22_23_24_25_26_27_28_29_30_31_32_33_34_35_36_37_38_39_40_41_42_43_44_45_46_47_48_49_50_51_52_53_54_55_56_57_58_59_60_61_62_63_64_65_66_67_68_69_70_71_72_73_74_75_76_77_78_79_80_81_82_83_84_85_86_87_88_89_90_91_92_93_94_95_96_97_98_99_100_101_102_103_104_105_106_107_108_109_110_111_112_113_114_115_116_117_118_119_120_121_122_123_124_125_126_127_128_129_130_131_132_133_134_135_136_137_138_140_141_142_143_144_145_146_147_148_150_151_152_153_154_155_157_158_161_162_163_164_165_167_168_169_170_172_173_174_175_176_177_178_179_181_182_184_185_186_187_188_190_191_193_194_196_197_198_199_200_202_203_205_206_208_209_210_211_212_213_215_216_217_218_219_221_222_223_224_228_229_232_233_234_236_237_239_240_242_245_247_248_254_262  5.13e+10  4.42e+10 245204.52  61591.14  13028.58    762.86     87.05     14.10  -3057.50  -1971.10      0.00 0
100404 5626.0    0_1_2_3_4_5_6_7_8_9_10_11_12_13_14_15_16_17_18_19_20_21_22_23_24_25_26_27_28_29_30_31_32_33_34_35_36_37_38_39_40_42_43_44_46_47_48_49_50_51_52_53_54_56_57_58_59_60_61_62_64_65_68_69_70_71_72_73_74_75_76_77_80_81_82_84_85_86_87_90_92_93_94_96_97_98_99_100_101_104_105_106_108_109_112_113_114_115_118_119_120_122_123_124_126_127_130_131_132_134_135_138_139_142_143_144_145_147_149_150_153_155_156_159_160_163_165_166_169_170_171_174_177_179_180_183_186_188_189_192_194_210_216_222_240  6.03e+09  4.97e+09 130390.21  38425.39  14767.18    730.92     83.80     16.42   2865.86   3133.00      0.00 0
100405 5626.0    4_6_7_10_14_18_19_22_26_27_30_34_36_39_42_43_46_50_51_54_56_60_61_64_65_68_72_76_77_80_81_84_87_90_96_100_105  2.34e+10  2.01e+10 -22818.57   5647.03   9454.50    691.07     68.09    166.10    565.20   1648.13      0.00 0
100406 5626.0    10_14_22_27_30_36_39_42_43_46_54_56_64_65_68_77_80_87_92_101_109_115_127_139_156_166_171_195  2.34e+10  2.01e+10 -13833.12  16955.04   8876.52    746.60     67.92    129.21   -924.75   3575.61      0.00 0
100407 5626.0    0_1_2_3_4_5_6_7_8_9_10_11_13_14_15_16_19_20_22_23_24_27_28_29_30_31_32_35_36_37_39_40_42_43_44_45_46_47_48_51_52_55_56_57_58_61_62_65_66_68_69_70_73_74_77_78_79_80_81_82_85_87_88_91_92_93_94_97_98_101_102_104_105_106_109_110_113_115_116_117_118_119_120_123_124_127_128_131_132_135_136_139_140_144_145_148_149_150_151_156_157_159_160_161_166_167_171_172_180_181_183_184_189_190_195_196_198_200_201_204_205_207_211_213_219_223_225_226_230_234_237_242_249_252_254_257_260_263_266_269_273_276_280_283_285_288_290_292_294_296  4.37e+09  3.61e+09   2900.08  85178.62  14078.83    687.77     80.62     88.05  -1901.81   4198.27      0.00 0
100408 5626.0    203_218_224_228_229_233_235_241_243_244_245_247_248_251_255_256  1.26e+09  1.04e+09 -13770.80 -16353.36   9198.46    679.11     66.72    229.90   5656.59  -5606.01      0.00 0
100409 5626.0    167_172_181_182_184_190_196_198_200_205_206_211_213_217_219_223_226_227_230_231_234_237_238_242_246_249_250_253_258  2.04e+09  1.67e+09 -33629.40  13655.48  11311.93    649.57     72.69    157.90  -2285.54  -6663.28      0.00 0
100410 5626.0    1_6_7_10_11_14_15_19_22_23_24_27_30_31_36_37_39_42_43_46_47_51_54_56_57_61_64_65_68_69_70_73_77_80_81_84_85_87_90_92_93_97_98_101_104_105_108_112_113_119_122_123_130_131_132_138_142_153_163_186  6.61e+09  5.53e+09 -33707.50 -14558.61  11036.63    697.12     73.27    203.36  -1253.15   1730.44      0.00 0
100411 5626.0    4_6_7_10_12_14_15_18_19_22_25_26_27_30_31_34_36_38_39_42_43_46_49_50_51_54_56_57_60_61_64_65_68_71_72_75_76_77_80_81_84_86_87_90_92_93_96_99_100_101_104_105_108_109_112_114_115_118_119_122_126_127_130_133_134_135_138_139_142_143_144_147_149_150_153_154_155_156_159_160_163_164_165_166_169_170_171_174_177_179_180_183_186_187_188_189_192_193_194_195_201_204_207_208_209_210_215_216_221_222_225_232_236_239_240  4.27e+10  3.65e+10 104726.01 -44087.29  14515.72    729.20     82.72    337.17   6041.28   1470.51      0.00 0
100412 5626.0    121_125_146_152_176_178_185_202_203_218_228_233_241_251  4.79e+10  4.20e+10  -9195.76  15481.27   8365.95    720.73     65.08    120.71   5109.77  -3896.80      0.00 0
100413 5626.0    8_13_20_21_28_29_32_35_40_41_44_45_52_53_55_58_62_63_66_67_78_79_82_83_88_89_91_94_95_102_103_106_107_111_121_137_152  8.32e+10  7.33e+10  24617.37  -4163.72   9191.02    772.56     69.79    350.40    418.72  -2437.14      0.00 0
100414 5626.0    0_1_2_3_4_5_6_7_8_9_10_11_12_13_14_15_16_17_18_19_20_21_22_23_24_25_26_27_28_29_30_31_32_33_34_35_36_37_39_40_41_42_43_44_45_46_47_48_49_51_52_53_54_55_56_57_58_59_61_62_63_65_66_67_68_69_70_73_74_77_78_79_80_81_82_83_85_87_88_89_91_92_93_101_102_103_105_106_107_109_110_111_115_116_117_118_119_127_128_129_135_139_141_148_149_156_157_158_160_166_168_171_173_180_181_182_189_191_195_197_200_204_205_206_214_220_226_227_231_238_246_250_253_258_261_267_270_277_281_284_289_291  5.75e+10  5.00e+10  14881.21 -54847.59  12069.33    789.80     78.01    285.18   -404.28   -822.18      0.00 0
100415 5626.0    42_46_54_56_60_64_68_77_80_84_90_92_96_100_101_104_108_109_112_115_118_122_126_127_130_134_138_139_142_147_153_155_163_165_177_179_186_188_194_210_216_222_240  2.09e+10  1.79e+10  39496.69  -9285.69  11274.92    717.97     74.47    346.77   4288.56   2573.57      0.00 0
100416 5626.0    51_61_81_87_93_105_109_119_135_150_160  1.86e+09  1.54e+09  15374.20 -15454.91   9352.30    665.61     66.78    314.85  -3796.50   3764.06      0.00 0
100417 5626.0    90_92_104_108_112_115_118_122_130_138_142_147_149_153_156_159_169_180_183_189  7.76e+10  6.85e+10  18778.90 -11912.85   8746.64    780.42     68.53    327.61   1339.12   4084.62      0.00 0
100418 5626.0    52_58_62_74_82_88_94_106_110_120_128_136_140_151_161_167_172_184_190_196_198_211_213_217_219_223_234_237_242_254_257_263_269_273_278_283_285_292  1.41e+09  1.16e+09  -8586.20 -39545.64  11741.44    646.51     73.82    257.75  -3535.90  -7119.57      0.00 0
100419 5626.0    0_1_2_3_4_5_6_7_8_9_10_11_12_13_14_15_16_17_18_19_20_21_22_23_24_25_26_27_28_29_30_31_32_33_34_35_36_37_38_39_40_41_42_43_44_45_46_47_48_49_50_51_52_53_54_55_56_57_58_59_60_61_62_63_64_65_66_67_68_69_70_71_72_73_74_75_76_77_78_79_80_81_82_83_84_85_86_87_88_89_90_91_92_93_94_95_96_97_98_99_100_101_102_103_104_105_106_107_108_109_110_111_112_113_114_115_116_117_118_119_120_121_122_123_124_125_126_127_128_129_130_131_132_133_134_135_136_137_138_139_140_141_142_143_144_145_146_147_148_149_150_151_152_153_154_155_156_157_158_159_160_161_162_163_164_165_166_167_168_169_170_171_172_173_174_175_176_177_178_179_180_181_182_183_184_185_186_187_188_189_190_191_192_193_194_195_196_197_199_200_201_202_203_204_205_206_207_208_209_210_212_213_214_215_216_218_220_221_222_224_225_226_227_228_229_230_231_232_233_235_236_238_239_240_241_243_244_245_246_247_248_249_250_251_253_255_256_258_259_260_261_262_264_265_267_268_270_271_272_274_275_277_279_281_282_284_287_289_291  1.58e+10  1.32e+10 187015.47 -250717.86  11141.30    725.91     87.96    306.72   5092.67  -1430.66      0.00 0
100420 5626.0    63_75_83_89_95_99_103_107_111_114_116_117_121_125_129_133_134_137_141_143_146_148_152_154_155_157_158_162_164_165_168_170_173_176_178_179_181_182_185_187_188_190_191_193_194_197_199_200_202_203_205_206_208_209_210_212_213_214_215_216_218_220_221_222_224_226_227_228_229_230_231_232_233_235_236_237_238_239_240_241_243_244_245_246_247_248_249_250_251_252_253_255_256_257_258_259_260_261_263_264_266_267_269_270_271_273_274_275_276_277_278_280_281_283_284_285_286_287_288_289_290_291_292_293_294_295_296_297_298  8.32e+09  6.88e+09 -70673.48 -85368.87  14787.45    684.15     82.40    230.38   2800.06  -5790.63      0.00 0
100421 5626.0    227_231_235_238_243_244_246_249_250_252_253_255_256_257_258_259_260_261_264_266_267_268_269_270_271_272_273_274_275_276_277_278_279_280_281_282_283_284_285_286_287_288_289_290_291_292_293_294_295_296_297_298  3.09e+10  2.65e+10 -89874.22 -20782.15  14066.15    722.24     81.33    193.02   1857.21 -10613.77      0.00 0
100422 5626.0    152_162_173_185_199_212_218_224_235_241_243_244_255_256_259_264_271_279  1.10e+10  9.40e+09   6160.28 -28088.68  10137.96    697.09     70.58    282.37   4865.68  -7774.29      0.00 0
100423 5626.0    0_1_2_3_4_5_6_7_8_9_10_11_13_14_15_16_19_20_23_24_27_28_29_30_31_32_35_36_37_39_40_43_44_45_46_47_48_51_52_55_56_57_58_61_62_65_66_69_70_73_74_77_78_79_80_81_82_85_87_88_91_92_93_94_97_98_101_102_105_106_109_110_113_115_116_117_119_120_123_124_127_128_131_132_135_136_139_140_144_145_148_149_150_151_156_157_160_161_166_167_171_172_175_180_181_182_184_189_190_195_196_198_200_201_204_205_211_213_217_219_223_225_226_227_230_234_237_242_246_249_252_254_257_260_261_263_266_269_273_275_276_278_280_283_285_286_287_288_290_292_293_294_296_297_298  1.95e+10  1.66e+10   3492.24 -106962.48  14355.50    734.28     82.36    271.87  -2676.01  -4627.03      0.00 0
100424 5626.0    89_95_99_103_107_111_114_117_121_125_129_133_134_137_141_143_146_148_152_154_158_162_164_165_168_170_173_176_178_181_182_185_187_188_191_193_194_197_199_200_202_203_205_206_208_209_210_212_214_215_216_218_220_221_222_224_226_227_230_231_235_236_238_240_243_246_249_250_252_253_258_260_261_266_267_269_270_275_276_277_280_281_283_286_287_288_289_290_292_293_294_295_296_297  2.24e+09  1.82e+09  37624.59  56522.48  13309.13    692.65     78.91     56.35   1417.49  -7217.91      0.00 0
100425 5626.0    0_1_2_3_4_5_6_7_8_9_10_11_12_13_14_15_16_17_18_19_20_21_22_23_24_25_26_27_28_29_30_31_32_33_34_35_36_37_38_39_40_41_42_43_44_45_46_47_48_49_50_51_52_53_54_55_56_57_58_59_60_61_62_63_64_65_66_67_68_69_70_71_72_73_74_75_76_77_78_79_80_81_82_83_84_85_86_87_88_89_90_91_92_93_94_95_96_97_98_99_100_102_103_104_106_107_108_110_111_112_113_114_116_117_120_121_122_124_125_126_128_129_131_132_133_134_136_137_138_140_141_142_143_145_146_147_148_151_152_153_154_155_157_158_161_162_163_164_165_167_168_170_172_175_176_177_178_179_181_184_186_187_188_190_193_194_196_198_208_209_210_211_213_215_216_217_219_221_222_223_232_234_236_239_240_242_254  6.76e+09  5.58e+09 141728.22  69554.68  15034.85    701.72     84.56     26.14   2121.67   -366.54      0.00 0
100426 5626.0    114_133_143_154_164_170_178_187_193_202_209_215_229_232_245_247  4.37e+10  3.84e+10 -15967.48  16322.54   8875.02    773.48     68.76    134.37   6295.24  -1953.51      0.00 0
100427 5626.0    103_111_116_117_121_128_129_137_140_141_146_148_152_157_158_162_167_168_172_173_176_178_181_182_185_190_191_196_197_198_199_200_202_203_205_206_209_211_212_213_214_215_217_218_219_220_223_224_226_227_228_229_230_231_232_233_234_235_237_238_239_241_242_243_244_245_246_247_248_249_250_251_252_253_254_255_256_257_258_259_260_261_262_263_264_265_266_267_268_269_270_271_272_273_274_275_276_277_278_279_280_281_282_283_284_285_286_287_288_289_290_291_292_293_294_295_296_297_298  7.41e+09  6.20e+09 249950.20  74893.56  12898.52    747.31     87.17     16.68     53.38  -9719.72      0.00 0
100428 5626.0    0_1_4_6_7_10_14_18_22_27_30_36_42_43_46_54_56_64_68_77_80_90_92_104_112_115_118_130_142_149_159_169_183_192_201_207  1.29e+09  1.06e+09   6166.14  32171.48  10827.02    664.58     71.71     79.15   1000.05   4937.10      0.00 0
100429 5626.0    246_249_250_253_260_261_266_267_270_274_275_277_281_284  5.25e+09  4.42e+09 -20129.98   4981.67   8939.45    704.08     66.68    166.10   1174.59  -9544.15      0.00 0
100430 5626.0    0_2_3_4_5_6_8_9_10_12_13_17_18_20_21_22_25_28_29_33_35_40_41_44_45_53_55_66_67_78_79_91_102_103_116_117_148_157  5.01e+10  4.38e+10  -4314.83 -21613.23   9075.12    716.50     67.62    258.71     57.48  -2137.30      0.00 0
100431 5626.0    63_67_79_83_89_91_95_99_103_107_111_116_117_121_125_128_129_133_137_141_146_148_152_154_157_158_162_164_167_168_173_181_182_190_191_196_200_205_206_213_219_226_230_234_237_242_249_252_254_257_263_269_273_278_285  9.33e+09  7.87e+09  31579.28  28584.16  11381.34    729.76     75.04     42.15   -266.33  -5762.83      0.00 0
100432 5626.0    158_168_173_181_182_185_190_191_197_199_200_203_205_206_212_213_214_218_219_220_224_226_227_228_230_231_233_235_237_238_241_242_243_244_245_246_247_248_249_250_251_252_253_254_255_256_257_258_259_260_261_262_263_264_265_266_267_268_269_270_271_272_273_278_280_282_283_285  2.82e+09  2.31e+09 -54696.35 -16440.91  13059.84    641.66     77.12    196.73   2718.21  -7079.12      0.00 0
100433 5626.0    0_1_2_3_4_5_6_7_8_9_10_11_12_13_14_15_16_17_18_19_20_21_22_23_24_25_26_27_28_29_30_31_32_33_34_35_36_37_38_39_40_41_42_43_44_45_46_47_48_49_50_51_52_53_54_55_56_57_58_59_60_61_62_63_64_65_66_67_68_69_70_71_72_73_74_75_76_77_78_79_80_81_82_83_84_85_86_87_88_89_90_91_92_93_94_95_96_97_98_99_100_101_102_103_104_105_106_107_108_109_110_111_112_113_114_115_116_117_118_119_120_121_122_123_124_125_126_127_128_129_130_131_132_133_134_135_136_137_138_139_140_141_142_143_144_145_146_148_149_150_151_152_153_154_156_157_158_159_160_161_162_163_166_167_168_169_171_172_173_174_176_178_180_181_182_183_185_189_190_191_192_195_196_197_198_199_200_201_202_203_204_205_206_207_211_212_213_214_218_219_220_224_225_226_227_230_231_233_235_237_238_241_243_244_246_249_250_251_252_253_255_256_257_258_259_260_261_264_266_267_268_269_270_271_272_274_275_276_277_279_280_281_284_286_287_288_289_291_293_294_295_296_297_298  6.17e+10  5.29e+10  56698.98 -195924.77  14262.56    748.16     86.00    286.14   2232.08  -8505.70      0.00 0
100434 5626.0    8_16_20_28_32_35_40_44_52_55_62_66_78_79_88_91_102_110_116_117_128_148_157_158_167_181_182_190_200_205_206_213_226_227_230_231_246_249_250_260_261_266_267_275_276_277_286_287_293_295  1.58e+09  1.31e+09   4883.86 -37348.44  11400.86    656.75     73.16    277.45   -307.08  -6584.48      0.00 0
100435 5626.0    0_1_2_3_4_5_6_7_8_9_10_11_12_13_14_15_16_17_18_19_20_21_22_23_24_25_26_27_28_29_30_31_32_33_34_35_36_37_38_39_40_41_42_43_44_45_46_47_48_49_50_51_52_53_54_55_56_57_58_59_60_61_62_63_64_65_66_67_68_69_70_71_72_73_74_75_76_77_78_79_80_81_82_83_84_85_86_87_88_89_90_91_92_93_94_95_96_97_98_99_100_101_102_103_104_105_106_107_108_110_112_113_114_115_116_117_118_120_122_124_126_128_130_132_134_136_138_140_142_145_147_148_149_151_153_155_157_159_161_163_167_169_172_174_175_177_179_181_183_184_186_190_192_196_198_207_210_211_213_217_219_223_234_237_242_254_257_263_273_278  6.31e+10  5.45e+10  68099.16  86414.39  14269.90    755.84     82.61     51.76   1651.87   2147.54      0.00 0
100436 5626.0    92_101_104_109_112_115_118_127_130_138_139_142_149_153_156_159_160_163_166_169_171_174_180_183_186_189_192_195  8.13e+09  6.86e+09  34663.79  -1859.12  10586.52    736.21     73.04    356.93    156.57   4884.36      0.00 0
100437 5626.0    0_1_2_3_4_5_6_7_8_10_11_12_14_15_16_18_22_23_24_25_26_27_30_34_36_38_42_46_50_54_60_64_68_72_76_80_84_90_96_100_108_112_122_126_138_147_153_163_177_179_186  1.32e+09  1.07e+09 -27707.02 -18709.73  11147.45    629.40     71.56    214.03   2811.48   2318.99      0.00 0
100438 5626.0    0_1_2_3_4_5_6_7_8_10_11_14_15_16_18_19_20_22_23_24_27_28_30_31_32_34_36_37_39_40_42_43_46_47_48_51_52_54_56_57_58_61_62_64_65_68_69_70_73_74_77_80_81_82_84_85_87_90_92_93_94_97_98_101_104_105_106_108_109_112_113_115_118_120_124_127_130_132_136_138_142_145_149_151_159_163_169_174_175_183_184_192_207  1.41e+09  1.14e+09  30747.32  41552.62  12305.14    697.18     76.61     53.50    207.65   2917.76      0.00 0
100439 5626.0    101_105_109_115_119_127_135_139_144_150_160_171  2.51e+10  2.18e+10  24661.76   3036.82   9201.43    767.61     69.68      7.02  -4280.75   3589.73      0.00 0
100440 5626.0    0_1_2_3_4_5_6_7_8_9_10_11_12_13_14_15_16_17_18_19_20_21_22_23_24_25_26_27_28_29_30_31_32_33_34_35_36_37_38_39_40_41_42_43_44_45_46_47_48_49_50_51_52_53_54_55_56_57_58_59_60_61_62_63_64_65_66_67_68_69_70_71_72_73_74_75_76_77_78_79_80_81_82_83_84_85_86_87_88_89_90_91_92_93_94_95_96_97_98_99_100_101_102_103_104_105_106_107_108_109_110_111_112_113_114_115_116_117_118_119_120_121_122_123_124_125_126_127_128_129_130_131_132_133_134_135_136_137_138_139_140_141_142_143_144_145_146_147_149_150_151_152_153_154_155_156_159_160_161_162_163_164_165_166_169_170_171_174_175_176_177_178_179_180_183_184_185_186_187_188_189_192_193_194_195_202_203_208_209_210_215_216_221_222_228_229_232_236_239_240_245_247_262  7.94e+10  6.86e+10 -245273.48   2825.47  13112.67    780.90     86.94    179.34   5286.64    618.51      0.00 0
100441 5626.0    120_124_132_136_140_145_151_161_172_175_184_196_198_211_213_217_219_223_234_237_242_252_254_257_263_269_273  5.37e+10  4.71e+10  -6504.99  28447.89   9718.92    777.30     71.58    102.88  -3742.04  -5194.31      0.00 0
100442 5626.0    19_27_31_37_39_43_47_51_56_57_61_65_69_70_73_77_80_81_85_87_92_93_97_98_101_104_105_109_113_115_118_119_123_124_127_130_131_132_135_139_142_144_149_150_156_159_160_166_169_171_174_180_183_189_192_195_201_204_207_225  2.24e+10  1.90e+10 -81612.57 -75389.08  14528.51    720.87     82.55    222.73  -2849.91   4082.19      0.00 0
100443 5626.0    148_157_167_172_181_182_190_191_196_198_200_205_206_211_213_214_217_219_223_226_227_230_234_237_242_254  6.31e+09  5.35e+09  33100.50   -976.62  10612.91    703.68     72.23    358.31  -3344.78  -6474.65      0.00 0
100444 5626.0    226_227_230_237_242_246_249_250_252_253_254_257_260_261_263_266_267_269_273_278  6.61e+10  5.78e+10  25493.71   -525.12   9513.44    728.82     69.54    358.82  -1882.13  -8866.22      0.00 0
100445 5626.0    116_117_129_141_148_157_158_167_168_181_182_190_196_205_211_213_219  5.50e+10  4.82e+10 -17590.69  -7528.48   7937.31    840.47     67.47    203.17   -606.39  -5684.65      0.00 0
100446 5626.0    0_1_2_3_4_5_6_7_8_9_10_11_12_13_14_15_16_17_18_19_21_23_25_27_28_29_31_33_35_39_41_45_51_53_59_63_67_83_89_107  2.40e+10  2.08e+10  13091.07 -14927.50   8546.65    746.36     66.71    311.25    378.16   -599.09      0.00 0
100447 5626.0    0_1_2_3_4_5_6_7_8_9_10_11_12_13_14_15_16_17_18_19_20_21_22_23_24_25_26_27_28_29_30_31_32_33_34_35_36_37_38_39_40_41_42_43_44_45_46_47_48_49_50_51_52_53_54_55_56_57_58_59_60_61_62_63_64_65_66_67_68_69_70_71_72_73_74_75_76_77_78_79_80_81_82_83_84_85_86_87_88_89_90_91_92_93_94_95_96_97_98_99_100_101_102_103_104_105_106_107_108_109_110_111_112_113_114_115_116_117_118_119_120_121_122_123_124_125_126_127_128_129_130_131_132_133_134_135_136_137_138_139_140_141_142_143_144_145_146_147_148_149_150_151_152_153_154_155_156_157_158_159_160_161_162_163_164_165_166_167_168_169_170_171_172_173_174_175_176_177_178_179_180_181_182_183_184_185_186_187_188_189_190_191_192_193_194_195_196_197_198_199_200_201_202_203_204_205_206_207_208_209_210_211_212_213_214_215_216_217_218_219_220_221_222_223_224_225_226_227_228_229_230_231_232_233_234_235_236_237_238_239_240_241_242_243_244_245_246_247_248_249_250_251_252_253_254_255_256_257_258_259_260_261_262_263_264_265_266_267_268_269_270_271_272_273_274_275_276_277_278_279_280_281_282_283_284_285_286_287_288_289_290_291_292_293_294_295_296_297_298  1.35e+10  1.14e+10 -115441.08 279388.75  11348.96    755.53     87.85    112.45   3342.72  -9988.72      0.00 0
100448 5626.0    0_1_2_3_4_5_6_7_8_9_10_11_12_13_14_15_16_17_18_19_20_21_22_23_24_25_26_27_28_29_30_31_32_33_34_35_36_37_38_39_40_41_42_43_44_45_46_47_48_49_50_51_52_53_54_55_56_57_58_59_60_61_62_63_64_65_66_67_68_69_70_71_72_73_74_75_76_77_78_79_80_81_82_83_84_85_86_87_88_89_90_91_92_93_94_95_96_97_98_99_100_101_102_103_104_105_106_107_108_110_111_112_113_114_116_117_118_120_121_122_124_125_126_128_130_131_132_133_134_136_138_140_142_143_145_147_148_151_153_155_157_159_161_163_164_165_167_169_170_172_174_175_177_179_184_186_188_190_194_196_198_210_211_216_217_219_222_223_234_240_242_254  5.75e+09  4.78e+09 -101448.45 -79574.34  14621.73    743.50     83.53    218.11   -529.02   -757.60      0.00 0
100449 5626.0    0_1_2_3_4_5_6_7_8_9_10_11_12_13_14_15_16_17_18_19_20_21_22_23_24_25_26_27_28_29_30_31_32_33_34_35_36_37_38_39_40_41_42_43_44_45_46_47_48_49_50_51_52_53_54_55_56_57_58_59_60_61_62_63_64_65_66_67_68_69_70_71_72_73_74_75_76_77_78_79_80_81_82_83_84_85_86_87_88_89_90_91_92_93_94_95_96_97_98_99_100_101_102_103_105_106_107_109_110_111_113_114_116_117_119_120_121_123_124_125_127_128_129_131_132_133_134_135_136_137_139_140_141_143_144_145_146_148_150_151_152_154_157_158_160_161_162_164_165_167_168_170_172_173_175_176_178_181_182_184_185_187_190_191_193_196_197_198_199_200_202_203_205_206_208_209_211_212_213_214_215_217_218_219_220_221_223_224_226_227_228_229_230_231_232_233_235_238_239_241_243_244_245_247_248_250_251_253_255_256_258_259_262_264_265_268_270_271_272_274_279_282  3.55e+10  3.04e+10 -205755.05 102989.54  13871.46    730.28     86.55    153.41   6330.22  -5656.75      0.00 0
100450 5626.0    32_37_40_48_52_58_62_66_69_70_73_74_78_82_85_88_93_94_97_98_102_106_110_113_116_119_120_123_124_128_131_132_136_140_144_145_148_150_151_157_161_167_172_181_182_190_196_200_205_206_213_226_227_230_246  4.37e+10  3.79e+10  24869.41 -43742.52  11913.21    742.90     76.68    299.62  -4067.09   -474.26      0.00 0
100451 5626.0    21_29_33_35_40_41_44_45_49_53_55_59_62_63_66_67_75_78_79_83_88_89_91_95_99_102_103_106_107_110_111_114_116_117_121_125_128_129_133_136_137_140_141_143_146_148_151_152_154_157_158_161_162_164_167_168_170_172_173_176_178_181_182_184_185_187_190_193_194_196_198_202_203_208_209_211_213_215_217_219_221_222_223_229_232_234_236_239  6.61e+09  5.54e+09  55815.12  21403.07  12913.56    685.22     77.81     20.98   2138.06  -3062.60      0.00 0
100452 5626.0    146_152_154_162_164_170_173_176_178_185_187_193_197_199_202_203_208_209_212_214_215_218_220_221_222_224_228_229_231_232_233_235_236_238_239_240_241_243_244_245_247_248_250_251_253_255_256_258_259_261_264_267_270_271_274_275_277_279_281_284_286_287_289_291_293_294_295_297_298  6.92e+10  6.06e+10  27801.40  46581.83  12175.45    744.64     77.35     59.17   4121.25  -6620.34      0.00 0
100453 5626.0    0_1_2_3_4_5_6_7_8_9_10_11_12_13_14_15_16_17_18_19_20_21_22_23_24_25_26_27_28_29_30_31_32_33_34_35_36_37_38_39_40_41_42_43_44_45_46_47_48_49_50_51_52_53_54_55_56_57_58_59_60_61_62_63_64_65_66_67_68_69_70_71_72_73_74_75_76_77_78_79_80_81_82_83_84_85_86_87_88_89_90_91_92_93_94_95_96_97_98_99_100_101_102_103_104_105_106_107_108_109_110_111_112_113_114_115_116_117_118_119_120_121_122_123_124_125_126_127_128_129_130_131_132_133_134_135_136_137_138_139_140_141_142_143_144_145_146_147_148_149_150_151_152_153_154_155_156_157_158_159_160_161_162_163_164_165_167_168_169_170_172_174_175_176_177_178_179_181_183_184_186_187_188_190_192_193_194_196_198_202_208_209_210_211_215_216_217_219_221_222_223_232_234_236_239_240_254  1.35e+10  1.14e+10 214497.42  88584.67  13787.48    735.19     86.60     22.44   5471.37   2177.17      0.00 0
100454 5626.0    87_101_105_109_135_139_150_160_171  2.45e+10  2.13e+10  17812.68  -8223.07   8275.34    789.33     67.13    335.22  -4069.36   4350.38      0.00 0
100455 5626.0    111_117_129_137_141_148_158_168_181_182_191_197_200_205_206_213_214_226_227_230_231_237_246_249_252_257_260_266_269_273_276_280_283_290_292  8.51e+09  7.19e+09 -19205.38 -25183.30  10333.29    722.43     71.93    232.67   -294.70  -7465.17      0.00 0
100456 5626.0    228_233_235_241_243_244_245_247_248_251_253_255_256_258_259_262_264_265_267_268_270_271_272_274_277_279_281_282_284_287_289_291_293_295_297_298  5.01e+09  4.19e+09 -37719.31 -41293.44  12102.19    774.60     77.79    227.59   3849.82 -10303.36      0.00 0
100457 5626.0    0_1_2_3_4_5_6_8_9_10_11_12_13_16_17_18_20_21_22_24_25_26_28_29_32_33_34_35_38_40_41_44_45_48_49_50_52_53_54_55_58_59_60_62_63_66_67_71_72_74_75_76_78_79_82_83_84_86_88_89_94_95_96_99_100_106_107_114_120_125_126_133_134_143_147_154_155_164_165_170_179_188_193_194_208_210_216_222_236_240  9.77e+09  8.30e+09  46335.43  17564.17  12088.81    706.43     76.29     20.76   4618.21    425.69      0.00 0
100458 5626.0    197_200_206_212_214_220_224_226_227_230_231_233_235_237_238_241_243_244_246_248_249_250_251_252_253_255_256_257_258_259_260_261_262_263_264_265_266_267_268_269_270_271_272_273_274_275_276_277_278_279_280_281_282_283_284_285_286_287_288_289_290_291_292_293_294_295_296_297_298  6.92e+09  5.75e+09 151729.25  49680.70  14895.12    720.09     84.67     18.13   6165.66  -9520.98      0.00 0
100459 5626.0    0_1_2_3_4_5_6_7_8_9_10_11_12_13_14_15_16_17_18_19_20_21_22_23_24_25_26_27_28_29_30_31_32_33_34_35_36_37_38_39_40_41_42_43_44_45_46_47_48_49_50_51_52_53_54_55_56_57_58_59_60_61_62_63_64_65_66_67_68_69_70_71_72_73_74_75_76_77_78_79_80_81_82_83_84_85_86_87_88_89_90_91_92_93_94_95_96_97_98_99_100_101_102_103_104_105_106_107_108_109_110_111_112_113_114_115_117_118_119_120_121_122_123_124_125_126_127_129_130_131_132_133_134_135_136_137_138_139_141_142_143_144_145_146_147_149_150_151_152_153_154_155_156_159_160_162_163_164_165_166_169_170_171_174_175_176_177_178_179_180_183_185_186_187_188_189_192_193_194_195_201_202_203_204_208_209_210_215_216_221_222_228_229_232_233_236_239_240_245_247_248_262  9.55e+09  8.05e+09 -236808.56  34293.41  13671.02    726.84     86.73    171.76   1550.21   1101.84      0.00 0
100460 5626.0    0_1_2_3_4_5_6_7_8_9_10_11_12_13_14_15_16_17_18_19_20_21_22_23_24_25_26_27_28_29_30_31_32_33_34_35_36_37_38_39_40_41_42_43_44_45_46_47_48_49_50_51_52_53_54_55_56_57_58_59_60_61_62_63_64_65_66_67_68_69_70_71_72_73_74_75_76_77_78_79_80_81_82_83_84_85_86_87_88_89_90_91_92_93_94_95_97_98_99_101_102_103_104_105_106_107_109_110_111_115_116_117_118_119_121_123_127_128_129_130_135_137_139_141_144_148_149_150_152_156_157_158_159_160_162_166_167_168_171_173_180_181_182_183_185_189_190_191_195_197_199_200_201_204_205_206_212_214_218_220_224_225_226_227_231_235_238_243_244_246_250_253_255_258_259_261_264_267_270_271_274_275_277_279_281_284_287_289_291_295  4.17e+09  3.46e+09  34240.12 -92712.22  13960.42    765.45     81.96    290.27    782.00  -2950.19      0.00 0
100461 5626.0    71_72_75_76_86_95_96_99_100_107_114_121_125_126_133_134_137_141_143_146_152_154_162_164_173_176_178_185_187_197_199_202_203_212_218_220_224_228_233_235_241_243_244_248_251_255_256_258_259_264_268_271_272_274_279_284  3.47e+10  2.99e+10  11295.21 -61542.76  12661.93    747.93     78.56    280.40   5610.85 -10474.79      0.00 0
100462 5626.0    0_1_2_5_6_7_8_11_13_14_15_16_19_20_23_24_27_28_30_31_32_36_37_39_40_43_44_46_47_48_51_52_56_57_58_61_62_65_66_69_70_73_74_77_78_80_81_82_85_87_88_92_93_94_97_98_101_102_105_106_109_110_113_115_118_119_120_124_127_128_135_136_139_140_145_149_151_156_157_161_166_167_171_172_180_183_184_189_190_195_196_198_201_204_211_213_219_223_225_234_237_242_254_257_263_273  3.24e+10  2.79e+10   9282.41  50083.43  12087.79    722.23     76.65     79.50  -2032.97   -221.30      0.00 0
100463 5626.0    0_1_2_5_8_11_13_16_20_24_28_32_35_40_44_52_55_58_62_66_78_82_88_91_102_106_110_116_128_140_148_157_167_172_181_190_196_205_213_219_230_237_252_257_269  1.66e+09  1.37e+09   6006.12  32660.53  10892.61    662.38     71.84     79.58  -1529.29  -4782.58      0.00 0
100464 5626.0    0_1_2_3_4_5_6_7_8_9_10_11_12_13_14_15_16_17_18_19_20_21_22_23_24_25_26_27_28_29_30_31_32_33_34_35_36_37_38_39_40_41_42_43_44_45_46_47_48_49_50_51_52_53_54_55_56_57_58_59_60_61_62_63_64_65_66_67_68_69_70_71_72_73_74_75_76_77_78_79_80_81_82_83_84_85_86_88_89_90_91_94_95_96_98_99_100_102_103_104_106_108_110_112_113_114_116_120_122_124_126_128_130_132_134_136_138_140_142_143_145_147_151_153_155_161_163_165_167_172_174_175_177_179_184_186_188_196_198_210_211_217_223_234  1.51e+09  1.22e+09 -65469.50 -53949.70  14348.62    649.25     80.40    219.49  -1367.05  -1540.08      0.00 0
100465 5626.0    0_1_2_3_4_5_6_7_8_9_10_11_12_13_14_15_16_17_18_19_20_21_22_23_24_25_26_27_28_29_30_31_32_33_34_35_36_37_38_39_40_41_42_43_44_45_46_47_48_49_50_51_52_53_54_55_56_57_58_59_60_61_62_63_64_65_66_67_68_69_70_71_72_73_74_75_76_77_78_79_80_81_82_83_84_85_86_87_88_89_90_91_92_93_94_95_96_97_98_99_100_101_102_103_104_105_106_107_108_109_111_112_113_114_115_116_117_118_119_121_122_123_125_126_127_129_130_131_133_134_135_137_138_139_141_142_143_144_146_148_149_150_152_154_156_158_159_160_162_164_166_168_169_170_171_173_176_178_180_182_183_185_187_189_191_193_195_197_199_201_202_203_204_206_209_212_214_215_218_220_224_225_228_229_232_233_235_238_241_243_244_245_247_248_251_255_256_258_259_262_264_265_268_271_272_274_279_282  2.69e+10  2.32e+10 -88373.85 112910.13  14842.47    725.85     84.09    128.05   -174.33   1179.34      0.00 0
100466 5626.0    15_19_23_24_31_32_37_39_43_47_48_51_57_58_61_65_69_70_73_74_77_81_82_85_87_92_93_94_97_98_101_105_106_109_113_115_119_120_123_124_127_131_132_135_136_139_144_145_149_150_151_156_160_161_166_171_172_175_180_183_184_189_195_198_201_204_207_211_217_223_225_234_254  9.77e+10  8.54e+10  27889.30  89432.27  13800.04    768.84     81.62     72.68  -3859.88   2167.42      0.00 0
100467 5626.0    0_1_2_6_7_8_11_15_16_19_20_23_24_27_31_32_37_39_43_47_51_57_61_65_69_73_77_81_87_93_101_105_109_119_127_135_139_150_160_166_171_195  3.98e+10  3.45e+10 -10567.61  26993.09   9687.98    778.60     71.52    111.38  -2399.42   3557.92      0.00 0
100468 5626.0    1_6_7_10_11_14_15_16_19_22_23_24_27_30_31_32_36_37_39_42_43_46_47_48_51_54_56_57_58_61_64_65_68_69_70_73_74_77_80_81_85_87_90_92_93_94_97_98_101_104_105_108_109_112_113_115_118_119_120_123_124_127_130_131_132_135_138_139_142_144_145_149_150_156_159_160_163_166_169_171_174_175_180_183_186_189_192_195_201_204_207_225  5.62e+10  4.85e+10 129575.21 109577.10  14607.79    754.36     85.08     40.22  -2921.21   3776.24      0.00 0
100469 5626.0    190_196_205_213_226_230_237_246_249_252_260_266_269_275_276_280_286_287_288_293_294_296_297_298  1.35e+09  1.10e+09   6930.94 -29596.66  10776.22    631.88     70.48    283.18  -1028.02 -10036.56      0.00 0
100470 5626.0    196_198_205_211_213_217_219_223_226_227_230_234_237_242_246_249_250_252_253_254_257_260_261_263_266_267_269_270_274_275_276_277_281_284_287_289_291  4.90e+10  4.26e+10 -32401.92  20841.62  10850.96    756.24     74.27    147.25   -293.70  -9025.83      0.00 0
100471 5626.0    63_67_79_83_89_91_95_99_103_107_111_116_117_121_125_128_129_133_137_141_143_146_148_152_154_157_158_162_164_165_167_168_170_172_173_176_178_181_182_185_187_190_191_193_194_196_197_199_200_202_203_205_206_208_209_211_212_213_214_215_216_218_219_220_221_222_224_226_227_228_229_230_231_232_233_234_235_236_237_238_239_240_241_242_243_244_245_246_247_248_249_250_251_252_253_254_255_256_257_258_259_260_261_262_263_264_265_266_267_268_269_270_271_273_274_275_276_277_278_280_281_283_284_285_286_287_288_289_290_292_293_294_296_297  4.57e+09  3.76e+09 -103237.62 -77738.64  14815.70    716.32     83.46    216.98  -2558.92  -9740.33      0.00 0
100472 5626.0    0_1_2_3_4_5_6_7_8_9_10_11_12_13_14_15_16_17_18_19_20_22_23_24_25_26_27_28_30_31_32_34_35_36_37_38_39_40_42_43_44_46_47_48_50_51_52_54_56_57_58_60_61_62_64_65_66_68_69_70_72_73_74_76_77_80_81_82_84_85_87_88_90_92_93_94_96_97_98_100_101_104_105_106_108_109_112_113_115_118_119_120_122_123_124_126_127_130_131_132_135_136_138_139_142_144_145_147_149_150_151_153_155_156_159_160_163_166_169_171_174_175_177_179_180_183_184_186_189_192_195_201_204_207_210_225  4.37e+09  3.61e+09 168787.09 111972.13  14483.48    721.35     85.91     33.56  -3559.02   1995.25      0.00 0
100473 5626.0    162_168_173_176_182_185_191_197_199_200_202_203_205_206_209_212_214_218_220_224_226_227_228_229_230_231_232_233_235_237_238_241_243_244_245_246_247_248_249_250_251_252_253_255_256_257_258_259_260_261_262_263_264_265_266_267_268_269_270_271_272_273_274_275_276_277_278_279_280_281_282_283_284_285_286_287_288_289_290_291_292_293_294_295_296_297_298  5.89e+09  4.87e+09 -86879.56 -50849.71  14362.82    712.45     81.88    210.34   1488.06  -9203.10      0.00 0
100474 5626.0    1_6_7_11_14_15_19_23_24_27_30_31_36_37_39_42_43_46_47_48_51_56_57_61_65_68_69_70_73_74_77_80_81_85_93_97_98_113_132  5.25e+09  4.44e+09 -18844.75  -9585.31   8800.75    739.15     67.40    206.96  -2067.01    746.14      0.00 0
100475 5626.0    213_230_237_242_252_257_269_273_283_285_292  1.51e+09  1.26e+09   6289.02  16072.47   7909.12    778.61     65.38     68.63  -2578.31  -8773.86      0.00 0
100476 5626.0    95_121_125_146_154_176_178_187_202_209_228_229_245_247  1.74e+09  1.43e+09 -16204.44   9104.67   8592.36    700.24     65.19    150.67   5440.95  -2677.17      0.00 0
100477 5626.0    26_34_50_54_60_64_76_84_96_108_122_126_138_147_153_163_177_186  8.71e+09  7.44e+09 -12318.33 -17638.22   8836.66    743.33     67.67    235.07   3388.78   3019.04      0.00 0
100478 5626.0    8_13_20_28_29_32_35_40_41_44_45_52_55_58_62_63_66_67_78_79_82_88_89_91_102_103_107_111_117_129_137_141_152_158_162_168_173_185_197_199_203_212_218_220_224_233_235_241_244_251_255_256_259_265_268_272_282  1.26e+09  1.04e+09 -32544.65  23265.33  11290.22    707.26     74.24    144.44   3613.29  -5138.85      0.00 0
100479 5626.0    0_1_2_3_4_5_6_7_8_9_10_11_12_13_14_15_16_17_18_19_20_21_22_23_24_25_26_27_28_29_30_31_32_33_34_35_36_37_38_39_40_41_42_43_44_45_46_47_48_49_50_51_52_53_54_55_56_57_58_59_60_61_62_63_64_65_66_67_68_69_70_71_72_73_74_75_76_77_78_79_80_81_82_83_84_85_86_87_88_89_90_91_93_94_95_96_97_98_99_100_101_102_103_105_106_107_109_110_111_113_114_117_119_120_121_123_124_125_126_129_131_132_133_134_135_137_139_141_143_144_145_146_150_152_154_160_162_164_165_168_170_173_176_178_185_187_193_199_202_203_208_209_215_218_221_224_228_229_232_233_236_239_241_245_247_248_251_262_265_268_282  2.63e+10  2.24e+10 -106814.52  41087.84  14376.55    751.64     82.84    158.96  -1964.76    207.73      0.00 0
100480 5626.0    0_1_2_3_4_5_6_7_8_9_10_11_12_13_14_15_16_17_18_19_20_21_22_23_24_25_26_27_28_29_30_31_32_33_34_35_36_37_38_39_41_42_43_45_46_47_48_49_50_51_53_54_56_57_59_60_61_63_64_65_67_68_69_70_71_72_73_75_76_77_80_81_83_84_85_86_87_89_90_92_93_95_96_97_99_100_101_104_105_107_108_109_112_114_115_118_119_121_122_123_125_126_127_130_131_133_134_135_137_138_139_142_143_144_146_147_149_150_152_153_154_155_156_159_160_162_163_164_165_166_169_170_171_174_176_177_178_179_180_183_185_186_187_188_189_192_193_194_195_201_202_203_204_207_208_209_210_215_216_218_221_222_225_228_229_232_233_236_239_240_245_247_248_251_262_265_282  2.24e+09  1.81e+09 -147335.69  92746.33  14955.97    702.69     85.09    147.81   4696.71    420.75      0.00 0
100481 5626.0    0_1_3_4_6_7_10_12_14_17_18_19_22_25_26_27_30_33_34_36_38_39_42_43_46_49_50_51_54_56_59_60_61_64_65_68_71_72_75_76_77_80_81_84_86_87_90_92_95_99_101_104_105_109_115_127_135_139_156_160_166_171_195  2.69e+10  2.32e+10 -25520.19  25324.96  10916.57    703.71     73.11    135.22   -702.61   2805.95      0.00 0
100482 5626.0    95_99_107_111_121_125_133_137_141_143_146_152_154_162_164_165_170_178_187_194  5.50e+10  4.79e+10  13387.07  18630.08   9018.24    750.44     68.54     54.30   4389.73  -1740.37      0.00 0
100483 5626.0    0_1_2_3_4_5_6_7_9_10_12_14_15_17_18_19_21_22_25_26_27_29_30_33_34_36_38_39_41_42_43_46_49_50_51_53_54_56_59_60_61_63_64_65_68_71_72_75_76_77_80_83_84_86_87_89_90_92_95_96_99_100_101_104_107_109_114_115_121_125_127_133_137_139_146_152_154_162_164_166_176_178_185_187_199_202_203_209_218_228_229_233_241_245_248_251_256_262_265_268_282  2.75e+09  2.29e+09  33545.96 -37571.86  12213.32    696.65     76.37    311.76   3554.37  -1814.02      0.00 0
100484 5626.0    106_110_120_136_140_151_161_167_172_196_198_211_219_234_242  3.24e+09  2.69e+09   3826.36  20705.71   9313.28    653.16     66.14     79.53  -3138.49  -4888.74      0.00 0
100485 5626.0    181_182_190_191_196_198_200_205_206_211_213_214_217_219_220_223_226_227_230_231_234_235_237_238_242_243_246_249_250_252_253_254_255_257_258_259_260_261_263_264_266_267_269_270_271_273_274_279  2.51e+10  2.14e+10  49301.99  -5931.28  12013.41    719.29     76.40    353.14  -2695.72  -7511.51      0.00 0
100486 5626.0    107_111_121_125_137_146_152_154_176_178_187_193_202_209_215_221_232_239  2.69e+10  2.33e+10  22507.25   5703.57   9052.58    751.76     68.70     14.22   5738.08  -2244.51      0.00 0
100487 5626.0    0_1_2_3_4_5_6_7_8_9_10_11_12_13_14_15_16_17_18_19_20_22_23_24_25_26_27_28_30_31_32_34_36_37_38_39_42_43_46_47_48_50_51_52_54_56_57_58_60_61_64_65_68_69_70_71_72_73_74_76_77_80_81_82_84_85_86_87_90_92_93_94_96_97_98_100_101_104_105_108_109_112_113_115_118_119_120_122_123_124_126_127_130_131_132_134_135_138_139_142_144_145_147_149_150_153_155_159_163_169_174_177_179_186_188_210_216  3.24e+10  2.80e+10 -85902.45 -31537.88  13823.07    755.40     81.41    200.16  -3564.62    804.58      0.00 0
100488 5626.0    41_45_63_67_79_89_103_111_117_129_141_158_168_173_191_197_206_212_214_220_231_238_243_253_258_264_270_274  2.34e+09  1.94e+09   7976.09 -28130.68  10411.74    664.12     70.40    285.83   2175.16  -5828.42      0.00 0
100489 5626.0    167_172_190_196_205_213_219_226_230_237_249_252_260_266  5.25e+10  4.61e+10  -7596.66  16623.20   8175.59    763.74     65.90    114.56  -1781.82  -7322.17      0.00 0
100490 5626.0    128_140_148_157_158_161_167_168_172_175_181_182_184_190_191_196_197_198_200_205_206_211_212_213_214_217_219_220_223_226_227_230_231_234_235_237_238_242_243_244_246_250_253_255_258_259_264_271  2.69e+10  2.31e+10 -45922.18  10037.85  11955.58    697.05     75.73    167.67  -2414.18  -6068.17      0.00 0
100491 5626.0    3_5_9_12_13_17_21_25_26_28_29_33_34_35_38_40_41_44_45_49_50_53_55_59_60_62_63_66_67_71_72_75_76_78_79_83_86_88_89_91_95_96_99_100_102_103_107_110_111_116_117_128_129_140_148_157_158_167_172_181_182_190_196_200_205_211_213_219_226_230_234_237_242_252_254_257_263_269_273_278_283_285_292  1.29e+10  1.10e+10  28724.65  40539.27  12093.38    707.22     76.32     54.68  -1601.95  -5785.68      0.00 0
100492 5626.0    206_214_220_226_227_230_231_235_237_238_243_246_249_250_252_253_255_257_258_260_261_263_266_267_269_270_273_275_276_277_278_280_283_285_286_288_290_292  2.34e+09  1.93e+09 -43025.63 -17182.90  12076.66    671.09     75.39    201.77  -2969.66 -10153.32      0.00 0
100493 5626.0    196_213_219_234_237_242_254_257_263_278  2.19e+09  1.81e+09  17093.45  13427.08   9392.69    657.87     66.63     38.15  -4143.08  -8058.68      0.00 0
100494 5626.0    8_16_20_23_24_28_32_35_37_40_44_47_48_52_55_58_62_66_69_70_73_74_78_79_82_85_88_91_94_97_98_102_106_113_123_131  9.55e+09  8.09e+09  18448.10 -19741.68  10080.77    670.76     69.54    313.06  -2273.89   -865.60      0.00 0
100495 5626.0    91_102_103_107_111_116_117_121_128_129_137_140_141_146_148_152_157_158_161_162_167_168_172_173_176_178_181_182_185_187_190_191_196_197_198_199_200_202_203_205_206_209_211_212_213_214_215_217_218_219_220_223_224_226_227_228_229_230_231_232_233_234_235_237_238_239_241_242_243_244_245_246_247_248_249_250_251_252_253_254_255_256_257_258_259_260_261_262_263_264_265_266_267_268_269_271_272_273_276_278_280_282_283_285  1.74e+09  1.40e+09 101038.38  28552.89  14812.19    664.73     81.97     15.78  -1679.73  -7166.66      0.00 0
100496 5626.0    249_252_257_260_263_266_269_273_278_280_283_285  4.47e+10  3.89e+10 -22063.93  -3364.43   8999.33    736.95     68.04    188.67  -3783.26  -9726.23      0.00 0
100497 5626.0    23_24_31_32_37_39_47_48_51_52_57_58_61_62_65_69_70_73_74_81_82_85_87_88_93_94_97_98_101_105_106_109_110_113_119_120_123_124_127_131_132_135_136_139_140_144_145_150_151_156_160_161_166_167_171_172_175_184_189_195_196_198_204_211_217_219_223_234_242_254_257_263_273_278_285  1.82e+10  1.56e+10  -5840.82 -57105.28  12431.99    736.11     77.78    264.16  -3581.49    -86.42      0.00 0
100498 5626.0    157_167_172_181_182_190_191_196_197_198_200_205_206_211_213_214_217_219_220_223_226_227_230_231_234_235_237_238_242_243_244_246_249_250_252_253_254_255_256_257_258_259_260_261_263_264_266_267_269_270_271_272_273_274_275_276_277_278_279_280_281_283_284_285_286_287_288_289_290_291_292_293_294_295_296_297_298  4.68e+10  4.04e+10 -133055.64  28573.24  14543.72    763.47     83.90    167.88  -2227.75  -9132.07      0.00 0
100499 5626.0    0_1_2_3_4_5_6_7_8_9_10_11_12_13_14_15_16_17_18_19_20_22_23_24_27_28_29_30_31_32_35_36_37_39_40_42_43_44_45_46_47_48_51_52_55_56_57_58_61_62_64_65_66_68_69_70_73_74_77_78_79_80_81_82_85_87_88_90_91_92_93_94_97_98_101_102_104_105_106_109_110_113_115_116_118_119_120_123_124_127_128_130_131_132_135_136_139_140_145_149_150_151_156_157_159_160_161_166_167_169_171_172_175_180_181_183_184_189_190_192_195_196_198_201_204_205_207_211_213_217_219_223_225_230_234_237_242_252_254_257_263_266_269_273_278_280_283_285_290_292  4.37e+09  3.66e+09 -19085.19 -82732.92  13949.50    704.51     80.67    257.01  -2304.10  -1530.39      0.00 0
