#event_number primary_type du_ids energy_primary em_energy Xmax_pos(x, y, z), Xmax_grams zenith azimuth shower_core_pos_x shower_core_pos_y shower_core_pos_z, N_tested_cores, units are degrees, GeV and meters
101800 5626.0    39_43_51_56_61_65_68_77_80_81_87_90_92_93_101_104_105_109_112_115_118_119_123_127_130_135_138_139_142_144_149_150_159_163_169_174_186  6.31e+09  5.37e+09 -30228.92 -11846.59  10286.78    745.42     72.42    201.40     52.56   3743.02      0.00 0
101801 5626.0    43_56_61_65_68_77_80_87_90_92_93_101_104_105_109_112_115_118_119_123_127_130_135_138_139_142_144_149_150_156_159_160_163_166_171  7.76e+10  6.81e+10 -33946.13  -2314.22  10376.49    759.42     73.04    183.90  -2140.28   3539.00      0.00 0
101802 5626.0    111_116_117_121_129_137_141_146_148_152_157_158_162_167_168_172_173_176_178_181_182_185_187_190_191_196_197_199_200_202_203_205_206_209_211_212_213_214_215_218_219_220_223_224_226_227_228_229_230_231_232_233_234_235_237_238_239_241_242_243_244_245_246_247_248_249_250_251_252_253_254_255_256_257_258_259_260_261_262_263_264_265_266_267_268_269_270_271_272_273_274_275_276_277_278_280_281_282_283_285_286_288_290_292  4.57e+09  3.81e+09  96818.69  39846.49  14695.67    679.40     82.01     22.37  -2132.02  -8426.36      0.00 0
101803 5626.0    73_81_87_93_97_101_105_109_113_115_119_123_127_131_132_135_139_144_150_156_160_166_180_189  2.00e+10  1.73e+10  17020.83  23264.54   9965.05    726.75     70.93     53.81  -3412.85   2105.75      0.00 0
101804 5626.0    6_7_10_14_15_19_22_23_27_30_31_36_39_42_43_46_47_51_54_56_57_61_64_65_68_69_73_77_80_81_84_87_90_92_93_96_97_101_104_105_108_109_112_119_122_123_130_131_138_142_147_153_163_177  9.77e+10  8.64e+10  30118.87   7370.04   9842.11    794.70     72.39     13.75   -464.18   2239.73      0.00 0
101805 5626.0    141_158_162_168_173_182_191_197_200_206_214_226_227_231_246_249_250_260_261_275_276  1.55e+10  1.33e+10 -13588.29 -20996.26   9600.32    702.90     69.00    237.09   1121.41  -7245.82      0.00 0
101806 5626.0    148_157_158_167_168_172_181_182_190_191_196_197_198_200_205_206_211_212_213_214_217_219_220_223_224_226_227_230_231_234_235_237_238_241_242_243_244_246_249_250_251_252_253_254_255_256_257_258_259_260_261_263_264_265_266_267_268_269_270_271_272_273_274_275_276_277_278_279_280_281_282_283_284  8.91e+10  7.75e+10  74960.62  -6400.04  13306.29    744.21     79.97    355.12  -1119.50  -7704.79      0.00 0
101807 5626.0    200_226_227_230_237_246_249_252_257_263_266_269_273_278_283_285  4.68e+10  4.10e+10 -21935.53 -11761.73   9281.19    754.32     69.55    208.20  -2885.11  -9227.40      0.00 0
101808 5626.0    260_261_266_267_269_275_276_277_280_281_284_286_287_289_291  1.15e+10  9.77e+09  24076.54  -8649.11   9887.03    670.33     68.87    340.24   1133.72 -10596.60      0.00 0
101809 5626.0    0_1_2_3_4_5_6_7_8_9_10_11_12_13_14_15_16_17_18_19_20_21_22_23_24_25_26_28_29_31_32_33_34_35_37_38_40_41_44_45_47_48_49_50_52_53_55_57_58_59_60_62_63_66_67_69_70_71_72_73_74_75_76_78_79_82_83_85_86_88_89_91_94_95_97_98_99_100_102_103_106_107_110_111_113_114_116_117_120_121_124_125_128_129_131_132_133_134_136_137_140_141_143_145_146_148_151_152_154_157_158_161_162_164_165_167_168_170_172_173_175_176_178_181_182_184_185_187_190_191_193_194_196_197_198_199_200_202_203_205_206_208_209_211_212_213_214_215_216_217_218_219_220_221_222_223_224_228_229_232_233_234_235_236_239_240_241_244_245_247_248_251_256_262_265_268  9.12e+09  7.65e+09 -158265.23 -10983.71  15164.10    684.55     84.54    183.97   -141.64  -3077.81      0.00 0
101810 5626.0    40_44_45_55_62_66_67_78_79_82_88_89_91_94_102_103_106_107_110_111_116_117_120_121_124_128_129_136_137_140_141_145_148_151_152_157_158_161_162_167_168_172_173_175_176_181_182_184_185_190_191_196_197_198_199_200_202_203_205_206_211_212_213_214_217_218_219_220_223_224_226_227_228_229_230_231_233_234_235_237_238_241_242_243_244_245_246_247_248_249_250_251_252_253_254_255_256_257_258_259_260_261_262_263_264_265_266_267_268_269_270_271_272_273_274_275_276_277_278_279_280_281_282_283_284_285_286_287_288_289_290_291_292_293_294_295_296_297_298  1.05e+10  8.79e+09 -264264.88  49026.31  12722.07    737.34     87.29    169.49  -1078.13  -7790.52      0.00 0
101811 5626.0    115_118_130_142_149_156_159_163_169_174_180_183_186_189_192  1.12e+09  9.08e+08  26674.12  -3478.57  10309.78    634.48     69.03    352.57   1788.65   5158.13      0.00 0
101812 5626.0    0_1_3_4_6_7_10_12_14_15_17_18_19_22_25_26_27_30_31_33_34_36_38_39_42_43_46_49_50_51_54_56_57_59_60_61_64_65_68_71_72_75_76_77_80_81_84_86_87_90_92_93_95_96_99_100_101_104_105_108_109_112_114_115_118_119_122_123_125_126_127_130_133_134_135_138_139_142_143_144_147_149_150_153_154_155_156_159_160_163_164_165_166_169_170_171_174_177_178_179_180_183_186_187_188_189_192_193_194_195_201_204_207_208_209_210_215_216_221_222_225_229_232_236_239_240_247  2.14e+09  1.71e+09 252239.67 -121720.23  12669.03    695.08     87.41    334.24   3752.41   4616.85      0.00 0
101813 5626.0    0_1_2_3_4_5_6_8_9_11_12_13_15_16_17_20_21_23_24_25_26_28_29_32_33_35_37_38_40_41_44_45_47_48_49_52_53_55_58_59_62_63_66_67_69_70_71_72_74_75_78_79_82_83_85_86_88_89_91_94_95_98_99_102_103_106_107_110_111_113_114_116_117_120_121_124_125_128_129_132_133_136_137_140_141_143_145_146_151_152_154_161_162_164_168_173_175_176_178_185_187_193_199_202_203_209_215_218_221_228_229_232_233_239_245_247_248_262  4.17e+10  3.61e+10 -70117.44   7245.93  13051.98    750.56     79.51    174.10   2254.65  -2410.06      0.00 0
101814 5626.0    45_63_67_79_89_103_107_111_129_137_141_152_162_168_173_185_197_199_212_218_220_224_233_235_241_243_244_251_255_256_259_268_271_272_282  5.13e+10  4.44e+10  28546.36 -28013.29  11084.21    740.28     74.51    315.54   5618.96  -7165.97      0.00 0
101815 5626.0    173_181_182_190_191_197_199_200_205_206_212_213_214_218_219_220_224_226_227_230_231_233_234_235_237_238_241_242_243_244_246_248_249_250_251_252_253_254_255_256_257_258_259_260_261_262_263_264_265_266_267_268_269_270_271_272_273_274_275_276_277_278_279_280_281_282_283_284_285_286_287_288_289_290_291_292_293_294_295_296_297_298  6.17e+09  5.08e+09 -230816.17 -41239.32  14135.51    683.15     86.55    190.13   2069.28 -10907.15      0.00 0
101816 5626.0    0_1_2_3_4_5_6_7_8_9_10_11_12_13_14_15_16_17_18_19_20_21_22_23_24_25_26_27_28_29_30_31_32_33_34_35_36_37_38_39_40_41_42_43_44_45_46_47_48_49_50_51_52_53_54_55_56_57_58_59_60_61_62_63_64_65_66_67_68_69_70_71_72_73_74_75_76_77_78_79_81_82_83_84_85_86_87_89_93_95_97_99_100_105_107_109_111_113_114_119_121_123_125_131_133_135_137_143_144_146_150_152_154_162_164_170_176_178_185_187_193_202_203_209_215_218_221_228_229_232_233_239_245_247_248_251_262_265  6.31e+09  5.30e+09 -60601.57  29387.34  13177.13    707.91     78.93    154.13   4206.14  -2027.12      0.00 0
101817 5626.0    112_118_130_138_142_149_153_159_163_169_174_180_183_186_189_192_201_204_207  4.27e+10  3.72e+10  21283.59 -12452.08   9401.41    727.71     69.13    329.67   1466.61   5127.05      0.00 0
101818 5626.0    141_162_168_173_191_197_199_206_212_214_220_227_231_235_238_243_246_250_253_258_260_261_267_270_275_276_277_281_286_287_288_289_293_294_295_297_298  1.48e+09  1.22e+09  16986.31  34935.36  11249.06    696.65     73.85     64.07   1129.35  -9493.20      0.00 0
101819 5626.0    129_137_141_146_152_158_162_168_173_176_178_182_185_191_197_199_202_203_209_212_218_228_229_232  4.07e+10  3.55e+10  24188.13  10824.94   9540.55    747.72     70.20     24.11   4307.66  -4254.72      0.00 0
101820 5626.0    238_253_258_264_270_274_279_284  2.82e+09  2.33e+09 -19618.30  20986.59  10303.19    670.82     70.27    133.07   4783.87 -10814.43      0.00 0
101821 5626.0    2_3_5_8_9_12_13_16_17_20_21_25_28_29_32_33_35_38_40_41_44_45_48_49_52_53_55_58_59_62_63_66_67_71_74_75_78_79_82_83_86_88_89_91_94_95_98_99_102_103_106_107_110_111_114_116_117_120_121_124_125_128_129_133_136_137_140_143_145_146_151_152_154_161_164_167_170_172_175_178_184_187_193_198_208_215_217_221  6.17e+09  5.16e+09  52901.57  11757.06  12561.10    684.89     76.95     12.53  -1471.35  -2759.18      0.00 0
101822 5626.0    71_72_75_76_86_95_96_99_100_107_114_121_125_126_134  1.82e+09  1.50e+09   4257.72  20614.12   9539.50    619.88     65.62     78.33   3422.51    -77.45      0.00 0
101823 5626.0    23_37_47_57_69_70_73_81_85_93_97_105_119_123_144_150  1.38e+10  1.18e+10 -10538.92  15778.57   8647.18    702.61     65.50    123.74  -3316.34   1848.23      0.00 0
101824 5626.0    21_25_33_38_41_45_49_53_59_63_67_71_72_75_76_79_83_86_89_91_95_96_99_100_103_107_111_114_116_117_121_125_126_129_133_134_137_141_143_146_147_148_152_154_155_157_158_162_164_165_168_170_173_176_177_178_179_181_182_185_187_188_190_191_194_197_199_200_205_206_210_212_213_214_216_220_226_227_230_231_237_238_246_249_250_252_253_257_260_261_266_267_269_273_275_276_277_280_283_285_286_287_288_290_292_293_294_296_297  1.07e+10  9.08e+09 -36987.34 -64322.95  13470.88    712.50     79.71    240.10   -575.14  -8669.10      0.00 0
101825 5626.0    3_5_8_9_12_13_17_20_21_25_26_28_29_33_35_38_40_41_44_45_49_50_52_53_55_59_62_63_66_67_71_72_75_76_78_79_82_83_86_88_89_91_95_99_100_102_103_106_107_110_111_114_116_117_120_121_125_128_129_133_134_136_137_140_143_148_151_154_155_157_161_164_165_167_170_172_175_184_188_190_194_196_198_208_211_216_217_219_222_223_234_254  3.24e+10  2.81e+10  42822.82  25883.38  11460.10    816.80     77.10     31.15  -1202.62  -3502.50      0.00 0
101826 5626.0    23_24_31_32_37_47_48_51_57_58_61_69_70_73_74_81_82_85_87_93_94_97_98_105_106_113_120_124_132_136_145_151_161_175_184_198_217_223  1.51e+09  1.22e+09  10565.70  33146.64  11283.77    631.13     72.03     72.32  -3575.07  -2118.79      0.00 0
101827 5626.0    95_99_107_111_114_121_125_129_133_134_137_141_143_146_152_154_158_162_164_165_168_170_173_176_178_182_185_187_188_191_193_194_197_199_200_202_203_206_208_209_210_212_214_215_216_218_220_221_222_224_226_227_228_229_231_232_233_235_236_238_239_240_241_243_244_245_246_247_248_249_250_251_253_255_256_258_259_260_261_262_264_265_266_267_268_270_271_272_274_275_276_277_279_280_281_284_286_287_288_289_290_291_293_294_295_296_297_298  6.61e+10  5.75e+10  55800.33  96144.57  14181.30    772.56     82.73     59.87   1475.52 -10955.17      0.00 0
101828 5626.0    38_49_50_71_72_75_86_95_99_114_121_125_133_146_152_154_164_176_178_187_202_203_209_228_229_232_233_245_247_248_262_265  1.62e+10  1.39e+10  24443.80 -22810.17  10547.98    719.81     72.49    316.98   6097.82  -3357.58      0.00 0
101829 5626.0    1_2_7_8_11_14_15_16_19_20_23_24_27_28_31_32_36_37_39_40_43_47_48_51_52_56_57_58_61_62_65_66_69_70_73_74_77_81_82_85_87_88_92_93_94_97_98_101_102_105_106_109_110_113_115_118_119_120_123_124_127_128_131_132_135_136_139_140_144_145_149_150_151_156_160_161_166_167_171_172_175_180_183_184_189_195_196_198_201_204_211_213_217_219_223_225_234_237_242_254_257_263_273_278_285_292  8.91e+09  7.55e+09  15410.07  72065.62  13631.92    685.94     79.52     77.93  -3080.42   -258.35      0.00 0
101830 5626.0    32_37_40_48_52_58_62_66_69_70_74_78_82_85_88_91_94_97_98_102_106_110_113_116_117_120_123_124_128_131_132_136_140_144_148_157_167_181_182_190_200_206  1.91e+09  1.56e+09 -18482.97  30375.25  11183.69    656.98     72.54    121.32  -2288.06  -2491.60      0.00 0
101831 5626.0    258_261_264_267_270_271_274_275_276_277_279_280_281_284_286_287_288_289_290_291_292_293_294_295_296_297_298  8.51e+09  7.21e+09 -48730.83 -11196.66  12096.41    710.33     76.40    192.94   4577.26 -10533.01      0.00 0
101832 5626.0    0_1_2_3_4_5_6_7_8_9_10_11_12_13_14_15_16_17_18_19_20_21_22_23_24_25_26_27_28_29_30_31_32_33_34_35_36_37_38_39_40_41_42_43_44_45_46_47_48_49_50_51_52_53_54_55_56_57_58_59_60_61_62_63_64_65_66_67_68_69_70_71_72_73_74_75_76_77_78_79_80_81_82_83_84_85_86_87_88_89_90_91_92_93_94_95_96_97_98_99_100_102_103_104_105_106_107_108_110_111_112_113_114_116_117_120_121_122_123_124_125_126_128_129_131_132_133_134_136_137_138_140_141_142_143_145_146_147_148_151_152_153_154_155_157_158_161_162_163_164_165_167_168_170_172_173_175_176_177_178_179_181_182_184_185_186_187_188_190_191_193_194_196_197_198_199_200_202_203_205_206_208_209_210_211_212_213_214_215_216_217_218_219_221_222_223_224_226_228_229_230_232_233_234_236_237_239_240_242_245_247_248_254_257_263  3.63e+09  3.02e+09 210860.19  72070.27  13824.48    758.82     86.45     18.87   4729.92   -427.09      0.00 0
101833 5626.0    148_158_168_173_181_182_190_191_196_197_199_200_205_206_211_212_213_214_218_219_220_223_224_226_227_230_231_233_234_235_237_238_241_242_243_244_246_248_249_250_251_252_253_254_255_256_257_258_259_260_261_262_263_264_265_266_267_268_269_270_271_272_273_274_275_276_277_278_279_280_281_282_283_284_285_286_287_288_289_290_291_292_293_294_295_296_297_298  1.05e+09  8.31e+08 147529.72  14205.51  15107.11    691.82     84.18      5.50   3125.81  -9094.90      0.00 0
101834 5626.0    4_10_12_14_17_18_22_25_26_30_33_34_36_38_42_43_46_49_50_53_54_56_59_60_64_68_71_72_75_76_77_80_83_84_86_90_92_95_96_99_100_101_104_107_108_112_114_115_118_121_122_125_126_127_130_133_134_137_138_142_143_146_147_149_152_153_154_155_156_159_162_163_164_165_166_169_170_174_176_177_178_179_180_183_185_186_187_188_189_192_193_194_195_199_201_202_203_204_207_208_209_210_215_216_218_221_222_225_228_229_232_233_236_239_241_245_247_248_251_256_262_265_268_272_282  5.25e+09  4.32e+09  59392.10 -91176.88  14751.01    683.76     82.28    303.08   5245.63   -726.78      0.00 0
101835 5626.0    0_1_2_3_4_5_6_7_8_9_10_11_12_13_14_15_16_17_18_19_20_21_22_23_24_25_26_27_28_29_30_31_32_33_34_35_36_37_38_39_40_41_42_43_44_45_46_47_48_49_50_51_52_53_54_55_56_57_58_59_60_61_62_63_64_65_66_67_68_69_70_71_72_73_74_75_76_77_78_79_80_81_82_83_84_85_86_87_88_89_90_91_92_93_94_95_96_97_98_99_100_101_102_103_104_105_106_107_108_109_110_111_112_113_114_115_116_117_118_119_120_121_123_124_125_126_127_128_129_130_131_132_133_134_135_136_137_139_140_141_143_144_145_146_148_149_150_151_152_154_156_157_158_159_160_161_162_164_166_167_168_171_172_173_176_178_180_181_182_183_185_187_189_190_191_195_196_197_199_200_201_202_203_204_205_206_209_212_213_214_218_220_224_225_226_227_228_229_230_231_233_235_238_241_243_244_245_246_248_250_251_253_255_256_258_259_261_262_264_265_267_268_270_271_272_274_277_279_281_282_284_289_291  1.10e+10  9.14e+09 -118010.10 160533.81  14246.90    760.76     85.91    126.32  -2327.13   1897.50      0.00 0
101836 5626.0    0_1_3_4_6_7_10_12_14_15_17_18_19_22_25_26_27_30_31_33_34_36_38_39_42_43_46_49_50_51_54_56_57_59_60_61_64_65_68_71_72_75_76_77_80_81_83_84_86_87_90_92_95_96_99_100_101_104_105_108_109_112_114_115_118_119_121_122_125_126_127_130_133_134_135_138_139_142_143_146_147_149_150_153_154_155_156_159_160_163_164_165_166_169_170_171_174_176_177_178_179_180_183_186_187_188_189_192_193_194_195_201_202_204_207_208_209_210_215_216_221_222_225_228_229_232_236_239_240_245_247_262  7.94e+10  6.94e+10 119297.90 -83471.25  14301.89    806.69     84.39    325.02   3729.53   2353.07      0.00 0
101837 5626.0    0_1_2_3_4_5_6_7_8_9_10_11_12_13_14_15_16_17_18_19_20_21_22_23_24_25_26_27_28_29_30_31_32_33_34_35_36_37_38_39_40_41_42_43_44_45_46_47_48_49_50_51_52_53_54_55_56_57_58_59_60_61_62_64_65_66_68_69_70_71_72_73_74_76_77_78_79_80_81_82_84_85_86_87_88_90_92_93_94_96_97_98_100_101_102_104_106_108_110_112_113_115_118_120_122_124_126_128_130_132_136_138_140_142_145_147_149_151_153_159_161_163_167_169_172_174_175_177_183_184_186_192_198_207_211_217_223_234  1.20e+09  9.67e+08  52905.43  66630.51  14176.46    673.53     80.54     51.55   2727.11   4473.59      0.00 0
101838 5626.0    217_219_223_230_234_237_242_246_249_252_254_257_260_261_263_266_269_273_275_276_277_278_280_281_283_285_286_287_288_289_290_291_292_293_294_295_296_297_298  1.15e+10  9.62e+09 -60386.67  43584.30  13560.78    701.10     79.68    144.18  -1585.78 -10825.62      0.00 0
101839 5626.0    41_49_53_59_63_67_71_72_75_79_83_86_89_91_95_99_100_103_107_111_114_117_121_125_126_129_133_134_137_141_143_146_148_154_155_164_165_170_179_188_194_208_210_216_222_240  2.57e+09  2.12e+09 -27095.87 -28304.72  11510.03    662.36     73.63    226.25   4343.53   -413.85      0.00 0
101840 5626.0    261_267_270_275_277_281_284_289_291  4.79e+09  4.04e+09 -21148.27   7265.42   9139.21    714.17     67.77    161.04   2958.83 -10953.43      0.00 0
101841 5626.0    3_5_8_9_12_13_17_20_21_25_26_28_29_33_35_38_40_41_44_45_49_53_55_59_62_63_66_67_71_72_75_78_79_83_86_88_89_95_99_100_114_133_134_143  1.70e+10  1.46e+10  21863.38   9986.77   8948.57    792.98     69.58     24.55   1678.49  -1148.93      0.00 0
101842 5626.0    38_49_50_59_60_71_72_75_76_83_84_86_95_96_99_100_107_108_111_112_114_121_122_125_126_133_134_137_138_141_142_143_146_147_152_153_154_155_162_163_164_165_168_169_170_173_174_176_177_178_179_185_186_187_188_193_194_197_199_202_203_209_212_215_218_220_224_228_229_233_235_238_241_243_244_245_248_251_255_256_258_259_264_265_268_270_271_272_274_279_282_284_291  1.45e+09  1.17e+09 -12296.46  90470.79  14640.66    639.48     80.89     97.74   5709.51 -11275.43      0.00 0
101843 5626.0    7_10_14_18_19_22_26_27_30_34_36_38_39_42_43_46_50_51_54_56_60_61_64_65_68_72_76_77_80_81_84_86_87_90_92_96_100_101_105_108_109_114_126_134_135  1.62e+09  1.32e+09 -25456.69   8354.96   9815.34    707.96     69.88    161.83    970.74   1837.86      0.00 0
101844 5626.0    125_133_143_146_152_154_155_162_164_165_170_176_178_179_185_187_188_193_194_199_202_203_208_209_210_212_215_216_218_221_222_224_228_233_235_240_241  1.26e+09  1.03e+09 -10565.63 -36846.72  11456.30    658.21     73.36    254.00   5753.93  -1319.07      0.00 0
101845 5626.0    0_1_2_3_4_5_6_7_8_9_10_11_12_13_14_15_16_17_18_19_20_21_22_23_24_25_26_27_28_29_30_31_32_33_34_35_36_37_38_39_40_41_42_43_44_45_46_47_48_49_50_51_52_53_54_55_56_57_58_59_60_61_62_63_64_65_66_67_68_69_70_71_72_73_74_75_76_77_78_79_80_81_82_83_84_85_86_87_88_89_90_91_92_93_94_95_96_97_98_99_100_101_102_103_104_105_106_107_108_109_110_111_112_113_114_115_116_117_118_119_120_121_123_124_125_127_128_129_130_131_132_133_134_135_136_137_139_140_141_143_144_145_146_148_149_150_151_152_154_156_157_158_159_160_161_162_164_166_167_168_171_172_173_175_176_178_180_181_182_183_184_185_187_189_190_191_195_196_197_198_199_200_201_202_203_204_205_206_209_211_212_213_214_217_218_219_220_223_224_226_227_228_229_230_231_233_234_235_237_238_241_242_243_244_245_246_248_249_250_251_252_253_254_255_256_257_258_259_260_261_262_263_264_265_266_267_268_269_270_271_272_273_274_275_276_277_278_279_280_281_282_283_284_285_286_287_288_289_290_291_292_293_294_295_296_297_298  1.91e+09  1.55e+09 185180.75 -245564.72  11654.06    689.85     87.83    307.02    580.04  -9250.87      0.00 0
101846 5626.0    7_11_15_19_23_24_27_31_32_37_39_43_47_48_51_57_58_61_65_69_70_73_74_77_81_85_87_94_98  2.04e+10  1.76e+10  -9948.30 -17873.57   8809.59    718.06     66.70    240.90  -1921.75    541.20      0.00 0
101847 5626.0    0_3_4_6_7_10_12_14_17_18_22_25_26_27_30_33_34_36_38_39_42_43_46_49_50_54_56_64_65_68_77_80_87_92_101_115_127  1.26e+09  1.03e+09  11580.68 -19738.79   9409.24    683.27     67.65    300.40     64.51   2012.69      0.00 0
101848 5626.0    11_15_16_20_23_24_31_32_37_40_44_47_48_51_52_57_58_62_66_69_70_73_74_78_81_82_85_88_93_94_97_98_102_105_106_110_128  1.38e+10  1.18e+10   5063.26 -23779.95   9347.50    728.44     68.97    282.02  -2100.58   -658.24      0.00 0
101849 5626.0    0_1_2_3_4_5_6_7_8_9_10_11_12_13_14_15_16_17_18_19_20_21_22_23_24_25_26_27_28_29_30_31_32_33_34_35_36_37_38_39_40_41_42_43_44_45_46_47_48_49_50_51_52_53_54_55_56_57_58_59_60_61_62_63_64_65_66_67_69_70_71_72_73_74_75_76_77_78_79_81_82_83_84_85_86_87_88_89_91_93_94_95_97_98_99_100_102_103_105_106_107_110_111_113_114_116_117_119_120_121_123_124_125_128_129_131_132_133_134_136_137_140_141_143_144_145_146_148_150_151_152_154_157_158_161_162_164_167_168_170_172_173_175_176_178_181_182_184_185_187_190_191_193_196_197_198_199_200_202_203_205_206_208_209_211_212_213_214_215_217_218_219_220_221_223_224_226_227_228_229_230_231_232_233_234_235_236_237_238_239_241_243_244_245_246_247_248_250_251_253_255_256_258_259_262_264_265_268_271_272_274_279_282  1.74e+10  1.47e+10 -210584.66  64422.38  14047.93    735.97     86.35    162.99   5684.51  -4796.87      0.00 0
101850 5626.0    93_101_105_109_115_119_123_127_135_139_144_150_156_160_166  1.91e+10  1.64e+10  20568.65  13444.37   9241.19    753.43     69.39     33.17  -3963.99   2813.23      0.00 0
101851 5626.0    96_100_114_122_126_133_134_138_143_146_147_153_154_155_163_164_165_170_174_176_177_178_179_186_187_188_193_194_202_209_215_228_229  9.77e+10  8.57e+10  10227.08 -30797.57  10188.27    762.09     72.57    288.37   5012.77    521.86      0.00 0
101852 5626.0    0_1_2_3_4_6_7_10_11_12_14_15_16_18_19_22_23_24_26_27_30_31_34_36_37_38_39_42_43_46_47_48_50_51_54_56_57_60_61_64_65_68_69_70_72_73_76_77_80_81_84_85_87_90_92_93_96_97_100_101_104_105_108_109_112_113_118_119_122_123_126_130_131_134_138_142_147_153_155_163_165_177_179_186_188_210_216_240  4.90e+09  4.06e+09  54412.61  13879.72  12758.09    675.12     77.20     14.31   2910.58   2580.61      0.00 0
101853 5626.0    168_173_191_197_200_206_212_214_220_226_227_231_238_246_250  1.12e+09  9.07e+08  14800.62  16853.13   9757.32    620.51     66.49     48.71   1539.95  -7045.18      0.00 0
101854 5626.0    2_5_8_9_13_16_20_21_28_29_35_40_41_44_45_53_55_63_66_67_78_79_83_89_91_103_107_111_117_129_137_141_152_158_162_168_173_185_191_197_199_212_214_218_220_224_233_235_238_241_243_244_251_255_256_258_259_264_268_271_272_274_279  5.75e+10  4.96e+10  36327.49 -43555.22  12324.69    746.34     77.74    309.83   6181.58  -8990.55      0.00 0
101855 5626.0    0_2_3_4_5_6_8_9_10_12_13_17_18_20_21_22_25_26_28_29_30_33_34_35_38_40_41_42_44_45_49_50_52_53_54_55_59_60_62_63_64_66_67_71_72_75_76_78_79_83_84_86_88_89_90_91_95_96_99_100_102_103_107_108_110_111_114_116_117_121_122_125_126_128_129_133_134_137_138_140_141_143_147_148_153_155_157_158_163_165_167_168_172_177_179_181_182_186_188_190_191_196_198_200_205_206_210_211_213_219_223_226_227_230_234_237_242_246_249_252_254_257_260_263_266_269_273_276_278_280_283_285_288_290_292_296  5.37e+10  4.67e+10 -40541.56 -63760.21  13418.08    729.23     79.93    237.55   -442.93  -4993.66      0.00 0
101856 5626.0    58_69_70_74_82_85_88_94_97_98_106_110_113_119_120_123_124_128_131_132_136_140_144_145_150_151_157_161_167_172_175_181_184_190_196_198_205_211_213_217_219_223_226_230_234_237_242_246_249_252_254_257_260_263_266_269_273_275_276_278_280_283_285_286_287_288_290_292_293_294_296_297_298  1.35e+09  1.08e+09  21904.75 -65504.39  13563.48    664.97     78.89    288.49  -3981.89  -3454.15      0.00 0
101857 5626.0    25_26_33_38_41_49_50_53_59_60_63_67_71_72_75_76_83_84_86_89_95_96_99_100_103_107_108_111_114_117_121_122_125_126_129_133_134_137_138_141_143_146_147_152_153_154_155_158_162_163_164_165_168_170_173_174_176_177_178_179_182_185_186_187_188_191_193_194_197_199_200_202_203_206_208_209_210_212_214_215_216_218_220_221_222_224_226_227_228_229_231_232_233_235_236_238_239_240_241_243_244_245_246_247_248_250_251_253_255_256_258_259_260_261_264_265_267_268_270_271_272_274_275_276_277_279_281_284_286_287_289_291_293_294_295_297_298  1.74e+09  1.40e+09  27904.46 117312.27  14912.85    688.91     82.95     76.62   4081.40  -4659.56      0.00 0
101858 5626.0    176_185_202_203_218_224_228_233_235_241_244_251_255_256_259_264_268_271_272_279  8.51e+09  7.18e+09  -2669.26  39255.05  11230.19    707.01     74.07     93.89   5939.47  -9786.63      0.00 0
101859 5626.0    263_266_269_273_275_276_278_280_283_285_286_287_288_290_292_293_294_295_296  1.74e+10  1.50e+10  25789.12 -11352.86   9784.85    743.44     70.85    336.24  -2517.59 -10568.47      0.00 0
101860 5626.0    226_230_234_237_242_246_249_250_252_254_257_260_261_263_266_267_269  3.39e+09  2.84e+09 -20639.36   7106.70   9028.32    718.75     67.53    161.00  -1651.18  -8660.62      0.00 0
101861 5626.0    1_2_7_11_15_16_19_20_23_24_27_31_32_37_39_40_43_47_48_51_52_57_58_61_62_65_66_69_70_73_74_77_81_82_85_87_88_93_94_97_98_101_105_106_109_110_115_119_120_123_127_135_136_139_140_150_156_160_166_171_180_189_195_204_225  5.50e+10  4.79e+10    865.52  39986.14  11069.19    742.75     74.53     88.76  -2134.63   2846.31      0.00 0
101862 5626.0    0_1_2_3_4_5_6_7_8_9_10_11_12_13_14_15_16_18_19_20_22_23_24_27_28_30_31_32_34_35_36_37_39_40_42_43_44_46_47_48_51_52_54_56_57_58_61_62_64_65_66_68_69_70_73_74_77_78_80_82_85_88_90_92_94_98_102_104_106_110_112_120_124_130_136_140_145_151_161_172_184_198_211_217_223  1.70e+09  1.40e+09 -20343.51 -32900.39  11326.05    682.51     73.68    238.27  -1612.02  -1057.32      0.00 0
101863 5626.0    0_1_2_3_4_5_6_7_8_9_10_11_12_13_14_15_16_18_19_20_22_23_24_27_28_30_31_32_34_35_36_37_39_40_42_43_44_46_47_48_51_52_54_56_57_58_61_62_64_65_66_68_69_70_73_74_77_78_80_81_82_84_85_87_88_90_92_94_97_98_104_106_108_110_112_113_118_120_124_130_132_136_138_140_142_145_151_161_172_175_184_198_211_217_223  1.17e+10  9.96e+09  36393.59  43249.41  12541.50    710.60     77.49     49.92  -4212.59  -3442.40      0.00 0
101864 5626.0    0_1_2_3_4_5_6_7_8_9_10_11_12_13_14_15_16_17_18_19_21_22_25_26_27_28_29_30_31_33_34_35_36_38_39_41_42_43_44_45_46_49_50_51_53_54_55_56_59_60_61_63_64_65_67_68_71_72_75_76_77_79_80_81_83_84_86_87_89_90_92_95_96_99_100_101_103_104_107_108_109_111_112_114_115_117_118_121_122_125_126_127_129_130_133_134_137_138_139_141_142_143_146_149_152_153_154_156_158_159_162_163_164_166_168_169_171_173_174_176_178_180_183_185_189_191_192_195_197_199_201_202_203_204_207_212_214_218_220_224_225_228_233_235_238_241_243_244_248_251_255_256_258_259_264_268_271_272_274_279  1.48e+10  1.25e+10 -32395.49  81779.96  13994.87    713.03     80.96    111.61   1668.59    852.69      0.00 0
101865 5626.0    14_19_27_30_36_39_42_43_46_51_56_57_61_64_65_68_77_80_81_87_93_101_105_109_119_123_135_144_150_160  1.10e+10  9.39e+09  25336.48  -6176.37   9584.66    730.31     69.82    346.30  -2690.76   2763.32      0.00 0
101866 5626.0    0_1_2_3_4_5_6_7_8_9_10_11_12_13_14_15_16_17_18_19_20_21_22_23_24_25_26_27_28_29_30_31_32_33_34_35_36_37_38_39_40_41_42_43_44_45_46_47_48_49_50_51_52_53_54_55_56_57_58_59_60_61_62_63_64_65_66_67_68_69_70_71_72_73_74_75_76_77_78_79_80_81_82_83_84_85_86_87_88_89_90_91_92_93_94_95_96_97_98_99_100_101_103_104_105_107_108_109_111_112_113_114_115_118_119_121_122_123_124_125_126_127_130_131_132_133_134_135_137_138_139_141_142_143_144_146_147_149_150_152_153_154_155_156_160_162_164_165_166_170_171_176_178_179_185_187_188_193_194_195_202_203_208_209_210_215_216_218_221_222_228_229_232_233_236_239_240_245_247_248_262_265  6.76e+09  5.65e+09 129779.85 -48342.07  14604.88    756.58     83.98    339.57   -732.42   1195.40      0.00 0
101867 5626.0    62_74_82_85_88_94_98_102_106_110_113_116_120_124_128_131_132_136_140_145_148_151_157_158_161_167_172_175_181_182_184_190_191_196_198_200_205_206_211_213_214_217_219_223_226_227_230_231_234_237_238_242_246_249_250_252_253_254_257_258_260_261_263_266_267_269_270_273_274_275_276_277_278_280_281_283_284_285_286_287_288_289_290_291_292_293_294_295_296_297_298  4.47e+10  3.84e+10 -76243.85  99111.97  14490.35    756.74     83.39    127.57   -700.38  -9172.07      0.00 0
101868 5626.0    1_6_7_10_14_15_19_22_23_27_30_31_36_37_39_42_43_46_47_51_54_56_57_61_64_65_68_69_70_73_77_80_81_84_85_87_90_92_93_97_101_104_108_112_118_130_138_142_153_159_163_169_174_186  1.45e+10  1.24e+10 -29322.45 -21085.84  10581.81    761.70     73.67    215.72   1911.83   3798.41      0.00 0
101869 5626.0    126_133_134_143_146_147_153_154_155_163_164_165_170_176_177_178_179_186_187_188_193_194_202_203_208_209_210_215_216_221_222_228_229_232_233_236_239_240_241_245_247_248_251_256_262_265_268_272_282  2.14e+09  1.73e+09   7116.56 -69939.84  13550.56    675.14     79.09    275.81   6165.69   4375.23      0.00 0
101870 5626.0    122_126_147_153_155_163_177_179_186  2.51e+09  2.11e+09  -5443.57 -23959.97   9579.66    696.09     68.70    257.20   5033.94   5085.51      0.00 0
101871 5626.0    0_3_4_5_6_9_10_12_13_17_18_21_22_25_26_29_30_33_34_35_38_41_42_45_46_49_50_53_54_55_59_60_63_64_67_68_71_72_75_76_78_79_80_83_84_86_89_90_91_95_96_99_100_103_104_107_108_111_112_114_116_117_121_122_125_126_129_130_133_134_137_138_141_142_143_146_147_148_152_153_154_155_158_159_162_163_164_165_168_169_173_174_176_177_179_181_182_185_186_188_191_192_197_199_200_206_212_214_220_226_227_231_235_238_243_246_249_250_253_258_260_261_267_270_275_276_277_281_286_287_289_291_293_294_295_297_298  1.20e+09  9.65e+08  16076.77  83642.71  14421.35    641.33     80.39     79.12   3421.39   3003.64      0.00 0
101872 5626.0    0_1_2_3_4_5_6_8_9_10_11_12_13_14_16_17_18_20_21_22_25_26_28_29_30_32_33_34_35_38_40_41_42_44_45_49_50_52_53_54_55_59_60_62_63_64_66_67_68_71_72_75_76_78_79_82_83_84_86_88_89_90_91_95_96_99_100_102_103_106_107_108_110_111_112_114_116_117_121_122_125_126_128_129_133_134_136_137_138_140_141_142_143_146_147_148_152_153_154_155_157_158_161_162_163_164_165_167_168_170_172_173_176_177_178_179_181_182_185_186_187_188_190_191_193_194_196_197_198_199_200_205_206_208_210_211_212_213_214_216_219_220_222_223_226_227_230_231_234_236_237_238_240_242_246_249_250_252_253_254_257_260_261_263_266_267_269_273_275_276_278_280_283_285_286_288_290_292_294_296  2.51e+09  2.06e+09  75171.26 105503.02  15057.48    683.85     83.37     54.53  -2766.33  -8988.96      0.00 0
101873 5626.0    46_56_64_65_68_77_80_87_90_92_101_104_105_108_109_112_115_118_119_122_127_130_135_138_139_142_147_149_150_153_156_159_160_163_166_169_171_174_177_179_180_186_189_195_210  4.57e+10  3.98e+10  40149.27  -5264.36  10751.64    805.84     75.13    352.53   -921.31   4169.56      0.00 0
101874 5626.0    34_38_49_50_54_59_60_64_71_72_75_76_83_84_86_90_95_96_99_100_107_108_112_114_121_122_125_126_130_133_134_137_138_142_143_146_147_152_153_154_155_159_162_163_164_165_169_170_173_174_176_177_178_179_185_186_187_188_192_193_194_199_202_203_207_209_212_218_224_228_233_235_241_244_251_255_256_259_271  7.76e+09  6.53e+09  -8944.14  65549.07  13243.38    689.19     78.68     97.77   3499.18   4696.61      0.00 0
101875 5626.0    120_124_132_136_140_145_151_161_167_172_175_184_190_196_198_205_211_213_217_219_223_226_230_234_237_242_246_249_252_254_257_260_261_263_266_269_273_275_276_277_278_280_283_285_286_287_288_289_290_292_293_294_295_296_297_298  6.76e+09  5.64e+09 -37634.82  64663.11  13718.13    680.79     79.61    120.20  -3099.97  -7419.26      0.00 0
101876 5626.0    259_265_268_271_272_279_282  2.40e+09  1.98e+09  16546.09  22117.61  10031.67    690.81     70.04     53.20   6428.56  -8919.36      0.00 0
101877 5626.0    0_1_2_3_4_5_6_7_8_9_10_11_12_13_14_15_16_17_18_19_20_21_22_23_24_25_26_27_28_29_30_31_32_33_34_35_36_37_38_39_40_41_42_43_44_45_46_47_48_49_50_51_52_53_54_55_56_57_58_59_60_61_62_63_64_65_66_67_68_69_70_71_72_73_74_75_76_77_78_79_80_81_82_83_84_85_86_87_88_89_90_91_92_93_94_95_96_97_98_99_100_101_102_103_104_105_106_107_108_109_110_111_112_113_114_116_117_118_119_120_121_122_123_124_125_126_128_129_130_131_132_133_134_136_137_138_140_141_142_143_144_145_146_147_148_151_152_153_154_155_157_158_161_162_163_164_165_167_168_170_172_173_175_176_177_178_179_181_182_184_185_186_187_188_190_191_193_194_196_197_198_199_200_202_203_205_206_208_209_210_211_212_213_214_215_216_217_218_219_220_221_222_223_224_226_227_228_229_230_231_232_233_234_235_236_237_238_239_240_241_242_243_244_245_246_247_248_249_250_251_252_253_254_255_256_257_258_259_260_261_262_263_264_265_266_267_268_269_270_271_272_273_274_275_276_277_278_279_280_281_282_283_284_285_286_287_288_289_290_291_292_293_294_295_296_297_298  3.55e+09  2.91e+09 -302701.72 -87599.34  11224.56    703.10     87.96    196.14   1295.02  -5264.92      0.00 0
101878 5626.0    0_1_2_3_4_5_6_7_8_9_10_11_12_13_14_15_16_17_18_19_20_21_22_23_24_25_26_27_28_29_30_31_32_33_34_35_36_37_38_39_40_41_42_43_44_45_46_47_48_49_50_51_52_53_54_55_56_57_58_59_60_61_62_63_64_65_66_67_68_69_70_71_72_73_74_75_76_77_78_79_80_81_82_83_84_85_86_87_88_89_90_92_93_94_95_96_97_98_99_100_101_104_105_106_107_108_109_112_113_114_119_120_121_122_123_124_125_126_131_132_133_134_135_138_142_143_144_145_146_147_150_153_154_155_163_164_165_170_177_178_179_186_187_188_193_194_208_209_210_215_216_221_222_236_239_240  5.25e+09  4.34e+09 -110188.51  -4078.94  14536.11    717.53     82.49    182.12    214.51    686.40      0.00 0
101879 5626.0    79_89_91_102_103_107_110_111_116_117_121_128_129_137_140_141_146_148_152_157_158_161_162_167_168_172_173_176_178_185_199_202_203_209_218_228_229_232_233_245_247_248  3.39e+10  2.93e+10 -37121.51  -3849.23  10779.08    748.61     73.89    185.92   2940.27  -3991.53      0.00 0
101880 5626.0    141_146_152_158_162_168_173_176_178_181_182_185_187_191_197_199_200_202_203_205_206_209_212_213_214_215_218_220_221_224_226_227_228_229_230_231_232_233_235_237_238_239_241_242_243_244_245_246_247_248_249_250_251_252_253_255_256_257_258_259_260_261_262_263_264_265_266_267_268_269_270_271_272_273_274_275_276_277_278_279_280_281_282_283_284_285_286_287_288_289_290_291_292_293_294_295_296_297_298  3.55e+09  2.90e+09 175453.55 110147.15  14522.56    706.20     85.99     32.12   5721.50  -7872.15      0.00 0
101881 5626.0    1_6_7_10_14_22_27_30_36_42_43_46_56_68_77_80_90_92_104_115_118_130_149_159_183_192  1.70e+09  1.40e+09   3849.46  21523.68   9348.86    667.73     66.85     79.86    400.02   3256.72      0.00 0
101882 5626.0    0_1_2_3_4_5_6_7_8_9_10_11_12_13_14_15_16_17_18_19_20_21_22_23_24_25_26_27_28_29_30_31_32_33_34_35_36_37_38_39_40_41_42_43_44_45_46_47_48_49_50_51_52_53_54_55_56_57_58_59_60_62_64_66_68_69_70_71_72_74_75_76_78_80_82_84_85_86_88_90_94_96_98_100_104_106_108_112_114_120_122_124_126_134_136_138_142_145_147_151_153_155_163_165_175_177_179_186_188_210_216  1.55e+10  1.32e+10  52128.57  32510.32  12499.17    763.85     78.50     31.95   5464.91   3371.52      0.00 0
101883 5626.0    141_158_162_168_173_182_185_191_197_199_212_218  3.98e+10  3.47e+10  18713.78   3542.77   8507.80    728.56     65.93     10.72   2928.50  -5243.87      0.00 0
101884 5626.0    0_1_2_3_4_5_6_7_8_9_10_11_12_13_14_15_16_17_18_19_20_21_22_23_24_25_26_27_28_29_30_31_32_33_34_35_36_37_38_39_40_41_42_43_44_45_46_47_48_49_50_51_52_53_54_55_56_57_58_59_60_61_62_63_64_65_66_67_68_69_70_71_72_73_75_76_77_78_79_80_81_82_83_84_86_87_88_89_90_91_92_93_95_96_99_100_101_102_103_104_105_107_108_109_111_112_114_115_116_117_118_119_121_122_125_127_129_130_133_135_137_138_139_141_142_146_148_149_152_154_156_158_159_160_162_166_168_169_171_173_176_178_180_182_183_185_189_191_192_195_197_199_200_201_202_203_204_206_207_212_214_218_220_224_225_227_231_233_235_238_241_243_244_250_251_253_255_256_258_259_264_267_268_270_271_272_274_279_281_284_291  2.69e+10  2.30e+10 -37664.54  95129.78  14197.33    742.35     82.10    111.60   2914.75  -4925.67      0.00 0
101885 5626.0    32_40_48_52_58_62_66_69_70_74_78_82_85_88_91_94_97_98_102_106_110_113_116_117_120_123_124_128_131_132_136_140_144_145_148_151_157_158_161_167_172_175_181_182_184_190_191_196_198_200_205_206_211_213_214_217_219_223_226_227_230_231_234_237_238_242_246_249_250_252_253_254_257_258_260_261_263_266_267_269_270_273_274_275_276_277_278_280_281_283_284_285_286_287_288_289_290_291_292_293_294_295_296_297_298  7.08e+09  5.93e+09 -69846.52 118860.31  14757.68    734.01     83.89    120.44   -412.95 -10589.63      0.00 0
101886 5626.0    65_77_87_101_109_115_127_149_156_166_180_189_204  4.07e+10  3.54e+10  -1158.77  18065.92   8120.65    768.12     65.84     93.67  -1136.27   5097.29      0.00 0
101887 5626.0    95_99_100_114_121_125_126_133_134_137_141_143_146_147_152_153_154_155_162_164_165_170_173_176_177_178_179_185_186_187_188_193_194_197_199_202_203_208_209_210_212_214_215_216_218_220_221_222_224_228_229_232_233_235_236_238_239_240_241_243_244_245_247_248_251_253_255_256_258_259_262_264_265_268_270_271_272_274_279_281_282_284_289_291  4.90e+09  4.03e+09 -13490.61 -93272.40  14572.74    659.90     81.21    261.77   5370.96  -6047.55      0.00 0
101888 5626.0    95_107_111_121_125_129_137_141_152_158_162_168_173_182_191_197_199_200_206_212_214_220_226_227_231_238_243_246_249_250_253_258_260_261_267_270_275_276_277_281_286_287_288_289_293_294_295_296_297_298  4.68e+10  4.06e+10  15330.66  41113.06  11347.72    753.28     75.50     69.55    963.63  -9106.67      0.00 0
101889 5626.0    12_17_21_25_26_29_33_34_38_41_45_49_50_53_55_59_60_63_67_71_72_75_76_79_83_84_86_89_91_95_96_99_100_103_107_108_111_114_116_117_121_122_125_126_129_133_134_137_138_141_143_146_147_148_152_153_154_155_157_158_162_163_164_165_168_170_173_176_177_178_179_181_182_185_186_187_188_190_191_193_194_197_199_200_202_203_205_206_208_209_210_212_213_214_215_216_218_220_221_222_224_226_227_228_229_230_231_232_233_235_236_237_238_239_240_241_243_244_245_246_247_248_249_250_251_252_253_255_256_257_258_259_260_261_262_264_265_266_267_268_269_270_271_272_273_274_275_276_277_279_280_281_282_283_284_286_287_288_289_290_291_292_293_294_295_296_297_298  3.09e+10  2.62e+10  92665.58 197730.02  14044.61    741.58     86.32     64.89   3987.59  -6020.16      0.00 0
101890 5626.0    0_1_2_3_4_5_6_7_8_9_10_11_12_13_14_16_17_18_20_21_22_25_26_28_29_30_32_33_34_35_38_40_41_42_44_45_46_49_50_52_53_54_55_58_59_60_62_63_64_66_67_68_71_72_75_76_78_79_82_83_84_86_88_89_90_91_95_96_99_100_102_103_106_107_108_110_111_112_114_116_117_121_122_125_126_128_129_133_134_136_137_138_140_141_142_143_146_147_148_152_153_154_155_157_158_161_162_163_164_165_167_168_170_172_173_174_176_177_178_179_181_182_185_186_187_188_190_191_193_194_196_197_198_199_200_202_203_205_206_208_209_210_211_212_213_214_215_216_217_218_219_220_221_222_223_224_226_227_230_231_234_235_236_237_238_239_240_242_243_246_249_250_252_253_254_257_258_260_261_263_266_267_269_270_273_275_276_277_278_280_283_285_286_287_288_290_292_293_294_296_297  3.47e+09  2.81e+09  90154.95 126299.32  15105.71    692.70     84.44     54.48    -99.77  -5817.43      0.00 0
101891 5626.0    0_1_2_3_4_5_6_7_8_9_10_11_12_13_14_15_16_17_18_19_20_21_22_23_24_25_26_27_28_29_30_31_32_33_34_35_36_37_38_39_40_41_42_43_44_45_46_47_48_49_50_51_52_53_54_55_56_57_58_59_60_61_62_63_64_65_66_67_68_69_70_71_72_73_74_75_76_77_78_79_80_81_82_83_84_85_86_87_89_93_95_97_98_99_100_101_103_105_107_109_111_113_114_119_121_123_125_131_133_135_137_141_143_144_146_150_152_154_160_162_164_176_178_185_187_193_202_203_209_215_218_228_229_232_233_245_247_248_251_262_265  2.29e+10  1.97e+10 -62286.91  33090.65  13135.86    737.79     79.45    152.02   -398.02     69.58      0.00 0
101892 5626.0    243_244_251_255_256_258_259_264_265_267_268_270_271_272_274_277_279_281_282_284_287_289_291_293_294_295_297_298  5.50e+09  4.63e+09  34239.38  30872.59  11837.14    704.15     75.60     42.04   2974.40 -10972.19      0.00 0
101893 5626.0    58_69_70_73_74_82_85_88_93_94_97_98_106_110_113_119_120_123_124_128_131_132_136_140_144_145_150_151_157_160_161_167_172_175_184_190_196_198_205_211_213_217_219_223_226_230_234_237_242_246_249_252_254_257_260_263_266_269_273_275_276_278_280_283_285_286_287_288_290_292_293_294_296_297_298  3.02e+09  2.48e+09 -36174.22 142540.62  15223.04    676.31     84.09    104.24  -4369.26  -8149.57      0.00 0
101894 5626.0    0_1_2_3_4_5_6_7_8_9_10_11_12_13_14_15_16_17_18_19_20_21_22_23_24_25_26_27_28_29_30_31_32_33_34_35_36_37_38_39_40_41_42_43_44_45_46_47_48_49_50_51_52_53_54_55_56_57_58_59_60_61_62_63_64_65_66_67_68_69_70_71_72_73_74_75_76_77_78_79_80_81_82_83_84_85_86_87_88_89_90_91_92_93_94_95_96_99_100_101_102_103_104_105_106_107_108_109_110_111_112_114_115_116_117_118_120_121_122_125_126_127_128_129_130_133_134_135_136_137_138_139_140_141_142_143_146_147_148_149_152_153_154_155_156_157_158_159_161_162_163_164_165_166_167_168_169_170_171_172_173_174_176_177_178_179_180_181_182_183_185_186_187_188_189_190_191_192_193_194_195_196_197_199_200_201_202_203_204_205_206_207_208_209_210_211_212_213_214_215_216_218_219_220_221_222_224_225_226_227_228_229_230_231_232_233_235_236_237_238_239_240_241_242_243_244_245_246_247_248_249_250_251_252_253_255_256_257_258_259_260_261_262_264_265_266_267_268_269_270_271_272_273_274_275_276_277_279_280_281_282_283_284_286_287_288_289_290_291_292_293_294_295_296_297_298  3.09e+09  2.51e+09  10384.64 281861.34  12758.60    675.75     87.41     87.89   2604.00  -2154.88      0.00 0
101895 5626.0    116_117_128_129_140_141_148_157_158_161_167_168_172_181_182_190_196_198_211_217_223  2.14e+10  1.83e+10 -24428.84  -2502.93   9382.21    728.49     69.09    185.85  -1191.34  -5002.41      0.00 0
101896 5626.0    0_1_2_3_4_5_6_7_8_9_10_11_12_14_15_16_17_18_19_22_23_24_25_26_27_30_31_32_33_34_37_38_39_47_48_49_51_57_61_69_70_73_81_85_93_97_113_119_123_131_144  1.23e+10  1.05e+10 -29750.06   7632.98  10354.19    700.88     71.37    165.61  -2676.12    916.24      0.00 0
101897 5626.0    26_34_38_49_50_54_60_64_71_72_75_76_84_86_95_96_99_100_114_121_125_133_146_152_154_176_178_203  1.62e+09  1.33e+09 -12629.00  22024.73   9898.59    664.38     68.70    119.83   3549.02   -895.03      0.00 0
101898 5626.0    0_2_3_5_8_9_13_16_17_20_21_24_25_28_29_32_33_35_40_41_44_45_48_52_53_55_58_62_66_74_78_82_88_94_98_106_120_124_145  5.75e+09  4.87e+09  23956.48   6576.23   9635.85    693.33     68.80     15.35  -1766.58  -1661.23      0.00 0
101899 5626.0    53_59_63_83_95_107_121_125_146_152_154_176_178_187_202_209_229_232_247  1.23e+09  1.00e+09 -22780.22   7476.54   9764.81    653.73     67.84    161.83   4593.16  -2522.61      0.00 0
