#event_number primary_type du_ids energy_primary em_energy Xmax_pos(x, y, z), Xmax_grams zenith azimuth shower_core_pos_x shower_core_pos_y shower_core_pos_z, N_tested_cores, units are degrees, GeV and meters
100300 5626.0    56_61_65_77_80_81_87_92_93_101_104_105_109_112_115_118_119_123_127_130_135_139_142_144_149_150_156_159_169_174  3.09e+09  2.55e+09 -28929.09 -11104.84  10627.44    663.74     71.07    201.00  -1588.75   3339.12      0.00 0
100301 5626.0    141_146_152_162_168_173_176_178_185_187_191_193_197_199_202_203_206_209_212_214_215_218_220_221_224_226_227_228_229_231_232_233_235_236_238_239_241_243_244_245_246_247_248_250_251_253_260_261  1.32e+10  1.12e+10  35083.56  29490.81  11801.75    706.22     75.56     40.05   5800.11  -3920.47      0.00 0
100302 5626.0    0_1_2_3_4_5_6_8_9_10_12_13_16_17_18_20_21_22_25_26_28_29_32_33_34_35_38_40_41_44_45_49_50_52_53_54_55_59_60_62_63_66_67_71_72_75_76_78_79_82_84_86_88_96_100_102_106_110_126  3.09e+09  2.60e+09  20175.59  19052.45   9968.66    703.57     70.24     43.36    716.89   -665.57      0.00 0
100303 5626.0    9_13_21_28_29_33_35_40_41_44_45_52_53_55_62_63_66_67_78_79_82_88_91_102_106_110_128_136_140_151_161_184  7.08e+09  5.97e+09  21069.95  12585.14   9717.02    673.68     68.40     30.85  -1379.19  -2973.19      0.00 0
100304 5626.0    91_102_103_111_116_117_129_141_158_162_168_173_197_199_212_224  2.75e+09  2.29e+09  20663.38  -8097.89   9402.30    667.54     67.04    338.60   1861.22  -4585.31      0.00 0
100305 5626.0    0_2_3_4_5_6_8_9_10_12_13_17_18_21_22_25_26_28_29_30_33_34_35_38_40_41_42_44_45_49_50_53_54_55_59_60_63_64_66_67_68_71_72_75_76_78_79_83_84_86_88_89_90_91_95_96_99_100_102_103_107_108_110_111_112_114_116_117_121_122_125_126_128_129_133_134_137_138_141_142_143_146_147_148_152_153_154_155_157_158_162_163_164_165_167_168_170_173_174_176_177_178_179_181_182_185_186_187_188_190_191_193_194_196_197_199_200_202_203_205_206_208_209_210_212_213_214_215_216_218_219_220_221_222_224_226_227_228_229_230_231_233_235_236_237_238_240_241_242_243_244_246_249_250_252_253_255_257_258_260_261_263_264_266_267_269_270_273_274_275_276_277_278_280_281_283_284_285_286_287_288_289_290_291_292_293_294_295_296_297_298  6.46e+09  5.38e+09  57225.08 126503.93  14642.22    751.42     83.98     65.66    477.66  -8053.94      0.00 0
100306 5626.0    146_152_154_162_164_170_173_176_178_185_187_193_194_199_202_203_208_209_212_215_218_220_221_222_224_228_229_232_233_235_236_238_239_240_241_243_244_245_247_248_251_253_255_256_258_259_264_267_268_270_271_272_274_279_281_284_289_291_295_298  1.32e+09  1.06e+09 -20323.40 -51488.50  13115.82    618.99     76.67    248.46   4548.33  -7137.27      0.00 0
100307 5626.0    0_1_2_3_4_5_6_7_8_9_10_11_12_13_14_15_16_17_18_19_20_21_22_23_24_25_26_27_28_29_30_31_32_33_34_35_36_37_38_39_40_41_42_43_44_45_46_47_48_49_50_51_52_53_54_55_56_57_58_59_60_61_62_63_64_65_66_67_68_69_70_71_72_73_74_75_76_77_78_79_80_81_82_83_84_85_86_87_88_89_90_91_92_93_94_95_96_97_98_99_100_101_102_103_104_105_107_108_109_111_112_113_114_115_116_117_118_119_121_122_123_125_126_127_129_130_131_133_134_135_137_138_139_141_143_144_146_149_150_152_154_156_158_159_160_162_164_165_166_168_170_171_173_176_178_180_183_185_187_189_191_193_195_197_199_202_203_204_209_212_214_215_218_220_224_228_229_232_233_235_238_239_241_243_244_245_247_248_251_255_256_259_262_264_265_268_271_272_279_282  8.51e+10  7.38e+10 -94710.69  98970.65  14301.18    801.21     84.04    133.74   5850.18  -5204.88      0.00 0
100308 5626.0    91_102_103_111_116_117_128_129_137_140_141_148_157_158_162_167_168_173_181_182_185_191_197_199_203_212_218_220_224_228_233_235_241_244_248_251_256_262_265_268_282  8.71e+09  7.38e+09  35727.22  -5129.27  10807.99    723.40     73.33    351.83   3236.64  -5239.28      0.00 0
100309 5626.0    0_1_2_3_4_5_6_7_8_9_10_11_12_13_14_15_16_17_18_19_20_21_22_23_24_25_26_27_28_29_30_31_32_33_34_35_36_37_38_39_40_42_43_44_46_47_48_49_50_51_52_54_56_57_58_60_62_64_66_68_69_70_71_72_73_74_76_80_82_84_85_86_88_90_94_96_98_100_106_108_112_120_122_124_126_132_134_138_145_147_151_153_155_163_175_177_179_186_210  4.57e+10  4.00e+10  35304.89  21702.73  11011.39    774.74     75.12     31.58    823.49    704.13      0.00 0
100310 5626.0    121_125_137_141_146_152_154_162_164_173_176_178_185_187_193_209_215  5.25e+09  4.46e+09 -15239.95 -14976.26   8937.97    721.62     67.30    224.50   4555.73  -3000.05      0.00 0
100311 5626.0    76_86_96_99_100_108_112_114_122_126_130_133_134_138_142_143_147_153_154_155_163_164_165_169_174_177_186_192_207  9.33e+09  7.90e+09  10599.38 -33514.93  10780.31    712.09     72.95    287.55   3240.18   3809.24      0.00 0
100312 5626.0    0_1_2_3_4_5_6_7_8_9_10_11_12_13_14_15_16_17_18_19_20_21_22_23_24_25_26_27_28_29_30_31_32_33_34_35_36_37_38_39_40_41_42_43_44_45_46_47_48_49_50_51_52_53_54_55_56_57_58_59_60_61_62_63_64_65_66_67_68_69_70_71_72_73_74_75_76_77_78_79_80_81_82_83_84_85_86_87_88_89_90_91_92_93_94_95_96_97_98_99_100_101_102_103_104_105_106_107_108_109_110_112_113_114_115_116_117_118_119_120_122_123_124_126_127_128_130_131_132_134_135_136_138_139_140_142_144_145_147_148_149_150_151_153_155_156_157_159_160_161_163_166_167_169_171_172_174_175_177_179_180_181_183_184_186_188_189_190_192_196_198_201_204_205_207_210_211_213_217_219_223_225_234_237_242_254_257_263_273_278_285  1.00e+10  8.33e+09 -111480.12 -140250.17  14918.44    702.33     85.24    231.52  -1957.23   -829.40      0.00 0
100313 5626.0    0_1_2_3_4_5_6_7_8_9_10_11_12_13_14_15_16_17_18_19_20_21_22_23_24_25_26_27_28_29_30_31_32_33_34_35_36_37_38_39_40_41_42_43_44_45_46_47_48_49_50_51_52_53_54_55_56_57_58_59_60_61_62_63_64_65_66_67_68_69_70_71_72_73_74_75_76_77_78_79_80_81_82_83_84_85_86_87_88_89_90_91_92_93_94_95_96_97_98_99_100_101_102_103_104_105_106_107_108_109_110_111_112_113_114_115_116_117_118_119_120_121_122_123_124_125_126_127_128_129_130_133_134_135_136_137_138_139_140_141_142_143_146_147_148_149_150_152_153_154_155_156_157_158_159_160_161_162_163_164_165_166_167_168_169_171_172_173_174_176_177_178_179_180_181_182_183_185_186_189_190_191_192_195_196_197_199_200_201_202_203_204_205_206_207_211_212_213_214_218_219_220_224_225_226_227_230_231_233_235_237_238_241_242_243_244_246_249_250_252_253_255_256_257_258_259_260_261_264_266_267_269_270_271_274_275_276_277_279_280_281_283_284_286_287_288_289_290_291_293_294_295_296_297_298  3.55e+09  2.87e+09 -17426.17 196808.06  14751.93    696.14     85.73     95.06   1401.70  -7191.91      0.00 0
100314 5626.0    9_13_17_21_25_26_29_33_35_38_41_44_45_49_50_53_55_59_63_66_67_71_72_75_76_78_79_83_86_88_89_91_95_99_100_102_103_107_110_111_114_116_117_121_125_126_128_129_133_134_137_140_141_143_146_147_148_152_154_155_157_158_161_162_164_165_167_168_170_172_173_176_177_178_179_181_182_185_187_188_190_191_193_194_196_197_198_199_200_202_203_205_206_208_209_210_211_212_213_214_215_216_218_219_220_221_222_223_224_226_227_228_229_230_231_232_233_234_235_236_237_238_239_240_241_242_243_244_245_246_247_248_249_250_251_252_253_254_255_256_257_258_259_260_261_262_263_264_266_267_269_270_273_274_275_276_277_278_280_281_283_285_286_287_288_289_290_292_293_294_296_297  2.19e+10  1.85e+10 114600.38 104424.66  14874.15    723.92     84.52     42.34   4904.92  -2454.99      0.00 0
100315 5626.0    12_17_18_21_22_25_26_33_34_38_41_42_49_50_53_54_59_60_63_64_67_68_71_72_75_76_83_84_86_89_90_95_96_99_100_103_104_107_108_111_112_114_121_122_125_126_129_130_133_134_137_138_141_142_143_146_147_152_153_154_155_158_159_162_163_164_165_168_169_170_173_174_176_177_178_179_185_186_187_188_191_192_193_194_197_199_202_203_206_207_208_209_210_212_214_215_216_218_220_221_222_224_228_229_231_232_233_235_236_238_239_240_241_243_244_245_247_248_250_251_253_255_256_258_259_262_264_265_267_268_270_271_272_274_277_279_281_282_284_289_291_295  6.46e+10  5.59e+10   2478.22 -232764.52  13381.11    788.95     86.71    270.61   6384.03    773.48      0.00 0
100316 5626.0    242_254_263_273_278_283_285_292  4.17e+10  3.64e+10   3098.57 -20015.55   8543.12    759.17     67.13    278.80  -3865.31 -10367.80      0.00 0
100317 5626.0    59_71_75_83_86_89_95_99_100_107_111_114_121_125_126_129_133_134_137_143_146_154_155_164_165_170_179_188_194_210_216  4.90e+09  4.11e+09  20695.79  27157.27  10857.45    683.18     72.36     52.69   4919.17    312.97      0.00 0
100318 5626.0    0_2_3_5_8_9_11_13_16_17_20_21_23_24_28_29_32_33_35_37_40_41_44_45_48_49_52_53_55_58_59_62_63_66_67_69_70_74_75_78_79_82_83_85_88_89_91_94_95_98_102_103_106_107_111_113_121_124_125_129_132_137_141_146_152_154_162_176_178_185_202_203_209_218_228_229_233_245  1.74e+09  1.43e+09  42106.57 -13130.86  12057.90    647.50     74.71    342.68   1235.98  -2359.91      0.00 0
100319 5626.0    44_55_62_66_67_78_79_82_88_89_91_94_102_103_106_110_111_116_117_120_124_128_129_136_137_140_141_145_148_151_152_157_158_161_162_167_168_172_173_175_176_181_182_184_185_190_191_196_197_198_199_200_203_205_206_211_212_213_214_217_218_219_220_223_224_226_227_228_230_231_233_234_235_237_238_241_242_243_244_245_246_248_249_250_251_252_253_254_255_256_257_258_259_261_262_264_265_267_268_270_271_272_274_279_282_284  4.27e+10  3.66e+10 -112085.03  28820.25  14517.62    733.99     82.85    165.58   4416.19  -6960.16      0.00 0
100320 5626.0    196_198_205_211_213_217_219_223_226_227_230_234_237_242_246_249_250_252_253_254_257_260_261_263_266_267_269_270_273_275_276_277_280_281_284_286_287_288_289_291_293_295  3.80e+09  3.16e+09  40858.04 -26594.39  12191.09    682.04     75.96    326.94    -41.63  -9594.01      0.00 0
100321 5626.0    91_103_111_116_117_128_129_137_140_141_146_148_152_157_158_161_162_167_168_172_173_176_178_181_182_185_190_191_196_197_198_199_200_202_203_205_206_209_211_212_213_214_217_218_219_220_223_224_226_227_228_229_230_231_232_233_234_235_237_238_241_242_243_244_245_246_247_248_249_250_251_252_253_254_255_256_257_258_259_260_261_262_263_264_265_266_267_268_269_270_271_272_273_274_275_276_277_278_279_280_281_282_283_284_285_286_287_288_289_290_291_292_293_294_295_296_297  4.57e+09  3.77e+09 -171460.36 -36445.03  14935.27    704.26     85.13    192.00   2239.40  -7696.43      0.00 0
100322 5626.0    181_182_190_191_196_197_199_200_205_206_211_212_213_214_218_219_220_224_226_227_230_231_233_234_235_237_238_241_242_243_244_246_248_249_250_251_252_253_254_255_256_257_258_259_260_261_262_263_264_265_266_267_268_269_270_271_272_273_274_275_276_277_278_279_280_281_282_283_284_285_286_287_288_289_290_291_292_293_294_296  1.00e+09  8.03e+08  95873.77  13866.87  14373.84    697.03     81.56      8.23  -1128.39  -9070.22      0.00 0
100323 5626.0    157_167_181_190_196_205_211_213_219_234_237_242_254_257_263_278  2.04e+09  1.69e+09 -21793.31 -15062.28   9904.91    687.07     69.50    214.65  -3737.43  -7655.16      0.00 0
100324 5626.0    167_172_181_190_196_198_200_205_206_211_213_219_226_227_230_231_237_238_246_249_250_253_258_260_261_264_267_270_274_275_277_279_281_284_289_291  2.95e+09  2.46e+09  33470.43 -24550.51  11542.68    689.53     74.46    323.74   1846.44  -9285.59      0.00 0
100325 5626.0    68_80_90_92_96_101_104_108_112_115_118_122_126_127_130_138_139_142_147_149_153_155_156_159_163_166_169_171_174_177_179_180_183_186_188_189_195_210_216_240  5.25e+09  4.39e+09 -38904.27  10417.09  11373.84    698.15     74.23    165.01   2953.34   3723.27      0.00 0
100326 5626.0    167_196_211_213_219_234_237_242_254_257_263_273_278  5.75e+10  5.05e+10   9247.21  15698.65   8234.18    751.04     65.68     59.50  -3448.34  -7676.15      0.00 0
100327 5626.0    0_2_3_5_8_9_11_13_16_17_20_21_23_24_28_29_32_33_35_37_40_41_44_45_48_52_53_55_58_59_62_63_66_67_69_70_74_78_79_82_83_85_88_89_94_95_98_106_113_120_124_132_145  3.39e+10  2.94e+10  38140.67  -2754.03  10986.81    729.02     73.97    355.87  -3608.97  -1274.64      0.00 0
100328 5626.0    102_106_110_116_128_136_140_148_157_158_167_181_182_190_191_196_200_205_206_213_214_226_227_230_231_238_243_246_249_250_253_258_260_261_264_267_270_274_275_277_279_281_284_287_289_291  1.05e+09  8.40e+08 -33850.56  46352.69  13166.79    629.77     77.08    126.14   3238.00 -11084.80      0.00 0
100329 5626.0    38_49_50_59_71_72_75_76_83_86_95_99_100_107_114_121_125_133_137_141_146_152_154_162_173_176_178_185_199_202_203_212_218_224_228_233_235_241_244_251_255_256_259_268_271_272  7.94e+09  6.74e+09  13986.15 -37288.57  11269.41    707.92     74.20    290.56   4886.83  -5286.40      0.00 0
100330 5626.0    0_1_2_3_4_5_6_7_8_9_10_11_12_13_14_15_16_17_18_19_20_21_22_23_24_25_26_27_28_29_30_31_33_34_35_36_37_38_39_41_42_43_45_46_47_49_50_51_53_54_55_56_57_59_60_61_63_64_65_67_68_71_72_73_75_76_77_79_80_81_83_84_86_87_89_90_92_93_95_96_99_100_101_103_104_105_107_108_109_111_112_114_115_118_119_121_122_125_126_127_129_130_133_134_135_137_138_139_141_142_143_146_147_149_150_152_153_154_155_156_159_160_162_163_164_165_166_169_170_171_173_174_176_177_178_179_180_183_185_186_187_188_189_192_193_194_195_199_201_202_203_204_207_208_209_210_212_215_216_218_221_222_224_225_228_229_232_233_235_236_239_240_241_244_245_247_248_251_255_256_259_262_265_268_272_282  8.91e+09  7.40e+09 112368.38 -132781.88  14790.22    725.04     85.14    310.24   5053.37  -1303.86      0.00 0
100331 5626.0    226_227_230_231_237_238_242_243_246_249_250_252_253_254_255_257_258_260_261_263_264_266_267_269_270_271_273_274_275_276_277_278_279_280_281_283_284_285_286_287_288_289_290_291_292_293_294_295_296  1.58e+10  1.36e+10  69993.50  -6505.43  13015.75    754.83     79.51    354.69   1159.37 -10049.55      0.00 0
100332 5626.0    0_1_3_4_6_7_9_10_12_14_15_17_18_19_21_22_25_26_27_30_31_33_34_36_38_39_42_43_46_49_50_51_53_54_56_57_59_60_61_64_65_68_71_72_75_76_77_80_81_83_84_86_87_90_92_95_96_99_100_101_104_105_108_109_112_114_115_118_119_121_122_125_126_127_130_133_134_135_139_143_146_149_150_154_156_159_160_164_166_170_171_176_178_180_187_189_193_195_202_204_209_215_228_229_232_245_247  3.31e+09  2.71e+09 -49258.22  42819.52  13314.47    672.36     78.47    139.00  -1433.16   4009.20      0.00 0
100333 5626.0    0_1_2_3_4_5_6_7_8_9_10_11_12_13_14_15_16_17_18_19_20_21_22_23_24_25_26_27_28_29_30_31_32_33_34_35_36_37_38_39_40_41_42_43_44_45_46_48_49_50_52_53_54_55_56_58_59_60_62_63_64_66_67_68_71_72_74_75_76_77_78_79_80_82_83_84_86_88_89_90_91_92_94_95_96_99_100_102_103_104_106_107_108_110_111_112_114_116_117_118_120_121_122_125_126_128_129_130_133_134_136_137_138_140_141_142_143_146_147_148_151_152_153_154_155_157_158_159_161_162_163_164_165_167_168_169_170_172_173_174_176_177_178_179_181_182_184_185_186_187_188_190_191_192_193_194_196_197_198_199_200_202_203_205_206_208_209_210_211_212_213_214_215_216_217_218_219_220_221_222_223_224_226_227_228_229_230_231_232_233_234_235_236_237_238_239_240_241_242_243_244_245_246_247_248_249_250_251_252_253_254_255_256_257_258_259_260_261_262_263_264_265_266_267_268_269_270_271_272_273_274_275_276_277_278_279_280_281_283_284_285_286_287_288_289_290_291_292_293_294_295_296_297_298  1.55e+10  1.31e+10 -133444.28 -233101.19  12666.64    745.43     87.30    240.21    137.88  -8246.29      0.00 0
100334 5626.0    200_205_206_214_220_226_227_231_238_243_250_253_255_258_264_271  1.10e+09  9.11e+08 -22022.08   5258.59   9392.19    680.01     67.47    166.57   2039.29  -7900.76      0.00 0
100335 5626.0    7_10_14_18_19_22_27_30_34_36_39_42_43_46_50_51_54_56_60_61_64_65_68_72_76_77_80_81_84_87_90_96_100_104_108_112_114_122_126_134_138_143_147_153_155_165_170_177_179_188_194_208_210_216_222_236_240  2.04e+09  1.69e+09 -41342.22   1884.57  11632.84    674.34     74.30    177.39   5101.24   1824.84      0.00 0
100336 5626.0    92_101_109_115_118_127_130_135_139_149_150_156_160_166_171  2.51e+10  2.18e+10  22941.93    901.39   8965.44    760.42     68.67      2.25  -2402.47   4128.94      0.00 0
100337 5626.0    8_13_16_20_21_28_29_32_35_40_41_44_45_48_52_53_55_58_62_63_66_67_70_74_78_79_82_83_88_89_91_94_98_102_103_106_107_110_111_113_116_117_120_121_124_128_129_132_136_137_140_141_145_146_148_151_152_157_158_161_162_167_168_172_173_175_176_184_185_199_202_203_218_228_233_248  7.76e+10  6.79e+10  58256.59 -11937.16  12379.99    764.64     78.24    348.42  -4214.45  -2416.39      0.00 0
100338 5626.0    64_84_90_96_100_108_112_122_126_134_138_143_147_155_165_170_179_188_193_194_208_216_221_222_236  8.91e+10  7.80e+10 -23833.94  11532.04   9600.31    736.87     70.07    154.18   5111.48   1255.47      0.00 0
100339 5626.0    0_2_3_4_5_6_8_9_10_12_13_14_17_18_21_22_25_26_28_29_30_33_34_35_38_41_42_44_45_46_49_50_54_55_60_64_68_72_76_84_90_96_108_112_138  6.76e+09  5.70e+09  11803.61  21488.45   9642.64    684.76     68.53     61.22   1350.39    833.89      0.00 0
100340 5626.0    0_1_2_3_4_5_6_7_8_9_10_11_12_13_14_15_16_17_19_20_21_23_24_25_27_28_29_31_32_33_35_36_37_39_40_41_43_44_45_47_48_51_52_53_55_57_58_59_61_62_63_65_66_67_69_70_73_74_78_79_81_82_83_85_87_88_89_91_93_94_97_98_102_103_105_106_107_109_110_111_113_116_117_119_120_123_124_128_129_131_132_135_136_137_139_140_141_144_145_148_150_151_157_158_160_161_162_167_168_171_172_173_175_181_182_184_185_190_191_196_197_198_199_200_205_206_211_212_213_214_217_218_219_220_223_224_226_227_230_231_234_235_237_238_241_242_243_244_246_249_250_252_253_254_255_256_257_258_259_260_261_263_264_266_267_269_270_271_272_273_274_275_276_277_278_279_280_281_283_284_285_286_287_288_289_290_291_292_293_294_295_296_297_298  3.63e+09  2.99e+09 168700.59 -223791.94  12824.31    675.55     87.38    307.01  -1657.41  -6136.46      0.00 0
100341 5626.0    0_1_2_3_4_5_6_7_8_9_10_11_12_13_14_15_16_17_18_19_20_21_22_23_24_25_26_27_28_29_30_31_32_33_34_35_36_37_38_39_40_41_42_43_44_45_46_47_48_49_50_51_52_54_55_56_57_58_60_61_62_64_65_66_68_69_70_71_72_73_74_76_77_78_80_81_82_84_85_86_87_88_90_92_93_94_96_97_98_100_101_104_105_106_108_109_110_112_113_115_118_119_120_122_123_124_126_127_130_131_132_135_136_138_139_140_142_144_145_147_149_150_151_153_155_156_159_160_161_163_166_169_171_174_175_177_179_180_183_184_186_189_192_195_198_201_204_207_217_223_225  3.24e+09  2.62e+09 231848.11 194543.67  12050.10    666.77     87.72     40.00  -3045.30   3119.78      0.00 0
100342 5626.0    0_1_2_5_7_8_9_11_13_15_16_19_20_23_24_28_29_31_32_35_37_40_44_45_47_48_51_52_55_57_58_62_66_78_79_82_88_91_102_116_117  3.55e+10  3.08e+10   6635.12 -20628.87   8865.30    742.63     67.75    287.83   -662.12  -1524.93      0.00 0
100343 5626.0    158_168_173_181_182_191_197_199_200_206_212_214_218_220_224_231_235_238_241_243_244_251_255_256_259_265_268_272_282  3.98e+09  3.32e+09  30861.70  -3189.24  10302.96    715.08     71.63    354.10   4473.30  -6755.04      0.00 0
100344 5626.0    140_157_161_167_172_181_182_184_190_196_198_200_205_206_211_213_214_217_219_223_226_227_230_231_234_237_238_243_246_249_250_252_253_258_260_261_264_267_270_274_279_281_284  2.75e+10  2.39e+10  35542.55 -19539.69  11171.94    734.36     74.60    331.20     -4.16  -7615.09      0.00 0
100345 5626.0    20_32_40_48_52_58_62_74_82_88_94_106_110_120_136_140_145_151_161_175_184_198_217_223  1.95e+09  1.62e+09  15338.36  20251.54   9874.18    668.48     68.76     52.86  -3559.36  -3649.97      0.00 0
100346 5626.0    106_110_116_120_128_136_140_151_157_161_167_181_190  1.74e+09  1.44e+09  13962.45 -13870.15   9031.32    660.82     65.35    315.19  -2116.53  -4121.52      0.00 0
100347 5626.0    114_133_143_154_164_178_187_193_209_215_229_232  5.37e+10  4.67e+10  12506.72 -11532.79   7911.35    769.28     65.06    317.32   5794.96  -1643.90      0.00 0
100348 5626.0    103_117_129_141_158_162_168_173_191_197_199_212_218_220_224_235_241_243_244_251_255_256_259_268_271_272  6.46e+09  5.46e+09 -29847.64  22434.69  11173.81    685.60     73.34    143.07   5586.90  -7434.24      0.00 0
100349 5626.0    0_1_6_7_10_11_14_15_19_23_24_27_31_37_39_47_51_57_69_70_73_81_85_93_97_113_123_131  8.32e+09  7.05e+09 -18987.66    109.36   8593.35    712.05     65.65    179.67  -2389.87    687.41      0.00 0
100350 5626.0    91_102_103_110_111_116_117_128_129_136_137_140_141_148_152_157_158_161_162_167_168_172_173_176_181_182_184_185_190_191_196_197_198_199_200_202_203_205_206_211_212_213_214_217_218_219_220_223_224_226_227_228_229_230_231_233_234_235_237_238_241_242_243_244_245_246_247_248_249_250_251_252_253_254_255_256_257_258_259_260_261_262_263_264_265_266_267_268_269_270_271_272_273_274_275_276_277_278_279_280_281_282_283_284_285_286_287_288_289_290_291_292  2.04e+10  1.72e+10 -145567.47  -8954.29  15019.91    702.65     84.12    183.52  -3039.69  -7682.38      0.00 0
100351 5626.0    145_151_161_172_175_184_196_198_211_213_217_219_223_234_237_242_252_257  2.34e+10  2.02e+10 -11201.71  23580.13   9693.02    712.77     69.63    115.41  -3846.22  -5154.60      0.00 0
100352 5626.0    0_1_2_3_4_5_6_7_8_9_10_11_12_13_14_15_16_17_18_19_20_21_22_23_24_25_26_27_28_29_30_31_32_33_34_35_36_37_38_39_40_41_42_43_44_45_46_47_48_49_50_51_52_53_54_55_56_57_58_59_60_61_62_63_64_65_66_67_68_69_70_71_72_73_74_75_76_77_78_79_80_81_82_83_84_85_86_87_88_89_90_91_92_93_94_96_97_98_100_101_102_104_105_106_108_109_110_112_113_115_116_118_120_122_124_126_128_130_132_136_138_140_142_145_147_149_151_153_157_159_161_163_167_169_172_174_175_177_183_184_186_190_192_196_198_207_211_213_217_219_223_234_237_242_254_257_263_278  1.74e+10  1.48e+10 -50969.37 -76918.78  14268.18    693.43     81.21    236.47    700.02   1837.70      0.00 0
100353 5626.0    41_45_53_55_59_63_67_75_79_83_89_91_95_99_103_107_111_114_121_125_133_137_143_146_154_164_165_170_178_187_193_194_208_215_221_222_236_239  1.17e+10  1.00e+10  32705.21  13120.90  10807.29    709.24     72.95     21.86   5416.65   -939.66      0.00 0
100354 5626.0    0_1_2_3_4_5_6_7_8_9_10_11_12_13_14_15_16_17_18_19_20_22_23_24_25_26_27_28_30_31_32_34_36_37_38_39_42_43_46_47_48_49_50_51_52_54_56_57_58_60_61_64_65_68_69_70_71_72_73_74_76_77_80_81_82_84_85_86_87_90_92_93_94_96_97_98_100_101_104_105_108_109_112_113_115_118_119_122_123_124_126_127_130_131_132_134_135_138_139_142_144_145_147_149_150_153_155_156_159_160_163_165_166_169_171_174_177_179_180_183_186_188_189_192_195_201_204_207_210_216_225_240  7.59e+09  6.30e+09 152249.44  53555.76  14915.27    716.73     84.72     19.38   -239.65   3352.31      0.00 0
100355 5626.0    181_190_196_198_200_205_206_211_213_214_217_219_223_226_227_230_231_234_237_238_242_243_246_249_250_252_253_254_255_257_258_260_261_263_264_266_267_269_270_271_273_274_275_276_277_278_279_280_281_283_284_285_286_287_288_289_290_291_292_293_294_295_296_297_298  7.94e+09  6.65e+09 100700.34 -28229.73  14288.82    736.42     82.22    344.34   -612.17  -9638.77      0.00 0
100356 5626.0    95_99_107_121_125_133_137_141_146_152_154_162_168_173_176_185_197_199_212_214_220_224_235_238_243_253_258_270  4.90e+09  4.11e+09   4839.53  29170.05  10320.09    684.41     70.76     80.58   3448.93  -4696.10      0.00 0
100357 5626.0    121_137_141_146_152_154_158_162_164_168_170_173_176_178_182_185_187_191_193_197_199_200_202_203_206_208_209_212_214_215_218_220_221_222_224_226_227_228_229_230_231_232_233_235_236_238_239_240_241_243_244_245_246_247_248_249_250_251_252_253_255_256_258_259_260_261_262_264_265_266_267_268_269_270_271_272_274_275_276_277_279_280_281_283_284_286_287_288_289_290_291_292_293_294_295_296_297_298  1.74e+09  1.39e+09  66041.01  71043.71  14894.77    628.49     81.27     47.09   3306.97  -7216.16      0.00 0
100358 5626.0    91_102_110_116_117_128_140_148_157_161_167_172_184_190_196_198_211_217_223_234  1.48e+10  1.26e+10 -26369.14  -6863.73   9643.60    747.07     70.51    194.59  -3452.27  -5288.47      0.00 0
100359 5626.0    219_230_234_237_242_252_254_257_263  9.12e+09  7.77e+09  20497.88   -454.42   9051.42    679.54     66.18    358.73  -4091.93  -7963.98      0.00 0
100360 5626.0    80_90_92_101_104_108_109_112_115_118_122_126_127_130_138_139_142_147_149_153_155_156_159_160_163_166_169_171_174_177_179_180_183_186_188_189_192_195_201_204_207_210_216_240  8.91e+10  7.81e+10 -54835.84  11735.76  12165.39    765.69     77.76    167.92   5318.38   3815.52      0.00 0
100361 5626.0    269_273_276_278_280_283_285_286_287_288_290_292_293_294_296  1.51e+09  1.24e+09  32607.85  -9061.35  10911.57    670.02     72.13    344.47  -4271.39 -10366.77      0.00 0
100362 5626.0    241_243_244_248_251_255_256_258_259_262_264_265_268_270_271_272_274_277_279_281_282_284_287_289_291_293_295_297_298  2.00e+10  1.70e+10  31743.89  33009.84  11826.74    701.96     75.52     46.12   3991.06 -10162.02      0.00 0
100363 5626.0    11_15_16_19_20_23_24_31_32_37_40_47_48_51_52_57_58_61_62_66_69_70_73_74_78_81_82_85_87_88_93_94_97_98_102_105_106_109_110_113_116_119_120_123_124_127_128_131_132_135_136_139_140_144_145_150_151_157_160_161_166_167_171_172_175_181_184_190_195_196_198_200_205_211_213_217_219_223_226_230_234_237_242_246_249_252_254_257_260_263_266_269_273_275_276_278_280_283_285_286_288_290_292_293_294_296_297_298  7.76e+09  6.50e+09  14865.17 -128869.84  14596.77    748.24     83.58    276.58  -4038.59  -6442.48      0.00 0
100364 5626.0    0_1_2_3_4_5_6_7_8_9_10_11_12_13_14_15_16_17_18_19_20_21_22_23_24_25_26_27_28_29_30_31_32_33_34_35_36_37_38_39_40_41_42_43_44_45_46_47_48_49_50_51_52_53_54_55_56_57_58_59_60_61_62_63_64_65_66_67_68_69_70_71_72_74_75_76_77_78_79_80_82_83_84_86_88_89_90_91_92_94_96_102_103_104_106_108_110_112_116_117_118_120_122_128_130_136_138_140_142_148_151_153_157_159_161_163_167_169_172_174_181_184_186_190_192_196_198_205_211_213_217_219_223_230_234_237_242_252_254_257_263_269_273_278_283_285_292  1.15e+10  9.67e+09  28894.50  59347.61  13165.70    699.36     78.72     64.04   -705.51  -1939.68      0.00 0
100365 5626.0    64_84_90_96_108_112_122_138_147_153_163_177_186  5.50e+09  4.64e+09 -19440.59 -14750.86   9790.31    659.38     68.14    217.19   4292.95   3875.00      0.00 0
100366 5626.0    42_46_54_56_60_64_68_76_77_80_84_90_92_96_100_101_104_108_109_112_114_115_118_122_126_127_130_134_138_139_142_143_147_149_153_155_156_159_160_163_164_165_166_169_170_171_174_177_179_180_183_186_188_189_192_193_194_195_201_204_207_208_210_216_221_222_225_236_239_240  6.31e+10  5.48e+10  87453.34 -43888.86  13908.48    769.60     81.91    333.35   5782.12   2753.08      0.00 0
100367 5626.0    23_31_37_47_48_51_57_58_61_69_70_73_74_81_82_85_87_93_94_97_98_105_106_109_113_119_120_123_124_127_131_132_135_136_139_140_144_145_150_151_160_161_166_171_172_175_184_189_195_198_211_217_219_223_234_242_254_263_278  7.94e+10  6.89e+10   6203.46  50816.41  11875.47    759.35     76.94     83.04  -3899.97   -309.62      0.00 0
100368 5626.0    45_55_67_78_79_91_102_103_110_116_117_128_140_148_157_167_172_181_190_196_198_211_213_219_223_234_237_242_254_257_263_278  2.40e+09  1.99e+09  22775.67  24578.28  10855.27    672.95     72.05     47.18  -2643.27  -6103.06      0.00 0
100369 5626.0    116_128_148_157_167_172_181_190_196_198_211_219_223_234  6.76e+09  5.74e+09 -17922.99  -5882.38   8716.21    687.98     65.20    198.17  -2321.48  -5724.54      0.00 0
100370 5626.0    260_261_266_269_275_276_277_280_281_286_287_288_289_291_295  6.76e+09  5.70e+09 -19362.28   6925.08   8847.50    714.67     66.72    160.32     28.72 -10578.76      0.00 0
100371 5626.0    0_1_2_3_4_5_6_7_8_9_10_11_12_13_14_15_16_17_18_19_20_21_22_23_24_25_26_27_28_29_30_31_32_33_34_35_36_37_38_39_40_41_42_43_44_45_46_47_48_49_50_51_52_53_54_55_56_57_58_59_60_61_62_63_64_65_66_67_68_69_70_71_72_73_74_75_76_77_78_79_80_81_82_83_84_85_86_87_88_89_90_91_93_94_95_96_97_98_99_100_101_102_103_105_106_107_108_109_110_111_113_114_116_117_119_120_121_122_123_124_125_126_128_129_131_132_133_134_135_136_137_140_141_143_144_145_146_147_148_150_151_152_154_155_157_158_161_162_164_165_167_168_170_172_173_175_176_178_181_182_184_185_187_188_190_191_193_194_196_197_198_199_200_202_203_205_206_208_209_211_212_213_214_215_216_217_218_219_220_221_222_223_224_226_227_228_229_230_231_232_233_234_235_236_237_238_239_240_241_242_243_244_245_246_247_248_249_250_251_252_253_254_255_256_257_258_259_260_261_262_263_264_265_266_267_268_269_270_271_272_273_274_275_276_277_278_279_280_281_282_283_284_285_286_287_288_289_290_291_292_293_294_295_296_297_298  4.27e+10  3.66e+10 -299321.09  49498.61  11495.86    730.70     87.83    170.61  -4270.07  -5325.51      0.00 0
100372 5626.0    0_1_2_3_4_5_6_7_8_9_10_11_12_13_14_15_16_17_18_19_20_21_22_23_24_25_26_27_28_29_30_31_32_33_34_35_36_37_38_39_40_41_42_43_44_45_46_47_48_49_50_51_52_53_54_55_56_57_58_59_60_61_62_63_64_65_66_67_68_69_70_71_72_73_74_75_76_77_78_79_80_81_82_83_84_85_86_87_88_89_90_91_92_93_94_95_96_97_98_99_100_101_102_103_104_105_106_107_108_109_110_111_112_113_114_115_116_117_118_119_120_121_122_123_124_125_126_127_128_129_130_131_132_133_134_135_136_137_138_139_140_141_142_143_144_145_146_147_148_149_150_151_152_153_154_155_156_157_158_159_160_161_162_163_164_165_166_167_169_170_171_172_174_175_176_177_178_179_180_183_184_186_187_188_190_192_193_194_196_198_208_209_210_211_215_216_217_221_222_223_232_234_236_239_240  3.98e+10  3.41e+10 -224637.81 -82205.77  13666.92    727.62     86.73    200.10  -1425.60   -156.64      0.00 0
100373 5626.0    106_110_120_124_128_132_136_140_145_151_157_161_167_172_175_181_182_184_190_196_198_200_205_206_211_213_217_219_223_226_227_230_231_234_237_242_246_249_250_252_253_254_257_260_261_263_266_267_269_270_273_274_275_276_277_278_280_281_283_284_285_286_287_288_289_290_291_292_293_294_295_296_297_298  1.82e+09  1.46e+09 145695.27 -167367.14  14582.89    663.46     86.24    311.04  -1977.95 -11141.69      0.00 0
100374 5626.0    214_220_231_238_243_253_258_267_270_274_281_284_291  4.07e+09  3.43e+09   -711.50  19496.68   8759.80    699.46     65.82     92.09   2636.49  -9175.59      0.00 0
100375 5626.0    0_1_2_3_4_5_6_7_9_10_12_14_15_17_18_19_21_22_25_26_27_30_31_33_34_36_38_39_41_42_43_46_49_50_51_53_54_56_59_60_61_63_64_65_68_71_72_75_76_77_80_81_83_84_86_87_90_92_95_96_99_100_101_104_105_107_108_109_112_114_115_118_121_125_127_130_133_135_139_146_149_152_154_156_160_166_171_176_178_180_189_195_203_204  8.91e+10  7.81e+10 -36598.36  44381.57  12311.36    756.66     77.92    129.51  -2110.00   5078.54      0.00 0
100376 5626.0    0_2_3_4_5_8_9_11_12_13_16_17_20_21_24_25_26_28_29_32_33_35_37_38_40_41_44_45_48_49_50_52_53_55_58_59_62_63_66_67_70_71_72_74_75_78_79_82_83_86_88_89_91_94_95_98_99_102_103_106_107_110_111_114_116_117_120_121_124_125_128_129_132_133_134_136_137_140_141_143_145_146_148_151_152_154_157_158_161_162_164_165_167_170_172_175_176_178_184_185_187_193_194_198_202_203_208_209_211_215_217_221_222_223_229_232_236_239_247  3.16e+10  2.74e+10  75117.80  13732.49  13327.43    748.36     80.10     10.36  -1586.70  -2916.42      0.00 0
100377 5626.0    1_7_11_14_15_16_19_23_24_27_31_32_36_37_39_43_46_47_48_51_56_57_58_61_65_69_70_73_74_77_80_81_82_85_87_92_93_94_97_98_101_104_105_106_109_113_115_118_119_120_123_124_127_130_131_132_135_136_139_144_145_149_150_151_156_159_160_166_169_171_175_180_183_184_189_192_195_201_204_207_217_225  3.80e+09  3.16e+09 -39033.07 -64502.05  13918.82    656.65     79.54    238.82   -987.77   4522.85      0.00 0
100378 5626.0    21_29_33_35_41_44_45_49_53_55_59_63_66_67_71_75_78_79_83_86_88_89_91_95_99_102_103_107_110_111_114_116_117_121_125_128_129_133_134_136_137_140_141_143_146_148_152_154_157_158_161_162_164_165_167_168_170_172_176_178_181_182_187_190_193_194_196_198_205_208_211_213_215_216_217_219_221_222_223_234_236_237_240_242_254_263  2.45e+10  2.11e+10 -42914.15 -27677.49  11967.86    742.74     76.81    212.82    833.84  -3608.30      0.00 0
100379 5626.0    62_66_78_88_91_102_110_116_117_128_148_157_158_182_191_206  1.82e+09  1.50e+09  13839.83 -16664.24   9463.85    645.34     66.40    309.71    -46.87  -4512.74      0.00 0
100380 5626.0    205_211_213_219_223_226_227_230_231_234_237_242_246_249_250_252_253_254_257_258_260_261_263_266_267_269_270_273_274_275_276_277_278_280_281_284  9.77e+10  8.58e+10 -41309.96  10629.65  11142.77    770.38     75.36    165.57  -3566.93  -8017.25      0.00 0
100381 5626.0    176_178_187_202_203_209_228_229_233_241_245_248_251_256_268  2.19e+10  1.89e+10   1574.91 -21093.33   8917.58    719.18     67.14    274.27   6238.99  -4195.56      0.00 0
100382 5626.0    44_45_55_66_67_78_79_88_89_91_102_103_106_107_110_111_116_117_120_128_129_136_137_140_145_151_157_161_167_172_175_184_198_217  2.40e+09  2.00e+09 -31727.51  -4103.79  10407.12    716.39     71.98    187.37  -1922.39  -3800.78      0.00 0
100383 5626.0    42_46_54_56_64_65_68_77_80_84_87_90_92_96_100_101_104_108_109_112_115_118_122_126_127_130_134_135_138_139_142_147_149_153_155_156_159_160_163_165_166_169_170_171_174_177_179_180_183_186_188_189_192_194_195_201_204_207_208_210_216_222_236_240  1.74e+10  1.47e+10  60155.49 -21871.04  13010.95    706.43     78.51    340.02   1626.49   4071.16      0.00 0
100384 5626.0    38_49_50_59_71_72_75_76_83_86_95_96_99_100_107_108_111_114_121_122_125_126_129_133_134_137_138_141_142_143_146_147_152_153_154_155_162_163_164_165_168_170_173_174_176_177_178_179_185_186_187_188_191_193_194_197_199_202_203_206_208_209_210_212_214_215_216_218_220_221_222_224_228_229_231_232_233_235_236_238_239_240_241_243_244_245_247_248_250_251_253_255_256_258_259_262_264_265_267_268_270_271_272_274_277_279_281_282_284_287_289_291_295_298  6.76e+09  5.59e+09 -26874.99 -218563.92  14394.72    690.95     86.26    262.99   6199.49  -7959.68      0.00 0
100385 5626.0    200_205_213_226_227_230_231_246_249_250_253_260_261_267_270_274_275_277_281_284_289_291  5.75e+10  5.04e+10 -22245.86  18208.02   9457.21    816.14     71.79    140.70   1786.45  -9872.28      0.00 0
100386 5626.0    96_100_104_108_112_118_122_126_130_134_138_142_143_147_149_153_155_159_163_164_165_169_170_174_177_179_180_183_186_188_192_193_194_201_204_207_208_225  4.07e+10  3.56e+10  22727.48 -28603.09  10510.24    781.60     73.95    308.47   2880.63   4113.43      0.00 0
100387 5626.0    12_17_18_21_22_25_26_33_34_38_41_42_49_50_53_54_59_60_63_64_67_71_72_75_76_79_83_84_86_89_90_95_96_99_100_103_107_108_111_112_114_117_121_122_125_126_129_130_133_134_137_138_141_142_143_146_147_152_153_154_155_158_162_163_165_168_169_173_174_177_179_186_191_197_199_206_212_214_220_231_238  6.92e+09  5.80e+09  -8875.70 -55536.93  12705.56    683.53     77.27    260.92   3362.41   1902.67      0.00 0
100388 5626.0    200_205_206_213_214_219_220_226_227_230_231_235_237_238_242_243_244_246_249_250_252_253_254_255_256_257_258_259_260_261_263_264_266_267_268_269_270_271_272_273_274_275_276_277_278_279_280_281_282_283_284_285_286_287_288_290_292  1.74e+09  1.41e+09 -58181.11  -4977.65  13063.23    652.18     77.39    184.89    333.62  -8904.11      0.00 0
100389 5626.0    89_91_102_103_107_111_116_117_121_125_128_129_137_140_141_146_148_152_154_157_158_162_167_168_172_173_176_178_181_182_185_187_190_191_193_196_197_198_199_200_202_203_205_206_209_211_212_213_214_215_217_218_219_220_221_223_224_226_227_228_229_230_231_232_233_234_235_237_238_239_241_242_243_244_245_246_247_248_249_250_251_252_254_256_257_262_263_265_268_269_273_278  2.09e+10  1.78e+10 -79890.20 -26622.40  13895.45    708.73     80.63    198.43   6173.93  -3991.30      0.00 0
100390 5626.0    0_1_2_3_4_5_6_7_8_9_10_11_12_13_14_15_16_18_19_20_22_23_24_27_28_29_30_31_32_35_36_37_39_40_42_43_44_46_47_48_51_52_55_56_57_58_61_62_65_66_68_69_70_74_77_78_80_81_82_87_88_90_92_101_102_104_106_110_115_118_127_128_130_149_156_159_180_183_192_201_207  2.09e+10  1.79e+10  -6441.82 -35982.25  10980.74    703.26     73.28    259.85   -511.78   1565.74      0.00 0
100391 5626.0    11_16_20_23_24_31_32_37_40_47_48_52_57_58_62_66_69_70_73_74_81_82_85_88_93_97_105_119_123  4.57e+10  4.00e+10   8118.43 -18978.29   8567.00    766.56     67.46    293.16  -2421.21    242.46      0.00 0
100392 5626.0    158_162_168_173_182_185_191_197_199_200_205_206_212_214_218_220_224_226_227_230_231  2.04e+09  1.69e+09  22486.94  11546.79   9947.18    654.70     68.52     27.18   1963.90  -6230.69      0.00 0
100393 5626.0    258_260_261_264_267_270_271_274_275_276_277_279_280_281_283_284_286_287_288_289_290_291_292_293_294_295_296_297_298  5.62e+09  4.67e+09 -56750.84 -11566.72  12882.45    673.36     77.46    191.52   4030.84 -10688.00      0.00 0
100394 5626.0    88_94_98_102_106_110_116_117_120_124_128_132_136_140_145_148_151_157_158_161_167_172_175_181_182_184_190_191_196_198_200_205_206_211_213_214_217_219_220_223_226_227_230_231_234_237_238_242_243_246_249_250_252_253_254_257_258_260_261_263_264_266_267_269_270_271_273_274_275_276_277_279_280_281_283_284_286_287_288_289_291_293_294_295_297_298  1.70e+10  1.44e+10  76962.97 -76374.19  14486.46    719.50     82.39    315.22   2480.36 -11103.68      0.00 0
100395 5626.0    39_43_51_56_57_61_65_73_77_80_81_87_92_93_97_101_104_105_109_113_115_118_119_123_127_130_131_135_139_142_144_149_150_156_159_160_166_169_171_174_180_183_189_192_195_201_204_207_225  4.68e+09  3.85e+09 -111419.95 -76462.34  15109.82    683.31     83.62    214.46  -2878.25   5068.32      0.00 0
100396 5626.0    64_68_80_90_92_96_101_104_108_112_115_118_122_126_127_130_138_139_142_147_149_153_155_156_159_163_165_166_169_171_174_177_179_180_183_186_188_189_192_194_195_210_216_222_240  6.61e+09  5.58e+09  43064.83 -14317.42  11694.46    717.25     75.55    341.61   3036.84   3623.27      0.00 0
100397 5626.0    0_1_2_3_4_5_6_7_8_9_10_11_12_13_14_15_16_17_18_19_20_21_22_23_24_25_26_27_28_29_30_31_32_33_34_35_36_37_38_39_40_41_42_43_44_45_46_47_48_49_50_51_52_53_54_55_56_57_58_59_60_61_62_63_64_65_66_67_68_69_70_71_72_73_74_75_76_77_78_79_80_81_82_83_84_85_86_87_88_89_90_91_92_93_94_95_96_97_98_99_100_101_102_103_104_105_106_107_108_109_110_111_112_113_114_115_116_117_118_119_120_121_122_123_124_125_126_127_128_129_130_131_132_133_134_135_136_137_138_139_140_141_142_143_144_145_146_147_148_149_150_151_152_153_154_155_156_157_158_159_160_161_162_163_166_167_168_169_171_172_173_174_175_176_177_180_181_182_183_184_185_186_189_190_191_192_195_196_197_198_199_200_201_204_205_206_207_211_212_213_214_217_219_220_223_224_225_226_227_230_231_234_235_237_238_242_243_246_249_250_252_253_254_255_257_258_260_261_263_264_266_267_269_270_273_274_275_276_277_278_279_280_281_283_284_285_286_287_288_289_290_291_292_293_294_295_296_297_298  7.76e+10  6.73e+10  -2189.45 -220075.19  13730.96    780.22     86.43    269.43   -299.20   2161.60      0.00 0
100398 5626.0    200_205_206_212_213_214_220_224_226_227_230_231_235_237_238_241_242_243_244_246_249_250_251_252_253_254_255_256_257_258_259_260_261_263_264_265_266_267_268_269_270_271_272_273_274_275_276_277_278_279_280_281_282_283_284_285_286_287_288_289_290_291_292_294_296  7.76e+10  6.79e+10 -70521.22  -7985.01  12744.27    804.58     79.82    186.46   4076.91  -8842.81      0.00 0
100399 5626.0    110_116_128_136_140_145_148_151_157_158_161_167_172_175_181_182_184_190_191_196_197_198_200_205_206_211_213_214_217_219_220_223_226_227_230_231_234_235_237_238_242_243_246_249_250_252_253_254_255_257_258_259_260_261_264_266_267_270_271_274_275_277_279_281_284_289_291  1.86e+09  1.52e+09  69457.12 -35436.00  14015.75    658.35     79.81    332.97    681.21  -7861.07      0.00 0
