#event_number primary_type du_ids energy_primary em_energy Xmax_pos(x, y, z), Xmax_grams zenith azimuth shower_core_pos_x shower_core_pos_y shower_core_pos_z, N_tested_cores, units are degrees, GeV and meters
101300 5626.0    111_117_121_129_137_141_146_152_158_162_168_173_176_178_185_202_203_209  2.95e+10  2.54e+10 -22310.53  -8032.29   9436.31    698.96     68.30    199.80   3530.82  -3879.78      0.00 0
101301 5626.0    89_95_99_103_107_111_116_117_121_125_129_133_137_141_143_146_148_152_154_157_158_162_164_165_168_170_173_176_178_181_182_185_187_190_191_193_194_196_197_199_200_202_203_205_206_208_209_212_213_214_215_216_218_219_220_221_222_224_226_227_228_229_230_231_232_233_235_236_237_238_239_240_241_242_243_244_245_246_247_248_249_250_251_252_253_254_255_256_257_258_259_260_261_262_263_264_265_266_267_268_269_270_271_272_273_274_275_276_277_278_279_280_281_282_283_284_285_286_287_288_289_290_291_292_293_294_295_296_297_298  4.79e+09  3.95e+09  98753.85  86178.84  15002.96    693.06     83.47     41.11   4241.61  -5066.45      0.00 0
101302 5626.0    0_1_2_3_4_5_6_7_8_9_10_11_12_13_14_15_16_17_18_19_20_21_22_25_26_27_28_29_30_33_34_35_36_38_39_40_41_42_43_44_45_46_49_50_53_54_55_56_59_60_62_63_64_65_66_67_68_71_72_75_76_77_78_79_80_83_84_86_88_89_90_91_92_95_96_99_100_101_102_103_104_107_108_111_112_114_115_116_117_118_121_122_125_126_128_129_130_133_134_137_138_141_142_143_146_147_148_149_152_153_154_155_157_158_159_162_163_164_165_168_169_170_173_174_176_177_178_179_180_181_182_183_185_186_187_188_190_191_192_193_194_197_199_200_201_202_203_205_206_207_208_209_210_212_214_215_216_218_220_221_222_224_225_226_227_228_229_230_231_232_233_235_236_238_239_240_241_243_244_245_246_247_248_249_250_251_252_253_255_256_258_259_260_261_262_264_265_266_267_268_270_271_272_274_275_276_277_279_280_281_282_284_286_287_288_289_291_293_294_295_296_297_298  3.31e+10  2.83e+10 -18291.18 -239904.52  13620.18    729.00     86.76    265.64   4228.00   -606.77      0.00 0
101303 5626.0    2_3_5_8_9_13_16_17_20_21_24_28_29_32_33_35_40_41_44_45_48_49_52_53_55_58_59_62_63_66_67_70_74_75_78_79_82_83_88_89_91_94_95_98_99_102_103_106_107_110_111_116_117_120_121_124_125_128_129_132_133_136_137_140_141_145_146_148_151_152_154_157_158_161_162_167_168_172_173_175_176_178_184_185_187_197_199_202_203_209_212_215_218_224_228_229_232_233_239_241_245_247_248_251_262_265  7.41e+10  6.45e+10 -68382.46   8178.32  12826.44    774.29     79.45    173.18   2856.66  -3304.08      0.00 0
101304 5626.0    0_1_2_3_4_5_6_7_8_9_10_11_12_13_14_15_16_17_18_19_20_21_23_24_25_26_28_29_31_32_33_35_37_38_40_41_44_45_47_48_49_51_52_53_55_57_58_59_62_63_66_67_69_70_71_73_74_75_78_79_81_82_83_85_88_89_91_93_94_95_97_98_99_102_103_106_107_110_111_113_116_117_119_120_121_123_124_125_128_129_131_132_136_137_140_141_144_145_146_148_151_152_154_157_158_161_162_167_168_172_173_175_176_178_181_182_184_185_190_191_197_198_199_200_202_203_206_209_212_214_218_220_224_228_229_231_233_235_238_241_243_244_245_247_248_251_255_256_258_259_262_264_265_268_271_272_282  6.61e+09  5.53e+09 -108904.49  54131.75  14889.47    693.99     83.02    153.57     39.33  -3072.48      0.00 0
101305 5626.0    148_181_182_190_200_205_213_226_227_230_237_246_249_252_257_260_266_269_273_276_280_283_285_288_290_292_296  8.32e+09  7.00e+09 -16389.40 -35518.74  11349.93    685.20     73.82    245.23  -2626.03 -11267.72      0.00 0
101306 5626.0    110_120_128_136_140_145_148_151_157_161_167_172_181_182_184_190_196_198_200_205_206_211_213_214_219_226_227_230_231_237_238_246_249_250_252_253_258_260_261_267_270_274_275_277_281_284_287_289_291_295  9.12e+10  7.99e+10 -33214.59  38903.03  11969.63    743.46     76.83    130.49   2182.62 -10277.78      0.00 0
101307 5626.0    50_60_71_72_75_76_84_86_95_96_99_100_107_108_112_114_121_122_125_126_130_133_134_137_138_142_143_146_147_152_153_154_155_162_163_164_165_169_170_173_174_176_177_178_179_185_186_187_188_192_193_194_199_202_203_207_208_209_210_212_215_216_218_221_222_224_228_229_232_233_235_236_239_240_241_243_244_245_247_248_251_255_256_259_262_264_265_268_271_272_279_282  2.04e+09  1.67e+09 -22430.57 140038.70  15106.51    689.06     83.92     99.10   5847.08   2150.65      0.00 0
101308 5626.0    161_167_172_175_184_190_196_198_200_205_211_213_217_219_223_226_227_230_234_237_242_246_249_250_252_253_254_257_260_261_263_266_267_269_270_273_274_275_276_277_278_280_281_283_284_285_286_287_288_289_290_291_293_294_295_296_297_298  2.14e+09  1.74e+09 -58169.18  48878.98  13794.02    677.23     79.71    139.96    813.90 -10895.96      0.00 0
101309 5626.0    223_234_237_242_249_252_254_257_260_261_263_266_269_273_275_276_277_278_280_281_283_285_286_287_288_289_290_291_292_293_294_295_296_297_298  4.47e+09  3.70e+09  92523.27 -60591.67  14619.42    706.67     82.47    326.78  -3898.66 -10633.92      0.00 0
101310 5626.0    20_24_32_37_40_48_52_58_62_66_69_70_74_78_82_85_88_94_102_106_110_116_120_128_136_140_148_151_157_161_167_172_181_190_196_198_200_205_211_213_219_226_230_234_237_242_246_249_252_257_260_261_263_266_269_273_275_276_280_283_285_286_287_288_290_292_293_294_296_297_298  5.13e+09  4.28e+09   3650.84 -56455.97  12645.77    695.44     77.40    273.70  -1739.21 -10130.51      0.00 0
101311 5626.0    5_8_9_13_21_28_29_35_41_45_53_55_63_67_79_83_89_103_107_111_137_141_162  8.51e+10  7.51e+10  12198.47 -13062.97   8032.44    776.85     65.80    313.04   1542.99  -2679.23      0.00 0
101312 5626.0    0_1_2_3_4_5_6_7_8_9_10_11_12_13_14_15_16_17_18_20_21_22_24_25_26_28_29_30_32_33_34_35_36_38_40_41_42_44_45_46_48_49_50_52_53_54_55_58_59_60_62_63_64_66_67_68_71_72_75_76_78_79_82_83_84_86_88_89_90_91_94_95_96_99_100_102_103_106_107_108_110_111_112_114_116_117_120_121_122_125_126_128_129_133_134_136_137_138_140_141_142_143_146_147_148_151_152_153_154_155_157_158_161_163_164_165_167_168_170_172_174_177_179_181_182_184_186_188_190_191_194_196_198_200_205_206_210_211_213_216_217_219_223_226_227_230_234_237_242_246_249_252_254_257_260_263_266_269_273_278_280_283_285_290_292  5.75e+09  4.77e+09  65790.65  84877.96  14672.45    690.49     82.22     52.22  -3681.46  -8059.70      0.00 0
101313 5626.0    0_1_2_3_5_6_7_8_9_11_13_14_15_16_19_20_23_24_27_28_29_31_32_35_37_39_40_43_44_45_47_48_51_52_55_57_58_61_62_65_66_67_69_70_73_74_77_78_79_81_82_85_87_88_91_93_94_97_98_101_102_103_105_106_109_110_113_116_117_119_123_127_128_131_135_139_144_148_150_158_160_166_171_182_195  1.15e+09  9.29e+08 -22003.39  49935.58  12718.55    665.86     76.88    113.78  -3222.53   3106.63      0.00 0
101314 5626.0    257_263_273_278_283_285_292  1.20e+10  1.03e+10  -5324.14 -18218.93   8324.14    759.41     66.32    253.71  -3943.34 -11130.90      0.00 0
101315 5626.0    121_129_137_141_146_152_154_158_162_164_168_173_176_178_181_182_185_187_191_193_197_199_200_202_203_205_206_208_209_212_214_215_218_220_221_222_224_226_227_228_229_230_231_232_233_235_236_238_239_241_243_244_245_246_247_248_249_250_251_252_253_255_256_257_258_259_260_261_262_264_265_266_267_268_269_270_271_272_273_274_275_276_277_279_280_281_283_284_285_286_287_288_289_290_291_292_293_294_295_296_297_298  1.86e+10  1.58e+10  61767.62  60381.81  13928.34    714.97     80.84     44.35   2705.78  -7236.54      0.00 0
101316 5626.0    145_151_161_172_175_184_196_198_211_213_217_219_223_230_234_237_242_249_252_254_257_260_263_266_269_273_275_276_280_283_286_288_290_293_294_296_297  3.89e+10  3.37e+10 -15196.24  32993.46  10753.01    736.29     73.51    114.73  -2745.50  -8084.69      0.00 0
101317 5626.0    0_1_2_3_4_5_6_7_8_9_10_11_12_13_14_15_16_17_18_19_20_21_22_23_24_25_26_27_28_29_30_31_32_33_34_35_36_37_38_39_40_41_42_43_44_45_46_47_48_49_50_51_52_53_54_55_56_57_58_59_60_61_62_63_64_65_66_67_68_69_70_73_74_77_78_79_80_81_82_83_84_85_87_88_89_90_91_92_93_94_97_98_101_102_103_104_105_106_109_110_111_112_113_115_116_117_118_119_120_123_124_127_128_129_130_131_132_135_136_139_140_144_145_148_149_150_151_156_157_158_159_160_161_166_167_168_169_171_172_180_181_182_183_184_189_190_191_192_195_196_198_200_201_204_205_206_207_211_213_214_219_223_225_226_227_230_231_234_237_242_246_249_250_252_253_254_257_260_261_263_266_267_269_273_275_276_277_278_280_281_283_285_286_287_288_289_290_292_293_294_295_296_297_298  2.09e+10  1.78e+10   -609.04 112564.63  14559.87    720.19     82.63     90.31  -1295.07  -5046.41      0.00 0
101318 5626.0    120_136_140_145_151_161_167_172_175_184_190_196_198_205_211_213_217_219_223_226_230_234_237_242_246_249_252_254_257_260_261_263_266_269_273_275_276_277_280_286_287_288_289_293_294_295_298  1.66e+09  1.36e+09 -31856.31  42136.88  12584.38    667.98     76.60    127.09  -3210.35  -6415.47      0.00 0
101319 5626.0    52_58_62_66_70_74_82_85_88_94_98_102_106_110_113_120_124_132  2.29e+09  1.89e+09  14667.70 -16063.19   9269.22    677.39     66.92    312.40  -2829.91  -1612.61      0.00 0
101320 5626.0    4_6_7_10_12_14_15_18_19_22_26_27_30_31_34_36_38_39_42_43_46_50_51_54_56_57_60_61_64_65_68_71_72_76_77_80_81_84_86_87_90_92_93_96_100_101_104_105_109_115_119_127_135_139_144_150_160_166_171  1.32e+10  1.12e+10  38165.19 -18862.41  11542.61    703.97     74.83    333.70  -2774.40   3481.31      0.00 0
101321 5626.0    227_231_246_250_260_261_267_275_276_277_286_287_288_293_294_297  1.05e+10  8.94e+09  -7766.90 -19389.18   8917.66    711.84     66.88    248.17     19.11 -10337.42      0.00 0
101322 5626.0    0_1_2_3_4_5_6_7_8_9_10_11_12_13_14_15_16_17_18_20_21_22_23_24_25_26_28_29_30_32_33_34_35_36_38_40_41_42_44_45_46_48_49_50_52_53_54_55_58_59_60_62_63_64_66_67_68_71_72_74_75_76_78_79_82_83_84_86_88_89_90_91_94_95_96_99_100_102_103_106_107_108_110_112_114_116_117_120_122_126_128_134_136_138_140_147_148_151_153_155_157_161_163_165_167_172_177_179_184_186_188_190_196_198_210_211_213_217_219_223_234_242_254_263  3.63e+09  3.00e+09 -42794.67 -46181.70  12992.83    700.54     78.34    227.18    156.10  -1644.81      0.00 0
101323 5626.0    116_128_136_140_145_148_151_157_158_161_167_172_175_181_182_184_190_191_196_197_198_200_205_206_211_213_214_217_219_220_223_226_227_230_231_234_235_237_238_242_243_246_249_250_252_253_254_255_257_258_259_260_261_264_266_267_270_271_274_275_277_279_281_284_289_291  1.23e+09  9.86e+08  65698.73 -33648.68  13934.02    645.23     79.31    332.88     54.42  -7517.15      0.00 0
101324 5626.0    14_19_27_30_31_36_39_42_43_46_47_51_56_57_61_64_65_68_69_73_77_80_81_87_90_92_93_97_101_104_105_108_109_112_113_115_118_119_122_123_127_130_131_135_138_139_142_144_149_150_153_156_159_160_163_166_169_171_174_177_180_183_186_189_192_207  1.51e+10  1.29e+10 -60181.44 -24682.21  12914.91    729.43     78.77    202.30   1237.61   4441.55      0.00 0
101325 5626.0    2_5_8_9_11_13_16_20_21_23_24_28_29_32_35_37_40_41_44_45_47_48_52_55_57_58_62_63_66_67_69_70_73_74_78_79_82_85_88_89_91_93_94_97_98_102_103_106_107_110_111_113_116_117_120_123_124_128_129_131_132_136_137_140_141_144_145_148_151_157_158_161_162_167_168_172_173_175_181_182_184_185_190_191_196_197_198_199_200_205_206_211_212_213_214_217_218_219_220_224_226_227_230_231_233_235_238_241_243_244_246_249_250_251_253_255_256_258_259_261_264_267_268_270_271_272_274_277_279_281_282_284_291  3.02e+10  2.60e+10 -90442.81  75354.11  14579.43    729.54     82.94    140.20   5926.34  -9837.46      0.00 0
101326 5626.0    0_1_2_3_4_5_6_7_8_10_11_12_13_14_15_16_18_19_20_22_23_24_27_28_30_31_32_34_36_37_39_40_42_43_46_47_48_51_52_54_56_57_58_60_61_62_64_65_68_69_70_73_74_77_80_81_82_84_85_87_88_90_92_93_94_97_98_101_104_105_106_108_109_112_113_115_118_119_120_123_124_127_130_131_132_136_138_142_145_149_151_153_156_159_161_163_169_174_175_183_184_186_192_207_217  1.62e+10  1.39e+10  46477.87  49719.50  13254.27    701.82     78.98     46.93   -699.78   1989.49      0.00 0
101327 5626.0    100_114_133_134_143_154_164_170_178_187_193_202_209_215_229_232_245_247  2.88e+10  2.50e+10 -16002.67  18415.46   9340.72    731.67     69.05    130.99   5932.09  -1732.28      0.00 0
101328 5626.0    110_128_136_140_161_167_172_190_196_211_213_219_234_237_242_252_257_263_269_273_283  1.17e+10  9.98e+09   3651.03  23831.77   9472.81    702.56     68.55     81.29  -2740.26  -6780.28      0.00 0
101329 5626.0    0_2_3_4_5_8_9_10_12_13_17_18_20_21_22_25_26_28_29_33_34_35_38_40_41_44_45_49_50_52_53_54_55_59_60_62_63_64_66_67_71_72_75_76_78_79_83_84_86_88_89_91_95_96_99_100_102_103_106_107_108_110_111_114_116_117_121_122_125_126_128_129_133_134_136_137_138_140_141_143_146_147_148_152_153_154_155_157_158_161_162_163_164_165_167_168_170_172_173_176_177_178_179_181_182_185_186_187_188_190_191_193_194_196_197_198_199_200_202_203_205_206_208_209_210_211_212_213_214_215_216_218_219_220_221_222_223_224_226_227_228_229_230_231_232_233_234_235_236_237_238_239_240_241_242_243_244_245_246_247_248_249_250_251_252_253_254_255_256_257_258_259_260_261_262_263_264_265_266_267_268_269_270_271_272_273_274_275_276_277_278_279_280_281_282_283_284_285_286_287_288_289_290_291_292_293_294_295_296_297_298  1.00e+10  8.36e+09 191771.86 228382.84  11560.71    749.20     87.78     49.98   6296.84  -1971.94      0.00 0
101330 5626.0    246_250_253_258_260_261_264_266_267_269_270_271_273_274_275_276_277_278_279_280_281_283_284_285_286_287_288_289_290_291_292_293_294_295_296_297_298  5.89e+10  5.12e+10  55385.76   5206.24  12007.29    787.43     77.82      5.37    584.40 -10989.02      0.00 0
101331 5626.0    0_1_2_3_4_5_6_7_8_9_10_11_12_13_14_15_16_17_18_19_20_21_22_23_24_25_26_27_28_29_30_31_32_33_34_35_36_37_38_39_40_41_42_43_44_45_46_47_48_49_50_51_52_53_54_55_56_57_58_59_60_61_62_63_64_65_66_67_68_69_70_71_72_73_74_75_76_77_78_79_80_81_82_83_84_85_86_87_88_89_90_91_92_93_94_95_96_97_98_99_100_101_102_103_104_105_106_107_108_109_110_111_112_113_114_115_116_117_118_119_120_121_122_123_124_125_126_127_128_129_130_131_132_133_134_135_136_137_138_139_140_141_142_143_144_145_146_147_148_149_150_151_152_153_154_155_156_157_158_159_160_161_162_163_164_165_166_167_168_169_170_171_172_173_174_175_176_177_178_179_180_181_182_183_184_185_186_187_188_189_190_191_192_193_194_195_196_197_198_199_200_201_202_203_204_205_206_207_208_209_210_211_212_213_214_215_216_217_218_219_220_221_222_223_224_225_226_227_228_229_230_231_232_233_234_235_236_237_238_239_240_241_242_243_244_245_246_247_248_249_250_251_252_253_254_255_256_257_258_259_260_261_262_263_264_265_266_267_268_269_270_271_272_273_274_275_276_277_278_279_280_281_282_283_284_285_286_287_288_289_290_291_292_293_294_295_296_297_298  1.78e+09  1.44e+09 -93089.27 -297959.12  11446.47    691.57     87.90    252.65    753.29  -6976.02      0.00 0
101332 5626.0    129_141_168_173_191_197_212_214_220_224_235_238_243_244_255_258_259_264_271_274_279  3.24e+09  2.68e+09 -21135.48  28888.55  10718.49    733.04     73.33    126.19   5114.33  -9269.01      0.00 0
101333 5626.0    0_1_2_3_4_5_6_7_10_11_12_14_15_17_18_19_23_24_27_30_31_36_37_39_43_47_51_57_61_65_69_73_81_87_93_97_105_109_119_123_135_144_150_160  6.31e+10  5.52e+10  26361.27 -17355.66   9927.12    790.80     72.54    326.64  -3624.42   2717.46      0.00 0
101334 5626.0    40_44_52_55_58_62_66_74_78_82_88_91_94_98_102_103_106_110_116_117_120_124_128_129_132_136_140_148_157_158_168_181_182_191_197_206_214_220_238  3.80e+09  3.16e+09  25133.82 -21779.28  10741.80    685.98     72.10    319.09   -488.99  -4070.71      0.00 0
101335 5626.0    0_1_2_3_4_5_6_7_8_9_10_11_12_13_14_15_16_17_18_19_20_21_22_23_24_25_26_27_28_29_30_31_32_33_34_35_36_37_38_39_40_41_42_43_44_45_46_47_48_49_50_51_52_53_54_55_56_58_60_62_64_65_66_67_68_70_72_74_76_77_78_79_80_82_84_88_90_91_92_94_96_102_104_106_108_110_112_116_118_120_122_128_130_136_138_140_142_151_153_157_159_161_163_167_169_172_174_190_192_196_198_211_219_223_234_242_254  3.63e+09  3.01e+09 -24229.51 -44440.07  12366.96    676.62     76.27    241.40     78.79     58.72      0.00 0
101336 5626.0    11_16_20_23_24_28_31_32_37_40_44_47_48_52_57_58_62_66_69_70_73_74_78_81_82_85_88_91_93_94_97_98_102_105_106_110_113_116_117_119_120_123_124_128_131_132_135_136_140_144_145_148_150_151_157_160_161_167_172_175_181_182_184_190_196_198_200_205_206_211_213_217_219_223_226_227_230_231_234_237_242_246_249_250_252_253_257_260_261_263_266_267_269_273_275_276_277_280_281_283_286_287_288_289_290_291_293_294_295_296_297_298  7.24e+10  6.28e+10 -28230.78  74279.00  13497.20    741.55     80.36    110.81  -2529.66  -4226.88      0.00 0
101337 5626.0    231_246_250_253_260_261_267_275_277_286_287_293_294  1.48e+09  1.22e+09   8802.22  18876.42   9112.44    678.46     66.37     65.00    685.21  -9933.50      0.00 0
101338 5626.0    77_87_92_101_104_109_112_115_118_127_130_142_149_159_169_174  4.57e+10  4.02e+10  19514.65   6525.72   8514.80    774.30     67.52     18.49    492.32   4117.11      0.00 0
101339 5626.0    13_20_21_28_29_33_35_40_41_44_45_52_53_55_59_62_63_66_67_75_78_79_82_83_88_89_91_94_95_99_102_103_106_107_110_111_116_117_120_121_124_125_128_129_133_136_137_140_141_145_146_148_151_152_154_157_158_161_162_164_167_168_172_173_175_176_178_181_182_184_185_187_190_191_193_196_197_198_199_200_202_203_205_206_209_211_212_213_214_215_217_218_219_220_221_223_224_226_227_228_229_230_231_232_233_234_235_237_238_239_241_242_243_244_245_246_247_248_249_250_251_252_253_254_255_256_257_258_259_260_261_262_263_264_265_266_267_268_269_270_271_272_273_274_275_276_277_278_279_280_281_282_283_284_285_286_287_288_289_290_291_292_293_294_295_296_297_298  1.00e+10  8.40e+09 275010.28  27983.02  12746.03    701.31     87.36      5.81   4727.79  -6601.23      0.00 0
101340 5626.0    0_1_2_3_5_6_7_8_9_11_13_15_16_17_19_20_21_23_24_28_29_31_32_33_35_37_40_41_44_45_47_48_51_52_53_55_57_58_61_62_63_66_67_69_70_73_74_78_79_81_82_83_85_88_89_91_93_94_97_98_102_103_105_106_107_110_111_113_116_117_119_123_128_129_131_137_141_144_148_150_157_158_162_168_173_181_182_185_191_197_199_206_212_214_218_220_224_231_235_238_241_243_244_253_255_256_258_259_264_270_271_272_274_279_284  4.07e+09  3.39e+09 -41687.72  50571.25  13191.11    692.05     78.62    129.50   3345.75  -6695.10      0.00 0
101341 5626.0    51_57_61_69_73_81_87_93_97_101_105_109_119_127_135_139_156_160_166_171_189_195_204  1.95e+09  1.60e+09  -4373.55 -26943.53  10243.65    651.82     69.43    260.78  -2143.73   4405.86      0.00 0
101342 5626.0    10_18_22_26_30_34_36_38_42_43_46_50_54_56_60_64_65_68_71_72_76_77_80_84_86_87_90_92_96_99_100_101_104_108_109_112_114_115_118_122_126_127_130_133_134_138_139_143_147_149_154_155_156_164_165_166_170_171_187_189_193_195_208_215_221  6.61e+10  5.79e+10  31368.52 -22474.23  10846.75    757.98     74.30    324.38   2040.10   2142.56      0.00 0
101343 5626.0    0_2_3_4_5_8_9_12_13_16_17_20_21_25_26_28_29_32_33_35_38_40_41_44_45_49_50_52_53_55_58_59_62_63_66_67_71_72_75_78_79_82_83_86_88_89_91_94_99_102_106_110_114_120_136_140_145_151_161_175_184  3.98e+09  3.32e+09  30788.58  14422.42  10739.47    699.04     72.47     25.10   -838.33  -2057.31      0.00 0
101344 5626.0    234_242_254_257_263_269_273_278_280_283_285_290_292_296  1.17e+09  9.72e+08  -5250.65  29240.42  10339.65    684.01     70.81    100.18  -3281.05 -10982.07      0.00 0
101345 5626.0    17_21_25_26_29_33_38_41_45_49_50_53_55_59_60_63_67_71_72_75_76_79_83_86_89_91_95_96_99_100_103_107_111_114_116_117_121_122_125_126_129_133_134_137_141_147_148_157_158_168_173_181_182_190_191_197_200_205_206_213_214_226_227_230_231_246_249_250_252_260_261_266_269_275_276_280_286_288_290_296  8.32e+09  7.08e+09  18349.50  41960.41  11784.28    708.50     75.57     66.38   1027.02  -4651.82      0.00 0
101346 5626.0    0_1_2_3_4_5_6_7_8_9_10_11_12_13_14_15_16_17_18_19_20_21_22_23_24_26_27_28_29_30_31_32_34_35_36_37_39_40_42_43_44_45_46_47_48_51_52_54_55_56_58_61_62_64_65_66_68_70_74_77_78_79_80_82_88_90_91_92_94_102_104_106_110_112_116_118_120_128_130_136_140_157_161_167_172_190_196_198_211_219_234_242  2.63e+10  2.27e+10 -14299.22 -35214.74  10855.32    747.08     74.06    247.90   -975.03  -1255.28      0.00 0
101347 5626.0    141_168_173_191_197_212_214_220_235_238_243_255_258_264_270_271_274_279_284  2.00e+09  1.65e+09  12368.23 -30459.29  10770.50    675.06     71.86    292.10   4011.97  -9077.71      0.00 0
101348 5626.0    96_108_112_122_126_130_134_138_142_147_153_155_159_163_165_169_170_174_177_179_186_188_194_208  2.04e+09  1.68e+09 -19938.92  17442.91   9836.43    697.96     69.63    138.82   3938.10   2883.46      0.00 0
101349 5626.0    253_258_267_270_274_279_284  1.41e+10  1.21e+10 -17348.88  11790.29   8843.38    727.00     67.14    145.80   4129.80 -10456.27      0.00 0
101350 5626.0    0_1_2_3_4_5_6_7_8_9_10_11_12_13_14_15_16_17_18_19_20_21_22_23_24_25_26_27_28_29_30_31_32_33_34_35_36_37_38_39_40_41_42_43_44_45_46_47_48_49_50_51_52_53_54_55_56_57_58_59_60_61_62_64_66_68_69_70_71_72_73_74_75_76_78_81_82_83_84_85_86_88_90_93_94_96_97_98_99_100_106_108_113_114_120_122_124_126_131_132_134_143_145_147_151_155_165_170_175_179_188_194_210_216_222_240  9.12e+10  7.94e+10 -56878.08 -14476.90  12282.69    773.07     78.18    194.28  -3751.78   -894.43      0.00 0
101351 5626.0    198_211_217_219_223_234_237_242_252_254_257_263_266_269_273_280  6.92e+10  6.09e+10 -16180.21  18864.44   9139.16    779.12     69.81    130.62  -4062.04  -7185.61      0.00 0
101352 5626.0    0_1_2_3_4_5_6_7_8_9_10_11_12_13_14_15_16_17_18_19_20_22_23_24_25_26_27_28_30_31_32_34_35_36_37_39_40_42_43_44_46_47_48_50_51_52_54_56_57_58_60_61_62_64_65_66_68_69_70_73_74_76_77_80_81_82_84_85_87_88_90_92_93_94_96_97_98_101_104_105_106_108_109_110_112_113_115_118_119_120_122_123_124_127_130_131_132_135_136_138_139_142_144_145_149_150_151_153_156_159_160_161_163_166_169_171_174_175_177_180_183_184_186_189_192_195_198_201_204_207_217_223_225  7.76e+09  6.50e+09 -99999.87 -99547.10  14805.45    729.69     84.01    224.87   -491.00   3590.03      0.00 0
101353 5626.0    250_260_261_267_275_276_277_286_287_288_294_296  1.82e+09  1.51e+09 -12913.11 -14082.31   8836.56    675.58     65.18    227.48   -145.11 -10469.56      0.00 0
101354 5626.0    0_1_2_4_5_6_7_8_10_11_14_15_16_19_20_23_24_27_28_30_31_32_36_37_39_40_42_43_46_47_48_51_52_56_57_58_61_62_65_66_68_69_70_73_74_77_80_81_82_85_87_88_92_94_101_104_105_106_109_110_115_118_127_130_149_156_159_180_183_192_201_207  1.02e+10  8.65e+09 -10513.46 -36093.48  11100.03    700.89     73.55    253.76   -547.93   2773.07      0.00 0
101355 5626.0    206_214_220_226_227_231_235_238_243_244_246_249_250_252_253_255_258_260_261_264_266_267  2.34e+09  1.94e+09 -24645.51  -5445.73   9891.44    662.27     68.60    192.46   1557.76  -8111.25      0.00 0
101356 5626.0    0_1_2_3_4_5_6_7_8_9_10_11_12_13_14_15_16_17_18_19_20_21_22_23_24_25_26_27_28_29_30_31_32_33_34_35_36_37_38_39_40_41_42_43_44_45_46_47_48_49_50_51_52_53_54_55_56_57_58_59_60_62_63_64_65_66_67_68_69_70_71_72_73_74_75_76_77_78_79_80_82_83_84_85_86_88_89_90_91_94_95_96_98_99_100_102_103_104_106_107_108_110_111_112_114_116_117_120_121_122_124_125_126_128_129_130_133_134_136_137_138_140_142_143_145_147_148_151_153_155_157_158_161_163_164_165_167_170_172_174_175_177_179_181_182_184_186_188_190_194_196_198_205_210_211_213_216_217_219_223_230_234_237_240_242_254_257_263_273_278_285  3.31e+10  2.84e+10  75225.17  75435.52  14082.13    773.97     82.47     45.08   -884.61  -2575.50      0.00 0
101357 5626.0    199_202_203_209_218_224_228_229_232_233_235_241_244  1.70e+09  1.40e+09 -12500.20 -17306.47   9460.46    638.38     66.10    234.16   5505.41  -5118.34      0.00 0
101358 5626.0    0_1_2_3_5_6_7_8_9_11_13_15_16_19_20_23_24_27_28_29_31_32_35_37_39_40_41_43_44_45_47_48_51_52_55_57_58_61_62_65_66_67_69_70_73_74_78_79_81_82_85_87_88_89_91_93_94_97_98_102_103_105_106_109_110_113_116_117_119_120_123_124_128_129_131_132_135_136_139_140_144_145_148_150_151_157_158_160_161_166_167_168_171_172_175_181_182_184_190_191_195_196_197_198_200_205_206_211_213_214_217_219_220_223_226_227_230_231_234_237_238_242_243_246_249_250_252_253_254_257_258_260_261_263_264_266_267_269_270_273_274_275_276_277_278_280_281_283_284_285_286_287_288_289_290_291_292_293_294_295_296_297_298  1.26e+10  1.06e+10  59615.45 -139698.89  14946.22    714.07     84.38    293.11   -595.11  -8485.36      0.00 0
101359 5626.0    226_227_230_231_237_246_249_250_252_253_257_258_260_261_263_264_266_267_269_270_271_273_274_275_276_277_278_279_280_281_283_284_285_286_287_288_289_291  1.10e+09  8.94e+08 -38451.46   1840.23  11315.23    681.41     73.62    177.26    393.98  -9555.98      0.00 0
101360 5626.0    134_143_147_155_165_170_177_179_186_188_210  5.50e+10  4.81e+10   1040.52  21583.81   8717.39    767.58     68.03     87.24   5453.27   3061.95      0.00 0
101361 5626.0    121_125_133_134_137_143_146_152_154_155_162_164_165_170_173_176_178_179_185_187_188_193_194_197_199_202_203_208_209_210_212_214_215_216_218_220_221_222_224_228_229_232_233_235_236_238_240_241_243_244_248_251_253_255_256_258_259_264_267_270_271_274_279_281_284_289_291  1.62e+09  1.33e+09 -15031.27 -53908.59  12817.68    664.89     77.10    254.42   4774.50  -5130.24      0.00 0
101362 5626.0    40_44_45_55_62_66_67_78_79_82_88_89_91_94_102_103_106_110_111_116_117_120_124_128_129_136_137_140_141_145_148_151_157_158_161_162_167_172_175_184  3.47e+09  2.88e+09 -39037.82   3236.93  11136.20    719.30     74.13    175.26  -3208.47  -3343.50      0.00 0
101363 5626.0    71_72_75_76_86_95_96_99_100_107_108_114_121_122_125_126_133_134_137_138_143_146_147_152_153_154_155_162  2.88e+09  2.39e+09   -524.59  26362.12   9685.62    719.91     69.83     91.14   3699.20    -81.21      0.00 0
101364 5626.0    1_2_7_8_11_15_16_19_20_23_24_27_28_31_32_37_39_40_43_44_47_48_51_52_57_58_61_62_65_66_69_70_73_74_77_78_81_82_85_87_88_93_94_97_98_101_102_105_106_109_110_113_116_119_120_123_127_128_131_135_136_139_140_144_150_156_157_160_166_167_171_189_195  2.34e+09  1.93e+09   8753.25 -48942.54  12304.24    676.13     76.10    280.14  -2791.86   3229.59      0.00 0
101365 5626.0    173_191_197_199_200_203_206_212_214_218_220_224_226_227_228_230_231_233_235_238_241_243_244_245_246_248_249_250_251_252_253_255_256_258_259_260_261_262_264_265_266_268_272_282  4.90e+10  4.26e+10 -35848.70 -13232.39  10892.44    744.18     74.09    200.26   4097.33  -6698.45      0.00 0
101366 5626.0    0_1_2_3_5_8_9_11_13_15_16_17_20_21_23_24_25_28_29_31_32_33_35_37_40_41_44_45_47_48_49_52_53_55_58_59_62_63_66_67_69_70_73_74_75_78_79_82_83_85_88_89_91_94_95_97_98_102_103_106_107_110_111_113_116_117_120_121_123_124_125_128_129_131_132_136_137_140_141_145_146_148_151_152_154_157_158_161_162_167_168_172_173_175_176_178_181_182_184_185_190_191_196_197_198_199_200_202_203_205_206_209_211_212_213_214_217_218_219_220_223_224_226_227_228_229_230_231_233_234_235_237_238_241_242_243_244_245_246_247_248_249_250_251_252_253_254_255_256_257_258_259_260_261_262_264_265_267_268_270_271_272_274_279_281_282_284  1.15e+10  9.60e+09 -171306.81  67168.90  14901.62    698.48     85.37    158.59   4500.72  -6563.95      0.00 0
101367 5626.0    250_253_258_260_261_264_266_267_270_271_274_275_276_277_279_280_281_283_284_285_286_287_288_289_290_291_292_293_294_295_296_297_298  1.66e+10  1.42e+10 -45217.43 -12361.61  11783.31    722.10     75.89    195.29    278.19 -11036.51      0.00 0
101368 5626.0    20_28_32_35_40_44_45_48_52_55_58_62_66_67_70_74_78_79_82_85_88_89_91_94_98_102_103_106_110_111_113_116_117_120_124_129_132_141_158_162_168_173  4.27e+10  3.69e+10 -25243.26  16255.70   9993.64    746.92     71.59    147.22   -674.58  -2763.66      0.00 0
101369 5626.0    4_10_12_18_22_25_26_30_34_38_42_50_54_60_64_68_72_76_84_90_96_108_112_122_126_138_142_147_153_163_174_177_186  3.63e+09  3.04e+09 -21275.91 -30646.24  11278.04    669.48     73.18    235.23   4200.91   4734.36      0.00 0
101370 5626.0    95_99_100_107_114_121_125_126_133_134_137_141_143_146_147_152_154_155_162_164_165_168_170_173_176_177_178_179_185_187_188_193_194_197_199_202_203_208_209_210_212_214_215_216_218_220_221_222_224_240  4.90e+09  4.08e+09  20318.30  47658.64  12428.69    680.13     76.51     66.91   6149.89   1480.84      0.00 0
101371 5626.0    212_220_224_231_235_238_241_243_244_250_253_255_258_267_270  3.63e+10  3.16e+10 -14814.51 -12190.44   8365.91    758.29     66.44    219.45   3160.26  -7657.83      0.00 0
101372 5626.0    202_203_209_215_218_224_228_229_232_233_235_239_241_243_244_245_247_248_251_255_256_258_259_262_264_265_268_270_271_272_274_279_281_282_284_291  2.63e+10  2.26e+10  28035.34  49592.69  12514.93    718.96     77.61     60.52   6310.31  -7099.35      0.00 0
101373 5626.0    21_33_41_45_53_59_63_67_79_83_89_91_103_111_116_117_129_148_158_181_182_200  4.68e+09  3.95e+09  -6253.74 -21400.00   9408.63    669.02     67.12    253.71    839.16  -4065.87      0.00 0
101374 5626.0    80_90_92_101_104_108_109_112_115_118_122_127_130_138_139_142_147_149_153_156_159_160_163_166_169_171_180_189_195  1.26e+10  1.08e+10 -31868.43   9676.29  10449.94    733.61     72.58    163.11   -766.91   4563.39      0.00 0
101375 5626.0    0_1_2_3_4_5_6_7_8_9_10_11_12_13_14_15_16_17_18_19_20_21_22_23_24_25_26_27_28_29_30_31_32_33_34_35_36_37_38_39_40_42_43_44_46_47_48_49_50_51_52_54_56_57_58_60_61_62_64_65_66_68_69_70_71_72_73_74_76_77_80_81_82_84_85_86_87_88_90_92_93_94_96_97_98_100_101_104_105_106_108_109_112_113_115_118_119_120_122_123_124_126_127_130_131_132_134_135_136_138_139_142_144_145_147_149_150_151_153_155_156_159_160_163_166_169_171_174_175_177_179_180_183_184_186_188_189_192_195_201_204_207_210_225  2.00e+09  1.60e+09 138979.17  82257.57  15152.29    685.26     84.64     30.62   1221.72   3721.31      0.00 0
101376 5626.0    0_1_2_3_4_5_6_7_8_9_10_11_12_13_14_15_16_17_18_19_20_21_22_23_24_25_26_27_28_29_30_31_32_33_34_35_36_37_38_39_40_41_42_43_44_45_46_47_48_49_50_51_52_53_54_55_56_57_58_59_60_61_62_63_64_65_66_67_68_69_70_71_72_73_74_75_76_77_78_79_80_81_82_83_84_85_86_87_88_89_90_91_92_93_94_95_96_97_98_99_100_101_102_103_104_105_106_107_108_109_110_111_112_113_114_115_116_117_118_119_120_121_122_123_124_125_126_127_128_129_130_131_132_133_134_135_137_138_139_141_142_143_144_146_147_148_149_150_152_153_154_155_156_158_159_160_162_163_164_165_166_168_169_170_171_173_176_178_180_182_183_185_187_188_189_191_192_193_194_195_197_199_201_202_203_204_206_208_209_212_214_215_218_220_221_224_225_228_229_232_233_235_236_238_239_241_243_244_245_247_248_251_255_256_258_259_262_264_265_268_271_272_279_282  4.90e+09  4.02e+09 147706.72 -136109.06  14961.40    663.86     85.74    317.34   -108.33    875.20      0.00 0
101377 5626.0    40_44_52_58_62_66_78_82_88_91_102_106_110_116_128_140_148_157_167_181_182_190_200_205_213_226_227_230_246_249_260  1.17e+10  1.00e+10   6159.32 -27397.94  10076.85    693.12     70.26    282.67   -833.00  -5348.38      0.00 0
101378 5626.0    55_62_66_78_79_88_91_94_102_103_106_110_111_116_117_120_124_128_129_136_137_140_141_145_148_151_157_158_161_162_167_168_172_173_175_181_182_184_185_190_191_196_197_198_199_200_203_206_212_214_217_218_220_224_233_235_238_241_243_244_248_251_255_256_259_265_268_272_282  1.66e+09  1.35e+09 -52245.49  15753.95  12457.89    703.97     77.14    163.22    435.47  -4858.17      0.00 0
101379 5626.0    0_1_3_4_6_7_10_12_14_15_17_18_19_22_25_26_27_30_34_36_38_39_42_43_46_49_50_51_54_56_60_61_65_71_72  1.05e+10  9.04e+09  14980.38  -9061.72   8086.08    754.17     65.21    328.83    485.54    901.17      0.00 0
101380 5626.0    253_255_258_259_261_264_267_270_271_272_274_275_276_277_279_281_284_286_287_288_289_291  9.33e+09  7.91e+09  30665.15  10159.34  10689.86    677.47     71.69     18.33   3261.55  -9694.64      0.00 0
101381 5626.0    32_40_44_48_52_58_62_66_70_74_78_82_85_88_91_94_98_102_106_110_113_124_132  1.20e+09  9.81e+08  17521.51 -12767.54   9314.38    668.49     66.75    323.92  -2306.87  -1815.87      0.00 0
101382 5626.0    0_1_2_3_4_5_6_7_8_9_10_11_12_13_14_15_16_17_18_20_21_22_23_24_25_26_28_29_30_32_33_34_35_37_38_40_41_42_44_45_48_49_50_52_53_54_55_58_59_60_62_63_64_66_67_70_71_72_74_75_76_78_79_82_83_84_86_88_89_91_94_95_96_98_99_100_102_103_106_107_108_110_111_114_116_117_120_121_122_124_125_126_128_129_133_134_136_137_140_141_143_145_146_147_148_151_152_154_155_157_158_161_162_164_165_167_168_170_172_173_175_176_177_178_179_181_182_184_185_187_188_190_191_193_194_196_197_198_199_200_202_203_205_206_208_209_210_211_212_213_214_215_216_217_218_219_220_221_222_223_224_226_227_228_229_230_231_232_233_234_235_236_237_238_239_240_241_242_243_244_245_246_247_248_249_250_251_252_253_254_255_256_257_258_259_260_261_262_263_264_265_266_267_268_269_270_271_272_273_274_275_276_277_278_279_280_281_282_283_284_285_286_287_288_289_290_291_292_293_294_295_296_297_298  1.05e+09  8.40e+08 -276273.12 -152133.70  11564.87    661.46     87.90    208.84   4150.72  -7218.84      0.00 0
101383 5626.0    184_196_198_211_213_217_219_223_230_234_237_242_249_252_254_257_263_266_269_276_280  3.89e+09  3.25e+09 -15126.42  20241.99   9654.53    700.09     69.09    126.77  -3217.91  -7370.16      0.00 0
101384 5626.0    0_1_2_5_7_8_11_13_15_16_19_20_23_24_27_28_31_32_35_37_39_40_44_45_47_48_51_52_55_57_58_61_62_65_66_69_70_73_74_78_79_81_82_85_87_88_91_93_94_97_98_102_103_105_106_109_110_113_116_117_119_120_123_124_127_128_131_132_135_136_139_140_144_145_148_150_151_157_158_160_161_166_167_171_172_175_181_182_184_190_191_195_196_198_200_205_206_211_213_214_217_219_223_226_227_230_231_234_237_242_246_249_250_252_253_254_257_260_261_263_266_267_269_270_273_275_276_277_278_280_281_283_284_285_286_287_288_289_290_291_292_293_294_295_296_297_298  9.12e+09  7.65e+09 -31663.28 104412.66  14558.12    711.24     82.40    106.87  -2394.37  -4293.52      0.00 0
101385 5626.0    176_178_185_187_193_199_202_203_208_209_212_215_218_220_221_222_224_228_229_232_233_235_236_238_239_240_241_243_244_245_247_248_251_253_255_256_258_259_262_264_265_268_270_271_272_274_279_281_284_289_291_295  4.57e+10  3.97e+10  22710.38  45609.78  11734.89    780.08     77.03     63.53   5971.80  -5207.33      0.00 0
101386 5626.0    2_3_5_8_9_13_16_17_20_21_25_28_29_32_33_35_40_41_44_45_48_49_52_53_55_58_59_62_63_66_67_71_74_75_78_79_82_83_88_89_91_94_95_98_99_102_103_106_107_110_111_116_117_120_121_124_125_128_129_132_133_136_137_140_141_145_146_148_151_152_154_157_158_161_162_164_167_168_172_173_175_176_178_181_182_184_185_187_190_191_193_196_197_198_199_202_203_209_211_212_215_217_218_221_223_224_228_229_232_233_239_241_245_247_248_251_262_265  6.92e+09  5.77e+09 101059.94   1622.85  14402.81    708.17     81.89      0.92   6193.76  -3403.98      0.00 0
101387 5626.0    0_1_2_3_4_5_6_7_8_9_10_11_12_13_14_15_16_17_18_19_20_21_22_23_24_25_26_27_28_29_30_31_32_33_34_35_36_37_38_39_40_41_42_43_44_45_46_47_48_49_50_51_52_53_54_55_56_57_58_59_60_61_62_63_64_65_66_67_68_69_70_71_72_73_74_75_76_77_78_79_80_81_82_83_84_85_86_87_88_89_93_94_95_97_98_99_100_101_103_105_107_109_111_113_114_119_121_123_125_131_133_135_137_139_141_144_146_150_152_154_160_162_164_171_176_178_185_187_199_202_203_209_218_228_229_232_233_241_245_247_248_251_262_265  4.17e+10  3.59e+10  67019.00 -41537.36  13406.81    751.76     80.35    328.21  -3878.72   2252.11      0.00 0
101388 5626.0    0_1_2_3_4_5_6_7_10_11_12_14_15_16_18_19_22_23_24_25_26_27_30_31_34_36_37_38_39_42_43_46_47_48_50_51_54_56_57_60_61_64_65_68_69_70_72_73_76_77_80_81_84_85_86_90_93_96_97_100_108_113_122_126_134_147_153_155_165_177_179_188_210_216  6.03e+10  5.24e+10 -34194.25  -6609.54  10594.59    736.86     73.08    190.94   1804.28   1457.31      0.00 0
101389 5626.0    23_24_31_32_37_47_48_51_52_57_58_61_69_70_73_74_81_82_85_93_94_97_98_106_120_124_136_145_151_161_184_198  2.69e+09  2.25e+09   7828.14  25414.21   9736.74    716.45     69.89     72.88  -3025.72  -1747.50      0.00 0
101390 5626.0    121_125_133_137_143_146_152_154_162_164_165_170_173_176_178_185_187_188_193_194_199_202_208_209_210_215_216_221_222_240  1.12e+10  9.49e+09 -15482.54 -29817.88  10806.50    681.84     72.17    242.56   5514.13  -1074.04      0.00 0
101391 5626.0    111_129_137_141_146_152_158_162_168_173_176_178_185_199_202_203_209_218_228_229_232_245_247  6.76e+10  5.89e+10  25301.78   8074.83   9535.67    749.99     70.25     17.70   4813.36  -3888.55      0.00 0
101392 5626.0    0_3_4_5_6_7_9_10_12_13_14_17_18_21_22_25_26_27_29_30_33_34_35_36_38_41_42_43_45_46_49_50_53_54_55_56_59_60_63_64_67_68_71_72_75_76_77_79_80_83_84_86_89_90_91_92_95_96_99_100_103_104_107_108_111_112_114_115_117_118_121_122_125_126_129_130_133_134_137_138_141_142_143_146_147_149_152_153_154_155_158_159_162_163_164_168_169_173_174_176_178_180_182_183_185_191_192_197_199_201_202_203_206_207_212_214_218_220_224_225_231_233_235_238_241_243_244_250_251_253_255_256_258_259_264_267_270_271_272_274_279_281_284_289_291  5.25e+10  4.54e+10 -15535.93  86692.30  13728.94    753.32     81.14    100.16   3938.26  -7947.96      0.00 0
101393 5626.0    116_117_128_129_140_148_157_158_167_172_181_182_190_196_198_211_213_217_219_223_234_254  4.37e+10  3.80e+10 -25510.35  -8948.60   9605.23    748.88     70.44    199.33  -2372.86  -5776.26      0.00 0
101394 5626.0    99_114_121_125_126_133_134_143_146_147_152_154_155_162_164_165_170_176_177_178_179_185_187_188_193_194_199_202_203_208_209_210_212_215_216_218_221_222_224_228_229_232_233_235_241_243_244_245_248_251_255_256_259_264_268_271_272_279  2.75e+09  2.27e+09   1486.90  49516.10  12470.77    650.49     75.87     88.28   5488.52  -3097.05      0.00 0
101395 5626.0    146_152_154_162_164_170_173_176_178_185_187_193_194_197_199_202_203_208_209_212_214_215_218_220_221_222_224_228_229_231_232_233_235_236_238_239_240_241_243_244_245_248_250_251_253_255_256_258_259_261_264_267_270_271_274_275_277_279_281_284_286_287_289_291_293_295_297_298  2.82e+10  2.45e+10  23673.13  47191.82  12111.44    739.15     77.08     63.36   3839.75  -6999.66      0.00 0
101396 5626.0    40_44_52_55_62_66_78_79_82_88_91_94_98_102_103_106_110_116_117_120_124_128_129_136_158_168  9.77e+10  8.64e+10 -19566.60  10899.58   8741.47    786.00     68.68    150.88   -863.38  -3216.29      0.00 0
101397 5626.0    21_29_33_35_41_44_45_49_53_55_59_63_66_67_71_75_78_79_83_86_88_89_91_95_99_100_102_103_107_110_111_114_116_117_121_125_128_129_133_134_136_137_140_141_143_146_148_152_154_155_157_158_161_162_164_165_167_168_170_172_173_176_178_181_182_185_187_188_190_191_193_194_196_197_198_199_200_202_203_205_206_208_209_210_211_212_213_214_215_216_217_218_219_220_221_222_223_224_226_227_228_229_230_231_232_233_234_235_236_237_238_239_240_241_242_245_246_247_249_250_252_254_257_260_263_266_269_273_278_280_283_285_292  9.77e+09  8.19e+09  89160.41  57504.01  14552.16    703.34     82.19     32.82   3057.42  -3527.78      0.00 0
101398 5626.0    0_1_2_3_4_5_6_7_8_9_10_11_12_13_14_15_16_17_18_19_20_21_22_23_24_25_26_27_28_29_30_31_32_33_34_35_36_37_38_39_40_41_42_43_44_45_46_47_48_49_50_51_52_53_54_55_56_57_58_59_60_61_62_63_64_65_66_67_68_69_70_71_72_73_74_75_76_77_78_79_80_81_82_83_84_85_86_87_88_89_90_91_92_93_94_95_96_97_98_99_100_101_102_103_104_105_106_107_108_109_110_111_112_113_114_115_116_117_118_119_120_121_122_123_124_125_126_127_128_130_131_132_133_134_135_136_137_138_139_140_142_143_144_145_146_147_149_150_151_153_154_155_156_157_159_160_161_163_164_165_166_167_169_170_171_172_174_175_177_179_180_183_184_186_187_188_189_192_193_194_195_196_198_201_204_207_208_210_211_216_217_221_222_223_225_234_236_240  1.35e+09  1.07e+09 -247312.70 -132219.14  12734.60    685.52     87.40    208.13  -1184.19   1168.22      0.00 0
101399 5626.0    0_1_2_3_4_5_6_7_8_9_10_11_12_13_14_15_16_17_18_19_20_21_22_23_24_25_26_27_28_29_30_31_32_33_34_35_36_37_38_39_40_41_42_43_44_45_46_47_48_49_50_51_52_53_54_55_56_57_58_59_60_61_62_63_64_65_66_67_68_69_70_71_72_73_74_75_76_77_78_79_80_81_82_83_84_85_86_87_88_89_90_91_92_93_94_95_96_97_98_99_100_101_102_103_104_105_106_107_108_109_110_111_113_114_115_116_117_118_119_120_121_123_124_125_127_128_129_131_132_133_135_136_137_139_140_141_144_145_146_148_149_150_151_152_154_156_157_158_160_161_162_164_166_167_168_171_172_173_175_176_178_180_181_182_184_185_187_189_190_191_195_196_197_198_199_200_202_203_204_205_206_209_211_212_213_214_217_218_219_220_223_224_226_227_228_229_230_231_233_234_235_237_238_241_242_243_244_245_246_248_249_250_251_252_253_255_256_257_258_259_260_261_262_264_265_266_267_268_270_271_272_274_275_276_277_279_281_282_284_286_287_289_291_293_295_298  1.82e+09  1.46e+09 -167252.45 201528.11  13541.82    662.89     87.04    129.69   4033.01  -8126.19      0.00 0
