#event_number primary_type du_ids energy_primary em_energy Xmax_pos(x, y, z), Xmax_grams zenith azimuth shower_core_pos_x shower_core_pos_y shower_core_pos_z, N_tested_cores, units are degrees, GeV and meters
105400 5626.0    31_47_51_57_73_81_93_105_119_123_135_144_150  7.59e+08  6.16e+08 -17600.80  12600.93   9801.08    597.19     65.64    144.40  -3663.68   2456.81      0.00 0
105401 5626.0    181_200_205_206_214_226_227_231_238_246_250_253_258_261_264_267_270_274_279_281_284_291  2.00e+08  1.55e+08 -28004.05  20820.40  11284.49    632.60     72.08    143.37   3030.93  -9546.40      0.00 0
105402 5626.0    16_20_24_28_32_35_37_40_44_47_48_52_55_58_62_66_69_70_73_74_78_79_82_85_88_91_94_97_98_102_103_106_110_113_116_117_120_123_124_128_129_131_132_136_140_144_145_148_151_157_158_161_167_168_172_181_182_190_191_196_197_200_205_206_213_214_220_226_227_230_231_238_243_246_249_250_253_258_260_261_264_267_270_274_277_279_281_284_289_291  1.41e+08  1.08e+08  41000.34 -54926.10  13907.51    615.91     78.53    306.74   -600.12  -5181.65      0.00 0
105403 5626.0    38_49_50_60_71_72_75_76_84_86_95_96_99_100_108_122_126_138  3.39e+08  2.71e+08    160.24 -21859.64   9614.18    628.04     66.26    270.42   2824.37   1102.06      0.00 0
105404 5626.0    0_2_3_4_5_8_9_10_12_13_17_18_20_21_22_25_26_28_29_33_34_35_38_40_41_44_45_49_50_52_53_54_55_59_60_62_63_64_66_67_71_72_75_76_78_79_83_84_86_88_89_91_95_96_99_100_102_103_106_107_108_110_111_114_116_117_121_122_125_126_128_129_133_134_136_137_138_140_141_143_146_147_148_152_153_154_155_157_158_161_162_164_165_167_168_170_172_173_176_177_178_179_181_182_185_186_187_188_190_191_193_194_196_197_198_200_205_206_208_210_211_213_214_216_219_221_222_223_226_227_230_234_236_237_240_242_246_249_252_254_257_260_263_266_269_273_278_280_283_285_290_292  1.29e+08  9.57e+07  69871.63  75772.21  15275.24    601.23     81.57     47.32   2231.64  -2018.66      0.00 0
105405 5626.0    86_95_96_99_100_114_121_125_126_133_134_143_146_152_154  1.45e+08  1.12e+08   3082.56 -22679.88  10147.52    577.41     66.09    277.74   3965.35   -799.70      0.00 0
105406 5626.0    172_181_190_196_198_200_205_211_213_217_219_223_226_227_230_231_234_237_242_246_249_250_252_253_254_257_260_261_267  1.51e+08  1.15e+08  37018.18 -15054.11  12248.16    573.35     72.96    337.87  -2728.11  -6981.86      0.00 0
105407 5626.0    89_95_103_107_111_117_121_125_129_137_141_146_152_154_158_162_164_178_187  2.45e+08  1.92e+08 -21800.13 -13776.15  10351.08    607.29     68.13    212.29   3099.54  -3116.58      0.00 0
105408 5626.0    71_75_86_95_96_99_100_107_111_114_121_122_125_126_129_133_134_137_141_143_146_147_152_153_154_155_162_164_165_168_170_173_176_177_178_179_185_186_187_188_191_193_194_197_199_202_203_206_208_209_210_212_214_215_216_218_220_221_222_224_228_229_231_232_233_235_236_238_239_240_241_243_244_245_247_248_250_251_253_255_256_258_259_261_262_264_265_267_268_270_271_272_274_275_277_279_281_282_284_287_289_291_293_295_297_298  8.13e+08  6.36e+08  35763.41 149194.72  15367.57    659.13     84.28     76.52   6153.48  -2909.30      0.00 0
105409 5626.0    161_172_196_198_211_219_223_234_237_242_254_257_263_273_278_285_292  3.89e+08  3.04e+08  -9587.77 -34201.22  11616.49    596.80     71.89    254.34  -4359.44  -9234.82      0.00 0
105410 5626.0    0_1_2_5_6_7_8_11_13_15_16_19_20_23_24_27_28_31_32_35_37_39_40_43_44_47_48_51_52_55_57_58_61_62_65_66_69_70_73_74_78_81_82_85_87_93_97_101_105_109_119_123_127_135_139_144_150_160_166_171_195  9.33e+08  7.60e+08  15493.92 -36697.11  11497.47    673.25     73.90    292.89  -2957.93   3659.17      0.00 0
105411 5626.0    114_125_133_134_143_146_152_154_155_164_165_170_176_177_178_179_185_187_188_193_194_199_202_203_208_209_210_215_216_218_221_222_224_236_240  4.27e+08  3.33e+08 -11676.09 -45442.44  12413.93    630.39     75.18    255.59   6314.37   1038.86      0.00 0
105412 5626.0    7_14_19_27_30_31_36_39_42_43_46_51_56_57_61_65_73_77_80_81_87_93_97_105_109_119_123_135_144_150  2.29e+08  1.79e+08 -31713.09   5312.64  11203.85    601.92     70.79    170.49  -3479.86   2392.42      0.00 0
105413 5626.0    111_117_121_129_137_141_146_148_152_154_157_158_162_168_173_176_178_181_182_185_190_191_196_197_199_200_205_206_212_213_214_219_220_226_227_230_231_237_242_246_249_250_252_254_257_260_261_263_266_269_273_276_278_280_283_285_288_290_292  2.19e+08  1.68e+08 -47175.52 -39922.89  13610.45    607.09     77.58    220.24  -2849.39  -9305.60      0.00 0
105414 5626.0    0_1_2_3_4_5_6_7_8_9_10_11_12_13_14_15_16_17_18_19_20_21_22_23_24_25_26_27_28_29_30_31_32_33_34_35_36_37_38_39_40_41_42_43_44_45_46_47_48_49_50_51_52_53_54_55_56_57_58_59_60_61_62_63_64_65_66_67_68_69_70_71_72_73_74_75_76_77_78_79_80_81_82_83_84_85_86_87_88_89_90_93_94_95_96_97_98_99_100_102_106_107_108_110_112_113_114_120_122_123_124_125_126_131_132_133_134_136_138_143_145_147_151_153_154_155_164_165_170_175_177_179_188_193_194_208_210_216_221_222_236_240  1.15e+08  8.54e+07 -90815.48 -23182.34  15079.86    594.50     80.86    194.32   -665.52   -199.17      0.00 0
105415 5626.0    1_4_6_7_10_14_15_18_19_22_23_26_27_30_31_34_36_39_42_43_46_47_50_51_54_56_57_60_61_64_65_68_69_72_73_76_77_80_81_84_87_90_92_93_96_97_100_101_104_105_108_109_112_113_115_118_119_122_123_126_127_130_131_134_135_138_139_142_144_147_149_150_153_155_156_159_160_163_165_166_169_171_174_177_179_180_183_186_188_189_192_194_195_210_216_222_240  1.48e+08  1.11e+08 101616.25   8318.67  15328.43    591.77     81.45      4.68   4036.11   3703.08      0.00 0
105416 5626.0    0_1_2_3_4_5_6_7_8_9_10_11_12_13_14_15_16_17_18_19_20_21_22_23_24_25_26_27_28_29_30_31_32_33_34_35_36_37_38_39_40_41_42_43_44_45_46_47_48_49_50_51_52_53_54_55_56_57_58_59_60_61_62_63_64_65_66_67_68_71_72_75_76_77_78_79_80_81_82_83_84_86_87_88_89_90_91_92_95_96_99_100_101_102_103_104_107_108_109_110_111_112_114_115_116_117_118_121_122_125_126_127_128_129_130_133_134_137_138_141_142_146_147_148_149_152_153_156_157_158_159_162_163_166_167_168_169_173_174_180_181_182_183_185_186_189_190_191_192_197_199_200_201_204_205_206_207_212_213_214_220_224_225_226_227_230_231_235_238_243_246_249_250_253_255_258_260_261_264_266_267_270_274_275_276_277_279_281_284_286_287_288_289_291_293_294_295_297_298  4.90e+08  3.82e+08   1502.04 -110327.08  14878.97    670.66     82.32    270.78   1375.59  -1266.07      0.00 0
105418 5626.0    17_21_25_26_29_33_38_41_45_49_50_53_55_59_60_63_67_71_72_75_76_79_83_86_89_91_95_96_99_100_103_107_111_114_116_117_121_122_125_126_129_133_134_137_138_141_143_146_147_148_152_153_154_155_157_158_162_163_164_165_168_170_173_176_177_178_179_181_182_185_186_187_188_190_191_193_194_197_199_200_202_203_205_206_208_209_210_212_213_214_215_216_218_220_221_222_224_226_227_228_229_230_231_232_233_235_236_237_238_239_240_241_243_244_245_246_247_248_249_250_251_252_253_255_256_257_258_259_260_261_262_264_265_266_267_268_269_270_271_272_273_274_275_276_277_279_280_281_282_283_284_285_286_287_288_289_290_291_292_293_294_295_296_297_298  2.04e+08  1.53e+08 -84732.73 -168839.14  15365.11    634.64     85.35    243.35   3513.85  -5970.33      0.00 0
105419 5626.0    116_117_128_129_140_141_148_157_158_161_167_168_172_173_181_182_184_190_191_196_197_198_199_200_205_206_211_212_213_214_217_218_219_220_223_224_226_227_230_231_233_234_235_237_238_241_242_243_244_246_248_249_250_251_252_253_254_255_256_257_258_259_260_261_262_263_264_265_266_267_268_269_270_271_272_273_274_275_276_277_278_279_280_281_282_283_284_285_286_287_288_289_290_291_292_293_294_295_296  6.31e+08  4.96e+08 -150554.55  13383.67  15353.09    660.74     84.20    174.92  -1026.77  -8195.08      0.00 0
105420 5626.0    0_1_2_3_4_5_6_7_8_9_10_11_12_13_14_15_16_17_18_19_20_21_22_23_24_25_26_27_28_29_30_31_32_33_34_35_36_37_38_39_40_41_42_43_44_45_46_47_48_49_50_51_52_53_54_55_56_57_58_59_60_61_62_63_64_65_66_67_68_69_70_71_72_73_74_75_76_77_78_79_80_81_82_83_84_85_86_87_88_89_90_91_92_93_94_95_96_97_98_99_100_101_102_103_104_105_106_107_108_109_110_111_112_113_114_115_116_117_118_119_120_121_122_123_124_125_126_127_129_130_131_132_133_134_135_136_137_138_139_141_143_144_145_146_147_150_151_152_153_154_155_160_162_164_165_166_170_171_173_176_177_178_179_185_187_188_193_194_199_202_203_208_209_210_215_216_218_221_222_228_229_232_233_236_239_240_241_245_247_248_251_262_265  3.31e+08  2.52e+08 -171305.25  46478.40  15591.55    621.11     84.98    164.82   3545.76   -796.48      0.00 0
105421 5626.0    121_125_137_141_146_152_154_162_173_176_178_185  3.16e+08  2.48e+08 -10603.28 -17688.74   9568.65    605.84     65.11    239.06   3954.73  -3365.70      0.00 0
105422 5626.0    63_67_83_89_103_107_111_129_141_158_168_191_197  4.27e+08  3.37e+08    937.21  20718.81   9583.22    606.54     65.20     87.41   1763.78  -4153.67      0.00 0
105423 5626.0    60_72_76_84_86_90_96_99_100_108_112_114_122_125_126_130_133_134_138_142_143_147_153_154_155_159_163_169_174_192_207  6.17e+08  4.98e+08 -10421.43  28851.80  10544.72    670.60     71.03    109.86   3040.85   2790.84      0.00 0
105424 5626.0    214_220_224_226_227_231_235_238_241_243_244_246_249_250_251_252_253_255_256_257_258_259_260_261_262_264_265_266_267_268_269_270_271_272_273_274_275_276_277_278_279_280_281_282_283_284_285_286_287_288_289_290_291_292_293_294_295_296_297_298  1.95e+08  1.46e+08 -84548.42 -28387.99  15068.83    578.98     80.41    198.56   1273.15 -10113.78      0.00 0
105425 5626.0    94_102_106_110_116_117_120_124_128_132_136_140_145_148_151_157_158_161_167_168_172_175_181_182_184_190_191_196_197_198_200_205_206_211_213_214_217_219_220_223_226_227_230_231_234_235_237_238_242_243_246_249_250_252_253_254_255_257_258_259_260_261_263_264_266_267_269_270_271_273_274_275_276_277_278_279_280_281_283_284_285_286_287_288_289_290_291_292_293_294_295_296_297_298  1.86e+08  1.38e+08 -229603.52 159994.98  13589.05    592.03     87.22    145.13  -4254.83  -7973.32      0.00 0
105426 5626.0    0_1_2_3_4_5_6_7_8_9_10_11_12_13_14_15_16_17_19_20_21_23_24_27_28_29_30_31_32_35_36_37_39_40_41_43_44_45_47_48_51_52_53_55_56_57_58_61_62_63_65_66_67_69_70_73_74_77_78_79_81_82_85_87_88_89_91_93_94_97_98_101_102_103_105_106_109_110_111_113_115_116_117_119_120_123_124_127_128_129_131_135_136_139_140_141_144_148_150_156_157_158_160_161_166_167_168_171_172_181_182_189_190_191_195_196_197_200_205_206_213_214_220_226_227_230_231_237_238_243_246_249_250_252_253_258_260_261_266_267_270_274_275_276_277_281_284_286_287_289_291_293_294_295_297_298  1.91e+08  1.44e+08 -24581.92  82144.12  14733.40    604.68     80.25    106.66    173.23  -6368.57      0.00 0
105427 5626.0    0_1_2_5_6_7_8_11_13_14_15_16_19_20_23_24_27_28_31_32_35_37_39_40_43_44_47_48_51_52_55_57_58_61_62_65_66_69_70_73_74_77_78_81_82_85_87_88_91_93_94_97_98_101_102_105_106_109_110_113_115_116_119_120_123_124_127_128_135_136_139_140_148_151_156_157_160_161_166_167_171_172_181_189_190_195_196_205_211_213_219_226_230_237_249_252_257_266_269_280  8.32e+08  6.60e+08   -840.00  49106.16  12336.42    664.93     75.90     90.98  -1958.71  -1855.48      0.00 0
105428 5626.0    157_181_182_190_191_200_205_206_214_220_227_231_238_243  6.03e+08  4.84e+08  19450.10  -8827.05   9309.50    661.30     66.45    335.59    797.37  -6829.65      0.00 0
105429 5626.0    3_4_9_12_17_18_21_22_25_26_29_33_34_38_41_45_49_50_53_54_59_60_63_67_71_72_75_76_84_86_96_108_122  9.77e+08  7.94e+08  -9876.61 -18732.65   9384.29    645.49     66.10    242.20   1836.30    286.63      0.00 0
105430 5626.0    2_8_11_13_16_20_23_24_28_29_32_35_37_40_44_45_47_48_52_55_57_58_62_66_67_69_70_73_74_78_79_82_85_88_89_91_93_94_97_98_102_103_106_110_111_113_116_117_120_123_124_128_129_131_132_136_140_141_144_148_157_158_167_168_173_181_182_190_191_197_200_205_206_212_214_220_226_227_231_235_238_243_244_250_253_255_258_259_264_267_270_271_274_279_281_284_291  2.09e+08  1.62e+08 -36147.93  47485.31  12315.38    777.40     78.34    127.28   2073.63  -7097.16      0.00 0
105431 5626.0    44_55_66_78_79_91_102_103_116_117_129_148_158_168_181_182_191_197_200_206_214_227_231_238_250_253_258_270  3.55e+08  2.77e+08  11771.65 -25558.14  10431.19    640.62     69.66    294.73    957.35  -5839.73      0.00 0
105432 5626.0    41_45_55_63_67_79_89_91_103_111_116_117_129_148_158_168_181_182_191_200_206_214_226_227_231_246_250_253_260_261_267_275_277_287  1.48e+08  1.12e+08   1022.37  33272.10  11345.06    600.39     71.18     88.24    745.71  -6383.98      0.00 0
105433 5626.0    102_110_116_117_128_148_157_158_168_181_182_191_197_200_206_214_220_227_231_238_243_250_253_258_264_267_270_271_274_279_281_284_291  3.02e+08  2.38e+08 -28437.84  34277.88  12435.39    601.64     74.40    129.68   2715.15  -8716.63      0.00 0
105434 5626.0    117_129_137_141_148_152_157_158_162_168_173_176_181_182_185_190_191_196_197_199_200_202_203_205_206_209_212_213_214_218_220_224_228_229_232_233_241_245_247_248  1.23e+08  9.28e+07  39918.90  12609.37  12162.34    606.67     73.80     17.53   3413.67  -5065.34      0.00 0
105435 5626.0    121_125_133_143_146_154_164_165_170_178_187_188_193_194_208_216_222_240  3.39e+08  2.67e+08  14894.34  19779.81  10306.80    593.44     67.40     53.02   5782.06   -343.31      0.00 0
105436 5626.0    55_66_67_78_79_88_89_91_102_103_106_107_110_111_116_117_120_121_128_129_136_137_140_141_145_146_148_151_152_157_158_161_162_167_168_172_173_175_176_178_181_182_184_185_187_190_191_196_197_198_199_200_202_203_205_206_209_211_212_213_214_215_217_218_219_220_223_224_226_227_228_229_230_231_232_233_234_235_237_238_239_241_242_243_244_245_246_247_248_249_250_251_252_253_254_255_256_257_258_259_260_261_262_263_264_265_266_267_268_269_270_271_272_273_274_275_276_277_278_279_280_281_282_283_284_285_286_287_288_289_290_291_292_293_294_295_296_297  4.37e+08  3.40e+08 230665.05  19207.30  14562.44    640.80     86.40      4.76   3966.56  -7222.76      0.00 0
105437 5626.0    95_103_107_111_116_117_121_125_129_133_137_141_146_148_152_154_157_158_162_164_168_170_173_176_178_181_182_185_187_190_191_193_194_196_197_199_200_202_203_205_206_208_209_212_213_214_215_218_219_220_221_222_224_226_227_228_229_230_231_232_233_234_235_236_237_238_239_240_241_242_243_244_245_246_247_248_249_250_251_252_253_254_255_256_257_258_259_260_261_262_263_264_265_266_267_268_269_270_271_272_273_274_275_276_277_278_279_280_281_282_283_284_285_286_287_288_289_290_291_292_293_294_295_296_297_298  1.74e+08  1.29e+08 -236653.11 -177878.02  12822.25    609.92     87.52    216.93   5549.83  -7352.77      0.00 0
105438 5626.0    274_279_284_289_291  3.16e+08  2.46e+08  20875.96  12623.02  10290.06    588.59     67.13     31.16   4338.89 -10403.22      0.00 0
105439 5626.0    140_157_167_172_181_190_196_200_205_213_226_230_246_249_252_260_261  8.32e+08  6.76e+08  10424.88 -21680.66   9959.73    627.00     67.51    295.68  -1294.34  -7139.70      0.00 0
105440 5626.0    0_3_4_5_6_9_10_12_13_14_17_18_21_22_25_26_29_30_33_34_36_38_41_42_45_46_49_50_53_54_56_59_60_63_64_67_68_71_72_75_76_79_80_83_84_89_90_92_95_103_104_107_111_137_141  3.39e+08  2.67e+08  -7086.73  28593.33  10768.61    616.80     69.92    103.92   1322.06   -314.92      0.00 0
105441 5626.0    140_148_157_161_167_172_181_182_184_190_191_196_197_198_200_205_206_211_213_214_217_219_220_223_226_227_230_231_234_235_237_238_242_243_244_246_249_250_252_253_254_255_257_258_259_260_261_264_266_267_270_271_272_274_275_277_279_281_284_289_291  1.38e+08  1.04e+08  71630.52 -33189.02  14161.92    644.19     79.83    335.14   5725.27 -10345.62      0.00 0
105442 5626.0    21_29_33_35_40_41_44_45_49_53_55_59_62_63_66_67_75_78_79_83_88_89_91_95_99_102_103_106_107_110_111_114_116_117_121_125_128_129_133_136_137_140_141_143_146_148_151_152_154_157_158_161_162_164_167_168_170_172_173_175_176_178_181_182_184_185_187_190_191_193_194_196_197_198_199_200_202_203_205_206_208_209_211_212_213_214_215_217_218_219_220_221_222_223_224_226_227_228_229_230_231_232_233_234_235_236_237_238_239_240_241_242_243_244_245_246_247_248_249_250_251_252_253_254_255_256_257_260_262_263_265_266_268_269_273_278_280_283_285  4.79e+08  3.75e+08 -128102.05 -49276.41  15516.65    633.70     83.55    201.04   4743.78  -3690.19      0.00 0
105443 5626.0    91_102_103_110_111_116_117_128_129_136_137_140_141_148_151_152_157_158_161_162_167_168_172_173_175_176_181_182_184_185_190_191_196_197_198_199_200_202_203_205_206_211_212_213_214_217_218_219_220_223_224_226_227_228_229_230_231_233_234_235_237_238_241_242_243_244_245_246_247_248_249_250_251_252_253_254_255_256_257_258_259_260_261_262_263_264_265_266_267_268_269_270_271_272_273_274_275_276_277_278_279_280_281_282_283_284_285_286_287_288_289_290_291_292_293_294_295_296  4.68e+08  3.62e+08 -187721.72  -3407.79  15238.14    651.29     85.36    181.04   3821.34  -7597.63      0.00 0
105444 5626.0    0_1_2_3_4_5_6_8_9_10_11_12_13_14_16_17_18_22_25_26_30_34_38_42_49_50_54_60_64_71_72_76_84_86_96_100_108_122_126_147_153_155_177_179  3.80e+08  3.00e+08 -25624.05 -16863.88  11055.93    598.25     70.18    213.35   2655.74   1505.91      0.00 0
105445 5626.0    41_63_67_79_89_91_103_111_116_117_129_148_157_158_168_181_182_191_200_205_206_214_226_227_230_231_246_249_250_253_260_261_266_267_275_276_277_280_286_287_288_289_293_294_295_296_297_298  2.40e+08  1.83e+08   8298.32  45258.48  12286.11    637.86     75.05     79.61     28.86  -9270.07      0.00 0
105446 5626.0    0_1_2_3_4_5_6_7_8_9_10_11_12_13_14_15_16_17_18_19_20_21_22_23_24_25_26_27_28_29_30_31_32_33_34_35_36_37_38_39_40_41_42_43_44_45_46_47_48_49_50_51_52_53_54_55_56_57_58_59_60_61_62_63_64_65_66_67_68_69_70_71_72_73_74_75_76_77_78_79_80_81_82_83_84_85_86_87_88_89_90_91_92_93_94_95_96_97_98_99_100_101_102_103_104_105_106_107_108_109_110_111_112_113_114_115_116_117_118_119_120_122_124_126_127_128_129_130_135_136_137_138_139_140_141_142_145_147_148_149_151_153_156_157_158_159_161_163_166_167_168_169_172_174_180_181_182_183_184_186_189_190_191_192_195_196_197_198_200_201_204_205_206_207_211_213_214_217_219_223_225_226_227_230_231_234_237_242_246_249_250_252_253_254_257_260_261_263_266_267_269_273_275_276_277_278_280_283_285_286_287_288_290_292_293_294_295_296_297_298  2.34e+08  1.77e+08  31490.26 137163.62  15636.41    621.91     83.66     77.07   -383.30  -1503.96      0.00 0
105447 5626.0    181_182_190_191_196_200_205_206_211_213_214_217_219_220_223_226_227_230_231_234_235_237_238_242_243_244_246_249_250_252_253_254_255_256_257_258_259_260_261_263_264_266_267_268_269_270_271_272_273_274_275_276_277_278_279_280_281_282_283_284_285_286_287_288_289_290_291_292_293_294_295_296_297_298  2.34e+08  1.78e+08 137244.28 -16025.38  15816.54    599.08     83.47    353.34  -1751.35  -9511.66      0.00 0
105448 5626.0    0_1_2_3_4_5_6_7_8_9_10_11_12_13_14_15_16_17_18_19_20_21_22_23_24_25_26_27_28_29_30_31_32_33_34_35_36_37_38_39_40_41_42_43_44_45_46_47_48_49_50_51_52_53_54_55_56_57_58_59_60_61_62_64_65_66_68_69_70_71_72_73_74_75_76_77_78_80_81_82_84_85_86_87_88_90_92_93_94_96_97_98_100_101_104_105_106_108_109_110_112_113_115_118_119_120_122_123_124_126_127_130_131_132_134_135_136_138_139_142_144_145_147_149_150_151_153_155_156_159_160_161_163_166_169_171_174_175_177_179_180_183_184_186_188_189_192_195_201_204_207_210_217_225  1.17e+08  8.59e+07 -175958.52 -106648.23  15615.29    580.81     85.66    211.22  -1067.40   2749.82      0.00 0
105449 5626.0    129_141_148_158_162_168_173_181_182_185_191_197_199_200_203_206_212_214_218_220_224_228_233_241  7.24e+08  5.82e+08  28308.28   6353.59  10657.29    624.42     69.83     12.65   3064.20  -5382.92      0.00 0
105450 5626.0    91_102_103_110_111_116_117_128_129_136_140_141_148_157_158_161_162_167_168_172_184_198  7.41e+08  5.97e+08 -27357.90  -1232.75  10397.37    631.28     69.21    182.58   -577.61  -4431.89      0.00 0
105451 5626.0    27_36_39_43_46_51_56_57_61_65_68_77_80_81_87_90_92_93_101_104_105_109_112_115_118_130_142  2.24e+08  1.75e+08 -21596.95 -10500.89   9952.05    627.23     67.49    205.93   -487.29   2900.13      0.00 0
105452 5626.0    177_179_186_188_194_208_210_216_222_236_240  3.63e+08  2.91e+08 -14855.98  21067.49  10185.68    630.17     68.44    125.19   6384.36   2707.58      0.00 0
105453 5626.0    21_29_33_35_41_44_45_49_53_55_59_63_66_67_71_75_78_79_83_86_88_89_91_95_99_102_103_107_110_111_114_116_117_121_125_128_129_133_134_136_137_140_141_143_146_148_152_154_157_158_161_162_164_165_167_168_170_172_173_176_178_181_182_184_185_187_188_190_191_193_194_196_197_198_199_200_202_203_205_206_208_209_211_212_213_214_215_216_217_218_219_220_221_222_223_224_226_227_228_229_230_231_232_233_234_235_236_237_238_239_240_241_242_243_244_245_246_247_248_249_250_251_252_253_254_255_256_257_258_259_260_261_262_263_264_265_266_267_268_269_270_271_272_273_274_275_276_277_278_279_280_281_282_283_284_285_286_287_288_289_290_291_292_293_294_295_296_297  6.92e+08  5.42e+08 172913.20 106793.35  14888.85    668.21     85.81     31.70  -1889.38  -8542.14      0.00 0
105454 5626.0    102_110_116_117_120_128_136_140_145_148_151_157_158_161_167_172_175_181_182_184_190_191_196_198  3.39e+08  2.68e+08  30793.62 -12742.55  11403.53    593.30     71.11    337.52  -2876.99  -4225.91      0.00 0
105455 5626.0    37_47_48_57_58_69_70_73_74_81_82_85_93_94_97_98_105_106_109_110_113_119_120_123_124_131_132_135_136_139_140_144_145_150_151_160_161_167_171_172_175_184_195_196_198_211_213_217_219_223_234_237_242_252_254_257_263_269_273_278_283_285_290_292  7.76e+08  6.12e+08   4243.88  63062.40  13250.28    665.56     78.16     86.15  -4215.04  -5793.31      0.00 0
105456 5626.0    89_91_95_103_107_111_116_117_121_125_129_137_141_146_152_154_162_176_178_187_209_215  2.34e+08  1.81e+08 -28113.38 -10494.39  11142.08    576.49     69.63    200.47   3353.01  -2964.90      0.00 0
105457 5626.0    137_141_162_168_173_191_197_199_206_212_214_220_231_238_250_253_258_267_270_277  6.03e+08  4.85e+08  -7973.98 -24139.33   9993.60    650.82     68.54    251.72   2294.33  -6919.89      0.00 0
105458 5626.0    3_5_8_9_12_13_17_21_25_26_28_29_33_35_38_40_41_44_45_49_50_53_55_59_62_63_66_67_71_72_75_76_78_79_83_86_88_89_91_95_99_100_102_103_106_107_110_111_114_116_117_121_125_126_128_129_133_134_136_137_140_141_143_146_148_151_152_154_155_157_158_161_164_165_167_168_170_172_179_181_182_184_188_190_193_194_196_198_200_205_208_210_211_213_216_217_219_222_223_230_234_237_240_242_252_254_257_263_273_278_285  3.47e+08  2.70e+08  59667.69  48577.13  14135.26    636.80     79.59     39.15  -3327.53  -6507.38      0.00 0
105459 5626.0    2_5_8_9_11_13_16_17_20_21_24_28_29_32_33_35_37_40_41_44_45_48_52_53_55_58_59_62_63_66_67_69_70_74_78_79_82_83_85_88_89_91_94_95_97_98_102_103_106_107_110_111_113_116_117_120_121_124_125_128_129_131_132_136_137_140_141_145_146_148_151_152_157_158_161_162_167_168_172_173_175_176_178_181_182_184_185_190_191_196_197_198_199_202_203_206_209_212_214_217_218_220_224_228_229_233_235_241_244_245_247_248_251_255_256_259_262_265_268_272_282  1.12e+08  8.24e+07 -96615.50  28435.49  15195.47    603.77     81.42    163.60  -3925.04  -2416.68      0.00 0
105460 5626.0    14_22_27_30_36_39_42_43_46_51_54_56_60_61_64_65_68_77_80_81_84_87_90_92_93_96_101_104_105_108_109_112_115_118_119_122_126_127_130_135_138_139_142_144_147_149_150_153_155_156_159_160_163_166_169_171_174_177_179_180_186_188_189_195_210_216_240  6.46e+08  5.12e+08  64575.18 -12411.84  13605.69    636.23     78.31    349.12  -3905.05   4335.86      0.00 0
105461 5626.0    14_22_27_30_34_36_39_42_43_46_51_54_56_60_61_64_65_68_76_77_80_81_84_87_90_92_93_96_100_101_104_105_108_109_112_115_118_119_122_126_127_130_134_135_138_139_142_144_147_149_150_153_155_156_159_160_163_165_166_169_171_174_177_179_180_183_186_188_189_192_194_195_204_210_216_222_240  2.75e+08  2.13e+08  78050.78 -14085.76  14370.47    619.30     79.73    349.77  -2097.85   4305.18      0.00 0
105462 5626.0    162_168_173_176_182_185_191_197_199_200_202_203_205_206_209_212_214_218_220_224_226_227_228_229_230_231_232_233_235_237_238_239_241_243_244_245_246_247_248_249_250_251_252_253_255_256_257_258_259_260_261_262_263_264_265_266_267_268_269_270_271_272_273_274_275_276_277_278_280_281_282_283_285_286_287_288_290_292_296  2.19e+08  1.68e+08  67216.00  36086.23  14360.04    604.81     79.34     28.23   5633.34  -5768.33      0.00 0
105463 5626.0    161_172_175_184_190_196_198_205_211_213_217_219_223_226_230_234_237_242_249_252  1.10e+08  8.30e+07 -22566.79  21693.76  11275.95    579.51     70.19    136.13  -3616.62  -5905.87      0.00 0
105464 5626.0    0_1_2_3_4_5_6_7_8_9_10_11_12_13_14_15_16_17_19_20_21_23_24_27_28_29_30_31_32_35_36_37_39_40_41_43_44_45_47_48_51_52_55_56_57_58_61_62_65_66_67_77_78_79_81_82_87_88_91_101_102_103_110_116_117_128_148_157_158_181_182_200  9.12e+08  7.34e+08   3345.17 -35587.10  11311.20    641.50     72.44    275.37   -487.50  -1902.89      0.00 0
105465 5626.0    31_37_47_48_51_57_61_65_69_70_73_74_81_85_87_93_94_97_98_101_105_109_113_115_119_120_123_124_127_131_132_135_136_139_144_145_150_151_156_160_161_166_171_175_180_184_189_195_198_201_204_217_223_225  2.09e+08  1.60e+08  17559.83  59243.04  13348.32    641.13     77.81     73.49  -3641.22   1973.99      0.00 0
105466 5626.0    95_99_107_114_121_125_133_137_141_146_152_162_173_199  2.14e+08  1.63e+08  -2080.93 -23224.83  10197.02    579.58     66.38    264.88   3592.13  -2625.67      0.00 0
105467 5626.0    182_191_197_200_205_206_212_214_220_226_227_230_231_237_238_246_249_250_252_257_260_261_263_266_269_273_276_278_280_283_285_288_290_292  8.32e+08  6.68e+08  39607.56  25790.30  12452.43    628.93     75.24     33.07  -3006.39  -9998.26      0.00 0
105468 5626.0    185_199_202_203_218_224_228_233_235_241_243_244_255  8.32e+08  6.77e+08   9882.08  19023.83   9365.77    654.62     66.40     62.55   5087.48  -5681.42      0.00 0
105469 5626.0    9_17_21_25_26_29_33_35_38_41_45_49_50_53_55_59_63_67_71_72_75_76_78_79_83_86_89_91_95_96_99_100_102_103_107_111_114_116_117_121_122_125_126_128_129_133_134_137_141_143_146_147_148_152_154_155_157_158_162_164_165_167_168_170_173_176_177_178_179_181_182_185_188_190_191_194_196_197_199_200_205_206_210_212_213_214_216_219_220_226_227_230_231_237_242_246_249_250_252_254_257_260_261_263_266_269_273_275_276_278_280_283_285_286_288_290_292_294_296  5.62e+08  4.43e+08  45301.54  68313.58  14350.17    635.21     80.07     56.45  -1156.98  -8089.37      0.00 0
105470 5626.0    2_5_8_9_11_13_16_20_21_23_24_28_29_32_35_37_40_41_44_45_47_48_52_55_58_62_63_66_67_69_70_73_74_78_79_82_85_88_89_91_94_97_98_102_103_106_107_110_111_113_116_117_120_123_124_128_129_131_132_136_137_140_141_145_148_151_152_157_158_161_162_167_168_172_173_175_181_182_184_185_190_191_196_197_198_199_200_203_205_206_211_212_213_214_217_218_219_220_223_224_226_227_230_231_233_234_235_237_238_241_242_243_244_246_248_249_250_251_252_253_255_256_258_259_260_261_264_265_267_268_270_271_272_274_275_277_279_281_282_284_289_291  6.03e+08  4.70e+08 -124308.99  82403.19  15517.46    640.01     84.06    146.46   1789.89  -6642.37      0.00 0
105471 5626.0    0_1_2_3_4_5_6_7_8_9_10_11_12_13_14_15_16_17_18_19_20_21_22_23_24_25_26_27_28_29_30_31_32_33_34_35_36_37_38_39_40_41_42_43_44_45_46_47_48_49_50_51_52_53_54_55_56_57_58_59_60_61_62_63_64_65_66_67_68_69_70_71_72_73_74_75_76_77_78_79_80_81_82_83_84_85_86_87_88_89_90_91_92_93_94_95_96_97_98_99_100_101_102_104_105_106_107_108_109_110_112_113_114_115_118_119_120_122_123_124_125_126_127_130_131_132_133_134_135_136_138_140_142_143_144_145_147_150_151_153_154_155_159_161_163_164_165_169_170_174_175_177_179_184_186_188_193_194_208_210_216_217_221_222_236_240  2.51e+08  1.88e+08 141378.25  50565.06  15754.77    612.06     84.01     19.68   4384.09   2340.65      0.00 0
105472 5626.0    0_1_2_3_4_5_6_7_8_9_10_11_12_13_14_15_16_17_18_20_21_22_23_24_25_26_28_29_32_33_34_35_37_38_40_41_44_45_48_49_50_52_53_54_58_59_60_62_66_69_70_71_72_74_75_76_82_85_86_94_96_98_99_100_114_124_126_134_143_165  6.76e+08  5.50e+08 -32258.55  -9237.81  11149.32    631.02     71.62    195.98    535.47   -328.46      0.00 0
105473 5626.0    49_59_71_72_75_83_86_95_99_100_114_126_133_134_143_147_155_165_177_179_188_194_210_216  1.00e+09  8.14e+08  19936.89  23359.61  10418.92    690.59     71.26     49.52   5254.67   1937.51      0.00 0
105474 5626.0    62_66_78_79_88_91_94_102_103_106_110_111_116_117_120_124_128_129_136_137_140_141_145_148_151_157_158_161_162_167_168_172_173_175_181_182_184_185_190_191_196_197_198_199_200_205_206_211_212_213_214_217_218_219_220_223_224_226_227_231_233_235_238_241_243_244_248_250_251_253_255_256_258_259_264_265_268_270_271_272_274_279_282  4.90e+08  3.86e+08  78464.35 -31717.60  14572.94    619.55     80.23    337.99   5226.15  -7418.94      0.00 0
105475 5626.0    200_205_226_227_230_237_246_249_252_257_263_266_269_273_278_283_285  6.46e+08  5.22e+08  21392.23  11848.14   9771.07    663.41     68.22     28.98  -2332.32  -8915.04      0.00 0
105476 5626.0    1_2_8_11_13_15_16_19_20_23_24_28_31_32_35_37_40_44_45_47_48_51_52_55_57_58_61_62_66_69_70_73_74_78_79_81_82_85_88_91_93_94_97_98_102_103_105_106_109_110_113_116_117_119_120_123_124_128_129_131_132_135_136_139_140_144_145_148_150_151_157_158_160_161_167_171_172_175_181_182_184_190_191_196_198_200_205_206_211_213_214_217_219_223_226_227_230_231_234_237_238_242_246_249_250_252_253_254_257_258_260_261_263_266_267_269_270_273_274_275_276_277_280_281_283_284_286_287_288_289_290_291_293_294_295_296_297_298  3.02e+08  2.32e+08 -54068.37 115528.56  15390.66    638.51     83.12    115.08  -3934.95  -1341.17      0.00 0
105477 5626.0    141_158_162_168_173_176_182_185_191_197_199_203_212_218  4.57e+08  3.64e+08 -20611.21  -8893.65   9709.53    627.72     66.61    203.34   2809.47  -5199.06      0.00 0
105478 5626.0    40_52_58_62_66_74_78_82_88_91_94_98_102_103_106_110_113_116_117_120_124_128_129_131_132_136_140_141_145_148_151_157_158_161_167_168_172_173_175_181_182_184_190_191_196_197_198_200_205_206_211_212_213_214_217_219_220_223_224_226_227_230_231_234_235_237_238_242_243_244_246_249_250_252_253_254_255_257_258_259_260_261_263_264_266_267_269_270_271_272_273_274_275_276_277_278_279_280_281_283_284_285_286_287_288_289_290_291_292_293_294_295_296_297_298  4.07e+08  3.18e+08 -157175.41 117368.45  15369.38    623.60     85.52    143.25   2477.63 -10336.47      0.00 0
105479 5626.0    0_1_2_3_4_5_6_7_8_9_10_11_12_13_14_15_16_17_18_19_20_21_22_23_24_25_26_27_28_29_30_31_32_33_34_35_36_37_38_39_40_41_42_43_44_45_46_47_48_49_50_51_52_53_54_55_56_57_58_59_60_62_63_64_66_67_68_69_70_71_72_73_74_75_76_78_79_80_82_83_84_85_86_88_90_94_95_96_98_99_100_106_108_110_113_114_120_122_124_126_132_133_134_136_138_143_145_147_151_153_155_165_170_175_177_179_184_188_194_208_210_216_222_240  5.13e+08  4.03e+08 -61177.58 -26043.98  13624.36    638.91     78.42    203.06   2558.73    758.01      0.00 0
105480 5626.0    0_1_2_3_4_5_6_7_8_9_10_11_12_13_14_15_16_17_18_19_20_21_22_23_24_25_26_27_28_29_30_31_32_33_34_35_36_38_39_40_41_42_43_44_45_46_49_50_51_52_53_54_55_56_59_60_61_62_63_64_65_66_67_68_71_72_75_76_77_78_79_80_82_83_84_86_87_88_89_90_91_92_95_96_99_100_101_102_103_104_107_108_110_111_112_115_116_117_118_121_122_128_129_130_137_138_141_142_148_149_156_157_158_159_162_163_167_168_169_173_174_180_181_182_183_190_191_192_197_200_201_205_206_207_212_213_214_220_225_226_227_230_231_238_243_246_249_250_252_253_258_260_261_266_267_270_274_275_276_277_280_281_284_286_287_288_289_291_293_294_295_296_297_298  2.63e+08  2.02e+08   3884.17  86874.41  14458.72    644.61     80.56     87.44    728.72  -6780.08      0.00 0
105481 5626.0    129_137_141_146_148_152_158_162_168_173_176_178_181_182_185_187_190_191_197_199_200_202_203_205_206_209_212_213_214_215_218_219_220_221_224_226_227_228_229_230_231_232_233_235_236_237_238_239_241_242_243_244_245_246_247_248_249_250_251_252_253_254_255_256_257_258_259_260_261_262_263_264_265_266_267_268_269_270_271_272_273_274_275_276_277_278_279_280_281_282_283_284_285_286_287_288_289_290_291_292_293_294_295_296_297_298  5.37e+08  4.14e+08 -175948.03 -108032.41  14980.87    650.73     85.85    211.55    723.78 -10270.02      0.00 0
105482 5626.0    0_1_2_3_4_5_6_7_8_9_10_12_13_14_17_18_21_22_25_26_28_29_30_33_35_38_41_44_45_49_53_55_59_63_67_75_78_79_83_89_91_95_103_107_111_117_129_137_141_148_158_162_168_173_182_191_197_199_206_212_214_220_224_231_235_238_243_244_250_253_255_258_264_267_270_271_274_279_281_284_291  1.58e+08  1.22e+08  16583.00 -51219.66  13183.85    597.10     76.24    287.94   2808.88  -7167.78      0.00 0
105483 5626.0    127_135_139_150_156_160_166_171  3.89e+08  3.06e+08  21234.88   3336.69   9512.00    634.31     66.13      8.93  -3618.09   4576.34      0.00 0
105484 5626.0    8_13_16_20_24_28_29_32_35_37_40_44_45_48_52_55_58_62_66_67_69_70_74_78_79_82_85_88_89_91_102_103_111_117_129  9.55e+08  7.82e+08  17943.48 -15730.46   9529.80    687.46     68.23    318.76   -673.88  -2229.84      0.00 0
105485 5626.0    110_116_128_136_140_148_151_157_161_167_181_182  2.40e+08  1.88e+08 -17864.09  10418.03   9608.10    601.76     65.08    149.75  -1565.87  -4593.57      0.00 0
105486 5626.0    0_1_3_4_6_7_10_12_14_15_17_18_19_22_25_26_27_30_31_33_34_36_38_39_42_43_46_49_50_51_54_56_57_59_60_61_64_65_68_71_72_75_76_77_80_81_84_86_87_90_92_93_96_99_100_101_104_105_108_109_112_114_115_118_119_122_125_126_127_130_133_134_135_138_139_142_143_144_147_149_150_153_154_155_156_159_160_164_165_166_170_171_178_179_180_187_188_189_193_194_195_208_209_215_216_221_222_232_236_239  7.24e+08  5.76e+08 -67271.90  34513.71  14081.54    636.32     79.45    152.84  -1613.79   3633.91      0.00 0
105487 5626.0    116_117_128_129_140_141_148_157_158_162_167_168_172_173_176_181_182_185_190_191_196_197_198_199_200_202_203_205_206_211_212_213_214_217_218_219_220_223_224_226_227_228_229_230_231_233_234_235_237_238_241_242_243_244_245_246_247_248_249_250_251_252_253_254_255_256_257_258_259_260_261_262_263_264_265_266_267_268_269_270_271_272_273_274_275_276_277_278_279_280_281_282_283_284_285_286_287_288_289_290_291_292_293_294_295_296_297_298  1.70e+08  1.24e+08 192334.47  20690.42  15598.13    601.87     85.39      6.14   5896.73  -8172.79      0.00 0
105488 5626.0    0_1_2_3_4_5_6_7_8_9_10_11_12_13_14_15_16_17_18_19_20_21_22_23_24_25_26_27_28_29_30_31_32_33_34_35_36_37_38_39_40_41_42_43_44_45_46_47_48_49_50_51_52_53_54_55_56_57_58_59_60_61_62_63_64_65_66_67_68_69_70_71_72_73_74_75_76_77_78_79_80_81_82_83_85_86_87_88_89_91_92_93_94_95_97_98_99_101_102_103_105_106_107_109_110_111_113_115_116_117_119_120_121_123_124_125_127_128_129_131_132_135_136_137_139_140_141_144_145_146_148_150_151_152_154_157_158_160_161_162_166_167_168_171_172_173_175_176_178_181_182_184_185_190_191_195_196_197_198_199_200_202_203_205_206_211_212_213_214_218_219_220_224_226_227_228_230_231_233_235_238_241_243_244_246_248_249_250_251_253_255_256_258_259_260_261_262_264_265_267_268_270_271_272_274_277_279_281_282_284_289_291  4.79e+08  3.74e+08 122818.73 -137413.52  15346.62    642.70     85.24    311.79   1108.63  -4424.94      0.00 0
105489 5626.0    61_73_81_87_93_97_101_105_109_113_115_118_119_123_127_131_132_135_139_144_149_150_156_159_160_166_171_180_183_189_192_195_201_204_207_225  1.58e+08  1.21e+08 -43195.11 -49029.73  13627.10    630.50     78.22    228.62  -4053.48   2738.91      0.00 0
105490 5626.0    34_50_54_60_64_76_84_96_108_122_126_138_147_153_177_186  6.61e+08  5.35e+08 -14998.10 -13752.86   9265.02    642.75     65.52    222.52   3282.02   2609.32      0.00 0
105491 5626.0    173_191_197_206_212_214_220_231_238_250_253_261_267  8.71e+08  7.05e+08  -8449.79 -18969.63   9446.32    626.46     65.54    245.99   1892.92  -7634.21      0.00 0
105492 5626.0    0_1_2_3_4_5_6_7_8_9_11_13_15_16_17_19_20_21_23_24_28_29_31_32_33_35_37_39_40_41_44_45_47_48_51_52_53_55_57_58_61_62_63_66_67_69_70_73_74_78_79_81_82_83_85_88_89_91_93_97_102_103_105_107_111_116_117_119_123_129_137_141_158_162_168_173_191_197_199_212_220_235  6.31e+08  5.04e+08  25033.96 -32308.51  11812.62    641.76     73.88    307.77     29.23  -2014.74      0.00 0
105493 5626.0    136_140_145_151_161_167_172_175_181_184_190_196_198_200_205_211_213_217_219_223_226_227_230_234_237_242_246_249_250_252_253_254_257_260_261_263_266_267_269_270_273_275_276_277_278_280_281_283_284_285_286_287_288_289_290_291_292_293_294_295_296_297_298  1.15e+08  8.48e+07  83098.16 -84296.03  15667.60    590.86     82.46    314.59  -1699.46  -9736.71      0.00 0
105494 5626.0    0_1_2_3_4_5_6_7_8_9_10_11_12_13_14_15_16_17_18_19_20_21_22_23_24_25_26_27_28_29_30_31_32_34_35_36_37_39_40_42_43_44_45_46_47_48_50_51_52_54_55_56_57_58_60_61_62_64_65_66_68_69_70_73_74_77_78_80_81_82_84_85_87_88_90_91_92_93_94_97_98_101_102_104_105_106_108_109_110_112_113_115_116_118_119_120_124_127_128_130_132_135_136_138_139_140_142_145_149_151_156_157_159_161_163_166_167_169_172_174_175_180_183_184_189_190_192_196_198_201_204_207_211_213_217_219_223_225_234_242_254_263_278  4.17e+08  3.25e+08 -35478.73 -77065.41  14380.06    645.15     80.38    245.28     66.19   3344.89      0.00 0
105495 5626.0    89_95_107_111_121_125_137_146_152_154_176_178_187_202_209_215_229_232  1.70e+08  1.29e+08 -24938.63    -30.47  10086.00    627.40     67.98    180.07   4760.88  -2621.15      0.00 0
105496 5626.0    44_66_78_88_91_102_110_116_128_157_167_181_190_196_205_213  1.35e+08  1.03e+08  -4911.30 -20300.89   9474.55    625.31     65.60    256.40  -1284.75  -4743.43      0.00 0
105497 5626.0    88_91_102_106_110_116_120_124_128_136_140_145_151_161_175  1.38e+08  1.05e+08 -22497.73   6180.01   9865.04    624.99     67.08    164.64  -2977.58  -3209.24      0.00 0
105498 5626.0    79_89_91_102_103_107_110_111_116_117_121_128_129_136_137_140_141_146_148_151_152_157_158_161_162_167_168_172_173_175_176_178_181_182_184_185_190_191_196_197_198_199_200_202_203_205_206_209_211_212_213_214_217_218_219_220_223_224_228_229_233_234_235_241_245_247_248_251_262_265  9.77e+08  7.79e+08 -60522.36  -4720.70  13313.80    637.24     77.63    184.46   -404.16  -5040.81      0.00 0
105499 5626.0    0_1_2_3_4_5_6_7_8_9_10_11_12_13_14_15_16_17_18_19_20_21_22_23_24_25_26_27_28_29_30_31_32_33_34_35_36_37_38_39_40_41_42_43_44_45_46_47_48_49_50_51_52_53_54_55_56_57_58_59_60_61_62_63_64_65_66_67_68_69_70_71_72_73_74_75_76_77_78_79_80_81_82_83_84_86_87_88_89_90_91_92_93_95_99_101_102_103_104_105_107_109_111_112_115_116_117_118_119_121_125_127_129_130_135_137_139_141_146_148_149_152_156_157_158_159_160_162_166_168_171_173_180_181_182_183_185_189_191_195_197_199_200_201_204_206_212_214_218_220_224_225_227_231_235_238_241_243_244_250_253_255_256_258_259_261_264_267_270_271_272_274_277_279_281_284_289_291  8.51e+08  6.76e+08 -32428.72  86965.84  14551.08    657.19     81.09    110.45   2722.13  -6453.53      0.00 0
