#event_number primary_type du_ids energy_primary em_energy Xmax_pos(x, y, z), Xmax_grams zenith azimuth shower_core_pos_x shower_core_pos_y shower_core_pos_z, N_tested_cores, units are degrees, GeV and meters
7300 14.0      158_168_173_191_197_212_214_220_224_235_243_244_255_259_271  1.95e+08  1.69e+08 -18399.53  12331.36   9370.03    671.45     67.07    146.17   3311.10  -6432.81      0.00 0
7301 14.0      41_45_53_55_59_63_67_75_78_79_83_86_89_91_95_99_102_103_107_111_114_116_117_121_125_128_129_133_134_137_140_141_143_146_148_152_154_157_158_162_164_165_167_168_170_172_173_176_178_181_182_185_187_188_190_191_193_194_196_197_199_200_202_203_205_206_208_209_210_211_212_213_214_215_216_218_219_220_221_222_223_224_226_227_228_229_230_231_232_233_234_235_236_237_238_239_240_241_242_243_244_245_246_247_248_249_250_251_252_253_254_255_256_257_258_259_260_261_262_263_264_265_266_267_268_269_270_271_272_273_274_275_276_277_278_279_280_281_282_283_284_285_286_287_288_289_290_291_292_293_294_295_296_297_298  7.76e+08  6.57e+08 159047.36 123414.23  14289.07    750.39     85.94     37.81   -938.41  -9376.32      0.00 0
7302 14.0      141_168_173_197_212_220_235_243_255_264  1.74e+08  1.57e+08   8641.38 -17055.22   8576.59    718.85     65.84    296.87   3302.38  -6536.58      0.00 0
7303 14.0      20_28_32_35_40_44_45_48_52_55_58_62_66_67_70_74_78_79_82_85_88_89_91_94_98_102_103_106_110_111_113_116_117_120_124_128_129_132_136_140_141_145_148_151_157_158_161_162_167_168_173_181_182_190_191_197_199_200_206_212_214_218_220_224_227_231_235_238_241_243_244_253_255_256_258_259_264_268_271_272_274_279  7.59e+08  6.30e+08  48687.80 -34421.88  12793.78    701.49     77.89    324.74   1853.94  -5722.06      0.00 0
7304 14.0      0_1_2_3_4_5_6_7_8_9_10_11_12_13_14_15_16_17_18_19_20_21_22_23_24_25_26_27_28_29_30_31_32_33_34_35_36_37_38_39_40_41_42_43_44_45_46_47_48_49_50_51_52_53_54_55_56_57_58_59_60_61_62_63_64_65_66_67_68_69_70_71_72_73_74_75_76_77_78_79_80_81_82_83_84_85_86_87_88_89_90_91_92_93_94_95_96_97_98_99_100_101_102_103_104_105_106_107_108_109_110_111_112_113_114_115_116_117_118_119_120_121_122_123_124_125_126_127_128_129_130_131_132_133_134_135_136_137_138_139_140_141_142_143_144_145_146_147_148_149_150_151_152_153_154_155_156_157_158_159_160_161_162_163_164_165_166_167_168_169_170_171_172_173_174_175_176_177_178_179_180_181_182_183_184_185_186_187_188_189_190_191_192_193_194_195_196_197_198_199_200_201_202_203_204_205_206_207_208_209_210_211_212_213_214_215_216_217_218_219_220_221_222_223_224_225_227_228_229_231_232_233_234_235_236_238_239_240_241_243_244_245_247_248_251_255_256_259_262_265_268_272_282  2.19e+08  1.82e+08 311573.62 -40576.94  11191.89    711.97     87.96    352.58   4901.64   1213.99      0.00 0
7305 14.0      259_271_279  7.08e+08  6.10e+08   5653.66 -16770.45   8237.58    733.25     65.04    288.63   5805.11 -10309.72      0.00 0
7306 14.0      226_227_230_237_242_246_249_250_252_253_254_257_258_260_261_263_264_266_267_269_270_271_273_274_275_276_277_278_279_280_281_283_284_285_286_287_288_289_290_291_292_293_294_295_296  5.25e+08  4.54e+08  59207.36   -320.35  12671.53    716.11     77.92    359.69  -3818.44 -10027.20      0.00 0
7307 14.0      11_15_19_23_24_31_37_39_47_51_57_61_69_73_81_87_93_105_109_119_135_139_150_160_171  1.45e+08  1.24e+08 -12182.82  22854.78   9171.34    800.23     70.50    118.06  -3247.78   3566.55      0.00 0
7308 14.0      0_1_2_3_4_5_6_7_8_9_10_11_12_13_14_15_16_17_18_19_20_21_22_23_24_25_26_27_28_29_30_31_32_33_34_35_36_37_38_39_40_41_42_43_44_45_46_47_48_49_50_51_52_53_54_55_56_57_58_59_60_61_63_64_65_67_68_69_70_71_72_73_74_75_76_77_79_80_81_83_84_85_86_87_89_90_92_93_95_96_97_98_99_100_101_104_105_107_108_109_112_113_114_115_118_119_121_122_123_125_126_127_130_131_133_134_135_137_138_139_142_143_144_146_147_149_150_152_153_154_155_156_159_160_163_164_165_166_169_170_171_174_176_177_178_179_180_183_186_187_188_189_192_193_194_195_201_202_203_204_207_208_209_210_215_216_221_222_225_228_229_232_236_239_240_245_247_262  8.13e+08  7.21e+08 196774.88 -77273.75  14300.88    725.38     86.13    338.56  -3152.33   4393.56      0.00 0
7309 14.0      260_266_269_275_276_277_280_283_285_286_288_290_292  2.82e+08  2.44e+08  20535.08   3668.95   8687.56    751.13     67.39     10.13  -2075.70 -10739.34      0.00 0
7310 14.0      16_20_23_24_28_32_37_40_44_47_48_52_55_57_58_62_66_69_70_73_74_78_82_85_88_91_93_94_97_98_102_106_110_113_116_117_119_120_123_124_128_131_132_136_140_144_145_148_150_151_157_158_161_167_172_181_182_190_191_196_200_205_206_213_214_226_227_231_238_246_250_253_258_261_267_270_274_277_281_284_291  6.46e+08  5.41e+08 -27757.27  45101.16  12675.06    656.49     76.54    121.61  -1797.61  -3156.97      0.00 0
7311 14.0      0_1_2_3_4_5_6_7_8_9_10_11_12_13_14_15_16_17_18_19_20_21_22_23_24_25_26_27_28_29_30_31_32_33_34_35_36_37_38_39_40_41_42_43_44_45_46_47_48_49_50_51_52_53_54_55_56_57_58_59_60_61_62_63_64_65_66_67_68_69_70_71_72_73_74_75_76_77_78_79_80_81_82_83_84_85_86_87_88_89_90_91_92_93_94_95_96_97_98_99_100_101_102_103_104_105_106_107_108_109_110_111_112_113_114_115_116_117_118_119_120_121_122_123_124_125_126_127_128_129_130_131_132_133_134_135_136_137_138_139_140_141_142_143_144_145_146_147_148_149_150_151_152_153_154_155_156_157_158_159_160_161_162_163_164_165_166_167_169_170_171_172_174_175_176_177_178_179_180_183_184_185_186_187_188_189_192_193_194_195_198_201_202_203_204_207_208_209_210_215_216_217_221_222_228_229_232_236_239_240_245_247  2.69e+08  2.31e+08 275355.66  27775.42  12228.49    767.04     87.47      5.76  -2970.41    585.16      0.00 0
7312 14.0      250_261_267_275_277_286_287_293_294_297  4.27e+08  3.58e+08  -7614.73 -17151.28   8284.48    759.75     66.18    246.06    171.33 -11070.31      0.00 0
7313 14.0      175_184_198_211_217_219_223_230_234_237_242_249_252_254_257_260_263_266_269_273_276_278_280_283_285_286_288_290_292_293_294_296_297_298  1.20e+08  9.88e+07 -26376.76  36518.52  11532.88    738.73     75.64    125.84  -4267.26  -7404.68      0.00 0
7314 14.0      102_106_110_116_117_120_124_128_136_140_145_148_151_157_158_161_167_168_172_175_181_182_184_190_191_196_197_198_200_205_206_211_212_213_214_217_219_220_223_226_227_230_231_234_235_237_238_242_243_246_249_250_252_253_254_255_257_258_259_260_261_263_264_266_267_269_270_271_273_274_275_276_277_278_279_280_281_283_284_285_286_287_288_289_290_291_292_293_294_295_296_297_298  1.07e+08  9.30e+07 -170508.84 101603.34  14575.86    717.38     85.80    149.21    950.53 -10345.12      0.00 0
7315 14.0      142_147_153_163_169_174_177_179_186_192  1.10e+08  9.27e+07  16223.10 -14772.23   9200.63    693.15     67.25    317.68   3559.71   4741.52      0.00 0
7316 14.0      0_1_2_3_4_5_6_7_8_9_10_11_12_13_14_15_16_17_18_19_20_21_22_23_24_25_26_27_28_29_30_31_32_33_34_36_37_38_39_41_42_43_46_47_48_49_50_51_53_54_57_59_60_61_65_69_70_71_72_73_74_75_76_81_83_84_85_86_93_95_97_99_100_113_114_123_125_131_133_134_143_154_164_170_193  1.62e+08  1.39e+08  39356.73  -7443.65  11720.33    644.05     73.69    349.29    229.49    272.74      0.00 0
7317 14.0      246_250_253_258_260_261_264_266_267_269_270_271_274_275_276_277_279_280_281_283_284_286_287_288_289_290_291  3.80e+08  3.29e+08  36465.06   3832.63  11167.92    676.25     73.06      6.00   2533.34 -10041.84      0.00 0
7318 14.0      137_141_146_152_162_168_173_176_178_185_191_197_199_206_212_214_220_231_238  1.29e+08  1.09e+08 -13713.19 -20376.64   9679.92    679.90     68.49    236.06   3141.11  -5382.48      0.00 0
7319 14.0      38_49_50_53_59_60_63_71_72_75_76_83_86_95_96_99_100_107_108_111_114_121_122_125_126_134_137_138_141_147_153  2.95e+08  2.48e+08  -4792.20 -28303.18  10630.07    622.78     69.68    260.39   3100.24   -238.64      0.00 0
7320 14.0      91_102_103_110_111_116_117_128_129_136_140_141_148_151_157_158_161_167_172_181_184_190_196_198_211_217_219_223_234  4.07e+08  3.36e+08  39679.20   9592.08  11690.14    658.51     74.02     13.59  -3574.72  -5173.74      0.00 0
7321 14.0      197_200_206_212_214_220_226_227_230_231_238_246_249_250_252_253_260_261_266_267_269_273_275_276_280_283_285_288_290_292  1.91e+08  1.59e+08  27792.34  17780.78  10911.55    656.05     71.70     32.61   -478.67  -9010.68      0.00 0
7322 14.0      0_1_2_3_4_5_6_7_10_11_12_14_15_16_17_18_19_22_23_24_25_26_27_30_31_34_36_37_38_39_42_43_46_47_48_50_51_54_56_57_60_61_64_65_68_69_70_71_72_73_76_77_80_81_84_85_86_87_90_93_96_97_100_105_108_112_113_114_122_123_126_131_134_138_143_147_153_155_165_177_179_188_194_210_216_222_240  1.20e+08  1.00e+08 -46094.61  -5904.85  12565.02    605.65     74.87    187.30   1892.69   1528.97      0.00 0
7323 14.0      140_161_167_172_190_196_198_205_211_213_219_230_234_237_242_249_252_257_260_266_269_276_280_283_286_288_290_294_296  2.82e+08  2.36e+08  -8037.19  27255.35  10185.48    682.78     70.28    106.43  -2059.42  -8434.48      0.00 0
7324 14.0      0_1_2_3_4_5_6_7_8_9_10_11_12_13_14_15_16_17_18_19_20_21_23_24_25_27_28_29_30_31_32_33_35_36_37_39_40_41_43_44_45_47_48_51_52_53_55_56_57_58_59_61_62_63_65_66_67_69_70_73_74_77_78_79_81_82_83_85_87_89_91_93_97_101_103_105_107_109_111_117_119_123_127_129_135_137_139_141_144_150_158_160_168_171_173_197  5.01e+08  4.26e+08 -23347.65  36690.84  11815.82    674.69     74.80    122.47  -1135.70    422.79      0.00 0
7325 14.0      0_1_2_6_7_10_11_14_15_16_19_20_22_23_24_27_30_31_32_36_37_39_42_43_46_47_48_51_52_56_57_58_61_64_65_68_69_70_73_74_77_80_81_82_85_87_90_92_93_94_97_98_101_104_105_106_109_112_113_115_118_119_120_123_124_127_130_131_132_142_145_149_151_159_169_174_175_183_184_192  7.59e+08  6.49e+08  35712.93  37228.09  11625.90    806.82     77.30     46.19  -3217.00   -239.07      0.00 0
7326 14.0      1_4_6_7_10_11_14_15_18_19_22_23_26_27_30_31_34_36_37_39_42_43_46_47_50_51_54_56_57_60_61_64_65_68_69_72_73_76_77_80_81_84_85_87_90_92_93_96_97_100_101_104_105_108_109_112_113_115_118_119_122_123_126_127_130_131_134_135_138_139_142_144_147_149_150_153_155_156_159_160_163_165_166_169_171_174_177_179_180_183_186_188_189_192_194_210_216_222_240  2.00e+08  1.68e+08 -95230.23 -10009.10  14430.27    684.95     81.43    186.00   6267.21   3808.45      0.00 0
7327 14.0      60_76_84_96_100_122_126_147_155_177_179_188_210  1.29e+08  1.13e+08 -19237.73  -8573.24   9035.71    697.00     66.78    204.02   4808.79   2455.75      0.00 0
7328 14.0      0_1_2_3_4_5_6_7_8_9_10_11_12_13_14_15_16_17_18_19_20_21_22_23_24_25_26_27_28_29_30_31_32_33_34_35_36_37_38_39_40_41_42_43_44_45_46_47_48_49_50_51_52_53_54_55_56_57_58_59_60_61_62_63_64_65_66_67_68_69_70_71_72_73_74_75_76_77_78_79_80_81_82_83_84_85_86_87_88_89_90_91_92_93_94_95_96_97_98_99_100_101_102_103_104_105_106_107_108_109_110_111_112_113_114_115_116_117_118_119_120_121_122_123_124_125_126_127_128_129_130_131_132_133_134_135_136_137_138_139_140_141_142_143_144_145_146_147_148_149_150_151_152_153_154_155_156_158_159_160_161_162_163_164_165_166_168_169_170_171_173_174_175_176_177_178_179_184_185_186_187_188_189_193_194_195_199_202_203_208_209_210_215_216_218_221_222_228_229_232_233_236_239_240_245_247_248_262  1.95e+08  1.70e+08 236185.22 -13949.24  13559.21    750.89     86.72    356.62   -854.08    447.78      0.00 0
7329 14.0      0_1_2_3_4_5_6_7_8_9_10_11_12_13_14_15_16_17_18_19_20_21_22_23_24_25_26_27_28_29_30_31_32_33_34_35_36_37_38_39_40_41_44_45_47_48_49_50_51_52_53_54_55_57_58_59_60_62_63_66_67_69_70_71_72_73_74_75_76_78_79_81_82_83_85_86_88_89_91_93_94_95_97_98_99_100_102_103_106_107_110_111_113_114_116_117_120_121_123_124_125_128_129_131_132_133_134_136_137_140_141_143_145_146_151_152_154_161_162_164_165_170_173_175_176_178_184_185_187_193_194_199_202_203_208_209_215_218_221_222_228_229_232_233_236_239_245_247_248_262  8.71e+08  7.74e+08  97026.68  -5900.42  14007.59    751.77     81.80    356.52   2768.71  -1778.71      0.00 0
7330 14.0      0_1_2_3_4_5_6_7_8_10_11_12_14_15_16_18_19_20_22_23_24_26_27_30_31_32_34_36_37_38_39_42_43_46_47_48_50_51_54_56_57_58_60_61_64_65_68_69_70_72_73_74_76_77_80_81_84_85_87_90_92_93_94_96_97_98_100_101_104_105_108_109_112_113_115_118_119_122_123_124_126_127_130_131_132_135_138_139_142_144_147_149_150_153_155_156_159_160_163_166_169_171_174_177_179_180_183_186_188_189_192_210  2.75e+08  2.35e+08 100356.89  37342.32  14629.95    695.44     82.22     20.41  -3153.93   1731.88      0.00 0
7331 14.0      0_1_2_3_4_5_6_8_9_11_12_13_16_17_18_20_21_23_24_25_26_28_29_32_33_34_35_37_38_40_41_44_45_48_49_50_52_53_55_58_59_62_63_66_67_70_71_72_74_75_76_78_79_82_83_85_86_88_89_91_94_95_98_99_100_102_103_106_107_110_111_114_116_117_120_121_124_125_128_129_132_133_134_136_137_140_141_143_145_146_148_151_152_154_157_158_161_162_164_165_167_168_170_172_173_175_176_178_184_185_187_188_190_193_194_196_198_199_202_203_208_209_211_215_216_217_221_222_223_228_229_232_236_239_240_245_247  5.25e+08  4.46e+08 -98515.97 -17956.68  14697.97    664.53     81.65    190.33   3670.56  -1932.53      0.00 0
7332 14.0      0_3_4_9_12_17_18_21_25_26_33_38_49_50_53_59_71_72_75_83_86_95_99_114_121_125_133_143_146_154_164_170_176_178_187_193_202_209_215_221_229_232_239_247  6.92e+08  5.97e+08  32273.73 -11327.40  10086.21    815.28     73.57    340.66   6075.34  -1951.64      0.00 0
7333 14.0      0_2_3_4_5_6_8_9_10_12_13_17_18_20_21_22_25_26_28_29_30_33_34_35_38_40_41_42_44_45_46_49_50_53_54_55_59_60_63_64_66_67_68_71_72_75_76_78_79_83_84_86_88_89_90_91_95_96_99_100_102_103_107_108_110_111_112_114_116_117_121_122_125_126_128_129_130_133_134_137_138_141_142_143_146_147_148_152_153_154_155_157_158_162_163_164_165_167_168_169_170_173_174_176_177_178_179_181_182_185_186_187_188_190_191_193_194_196_197_199_200_202_203_205_206_208_209_210_212_213_214_215_216_218_219_220_221_222_224_226_227_228_229_230_231_232_233_235_236_237_238_239_240_241_242_243_244_245_246_247_248_249_250_251_252_253_255_256_257_258_259_260_261_262_263_264_265_266_267_268_269_270_271_272_273_274_275_276_277_278_279_280_281_282_283_284_285_286_287_288_289_290_291_292_293_294_295_296_297_298  1.00e+08  8.49e+07 117022.04 259537.31  11534.26    824.57     87.68     65.73   6328.05   -212.82      0.00 0
7334 14.0      181_200_205_206_226_227_231_246_250_253_261_267_270_277_281_284  1.51e+08  1.23e+08 -10739.53  14272.56   7545.11    876.10     67.10    126.96    821.27  -8315.49      0.00 0
7335 14.0      0_1_4_6_7_10_14_18_22_27_30_36_42_43_46_54_56_64_68_80_84_90_104_108_112_130_142_169_174  7.08e+08  6.60e+08   9927.53  18246.24   8791.58    730.19     67.06     61.45   1202.40   2942.93      0.00 0
7336 14.0      126_134_143_147_153_155_163_164_165_170_177_179_186_187_188_193_194_208_210_215_216  3.31e+08  2.78e+08   8360.50 -27569.53  10218.89    685.39     70.47    286.87   5397.45   1847.09      0.00 0
7337 14.0      0_3_4_5_6_7_9_10_12_14_17_18_21_22_25_26_27_29_30_33_34_36_38_41_42_43_45_46_49_50_53_54_56_59_60_63_64_67_68_71_72_75_76_77_80_83_84_89_90_92_104_112_115_118_130_149_159_183  3.09e+08  2.71e+08   3445.50 -22863.30   8002.01    968.16     70.91    278.57    879.87   1913.97      0.00 0
7338 14.0      190_205_213_226_230_246_249_252_260_261_266_275_276_277_286_287_293  8.32e+08  7.00e+08  -8008.96  20125.62   9083.07    705.13     67.25    111.70   -646.99  -9142.63      0.00 0
7339 14.0      49_53_59_63_67_71_75_83_86_89_95_99_100_103_107_111_114_117_121_125_126_129_133_134_137_141_143_146_147_148_152_154_155_158_162_164_165_168_170_173_176_177_178_179_181_182_185_187_188_191_193_194_197_200_206_208_210_214_216_222_226_227_236_240  4.68e+08  3.89e+08 -31172.24 -45254.29  12535.10    696.21     77.15    235.44   5359.75    325.71      0.00 0
7340 14.0      0_1_2_3_4_5_6_7_8_9_10_11_12_13_14_15_16_17_18_19_20_21_22_23_24_25_26_27_28_29_30_31_32_33_34_35_36_37_38_39_40_41_42_43_44_45_46_47_48_49_50_51_52_53_54_55_56_57_58_59_60_61_62_63_64_65_66_67_68_71_72_75_76_77_78_79_80_81_82_83_84_86_87_88_89_90_91_92_95_96_99_100_101_102_103_104_107_108_109_111_112_114_115_116_117_118_121_122_125_126_127_128_129_130_137_138_141_142_148_149_152_153_156_157_158_159_162_163_166_168_169_173_174_180_181_182_183_189_190_191_192_197_199_200_201_204_205_206_207_212_214_220_225_226_227_230_231_235_238_243_246_249_250_253_258_260_261_264_267_270_274_275_276_277_281_284_286_287_289_291_293_294_295_297_298  2.63e+08  2.22e+08  -3368.84  96956.05  14620.12    663.97     81.43     91.99   1031.29   1843.50      0.00 0
7341 14.0      231_238_243_246_249_250_252_253_255_258_259_260_261_264_266_267_269_270_271_272_273_274_275_276_277_278_279_280_281_283_284_285_286_287_288_289_290_291_292_293_294_295_296  5.37e+08  4.52e+08 -45637.43  -9742.17  11609.11    747.49     76.03    192.05   1234.30  -9902.88      0.00 0
7342 14.0      34_38_42_50_54_60_64_68_72_76_80_84_90_96_104_108_112_118_130_138_142_159_169_183_192_207  2.63e+08  2.27e+08  -5469.65  24753.75   9802.41    678.40     68.86    102.46   1661.61   3726.94      0.00 0
7343 14.0      55_62_66_78_79_82_88_91_94_98_102_103_106_110_111_116_117_120_124_128_129_132_136_140_141_145_148_151_157_158_161_162_167_168_172_173_175_181_182_184_190_191_196_197_198_199_200_205_206_212_214_218_220_224_227_231_235_238_241_243_244_251_253_255_256_258_259_264_268_271_272_279_282  2.40e+08  2.01e+08 -54739.99  27220.81  12871.93    703.06     78.11    153.56   1509.58  -5736.72      0.00 0
7344 14.0      0_1_2_3_4_5_6_7_8_9_10_11_12_13_14_15_16_17_18_19_20_21_22_25_26_27_28_29_30_33_34_35_36_38_39_40_41_42_43_44_45_46_49_50_53_54_55_56_59_60_63_64_65_66_67_68_71_72_75_76_77_78_79_80_83_84_89_90_91_92_95_102_103_104_107_108_111_112_115_116_117_118_129_130_137_141_148_149_157_158_159_168_173_181_182_183_191_197_200_205_206_214_220_226_227_231_238_246_249_250_253_258_260_261_267_270_275_277_281_284_286_287_289_291_293_295_298  3.63e+08  3.07e+08  -2107.38  54856.60  12512.62    699.02     77.16     92.20    939.76  -4123.87      0.00 0
7345 14.0      205_211_213_219_223_226_227_230_231_234_237_238_242_246_249_250_252_253_254_257_258_260_261_263_264_266_267_269_270_273_274_275_276_277_278_279_280_281_283_284_285_286_287_288_289_290_291_292_293_294_295_296  5.13e+08  4.61e+08 -73418.72  20071.32  13270.13    755.68     80.11    164.71  -4293.40  -8726.15      0.00 0
7346 14.0      0_1_2_3_4_5_6_7_8_9_10_11_12_13_14_15_16_17_18_19_20_21_22_23_24_25_26_27_28_29_30_31_32_33_34_35_36_37_38_39_40_41_42_43_44_45_46_47_48_49_50_51_52_53_54_55_56_57_58_59_60_61_62_63_64_65_66_67_68_69_70_71_72_73_74_75_76_77_78_79_80_81_82_83_84_85_86_87_88_89_90_91_92_93_94_95_96_97_98_99_100_101_102_103_104_105_106_107_108_109_110_111_112_113_114_116_117_119_120_121_122_123_124_125_126_128_129_131_132_133_134_135_136_137_138_140_141_143_144_145_146_147_148_150_151_152_153_154_155_157_158_161_162_164_165_167_168_170_172_173_175_176_177_178_179_184_185_187_188_193_194_198_199_202_203_208_209_210_212_215_216_217_218_221_222_224_228_229_232_233_236_239_240_241_245_247_248_251_262_265  1.07e+08  8.68e+07 -198864.28   7187.76  15241.89    633.73     85.62    177.93    389.83  -1005.57      0.00 0
7347 14.0      251_256_259_265_268_272_282  8.71e+08  7.67e+08  -4633.67 -25882.42   9533.84    744.07     70.07    259.85   6479.71  -9885.65      0.00 0
7348 14.0      41_45_55_63_66_67_78_79_83_88_89_91_95_99_102_103_107_110_111_116_117_121_125_128_129_133_136_137_140_141_146_148_151_152_154_157_158_161_162_164_167_168_172_173_176_178_181_182_184_185_187_190_191_193_196_197_198_199_200_202_203_205_206_208_209_211_212_213_214_215_217_218_219_220_221_223_224_226_227_228_229_230_231_232_233_234_235_236_237_238_239_241_242_244_245_246_247_248_249_251_252_254_256_257_262_263_265_273_278  1.29e+08  1.10e+08  83776.46  27139.83  13066.82    863.23     81.56     17.95   3842.90  -4163.96      0.00 0
7349 14.0      83_95_99_107_121_125_146_154_176_178_187_202_209_215_229_232_247  3.89e+08  3.31e+08 -21952.80   4530.23   9542.47    651.47     66.94    168.34   4992.29  -2226.85      0.00 0
7350 14.0      0_1_2_3_4_5_6_7_8_9_10_11_12_13_14_15_16_17_18_19_20_22_23_24_25_26_27_28_30_31_32_34_36_37_38_39_40_42_43_46_47_48_50_51_52_54_56_57_58_60_61_62_64_65_68_69_70_72_73_74_76_77_80_81_82_84_85_87_90_92_93_94_96_97_98_100_104_108_112_113_120_122_123_124_126_131_132_134_138_145_147_153_155_163_177_179_186_210  8.13e+08  7.07e+08  48133.21  20174.06  12058.61    740.90     76.99     22.74  -1315.39    538.74      0.00 0
7351 14.0      90_92_101_104_108_109_112_115_118_127_130_138_139_142_149_153_156_159_160_163_166_169_171_174_177_186  4.57e+08  3.86e+08  30952.74  -1308.13  10179.83    734.57     71.81    357.58   1265.36   4259.63      0.00 0
7352 14.0      129_141_162_168_173_197_199_212_220_224_235_241_243_244_255_256_259_264_271_272  3.39e+08  2.89e+08  20905.20 -20949.03  10416.39    670.11     70.61    314.94   4789.40  -7277.58      0.00 0
7353 14.0      0_1_2_3_4_5_6_7_8_9_10_11_12_13_14_15_16_17_18_19_20_21_22_23_24_25_26_27_28_29_30_31_32_33_34_35_36_37_38_39_40_41_42_43_44_45_46_47_48_49_50_51_52_53_54_55_56_57_58_59_60_61_62_63_64_65_66_67_68_69_70_71_72_73_74_75_76_77_78_79_80_81_82_83_84_85_86_87_88_89_90_92_93_94_95_96_97_98_99_100_101_102_104_105_106_108_109_110_112_113_114_115_118_119_120_122_123_124_125_126_127_130_131_132_133_134_135_136_138_139_142_143_144_145_147_149_150_151_153_154_155_156_159_160_161_163_164_165_166_169_170_171_174_175_177_179_180_183_184_186_188_189_192_193_194_195_201_204_207_208_210_216_221_222_236_240  1.41e+08  1.23e+08 -192076.86 -59420.98  14412.04    734.10     85.90    197.19   1000.21   2283.40      0.00 0
7354 14.0      0_1_2_3_4_5_6_7_8_9_10_11_12_13_14_15_16_17_18_19_20_21_22_23_24_25_26_27_28_29_30_31_32_33_34_35_36_37_38_39_40_41_42_43_44_45_46_47_48_49_50_51_52_53_54_55_56_57_58_59_60_61_63_64_65_67_68_69_70_71_72_73_74_75_76_77_79_80_81_83_84_85_86_87_89_90_92_93_95_96_97_99_100_101_104_105_107_108_109_111_112_113_114_115_118_119_121_122_123_125_126_127_130_131_133_134_135_137_138_139_143_144_146_147_149_150_152_154_155_156_160_162_164_165_166_170_171_176_178_185_187_188_189_193_194_195_202_203_208_209_215_218_221_222_228_229_232_233_236_239_245_247_248_251_262_265_282  2.88e+08  2.36e+08  98789.62 -55302.19  14483.14    732.87     82.71    330.76   3679.70   -733.95      0.00 0
7355 14.0      0_1_2_3_4_5_6_7_8_9_11_13_15_16_17_19_20_21_23_24_28_29_31_32_33_35_37_40_41_44_45_47_48_52_53_55_57_58_59_62_63_66_67_69_70_73_74_78_79_82_83_85_88_89_91_93_94_95_97_98_102_103_106_107_110_111_113_116_117_120_121_123_124_129_131_132_137_141_144_146_152_158_162_168_173_176_185_197_199_203_212_218_224_228_233_235_241_244_248_251_256_265_268_272_282  1.45e+08  1.20e+08  51015.84 -30811.17  13081.71    659.83     77.62    328.87   -404.20  -1996.81      0.00 0
7356 14.0      246_249_252_257_260_261_263_266_267_269_273_275_276_277_280_281  8.51e+08  7.41e+08  23280.02  -6329.41   9605.42    681.62     68.29    344.79  -1032.69  -9454.81      0.00 0
7357 14.0      1_6_7_10_14_15_19_22_23_27_30_31_34_36_37_39_42_43_46_47_51_54_56_57_60_61_64_65_68_69_73_77_80_81_84_85_87_90_92_93_96_97_101_104_105_108_109_112_113_115_118_119_122_123_126_127_130_131_135_138_139_142_144_147_150_153_159_160_163_169_174_177_179_186_210  5.37e+08  4.65e+08  55255.52   9603.89  12074.56    780.93     77.85      9.86  -3212.09   2236.63      0.00 0
7358 14.0      117_129_137_141_148_152_158_162_168_173_176_185_191_197_199_202_203_212_218_224_228_229_233_241_245_247_248_251_262_265  2.51e+08  2.12e+08 -36489.02  -2199.80  10932.34    710.95     73.35    183.45   6323.00  -4686.83      0.00 0
7359 14.0      15_19_23_24_31_32_37_39_43_47_48_51_57_58_61_65_69_70_73_74_77_81_85_87_93_97_101_105_109_115_119_127_135_139_149_156_160_166_171_180_189_195_201_204_225  1.91e+08  1.59e+08  -3646.80 -35964.57  11134.70    673.31     72.88    264.21  -1833.36   4481.73      0.00 0
7360 14.0      0_1_2_3_4_5_6_7_8_9_10_11_12_13_14_15_16_17_18_19_20_21_22_23_24_25_26_27_28_29_30_31_33_34_35_36_38_39_40_41_42_43_44_45_46_49_50_51_53_54_55_56_57_59_60_61_63_64_65_67_68_71_72_75_76_77_78_79_80_81_83_84_86_87_89_90_91_92_95_96_99_100_101_103_104_105_107_108_109_111_112_114_115_117_118_121_122_125_126_127_129_130_133_134_137_138_139_141_142_143_146_147_149_152_153_154_155_156_158_159_162_163_164_165_166_168_169_170_171_173_174_176_177_178_179_180_183_185_186_187_188_189_191_192_193_194_195_197_199_201_202_203_204_206_207_208_209_210_212_214_215_216_218_220_221_222_224_225_228_229_231_232_233_235_238_239_241_243_244_245_247_248_251_253_255_256_258_259_262_264_265_268_270_271_272_274_279_282_284  2.95e+08  2.44e+08 -59405.33 155730.25  14992.74    703.64     84.86    110.88   4597.55  -3794.25      0.00 0
7361 14.0      95_107_111_117_121_125_129_133_137_141_143_146_148_152_154_158_162_164_168_170_173_176_178_181_182_185_187_191_193_194_197_199_200_202_203_206_208_209_212_214_215_221_222_226_232_236_239_240  1.62e+08  1.38e+08  30862.63  27565.31  11538.08    688.46     74.42     41.77   4636.36  -2764.38      0.00 0
7362 14.0      117_148_158_168_182_191_197_206_212_214_220_231_235_238_243_244_253_255_258_259_264_271_274_279  1.17e+08  1.01e+08 -25061.68  22289.94  10459.38    736.36     72.68    138.35   4142.24  -8371.05      0.00 0
7363 14.0      161_172_175_184_190_196_198_205_211_213_217_219_223_226_230_234_237_242_246_249_252_260  2.04e+08  1.71e+08 -23256.90  21748.20  11119.48    608.30     70.75    136.92  -3358.31  -6264.09      0.00 0
7364 14.0      16_20_23_24_31_32_37_40_47_48_52_57_58_62_66_69_70_73_74_81_82_85_88_93_94_97_98_102_105_106_110_113_119_123_131_135_144_150_160  4.68e+08  3.98e+08  14690.53 -32250.33  10800.87    713.62     73.05    294.49  -3679.89   1755.23      0.00 0
7365 14.0      0_1_2_3_4_5_6_7_8_9_10_11_12_13_14_15_16_17_18_19_20_21_22_23_24_25_26_27_28_29_30_31_32_33_34_35_36_37_38_39_40_41_42_43_44_45_46_47_48_49_50_51_52_53_54_55_56_57_58_59_60_61_62_63_64_65_66_67_68_69_70_71_72_73_74_75_76_77_78_79_80_81_82_83_84_85_86_87_88_89_90_91_92_94_95_96_98_99_100_101_102_103_104_106_107_108_110_111_112_114_115_116_117_118_120_122_124_126_128_129_130_136_138_140_142_145_147_148_149_151_153_157_158_159_161_163_167_169_172_174_175_177_181_182_183_184_186_190_192_196_198_200_205_207_211_213_217_219_223_226_230_234_237_242_246_249_252_254_257_260_263_266_269_273_276_278_280_283_285_288_290_292_296  2.29e+08  1.88e+08 -45685.00 -95437.43  14738.60    676.92     82.07    244.42  -1733.85  -4410.44      0.00 0
7366 14.0      91_103_111_116_117_121_128_129_137_141_148_152_157_158_162_167_168_176  7.41e+08  6.47e+08 -19402.02  -6255.46   8132.99    843.49     68.25    197.87   1483.10  -4273.68      0.00 0
7367 14.0      141_148_158_162_168_173_181_182_185_190_191_196_197_199_200_202_203_205_206_212_213_214_218_219_220_224_226_227_228_229_230_231_233_234_235_237_238_241_242_243_244_245_246_247_248_249_250_251_252_253_254_255_256_257_258_259_260_261_262_263_264_265_266_267_268_269_270_271_272_273_274_275_276_277_278_279_280_281_282_283_285_288_290_292  3.16e+08  2.69e+08 -73969.20 -22572.31  13511.31    726.42     80.09    196.97   4813.38  -6651.60      0.00 0
7368 14.0      42_46_56_64_68_80_90_92_101_104_115_118_127_149_156_166_180_189_204  9.77e+08  8.81e+08 -11823.11  16791.42   8789.12    723.88     66.83    125.15   -109.31   4286.39      0.00 0
7369 14.0      95_99_114_121_125_133_134_137_141_143_146_152_154_155_162_164_165_168_170_173_176_177_178_179_185_187_188_191_193_194_197_199_202_203_208_209_210_212_214_215_216_218_220_221_222_224_228_229_231_232_233_235_236_238_239_240_241_243_244_245_247_248_250_251_253_255_256_258_259_261_262_264_265_267_268_270_271_272_274_275_277_279_281_282_284_287_289_291_293_295_297_298  3.98e+08  3.31e+08  46046.36 135881.91  13966.41    859.94     84.44     71.28   5037.36  -8960.51      0.00 0
7370 14.0      22_30_42_46_54_60_64_68_84_90_96_108_112_122_138_142_147_153_163_177_186  1.38e+08  1.15e+08 -26386.02 -18841.82  11031.30    629.65     71.21    215.53   4359.82   4019.86      0.00 0
7371 14.0      89_103_107_111_117_129_137_141_148_158_168_181_182_191_200_205_206_214_226_227_230_231_246_249_250_252_260_261_266_269_276_280_283_288_290  1.82e+08  1.59e+08  15149.11  27971.00   9980.82    786.20     72.58     61.56     56.92  -7016.24      0.00 0
7372 14.0      91_116_117_148_157_158_181_182_191_200_205_206_214_226_227_231_246_249_250_253_260_261_267_275_276_277_281_286_287_289_291_293_294_295_297_298  1.23e+08  1.05e+08   3661.06 -37745.35  10673.81    776.82     74.28    275.54    631.58  -9935.61      0.00 0
7373 14.0      75_86_95_99_100_107_111_114_121_125_126_129_133_134_137_141_143_146_147_152_154_155_158_162_164_165_168_170_173_176_177_178_179_182_185_187_188_191_193_194_197_199_200_202_203_206_208_209_210_212_214_215_216_218_220_221_222_224_227_228_229_231_232_233_235_236_238_239_240_241_243_244_245_246_247_248_250_251_253_255_256_258_259_260_261_264_265_267_268_270_271_272_274_275_276_277_279_281_284_286_287_288_289_291_293_294_295_296_297_298  4.17e+08  3.55e+08  38193.52  93264.48  14522.91    690.38     81.80     67.73   3882.65  -6073.11      0.00 0
7374 14.0      0_1_2_3_4_5_6_7_8_9_10_11_12_13_14_15_16_17_18_19_20_21_22_23_24_25_26_27_28_29_30_31_32_33_34_35_36_37_38_39_40_41_42_43_44_45_46_47_48_49_50_51_52_53_54_55_56_57_58_59_60_61_62_63_64_65_67_68_69_70_71_72_73_74_75_76_77_79_80_81_82_83_84_85_86_87_89_90_92_93_95_96_97_98_99_100_101_104_105_107_108_109_111_112_113_114_115_118_119_121_122_123_125_126_127_130_131_133_134_135_137_138_139_142_143_144_146_147_149_150_152_153_154_155_156_159_160_162_164_165_166_170_171_176_178_179_185_187_188_189_193_194_195_202_203_208_209_215_216_218_221_222_228_229_232_233_236_239_245_247_248_251_262_265_282  9.12e+08  7.72e+08 -114234.74  58960.95  15124.30    673.72     83.29    152.70   6265.73  -1749.53      0.00 0
7375 14.0      0_1_2_3_4_5_6_7_8_9_10_11_12_13_14_15_16_17_18_19_20_21_22_23_24_25_26_27_28_29_30_31_32_33_34_35_36_37_38_39_40_41_42_43_44_45_46_47_48_49_50_51_52_53_54_55_56_57_58_59_60_61_62_63_64_65_66_67_68_69_70_71_72_73_74_75_76_77_78_79_80_81_82_83_84_85_86_88_89_90_94_95_96_97_98_99_100_102_104_106_108_110_112_113_114_120_122_124_126_132_133_134_136_138_143_145_147_151_153_155_161_163_165_170_175_177_179_184_186_188_194_208_210_216_222_240  7.76e+08  6.93e+08  69116.09  33769.91  13577.78    713.99     79.99     26.04   3389.35   1460.18      0.00 0
7376 14.0      60_72_76_84_86_90_96_100_108_112_122_126_130_138_142_153_163_169_174_192  2.82e+08  2.43e+08  -3397.86  29684.46  10639.18    642.34     70.40     96.53   2753.03   4233.48      0.00 0
7377 14.0      2_8_11_13_15_16_20_23_24_28_31_32_35_37_40_44_45_47_48_51_52_55_57_58_62_66_69_70_73_74_78_79_81_82_85_88_91_93_94_97_98_102_103_105_106_110_113_116_117_119_120_123_124_128_129_131_132_135_136_140_144_145_148_150_151_157_158_160_161_167_168_172_181_182_190_191_196_200_205_206_213_214_226_227_230_231_238_246_249_250_253_258_260_261_267_270_274_275_277_281_284_287_289_291_295  2.19e+08  1.81e+08 -26764.27  53493.64  12594.20    733.66     78.11    116.58  -1465.14  -3632.53      0.00 0
7378 14.0      88_94_98_102_106_110_113_116_117_120_124_128_132_136_140_145_148_151_157_158_161_167_172_175_181_182_184_190_191_196_198_200_205_206_211_213_214_217_219_220_223_226_227_230_231_234_237_238_242_243_246_249_250_252_253_254_257_258_260_261_263_264_266_267_269_270_273_274_275_276_277_278_279_280_281_283_284_285_286_287_288_289_290_291_292_293_294_295_296_297_298  1.62e+08  1.45e+08 -156661.70 157759.23  13598.31    792.39     86.50    134.80  -1501.64 -10022.04      0.00 0
7379 14.0      30_42_46_56_64_68_80_90_104_108_112_130_138_142_163_169_174  4.57e+08  4.00e+08  10573.11  11330.34   7046.22    885.63     65.55     46.98   2079.51   3703.09      0.00 0
7380 14.0      20_28_32_35_40_44_45_48_52_55_58_62_66_67_70_74_78_79_82_85_88_89_91_94_98_102_103_106_107_110_111_113_116_117_120_124_128_129_132_136_137_140_141_145_148_151_152_157_158_161_162_167_168_172_173_175_181_182_184_185_190_191_196_197_198_199_200_203_205_206_211_212_213_214_217_218_219_220_223_224_226_227_230_231_233_234_235_237_238_241_242_243_244_246_248_249_250_251_252_253_254_255_256_257_258_259_260_261_263_264_265_266_267_268_269_270_271_272_273_274_275_276_277_278_279_280_281_282_283_284_285_286_287_288_289_290_291_292_293_294_295_298  5.25e+08  4.44e+08 189820.17 -89808.66  14168.64    746.71     86.14    334.68  -3022.08  -5717.83      0.00 0
7381 14.0      0_1_2_3_4_5_6_7_8_9_10_11_12_13_14_15_16_17_18_19_20_21_22_25_26_27_28_29_30_33_34_35_36_38_39_40_41_42_43_44_45_46_49_53_55_56_59_63_65_66_67_75_77_78_79_83_89_91_95_103_107_111_116_117_129_137_141_148_158_162_168_173_182_191_197_199_206_212_214_220_224_227_231_235_238_243_244_250_253_255_258_264_267_270_271_274_279_281_284_291  1.78e+08  1.57e+08 -18008.29  52868.77  12443.38    719.00     77.44    108.81   2817.20  -7498.53      0.00 0
7382 14.0      177_179_188_194_208_210_216_222  8.91e+08  7.78e+08  -7024.02  18413.38   8782.63    701.33     65.98    110.88   6374.92   2358.51      0.00 0
7383 14.0      90_96_104_108_112_122_126_130_138_142_147_153_155_177_179_188_210_216  1.95e+08  1.62e+08 -21783.12   6593.31   9186.02    716.61     68.02    163.16   3688.43   2716.49      0.00 0
7384 14.0      0_2_3_4_5_6_8_9_10_12_13_17_18_20_21_22_25_26_28_29_30_33_34_35_38_40_41_42_44_45_49_50_53_54_55_59_60_62_63_64_66_67_68_71_72_75_76_78_79_83_84_86_88_89_90_91_95_96_99_100_102_103_107_108_110_111_112_114_116_117_121_122_125_126_128_129_133_134_137_138_140_141_142_143_146_147_148_152_153_154_155_157_158_162_163_164_165_167_168_170_173_174_177_179_181_182_186_188_190_191_194_196_197_200_205_206_210_213_214_216_219_226_227_230_231_237_242_246_249_250_252_257_260_261_263_266_269_273_275_276_278_280_283_285_288_290_292_296  1.07e+08  8.42e+07  46455.85  83808.59  14115.71    730.02     81.62     61.00   5464.29   4219.64      0.00 0
7385 14.0      21_29_33_41_45_49_53_55_59_63_67_71_72_75_78_79_83_86_89_91_95_99_100_102_103_107_111_114_116_117_121_125_128_129_133_134_137_140_141_143_146_148_152_154_155_157_158_162_164_165_167_168_170_172_173_176_178_179_181_182_185_187_188_190_191_193_194_196_197_199_200_202_203_205_206_208_209_210_211_212_213_214_215_216_218_219_220_221_222_223_224_226_227_228_229_230_231_232_233_234_235_236_237_238_239_240_241_242_243_244_245_246_247_248_249_250_251_252_253_254_255_257_258_260_261_263_266_267_269_270_273_275_276_277_278_280_283_285_286_287_288_290_292_293_294_296  1.29e+08  1.08e+08  88411.09  81611.98  14389.96    762.91     83.18     42.71   -287.48  -7264.91      0.00 0
7386 14.0      0_1_2_3_4_5_6_7_8_9_11_12_13_15_16_17_18_20_21_23_24_25_26_28_29_31_32_33_35_37_38_40_41_44_45_47_48_49_50_52_53_55_58_59_62_63_66_67_69_70_71_72_73_74_75_78_79_82_83_85_86_88_89_91_94_95_97_98_99_102_103_106_107_110_111_113_114_116_117_120_121_124_125_128_129_131_132_133_136_137_140_141_143_145_146_148_151_152_154_157_158_161_162_164_167_168_170_172_173_175_176_178_181_182_184_185_187_190_191_193_196_197_198_199_200_202_203_205_206_209_211_212_213_214_215_217_218_219_220_221_223_224_226_227_228_229_230_231_232_233_234_235_237_238_239_241_242_243_244_245_246_247_248_249_250_251_252_253_254_255_256_257_258_259_260_261_262_263_264_265_266_267_268_269_270_271_272_273_274_275_276_277_278_279_280_281_282_283_284_285_286_287_288_289_290_291_292_293_294_295_296_297_298  2.29e+08  2.01e+08 -311735.88  35297.38  11010.44    737.42     87.99    173.54   3441.40  -9201.04      0.00 0
7387 14.0      106_120_136_151_161_175_184_198_217_223  1.35e+08  1.15e+08 -13527.50 -14882.18   9025.81    673.17     65.83    227.73  -4062.18  -4206.42      0.00 0
7388 14.0      102_110_116_117_120_128_136_140_145_148_151_157_158_161_167_168_172_173_175_181_182_184_190_191_196_197_198_200_205_206_211_212_213_214_217_219_220_223_224_226_227_230_231_234_235_237_238_241_242_243_244_246_249_250_252_253_254_255_256_257_258_259_260_261_263_264_266_267_268_269_270_271_272_273_274_275_276_277_278_279_280_281_283_284_285_286_287_288_289_290_291_292_293_294_295_296_297_298  1.15e+08  9.98e+07 157196.92 -64407.07  15251.04    668.22     84.87    337.72  -1315.22  -8105.44      0.00 0
7389 14.0      25_26_33_38_49_50_53_59_60_63_67_71_72_75_76_83_84_86_89_95_96_99_100_103_107_108_111_114_121_122_125_126_129_133_134_137_138_141_146_152_154_158_162_168_173_176_182_185_191_197_199_206_212_214_218_220_224_227_231_235_238_241_243_244_250_253_255_258_259_261_264_267_270_271_274_277_279_281_284_287_289_291_295_298  8.51e+08  7.60e+08   1692.47  62546.93  12411.85    788.89     78.78     88.45   2931.28  -9753.15      0.00 0
7390 14.0      0_1_2_3_4_5_6_8_9_11_12_13_16_17_18_20_21_24_25_26_28_29_32_33_34_35_38_40_41_44_45_48_49_50_52_53_55_58_59_60_62_63_66_67_71_72_74_75_76_78_79_82_83_86_88_91_94_100_102_106_110_120_124_128_136_140_145_151_161_172_175_184_198_217_223  3.24e+08  2.70e+08  38896.76  24923.37  11715.29    724.35     75.77     32.65  -3701.22  -3697.86      0.00 0
7391 14.0      128_136_140_148_151_157_161_167_172_175_181_182_184_190_191_196_198_200_205_206_211_213_214_217_219_223_226_227_231  2.69e+08  2.25e+08  32455.28 -15258.47  11074.07    677.99     72.84    334.82  -3060.07  -5132.32      0.00 0
7392 14.0      0_1_2_3_4_5_6_7_8_9_10_11_12_13_14_15_16_17_18_19_20_21_22_23_24_25_26_27_28_29_30_31_32_33_34_35_36_37_38_39_40_41_42_43_44_45_47_48_49_50_51_52_53_54_55_57_58_59_60_61_62_63_65_66_67_69_70_71_72_73_74_75_76_78_79_81_82_83_85_86_87_88_89_91_93_94_95_97_98_99_100_102_103_105_106_107_110_111_113_114_116_117_119_120_121_123_124_125_128_129_131_132_133_136_137_140_141_143_144_145_146_148_150_151_152_154_157_158_161_162_164_168_173_175_176_178_185_187_191_193_197_199_202_203_209_212_215_218_221_224_228_229_232_233_235_239_241_244_245_247_248_251_256_262_265_268_272_282  1.48e+08  1.28e+08 -109037.27  38697.81  14677.94    711.06     82.77    160.46    365.67  -1895.35      0.00 0
7393 14.0      0_1_2_3_4_5_6_7_8_9_10_11_12_13_14_15_16_17_18_19_20_21_22_23_24_25_26_27_28_29_30_31_32_33_34_35_36_37_38_39_40_41_42_43_44_45_46_47_48_49_50_51_52_53_54_55_56_57_58_59_60_61_62_63_64_65_66_67_68_69_70_71_72_73_74_75_76_77_78_79_80_81_82_83_84_85_86_88_89_90_91_93_94_95_96_97_98_99_100_102_103_106_107_108_110_111_113_114_116_117_120_121_122_123_124_125_126_128_129_131_132_133_134_136_137_138_140_141_143_145_146_147_148_151_152_153_154_155_157_158_161_162_164_165_167_168_170_172_173_175_176_177_178_179_181_182_184_185_187_188_190_191_193_194_196_197_198_199_200_202_203_205_206_208_209_210_211_212_213_214_215_216_217_218_219_220_221_222_223_224_226_228_229_230_232_233_234_236_237_239_240_241_242_245_247_248_254_262_263  6.03e+08  5.09e+08 191925.17  54128.50  13944.26    804.25     86.00     15.75  -2142.12  -3049.84      0.00 0
7394 14.0      167_172_190_196_211_213_219_223_234_237_242_254_263_278  2.29e+08  2.07e+08 -18037.56 -17303.44   9310.55    751.79     69.57    223.81  -4213.02  -7625.22      0.00 0
7395 14.0      62_82_88_91_94_98_102_106_110_113_116_117_120_124_128_132_136_140_145_148_151_157_158_161_167_168_172_175_181_182_184_190_191_196_197_198_200_205_206_211_213_214_217_219_220_223_226_227_230_231_234_237_238_242_243_246_249_250_252_253_254_255_257_258_260_261_263_264_266_267_269_270_271_273_274_275_276_277_278_279_280_281_283_284_285_286_287_288_289_290_291_292_293_294_295_296_297_298  9.55e+08  8.55e+08 105217.30 -95673.26  14395.14    790.63     84.22    317.72  -1911.33  -7294.67      0.00 0
7396 14.0      16_20_23_24_31_32_37_40_47_48_51_52_57_58_62_66_69_70_73_74_81_82_85_88_93_94_97_98_102_105_106_110_113_120_124_128_132_136_140_145_151_157_161_167_172_175_184_190_196_198_205_211_213_217_219_223_230_234_237_242_252_254_257_263_266_269_273_278_280_283_285_288_290_292_296  6.61e+08  5.70e+08  -3833.88 -50870.27  11740.13    779.95     77.04    265.69  -3232.59  -7099.68      0.00 0
7397 14.0      3_5_9_12_13_17_18_21_25_26_28_29_33_34_35_38_40_41_44_45_49_50_53_55_59_60_63_66_67_71_72_75_76_78_79_83_86_88_89_91_96_100_102_128  9.33e+08  7.96e+08  15867.70  17316.55   8959.48    775.92     69.12     47.50   1071.99  -1287.37      0.00 0
7398 14.0      203_218_224_233_241_244_251_255_256_259_268_271_272_279  3.24e+08  2.74e+08  -3414.76  34952.00  10743.48    717.47     72.99     95.58   6036.44  -9280.14      0.00 0
7399 14.0      4_10_12_17_18_22_25_26_33_34_38_49_50_53_54_59_60_71_72_75_76_83_86_95_99_107_121_125_133_137_146_152_154_162_176_178_185_202_203_218_228_233_241_248_251_265_268  2.19e+08  1.86e+08  23047.57 -26559.97  11216.03    646.37     72.31    310.95   4398.51  -2917.93      0.00 0
