#event_number primary_type du_ids energy_primary em_energy Xmax_pos(x, y, z), Xmax_grams zenith azimuth shower_core_pos_x shower_core_pos_y shower_core_pos_z, N_tested_cores, units are degrees, GeV and meters
101500 5626.0    231_235_238_243_250_253_258_260_261_267_270_275_276_277_281_286_287_288_294  1.02e+10  8.72e+09 -18339.94 -15825.03   9571.26    689.32     68.44    220.79   1250.13  -9602.64      0.00 0
101501 5626.0    3_4_6_10_12_14_17_18_21_22_25_26_30_33_34_36_38_42_46_49_50_53_54_56_59_60_71_72_75_83_86_95_107_121  2.69e+10  2.33e+10 -11682.45  15927.01   8629.52    728.66     66.40    126.26   1695.46   -284.36      0.00 0
101502 5626.0    3_4_9_12_13_17_18_21_22_25_26_29_33_34_35_38_41_45_49_50_53_54_55_59_60_63_64_67_71_72_75_76_78_79_83_84_86_89_90_91_95_96_99_100_102_103_107_108_111_112_114_116_117_121_122_125_126_129_133_134_137_138_141_142_143_146_147_148_152_153_154_155_157_158_162_163_164_165_168_170_173_174_176_177_178_179_181_182_185_186_187_188_190_191_193_194_197_199_200_202_203_205_206_208_209_210_212_213_214_215_216_218_220_221_222_224_226_227_228_229_230_231_232_233_235_236_237_238_239_240_241_243_244_245_246_247_248_249_250_251_252_253_255_256_258_259_260_261_264_266_267_269_270_271_272_274_275_276_277_279_280_281_283_284_286_287_288_289_290_291_292_293_294_295_296_297_298  5.25e+09  4.32e+09 -51468.62 -142103.02  15058.81    698.81     84.31    250.09   1522.04  -9078.70      0.00 0
101503 5626.0    0_1_2_3_4_5_6_7_8_9_10_11_12_13_14_15_16_17_18_19_20_21_22_23_24_25_26_27_28_29_31_32_33_34_35_37_38_40_41_44_45_47_48_49_50_51_52_53_55_57_58_59_60_62_63_66_67_69_70_71_72_73_74_75_76_78_79_82_83_85_86_88_89_91_94_95_97_98_99_100_102_103_106_107_110_111_113_114_116_117_120_121_123_124_125_128_129_131_132_133_134_136_137_140_141_143_145_146_148_151_152_154_157_158_161_162_164_167_168_170_172_173_175_176_178_181_182_184_185_187_190_191_193_196_197_198_199_202_203_208_209_211_212_215_217_218_221_224_228_229_232_233_236_239_241_244_245_247_248_251_256_262_265_268_282  3.47e+09  2.86e+09 130271.21 -13278.41  14942.59    701.07     83.49    354.18   1716.45  -2707.27      0.00 0
101504 5626.0    18_22_25_26_33_34_38_42_49_50_54_59_60_64_68_71_72_75_76_83_84_86_90_95_96_99_100_104_107_108_114_121_125_133_134_137_143_146_152_154_162_164_176_178_185_187_199_202_203_209_218_224_228_229_233_241_244_245_248_251_256_259_262_265_268_272_282  5.62e+09  4.67e+09 -24537.95  41640.54  12185.17    678.22     75.85    120.51   5458.38  -4102.54      0.00 0
101505 5626.0    62_66_78_82_88_91_94_98_102_103_106_110_116_117_120_124_128_129_136_140_141_148_157_158_167_168_173_181_182_191_197_200_206_212_214_220_224_231_235_238_243_244_253_255_258_259_264_271_274_279  2.95e+09  2.46e+09 -33606.91  28279.60  11727.85    693.35     75.05    139.92   1958.44  -6298.15      0.00 0
101506 5626.0    0_1_2_3_4_5_6_7_8_9_10_11_12_13_14_15_16_17_18_19_20_21_22_23_24_25_26_27_28_29_30_31_32_33_34_35_36_37_38_39_40_41_42_43_44_45_46_47_48_49_50_51_52_53_54_55_56_57_58_59_60_61_62_63_64_65_66_67_68_69_70_71_72_73_74_75_76_77_78_79_80_81_82_83_84_85_86_87_88_89_90_91_92_93_94_95_96_97_98_99_100_101_102_103_104_105_106_107_108_109_110_111_112_113_114_116_117_119_120_121_122_123_124_125_126_128_129_131_132_133_134_135_136_137_138_140_141_143_144_145_146_147_148_150_151_152_154_155_157_158_161_162_164_165_167_168_170_172_173_175_176_178_179_184_185_187_188_191_193_194_197_198_199_202_203_208_209_210_212_215_216_217_218_221_222_224_228_229_232_233_236_239_240_241_245_247_248_251_262_265  1.15e+09  9.02e+08 -192929.41  14709.63  15295.90    636.21     85.48    175.64   2479.34  -1299.25      0.00 0
101507 5626.0    0_1_2_5_6_7_8_9_11_13_15_16_19_20_23_24_27_28_29_31_32_35_37_39_40_41_44_45_47_48_51_52_55_57_58_61_62_65_66_67_69_70_73_74_78_79_81_82_85_87_88_89_91_93_94_97_98_102_103_105_106_109_110_113_116_117_119_120_123_124_128_129_131_132_135_136_139_140_144_145_148_150_151_157_158_160_161_167_168_171_172_175_181_182_184_190_191_196_197_198_200_205_206_211_213_214_219_220_226_227_230_231_237_238_242_243_246_249_250_252_253_257_258_260_261_264_266_267_269_270_274_275_276_277_279_280_281_284_286_287_288_289_291_293_294_295_297_298  1.35e+09  1.06e+09 -45071.11  95391.74  14996.59    642.35     81.91    115.29   -926.44  -5298.97      0.00 0
101508 5626.0    63_67_79_83_89_91_95_102_103_107_111_116_117_121_125_128_129_133_137_140_141_146_148_152_154_157_158_162_164_167_168_170_172_173_176_178_181_182_185_187_190_191_193_196_197_198_199_200_202_203_205_206_208_209_211_212_213_214_215_218_219_220_221_222_223_224_226_227_228_229_230_231_232_233_234_235_236_237_238_239_241_242_243_244_245_246_247_248_249_250_251_252_253_254_255_256_257_258_259_260_261_262_263_264_265_266_267_268_269_273_275_276_278_280_283_285_288_290_292  5.25e+10  4.55e+10  95654.22  49138.48  14100.30    774.33     82.53     27.19   4064.95  -4621.32      0.00 0
101509 5626.0    0_1_2_3_4_5_6_7_8_9_10_11_12_13_14_15_16_17_18_19_20_21_22_23_24_25_26_27_28_29_30_31_32_33_34_35_36_37_38_39_40_41_42_43_44_45_46_47_48_49_50_51_52_53_54_55_56_57_58_59_60_61_62_63_64_65_66_67_68_69_70_71_72_73_74_75_76_77_78_79_80_81_82_83_84_85_86_87_88_89_90_91_92_93_94_95_96_97_98_99_100_101_102_103_104_105_106_107_108_109_110_111_112_113_114_115_116_117_118_119_120_121_122_123_124_125_126_127_128_129_130_131_132_133_134_135_136_137_138_140_141_142_143_144_145_146_147_148_149_151_152_153_154_155_156_157_158_159_161_162_163_164_165_167_168_169_170_172_173_174_175_176_177_178_179_181_182_183_184_185_186_187_188_190_191_192_193_194_196_197_198_200_202_205_206_208_209_210_211_213_215_216_217_219_221_222_223_226_230_232_234_236_237_239_240_242_252_254_257_263_273_278  3.63e+09  2.97e+09 208344.16 138738.23  13906.90    660.39     86.82     33.66   2956.33   1039.15      0.00 0
101510 5626.0    121_137_141_152_162_173_185_197_199_212_218_220_224_235_241_243_244_255_258_259_264_271_274_279  4.79e+10  4.16e+10  -7346.98  34446.56  10714.50    723.93     73.08    102.04   4493.52  -8295.49      0.00 0
101511 5626.0    0_1_2_3_4_5_6_7_8_9_10_11_12_13_14_15_16_17_18_19_20_21_22_23_24_25_26_27_28_29_30_31_32_33_34_35_36_37_38_39_40_41_42_43_44_45_46_47_48_49_50_51_52_53_54_55_56_57_58_59_60_61_62_63_64_65_66_67_68_69_70_71_72_73_74_75_76_77_78_79_80_81_82_83_84_85_86_87_88_89_90_91_92_93_94_95_96_97_98_99_100_101_102_103_104_105_106_107_108_109_110_111_112_113_114_115_116_117_118_119_120_121_122_123_124_125_126_127_128_129_130_131_132_133_134_135_136_137_138_139_140_141_142_143_144_145_146_147_148_149_150_151_152_153_154_155_156_157_158_159_160_161_162_163_164_165_166_167_168_169_170_171_172_173_174_175_176_177_178_179_180_181_182_183_184_185_186_187_188_189_190_191_192_193_194_195_196_197_198_199_200_201_202_203_204_205_206_207_208_209_210_211_212_213_214_215_216_217_218_219_220_221_222_223_224_225_226_227_228_229_230_231_232_233_234_235_236_237_238_239_240_241_242_243_244_245_246_247_248_249_250_251_252_253_254_255_256_257_258_259_260_261_262_263_264_265_266_267_268_269_270_271_272_273_274_275_276_277_278_279_280_281_283_284_285_286_287_288_289_290_291_292_293_294_295_296_297_298  1.58e+10  1.33e+10 -78765.69 -299597.81  11250.80    728.19     87.92    255.27   -869.26  -3020.40      0.00 0
101512 5626.0    190_196_200_205_206_211_213_214_219_226_227_230_231_237_238_243_246_249_250_252_253_258_260_261_264_267_270_271_274_279_281_284  9.33e+10  8.24e+10  29516.88 -11793.96  10076.98    768.43     72.41    338.22   1433.86  -8491.61      0.00 0
101513 5626.0    176_178_185_187_202_203_209_215_221_229_232_239  7.24e+10  6.39e+10 -13048.77 -12689.38   8111.39    773.19     65.98    224.20   6210.86  -2664.03      0.00 0
101514 5626.0    258_270_274_279_284  4.17e+09  3.51e+09  -4211.47  19396.87   8775.06    706.63     66.15    102.25   3850.12 -11184.65      0.00 0
101515 5626.0    111_121_129_137_141_146_148_152_154_158_162_168_173_176_178_181_182_185_187_191_193_197_199_200_202_203_205_206_209_212_214_215_218_220_221_224_226_227_228_229_232_233_239_247  5.62e+10  4.90e+10  31717.60  20723.81  10785.46    756.93     74.11     33.16   4585.78  -3855.16      0.00 0
101516 5626.0    121_146_152_176_178_185_202_203_228_229_233_245_248_251_262_265  5.13e+09  4.33e+09 -16874.83  13317.38   9129.28    693.24     66.99    141.72   5877.74  -4070.25      0.00 0
101517 5626.0    182_200_205_206_213_214_219_226_227_230_231_237_242_249_252_257  8.32e+10  7.32e+10 -20268.42  -3340.88   8567.60    763.45     67.36    189.36   -595.79  -7431.45      0.00 0
101518 5626.0    29_35_41_44_45_55_66_67_78_79_91_102_103_110_116_117_128_140_148_157_167_172_181_190_196_205_211_213_219_234_237_242_254_257_263  7.76e+09  6.56e+09 -15529.21 -23940.32  10032.27    709.63     70.63    237.03  -1603.33  -5386.49      0.00 0
101519 5626.0    22_34_38_42_46_50_54_60_64_68_71_72_75_76_80_84_86_90_92_95_96_99_100_104_108_112_114_115_118_122_125_126_130_133_134_138_142_143_146_147_149_153_154_155_159_163_164_165_169_170_174_176_178_180_183_187_192_193_201_202_204_207_209_215_225_228_229  4.90e+09  4.10e+09  23026.99 -36256.76  11484.61    718.19     75.03    302.42   3040.19   1710.66      0.00 0
101520 5626.0    23_24_31_32_37_47_48_52_57_58_62_69_70_73_74_81_82_85_88_93_94_97_98_105_106_109_110_113_119_120_123_124_128_131_132_135_136_139_140_144_145_150_151_160_161_166_167_171_172_175_184_190_195_196_198_211_213_217_219_223_230_234_237_242_252_254_257_263_266_269_273_278_280_283_285_288_290_292_296  7.94e+09  6.67e+09  -4018.29  83656.08  13850.12    712.94     80.61     92.75  -4183.36  -4158.86      0.00 0
101521 5626.0    0_1_2_5_7_8_9_11_13_15_16_19_20_23_24_28_29_31_32_35_37_40_41_44_45_47_48_51_52_55_57_58_62_66_67_69_70_73_74_78_79_81_82_85_88_89_91_93_97_102_103_105_111_116_117_119_123_129_144_150_158_168  1.70e+09  1.39e+09  20866.72 -27964.29  11061.56    664.58     72.41    306.73  -1269.86   -930.68      0.00 0
101522 5626.0    0_1_2_3_4_5_6_7_8_9_10_11_12_13_14_15_16_17_18_19_20_21_22_23_24_25_26_27_28_29_30_31_32_33_34_35_36_37_38_39_40_41_42_43_44_45_46_47_48_49_50_51_52_53_54_55_56_57_58_59_60_61_62_63_64_65_66_67_68_69_70_71_72_73_74_75_76_77_78_79_80_81_82_83_84_86_87_88_89_90_91_92_94_95_96_99_100_101_102_103_104_106_107_108_110_111_112_114_115_116_117_118_120_121_122_125_126_128_129_130_133_134_136_137_138_140_141_142_143_146_147_148_149_151_152_153_154_155_157_158_159_161_162_163_164_165_167_168_169_170_172_173_174_177_179_181_182_183_184_186_188_190_191_192_194_196_197_198_200_205_206_207_210_211_212_213_214_216_217_219_220_223_226_227_230_231_234_237_238_242_246_249_250_252_253_254_257_260_261_263_266_267_269_273_275_276_277_278_280_283_285_286_287_288_290_292_293_294_296_297  5.37e+09  4.44e+09 -63290.82 -131979.88  14738.76    741.81     84.25    244.38   2575.65   1620.39      0.00 0
101523 5626.0    0_1_2_3_4_5_6_7_8_9_10_11_12_13_14_15_16_17_18_19_20_21_22_23_24_25_26_27_28_29_30_31_32_33_34_35_36_37_38_39_40_41_42_43_44_45_46_47_48_49_50_51_52_53_54_55_56_57_58_59_60_61_62_63_64_65_66_67_68_69_70_71_72_73_74_75_76_77_78_79_80_81_82_83_84_85_86_87_88_89_90_91_92_93_94_95_96_97_98_99_100_101_102_103_104_105_106_107_108_109_110_111_112_113_114_115_116_117_118_119_120_121_122_123_124_125_126_127_128_129_130_131_132_133_134_135_136_137_138_139_140_141_142_143_144_145_146_147_148_149_150_151_152_153_154_155_156_157_158_159_160_161_162_163_164_165_166_167_168_169_170_171_172_173_175_176_178_179_180_181_182_183_184_185_187_188_189_190_191_192_193_194_195_196_197_198_199_200_201_202_203_204_205_206_208_209_211_212_213_214_215_217_218_219_220_221_222_223_224_226_227_228_229_230_231_232_233_234_235_236_237_238_239_241_242_243_244_245_246_247_248_249_250_251_252_253_254_255_256_257_258_259_260_261_262_263_264_265_266_267_268_269_270_271_272_273_274_275_276_277_278_279_280_281_282_283_284_285_286_287_288_289_290_291_292_293_294_295_296_297_298  1.74e+10  1.47e+10 237539.61 -193870.73  11457.29    718.82     87.86    320.78    930.24  -5505.03      0.00 0
101524 5626.0    0_1_2_3_4_5_6_7_10_11_14_15_16_19_23_24_27_31_37_39_47_51_57_61_69_70_73_81_85_93_97_105_119_123_131_144  1.74e+10  1.50e+10  22729.19  -9774.63   9280.15    750.80     69.44    336.73  -2888.99   1414.03      0.00 0
101525 5626.0    1_6_7_10_11_14_15_19_23_27_30_31_36_39_42_43_46_51_56_61_65_68_77_80_90_92_104_112_118_130_169  2.82e+10  2.44e+10 -11161.10 -16392.28   8552.98    744.53     66.67    235.75    273.08   2600.86      0.00 0
101526 5626.0    19_27_30_36_39_42_43_46_51_56_57_61_64_65_68_77_80_81_84_87_90_92_93_101_104_105_108_109_112_115_118_119_122_123_127_130_135_138_142_144_153_163_169_174_177_186  1.62e+10  1.39e+10  32419.55   7747.35  10209.83    775.51     72.97     13.44    343.39   3121.17      0.00 0
101527 5626.0    44_55_66_67_78_79_88_89_91_102_103_106_110_111_116_117_128_136  3.47e+10  3.01e+10 -19058.45   -755.47   8424.31    744.15     66.17    182.27   -628.57  -3228.49      0.00 0
101528 5626.0    0_1_2_3_4_5_6_7_8_9_10_11_12_13_14_15_16_17_18_19_20_21_22_23_24_25_26_27_28_29_30_31_32_33_34_35_36_37_38_39_40_41_42_43_44_45_46_47_48_49_50_51_52_53_54_55_56_57_58_59_60_61_62_63_64_65_66_67_68_70_71_72_74_75_76_77_78_79_80_81_82_83_84_86_87_88_89_90_91_92_95_96_99_100_101_102_103_104_106_107_108_110_111_112_114_115_116_117_118_121_122_125_126_127_128_129_130_133_134_137_138_140_141_142_143_146_147_148_149_152_153_154_155_156_157_158_159_162_163_164_165_167_168_169_170_172_173_174_176_177_178_179_180_181_182_183_185_186_187_188_189_190_191_192_193_194_196_197_199_200_201_202_203_204_205_206_207_208_209_210_212_213_214_215_216_218_219_220_221_222_224_225_226_227_228_229_230_231_232_233_235_236_237_238_239_240_241_242_243_244_245_246_247_248_249_250_251_252_253_255_256_257_258_259_260_261_264_265_266_267_268_269_270_271_272_273_274_275_276_277_279_280_281_283_284_286_287_288_289_290_291_292_293_294_295_296_297_298  5.62e+10  4.84e+10 -30103.52 -218062.47  13579.47    802.01     86.47    262.14   2721.51  -2072.38      0.00 0
101529 5626.0    0_1_2_3_4_5_6_7_8_9_10_11_12_13_14_15_16_17_18_19_20_21_22_23_24_25_26_27_28_29_30_31_32_33_34_35_36_37_38_39_40_41_42_43_44_45_46_47_48_49_50_51_52_53_54_55_56_57_58_59_60_61_62_63_64_65_66_67_68_69_70_71_72_73_74_75_76_77_78_79_80_81_82_83_84_85_86_87_88_89_90_91_92_93_94_95_96_97_98_99_100_101_102_103_104_105_106_107_108_109_110_111_112_113_114_115_116_117_118_119_120_122_123_124_126_127_128_129_130_131_132_134_135_136_137_138_139_140_141_142_145_147_148_149_150_151_153_155_156_157_158_159_160_161_163_166_167_168_169_171_172_174_175_177_180_181_182_183_184_186_189_190_191_192_195_196_198_200_201_204_205_206_207_211_213_217_219_223_225_226_227_230_231_234_237_242_246_249_250_252_254_257_260_261_263_266_269_273_275_276_278_280_283_285_286_288_290_292_294_296_297  1.38e+09  1.12e+09 -57211.12 -164936.52  15089.32    684.91     85.06    250.87   1233.70   4941.48      0.00 0
101530 5626.0    21_33_53_59_63_75_83_89_95_107_121_125_137_146_152_162_176_178_185_199_202_203_218_228_233_241_245_248_251_262_265_268_282  1.17e+10  9.99e+09  23948.92 -19262.31  10337.21    703.98     71.41    321.19   5137.08  -4175.89      0.00 0
101531 5626.0    0_1_2_6_7_8_10_11_14_15_16_19_20_23_24_27_30_31_32_36_37_39_40_43_46_47_48_51_52_56_57_58_61_62_65_68_69_70_73_74_77_80_81_82_85_87_92_93_94_97_98_101_104_105_106_109_113_115_118_120_124_127_130_132_136_145_149_151_156_159_161_169_175_180_183_184_192_198_201_207_217_223  7.59e+10  6.64e+10 -22427.60 -39415.61  11323.74    777.86     75.98    240.36  -2124.84    519.28      0.00 0
101532 5626.0    267_270_274_275_276_277_279_281_284_286_287_288_289_290_291_293_294_295_296_297_298  1.17e+10  1.01e+10  33726.79   8377.78  10584.89    737.15     73.06     13.95   2131.37 -11187.17      0.00 0
101533 5626.0    0_1_2_3_4_5_6_7_8_9_10_11_12_13_14_15_17_18_19_21_22_25_26_27_29_30_31_33_34_35_36_38_39_41_42_43_45_46_49_50_51_53_54_56_59_60_61_63_64_65_67_68_71_72_75_76_77_79_80_81_83_84_86_87_89_90_92_95_96_99_100_101_103_104_105_107_108_109_111_112_114_115_118_121_122_125_126_127_129_130_133_134_135_137_138_139_141_142_143_146_149_152_154_156_159_162_164_165_166_168_169_170_171_173_176_178_180_183_185_187_189_192_193_195_197_199_201_202_203_204_207_209_212_215_218_220_224_225_228_229_232_233_235_241_243_244_245_247_248_251_255_256_259_262_264_265_268_271_272_279_282  1.17e+10  9.87e+09  52575.48 -81894.71  14370.78    699.15     81.60    302.70   6268.58  -6116.04      0.00 0
101534 5626.0    0_1_2_3_4_5_6_7_8_9_11_13_15_16_17_19_20_21_23_24_27_28_29_31_32_35_37_39_40_41_44_45_47_48_51_52_53_55_57_58_61_62_63_66_67_69_70_73_74_78_79_81_82_85_89_93_97_98_103_105_111_113_119_123_131_135_144_150  8.13e+10  7.12e+10  32595.70 -28656.19  11216.21    768.68     75.51    318.68  -4085.78   1974.73      0.00 0
101535 5626.0    50_60_64_71_72_75_76_84_86_90_95_96_99_100_108_112_114_121_122_125_126_130_133_134_138_142_143_146_147_152_153_154_155_159_163_164_165_169_170_174_176_177_178_179_185_186_187_188_192_202_203_207_209_218_228_233_241  4.79e+09  3.98e+09 -11862.24  51668.90  12443.87    690.30     76.79    102.93   3378.88   3862.77      0.00 0
101536 5626.0    0_1_2_3_4_5_6_7_8_9_10_11_12_13_14_15_16_17_18_19_20_21_22_23_24_25_26_27_28_29_30_31_32_33_34_35_37_38_40_41_42_44_45_47_48_49_50_52_53_54_55_58_59_60_62_63_64_66_67_69_70_71_72_74_75_76_78_79_82_83_84_85_86_88_89_91_94_95_96_98_99_100_102_103_106_107_110_111_113_114_116_117_120_121_122_124_125_126_128_129_132_133_134_136_137_140_141_143_145_146_147_148_151_152_154_155_157_158_161_162_164_165_167_168_170_172_173_175_176_178_179_181_182_184_185_187_188_190_193_194_196_198_202_203_208_209_210_211_215_216_217_219_221_222_223_229_232_234_236_239_240_247  5.01e+09  4.14e+09 -116531.48 -37324.45  14959.26    685.92     83.03    197.76   4100.53  -1002.54      0.00 0
101537 5626.0    2_8_11_13_16_20_23_24_28_31_32_35_37_40_44_45_47_48_52_55_57_58_62_66_69_70_73_74_78_79_81_82_85_88_91_93_94_97_98_102_103_105_106_110_113_116_117_119_120_123_124_128_129_131_132_135_136_140_144_145_148_150_151_157_158_160_161_167_168_172_175_181_182_184_190_191_196_197_198_200_205_206_211_213_214_217_219_220_223_226_227_230_231_234_237_238_242_243_246_249_250_252_253_254_257_258_260_261_263_264_266_267_269_270_271_273_274_275_276_277_278_279_280_281_283_284_285_286_287_288_289_290_291_292_293_294_295_296_297_298  1.15e+09  9.15e+08 -99137.30 149723.34  15142.02    673.17     85.18    123.51  -2909.31  -5056.15      0.00 0
101538 5626.0    13_20_21_28_29_35_40_41_44_45_52_53_55_62_63_66_67_78_79_83_89_91_95_103_107_111_121_137_141_146_152_162_176_185_202_203  9.55e+09  8.17e+09  24849.00  -8073.93   9545.90    738.09     69.93    342.00   2368.05  -2860.20      0.00 0
101539 5626.0    63_67_79_83_89_91_95_99_102_103_107_110_111_116_117_121_125_128_129_133_137_140_141_143_146_148_152_154_157_158_161_162_164_167_168_170_172_173_176_178_181_182_185_187_190_191_193_196_197_198_199_200_202_203_205_206_208_209_211_212_213_214_215_218_219_220_221_222_223_224_226_227_228_229_230_231_232_233_234_236_237_239_242_246_247_249_252_254_257_263_269_273_278_285  2.09e+09  1.69e+09 -64815.30 -36120.20  13899.62    652.13     79.39    209.13   -119.81  -5605.01      0.00 0
101540 5626.0    162_168_173_176_182_185_191_197_199_200_202_203_205_206_209_212_214_218_220_224_226_227_228_229_230_231_232_233_235_237_238_241_243_244_245_246_247_248_249_250_251_252_253_255_256_257_258_259_260_261_262_263_264_265_266_267_268_269_270_271_272_273_274_275_276_277_278_279_280_281_282_283_284_285_286_287_288_290_292_294_296  6.03e+09  5.00e+09  62331.30  34964.40  13542.81    684.07     79.27     29.29   2047.26  -7824.52      0.00 0
101541 5626.0    0_1_2_3_4_5_6_7_8_9_10_11_12_13_14_15_16_17_18_19_20_21_22_23_24_25_26_27_28_29_30_31_32_33_34_35_36_37_38_39_40_41_42_43_44_45_46_47_48_49_50_51_52_53_54_55_56_57_58_59_60_61_62_63_64_65_66_67_68_69_70_71_72_73_74_75_76_77_78_79_80_81_82_83_84_85_86_87_88_89_90_91_92_93_94_95_96_97_98_99_100_101_102_103_104_105_106_107_108_109_110_111_112_113_114_115_116_117_118_119_120_121_122_123_124_125_126_127_128_129_130_131_132_133_134_135_136_137_138_139_141_142_143_144_145_146_147_148_149_150_152_153_154_155_156_158_159_160_162_163_164_165_166_168_169_170_171_173_174_176_177_178_179_180_182_183_185_186_187_188_189_191_192_193_194_195_197_199_201_202_203_204_208_209_210_212_214_215_216_218_220_221_222_224_225_228_229_232_233_235_236_239_240_241_243_244_245_247_248_251_255_256_259_262_265_268_271_272_282  2.09e+10  1.78e+10 -189501.53 128785.11  13812.96    741.10     86.55    145.80   -674.66   1368.56      0.00 0
101542 5626.0    0_2_3_4_5_8_9_12_13_16_17_18_20_21_22_25_26_28_29_33_34_35_38_40_41_44_45_49_50_52_53_54_55_59_60_62_63_66_67_71_72_75_76_78_79_82_83_84_86_88_89_91_95_96_99_100_102_103_106_107_110_111_114_116_117_121_122_125_126_128_129_133_134_136_137_140_141_143_146_147_148_151_152_153_154_155_157_158_161_162_164_165_167_168_170_172_173_177_178_179_181_182_184_187_188_190_191_193_194_196_198_200_205_206_208_210_211_213_216_217_219_221_222_223_226_230_234_236_237_240_242_249_252_254_257_263_269_273_278_283_285  1.17e+10  9.89e+09  64781.15  60156.25  14049.36    707.25     80.97     42.88    453.60  -3435.36      0.00 0
101543 5626.0    0_1_2_3_4_5_6_7_8_10_11_12_13_14_15_16_18_19_20_22_23_24_26_27_28_30_31_32_34_36_37_39_40_42_43_46_47_48_51_52_54_56_57_58_60_61_62_64_65_66_68_69_70_73_74_77_80_81_82_84_85_87_88_90_92_93_94_97_98_101_104_105_106_108_109_112_113_115_118_120_122_123_124_130_131_132_136_138_142_145_149_151_153_159_161_163_169_174_175_184_186_192_217  1.91e+10  1.64e+10  42688.89  41964.91  12309.57    780.16     78.38     44.51  -2403.52   -111.05      0.00 0
101544 5626.0    6_7_10_14_15_19_22_27_30_31_36_39_42_43_46_47_51_54_56_57_61_64_65_68_73_77_80_81_84_87_90_92_96_104_108_112_122_130_138_142_147_153_163_174_177_186  5.89e+10  5.13e+10 -28342.33 -14509.75   9892.85    803.03     72.74    207.11   2649.45   3470.15      0.00 0
101545 5626.0    116_117_128_129_140_141_148_157_158_161_162_167_168_172_173_181_182_184_185_190_191_196_197_198_199_200_203_205_206_211_212_213_214_217_218_220_223_224_228_231_233_235_238_241_243_244_248_251_255_256_259_262_265_268_272_282  3.31e+10  2.86e+10 -45944.42   4318.76  11642.70    735.31     75.84    174.63   3053.59  -5853.67      0.00 0
101546 5626.0    41_45_53_59_63_67_79_83_89_95_107_121_125_137_146_152_154_178_187  1.55e+10  1.33e+10 -19643.51   -456.06   8563.94    737.04     66.45    181.33   3177.88  -2256.01      0.00 0
101547 5626.0    0_1_2_3_4_5_6_7_8_9_10_11_12_13_14_15_16_17_18_19_20_21_22_23_24_25_26_27_28_29_30_31_32_34_35_36_37_39_40_41_42_43_44_45_46_47_48_50_51_52_54_55_56_57_58_60_61_62_64_65_66_68_69_70_73_74_77_78_79_80_81_82_84_85_87_88_90_91_92_93_94_97_98_101_102_104_105_106_108_109_110_112_113_115_116_118_119_120_123_124_127_128_130_131_132_135_136_138_139_140_142_144_145_149_150_151_156_157_159_160_161_163_166_167_169_171_172_174_175_180_183_184_189_190_192_195_196_198_201_204_207_211_213_217_219_223_225_234_237_242_254_257_263_273_278_285_292  5.50e+10  4.71e+10  42902.43 100534.69  14448.66    727.43     82.47     66.89  -1852.99    596.88      0.00 0
101548 5626.0    50_60_71_72_75_76_84_86_95_96_99_100_108_112_114_121_122_125_126_133_134_137_138_142_143_146_147_152_153_154_155_162_163_164_165_169_170_174_176_177_178_179_185_186_187_188_193_199_202_203_209_212_215_218_224_228_229_232_233_235_241_244_245_247_248_251_255_256_259_262_265_268_271_272_279_282  4.68e+09  3.88e+09  20101.15 -65747.91  13588.33    659.38     78.82    287.00   6394.84  -6756.40      0.00 0
101549 5626.0    0_1_2_3_4_5_6_7_8_9_10_11_13_14_15_16_17_19_20_21_23_24_27_28_29_30_31_32_35_36_37_39_40_41_43_44_45_46_47_48_51_52_55_56_57_58_61_62_65_66_67_69_70_73_74_77_78_79_81_82_85_87_88_91_92_93_94_101_102_103_105_106_109_110_115_116_117_120_127_128_129_135_136_139_140_148_156_157_158_166_167_172_181_182_189_190_191_196_200_205_206_213_214_219_226_227_230_231_237_246_249_250_252_253_257_260_261_266_267_269_275_276_277_280_281_283_286_287_288_289_290_293_294_295_296_297_298  7.94e+10  6.89e+10  -5631.81  66927.35  12812.20    762.88     79.20     94.81   -476.29  -8747.78      0.00 0
101550 5626.0    0_1_2_3_4_5_6_7_8_9_10_11_12_13_14_15_16_18_19_20_22_23_24_27_28_30_31_32_34_35_36_37_39_40_42_43_44_46_47_48_51_52_54_56_57_58_61_62_64_65_66_68_69_70_74_77_78_80_82_84_88_90_92_94_102_104_106_110_112_118_120_130_136_140_142_151_159_161_169_172_198  4.27e+10  3.72e+10 -16680.21 -29821.28  10296.79    776.12     73.23    240.78   -667.27    248.05      0.00 0
101551 5626.0    21_25_33_38_41_45_49_53_59_63_67_71_72_75_76_79_83_86_89_91_95_96_99_100_103_107_111_114_116_117_121_122_125_126_129_133_134_137_141_143_146_147_148_152_154_155_157_158_162_164_165_168_170_173_176_177_178_179_181_182_185_187_188_190_191_193_194_197_199_200_202_203_205_206_208_209_210_212_213_214_215_216_218_220_221_222_224_226_227_228_229_230_231_232_233_235_236_237_238_239_240_241_243_244_246_249_250_252_253_255_257_258_260_261_264_266_267_269_270_273_274_275_276_277_280_281_283_284_285_286_287_288_289_290_292_293_294_295_296_297_298  2.75e+09  2.26e+09 -54718.86 -88355.75  14772.55    666.77     81.91    238.23    611.86  -7863.98      0.00 0
101552 5626.0    0_1_2_3_4_5_6_7_8_9_10_11_12_13_14_15_16_17_18_19_20_21_22_23_24_25_26_27_28_29_30_31_32_33_34_35_36_37_38_39_40_41_42_43_44_45_46_47_48_49_50_51_52_53_54_55_56_57_58_59_60_61_62_63_64_65_66_67_68_69_70_71_72_73_75_76_77_78_79_80_81_83_84_86_87_88_89_90_91_92_93_95_96_99_100_101_102_103_104_105_107_108_109_111_112_114_115_116_117_118_119_121_122_125_126_127_129_130_133_134_135_137_138_139_141_142_143_146_148_149_150_152_154_156_158_159_160_162_164_166_168_169_171_173_174_176_178_180_182_183_185_189_191_192_195_197_199_201_202_203_204_206_207_212_214_218_220_224_225_228_231_233_235_238_241_243_244_248_251_253_255_256_258_259_264_265_268_270_271_272_274_279_284  5.01e+10  4.31e+10  44534.68 -103507.82  14554.83    721.21     82.64    293.28    526.95   1887.40      0.00 0
101553 5626.0    9_12_17_21_25_26_29_33_34_35_38_41_45_49_50_53_55_59_60_63_67_71_72_75_76_78_79_83_86_89_91_95_96_99_100_102_103_107_111_114_116_117_121_122_125_126_128_129_133_134_137_141_143_146_147_148_152_153_154_155_157_158_162_164_165_167_168_170_173_176_177_178_179_181_182_185_186_187_188_190_191_193_194_196_197_199_200_202_203_205_206_208_209_210_212_213_214_215_216_218_219_220_221_222_224_226_227_228_229_230_231_232_233_235_236_237_238_239_240_241_242_243_244_245_246_247_248_249_250_251_252_253_255_256_257_258_259_260_261_262_263_264_265_266_267_268_269_270_271_272_273_274_275_276_277_278_279_280_281_283_284_285_286_287_288_289_290_291_292_293_294_295_296_297_298  8.32e+10  7.17e+10 -94829.13 -145634.22  14562.76    756.89     85.21    236.93    858.29  -8610.50      0.00 0
101554 5626.0    103_107_111_116_117_129_137_141_148_157_158_167_168_181_182_190_191_196_200_205_206_213_219_226_227_230_237_242_249_252_254_257_263_266_269_273_278_283_285  1.91e+09  1.56e+09  29321.46  26188.80  11667.77    641.59     73.47     41.77  -1104.28  -6890.79      0.00 0
101555 5626.0    181_182_190_191_196_197_200_205_206_211_212_213_214_219_220_223_224_226_227_230_231_234_235_237_238_241_242_243_244_246_249_250_252_253_254_255_256_257_258_259_260_261_263_264_266_267_268_269_270_271_272_273_274_275_276_277_278_279_280_281_282_283_284_285  4.27e+10  3.68e+10  63942.93   -412.93  12719.31    750.81     78.75    359.63   -607.32  -8264.49      0.00 0
101556 5626.0    0_1_2_3_4_5_6_7_8_9_10_11_12_13_14_15_16_17_18_19_20_21_22_23_24_25_26_27_28_29_30_31_32_33_34_35_36_37_38_39_40_41_42_43_44_45_46_47_48_49_50_51_52_53_54_55_56_57_58_59_60_61_62_63_64_65_66_67_68_69_70_71_72_73_74_75_76_77_78_79_80_81_83_84_85_86_87_89_90_91_92_93_95_96_97_99_100_101_103_104_105_107_108_109_111_112_114_115_118_119_121_122_123_125_126_127_129_130_131_133_134_135_137_138_139_141_143_144_146_149_150_152_154_156_159_160_162_164_165_166_168_170_171_173_176_178_180_185_187_189_193_195_199_202_203_204_209_212_215_218_221_224_228_229_232_233_235_239_241_244_245_247_248_251_256_259_262_265_268_272_282  2.45e+10  2.08e+10 -81441.57  75839.27  14611.41    709.61     82.52    137.04   2920.85  -1295.64      0.00 0
101557 5626.0    28_35_40_44_45_52_55_58_62_66_67_78_79_82_88_89_91_102_103_111_116_117_129_141_158_168_173  8.71e+09  7.42e+09 -19545.04  13005.37   9385.20    701.56     68.21    146.36    393.50  -3391.13      0.00 0
101558 5626.0    8_13_20_28_29_32_35_40_41_44_45_48_52_55_58_62_63_66_67_74_78_79_82_88_89_91_94_98_102_103_106_107_110_111_116_117_120_124_129_132_136_137_141_145_151_152_162_185  1.00e+10  8.48e+09 -34513.79   9909.71  10923.46    701.89     73.08    163.98  -1463.70  -2432.28      0.00 0
101559 5626.0    197_199_203_212_214_218_220_224_227_228_231_233_235_238_241_243_244_245_246_247_248_250_251_253_255_256_258_259_260_261_262_264_265_266_267_268_270_271_272_274_275_276_277_279_280_281_284_286_287_288_289_290_293_294_296  1.74e+10  1.48e+10  33996.64  25553.24  11308.22    740.76     75.11     36.93   3203.89  -7976.52      0.00 0
101560 5626.0    0_1_2_3_4_5_6_7_8_9_10_11_12_13_14_15_16_17_18_19_20_21_22_23_24_25_26_27_28_29_30_31_32_33_34_35_36_37_38_39_40_41_42_43_44_45_46_47_49_50_51_53_54_55_56_57_59_60_61_63_64_65_66_67_68_71_72_73_75_76_77_78_79_80_81_83_84_86_87_89_90_91_92_95_96_99_100_101_103_104_105_107_108_109_111_112_114_115_117_118_121_122_125_127_129_130_133_135_137_138_139_141_142_146_149_152_154_156_158_159_160_162_166_168_169_171_173_176_178_180_183_185_189_191_192_195_197_199_201_202_203_204_207_212_214_218_220_224_225_233_235_238_241_243_244_251_255_256_258_259_264_268_271_272_274_279  1.05e+10  8.86e+09 -35878.98  78438.82  13723.21    744.95     80.96    114.58    204.18   2340.67      0.00 0
101561 5626.0    87_101_105_109_115_127_135_139_149_156_166_180_183_189_201  1.70e+10  1.47e+10 -11198.19 -17336.29   8875.52    712.06     66.73    237.14  -1219.20   4794.58      0.00 0
101562 5626.0    87_101_105_109_115_118_127_135_139_149_156_159_166_180_183_189_192_201_207  6.31e+10  5.52e+10  13770.52  17913.70   8763.97    787.45     68.80     52.45   -770.85   5029.05      0.00 0
101563 5626.0    11_15_16_19_20_23_24_31_32_37_40_47_48_51_52_57_58_61_62_66_69_70_73_74_81_82_85_87_88_93_94_97_98_102_105_106_109_110_113_119_120_123_124_127_128_131_132_135_136_139_140_144_145_150_151_157_160_161_166_167_171_172_184_190_195_196_198_205_211_213_219_230_237  3.89e+10  3.35e+10  11746.50 -60206.06  12625.03    742.77     78.37    281.04  -4097.87   4143.96      0.00 0
101564 5626.0    0_1_2_3_4_5_6_7_8_9_10_11_12_13_14_15_16_17_18_19_20_21_22_23_24_25_26_27_28_29_30_31_32_33_34_35_36_37_38_39_40_41_42_43_44_45_46_47_48_49_50_51_52_53_54_55_56_57_58_59_60_61_62_63_64_65_66_67_68_69_70_71_72_73_74_75_76_77_78_79_80_81_82_83_84_85_86_87_88_89_90_92_93_94_95_96_97_98_99_100_101_104_105_106_107_108_109_112_113_114_115_118_119_120_122_123_124_125_126_130_131_132_133_134_135_138_142_143_144_145_147_150_153_154_155_163_164_165_170_177_179_186_187_188_193_194_208_210_215_216_221_222_236_239_240  6.31e+10  5.47e+10 112177.09  11414.31  14264.43    764.18     82.79      5.81   6474.83   1453.73      0.00 0
101565 5626.0    116_117_128_129_140_148_157_158_161_167_172_181_182_190_196_198_205_211_213_217_219_223_234_242_254  2.51e+10  2.17e+10 -33827.91 -10303.51  10818.08    709.60     72.99    196.94  -3678.58  -6167.05      0.00 0
101566 5626.0    242_249_252_254_257_260_261_263_266_269_273_275_276_277_278_280_283_285_286_287_288_289_290_291_292_293_294_295_296_297_298  2.82e+10  2.43e+10  49673.14 -25484.70  12346.35    733.90     77.53    332.84  -2447.38 -10607.47      0.00 0
101567 5626.0    0_1_2_3_4_5_6_7_8_9_10_11_12_13_14_15_16_17_18_19_20_21_22_23_24_25_26_27_28_29_30_31_32_33_34_35_36_38_39_40_41_42_43_44_45_46_48_49_50_52_53_54_55_56_58_59_60_62_63_64_66_67_68_71_72_75_76_77_78_79_80_82_83_84_86_88_89_90_91_92_95_96_99_100_102_103_104_106_107_108_110_111_112_114_116_117_118_121_122_125_126_128_129_130_133_134_136_137_138_140_141_142_143_146_147_148_152_153_154_155_157_158_159_162_163_164_165_167_168_169_170_172_173_174_177_179_181_182_186_188_190_191_192_194_196_197_200_205_206_207_210_211_212_213_214_219_220_226_227_230_231_234_237_238_242_246_249_250_252_253_254_257_260_261_263_266_267_269_273_275_276_277_278_280_283_285_286_287_288_290_292_293_294_296_297  8.32e+09  6.96e+09  44892.32 110335.42  14731.45    710.93     82.95     67.86   3552.27   3529.61      0.00 0
101568 5626.0    0_1_2_3_4_5_6_7_8_9_10_11_12_13_14_15_16_17_18_19_20_21_22_23_24_25_26_27_28_29_30_31_32_33_34_35_36_37_38_39_40_41_42_43_44_45_46_47_48_49_50_51_52_53_54_55_56_57_58_59_60_61_62_63_64_65_66_67_68_69_70_71_72_73_74_75_76_77_78_79_80_81_82_83_84_85_86_87_88_89_91_93_94_95_96_97_98_99_100_101_102_103_105_106_107_109_110_111_113_114_116_117_119_120_121_123_124_125_128_129_131_132_133_134_135_136_137_139_140_141_143_144_145_146_148_150_151_152_154_157_158_160_161_162_164_167_168_170_172_173_175_176_178_181_182_184_185_187_190_191_193_196_197_198_199_200_202_203_205_206_209_211_212_213_214_215_217_218_219_220_221_223_224_226_227_228_229_230_231_232_233_234_235_237_238_239_241_242_243_244_245_246_247_248_249_250_251_252_253_255_256_258_259_260_261_262_264_265_267_268_270_271_272_274_279_281_282_284  1.20e+10  1.00e+10 -233367.55 116658.05  13079.75    723.65     87.13    153.44   5606.03  -6054.69      0.00 0
101569 5626.0    181_182_190_191_197_200_205_206_212_213_214_219_220_224_226_227_230_231_234_235_237_238_241_242_243_244_246_249_250_251_252_253_254_255_256_257_258_259_260_261_263_264_265_266_267_268_269_270_271_272_273_274_275_276_277_278_279_280_281_282_283_284_285_286_287_288_289_290_291_292_293_294_295_296_297_298  2.40e+10  2.04e+10 231080.20  19323.09  13817.21    731.82     86.59      4.78   5136.55 -11008.59      0.00 0
101570 5626.0    0_1_2_3_4_5_6_7_8_9_10_11_12_13_14_15_16_17_18_19_20_21_22_23_24_25_26_27_28_29_30_31_32_33_34_35_36_37_38_39_40_41_42_43_44_45_46_47_48_49_50_51_52_53_54_55_56_57_58_59_60_61_62_63_64_65_66_67_68_69_70_71_72_73_74_75_76_77_78_79_80_81_82_83_84_85_86_87_88_89_90_91_92_93_94_95_96_97_98_99_100_101_102_103_104_105_106_107_108_109_110_111_112_113_114_115_116_117_118_120_121_122_123_124_125_126_127_128_129_130_131_132_133_134_136_137_138_140_141_142_143_145_146_147_148_149_151_152_153_154_155_156_157_158_159_161_162_163_164_165_167_168_169_170_172_173_174_175_176_177_178_179_181_182_183_184_185_186_187_188_190_191_192_193_194_196_197_198_199_200_202_203_205_206_207_208_209_210_211_212_213_214_215_216_217_218_219_220_221_222_223_224_226_227_229_230_231_232_234_236_237_238_239_240_242_246_249_250_252_253_254_257_260_261_263_266_269_273_275_276_278_280_283_285_286_288_290_292_294_296  4.17e+10  3.60e+10 -180196.16 -194049.95  12812.55    742.41     87.23    227.12   2597.84    370.25      0.00 0
101571 5626.0    120_124_132_136_140_145_151_161_167_172_175_184_190_196_198_205_211_213_217_219_223_226_230_234_237_242_246_249_252_254_257_260_261_263_266_269_273_275_276_277_278_280_283_285_286_287_288_289_290_292_293_294_295_296_297_298  8.91e+10  7.78e+10 -35692.55  60113.11  13134.00    733.52     79.36    120.70  -4143.21  -6079.53      0.00 0
101572 5626.0    21_29_33_35_41_44_45_49_53_55_59_63_66_67_71_72_75_78_79_83_86_88_89_91_95_99_100_102_103_107_110_111_114_116_117_121_125_128_129_133_134_137_140_141_143_146_148_152_154_155_157_158_161_162_164_165_167_168_170_172_173_176_178_181_182_185_187_188_190_191_193_194_196_197_198_199_200_202_203_205_206_208_209_210_211_212_213_214_215_216_217_218_219_220_221_222_223_224_226_227_228_229_230_231_232_233_234_235_236_237_238_239_240_241_242_243_245_246_247_249_250_252_253_254_257_260_261_263_266_269_273_275_276_278_280_283_285_288_290_292  7.08e+10  6.15e+10  89201.41  67560.43  14294.85    757.29     82.72     37.14  -2686.56  -7964.85      0.00 0
101573 5626.0    107_111_117_121_125_129_133_137_141_146_148_152_154_158_162_164_168_170_173_176_178_181_182_185_187_191_193_197_199_200_202_203_205_206_208_209_212_214_215_218_220_221_226_227_230_231_238_246_249_250_252_260_266_269_280  1.10e+10  9.38e+09 -27259.95 -29202.05  11033.60    747.95     74.56    226.97   2575.27  -4985.60      0.00 0
101574 5626.0    0_1_2_3_4_5_6_7_8_9_11_12_13_15_16_17_18_19_20_21_23_24_25_26_28_29_31_32_33_35_37_38_40_41_44_45_47_48_49_51_52_53_55_57_58_59_62_63_66_67_69_70_71_73_74_75_78_79_82_83_85_88_89_91_93_94_95_97_98_99_102_103_106_107_110_111_113_116_117_120_121_123_124_125_128_129_131_132_133_136_137_140_141_144_145_146_148_151_152_154_157_158_161_162_167_168_172_173_175_176_178_181_182_184_185_187_190_191_196_197_198_199_200_202_203_205_206_209_211_212_213_214_217_218_220_223_224_226_227_228_229_231_232_233_235_238_241_243_244_245_247_248_251_253_255_256_258_259_262_264_265_268_271_272_279_282  8.32e+10  7.23e+10 -131818.69  50600.46  14367.17    794.29     84.19    159.00   2670.21  -4576.06      0.00 0
101575 5626.0    0_1_2_3_4_5_6_7_8_9_10_11_12_13_14_15_16_17_18_19_20_21_22_23_24_25_26_27_28_29_30_31_32_33_34_35_36_37_38_39_40_41_42_43_44_45_46_47_48_49_50_51_52_53_54_55_56_57_58_59_60_61_62_63_64_65_66_67_68_69_70_71_72_73_74_75_76_77_78_79_80_81_82_83_84_86_87_88_89_90_91_92_93_95_96_99_100_101_102_103_104_105_107_108_109_111_112_114_115_116_117_118_119_121_122_125_126_127_129_130_133_134_135_137_138_139_141_142_143_146_147_148_149_150_152_153_154_155_156_157_158_159_160_162_163_164_165_166_168_169_170_171_173_174_176_177_178_180_181_182_183_185_186_187_189_191_192_193_195_197_199_200_201_202_203_204_206_207_209_212_214_215_218_220_224_225_227_228_229_231_233_235_238_241_243_244_245_248_250_251_253_255_256_258_259_261_262_264_265_267_268_270_271_272_274_277_279_281_282_284_289_291  2.45e+09  2.00e+09  58071.49 -155071.69  15215.44    675.34     84.75    290.53   5119.49  -9017.58      0.00 0
101576 5626.0    129_141_148_157_158_162_168_173_181_182_185_190_191_196_197_199_200_202_203_205_206_211_212_213_214_218_219_220_224_226_227_228_229_230_231_233_234_235_237_238_241_242_243_244_245_246_247_248_249_250_251_252_253_254_255_256_257_258_259_262_263_265_266_268_269_273_278_282  5.01e+10  4.39e+10 -50466.36 -12648.19  11963.62    754.46     77.05    194.07   1851.40  -6571.54      0.00 0
101577 5626.0    70_74_85_93_94_97_98_106_110_113_119_120_123_124_131_132_136_140_144_145_150_151_161_167_172_175_184_196_198_211_213_217_219_223_234_237_242_252_254_257_263_269_273_280_283_285_290  1.35e+09  1.10e+09  -5456.58  41784.93  11409.62    718.87     74.85     97.44  -3698.97  -4027.44      0.00 0
101578 5626.0    1_6_7_10_11_14_15_19_22_23_27_30_31_36_37_39_42_43_46_47_51_54_56_57_61_64_65_68_69_70_73_77_80_81_84_85_87_90_92_93_97_98_101_104_105_108_112_113_118_123_130_131_132_138_142_153_163_174_186  1.38e+09  1.12e+09 -31954.43 -16457.62  11057.68    681.71     72.90    207.25   -489.18   2202.77      0.00 0
101579 5626.0    2_5_8_11_13_16_20_23_24_28_29_32_35_37_40_41_44_45_47_48_52_55_58_62_63_66_67_69_70_73_74_78_79_82_85_88_89_91_93_94_97_98_102_103_106_110_111_113_116_117_120_123_124_128_129_131_132_141_148_158_162_168_173_182_191_197_199_212_214_220_224_235_243_255  8.71e+10  7.65e+10  28948.96 -26760.14  10592.78    817.07     74.96    317.25   -740.38  -2566.11      0.00 0
101580 5626.0    0_1_2_3_4_5_6_7_8_10_11_13_14_15_16_18_19_20_22_23_24_27_28_30_31_32_35_36_37_39_40_42_43_44_46_47_48_51_52_56_57_58_61_62_64_65_66_68_69_70_73_74_77_78_80_81_82_85_87_88_90_92_93_94_97_98_101_102_104_105_106_109_110_112_113_115_118_120_124_127_128_130_132_136_140_145_149_151_156_159_161_167_169_172_175_180_183_184_192_196_198_207_211_217_219_223_234_242_254_263_278  3.02e+10  2.60e+10  26230.20  52289.29  12253.16    776.05     78.17     63.36  -3329.03  -2992.99      0.00 0
101581 5626.0    0_1_2_3_4_5_6_7_8_9_10_11_12_13_14_16_17_18_20_21_22_25_26_28_29_30_32_33_35_36_40_41_42_44_45_46_52_53_55_62_63_66_67_78_79_88_91_102_103_110_116_117_128_148_157_167_181_182_190_196_200_205_213_226_230_237_249_252_266  2.19e+10  1.88e+10  -6507.21 -32803.73  10326.73    757.11     72.84    258.78   -513.53  -3671.70      0.00 0
101582 5626.0    0_1_2_3_4_5_6_7_8_9_10_11_12_13_14_15_16_17_18_19_20_21_22_23_24_25_26_27_28_29_30_31_32_33_34_35_36_37_38_39_40_41_42_43_44_45_46_47_48_49_50_51_52_53_54_55_56_57_58_59_60_61_62_63_64_65_66_67_68_69_70_71_72_73_74_75_76_77_78_79_80_81_82_83_84_85_86_87_88_89_90_91_93_94_95_96_97_98_99_100_102_103_105_106_107_108_110_111_113_114_116_117_119_120_121_122_123_124_125_126_128_129_131_132_133_134_136_137_140_141_143_144_145_146_147_148_151_152_154_155_157_158_161_162_164_165_167_168_170_172_173_175_176_178_179_181_182_184_185_187_188_190_191_193_194_196_197_198_199_200_202_203_205_206_208_209_210_211_212_213_214_215_216_217_218_219_220_221_222_223_224_226_227_228_229_230_231_232_233_234_235_236_237_238_239_240_241_242_243_244_245_247_248_251_254_255_256_259_262_265_268_272_282  9.55e+09  7.91e+09 -253123.95     88.36  13354.27    718.49     86.98    179.98  -2419.24  -2669.86      0.00 0
101583 5626.0    36_39_43_46_51_56_61_64_65_68_77_80_81_87_90_92_93_101_104_105_108_109_112_115_118_119_122_123_127_130_135_138_139_142_144_147_149_150_153_156_159_160_163_166_169_171_174_177_180_183_186_189_192  6.61e+10  5.75e+10  51387.78   6838.34  12006.52    745.38     76.96      7.58  -1040.60   3781.06      0.00 0
101584 5626.0    62_66_78_88_91_102_110_116_117_128_148_157_158_181_182_191_200_206_214_227_231_238_253  4.37e+10  3.80e+10 -11281.85  20178.22   8911.21    774.69     68.92    119.21    228.13  -5308.02      0.00 0
101585 5626.0    0_1_2_3_4_5_6_7_8_9_10_11_12_13_14_15_16_17_18_20_21_22_24_25_26_28_29_30_32_33_34_35_38_40_41_42_44_45_48_49_50_52_53_54_55_58_59_60_62_63_64_66_67_71_72_74_75_76_78_79_82_83_84_86_88_89_90_91_94_95_96_99_100_102_103_106_107_108_110_111_114_116_117_120_121_122_125_126_128_133_134_136_138_140_143_145_147_151_153_154_155_157_161_164_165_167_170_172_175_177_179_184_186_188_193_194_196_198_208_210_211_216_217_222_223_240  3.47e+09  2.86e+09  62724.10  43724.39  13426.93    733.68     80.04     34.88   5957.73   2242.04      0.00 0
101586 5626.0    0_1_2_4_5_6_7_8_10_11_14_15_16_18_19_20_22_23_24_27_30_31_32_34_36_37_39_42_43_46_47_48_51_52_54_56_57_58_60_61_64_65_68_69_70_73_74_77_80_81_82_84_85_87_90_92_94_104_108_112_118_122_130_138_142_153_159_163_169_174_186_192  1.82e+10  1.55e+10 -31168.67 -33365.89  11842.31    697.88     75.46    226.95   2627.53   4467.59      0.00 0
101587 5626.0    48_58_69_70_74_82_85_94_98_106_110_120_124_136_140_145_151_161_167_172_184_196_198_211_219_234_242  1.86e+10  1.59e+10    374.29  26150.68   9560.42    736.16     69.92     89.18  -3047.73  -3720.20      0.00 0
101588 5626.0    0_1_2_3_4_5_6_7_8_9_10_11_12_13_14_15_16_17_18_19_20_21_22_23_24_25_26_27_28_29_30_31_32_33_34_35_36_37_38_39_40_41_42_43_44_45_46_47_48_49_50_51_52_53_54_55_56_57_58_59_60_61_62_63_64_65_66_67_68_69_70_71_72_73_74_75_76_77_78_79_80_81_82_83_84_85_86_87_88_89_90_91_92_93_94_96_97_98_101_102_103_104_105_106_107_108_109_110_111_112_115_116_117_118_120_122_124_127_128_129_130_135_136_138_139_140_142_148_149_151_156_157_158_159_161_163_166_167_168_169_171_172_174_180_181_182_183_189_190_191_192_195_196_198_200_201_204_205_206_207_211_213_219_223_225_226_227_230_231_234_237_242_246_249_250_252_254_257_260_261_263_266_269_273_275_276_277_278_280_283_285_286_287_288_290_292_293_294_296_297  6.31e+09  5.26e+09 -16099.62 -107725.12  14804.21    676.89     82.26    261.50    306.56   4171.00      0.00 0
101589 5626.0    0_2_3_4_5_6_8_9_10_12_13_14_17_18_20_21_22_25_26_28_29_30_33_34_35_38_40_41_42_44_45_46_49_50_53_54_55_59_60_62_63_64_66_67_68_71_72_75_76_78_79_83_84_86_88_89_90_91_95_96_99_100_102_103_107_108_110_111_112_114_116_117_121_122_125_126_128_129_133_134_137_138_140_141_142_143_146_147_148_152_153_154_155_157_158_162_163_164_165_167_168_170_172_173_174_176_177_178_179_181_182_185_186_187_188_190_191_193_194_196_197_199_200_202_203_205_206_208_209_210_211_212_213_214_215_216_218_219_220_221_222_224_226_227_228_229_230_231_232_233_234_235_236_237_238_239_240_241_242_243_244_246_249_250_252_253_254_255_257_258_260_261_263_264_266_267_269_270_273_274_275_276_277_278_280_281_283_284_285_286_287_288_289_290_291_292_293_294_295_296_297_298  1.12e+09  8.82e+08 -72661.34 -138223.56  15724.31    616.08     84.25    242.27   4755.16   1113.47      0.00 0
101590 5626.0    1_4_6_7_10_14_15_18_19_22_23_27_30_31_34_36_39_42_43_46_47_50_51_54_56_57_60_61_64_65_68_69_73_76_77_80_81_84_87_90_92_93_96_97_100_101_104_105_108_109_112_113_115_118_119_122_123_126_127_130_131_135_138_139_144_147_150_153_155_160_177_179_188_210  2.00e+10  1.71e+10 -51797.94  -1473.99  12144.48    723.17     76.81    181.63  -3461.75   2283.92      0.00 0
101591 5626.0    51_57_61_65_73_81_87_93_101_105_109_115_127_139_156_166  9.77e+10  8.57e+10  -4713.73 -16057.25   7718.40    796.15     65.24    253.64  -1785.08   3296.51      0.00 0
101592 5626.0    80_92_101_104_109_115_118_127_139_149_156_160_166_171_189_195  9.77e+10  8.57e+10  22072.57 -11657.24   9248.50    761.99     69.67    332.16  -2014.92   4932.88      0.00 0
101593 5626.0    190_205_213_226_230_237_249_252_260_266_269_276_280_286_288_290_294_296  4.27e+10  3.71e+10   -929.45  21373.49   8826.58    741.69     67.58     92.49  -1491.47  -9252.06      0.00 0
101594 5626.0    0_1_2_3_4_5_6_7_8_9_10_11_12_13_14_15_16_17_18_19_20_21_22_23_24_25_26_27_28_29_30_31_32_33_34_35_36_37_38_39_40_41_42_43_44_45_46_47_48_49_50_51_52_53_54_55_56_57_58_59_60_61_62_63_64_65_66_67_68_69_70_71_72_73_74_75_76_77_78_79_80_81_82_83_84_85_86_87_88_89_90_91_92_94_95_96_98_99_100_102_103_104_106_107_108_110_111_112_114_116_117_118_120_121_122_124_125_126_128_129_130_133_134_136_137_138_140_141_142_143_145_147_148_151_153_155_157_158_159_161_163_164_165_167_168_169_170_172_174_175_177_179_181_182_184_186_188_190_191_192_194_196_198_200_205_210_211_213_216_217_219_223_226_230_234_237_242_249_252_254_257_263_266_269_273_278_280_283_285_292  1.70e+09  1.36e+09  83330.55 104873.53  15261.61    662.41     83.50     51.53  -2671.92  -5087.68      0.00 0
101595 5626.0    0_1_2_3_4_5_6_7_8_9_10_11_12_13_14_15_16_18_19_20_22_23_24_27_28_30_31_32_35_36_37_39_40_42_43_44_46_47_48_51_52_54_56_57_58_61_62_64_65_66_68_69_70_73_74_77_78_80_81_82_85_87_88_90_92_93_94_97_98_101_102_104_105_106_109_110_112_113_115_118_120_124_127_128_130_132_136_140_142_145_149_151_156_159_161_167_169_172_174_175_180_183_184_192_198_207_211_217_223_234_254  1.74e+10  1.49e+10  23941.11  46604.38  12134.68    731.05     76.96     62.81  -1689.37   -293.50      0.00 0
101596 5626.0    141_158_162_168_173_176_182_185_191_197_199_200_202_203_206_212_214_218_220_224_226_227_231  8.51e+09  7.28e+09  21356.98  11620.03   9143.68    764.24     69.39     28.55   2965.98  -5614.27      0.00 0
101597 5626.0    200_206_214_220_226_227_231_235_238_243_250_253_255_258_264  2.00e+10  1.72e+10  19395.04  -1424.28   8488.22    744.36     66.42    355.80   2465.02  -7824.22      0.00 0
101598 5626.0    99_114_121_125_133_134_137_143_146_152_154_155_162_164_165_170_173_176_178_185_187_193_197_199_202_203_209_212_218_220_224_228_233_235_238_241_243_244_251_255_256_258_259_264_270_271_272_274_279_284_291  3.89e+09  3.24e+09  -4779.15 -49907.21  12138.32    705.45     76.39    264.53   4463.03  -7211.29      0.00 0
101599 5626.0    49_53_59_63_71_72_75_83_86_89_95_96_99_100_103_107_111_114_117_121_122_125_126_129_133_134_137_141_143_146_147_148_152_153_154_155_158_162_164_165_168_170_173_176_177_178_179_181_182_185_186_187_188_191_193_194_197_199_200_202_203_206_208_209_210_212_214_215_216_218_220_221_222_224_226_227_228_229_231_232_233_235_236_238_239_240_241_243_244_245_246_247_248_249_250_251_253_255_256_258_259_260_261_262_264_265_266_267_268_270_271_272_274_275_276_277_279_280_281_284_286_287_288_289_290_291_293_294_295_296_297_298  8.51e+09  7.10e+09  53921.73 128714.72  14766.12    734.16     83.96     67.27   1901.45 -10931.29      0.00 0
