#event_number primary_type du_ids energy_primary em_energy Xmax_pos(x, y, z), Xmax_grams zenith azimuth shower_core_pos_x shower_core_pos_y shower_core_pos_z, N_tested_cores, units are degrees, GeV and meters
103200 5626.0    130_138_142_149_153_159_163_169_174_177_179_180_183_186_189_192_201_204_207_210_225_240  3.89e+09  3.25e+09 -39877.61  15651.96  11526.86    710.03     74.94    158.57   4124.93   4940.17      0.00 0
103201 5626.0    110_116_117_128_129_140_141_148_157_158_161_162_167_168_172_173_181_182_184_185_190_191_196_197_198_199_200_205_206_211_212_214_217_218_220_224_231_233_235_238_241_243_244_248_251_255_256_259_265_268_272_282  3.55e+09  2.95e+09 -45752.62   9225.35  12070.57    675.98     75.50    168.60   3146.13  -6119.28      0.00 0
103202 5626.0    129_141_148_158_162_168_173_181_182_190_191_197_200_205_206_213_226_230  1.32e+10  1.13e+10  19500.59  13282.46   9275.07    722.81     68.54     34.26    848.08  -5922.11      0.00 0
103203 5626.0    233_241_244_251_256_259_268_271_272  1.66e+09  1.37e+09   1688.25 -22348.64   9077.92    725.90     67.95    274.32   6335.45  -8770.95      0.00 0
103204 5626.0    212_220_224_231_235_238_243_244_250_253_255_258_261_264_267_270_274_275_277_281_284_286_287_289_291_293_294_295_297_298  1.17e+09  9.52e+08  19234.77  29812.23  11084.39    670.42     72.65     57.17   1847.22 -10246.31      0.00 0
103205 5626.0    0_1_2_3_4_5_6_7_8_9_10_11_12_13_14_15_16_17_18_19_20_22_23_24_25_26_27_28_30_31_32_34_36_37_38_39_40_42_43_46_47_48_50_51_52_54_56_57_58_60_61_62_64_65_68_69_70_72_73_74_76_77_80_81_82_84_85_87_90_92_93_94_96_97_98_100_101_104_105_106_108_109_112_113_115_118_119_120_122_123_124_126_127_130_131_132_134_135_138_139_142_144_145_147_149_150_151_153_155_156_159_160_163_166_169_171_174_175_177_179_180_183_186_188_192_207_210  8.91e+10  7.72e+10 -100923.71 -53121.02  14306.77    761.10     82.85    207.76  -1797.08   1709.31      0.00 0
103206 5626.0    88_102_110_116_117_128_148_157_158_167_181_182_190_191_200_205_206_226_227_231_246_250_253_261_267_270_277_281_289_291  6.76e+09  5.73e+09 -12388.26  26822.95  10127.23    714.69     71.08    114.79    321.13  -7119.42      0.00 0
103207 5626.0    1_7_11_15_16_19_23_24_27_31_32_37_39_43_47_48_51_52_56_57_58_61_65_69_70_73_74_77_81_82_85_87_92_93_101_105_109_115_127_139_149_156_166_180_189_204  4.68e+10  4.10e+10   3842.83  23858.23   8790.83    827.27     70.01     80.85  -1466.15   2498.60      0.00 0
103208 5626.0    3_5_8_9_12_13_17_20_21_25_26_28_29_32_33_35_38_40_41_44_45_49_52_53_55_58_59_62_63_66_67_71_72_75_78_79_82_83_86_88_89_91_94_95_99_100_102_103_106_107_110_111_114_116_117_120_121_125_128_129_133_134_136_137_140_141_143_145_146_151_152_154_157_161_164_165_167_170_172_175_176_178_184_187_193_194_198_202_208_209_215_216_217_221_222_232_236_239_240  1.62e+09  1.32e+09  59501.72  17964.63  13302.08    650.21     77.92     16.80   3649.62  -1610.03      0.00 0
103209 5626.0    0_1_2_3_4_5_6_7_8_9_10_11_12_13_14_15_16_17_19_20_21_23_24_25_27_28_29_31_32_33_35_37_39_40_41_44_45_47_48_49_51_52_53_55_57_59_61_63_66_67_73_78_79_81_83_89_91_95_103_107_111_117_121_129_137_141_152_158_162_168_173_185_191_197_199_212_214_218_220_224_235_238_241_243_244_255_256_258_259_264_271_272_279  2.75e+10  2.37e+10 -28089.94  39177.79  11894.39    720.86     76.14    125.64   3151.72  -5368.50      0.00 0
103210 5626.0    63_67_79_89_91_95_102_103_107_110_111_116_117_121_125_128_129_137_140_141_146_148_152_157_158_161_162_167_168_172_181_182_190_196_198_211_213_219_223_234  3.02e+09  2.51e+09  32835.97  14114.24  10906.63    701.83     73.03     23.26   -316.55  -4483.75      0.00 0
103211 5626.0    0_1_2_3_4_5_6_7_8_9_10_11_12_13_14_15_17_18_21_25_26_27_28_29_33_35_41_45_49_53_55_59_63_67_75_79_83_89_95_103_107_111_121_129_137_141_152_162_168_173_185_197_199_212_218_220_224_235_241_244_255_256_259_271_272  4.17e+10  3.62e+10 -21391.35  30436.81  10864.53    732.41     73.72    125.10   3091.34  -4185.23      0.00 0
103212 5626.0    0_1_2_3_4_5_6_7_8_9_10_11_12_13_14_15_16_17_18_19_20_21_22_23_24_25_26_27_28_29_30_31_32_33_34_35_36_37_38_39_40_41_42_43_44_45_46_47_48_49_50_51_52_53_54_55_56_57_58_59_60_61_62_63_64_65_66_67_68_69_70_71_72_73_74_75_76_77_78_79_80_81_82_83_84_85_86_87_88_89_90_91_92_93_94_95_96_97_98_99_100_101_102_103_104_105_106_107_108_109_110_111_112_113_114_115_116_117_118_119_121_122_123_125_126_127_129_130_131_132_133_134_135_137_138_139_141_142_143_144_146_147_148_149_150_152_153_154_155_156_158_159_160_162_163_164_165_166_168_169_170_171_173_174_176_178_179_180_182_183_185_187_188_189_191_192_193_194_195_197_199_201_202_203_204_206_207_208_209_212_214_215_218_220_221_224_225_228_229_232_233_235_236_238_239_241_243_244_245_247_248_251_255_256_258_259_262_264_265_268_271_272_274_279_282  3.98e+10  3.38e+10 -131657.09 144031.39  14466.98    738.49     85.76    132.43   3427.24  -2236.58      0.00 0
103213 5626.0    96_104_108_112_118_122_126_130_134_138_142_147_149_153_155_159_163_165_169_174_177_179_186_188_194_210_216_222  2.19e+09  1.81e+09 -24439.90  16182.55  10339.58    676.48     70.57    146.49   3731.44   3070.19      0.00 0
103214 5626.0    63_67_83_89_91_95_103_107_111_116_117_129_141_148_157_158_168_181_182_190_191_200_205_206_213_226_230_237_249_252  1.07e+10  9.09e+09 -15521.89 -23230.15   9986.99    704.55     70.33    236.25    251.39  -5402.58      0.00 0
103215 5626.0    110_116_120_128_136_140_145_148_151_157_158_161_167_172_181_182_190_191_196_197_200_205_206_213_214_220_226_227_230_231_238_243_246_249_250_253_255_258_261_264_267_270_271_274_277_279_281_284_289_291  3.39e+09  2.78e+09 -42093.38  38074.34  12936.85    655.39     77.16    137.87   3483.49  -9912.10      0.00 0
103216 5626.0    0_1_2_3_4_5_6_7_8_9_10_11_12_13_14_15_16_17_18_19_20_21_22_23_24_25_26_27_28_29_30_31_32_33_34_35_36_37_38_39_40_41_42_43_44_45_46_47_48_49_50_51_52_53_54_55_56_57_58_59_60_61_62_63_64_65_66_67_68_69_70_71_72_73_74_75_76_77_78_79_80_81_82_83_84_85_86_87_88_89_90_91_92_93_94_95_96_97_98_99_100_101_102_103_104_105_106_107_108_109_111_113_114_115_117_118_119_121_123_125_126_127_129_131_132_133_134_135_137_139_141_143_144_146_150_152_154_156_160_162_164_165_166_168_170_171_173_176_178_185_187_193_195_197_199_202_203_209_212_215_218_221_224_228_229_232_233_235_239_241_244_245_247_248_251_256_259_262_265_268_272_282  5.75e+10  4.96e+10 -97859.37  68090.05  14511.31    742.61     83.06    145.17  -1372.60   1164.64      0.00 0
103217 5626.0    0_1_2_3_4_5_6_7_8_9_10_11_12_13_14_15_16_17_18_19_20_21_22_23_24_25_26_27_28_29_30_31_32_33_34_35_36_37_38_39_40_41_42_43_44_45_46_47_48_49_50_51_52_53_54_55_56_57_59_60_61_62_63_64_65_66_67_68_71_72_75_76_77_78_79_80_81_83_84_86_87_88_89_90_91_92_95_96_99_100_101_102_103_104_105_107_108_109_111_112_114_115_116_117_118_121_125_127_129_130_135_137_138_139_141_142_146_148_149_152_156_158_159_162_166_168_169_171_173_176_180_182_183_185_189_191_192_195_197_199_200_201_204_206_207_212_214_218_220_224_225_227_231_235_238_241_243_244_250_253_255_258_259_264_267_270_271_274_279_281_284_289_291  1.00e+09  7.99e+08  24740.74 -84224.63  14532.41    638.69     80.60    286.37   1190.07   -963.37      0.00 0
103218 5626.0    227_231_246_249_250_252_253_257_258_260_261_264_266_267_269_270_271_274_275_276_277_279_280_281_284  4.07e+10  3.54e+10  29607.40  -1251.27   9903.84    754.29     71.52    357.58   1677.23  -9406.79      0.00 0
103219 5626.0    226_227_230_237_242_246_249_250_252_253_254_257_258_260_261_263_264_266_267_269_270_271_273_274_275_276_277_278_279_280_281_283_284_285_286_287_288_289_290_291_292_293_294_295_296_297_298  3.24e+10  2.77e+10  89971.24  -2953.22  13935.79    731.42     81.20    358.12   2181.29 -11046.04      0.00 0
103220 5626.0    0_1_2_3_4_5_6_7_9_10_11_12_14_15_17_18_19_21_22_23_25_26_27_30_31_33_34_36_38_39_42_43_46_47_49_50_51_53_54_56_57_59_60_61_64_65_68_71_72_75_76_77_80_81_83_84_86_87_92_93_95_99_100_101_105_109_114_119_125_127_133_135_139_150_154_160  3.16e+09  2.63e+09 -30118.70  19544.37  10846.98    713.96     73.19    147.02   -130.02   1479.69      0.00 0
103221 5626.0    0_1_2_3_4_5_6_7_8_9_10_11_12_13_14_15_16_17_18_19_20_21_22_23_24_25_26_27_28_29_30_31_32_33_34_35_36_37_38_39_40_41_42_43_44_45_46_47_48_49_50_51_53_54_55_56_57_59_60_61_63_64_65_67_68_69_70_71_72_73_75_76_77_79_80_81_83_84_86_87_89_90_92_93_95_96_97_99_100_101_103_104_105_107_108_109_111_112_114_115_118_119_121_122_123_125_126_127_129_130_133_134_135_137_138_139_141_142_143_144_146_149_150_152_154_155_156_159_160_162_164_165_166_170_171_173_176_178_180_183_185_187_189_193_195_199_201_202_203_204_209_212_215_218_221_224_228_229_232_233_235_239_241_244_245_247_248_251_256_259_262_265_268_272_282  2.19e+10  1.86e+10 -73023.44  75117.88  14332.01    730.66     82.21    134.19   2971.05   -956.34      0.00 0
103222 5626.0    104_108_112_118_122_126_130_138_142_147_149_153_155_159_163_169_174_177_179_186_188_194_210_216_222_240  2.69e+09  2.23e+09  35493.71 -12617.81  11222.69    683.18     73.41    340.43   5640.07   2831.67      0.00 0
103223 5626.0    116_117_129_148_158_168_182_191_197_206_212_214_220_235  1.26e+09  1.04e+09  18404.31 -12269.51   9279.90    684.93     67.24    326.31   1452.06  -5648.27      0.00 0
103224 5626.0    246_249_252_257_260_261_263_266_269_273_276_278_280_283_285  2.51e+09  2.11e+09  25136.58   1607.89   9693.98    691.86     68.95      3.66  -2721.49  -9405.71      0.00 0
103225 5626.0    0_1_2_3_4_5_6_7_8_9_10_11_12_13_14_15_16_17_18_19_20_21_22_23_24_25_26_27_28_29_30_31_32_33_34_35_36_37_38_39_40_41_42_43_44_45_46_47_48_49_50_51_52_53_54_55_56_57_58_59_60_61_62_63_64_65_66_67_68_69_70_71_72_73_74_75_76_77_78_79_80_81_82_83_84_85_86_87_88_89_90_91_92_93_94_95_96_97_98_99_100_101_102_103_104_105_106_107_108_109_110_111_112_113_114_115_116_117_118_119_120_121_122_123_124_125_126_127_128_129_130_131_132_133_134_135_136_137_138_139_140_141_142_144_145_146_148_149_150_151_152_153_156_157_158_159_160_161_162_163_166_167_168_169_171_172_173_174_175_180_181_182_183_184_185_189_190_191_192_195_196_197_198_199_200_201_204_205_206_207_211_212_213_214_217_218_219_220_223_224_225_226_227_230_231_234_235_237_238_242_243_244_246_249_250_252_253_254_255_257_258_260_261_263_264_266_267_269_270_271_273_274_275_276_277_278_279_280_281_283_284_285_286_287_288_289_290_291_292_293_294_295_296_297_298  5.25e+09  4.32e+09 -30808.47 289717.75  12211.25    700.43     87.60     96.07  -1146.49  -4826.13      0.00 0
103226 5626.0    8_13_20_21_28_29_35_40_41_44_45_52_53_55_62_63_66_67_78_79_83_89_91_95_103_107_111_121_129_137_141_146_152_162_173_176_178_185_199_202_203_218_224_228_229_233_241_245_248_251_262_265_268_282  5.01e+10  4.36e+10 -35094.06  14421.75  10836.65    749.15     74.06    157.66   4685.91  -4062.38      0.00 0
103227 5626.0    181_190_200_205_226_227_230_246_249_260_261_266_275_276_277_286_287_293_295_298  1.12e+09  9.13e+08   5989.30 -24039.66   9738.97    675.50     68.54    283.99   -326.80  -9437.12      0.00 0
103228 5626.0    220_235_243_244_255_256_259_264_271_272  3.72e+10  3.20e+10 -18994.58   9206.89   8700.22    756.08     67.60    154.14   5631.13  -8109.07      0.00 0
103229 5626.0    243_253_255_258_259_261_264_267_270_271_274_275_277_279_281_284_286_287_289_291_293  1.86e+10  1.61e+10  21938.58  13093.59   9628.63    710.70     69.35     30.83   2566.41  -9643.31      0.00 0
103230 5626.0    122_126_134_138_142_143_147_153_155_163_164_165_170_174_177_179_186_187_188_193_194_208_209_210_215_216_221_222_229_232_236_239_240_245_247  2.24e+10  1.92e+10 -25134.16  44064.87  11842.36    759.34     76.86    119.70   6487.65   1424.17      0.00 0
103231 5626.0    157_167_172_190_196_198_211_213_219_223_234_242_254  1.23e+09  1.01e+09 -23970.83  -8347.52   9819.83    676.37     68.85    199.20  -4173.18  -6633.65      0.00 0
103232 5626.0    214_220_226_227_230_231_235_238_243_244_246_249_250_252_253_255_256_257_258_259_260_261_264_266_267_268_269_270_271_272_274_275_276_277_279_281_284  2.40e+09  1.98e+09  40075.38   3717.68  11586.40    665.84     73.94      5.30   3482.70  -8614.53      0.00 0
103233 5626.0    102_110_116_117_128_129_136_140_141_148_157_158_161_167_168_172_173_181_182_184_190_191_196_197_198_199_200_205_206_212_214_218_220_224_231_235_238_241_243_244_251_255_256_259_268_272_282  2.45e+10  2.12e+10  37765.55  -9689.52  10871.19    760.29     74.42    345.61   1847.85  -5942.71      0.00 0
103234 5626.0    0_1_2_3_4_5_6_7_8_9_10_11_13_14_15_16_18_19_20_22_23_24_27_28_29_30_31_32_35_36_37_39_40_42_43_44_46_47_48_51_52_55_56_57_58_61_62_65_66_68_69_70_73_74_77_78_80_81_82_85_87_88_92_93_94_101_102_104_105_106_109_110_115_116_118_127_128_130_136_139_140_149_156_157_159_166_167_180_183_189_192_195_201_204_207_225  1.07e+10  9.13e+09  -5819.42 -50450.04  12107.96    717.38     76.59    263.42   -676.05   3983.35      0.00 0
103235 5626.0    154_164_170_178_187_193_202_209_215_228_229  1.26e+10  1.08e+10    940.89 -18446.11   8561.78    701.83     65.13    272.92   6072.28  -2087.36      0.00 0
103236 5626.0    0_1_2_3_4_5_6_7_8_9_10_11_12_13_14_15_16_17_18_19_20_21_22_23_24_25_26_27_28_29_30_31_32_33_34_35_36_37_38_39_40_41_42_43_44_45_46_47_48_49_50_51_52_53_54_55_56_57_58_59_60_61_62_63_64_65_66_67_68_69_70_71_72_73_74_75_76_77_78_79_80_81_82_83_84_85_86_87_88_89_90_91_92_93_94_95_96_97_98_99_100_101_102_103_104_105_106_107_108_109_110_111_112_113_114_115_116_117_118_119_120_121_122_123_124_125_126_127_128_129_130_131_132_133_134_135_136_137_138_139_140_141_142_143_144_145_146_147_148_149_150_151_152_153_154_155_156_157_158_159_160_161_163_164_165_166_167_169_170_171_172_174_175_177_179_180_181_183_184_186_187_188_189_190_192_193_194_195_196_198_201_204_207_208_210_211_213_216_217_219_221_222_223_225_234_236_240_242_254  3.89e+09  3.17e+09 244587.84 150824.73  12546.05    678.08     87.50     31.66  -2662.96   -335.01      0.00 0
103237 5626.0    0_1_2_3_4_5_6_7_8_9_10_11_12_13_14_15_16_17_18_19_20_21_22_23_24_25_26_27_28_29_30_31_32_33_34_35_36_37_38_39_41_42_43_45_46_47_48_49_50_51_53_54_55_56_57_59_60_61_63_64_65_67_68_69_71_72_73_75_76_77_79_80_81_83_84_86_87_89_90_92_93_95_96_97_99_100_101_104_105_107_108_109_111_112_114_115_118_119_121_123_125_126_127_133_134_135_137_139_141_143_144_146_149_150_152_154_156_160_162_164_166_170_171_176_178_185_187_189_193_195_199_202_203_209_215_218_224_228_229_232_233_241_245_247_248_251_256_262_265_268_282  9.12e+09  7.72e+09 -58361.64  51507.04  13347.37    754.73     80.27    138.57   1183.84    553.35      0.00 0
103238 5626.0    0_1_2_3_4_5_6_7_8_9_10_12_13_14_17_18_22_26_27_30_34_36_42_43_46_54_56_60_64_68_77_80_84_90_92_104_108_112_118_130_138_142_149_159_163_169_174_183_192_207  2.34e+09  1.93e+09  11655.93  36087.44  11370.27    664.90     73.31     72.10   1731.87   4794.72      0.00 0
103239 5626.0    2_5_8_11_13_16_20_23_24_28_29_32_35_37_40_41_44_45_47_48_52_55_58_62_66_69_70_73_74_79_82_85_97  2.09e+09  1.74e+09  16507.49 -10646.51   8931.11    675.45     65.55    327.18  -1438.75   -782.57      0.00 0
103240 5626.0    34_42_46_50_54_60_64_68_72_76_80_84_86_90_92_96_99_100_101_104_108_112_114_115_118_122_125_126_127_130_133_134_138_142_143_147_149_153_154_155_156_159_163_164_165_166_169_170_174_177_178_179_180_183_186_187_188_189_192_193_194_195_201_202_204_207_208_209_210_215_216_221_222_225_229_232_236_239_240_245_247_262  4.90e+10  4.22e+10 127652.59 -129176.70  14261.04    790.90     85.51    314.66   6226.78   2933.39      0.00 0
103241 5626.0    260_266_269_273_276_278_280_283_285  5.62e+09  4.74e+09  20282.30   -474.44   8804.57    714.18     66.54    358.66  -3101.98  -9997.49      0.00 0
103242 5626.0    200_206_214_226_227_230_231_237_238_246_249_250_252_257_260_261_266_269_273_276_278_280_283_285_290_292  1.70e+10  1.46e+10  27234.27  15597.21  10173.18    743.72     72.04     29.80  -1926.73  -9446.37      0.00 0
103243 5626.0    20_28_32_35_40_44_45_48_52_55_58_62_66_67_70_74_78_79_82_88_91_94_98_102_103_106_120_124_132  1.48e+09  1.21e+09  22811.23  -8802.12   9804.28    658.29     68.15    338.90  -1977.08  -1894.30      0.00 0
103244 5626.0    0_1_2_3_4_5_6_7_8_9_10_11_12_13_14_15_16_17_18_19_20_21_22_23_24_25_26_27_28_29_30_31_32_33_34_35_36_37_38_39_40_41_42_43_44_45_46_47_48_49_50_51_52_53_54_55_56_57_58_59_60_61_62_63_64_65_66_67_68_69_70_71_72_73_74_75_76_77_78_79_80_81_82_83_84_85_86_87_88_89_90_91_92_93_94_95_96_97_98_99_100_101_102_103_104_105_106_107_108_109_110_111_112_113_114_115_116_117_118_120_121_122_124_125_126_128_129_130_131_132_133_134_136_137_138_140_141_142_143_145_146_147_148_149_151_152_153_154_155_157_158_159_161_162_163_164_165_167_168_169_170_172_173_174_175_176_177_178_179_181_182_183_184_185_186_187_188_190_191_192_193_194_196_197_198_199_200_205_206_208_209_210_211_213_214_215_216_217_219_221_222_223_226_227_230_231_234_236_237_240_242_246_249_252_254_257_260_263_266_269_273_276_278_280_283_285_290_292  3.80e+09  3.11e+09 156985.30 160644.30  14210.16    702.43     86.38     45.66  -3739.55  -5757.34      0.00 0
103245 5626.0    19_27_31_36_39_43_46_47_51_56_57_61_65_69_70_73_77_80_81_85_87_92_93_97_98_101_104_105_109_112_113_115_118_119_123_127_130_131_132_135_139_142_144_149_150_156_159_160_166_169_171_174_180_183_189_192_195_201_204_207_225  5.62e+10  4.88e+10  51363.26  40433.41  12836.64    744.26     78.89     38.21  -2190.88   3261.88      0.00 0
103246 5626.0    242_246_249_250_252_253_254_257_260_261_263_266_267_269_270_273_274_275_276_277_278_279_280_281_283_284_285_286_287_288_289_290_291_292_293_294_295_296_297_298  5.25e+10  4.55e+10  65596.62  -7717.44  12910.43    738.28     78.94    353.29  -3209.97 -10463.21      0.00 0
103247 5626.0    0_1_2_3_4_5_6_7_8_9_10_11_12_13_14_15_16_17_18_19_20_21_22_23_24_25_26_27_28_29_30_32_33_34_35_36_38_40_41_42_43_44_45_46_49_50_52_53_54_55_56_58_59_60_62_63_64_66_67_68_71_72_75_76_77_78_79_80_82_83_84_86_88_89_90_91_92_96_100_102_103_104_106_108_110_112_116_117_118_122_126_128_130_138_140_142_147_148_153_157_159_163_167_169_172_174_177_181_186_190_192_196_205_211_213_219_230_237_242_257  9.12e+10  7.95e+10 -26432.87 -53932.37  12438.16    760.85     78.30    243.89   2325.00   2654.61      0.00 0
103248 5626.0    212_218_224_233_235_241_244_248_251_256_262_265  2.34e+10  2.03e+10  18452.99   5023.95   8691.44    699.65     65.56     15.23   5762.94  -5831.38      0.00 0
103249 5626.0    213_219_226_230_234_237_242_246_249_252_254_257_260_263_266_269_273  3.72e+09  3.09e+09 -28945.99   5983.89  10293.20    688.39     70.80    168.32  -3921.52  -7954.42      0.00 0
103250 5626.0    110_116_117_128_136_140_148_151_157_158_161_167_168_172_181_182_184_190_191_196_197_198_200_205_206_212_213_214_220_226_227_231_235_238_243_244_250_253_255_258_259_264_270_271_274_279  6.31e+10  5.51e+10  37573.94 -21154.55  11320.31    747.14     75.29    330.62   2201.34  -7470.82      0.00 0
103251 5626.0    112_118_130_138_142_149_159_169_180_183_192_201_204  5.37e+09  4.54e+09  14500.75 -14725.20   8994.62    693.07     66.48    314.56   1138.88   5059.90      0.00 0
103252 5626.0    75_86_95_99_100_114_121_125_126_133_134_143_147_155  9.77e+09  8.27e+09  -5129.64 -21187.22   9181.51    692.61     67.16    256.39   3928.01    141.43      0.00 0
103253 5626.0    0_1_2_3_4_5_6_7_8_9_10_11_12_13_14_15_16_17_18_19_20_21_22_23_24_25_26_27_28_29_30_31_32_33_34_35_36_37_38_39_40_41_42_43_44_45_46_47_48_49_50_51_52_53_54_55_56_57_58_59_60_61_62_63_64_65_66_67_68_69_70_71_72_73_74_75_76_77_78_79_80_81_82_83_84_85_86_87_88_89_90_91_92_93_94_95_96_97_98_99_100_101_102_103_104_105_106_107_108_109_110_111_112_113_114_115_116_117_118_119_120_121_122_123_124_125_126_127_128_129_130_131_132_133_134_135_136_137_138_139_140_141_143_144_145_146_147_148_150_151_152_153_154_155_157_158_160_161_162_164_165_166_167_168_170_171_172_173_175_176_177_178_179_182_184_185_187_188_191_193_194_197_199_202_203_208_209_210_212_215_216_218_221_222_224_228_229_232_233_236_239_240_241_244_245_247_248_251_256_262_265_268_282  1.74e+10  1.46e+10 -205440.72  49018.67  14176.51    742.59     86.16    166.58    120.52   -579.59      0.00 0
103254 5626.0    21_25_33_38_41_45_49_50_53_59_63_67_71_72_75_76_79_83_86_89_91_95_99_103_107_111_116_117_121_129_137_141_148_158_168_173_181_182_191_197_200_205_206_214_226_227_230_231_238_246_249_250_253_260_261_266_267_275_276_277_286_287_288_293_294_297  1.51e+10  1.29e+10  11621.45  40079.60  11291.01    732.13     74.86     73.83    944.27  -6142.17      0.00 0
103255 5626.0    238_243_255_258_259_264_271_279  1.91e+10  1.64e+10  17708.00  -5894.10   8580.15    704.55     65.31    341.59   4970.41  -8476.83      0.00 0
103256 5626.0    86_99_100_114_122_126_134_143_147_153_155_165_177_179_186  8.32e+09  7.05e+09   7157.20  23235.97   9454.92    710.38     68.75     72.88   4714.64   2613.99      0.00 0
103257 5626.0    133_143_146_154_164_165_170_176_178_187_193_194  3.02e+09  2.53e+09  -4923.94 -17719.14   8528.82    704.91     65.12    254.47   5310.89  -1385.75      0.00 0
103258 5626.0    49_53_59_63_67_71_72_75_83_86_89_95_99_100_103_107_111_114_117_121_125_126_129_133_134_137_141_143_146_147_148_152_154_155_158_162_164_165_168_170_173_176_177_178_179_181_182_185_187_188_191_193_194_197_199_200_202_203_205_206_208_209_210_212_214_215_216_218_220_221_222_224_226_227_228_229_230_231_232_233_235_236_238_239_240_241_243_244_245_246_247_248_249_250_251_252_253_255_256_258_259_260_261_262_264_265_266_267_268_269_270_271_272_274_275_276_277_279_280_281_282_283_284_286_287_288_289_290_291_292_293_294_295_296_297_298  8.13e+10  7.05e+10  84386.15 162242.48  14296.32    783.79     85.53     62.52   3441.26  -8046.54      0.00 0
103259 5626.0    11_16_20_23_24_31_32_37_40_47_48_51_52_57_58_62_66_69_70_73_74_81_82_85_88_94_98_102_106_110_120_128_136_140_151_157_161_167_172_190_196_198_205_211_213_219_223_230_234_237_242_252_254_257_263_269_273_278_280_283_285_290_292  3.80e+09  3.17e+09  -3922.22 -39088.51  11272.16    699.56     73.99    264.27  -2620.08  -5019.54      0.00 0
103260 5626.0    128_136_140_145_148_151_157_161_167_172_175_181_182_184_190_191_196_198_200_205_206_211_213_214_217_219_220_223_226_227_230_231_234_237_238_242_243_246_249_250_252_253_254_257_258_260_261_264_267_270_271_274_279_281_284  8.32e+09  6.99e+09  52377.30 -26515.07  12531.97    732.99     77.95    333.15  -4187.21  -5326.68      0.00 0
103261 5626.0    0_1_2_3_4_5_6_7_8_9_10_11_12_13_14_15_16_17_18_19_20_21_22_23_24_25_26_27_28_29_30_31_32_33_34_35_36_37_38_39_40_41_42_43_44_45_46_47_48_49_50_51_52_53_54_55_56_57_58_59_60_61_62_63_64_65_66_67_68_69_70_71_72_73_74_75_76_77_78_79_80_81_82_83_84_85_86_87_88_89_90_91_93_94_95_96_97_98_99_100_102_103_105_106_107_108_110_111_113_114_116_117_119_120_121_122_123_124_125_126_128_129_131_132_133_134_136_137_140_141_143_144_145_146_151_152_154_155_162_164_165_170_175_176_178_185_187_188_193_194_202_203_208_209_215_216_221_222_228_229_232_236_239_240_245_247  9.12e+09  7.68e+09 115977.77  -8415.13  14360.13    758.52     82.96    355.85   1778.15   -999.28      0.00 0
103262 5626.0    48_52_58_62_66_70_74_82_85_88_94_97_98_102_106_110_113_116_120_124_128_131_132_136_140_145_148_151_157_161_167_172_181_182_190_196_200_205_206_213_226_227_230_231_237_246_249_250_252_260_261_267_275_277_281_287_289  3.16e+10  2.72e+10  18232.84 -37783.74  11272.65    738.31     74.96    295.76  -1614.76  -5088.31      0.00 0
103263 5626.0    173_185_197_199_202_203_212_214_218_220_224_228_229_231_233_235_238_241_243_244_250_253_255_258_261_267_270  3.72e+10  3.23e+10  20870.94  20374.21   9793.06    763.70     71.44     44.31   3748.73  -6596.63      0.00 0
103264 5626.0    238_253_258_270_274_279_284_291  7.08e+09  5.99e+09 -12764.63  19603.34   9238.29    723.97     68.45    123.07   3892.19 -10795.78      0.00 0
103265 5626.0    3_5_8_9_13_20_28_29_35_40_44_45_52_55_62_66_78_79_88_91_102_106_110_116_128_136_140_157_161_167_172_190_196_198_211_213_219_223_234_237_242_254_257_263_273_278  5.37e+10  4.68e+10 -15563.27 -28204.44  10237.27    748.97     72.37    241.11  -2236.30  -5217.18      0.00 0
103266 5626.0    0_1_2_3_4_5_6_7_9_10_11_12_14_15_16_17_18_19_22_23_24_25_26_27_30_31_33_34_36_37_38_39_42_43_46_47_49_50_51_54_56_57_59_60_61_64_65_68_69_70_71_72_73_75_76_77_80_81_84_85_86_87_90_92_93_96_97_99_100_101_104_105_108_109_112_113_114_115_118_119_122_123_126_127_130_131_133_134_135_138_139_143_144_147_150_153_154_155_160_164_165_170_171_177_179_187_188_193_194_208_210_215_216_221_222_236_239_240  1.02e+10  8.62e+09 -67266.25  14310.15  13131.32    725.46     79.19    167.99   -122.15   1945.23      0.00 0
103267 5626.0    0_1_2_3_4_5_6_7_8_9_10_11_12_13_14_15_16_17_18_19_20_21_22_23_24_25_26_27_28_29_30_32_33_34_35_36_38_39_40_41_42_43_44_45_46_49_50_52_53_54_55_56_58_59_60_62_63_64_66_67_68_71_72_75_76_77_78_79_80_82_83_84_86_88_89_90_91_92_95_96_99_100_102_103_104_106_107_108_110_111_112_114_116_117_118_121_122_125_126_128_129_130_133_134_136_137_138_140_141_142_143_146_147_148_152_153_154_155_157_158_159_162_163_164_165_167_168_169_170_172_173_174_176_177_178_179_181_182_185_186_187_188_190_191_192_193_194_196_197_199_200_203_205_206_208_210_211_212_213_214_216_218_219_220_224_226_227_230_231_234_235_237_238_242_243_246_249_250_252_253_254_257_258_260_261_263_266_267_269_270_273_275_276_277_278_280_281_283_284_285_286_287_288_289_290_291_292_293_294_295_296_297_298  2.63e+10  2.24e+10 -50597.99 -131195.91  14679.97    747.25     84.04    248.91   1003.41  -4463.97      0.00 0
103268 5626.0    20_28_32_40_44_52_55_62_66_78_79_82_88_91_102_110_116_117_128_148_157_158_167_181_182_190_191_200_205_206_214_226_227_230_231_238_246_249_250_253_260_261_267_270_275_276_277_281_284_286_287_289_291_293_295_298  2.51e+10  2.17e+10  12279.80 -43599.11  11570.92    735.84     75.67    285.73    748.37  -8868.70      0.00 0
103269 5626.0    228_229_232_233_235_239_241_243_244_245_247_248_251_255_256_258_259_262_264_265_268_270_271_272_274_279_281_282_284_289_291_295_298  2.57e+09  2.10e+09  47750.34  65867.65  13906.27    692.05     80.30     54.06   6061.31  -8988.31      0.00 0
103270 5626.0    62_74_82_88_91_94_98_102_106_110_113_116_117_120_124_128_131_132_136_140_145_148_151_157_158_161_167_172_175_181_182_184_190_191_196_198_200_205_206_211_213_214_217_219_220_223_226_227_230_231_234_237_238_242_243_246_249_250_252_253_257_258_260_261_264_266_267_270_274_275_276_277_279_281_284_287_289_291_295  3.80e+09  3.16e+09  57525.48 -58313.99  13913.33    694.07     80.36    314.61  -3935.96  -3597.10      0.00 0
103271 5626.0    121_125_133_137_141_143_146_152_154_162_164_165_168_170_173_176_178_185_187_188_193_194_197_199_202_203_208_209_210_212_214_215_216_218_220_221_222_224_228_229_231_232_233_235_236_238_239_240_241_243_244_245_247_248_250_251_253_255_256_258_259_261_262_264_265_267_268_270_271_272_274_275_277_279_281_282_284_286_287_289_291_293_294_295_297_298  1.78e+10  1.50e+10 -74866.57 -154937.94  14752.28    732.01     85.10    244.21   5696.21  -8198.45      0.00 0
103272 5626.0    102_116_128_148_157_167_181_190_200_205_213_226_230_249_252_266  7.94e+10  7.02e+10  -2694.76 -19672.23   8497.96    755.21     66.83    262.20  -1006.27  -6556.18      0.00 0
103273 5626.0    0_1_2_3_5_6_7_8_9_11_13_14_15_16_19_20_21_23_24_27_28_29_31_32_35_37_39_40_41_43_44_45_47_48_51_52_55_57_58_61_62_65_66_67_69_70_73_74_78_79_81_82_85_87_88_89_91_93_94_97_102_103_105_106_109_110_116_117_119_123_128_129_135_139_148_150_157_158_160_168_181_182_191_200_206_214_227_231_250_253  4.68e+09  3.91e+09  15679.67 -39561.96  11394.85    727.04     75.01    291.62   -893.91  -1844.65      0.00 0
103274 5626.0    242_254_257_263_269_273_278_280_283_285  1.58e+09  1.30e+09 -15876.28  14593.88   9399.00    652.71     66.45    137.41  -3954.88  -8875.81      0.00 0
103275 5626.0    0_1_2_3_4_5_6_7_8_9_10_11_12_13_14_15_16_17_18_19_20_21_22_23_24_25_26_27_28_29_30_31_32_33_34_35_36_37_38_39_40_41_42_43_44_45_46_47_48_49_50_51_52_53_55_56_57_58_59_61_62_63_65_66_67_69_70_71_72_73_74_75_77_78_79_81_82_83_85_87_88_89_91_93_94_95_97_98_99_101_102_103_105_107_109_111_113_116_117_119_121_123_125_129_131_135_137_139_141_144_146_150_152_158_160_162_168_173_176_178_185_191_197_199_202_203_212_218_220_224_228_233_235_241_244_248_251_255_256_259_265_268_271_272_282  2.45e+10  2.10e+10  52477.51 -47935.36  13185.85    734.05     79.49    317.59    549.19  -1568.34      0.00 0
103276 5626.0    0_1_2_3_4_5_6_7_9_10_12_13_14_17_18_19_21_22_25_26_27_29_30_33_34_35_36_38_39_41_42_43_45_46_49_50_53_54_56_59_60_63_65_67_68_71_72_75_77_79_80_83_86_89_95_99_103_107_111_121_125_129_137_141_152_162_168_173_185_197_199_212_218_220_224_235_241_243_244_255_256_259_264_271  4.37e+10  3.80e+10 -17627.48  34035.93  10810.11    760.02     74.25    117.38   2591.52  -3094.29      0.00 0
103277 5626.0    95_99_100_107_111_114_121_125_126_129_133_134_137_141_143_146_147_152_154_155_158_162_164_165_168_170_173_176_177_178_179_185_187_188_191_193_194_197_199_202_203_206_208_209_210_212_214_215_216_218_220_221_222_224_227_228_229_231_232_233_235_236_238_239_240_241_243_244_245_246_247_248_250_251_253_255_256_258_259_260_261_264_267_270_271_272_274_275_277_279_281_284_286_287_289_291_293_294_295_297_298  1.66e+09  1.34e+09  30092.93  81177.56  14115.29    689.22     80.74     69.66   3501.83  -7182.11      0.00 0
103278 5626.0    223_234_242_252_254_257_263_266_269_273_276_278_280_283_285_286_288_290_292_294_296_297  4.57e+10  4.01e+10  16824.63 -21189.39   9100.29    844.25     71.41    308.45  -3464.45  -9168.13      0.00 0
103279 5626.0    3_4_9_10_12_17_18_21_22_25_26_29_30_33_34_38_41_42_45_46_49_50_53_54_59_60_63_64_67_68_71_72_75_76_79_80_83_84_86_89_90_95_96_99_100_103_104_107_108_111_112_114_118_121_122_125_129_130_137_138_141_142_146_152_158_159_162_168_169_173_185_191_192_197_199_212_214_220_224_231_235_238_243_253_255_258_264_270_274_284  5.25e+09  4.36e+09  -4916.05  45253.04  11780.56    705.60     75.49     96.20   2454.71  -2103.51      0.00 0
103280 5626.0    129_137_141_152_158_162_168_173_176_178_182_185_191_197_199_202_203_209_212_218_228_229  4.47e+09  3.72e+09 -24312.89 -11115.92  10075.10    665.77     69.35    204.57   3519.37  -4724.03      0.00 0
103281 5626.0    205_213_219_226_227_230_231_237_238_242_243_246_249_250_252_253_254_255_257_258_260_261_263_264_266_267_269_270_271_273_274_275_276_277_279_280_281_284_287_289_291  2.29e+09  1.88e+09 -54763.12  11560.37  12880.54    656.12     77.04    168.08   4942.86 -10042.20      0.00 0
103282 5626.0    87_92_101_105_109_115_118_119_127_135_139_144_149_150_156_159_160_166  8.51e+10  7.46e+10  21934.68   9215.99   9066.30    764.54     69.14     22.79  -2170.24   3849.68      0.00 0
103283 5626.0    0_1_3_4_5_6_7_9_10_12_14_17_18_21_22_25_26_27_29_30_33_34_36_42_43_46_50_54_56_60_64_68_77_80_84_90_92_104_112_115_118_130_149_159_169_180_183_192_201_207  8.91e+09  7.61e+09     76.03 -31114.38   9983.77    771.25     72.21    270.14    761.06   3976.96      0.00 0
103284 5626.0    94_98_106_110_113_120_124_132_136_140_145_151  9.77e+09  8.31e+09   7914.28 -17893.31   8617.15    725.23     66.23    293.86  -3377.39  -2095.27      0.00 0
103285 5626.0    34_38_50_54_60_64_68_71_72_76_84_86_90_96_99_100_108_114_125_126_133_134_143_146_154_164_165_170_178_187_193_202_209_215_229_232_245_247  1.00e+09  8.15e+08  23640.52 -22757.73  10687.40    686.73     71.96    316.09   5003.97   -923.50      0.00 0
103286 5626.0    0_1_2_3_4_5_6_7_8_9_10_11_12_13_14_15_16_17_18_19_20_21_22_23_24_25_26_27_28_29_30_31_32_33_34_35_36_37_38_39_40_41_42_43_44_45_46_47_48_49_51_52_53_54_55_56_57_58_59_61_62_63_64_65_66_67_68_69_70_73_74_77_78_79_80_81_82_83_85_87_88_89_90_91_92_93_94_97_98_101_102_103_104_105_106_109_110_111_115_116_117_118_119_120_127_128_129_135_136_139_140_148_149_156_157_158_159_160_161_166_167_168_171_172_180_181_182_183_189_190_191_195_196_197_200_201_204_205_206_211_213_214_219_225_226_227_230_231_237_238_246_249_250_252_253_257_260_261_266_267_269_270_275_276_277_280_281_283_286_287_288_289_290_291_293_294_295_296_297_298  3.80e+09  3.15e+09  -5655.29  85144.44  14050.13    692.32     80.65     93.80   -546.21  -5627.73      0.00 0
103287 5626.0    0_1_2_3_4_5_6_7_8_9_10_11_12_13_14_15_16_17_18_19_20_21_22_23_24_25_26_27_28_29_30_31_32_33_34_35_36_37_38_39_40_41_42_43_44_45_46_47_48_49_50_51_52_53_54_55_56_57_58_59_60_61_62_63_64_65_66_67_68_69_70_71_72_73_74_75_76_77_78_79_80_81_82_83_84_85_86_87_88_89_90_91_92_93_94_95_96_97_98_99_100_101_102_103_104_105_106_107_108_109_110_111_112_113_114_115_116_117_118_119_120_121_123_124_125_127_128_129_130_131_132_133_134_135_136_137_139_141_143_144_146_148_149_150_152_154_156_157_158_159_160_162_164_166_168_171_173_176_178_180_181_182_183_185_187_189_191_195_197_199_200_201_202_203_204_206_209_212_214_218_220_224_225_227_228_229_231_233_235_238_241_243_244_245_248_250_251_253_255_256_258_259_262_264_265_267_268_270_271_272_274_279_281_282_284_291  3.47e+09  2.81e+09  91553.40 -131385.28  15278.48    669.54     84.55    304.87   3654.28  -5455.57      0.00 0
103288 5626.0    0_1_2_3_4_5_6_7_8_9_10_11_12_13_14_15_16_17_18_20_21_22_24_25_26_27_28_29_30_32_33_34_35_36_38_40_41_42_44_45_46_48_49_50_52_53_54_55_56_58_59_60_62_63_64_66_67_68_71_72_75_76_78_79_80_82_83_84_86_88_89_90_91_95_96_99_100_102_103_104_106_107_108_110_111_112_114_116_117_121_122_125_126_128_129_130_133_134_136_137_138_140_141_142_143_146_147_148_151_152_153_154_155_157_158_161_162_163_164_165_167_168_170_172_173_174_176_177_178_179_181_182_184_185_186_187_188_190_191_193_194_196_197_198_199_200_202_203_205_206_208_209_210_211_212_213_214_215_216_217_218_219_220_221_222_223_224_226_227_228_229_230_231_232_233_234_235_236_237_238_239_240_241_242_243_244_245_246_247_248_249_250_251_252_253_254_255_256_257_258_259_260_261_262_263_264_265_266_267_268_269_270_271_272_273_274_275_276_277_278_279_280_281_282_283_284_285_286_287_288_289_290_291_292_293_294_295_296_297_298  3.98e+09  3.24e+09 -173483.86 -248590.81  11751.45    700.02     87.78    235.09  -1153.27 -10463.03      0.00 0
103289 5626.0    260_261_264_266_267_270_271_274_275_276_277_279_280_281_283_284_285_286_287_288_289_290_291_292_293_294_295_296_297_298  4.90e+10  4.23e+10  51478.51   6156.66  12026.65    742.18     76.94      6.82   3683.97 -10934.97      0.00 0
103290 5626.0    0_1_2_3_4_5_6_7_8_9_10_11_12_13_14_15_16_17_18_19_20_21_22_23_24_25_26_27_28_29_30_31_32_33_34_35_36_37_38_39_40_41_42_43_44_45_46_47_48_49_50_51_52_53_54_55_56_57_58_59_60_61_62_63_64_65_66_67_68_69_70_71_72_73_74_75_76_77_78_79_80_81_82_83_84_85_86_87_88_89_90_91_92_93_94_95_96_97_98_99_100_101_102_103_104_105_106_107_108_109_110_111_112_113_114_115_116_117_118_119_120_121_122_123_124_125_126_127_128_129_130_131_132_133_134_135_136_137_138_139_140_141_142_143_144_146_147_148_149_150_152_153_154_155_156_157_158_159_160_162_163_164_165_166_167_168_169_170_171_173_174_176_178_180_181_182_183_185_187_189_190_191_192_193_195_197_199_200_201_202_203_204_205_206_207_209_212_214_215_218_220_224_225_226_227_228_229_231_232_233_235_238_239_241_243_244_245_246_247_248_250_251_253_255_256_258_259_261_262_264_265_267_268_270_271_272_274_277_279_281_282_284_289_291  1.51e+09  1.21e+09 -124035.46 194771.69  14487.35    651.05     86.41    122.49   -498.09   1694.12      0.00 0
103291 5626.0    0_1_2_3_4_5_6_7_8_9_10_11_12_13_14_15_16_17_18_19_20_21_22_23_24_25_26_27_28_29_30_31_32_33_34_35_36_37_38_39_40_41_42_43_44_45_46_47_48_49_50_51_52_53_54_55_56_57_59_61_62_63_65_66_67_68_69_73_75_77_78_79_80_81_83_87_89_91_92_93_101_103_105_107_109_111_115_117_119_127_129_135_137_139_141_149_150_156_158_160_166_168_171_173_180_189_191_195_197_204_212_220  5.62e+09  4.73e+09 -21474.52  47472.40  12335.97    696.94     76.68    114.34  -1084.03   2155.35      0.00 0
103292 5626.0    111_121_125_129_137_141_146_152_158_162_168_173_182_185_191_197_199_200_206_212_214_220_226_227_231_238_246_249_250_253_260_261_266_267_275_276_277_280_286_288_290_294_296  4.90e+10  4.27e+10 -18116.06 -28502.34  10074.41    808.86     73.39    237.56   1180.28  -7218.26      0.00 0
103293 5626.0    86_95_99_100_114_121_122_125_126_133_134_137_143_146_147_152_153_154_155_162_164_165_170_176_177_178_179_185_186_187_188_193_194_210_216  2.95e+09  2.46e+09 -12765.78 -42685.86  11788.28    692.24     75.18    253.35   5574.73   2471.34      0.00 0
103294 5626.0    7_14_15_19_23_27_31_36_37_39_43_46_47_48_51_56_57_61_65_68_69_70_73_74_77_80_81_85_87_92_93_97_98_101_104_105_109_112_113_115_118_119_123_124_127_130_131_132_135_139_142_149_156_159_169_174_180_183_192_207  2.04e+09  1.68e+09 -31990.87 -31679.72  11811.42    694.66     75.30    224.72  -1242.02   2836.47      0.00 0
103295 5626.0    21_25_29_33_35_38_41_44_45_49_53_55_59_63_67_71_72_75_78_79_83_86_89_91_95_99_100_102_103_107_110_111_114_116_117_121_125_128_129_133_134_137_140_141_143_146_148_152_154_155_157_158_162_164_165_167_168_170_172_178_181_182_187_188_190_191_193_194_196_200_205_208_210_211_213_216_219_222_226_230_234_236_237_240_242_252_254_257_263_273_278  1.29e+09  1.05e+09  42543.49  37559.95  12945.65    654.11     77.15     41.44   1707.49  -3172.30      0.00 0
103296 5626.0    0_3_4_5_6_9_10_12_13_14_17_18_21_22_25_26_29_30_33_34_35_38_41_42_45_46_49_50_53_54_55_59_60_63_64_67_68_71_72_75_76_79_80_83_84_86_89_90_91_95_96_99_100_103_104_107_108_111_112_114_117_118_121_122_125_126_129_130_133_134_137_138_141_142_146_147_148_152_153_158_159_162_163_168_169_173_174_182_185_186_191_192_197_199_200_206_212_214_220_227_231_235_238_243_246_250_253_258_261_264_267_270_274_277_281_284_287_289_291_295  1.62e+09  1.32e+09  -1924.00 -61222.70  13042.06    679.25     77.98    268.20   2228.71  -2458.26      0.00 0
103297 5626.0    69_73_81_85_93_97_98_105_109_113_119_123_124_127_131_132_135_139_144_145_150_156_160_166_171_175_180_189_195_204_225  3.72e+10  3.21e+10  18957.79  54777.74  12447.89    739.11     77.88     70.91  -4028.34   3068.86      0.00 0
103298 5626.0    103_107_111_117_121_129_137_141_148_158_168_181_182_190_191_200_205_206_213_226_227_230_249_252  9.33e+10  8.27e+10  16841.44  20185.05   9324.64    781.36     70.47     50.16    562.63  -5775.63      0.00 0
103299 5626.0    0_1_2_3_4_5_6_7_8_9_10_11_12_13_14_15_16_17_18_19_20_21_22_23_24_25_26_27_28_29_30_31_32_33_34_35_36_37_38_39_40_41_42_43_44_45_46_47_48_49_50_51_52_53_54_55_56_58_59_60_61_62_63_64_65_66_67_68_71_72_74_75_76_77_78_79_80_82_83_84_88_89_90_91_92_96_101_102_103_104_106_108_110_112_115_116_117_118_128_129_130_136_138_140_142_148_149_157_158_159_167_169_172_174_181_182_183_190_192_196_200_205_207_211_213_219_226_227_230_237_242_246_249_252_257_260_263_266_269_273_276_280_283_285_288_290_292_296  3.98e+10  3.47e+10  14349.63  54931.83  12161.17    773.70     77.91     75.36   -375.08  -2490.35      0.00 0
