#event_number primary_type du_ids energy_primary em_energy Xmax_pos(x, y, z), Xmax_grams zenith azimuth shower_core_pos_x shower_core_pos_y shower_core_pos_z, N_tested_cores, units are degrees, GeV and meters
6900 14.0      117_129_141_158_168_173_191_197_212_214_220_235_243_255  6.03e+08  5.18e+08  12541.31 -11988.92   7965.39    771.16     65.34    316.29   2745.03  -5975.38      0.00 0
6901 14.0      213_230_237_252_257_266_269_273_280_283_288_290_292_296  3.55e+08  2.96e+08   2447.62  20867.00   8668.30    759.01     67.58     83.31  -2348.91 -10032.38      0.00 0
6902 14.0      0_1_2_3_4_5_6_7_8_9_10_11_12_13_14_15_16_17_18_19_20_21_22_23_24_25_26_27_28_29_30_31_32_33_34_35_36_37_38_39_40_41_42_43_44_45_46_47_48_49_50_51_52_53_54_55_56_57_58_59_60_61_62_63_64_65_66_67_68_69_70_71_72_73_74_75_76_77_78_79_80_81_82_83_84_85_87_88_89_90_91_92_93_94_97_98_101_102_103_104_105_106_107_108_109_110_111_112_113_115_116_117_118_119_120_123_124_127_128_129_130_131_132_135_136_139_140_141_142_144_145_148_149_150_151_156_157_158_159_160_161_166_167_168_169_171_172_175_180_181_182_183_184_189_190_191_192_195_196_197_198_200_201_204_205_206_207_211_213_214_217_219_223_225_226_227_230_231_234_237_238_242_246_249_250_252_253_254_257_260_261_263_266_267_269_270_273_275_276_277_278_280_281_283_285_286_287_288_289_290_291_292_293_294_295_296_297_298  1.58e+08  1.25e+08   2464.65 -231489.86  13632.17    758.05     86.63    270.61  -2883.39  -3176.36      0.00 0
6903 14.0      71_75_86_95_96_99_100_107_114_121_122_125_126_133_134_137_143_146_147_152_153_154_155_165_177_179_186  4.27e+08  3.86e+08   3873.21  24790.39   9241.69    766.50     69.78     81.12   4035.95    276.21      0.00 0
6904 14.0      75_83_86_95_99_100_107_111_114_121_125_126_129_133_134_137_141_143_146_147_152_154_155_162_164_165_168_170_173_176_177_178_179_185_187_188_191_193_194_197_199_206_208_210_212_214_216_220_222_231_240  9.33e+08  8.12e+08 -17825.09 -39923.23  10982.17    814.79     75.90    245.94   5028.11    142.08      0.00 0
6905 14.0      246_250_253_258_261_264_267_270_271_274_279_281_284  2.14e+08  1.85e+08 -21970.28   5469.66   9147.52    720.05     68.00    166.02   3347.90  -9447.87      0.00 0
6906 14.0      114_125_126_133_134_143_146_147_152_153_154_155_164_165_170_176_177_178_179_185_186_187_188_193_194_202_203_208_209_210_215_216_218_221_222_224_228_229_232_233_236_240_241_244_245_248_251_256_259_268_272  6.03e+08  5.23e+08   -849.18  49642.36  11819.05    750.28     76.61     90.98   5790.56   1768.45      0.00 0
6907 14.0      25_26_33_38_41_49_50_53_59_60_63_67_71_72_75_76_83_86_89_95_96_99_100_103_107_111_121_125_129_137_141_158_162_168_173_191_197_214_220  6.31e+08  5.35e+08   2297.57  30844.67  10728.66    647.87     70.87     85.74   2428.87  -2850.16      0.00 0
6908 14.0      12_17_18_21_22_25_26_33_34_38_41_49_50_53_54_59_60_63_64_67_71_72_75_76_83_84_86_89_90_95_96_99_100_103_107_108_111_114_121_125_129_137_141_146_152_158_162_168_173_185_191_197_199_206_212_214_220_224_231_235_238_243_250_253_255_258_264_267_270_274_281_284_291  5.25e+08  4.45e+08   1620.53 -41429.57  10954.54    784.98     75.20    272.24   2626.44  -4495.23      0.00 0
6909 14.0      55_62_66_78_79_82_88_91_94_98_102_103_106_110_111_116_117_120_124_128_129_132_136_140_141_145_148_151_157_158_161_162_167_168_172_173_175_181_182_184_190_191_196_197_198_199_200_205_206_211_212_213_214_217_218_219_220_223_224_226_227_230_231_234_235_237_238_241_242_243_244_246_249_250_251_252_253_254_255_256_257_258_259_260_261_263_264_266_267_268_269_270_271_272_273_274_275_276_277_279_280_281_282_284_286_287_289_291_295  2.34e+08  2.01e+08 122971.78 -61821.46  14223.40    814.03     84.10    333.31   2458.43  -8188.70      0.00 0
6910 14.0      83_89_95_99_103_107_111_121_125_129_133_137_141  4.90e+08  4.41e+08   9801.21  13670.01   7747.29    793.69     65.27     54.36   2805.84  -2421.91      0.00 0
6911 14.0      0_3_4_6_10_12_17_18_25_26_33_34_38_49_50_59_60_71_72_75_76_86_99_100_114_133_134_143_164_165_170_193_208  1.82e+08  1.49e+08 -26437.66   1644.79  10407.51    612.90     68.55    176.44   3435.30    -54.19      0.00 0
6912 14.0      0_1_2_3_4_5_6_7_8_9_10_11_12_13_14_15_16_17_18_19_20_21_22_23_24_25_26_27_28_29_30_31_32_34_35_36_37_40_41_42_44_45_46_48_52_54_55_56_58_62_64_66_68_70_74_78_79_80_82_88_90_91_94_102_106_110_116_120_128_136_140_151_157_161_167_172_184_190_196_198_211_213_217_219_223_234_237_242_254_257_263_273_278_285  2.69e+08  2.22e+08  28718.40  50904.62  12625.97    716.02     77.81     60.57  -4155.83  -7223.62      0.00 0
6913 14.0      74_82_85_88_94_97_98_102_106_110_113_116_120_123_124_128_131_132_136_140_145_151_157_161_167_172_175_181_184_190_196_198_200_205_211_213_219_226_227_230_237_246_249_252_260_261_266_275_276_277_286_287  1.17e+08  9.53e+07 -18715.56  41819.57  12165.14    652.45     75.13    114.11  -2592.54  -4568.46      0.00 0
6914 14.0      0_3_4_5_6_9_10_12_13_14_17_18_21_22_25_26_29_30_33_34_35_36_38_41_42_45_46_49_50_53_54_55_56_59_60_63_64_67_68_79_80_83_89_90_103_111_129  6.61e+08  5.60e+08  -1498.03  24422.57   9549.70    698.54     68.68     93.51    956.38   -619.06      0.00 0
6915 14.0      4_10_12_17_18_21_22_25_26_30_33_34_36_38_42_46_49_50_53_54_56_59_60_63_64_68_71_72_75_76_80_83_84_86_89_90_92_95_96_99_100_104_107_108_111_112_114_115_118_121_122_125_126_130_133_134_137_138_141_142_143_146_147_149_152_153_154_155_156_159_162_163_164_165_169_170_173_174_176_177_178_179_180_183_185_186_187_188_189_192_193_194_199_201_202_203_204_207_208_209_212_215_218_224_225_228_229_232_233_235_241_244_245_247_248_251_255_256_259_262_265_268_271_272_282  6.03e+08  5.14e+08  30661.95 -88998.30  14152.13    717.76     81.45    289.01   2146.44   5006.14      0.00 0
6916 14.0      0_1_2_3_4_5_6_7_8_9_10_11_12_13_14_15_16_17_18_19_20_21_22_23_24_25_26_27_28_29_30_31_33_35_36_39_40_41_43_44_45_49_51_53_55_56_59_61_63_65_67_77_78_79_83_87_89_91_103_107_111_117_129_137_141_158_168_173_197  5.37e+08  4.58e+08  12922.69 -27967.26  10218.77    724.70     71.65    294.80    767.26  -1670.97      0.00 0
6917 14.0      0_1_2_3_4_5_8_9_12_13_17_21_25_29_33_41_45_49_53_59_63_67_75_83_89_95_107_111_121_125_137_146_152_162_176_185_203  3.47e+08  2.97e+08 -18589.44  13645.31   8681.46    816.92     69.37    143.72   2725.65  -2280.82      0.00 0
6918 14.0      252_257_269_273_278_283_285_292  1.95e+08  1.61e+08 -16538.04 -10266.01   8961.27    665.87     65.28    211.83  -3915.55 -10323.53      0.00 0
6919 14.0      103_111_117_129_137_141_152_158_162_168_173_176_185_197_199_203_212_218_224_228_233_241_244_245_248_251_256_262_265_268_282  7.41e+08  6.59e+08 -30708.73   7293.20   9319.41    912.17     73.55    166.64   6318.23  -5463.84      0.00 0
6920 14.0      0_1_2_3_4_5_6_8_9_11_12_13_15_16_17_20_23_24_25_28_32_37_40_47_48_52_58_62_69_70_74_82_85_94_98_113_120_124_132_145  7.59e+08  6.99e+08 -28517.53  -5532.92   9674.68    782.38     71.58    190.98  -3649.95  -1141.66      0.00 0
6921 14.0      3_4_9_10_12_17_18_21_22_25_26_30_33_34_36_38_41_42_46_49_50_53_54_56_59_60_63_64_67_68_71_72_75_76_80_83_84_86_89_90_92_95_96_99_100_104_107_108_111_112_114_115_118_121_122_125_126_129_130_133_134_137_138_141_142_143_146_147_149_152_153_154_155_159_162_163_164_165_168_169_170_173_174_176_177_178_179_180_183_185_186_187_188_192_193_194_197_199_201_202_203_204_207_209_212_215_218_220_224_225_228_229_233_235_238_241_243_244_245_248_251_255_256_258_259_262_264_265_268_271_272_274_279_282  7.59e+08  6.64e+08 -20055.72  81468.13  13093.46    834.19     81.13    103.83   3956.52  -1633.82      0.00 0
6922 14.0      7_14_15_19_23_27_31_36_37_39_43_46_47_51_56_57_61_65_68_69_70_73_77_80_81_85_87_90_92_93_97_98_101_104_105_109_112_113_115_118_119_123_124_127_130_131_132_135_138_139_142_144_149_150_156_159_160_163_166_169_171_174_180_183_189_192_195_201_204_207_225  3.63e+08  3.17e+08 135477.56 103955.59  14789.91    728.00     85.05     37.50  -3360.34   4415.03      0.00 0
6923 14.0      141_152_162_168_173_176_178_185_191_197_199_202_203_209_212_218  5.89e+08  4.93e+08  19247.11  13953.07   9730.50    654.37     67.74     35.94   4380.31  -4291.45      0.00 0
6924 14.0      2_3_5_8_9_11_13_16_17_20_21_24_28_29_32_33_35_37_40_41_44_45_48_49_52_53_55_58_59_62_63_66_67_70_74_75_78_79_82_83_85_88_89_91_94_95_98_103_106_107_111_121_124_125_132_137_146_152_154_176_178  5.62e+08  5.21e+08 -25705.17   4532.52   8435.65    962.63     72.09    170.00    577.15  -1897.74      0.00 0
6925 14.0      0_1_2_3_4_5_6_7_8_9_10_11_12_13_14_15_16_17_18_19_20_21_22_23_24_25_26_27_28_29_30_31_32_33_34_35_36_37_38_39_40_41_42_43_44_45_46_47_48_49_50_51_52_53_54_55_56_57_58_59_60_61_62_63_64_65_66_67_68_69_70_71_72_73_74_75_76_77_78_79_80_81_82_83_84_85_87_88_89_90_91_92_93_94_96_98_101_102_103_104_105_106_108_109_110_111_112_115_116_117_118_120_124_127_128_129_130_136_138_140_142_148_149_151_156_157_158_159_161_166_167_169_172_174_180_181_182_183_184_189_190_191_192_196_198_200_201_204_205_206_207_211_213_219_223_225_226_227_230_231_234_237_242_246_249_250_252_254_257_260_261_263_266_269_273_275_276_278_280_283_285_286_287_288_290_292_293_294_296_297  6.92e+08  5.84e+08  19537.97  96290.21  13808.48    786.99     82.00     78.53  -2286.41  -9501.60      0.00 0
6926 14.0      190_196_198_200_205_206_211_213_217_219_223_226_227_230_231_234_237_238_242_243_246_249_250_252_253_254_257_258_260_261_263_264_266_267_269_270_271_273_274_275_276_277_278_279_280_281_283_284_285_286_287_288_289_290_291_292_293_294_295_296_297_298  3.24e+08  2.74e+08 169306.94 -58528.54  14759.30    723.56     85.29    340.93   -727.41 -11267.88      0.00 0
6927 14.0      0_2_3_4_5_8_9_12_13_17_18_20_21_22_25_26_28_29_33_34_35_38_40_41_44_45_49_50_52_53_54_55_59_60_62_63_66_67_71_72_75_76_78_79_82_83_84_86_88_89_91_95_96_99_100_102_106_110_114_122_126_128_134_136_140_143_147_155_165_177_179_188_210  6.46e+08  5.47e+08 -29036.60 -24373.24  11164.75    695.68     73.59    220.01   1926.95   -459.53      0.00 0
6928 14.0      0_1_2_3_4_5_6_7_8_9_10_11_12_13_14_15_16_17_18_19_20_21_22_23_24_25_26_27_28_29_30_31_32_33_34_35_36_37_38_39_40_41_42_43_44_45_46_47_48_49_50_51_52_53_54_55_56_57_58_59_60_61_62_63_64_65_66_67_68_69_70_71_72_73_74_75_76_77_79_80_81_82_83_84_85_86_87_89_90_92_93_94_95_96_97_98_99_100_101_104_105_107_108_109_112_113_114_115_118_119_121_122_123_124_125_126_127_130_131_132_133_134_135_138_139_142_143_144_146_147_149_150_153_154_155_156_159_160_163_164_165_166_169_170_171_174_177_178_179_180_183_186_187_188_189_192_193_194_195_201_202_204_207_208_209_210_215_216_221_222_225_229_232_236_239_240_247  1.70e+08  1.42e+08 -263618.84  45392.74  13363.67    662.91     87.14    170.23  -4260.19   4163.68      0.00 0
6929 14.0      117_129_137_141_146_148_152_157_158_162_168_173_176_178_181_182_185_187_190_191_196_197_199_200_202_203_205_206_209_212_213_214_215_218_219_220_221_224_226_227_228_229_230_231_232_233_234_235_237_238_239_241_242_243_244_245_246_247_248_249_250_251_252_253_254_255_256_257_258_259_260_261_262_263_264_265_266_267_268_269_270_271_272_273_274_275_276_277_278_279_280_281_282_283_284_285_286_287_288_289_290_291_292_293_294_295_296_297_298  3.72e+08  3.10e+08 -182867.20 -94789.36  14005.81    779.55     86.11    207.40   -656.31 -10757.98      0.00 0
6930 14.0      22_30_34_36_42_43_46_50_54_56_60_64_65_68_72_76_77_80_84_86_87_90_92_96_100_101_104_108_109_112_114_115_118_126_127_134_139_156_166_171  3.98e+08  3.57e+08  22810.10 -15782.68   9307.91    820.48     71.45    325.32    474.70   2873.04      0.00 0
6931 14.0      121_125_133_146_152_154_162_164_173_176_178_185_199_202_203_212_218_220_224_228_233_235_241_243_244_251_255_256_259_264_268_271_272_274_279  2.14e+08  1.78e+08  -5366.20  51663.08  12825.25    626.20     76.13     95.93   5334.01  -8748.34      0.00 0
6932 14.0      137_141_146_152_154_162_168_173_176_178_185_187_191_193_197_199_202_203_209_212_214_215_218_221_229_232_236_239  2.63e+08  2.23e+08  20387.17  18819.33   9445.28    794.48     71.20     42.71   5103.44  -3315.22      0.00 0
6933 14.0      200_205_206_226_227_230_231_237_242_246_249_250_252_254_257_260_263_266_269_273_278_280_283_285  1.62e+08  1.32e+08 -32044.83  -9950.18  10528.08    725.20     72.58    197.25  -3515.08  -9132.27      0.00 0
6934 14.0      250_253_255_258_259_260_261_264_267_270_271_272_274_275_276_277_279_281_284_286_287_289_291  3.89e+08  3.53e+08  27509.01   5701.85   9432.75    805.19     71.44     11.71   3212.32  -9501.67      0.00 0
6935 14.0      191_206_214_220_231_235_238_243_255_259_264_271  4.17e+08  3.70e+08  17354.34  -6152.31   8488.33    712.46     65.25    340.48   3450.81  -7503.65      0.00 0
6936 14.0      0_1_2_3_4_5_6_7_8_9_10_11_12_13_14_15_16_17_18_19_20_21_22_23_24_25_26_27_28_29_30_31_32_33_34_35_36_37_38_39_40_41_42_43_44_45_46_47_48_49_50_51_52_53_54_55_56_57_58_59_60_61_62_63_64_65_66_67_68_69_70_71_72_73_74_75_76_77_78_79_80_81_82_83_84_85_86_87_88_89_90_91_92_93_94_95_96_97_98_99_100_101_102_103_104_105_106_107_108_109_110_111_112_113_114_115_116_117_118_119_120_121_122_123_125_126_127_128_129_130_133_135_136_137_138_139_140_141_142_144_146_148_149_150_152_156_157_158_159_160_161_162_163_166_167_168_169_171_172_173_174_180_181_182_183_185_189_190_191_192_195_196_197_199_200_201_204_205_206_207_212_213_214_218_219_220_224_225_226_227_230_231_235_237_238_243_244_246_249_250_252_253_255_258_259_260_261_264_266_267_269_270_271_274_275_276_277_279_280_281_284_286_287_288_289_291_293_294_295_296_297_298  4.90e+08  4.33e+08 -22033.62 141674.28  14462.62    781.02     84.24     98.84    708.28  -3787.99      0.00 0
6937 14.0      71_72_86_99_100_114_133_134_143_165_170_188_194  1.17e+08  9.40e+07  19859.39   6594.79   9757.83    587.09     65.00     18.37   4828.17    465.80      0.00 0
6938 14.0      1_2_11_15_16_19_23_24_31_32_37_39_47_48_51_57_61_69_70_73_81_87_93_97_105_109_119_123_135_139_144_150_160_171  2.00e+08  1.68e+08 -14663.87  23079.83   9796.04    723.24     70.29    122.43  -3138.53   2780.54      0.00 0
6939 14.0      93_97_113_119_123_131_135_144_150_160  7.59e+08  6.50e+08   2832.17  17801.18   8256.33    740.65     65.39     80.96  -4076.06   1893.76      0.00 0
6940 14.0      0_1_2_3_4_5_6_7_8_9_10_11_12_13_14_15_16_17_18_19_20_21_22_23_24_25_26_27_28_29_30_31_32_33_34_35_36_37_38_39_40_41_42_43_44_45_46_47_48_49_50_51_52_53_54_55_56_57_58_59_60_61_63_64_65_67_68_69_70_71_72_73_75_76_77_78_79_80_81_83_84_85_86_87_89_90_92_93_95_96_97_99_100_101_103_104_105_107_108_109_111_112_114_115_118_119_121_123_125_127_129_133_135_137_139_141_143_144_146_149_150_152_154_156_160_162_164_166_171_173_176_178_180_185_187_189_195_199_202_203_204_209_212_218_224_228_229_233_235_241_244_245_248_251_256_259_262_265_268_272_282  2.63e+08  2.26e+08 -62935.46  69140.91  14356.86    686.16     81.27    132.31  -3411.25   4971.64      0.00 0
6941 14.0      0_1_2_3_4_5_6_7_8_9_10_11_12_13_14_15_16_17_19_20_21_23_24_27_28_29_31_32_33_35_36_37_39_40_41_43_44_45_47_48_51_52_53_55_57_58_61_62_63_65_66_67_69_70_73_74_77_78_79_81_82_83_85_87_88_89_91_93_94_97_98_101_102_103_105_106_109_110_111_113_116_117_119_120_123_124_127_128_129_131_135_136_139_140_141_144_148_150_157_158_160_166_167_168_171_173_181_182_190_191_195_197_200_205_206_212_214_220_226_227_231_235_238_243_250_253_255_258_264_267_270_274_279_281_284_291  6.61e+08  5.49e+08 -31130.81  58795.87  12931.88    738.78     79.00    117.90  -1223.24  -1233.87      0.00 0
6942 14.0      267_270_274_275_276_277_279_281_284_286_287_288_289_290_291_292_293_294_295_296_297_298  2.00e+08  1.67e+08  61896.93  12671.84  13038.11    695.70     78.34     11.57   5792.83 -11116.40      0.00 0
6943 14.0      148_157_158_181_182_191_197_200_206_212_214_220_227_231_235_238_243_244_250_253_255_258_259_264_270_271_272_274_279  5.37e+08  4.70e+08 -35339.10  21740.76  11498.71    695.97     74.51    148.40   4673.60  -8831.26      0.00 0
6944 14.0      34_42_50_54_60_64_68_71_72_76_80_84_86_90_92_96_99_100_104_108_112_114_115_118_122_125_126_130_133_134_138_142_143_146_147_149_153_154_155_156_159_163_164_165_169_170_174_176_177_178_179_180_183_186_187_188_189_192_193_194_201_202_204_207_208_209_210_215_216_221_222_225_228_229_232_236_239_240_245_247_248_262_265_282  8.91e+08  7.63e+08 -44526.92  61106.44  12544.03    876.11     80.58    126.08   2551.08   4518.40      0.00 0
6945 14.0      197_200_205_206_212_213_214_219_220_224_226_227_230_231_234_235_237_238_241_242_243_244_246_249_250_251_252_253_254_255_256_257_258_259_260_261_263_264_265_266_267_268_269_270_271_272_273_274_275_276_277_278_279_280_281_282_283_284_285_286_287_288_289_290_291_292_293_294_295_296_297_298  2.40e+08  2.01e+08 -120273.23  -9064.50  15044.69    671.43     82.89    184.31   2241.29  -9781.22      0.00 0
6946 14.0      121_146_152_176_185_202_203_218_228_233_241_248_251_265_268  3.89e+08  3.33e+08 -12939.30  15262.90   8667.19    729.71     66.58    130.29   5147.62  -4284.24      0.00 0
6947 14.0      0_1_2_3_4_5_6_7_8_9_10_11_12_13_14_15_16_17_18_19_20_21_22_23_24_25_26_27_28_29_30_31_32_33_34_35_36_37_38_39_40_41_42_43_44_45_46_47_48_49_50_51_52_53_54_55_56_57_58_59_60_61_63_65_67_69_70_71_72_73_74_75_77_79_81_83_85_86_87_89_93_95_97_99_101_105_107_109_111_113_119_121_123_125_131_135_137_139_144_146_150_152_160_171_176  5.75e+08  4.95e+08  50074.78 -35625.77  13006.56    686.03     78.05    324.57  -4210.60   2973.69      0.00 0
6948 14.0      116_128_148_157_167_181_182_190_200_205_206_226_227_230_231_246_249_250_253_260_261_267_270_275_277_281_284_287_289_291_295  1.86e+08  1.62e+08 -18761.49  37319.30  11458.30    706.08     74.66    116.69   1758.76 -10743.98      0.00 0
6949 14.0      197_206_212_214_220_224_231_235_238_241_243_244_255_256  4.27e+08  3.65e+08 -17251.53  -4927.25   8138.57    759.30     65.60    195.94   3426.01  -6912.59      0.00 0
6950 14.0      0_1_2_4_5_6_7_8_10_11_14_15_16_19_20_22_23_24_27_30_31_32_36_37_39_42_43_46_47_48_51_52_56_57_58_61_64_65_68_77_80_87_90_92_101_104_112_115_118_130_149_159_169_183_192_207  1.70e+08  1.43e+08 -11036.65 -29471.82  10578.78    679.73     71.42    249.47    207.06   3106.00      0.00 0
6951 14.0      148_157_158_167_168_172_173_181_182_190_191_196_197_199_200_205_206_211_212_213_214_218_219_220_223_224_226_227_230_231_233_234_235_237_238_241_242_243_244_246_248_249_250_251_252_253_254_255_256_257_258_259_260_261_262_263_264_265_266_267_268_269_270_271_272_273_278_282  1.82e+08  1.51e+08 -60639.68  -4857.65  12697.79    726.82     78.21    184.58  -1115.53  -7484.61      0.00 0
6952 14.0      127_135_139_144_149_150_156_160_166_171_180_183_189_195_201_204  8.32e+08  7.13e+08 -22289.53 -13030.17   9771.54    693.58     69.27    210.31  -2711.85   4850.17      0.00 0
6953 14.0      0_3_4_5_6_8_9_10_12_13_17_18_21_22_25_26_28_29_33_34_35_38_40_41_42_44_45_49_50_53_54_55_59_60_63_64_66_67_71_72_76_78_79_84_91_96_108  1.95e+08  1.66e+08  12441.90  22035.84   9744.37    686.50     68.94     60.55   1169.32   -217.03      0.00 0
6954 14.0      0_1_2_3_4_5_6_7_8_9_10_11_12_13_14_15_16_17_18_19_20_21_22_23_24_25_26_27_28_29_30_31_32_33_34_35_36_37_38_39_40_41_42_43_44_45_46_47_48_49_50_51_52_53_54_55_56_57_59_60_61_63_64_65_67_68_69_70_71_72_73_75_76_77_78_79_80_81_83_84_86_87_89_90_92_93_95_96_97_99_100_101_103_104_105_107_108_109_111_112_114_115_118_119_121_122_123_125_126_127_129_130_133_134_135_137_138_139_141_142_143_144_146_147_149_150_152_153_154_155_156_159_160_162_163_164_165_166_168_169_170_171_173_174_176_177_178_179_180_183_185_186_187_188_189_192_193_194_195_199_201_202_203_204_207_208_209_210_212_215_216_218_221_222_224_225_228_229_232_233_235_236_239_240_241_244_245_247_248_251_255_256_259_262_265_268_272_282  4.79e+08  4.08e+08 -174709.05 186046.23  12348.32    850.99     87.23    133.20   1799.02   3667.34      0.00 0
6955 14.0      0_1_2_3_4_5_6_7_8_9_10_11_12_13_14_15_16_17_18_19_20_21_23_24_25_27_28_29_31_32_33_35_37_39_40_41_43_44_45_47_48_49_51_52_53_55_57_58_59_61_62_63_65_66_67_69_70_73_74_78_79_81_82_83_85_87_88_89_91_93_94_95_97_98_102_103_105_106_107_109_110_111_113_116_117_119_120_121_123_124_128_129_131_132_135_136_137_140_141_144_145_148_150_151_152_157_158_160_161_162_167_168_172_173_175_181_182_184_185_190_191_196_197_198_199_200_203_205_206_211_212_213_214_217_218_219_220_224_226_227_230_231_233_235_237_238_241_243_244_246_249_250_251_253_255_256_258_259_260_261_264_267_268_270_271_272_274_275_277_279_281_282_284_287_289_291  9.33e+08  7.80e+08 103745.70 -109286.96  14801.62    733.95     84.39    313.51   3589.81  -8244.99      0.00 0
6956 14.0      0_1_2_3_4_5_6_7_8_9_10_11_12_13_14_15_16_17_18_19_20_21_22_23_24_25_26_27_28_29_30_31_32_33_34_35_36_37_39_40_41_42_43_44_45_46_47_48_51_52_53_54_55_56_57_58_61_62_63_64_65_66_67_68_69_70_73_74_77_78_79_80_81_82_85_87_88_89_90_91_92_93_94_97_98_101_102_103_104_105_106_109_110_113_115_116_117_118_119_120_123_124_127_128_129_130_131_132_135_136_139_140_144_145_148_149_150_151_156_157_158_159_160_161_166_167_171_172_175_180_181_182_183_184_189_190_191_192_195_196_198_200_201_204_205_206_207_211_213_217_219_223_225_226_227_230_231_234_237_242_246_249_250_252_254_257_260_261_263_266_267_269_273_275_276_277_278_280_283_285_286_287_288_289_290_292_293_294_295_296_297_298  4.90e+08  4.16e+08   3470.48 -175945.03  14468.13    768.06     85.30    271.13  -2901.43  -2264.60      0.00 0
6957 14.0      0_1_2_3_4_5_6_8_9_11_12_13_16_17_18_20_21_24_25_26_28_29_32_33_34_35_38_40_41_44_45_48_49_50_52_53_55_58_59_60_62_63_66_67_71_72_74_75_76_78_79_82_83_86_88_89_91_94_95_96_99_100_102_103_106_107_110_111_114_116_117_120_121_124_125_126_128_129_133_134_136_137_140_141_143_145_146_147_148_151_152_154_155_157_158_161_162_164_165_167_168_170_172_173_175_176_178_179_181_182_184_185_187_188_190_191_193_194_196_197_198_199_200_202_203_205_206_208_209_210_211_212_213_214_215_216_217_218_219_221_222_223_224_226_227_228_229_230_232_233_234_236_237_239_240_242_245_247_252_254_257_263_273_278  2.00e+08  1.70e+08 -123310.62 -59690.35  15148.92    679.90     83.69    205.83   6387.59   -737.35      0.00 0
6958 14.0      1_6_7_10_11_14_15_16_19_22_23_24_27_30_31_36_37_39_42_43_46_47_48_51_54_56_57_61_64_65_68_69_70_73_74_77_80_81_85_87_90_92_97_98_104_108_112_130_138_142  1.78e+08  1.52e+08  24137.23  19303.01  10720.46    648.63     70.87     38.65   -487.08   1688.69      0.00 0
6959 14.0      0_1_2_3_4_5_6_7_8_9_10_11_12_13_14_15_16_17_18_19_20_21_22_23_24_25_26_27_28_29_30_31_32_33_34_35_36_37_38_39_40_41_42_43_44_45_46_48_49_50_52_53_54_55_56_58_59_60_62_63_64_66_67_68_71_72_74_76_77_78_79_80_82_84_88_90_91_92_96_102_104_106_108_110_112_116_118_122_128_130_136_138_140_142_153_157_161_163_167_169_172_174_186_190_196_198_211_219_234  5.89e+08  4.99e+08 -24894.70 -44580.36  12541.61    656.27     76.20    240.82    589.02    433.71      0.00 0
6960 14.0      12_18_25_26_33_34_38_49_50_59_71_72_75_76_86_95_99_114_125_133_143_146_154_164_178_187_209_215_229_232  6.31e+08  5.63e+08 -21213.73  11066.71   9256.60    734.37     68.85    152.45   4307.45  -1179.11      0.00 0
6961 14.0      77_87_101_109_127_135_139_160_166_171_195  3.09e+08  2.82e+08 -12975.05  12027.66   8029.29    771.15     65.59    137.17  -2561.48   4535.42      0.00 0
6962 14.0      69_73_85_93_94_97_98_105_113_119_120_123_124_131_132_135_144_145_150_151_160_171_175_184  4.27e+08  3.70e+08  -3293.24 -28904.36   9807.29    759.52     71.37    263.50  -4056.58    771.38      0.00 0
6963 14.0      0_1_2_3_5_8_9_11_13_15_16_17_20_21_23_24_28_29_31_32_33_35_37_40_41_44_45_47_48_52_53_55_57_58_59_62_63_66_67_69_70_73_74_78_79_82_83_85_88_89_91_93_94_95_97_98_102_103_106_107_110_111_113_116_117_120_121_123_124_128_129_131_132_136_137_140_141_144_145_146_148_151_152_157_158_161_162_167_168_172_173_175_176_181_182_184_185_190_191_196_197_198_199_200_202_203_205_206_211_212_213_214_217_218_219_220_223_224_226_227_228_230_231_233_234_235_237_238_241_242_243_244_245_246_248_249_250_251_252_253_254_255_256_257_258_259_260_261_262_263_264_265_266_267_268_269_270_271_272_274_275_276_277_279_281_282_284_287_289_291  7.08e+08  6.08e+08 183483.84 -100579.37  14778.48    669.41     85.96    331.27  -3827.57  -3455.00      0.00 0
6964 14.0      1_7_11_14_15_16_19_23_24_27_31_32_36_37_39_43_46_47_48_51_52_56_57_58_61_65_69_70_73_74_77_80_81_82_85_87_92_93_94_97_98_101_104_105_106_109_113_115_118_119_120_123_124_127_130_131_132_135_136_139_144_145_149_150_151_156_159_160_161_166_169_171_175_180_183_184_189_192_195_198_201_204_207_217_223_225  6.03e+08  5.15e+08 -90998.15 -153685.73  13993.84    836.23     85.52    239.37  -3846.77   3939.57      0.00 0
6965 14.0      57_73_81_87_93_97_105_109_119_123_127_135_139_150_156_160_166_171_189_195_204  2.00e+08  1.68e+08   3738.67  31030.91  10239.97    729.89     71.86     83.13  -2633.91   5199.57      0.00 0
6966 14.0      0_2_3_4_5_6_8_9_10_12_13_17_18_20_21_22_25_26_28_29_30_33_34_35_38_40_41_42_44_45_49_50_53_54_55_59_60_62_63_64_66_67_68_71_72_75_76_78_79_83_84_86_88_89_90_91_95_96_99_100_102_103_107_108_110_111_112_114_116_117_121_122_125_126_128_129_133_134_137_138_140_141_142_143_146_147_148_152_153_154_155_157_158_162_163_164_165_167_168_170_172_173_174_176_177_178_179_181_182_185_186_187_188_190_191_193_194_196_197_199_200_205_206_208_210_211_212_213_214_216_219_220_222_226_227_230_231_234_237_238_240_242_246_249_250_252_253_254_257_260_261_263_266_267_269_273_275_276_277_278_280_283_285_286_287_288_290_292_294_296  3.39e+08  2.98e+08  58973.80  98343.18  14709.96    704.20     82.69     59.05   4887.21   2135.67      0.00 0
6967 14.0      0_1_2_3_4_5_6_7_8_9_10_11_12_13_14_15_16_17_18_20_21_22_25_26_27_28_29_30_33_34_35_36_38_40_42_43_44_46_50_52_54_56_60_64_66_68_72_76_80_84_90_96_104_108_112_122_130_138_142_153_163_169_174_186  2.75e+08  2.39e+08 -19375.52 -33424.52  10561.90    809.18     74.71    239.90   2698.56   4036.55      0.00 0
6968 14.0      0_1_2_3_4_5_6_7_8_9_10_11_12_13_14_15_16_17_18_19_20_21_22_23_24_25_26_27_28_29_30_31_32_33_34_35_36_37_38_39_40_41_42_43_44_45_46_47_48_49_50_51_52_53_54_55_56_57_58_59_60_61_62_63_64_65_66_67_68_69_70_71_72_73_74_75_76_77_78_79_80_81_82_83_84_85_86_87_88_89_90_91_92_93_94_95_96_97_98_99_100_101_102_103_104_105_106_107_108_109_110_111_112_113_114_115_116_117_118_119_120_121_122_123_124_125_126_127_128_129_130_131_132_133_134_135_136_137_138_139_140_141_142_143_145_147_148_149_151_153_155_156_157_158_159_161_163_165_166_167_168_169_172_174_175_177_179_180_181_182_183_184_186_188_189_190_191_192_196_198_200_201_204_205_206_207_210_211_213_217_219_223_225_226_227_230_234_237_242_246_249_252_254_257_260_263_266_269_273_276_278_280_283_285_288_290_292_296  8.13e+08  7.00e+08  84164.89 147317.66  13293.34    968.57     85.52     60.26  -1280.45  -2806.07      0.00 0
6969 14.0      205_226_230_246_249_252_260_266_275_276_286_288_294  1.66e+08  1.37e+08  -1895.55  21365.57   9702.85    606.22     65.66     95.07   -817.91  -9311.92      0.00 0
6970 14.0      0_1_2_3_4_5_6_7_8_9_10_11_12_13_14_15_16_17_19_20_21_23_24_27_28_29_31_32_35_36_37_39_40_41_43_44_45_47_48_51_52_53_55_56_57_58_61_62_63_65_66_67_69_70_73_74_77_78_79_81_82_85_87_88_89_91_93_94_97_98_101_102_103_105_106_109_110_111_113_116_117_119_123_127_128_129_135_139_144_148_150_157_158_160_166_168_171_182_191_195_197_206_214_231  4.17e+08  3.64e+08 -22954.42  50649.72  12797.34    664.46     77.04    114.38  -2153.24   1605.03      0.00 0
6971 14.0      172_175_184_190_196_198_205_211_213_217_219_223_226_227_230_234_237_242_246_249_250_252_253_254_257_260_261_263_266_267_269_270_273_275_276_277_278_280_281_283_284_285_286_287_288_289_290_291_292_293_294_295_296_297_298  4.17e+08  3.41e+08 187931.09 -138605.39  14282.42    668.08     86.50    323.59  -3960.39 -10792.83      0.00 0
6972 14.0      185_199_202_203_209_212_218_220_224_228_229_231_232_233_235_238_239_241_243_244_245_247_248_250_251_253_255_256_258_259_261_262_264_265_267_268_270_271_272_274_275_277_279_281_284_286_287_289_291_293_294_295_297_298  1.07e+08  8.95e+07  30625.28  40099.71  12561.60    647.36     76.02     52.63   4030.90  -7971.09      0.00 0
6973 14.0      27_30_36_39_42_43_46_51_54_56_61_64_65_68_77_80_81_84_87_90_92_93_96_101_104_105_108_109_112_115_118_119_122_123_126_127_130_135_138_139_142_144_147_149_150_153_156_159_160_163_166_169_171_174_177_179_186_210  2.14e+08  1.72e+08  53114.58   1576.41  12375.37    701.81     76.89      1.70   -997.10   3543.61      0.00 0
6974 14.0      227_231_238_243_246_249_250_252_253_255_257_258_259_260_261_263_264_266_267_269_270_271_272_273_274_275_276_277_278_279_280_281_283_284_285_286_287_288_289_290_291_292_293_294_295_296_297_298  2.45e+08  2.12e+08  86399.59  10226.06  14013.45    705.73     80.85      6.75   3855.42 -10419.75      0.00 0
6975 14.0      0_1_2_3_4_5_6_7_8_9_10_12_13_14_17_18_21_22_25_26_27_28_29_30_33_34_35_36_38_41_42_44_45_46_49_53_54_55_56_59_63_67_68_79_80_83_89_91_103_107_111_117_129_141_158_168_191  3.24e+08  2.87e+08  -4386.56  27113.41   9947.96    700.93     70.09     99.19    991.01  -1674.28      0.00 0
6976 14.0      0_1_2_3_4_5_6_7_8_9_10_11_12_13_14_15_16_17_18_19_20_21_22_23_24_25_26_27_28_29_30_31_32_33_34_35_36_37_38_39_40_41_42_43_44_45_46_47_48_49_50_51_52_53_54_55_56_57_58_59_60_61_62_63_64_65_66_67_68_69_70_71_72_73_74_75_76_77_78_79_80_81_82_83_84_85_86_87_88_89_90_91_92_93_94_96_97_98_100_101_102_103_104_105_106_107_108_109_110_111_112_113_115_116_117_118_119_120_122_123_124_126_127_128_129_130_131_132_135_136_138_139_140_142_144_145_147_148_149_150_151_153_156_157_158_159_160_161_163_166_167_169_171_172_174_175_177_180_181_182_183_184_186_189_190_192_195_196_198_200_201_204_205_207_211_213_217_219_223_225_226_230_234_237_242_249_252_254_257_263_266_269_273_278_280_283_285_290_292  2.19e+08  1.91e+08 -66817.24 -147914.94  14713.92    744.23     84.82    245.69   1129.56   5188.36      0.00 0
6977 14.0      8_13_16_20_24_28_29_32_35_37_40_44_45_48_52_55_58_62_66_67_69_70_74_78_79_82_85_88_89_91_94_97_98_102_103_106_110_111_113_116_117_120_124_128_129_131_132_136_137_140_141_145_148_151_157_158_161_162_167_168_172_173_175_181_182_184_185_190_191_196_197_198_199_200_205_206_211_212_213_214_217_218_219_220_223_224_226_227_230_231_233_234_235_237_238_241_242_243_244_246_249_250_251_252_253_254_255_256_257_258_259_260_261_263_264_265_266_267_268_269_270_271_272_273_274_275_276_277_278_279_280_281_282_283_284_286_287_288_289_290_291_293_294_295_298  2.04e+08  1.70e+08 164098.45 -97357.08  14279.75    772.87     85.72    329.32    274.45  -7094.28      0.00 0
6978 14.0      157_161_167_172_181_182_184_190_196_198_200_205_206_211_213_214_217_219_220_223_226_227_230_231_234_237_238_242_243_246_249_250_252_253_254_255_257_258_260_261_263_264_266_267_269_270_271_273_274_275_277_279_281_284  5.25e+08  4.32e+08  55707.04 -19257.64  12592.99    725.71     77.94    340.93  -3064.66  -7076.62      0.00 0
6979 14.0      120_136_140_145_151_161_167_172_184_196_198_211_213_217_219_223_230_234_237_242_249_252_254_257_263_266_269_273_276_278_280_283_285_288_290_292_294_296_297  3.16e+08  2.58e+08  -6213.64  47197.25  11939.77    706.60     75.92     97.50  -2767.35 -10961.76      0.00 0
6980 14.0      47_57_69_70_73_74_85_93_94_97_98_105_113_119_120_123_124_131_135  2.40e+08  2.04e+08   -197.94 -22236.86   9320.49    681.43     67.26    269.49  -3297.12    812.00      0.00 0
6981 14.0      72_76_86_95_96_99_100_108_112_114_121_122_125_126_133_134_138_142_143_146_147_152_153_154_155_163_164_165_169_170_174_176_177_178_179_185_186_187_188_192_193_194_202_203_208_209_210_215_218_228_229_233_241_251  3.72e+08  3.03e+08  10695.03 -61469.77  13319.01    649.77     77.95    279.87   4018.76   4581.43      0.00 0
6982 14.0      191_200_206_214_226_227_231_246_249_250_260_261_266_267_275_276_277_280_286_287_288_290_293_294_296  6.03e+08  5.05e+08  14193.68  25828.90  10309.37    684.21     70.72     61.21   -184.51  -9724.12      0.00 0
6983 14.0      0_2_3_4_5_8_9_12_13_17_18_21_25_26_29_33_34_38_49_50_53_59_60_71_72_75_76_86_99_100_114_126_133_134_143_155_165_170_188_194  2.75e+08  2.44e+08  25569.61   5964.35   9821.94    695.14     69.49     13.13   3323.34    187.41      0.00 0
6984 14.0      74_94_98_106_110_120_124_136_140_145_151_161_172_184_196_198_211_219  3.02e+08  2.55e+08    361.86 -21372.13   8845.16    737.91     67.52    270.97  -3254.91  -3481.69      0.00 0
6985 14.0      45_55_63_66_67_78_79_88_89_91_102_103_106_107_110_111_116_117_120_121_128_129_136_137_140_141_145_146_148_151_152_157_158_161_162_167_168_172_173_175_176_178_181_182_184_185_190_191_196_197_198_199_200_202_203_205_206_209_211_212_213_214_217_218_219_220_223_224_226_227_228_229_230_231_232_233_234_235_237_238_241_242_244_245_247_248_251_254_256_262_265_268_282  7.41e+08  6.26e+08  79956.51   4526.27  13358.45    766.97     80.53      3.24  -1545.73  -5120.78      0.00 0
6986 14.0      259_264_271_274_279_281_284_289_291  2.34e+08  1.90e+08 -15976.91 -18986.64   9990.42    638.56     68.07    229.92   3615.37 -10550.13      0.00 0
6987 14.0      84_90_96_100_104_108_112_114_118_122_126_130_133_134_138_142_143_147_149_153_155_159_163_164_165_169_170_174_177_179_180_183_186_187_188_192_193_194_208_210_215_216_221_222_232_236_239_247  4.07e+08  3.54e+08  32427.47 -30526.06  11974.83    664.46     74.95    316.73   5130.43   1153.84      0.00 0
6988 14.0      0_1_2_3_4_5_6_7_8_9_10_11_12_13_14_15_16_17_18_19_20_21_22_23_24_25_26_27_28_29_30_31_32_33_34_35_36_37_38_39_40_41_42_43_44_45_46_47_48_49_50_51_52_53_54_55_56_57_58_59_60_61_62_63_64_65_66_67_68_69_70_71_72_73_74_75_76_77_78_79_80_81_82_83_84_85_86_87_88_89_90_91_92_93_94_95_96_97_98_99_100_101_102_103_104_105_106_107_108_109_110_111_112_115_116_117_118_119_120_121_122_127_128_129_130_135_136_137_138_139_140_141_142_148_149_156_157_158_159_160_161_163_166_167_168_169_171_172_173_174_180_181_182_183_189_190_191_192_195_196_197_200_201_204_205_206_207_211_213_214_219_220_225_226_227_230_231_237_238_242_246_249_250_252_253_257_258_260_261_266_267_269_270_273_275_276_277_280_281_283_284_286_287_288_289_290_291_292_293_294_295_296_297_298  3.39e+08  2.88e+08  -2252.59 -120606.16  14512.06    745.38     83.14    268.93    -46.33   3715.65      0.00 0
6989 14.0      0_1_2_5_7_8_11_13_15_16_19_20_23_24_27_28_31_32_35_37_39_40_44_45_47_48_51_52_55_57_58_61_62_65_66_69_70_73_74_78_79_81_82_85_87_88_91_93_94_97_98_102_105_106_109_110_116_117_119_123_128_135_136_139_140_148_150_157_158_160_167_171_181_182_190_200_205_206_226_227_246_250_261  1.00e+08  8.23e+07 -11495.67  43632.66  12284.64    628.03     74.77    104.76  -1409.82  -2175.45      0.00 0
6990 14.0      0_1_2_3_4_5_6_7_8_9_10_11_12_13_14_15_16_17_18_19_20_21_22_23_24_25_26_27_28_29_30_31_32_33_34_35_36_37_38_39_40_41_42_43_44_45_46_47_48_49_50_51_52_53_54_55_56_57_58_59_60_61_62_63_64_65_66_67_68_69_70_71_72_73_74_75_76_77_78_79_80_81_82_83_84_85_86_87_88_89_90_91_93_94_95_96_97_98_99_100_102_103_105_106_107_110_111_113_114_116_117_119_120_121_123_124_125_126_128_129_131_132_133_134_136_137_140_141_143_144_145_146_148_150_151_152_154_155_157_158_161_162_164_165_167_168_170_172_173_175_176_178_181_182_184_185_187_188_190_191_193_194_196_197_198_199_200_202_203_205_206_208_209_211_212_213_214_215_216_217_218_219_220_221_222_223_224_226_227_228_229_230_231_232_233_234_235_236_237_238_239_241_242_243_244_245_246_247_248_249_250_251_252_253_254_255_256_258_259_262_264_265_268_271_272_274_279_282  4.47e+08  3.95e+08 -253140.64  37832.12  12921.19    764.84     87.11    171.50  -1234.39  -2895.04      0.00 0
6991 14.0      58_62_66_74_82_88_94_98_102_106_110_113_116_120_124_128_132_136  9.12e+08  8.10e+08 -16565.21  16588.36   9476.39    686.02     67.99    134.96  -2881.59  -2084.00      0.00 0
6992 14.0      0_1_2_3_4_5_6_7_8_9_10_11_12_14_15_16_17_18_19_22_23_24_25_26_27_30_31_32_33_34_36_37_38_39_42_43_46_47_48_49_50_51_54_56_57_60_61_64_65_68_69_70_71_72_73_74_76_81_84_85_86_93_96_97_100_113_114_123_131_134  2.14e+08  1.83e+08 -34757.23    418.59  10766.59    707.67     72.79    179.31   -940.13    733.17      0.00 0
6993 14.0      80_90_92_104_108_112_118_122_130_138_142_147_153_163_174_177_186  2.04e+08  1.71e+08 -27204.59  -4445.17  10011.18    692.90     70.04    189.28   3689.82   3966.91      0.00 0
6994 14.0      0_1_2_3_4_5_6_7_8_9_10_11_12_13_14_15_16_17_18_19_20_21_22_23_24_25_26_27_28_29_30_31_32_33_34_35_36_37_38_39_40_41_42_43_44_45_46_47_48_49_50_51_52_53_54_55_56_57_58_60_61_62_64_65_66_67_68_69_70_71_72_73_74_76_77_78_79_80_81_82_84_85_87_88_90_91_92_93_94_96_97_98_100_101_102_104_105_106_108_109_110_112_113_115_118_119_120_122_123_124_126_127_128_130_131_132_135_136_138_140_142_145_147_149_151_153_156_159_161_163_167_169_172_174_175_177_180_183_184_186_192_196_198_207_211_217_223_234_254  1.70e+08  1.38e+08  68706.06  79176.73  14639.72    687.41     82.05     49.05  -3710.73  -2530.69      0.00 0
6995 14.0      0_2_3_4_5_8_9_12_13_17_18_20_21_25_26_28_29_33_34_35_38_40_41_44_45_49_50_52_53_55_59_60_62_63_66_67_71_72_75_76_78_79_82_83_84_86_88_89_91_95_96_99_100_102_103_106_107_110_111_114_116_117_121_122_125_126_128_129_133_134_136_137_140_141_143_146_147_148_151_152_153_154_155_157_158_161_162_164_165_167_168_170_172_173_176_177_178_179_181_182_184_185_187_188_190_191_193_194_196_197_198_199_200_202_203_205_206_208_209_210_211_212_213_214_215_216_217_218_219_220_221_222_223_224_226_227_228_229_230_231_232_233_234_235_236_237_238_239_240_241_242_243_244_245_246_247_248_249_250_251_252_253_254_255_256_257_258_259_260_261_262_263_264_265_266_267_268_269_270_271_272_273_274_275_276_277_278_279_280_281_282_283_284_285_286_287_288_289_290_291_292_293_294_295_296_297_298  1.26e+08  1.04e+08 215637.36 186264.61  12690.14    671.48     87.45     40.82  -1988.21  -9659.31      0.00 0
6996 14.0      40_52_58_62_66_74_78_82_88_91_94_102_106_110_116_128_148_157_181_182  4.27e+08  3.68e+08  -9683.04  17290.30   8509.98    751.80     66.76    119.25  -1208.83  -3643.68      0.00 0
6997 14.0      254_263_269_273_278_280_283_285_288_290_292_294_296_297  6.92e+08  6.07e+08 -34605.96  38731.86  11353.17    861.38     77.67    131.78  -4135.50 -11122.37      0.00 0
6998 14.0      12_17_21_25_26_33_38_41_49_53_59_63_67_71_75_83_89_95_107_111_121_129_137_141_152_162_168_173_185_197_199_212_218_220_224_235_241_243_244_255_256_259_264_271_279  5.50e+08  4.84e+08 -12291.86  27122.40   9406.03    850.86     72.47    114.38   3542.59  -4895.90      0.00 0
6999 14.0      0_3_4_5_10_12_17_18_22_25_26_34_38_42_50_54_60_64_71_72_76_84_86_96_100_108_122_126_134_147_153_155_177_179_210  8.51e+08  7.42e+08 -21451.38 -14209.13   9507.81    735.27     69.72    213.52   3440.93   1831.69      0.00 0
