#event_number primary_type du_ids energy_primary em_energy Xmax_pos(x, y, z), Xmax_grams zenith azimuth shower_core_pos_x shower_core_pos_y shower_core_pos_z, N_tested_cores, units are degrees, GeV and meters
400 14.0      57_61_69_73_81_85_87_93_97_98_101_105_109_113_115_119_123_124_127_131_132_135_139_144_150_156_160_166_171_180_189_195_201_204_225  5.50e+10  5.01e+10  12924.04  36075.61  10296.69    853.91     74.96     70.29  -2410.39   4800.02      0.00 0
401 14.0      35_44_45_55_78_79_91_102_103_116_117_128_148_157_158_181_182_190_200_205_206_226_227_230_246_249_260_266  5.75e+09  5.12e+09   2285.18  25354.98   9205.53    782.47     70.12     84.85   -298.47  -5879.16      0.00 0
402 14.0      0_1_3_4_6_7_10_12_14_15_17_18_19_22_25_26_27_30_31_33_34_36_38_39_43_46_49_50_51_56_57_61_65_77_81_87_105  1.58e+10  1.45e+10  14079.24  -9475.13   7460.19    858.47     66.27    326.06   -268.83   1095.26      0.00 0
403 14.0      89_95_99_103_107_111_117_121_125_129_137_141_152_158_162_168_173_182_191_197_200_206_214_226_227_231_246_250  5.75e+09  5.22e+09  12463.04  24758.47   9652.57    756.22     70.80     63.28   2008.42  -4722.95      0.00 0
404 14.0      57_73_81_87_93_97_105_109_119_127_135_139_166  8.91e+10  8.16e+10  -3419.97 -15077.43   6948.20    906.25     65.80    257.22  -2436.42   3253.17      0.00 0
405 14.0      121_125_133_137_141_143_146_152_154_162_164_165_168_170_173_176_178_185_187_191_193_194_197_199_202_203_206_208_209_212_214_215_216_218_220_221_222_224_227_228_229_231_232_233_235_236_238_239_240_241_243_244_246_250_251_253_255_256_258_259_260_261_264_267_270_271_274_275_276_277_279_281_284_286_287_288_289_291_293_294_295_296_297_298  1.26e+10  1.09e+10  32433.55  61101.50  12858.49    771.50     79.47     62.04   1615.72 -10024.89      0.00 0
406 14.0      40_44_45_55_62_66_67_78_79_82_88_89_91_94_102_103_106_110_111_116_117_120_124_128_129_136_140_145_151_161_175_184  2.19e+09  1.97e+09  27170.76  -1191.05   9306.26    807.38     71.11    357.49  -1995.84  -3216.75      0.00 0
407 14.0      4_6_7_10_12_14_18_19_22_26_27_30_34_36_38_39_42_43_46_50_51_54_56_60_61_64_65_68_71_72_76_77_80_81_84_86_87_90_92_96_99_100_101_104_105_108_109_112_114_115_118_119_122_126_127_130_133_134_135_138_139_142_143_147_149_150_153_155_156_160_163_164_165_166_170_171_177_179_187_188_193_194_208_210_215_216_221_222_236_239_240  2.82e+09  2.44e+09  61664.88 -21933.63  12911.88    733.18     78.84    340.42   6026.30    839.31      0.00 0
408 14.0      39_43_46_56_61_65_68_77_80_81_87_90_92_93_101_104_105_108_109_112_115_118_119_122_123_127_130_135_138_139_142_144_149_150_153_156_159_160_163_166_169_171_174_177_180_183_186_189_192_207  1.45e+09  1.21e+09 -57433.04 -15571.93  12844.05    692.98     77.82    195.17   3041.74   4999.51      0.00 0
409 14.0      91_102_116_117_128_129_141_148_157_158_168_173_182_191_197_199_206_212_214_220_224_235_238_243_244_255_256_258_259_264_271_272_279  7.94e+09  7.04e+09  28146.07 -18062.53  10033.48    809.92     73.30    327.31   3570.37  -6907.92      0.00 0
410 14.0      0_1_2_3_4_5_6_7_8_9_10_11_12_13_14_15_16_17_18_19_20_21_22_23_24_25_26_27_28_29_30_31_32_33_34_35_36_37_38_39_40_41_42_43_44_45_46_47_48_49_50_51_52_53_54_55_56_57_58_59_60_61_62_63_64_65_66_67_68_69_70_71_72_73_74_75_76_77_79_80_81_82_83_84_85_86_87_89_90_92_93_94_95_96_97_98_99_100_101_105_107_108_109_113_114_119_121_122_123_125_126_131_132_133_134_135_139_143_144_146_150_152_154_155_160_164_165_170_176_178_187_188_193_194_202_208_209_215_221_222_229_232_236_239_247  1.17e+10  1.05e+10  71195.84 -19183.46  11955.68    976.74     80.79    344.92  -1228.65    842.93      0.00 0
411 14.0      0_1_2_3_4_5_6_7_8_9_10_11_12_13_14_15_16_17_18_19_20_21_22_23_24_25_26_27_28_29_30_31_32_33_34_35_36_37_38_39_40_41_42_43_44_45_46_47_48_49_50_51_52_53_54_55_56_57_58_59_60_61_62_63_64_65_66_67_68_69_70_71_72_73_74_75_76_77_78_79_80_81_82_83_84_85_86_87_88_89_90_91_92_93_94_95_96_97_98_99_100_102_103_104_106_107_108_110_111_112_113_114_116_117_120_121_122_124_125_126_128_129_131_132_133_134_136_137_138_140_141_142_143_145_146_147_148_151_152_153_154_155_157_158_161_162_163_164_165_167_168_170_172_173_175_176_177_178_179_181_182_184_185_186_187_188_190_191_193_194_196_197_198_199_200_202_203_205_206_208_209_210_211_212_213_214_215_216_217_218_219_220_221_222_223_224_226_227_228_229_230_231_232_233_234_235_236_237_238_239_240_241_242_245_246_247_248_249_250_251_252_254_257_260_262_263_266_269_273_278_283_285  1.41e+09  1.20e+09 220971.45 111669.14  13148.71    766.99     86.96     26.81   1739.24  -2054.92      0.00 0
412 14.0      0_1_3_4_6_7_10_12_14_17_18_19_22_25_26_27_30_33_34_36_38_39_42_43_46_49_50_51_54_56_59_60_61_64_65_68_71_72_75_76_77_80_81_84_86_87_92_95_99_101_105_109_127_139  1.07e+10  9.72e+09  18400.23 -16872.52   9027.34    803.16     70.12    317.48    356.61   1386.59      0.00 0
413 14.0      237_249_252_257_260_266_269_275_276_280_286_288_293_294_297  2.45e+10  2.18e+10  -7916.82  15253.54   7612.04    834.96     66.11    117.43  -1274.10 -10350.99      0.00 0
414 14.0      0_1_2_3_4_5_6_7_8_9_10_11_12_13_14_15_16_17_18_19_20_21_22_23_24_25_26_27_28_29_30_31_32_33_34_35_36_37_38_39_40_41_42_43_44_45_46_47_48_49_50_51_52_53_54_55_56_57_58_59_60_61_62_63_64_65_66_67_68_69_70_71_72_73_74_75_76_77_78_79_80_81_82_83_84_85_86_87_88_89_90_91_92_93_94_95_96_97_98_99_100_101_102_103_104_105_106_107_108_109_110_111_112_113_114_115_116_117_118_119_120_121_122_123_124_125_126_127_128_129_130_131_132_133_134_135_136_137_138_139_140_141_142_143_144_145_146_147_148_149_150_151_152_153_154_155_156_157_158_159_160_161_162_163_164_165_166_167_168_169_170_171_172_174_175_176_177_178_179_180_181_182_183_184_186_187_188_189_190_192_193_194_196_198_205_207_208_209_210_211_213_215_216_217_219_221_222_223_234_236_239_240_242_254  6.61e+10  5.86e+10 -227069.58 -119720.21  12734.22    787.70     87.16    207.80   -403.43     -0.68      0.00 0
415 14.0      53_59_63_67_75_79_83_89_91_95_99_103_107_111_114_116_117_121_125_129_133_137_141_143_148_154_158_164  1.07e+09  9.32e+08  18949.58  17400.63   9506.42    735.42     69.72     42.56   2524.25  -2476.25      0.00 0
416 14.0      13_20_28_29_32_35_40_41_44_45_48_52_53_55_58_62_63_66_67_74_78_79_82_83_88_89_91_94_98_102_103_106_107_110_111_116_117_120_121_124_128_129_132_136_137_140_141_145_146_148_151_152_157_158_161_162_167_168_172_173_175_176_181_182_184_185_190_191_196_197_198_199_200_202_203_206_212_214_217_218_220_224_228_229_233_235_241_243_244_245_248_251_255_256_259_262_265_268_272_282  1.02e+09  8.67e+08  73794.05 -22083.13  13817.79    680.12     79.83    343.34   1614.83  -4452.80      0.00 0
417 14.0      91_103_111_117_129_137_141_152_158_162_168_173_185_197_199_203_212_218_224_233_235_241_244_248_251_256_265_268_282  5.62e+09  5.02e+09  25562.00 -10525.46   9206.72    838.05     71.58    337.62   4221.99  -5244.13      0.00 0
418 14.0      115_127_135_139_149_150_156_160_166_171_180_183_189_195  1.41e+09  1.21e+09 -22040.18  -9638.28   9422.39    709.52     68.61    203.62  -2539.87   4803.30      0.00 0
419 14.0      95_99_107_111_114_121_125_129_133_134_137_141_143_146_152_154_155_158_162_164_165_168_170_173_176_178_179_185_187_188_191_193_194_197_199_202_203_206_208_209_210_212_214_215_216_218_220_221_222_224_227_228_229_231_233_235_238_241_243_244_246_250_253_255_256_258_259_260_261_264_267_270_271_274_275_276_277_279_281_284_286_287_289_291_293_294_295_297_298  6.17e+10  5.55e+10 -22160.70 -63281.03  12160.71    875.37     79.72    250.70   1955.28 -10519.61      0.00 0
420 14.0      91_102_103_106_110_111_116_117_120_128_129_136_137_140_141_145_148_151_157_158_161_162_167_168_172_173_175_181_182_184_185_190_191_196_197_198_199_200_203_205_206_211_212_213_214_217_218_219_220_223_224_226_227_228_230_231_233_234_235_237_238_241_242_243_244_245_248_250_251_253_254_255_256_258_259_262_264_265_268_271_272_282  1.35e+10  1.16e+10 -76804.83   8492.90  13486.29    729.80     80.10    173.69  -3800.36  -5337.12      0.00 0
421 14.0      0_1_2_3_4_5_6_7_8_9_10_11_12_13_14_15_16_17_18_20_21_22_23_24_25_26_28_29_30_32_33_34_35_37_38_40_41_42_44_45_48_49_50_52_53_54_55_58_59_60_62_63_64_66_67_70_71_72_74_75_76_78_79_82_83_84_86_88_89_91_94_95_96_98_99_100_102_103_106_107_110_111_114_116_117_120_121_122_124_125_126_128_129_133_134_136_137_140_141_143_145_146_147_148_151_152_154_155_157_158_161_164_165_167_170_172_175_177_178_179_181_184_187_188_190_193_194_196_198_205_208_210_211_213_215_216_217_219_221_222_223_234_236_237_240_242_254_263  2.82e+09  2.47e+09  79279.88  46345.98  13315.11    839.76     81.75     30.31  -3885.07  -4756.72      0.00 0
422 14.0      0_1_2_3_4_5_6_7_9_10_11_12_14_15_17_18_19_21_22_25_26_27_30_31_33_34_36_38_39_42_43_46_49_50_51_53_54_56_57_59_60_61_65_68_71_75_77_80_81_87_92_101_105_109_127_135_139_150_160_166_171  6.31e+09  5.52e+09  18943.54 -19391.84   8865.84    894.65     71.89    314.33  -1052.72   2299.64      0.00 0
423 14.0      0_1_2_3_4_5_6_7_8_9_10_11_12_13_14_15_16_17_18_19_20_21_22_23_24_25_26_27_28_29_30_31_32_33_34_35_36_37_38_40_41_42_47_48_49_50_51_52_53_54_57_58_59_60_64_69_70_71_72_73_74_75_76_82_84_85_86_94_96_98_99_100_113_114_126_132_133_134_143_155_164_165_170_188_194_208_216_222_240  1.55e+09  1.34e+09 -33798.96  -5268.60   9769.98    877.52     74.06    188.86   2115.94    336.70      0.00 0
424 14.0      0_1_2_3_4_5_6_7_8_9_10_11_12_13_14_15_16_17_18_19_20_21_22_23_24_25_26_27_28_29_30_31_32_33_34_35_36_37_38_39_40_41_42_44_45_46_47_48_49_50_51_52_53_54_55_57_58_59_60_62_63_64_66_67_68_69_70_71_72_73_74_75_76_78_79_82_83_84_85_86_88_89_90_91_94_95_96_98_99_100_102_103_106_107_108_110_111_113_114_116_117_120_121_122_124_125_126_128_129_132_133_134_136_137_140_141_143_145_146_147_148_151_152_153_154_155_157_158_161_162_164_165_167_168_170_172_173_175_176_177_178_179_181_182_184_185_187_188_190_193_194_196_198_202_203_205_208_209_210_211_213_215_216_217_219_221_222_223_229_232_234_236_239_240_242_254  4.47e+09  3.92e+09 -117269.27 -49102.90  13676.54    892.27     83.86    202.72   4062.76   -565.89      0.00 0
425 14.0      88_94_102_106_110_120_124_136_145_151_175  1.41e+10  1.25e+10 -18079.86   4077.79   8128.15    781.37     66.32    167.29  -3395.29  -2865.31      0.00 0
426 14.0      93_97_105_109_119_123_131_135_139_144_150_160_166_171_195  1.78e+10  1.61e+10  -5583.46 -17432.23   8031.34    792.10     66.31    252.24  -3128.18   3420.83      0.00 0
427 14.0      7_14_15_19_23_27_31_36_37_39_43_46_47_51_56_57_61_65_68_69_70_73_77_80_81_85_87_90_92_93_97_98_101_104_105_109_112_113_115_118_119_123_130_131_132_142_159_169  6.03e+09  5.39e+09  24370.01  19184.19  10005.62    765.31     72.12     38.21  -1576.22   2043.63      0.00 0
428 14.0      96_104_108_112_118_122_126_130_134_138_142_143_147_149_153_155_159_163_165_169_170_174_177_179_180_183_186_188_189_192_193_194_201_204_207_208_210_215_216_221_222_225_236_239_240  6.46e+09  5.89e+09  74968.81 -70523.60  13605.39    838.80     82.47    316.75   4739.86   4792.54      0.00 0
429 14.0      122_138_142_147_153_155_163_177_179_186_188_210  2.19e+09  1.89e+09  13535.09 -10894.17   8076.14    751.44     65.07    321.17   4713.37   2946.26      0.00 0
430 14.0      71_72_75_76_86_95_96_99_100_108_112_114_121_122_125_126_133_134_137_138_142_143_146_147_152_153_154_155_162_163_164_165_169_170_174_176_177_178_179_185_186_187_188_193_194_199_202_203_208_209_210_215_218_224_228_229_232_233_235_241_244_245_248_251_255_256_259_262_265_268_271_272_282  9.77e+09  8.61e+09  -8838.25  48973.77  10859.60    929.67     77.69    100.23   5029.17  -1457.07      0.00 0
431 14.0      34_50_54_60_72_76_84_86_96_100_114_126_134_143_155_165_170_188_194_208_222  2.75e+09  2.42e+09 -21002.63    773.80   8864.91    724.42     67.13    177.89   4520.89    929.23      0.00 0
432 14.0      162_173_176_185_191_197_199_200_202_203_206_209_212_214_218_220_224_226_227_228_229_231_232_233_235_238_239_241_243_244_245_246_247_248_249_250_251_252_253_255_256_258_259_260_261_262_264_265_266_267_268_269_270_271_274_275_276_277_280_281_283_284_285_286_287_288_289_290_292_293_294_296  1.35e+10  1.18e+10 -40777.89 -31199.61  11363.99    851.55     77.52    217.42   2792.32  -7644.88      0.00 0
433 14.0      0_1_2_3_4_5_6_7_8_9_10_11_12_13_14_15_16_17_18_19_20_21_22_23_24_25_26_27_28_29_30_31_32_33_34_35_36_37_38_39_40_41_42_43_44_45_46_47_49_50_51_52_53_54_55_56_57_59_61_62_63_64_65_66_67_68_77_78_79_80_81_83_87_88_89_90_91_92_101_102_103_104_109_111_115_116_117_118_127_129_141_148_149_156_158_166_168_180_181_182_189_191_200_204_206_214_227_231  2.69e+10  2.50e+10   6925.52 -40136.23  10647.16    829.07     75.35    279.79     95.08   -337.24      0.00 0
434 14.0      213_219_226_227_230_234_237_242_246_249_250_252_254_257_260_261_263_266_267_269_273_278  1.10e+09  9.66e+08  31658.61  -7460.45  10449.15    719.42     72.19    346.74  -3291.92  -8184.76      0.00 0
435 14.0      200_205_206_213_219_226_227_230_231_234_237_238_242_246_249_250_252_253_254_257_258_260_261_263_266_267_269_273_278  9.77e+09  8.61e+09 -38703.74    209.41  10988.70    736.04     74.15    179.69  -3619.59  -8349.13      0.00 0
436 14.0      0_4_6_7_10_14_18_22_27_30_36_42_43_46_56_65_68_77_80_92_101_104_115_118_149  2.24e+10  2.13e+10  -1086.49  16314.85   7140.17    902.98     66.41     93.81    129.16   2960.70      0.00 0
437 14.0      95_107_111_121_125_137_141_146_152_162_168_173_185_191_197_199_212_214_220_224_231_235_238_243_253_255_258_264_267_270_274_279_281_284_289_291  5.62e+10  5.15e+10  -1109.08 -33609.68   9871.75    844.75     73.64    268.11   3138.08  -7701.59      0.00 0
438 14.0      133_143_146_154_164_165_170_176_178_185_187_188_193_194_202_203_208_209_215_218_224_228_229_232_233_241_244_245_248_251_255_256_259_265_268_271_272  2.57e+10  2.31e+10    184.53  34105.52  10180.41    795.87     73.38     89.69   5894.57  -4414.31      0.00 0
439 14.0      116_117_128_129_140_141_148_157_158_161_162_167_168_172_173_181_182_184_185_190_191_196_197_198_199_200_203_205_206_211_212_213_214_217_218_219_220_223_224_226_227_228_230_231_233_234_235_237_238_241_242_243_244_245_246_248_249_250_251_252_253_254_255_256_258_259_262_264_265_268_271_272_282  7.08e+10  6.33e+10 -56424.15   2562.21  11368.31    916.22     78.62    177.40   2511.91  -6517.27      0.00 0
440 14.0      190_196_198_200_205_211_213_217_219_223_226_227_230_234_237_242_246_249_250_252_253_254_257_260_261_266_267_270_275_277_281_284  1.48e+10  1.37e+10 -24801.15  14749.28   9325.62    844.59     72.09    149.26  -1692.71  -7783.30      0.00 0
441 14.0      0_1_2_6_7_10_11_14_15_19_27_30_36_39_42_43_46_56_65_68_77_80_90_92_101_104_115_118_130_149_159_183_192  3.98e+10  3.55e+10   6011.79  21575.42   8827.06    770.04     68.49     74.43    227.34   3156.18      0.00 0
442 14.0      62_74_82_85_88_94_97_98_102_106_110_113_116_120_123_124_128_131_132_136_140_144_145_148_151_157_161_167_172_175_181_182_184_190_196_198_200_205_206_211_213_217_219_223_226_227_230_231_234_237_242_246_249_250_252_253_254_257_260_261_263_266_267_269_270_273_275_276_277_280_281_283_284_286_287_288_289_290_291_293_294_295_296_297_298  3.02e+09  2.67e+09  41440.70 -69462.29  13404.88    764.45     80.59    300.82  -3640.65  -4368.61      0.00 0
443 14.0      96_100_122_126_134_147_153_155_177_179_186  5.50e+09  4.92e+09  15100.95  21534.38   9350.02    777.05     70.43     54.96   5506.02   4232.02      0.00 0
444 14.0      181_182_190_191_196_197_198_200_205_206_211_212_213_214_217_219_220_223_224_226_227_230_231_234_235_237_238_242_243_244_246_249_250_252_253_254_255_256_257_258_259_260_261_263_264_266_267_268_269_270_271_272_273_274_275_276_277_278_279_280_281_282_283_284_285_286_287_288_289_290_291_292_293_294_295_296_297_298  1.38e+09  1.18e+09 221925.67 -21329.94  14261.14    700.53     86.34    354.51  -1863.69 -10776.85      0.00 0
445 14.0      92_101_104_112_115_118_127_130_138_139_142_149_156_159_163_166_169_174_180_183_186_192  1.86e+09  1.66e+09 -26928.45  -1982.23   9545.76    758.56     70.53    184.21   1840.21   4900.38      0.00 0
446 14.0      160_166_171_189_195  1.78e+09  1.58e+09  15224.55   8091.63   7919.17    776.01     65.33     27.99  -4152.01   5117.89      0.00 0
447 14.0      0_1_2_3_4_5_6_7_8_9_10_11_12_13_14_15_16_17_18_19_20_21_22_23_24_25_26_27_28_29_30_31_32_33_34_35_36_37_38_39_40_41_42_43_44_45_46_47_48_49_50_51_52_53_54_55_56_57_58_59_60_61_62_63_64_65_66_67_68_69_70_71_72_73_74_75_76_77_78_79_80_81_82_83_84_85_86_87_88_89_90_91_92_93_94_95_96_97_98_99_100_101_102_103_104_105_106_107_108_109_110_111_112_113_114_115_116_117_118_119_120_121_122_123_124_125_126_127_128_129_130_131_132_133_134_135_136_137_138_139_140_141_142_143_144_145_146_147_148_149_150_151_152_153_154_155_156_157_158_159_160_161_162_163_164_165_166_167_168_169_170_171_172_173_174_175_176_177_178_179_180_181_182_183_184_185_186_187_188_189_190_191_192_193_194_195_196_197_198_199_200_201_202_203_204_205_206_207_208_209_210_211_212_213_214_215_216_217_218_219_220_221_222_223_224_225_226_227_228_229_230_231_232_233_234_235_236_237_238_239_240_241_242_243_244_245_246_248_249_250_251_252_253_254_255_256_257_258_259_260_261_263_264_266_267_269_270_271_272_273_274_275_276_277_278_279_280_281_283_284_285_286_287_288_289_290_291_292_293_294_295_296_297_298  2.57e+10  2.27e+10  87680.02 286252.28  10873.12    838.43     87.92     72.97   -637.49   1112.87      0.00 0
448 14.0      129_141_158_168_181_182_191_200_205_206_214_226_227_230_231_246_249_250_252_260_266_269_276_280_283_290  2.88e+10  2.58e+10 -14088.21 -19548.16   8865.53    810.59     69.80    234.22   -159.56  -7825.68      0.00 0
449 14.0      70_74_82_85_94_97_98_106_110_113_120_124_132_136_140_151_161  1.02e+09  8.96e+08   2786.30 -21482.71   9168.49    691.17     67.06    277.39  -3281.31  -1781.46      0.00 0
450 14.0      0_1_2_3_4_5_6_7_8_9_10_11_12_13_14_15_16_17_18_19_20_21_22_23_24_25_26_27_28_29_30_31_32_33_35_36_37_38_39_40_41_43_44_45_47_48_49_51_52_53_55_57_58_59_61_62_63_65_66_67_69_70_71_73_74_75_78_79_81_82_83_85_87_88_89_91_93_94_95_97_98_102_103_105_106_107_109_110_111_113_116_117_119_120_121_123_124_125_128_129_131_132_135_136_137_140_141_144_145_146_148_150_151_152_157_158_160_161_162_167_168_173_176_181_182_185_190_191_197_199_200_202_203_206_212_214_218_220_224_227_228_231_233_235_238_241_243_244_248_251_253_255_256_258_259_264_265_268_270_271_272_274_279_282  9.33e+10  8.36e+10 -79458.27  70125.87  13444.46    878.06     82.77    138.57  -3141.90    -58.30      0.00 0
451 14.0      148_158_168_181_182_190_191_196_197_200_205_206_211_213_214_219_226_227_230_231_234_237_242_246_249_252_254_257_263_269_273_278_285  4.90e+10  4.38e+10  37496.09  14056.52  10864.77    778.37     74.82     20.55  -3969.15  -8354.19      0.00 0
452 14.0      0_2_3_4_5_8_9_12_13_17_18_20_21_22_25_26_28_29_33_34_35_38_40_41_44_45_49_50_52_53_54_55_59_60_62_63_66_67_71_72_75_76_78_79_83_84_86_88_89_91_95_96_99_100_102_103_107_110_114_116_122_126_128_133_134_140_143_147_153_155_165_177_179_188_194_210_216  5.50e+10  5.06e+10  30756.60  26464.19  10357.50    882.90     75.68     40.71   3445.55    630.55      0.00 0
453 14.0      165_179_188_194_210_216  2.63e+10  2.38e+10  -1005.77 -17603.54   7440.90    889.90     67.12    266.73   6441.49   3301.86      0.00 0
454 14.0      95_99_107_114_121_125_133_134_137_141_143_146_152_154_155_162_164_165_168_170_173_176_178_179_185_187_188_191_193_194_197_199_202_203_206_208_209_210_212_214_215_216_218_220_221_222_224_227_228_229_231_232_233_235_236_238_239_240_241_243_244_245_246_248_250_251_253_255_256_258_259_261_264_267_270_271_274_275_277_279_281_284_286_287_289_291_293_294_295_297_298  7.24e+10  6.60e+10  26701.04  55283.00  12056.04    839.69     78.89     64.22   5265.06  -2878.08      0.00 0
455 14.0      40_44_52_58_62_66_74_78_82_88_91_94_98_102_103_106_110_116_117_120_124_128_129_132_136_140_145_148_157_158_168_181_182_191_197_206_214_220  1.78e+10  1.57e+10  24038.19 -19396.37  10047.96    755.30     71.98    321.10  -1166.73  -3641.76      0.00 0
456 14.0      0_1_2_3_4_5_6_7_8_9_10_11_12_13_14_15_16_17_18_19_20_21_22_23_24_25_26_27_28_29_30_31_32_33_34_35_36_37_38_39_40_41_42_43_44_45_46_47_48_49_50_51_52_53_54_55_56_57_58_59_60_61_62_63_64_65_66_67_68_69_70_71_72_73_74_75_76_77_78_79_80_81_82_83_84_85_86_87_88_89_90_91_92_94_95_96_97_98_99_100_102_103_104_106_107_108_110_111_112_113_114_116_117_120_121_122_124_125_126_128_129_130_132_133_134_136_137_138_140_141_142_143_145_146_147_148_151_152_153_154_155_157_158_161_162_163_164_165_167_168_169_170_172_173_174_175_176_177_178_179_181_182_184_185_186_187_188_190_191_193_194_196_198_200_205_206_208_209_210_211_213_215_216_217_219_221_222_223_226_230_234_236_237_239_240_242_249_252_254_257_263_269_273_278_285  2.82e+09  2.43e+09 135681.50 103511.36  14480.52    771.85     85.15     37.34  -1481.95  -3191.03      0.00 0
457 14.0      41_53_63_67_79_83_89_91_103_111_116_117_129_148_158_168_181_182_191_200_206_226_227  2.34e+09  2.07e+09  -6058.29 -22800.77   9354.99    709.36     68.37    255.12    823.42  -4805.70      0.00 0
458 14.0      0_1_2_3_4_5_6_7_8_9_10_11_12_13_14_15_16_17_18_19_20_21_22_23_24_25_26_27_28_29_30_31_32_33_34_35_36_37_38_39_40_41_42_43_44_45_46_47_48_49_50_51_52_53_54_55_56_57_58_59_60_61_62_63_64_65_66_67_68_69_70_71_72_73_74_75_76_77_78_79_80_81_82_83_84_85_86_87_88_89_90_91_92_93_94_95_96_97_98_99_100_101_102_103_104_105_106_107_108_109_110_111_112_113_114_115_116_117_118_119_120_121_122_123_124_125_126_127_128_129_130_131_132_135_136_137_138_139_140_141_142_144_145_148_149_150_151_152_156_157_158_159_160_161_162_163_166_167_168_169_171_172_173_174_175_180_181_182_183_184_185_189_190_191_192_195_196_197_198_199_200_201_204_205_206_207_211_212_213_214_217_219_220_223_224_225_226_227_230_231_234_235_237_238_242_243_246_249_250_252_253_254_255_257_258_260_261_263_264_266_267_269_270_273_274_275_276_277_278_279_280_281_283_284_285_286_287_288_289_290_291_292_293_294_295_296_297_298  1.05e+09  8.82e+08 -18204.58 239319.67  13965.05    687.01     86.67     94.35   -648.08  -9030.55      0.00 0
459 14.0      176_202_203_218_228_233_241_248_251_256_259_268_272  8.71e+09  7.79e+09  -4625.75  17409.29   7918.56    803.95     66.27    104.88   5986.82  -5683.83      0.00 0
460 14.0      126_134_155_165_170_188_194_208_216_222_236_240  2.75e+10  2.57e+10 -16845.15   4655.75   7418.42    888.46     67.00    164.55   6492.49   1117.81      0.00 0
461 14.0      0_1_3_4_6_7_10_11_12_14_15_17_18_19_22_23_25_26_27_30_31_33_34_36_38_39_42_43_46_47_49_50_51_54_56_57_60_61_64_65_68_71_72_73_75_76_77_80_81_84_86_87_90_92_93_96_99_100_101_104_105_108_109_112_114_115_118_119_122_123_125_126_127_130_133_134_135_138_139_142_143_144_147_149_150_153_154_155_156_159_160_163_164_165_166_169_170_171_177_179_180_186_187_188_189_193_194_195_208_210_215_216_221_222_232_236_239_240  8.71e+09  7.75e+09  73996.86 -27328.23  13030.54    813.17     80.62    339.73    516.63   2671.15      0.00 0
462 14.0      212_218_220_224_235_238_243_244_253_255_258_264_267_270_274_277_281_284_287_289_291_295  1.29e+09  1.15e+09  12991.11  22924.35   9533.18    745.47     70.11     60.46   2931.94  -8838.15      0.00 0
463 14.0      63_75_83_89_95_99_103_107_111_114_117_121_125_129_133_134_137_141_143_146_148_152_154_155_158_162_164_165_168_170_173_176_178_179_181_182_185_187_188_191_193_194_197_199_200_202_203_205_206_208_209_210_212_214_215_216_218_220_221_222_226_227_230_231_236_238_240_246_249_250_252_260_261_266_269_275_276_280_283_288_290  1.02e+10  9.16e+09  30562.52  39400.96  10936.13    915.27     77.63     52.20   3975.44  -2710.13      0.00 0
464 14.0      8_13_16_20_24_28_29_32_35_40_41_44_45_48_52_55_58_62_63_66_67_78_79_89_91_103_107_111_117_129_137_141_158_162_168_173_185_197_199_212_218_224_235_241_244_256_259  9.33e+10  8.50e+10 -19769.96  17982.98   8864.41    884.30     71.65    137.71   2075.85  -4046.37      0.00 0
465 14.0      22_30_34_36_42_43_46_50_54_56_60_64_65_68_76_77_80_84_87_90_92_96_100_101_104_108_109_112_114_115_118_122_126_127_130_134_135_138_139_142_143_147_149_153_155_156_159_160_163_164_165_166_169_170_171_174_177_179_180_183_186_188_189_192_193_194_195_201_204_207_208_210_216_221_222_236_239_240  3.98e+10  3.61e+10  53015.62 -26791.74  11385.04    948.35     79.15    333.19    -91.40   4546.68      0.00 0
466 14.0      0_1_2_3_4_5_6_7_8_10_11_14_15_16_18_19_20_22_23_24_27_28_30_31_32_36_37_39_40_42_43_46_47_48_51_52_56_57_58_62_68_69_70_73_74_82_85_88_94_98_106_120_124_136_145_151_161_175_184_217  2.00e+09  1.74e+09 -23510.99 -22967.46  10394.62    734.79     72.45    224.33  -2833.88  -1706.52      0.00 0
467 14.0      0_1_2_3_4_5_6_7_8_9_11_12_13_15_16_17_19_20_21_23_24_25_28_29_31_32_33_35_37_40_41_44_45_47_48_49_51_52_53_55_57_58_59_62_63_66_67_69_70_73_74_78_79_81_83_85_89_91_93_95_103_107_111_121_129_137_141_152_162_173_176_185_199_203_218_224_241  1.95e+09  1.71e+09  26843.35 -21963.21  10537.67    743.85     73.10    320.71   1356.13  -2256.97      0.00 0
468 14.0      111_117_121_125_129_137_141_146_148_152_154_157_158_162_164_168_173_176_178_181_182_185_187_190_191_193_197_199_200_202_203_205_206_208_209_212_213_214_215_218_219_220_221_224_226_227_228_229_230_231_232_233_235_236_237_238_239_241_242_243_244_245_246_247_248_249_250_251_252_253_254_255_256_257_258_259_260_261_262_263_264_265_266_267_268_269_270_271_272_273_274_275_276_277_278_279_280_281_282_283_284_285_286_287_288_289_290_291_292_293_294_295_296_297_298  2.34e+09  2.02e+09 133829.42  97482.81  14601.93    758.32     84.96     36.07   -368.54 -10369.98      0.00 0
469 14.0      0_1_3_4_6_7_10_12_14_15_17_18_19_22_25_26_27_30_31_36_39_43_46_51_56_57_61_65_77_81_87_105  2.04e+10  1.87e+10  12299.27  -9755.27   7018.91    901.09     65.91    321.58   -696.18   1432.79      0.00 0
470 14.0      91_102_110_116_117_128_129_148_157_158_168_181_182_191_197_206_214_220  4.90e+10  4.41e+10  17174.22 -12768.66   8283.62    846.06     68.84    323.37    549.09  -5250.10      0.00 0
471 14.0      8_9_13_16_20_21_24_28_29_32_35_37_40_41_44_45_48_52_53_55_58_62_63_66_67_69_70_74_78_79_82_83_85_88_89_91_94_98_102_103_106_107_110_111_113_116_117_120_121_124_128_129_132_137_141_148_152_158_162_168_173_185_191_197_199_203_212_218_220_224_233_235_241_244_248_251_256_259_265_268_272_282  2.45e+10  2.16e+10  39262.21 -22177.31  11418.59    758.19     75.79    330.54   1385.88  -3745.09      0.00 0
472 14.0      20_28_32_35_40_44_48_52_55_58_62_66_69_70_74_78_79_82_85_88_91_94_97_98_102_103_106_110_111_113_116_117_120_124_128_129_131_132_136_140_141_145_148_151_157_158_161_167_168_172_173_175_181_182_184_190_191_196_197_198_199_200_205_206_211_212_213_214_217_219_220_223_224_226_227_230_231_234_235_237_238_242_243_244_246_249_250_252_253_254_255_256_257_258_259_260_261_263_264_266_267_269_270_271_272_273_274_275_276_277_279_280_281_283_284_286_287_288_289_291_293_294_295_298  2.29e+10  2.03e+10 108720.37 -93415.27  13827.38    883.46     84.49    319.33   1390.88  -8614.49      0.00 0
473 14.0      25_26_33_34_38_49_50_53_54_59_60_63_64_71_72_75_76_83_84_86_89_90_95_96_99_100_107_108_111_112_114_121_122_125_126_129_130_133_134_137_138_141_142_143_146_147_152_153_154_155_159_162_163_164_165_168_169_170_173_174_176_177_178_179_185_186_187_188_191_192_193_194_197_199_202_203_207_208_209_210_212_214_215_216_218_220_221_222_224_228_229_231_232_233_235_236_238_239_240_241_243_244_245_247_248_251_253_255_256_258_259_262_264_265_267_268_270_271_272_274_279_281_282_284_289_291  2.34e+09  2.02e+09  -5142.55 206003.62  14409.67    723.48     86.00     91.43   6146.55   4015.61      0.00 0
474 14.0      158_182_191_200_206_214_227_231_246_250_253_261_267_277  2.09e+10  1.87e+10  -1546.54  18494.69   7916.19    824.08     66.90     94.78   1018.32  -7760.97      0.00 0
475 14.0      7_15_19_23_27_31_36_37_39_43_46_47_51_56_57_61_65_68_69_70_73_77_80_81_85_87_90_92_93_97_98_101_104_105_109_112_113_115_118_119_123_127_130_131_132_135_139_142_144_149_150_156_159_166_169_174_180_183_192_201_207  3.31e+09  2.95e+09  39293.62  32877.89  11837.77    766.09     76.99     39.92  -1253.17   3176.53      0.00 0
476 14.0      0_1_2_3_4_5_6_7_8_9_10_11_12_13_14_15_16_17_18_19_20_21_22_23_24_25_26_27_28_29_30_31_32_33_34_35_36_37_38_39_40_41_42_43_44_45_46_47_48_49_50_51_52_53_54_55_56_58_59_60_62_63_64_65_66_67_68_70_71_72_74_75_76_77_78_79_80_82_83_84_86_88_89_90_91_92_94_95_96_99_100_102_103_104_106_107_108_110_111_112_114_116_117_118_120_122_126_128_129_130_134_136_138_140_142_147_148_151_153_155_157_158_159_161_163_167_169_172_174_177_179_181_182_184_186_190_192_196_198_200_205_211_213_217_219_223_226_230_234_237_242_249_252_254_257_263_266_269_273_278_280_283_285_290_292  3.31e+10  2.95e+10 -38839.52 -68509.05  13348.31    760.33     80.38    240.45    146.29  -1632.24      0.00 0
477 14.0      0_1_2_3_4_5_6_7_8_9_10_11_12_13_14_15_16_17_18_19_20_21_22_23_24_25_26_27_28_29_30_31_32_33_34_35_36_37_38_39_40_41_42_43_44_45_46_47_48_49_50_51_52_53_54_55_56_57_58_59_60_61_62_63_64_65_66_67_68_69_70_71_72_74_75_76_77_78_79_80_82_83_84_85_86_88_89_90_91_92_94_95_96_98_99_100_102_103_104_106_107_108_110_111_112_114_116_117_118_120_122_124_125_126_128_129_130_133_134_136_138_140_142_143_145_147_148_151_153_155_157_158_159_161_163_165_167_169_172_174_175_177_179_181_182_184_186_188_190_192_196_198_200_205_210_211_213_217_219_223_226_230_234_237_242_249_252_254_257_263_269_273_278_283_285_292  3.72e+10  3.31e+10  53465.74  80411.48  13485.26    833.04     82.05     56.38   2184.37   1684.24      0.00 0
478 14.0      0_1_2_3_4_5_6_7_8_9_10_11_12_13_14_15_16_17_18_19_20_21_22_23_24_25_26_27_28_29_30_31_32_33_34_35_36_37_38_39_40_41_42_43_44_45_46_47_48_49_50_51_52_53_54_55_56_57_58_59_60_61_62_63_64_65_66_67_68_69_70_71_72_73_74_75_76_77_78_79_80_81_82_83_84_85_86_87_88_89_90_91_92_93_94_95_96_97_98_99_100_101_102_103_104_105_106_107_108_109_110_111_112_113_114_116_117_119_120_121_122_123_124_125_126_128_129_131_132_133_134_135_136_137_138_140_141_143_144_145_146_147_148_150_151_152_153_154_155_157_158_161_162_164_165_167_168_170_172_173_175_176_177_178_179_181_182_184_185_187_188_190_191_193_194_196_197_198_199_200_202_203_205_206_208_209_210_211_212_213_215_216_217_218_219_221_222_223_224_228_229_232_233_234_236_239_240_241_245_247_248_251_262_265  1.38e+09  1.19e+09 211020.09   1731.02  14238.38    734.67     86.14      0.47  -2373.01  -1729.15      0.00 0
479 14.0      168_173_181_182_190_191_197_199_200_205_206_212_213_214_218_219_220_224_226_227_230_231_234_235_237_238_241_242_243_244_246_249_250_252_254_257_263_269_273_278  3.24e+10  2.92e+10 -25652.34  -7350.85   8199.12   1040.30     72.92    195.99    -94.10  -7359.83      0.00 0
480 14.0      0_1_2_3_4_5_6_7_8_9_10_11_12_13_14_15_16_17_18_19_20_21_22_23_24_25_26_27_28_29_30_31_32_33_35_36_37_39_40_41_42_43_44_45_46_47_48_51_52_53_55_56_57_58_61_62_63_65_66_67_68_69_70_73_74_77_78_79_80_81_82_85_87_88_89_91_92_93_94_97_98_101_102_103_105_106_109_110_111_113_115_116_117_118_119_120_123_124_127_128_129_131_132_135_136_139_140_144_145_148_149_150_151_156_157_158_160_161_166_167_168_171_172_175_180_181_182_184_189_190_191_195_196_197_198_200_201_204_205_206_211_213_214_217_219_223_225_226_227_230_231_234_237_238_242_246_249_250_252_253_254_257_258_260_261_263_266_267_269_270_273_275_276_277_278_280_281_283_284_285_286_287_288_289_290_291_292_293_294_295_296_297_298  6.92e+10  6.24e+10  31283.64 -146799.95  14056.14    846.98     84.65    282.03  -3104.50    698.48      0.00 0
481 14.0      0_1_2_4_5_6_7_8_10_11_13_14_15_16_19_20_23_24_27_28_30_31_32_35_36_37_39_40_43_44_46_47_48_51_52_56_57_58_61_62_65_66_69_70_73_74_77_78_80_81_82_85_87_88_92_93_94_97_98_101_102_105_106_109_110_113_115_118_120_124_127_128_132_136_140_145_149_151_156_157_161_167_172_175_180_183_184_190_196_198_211_213_217_219_223_234_237_242_252_254_257_263_269_273_278_283_285_292  8.51e+10  7.89e+10  13479.68  44646.87  10125.97   1043.30     77.75     73.20  -3219.37  -4753.90      0.00 0
482 14.0      220_224_233_235_238_241_243_244_245_248_250_251_253_255_256_258_259_260_261_262_264_265_267_268_270_271_272_274_275_276_277_279_281_282_284_286_287_288_289_290_291_293_294_295_296_297_298  4.27e+10  3.90e+10  49904.93  36311.30  11873.69    876.92     79.11     36.04   3882.78  -9478.85      0.00 0
483 14.0      0_1_2_4_6_7_10_11_14_15_18_19_22_23_24_27_30_31_34_36_37_39_42_43_46_47_51_54_56_60_64_68_80_84_90  4.17e+10  3.86e+10  13904.18   6685.66   7089.58    872.81     65.32     25.68     61.08   1162.21      0.00 0
484 14.0      176_178_185_187_193_199_202_203_208_209_212_215_218_220_221_224_228_229_232_233_235_236_238_239_241_243_244_245_247_248_251_253_255_256_258_259_262_264_265_267_268_270_271_272_274_277_279_281_282_284_287_289_291_293_295_297_298  9.12e+09  8.09e+09  36970.84  67027.84  12795.98    837.59     80.51     61.12   4723.01  -9367.27      0.00 0
485 14.0      0_1_2_5_6_7_8_11_15_16_19_20_23_24_27_28_31_32_37_39_43_47_48_51_57_61_65_69_73_77_81_87_93_101_105_109_119_127_135_139_150_160_166_171_195  4.68e+10  4.26e+10  13126.13 -27249.74   9612.15    821.25     72.37    295.72  -2834.26   3756.29      0.00 0
486 14.0      94_98_106_110_113_120_124_128_131_132_136_140_145_151_157_161_167_172_175_181_184_190_196_198_205_213  3.39e+10  3.18e+10 -19158.01  25497.53   9647.24    851.55     73.17    126.92  -4071.42  -2414.41      0.00 0
487 14.0      220_224_235_238_241_243_244_251_255_256_259_265_268_272_282  3.47e+09  3.07e+09  20846.80   4453.95   8838.63    737.42     67.48     12.06   5716.77  -6786.06      0.00 0
488 14.0      4_6_10_14_18_22_27_30_36_42_43_46_56_64_68_77_80_90_92_101_104_115_118_130_149_156_159_180_183_201_204_225  1.51e+09  1.33e+09   2639.27 -23754.15   9088.43    763.40     69.18    276.34    122.60   4155.36      0.00 0
489 14.0      0_1_2_5_6_7_8_10_11_13_14_15_16_19_20_23_24_27_28_30_31_32_35_36_37_39_40_43_44_46_47_48_51_52_55_56_57_58_61_62_65_66_69_70_73_74_77_78_80_81_82_85_87_88_91_92_93_94_97_98_101_102_105_106_109_110_113_115_116_118_119_120_123_124_127_128_131_132_135_136_139_140_144_145_149_150_151_156_157_159_160_161_166_167_171_172_175_180_181_183_184_189_190_195_196_198_201_204_205_207_211_213_217_219_223_225_230_234_237_242_249_252_254_257_263_266_269_273_278_280_283_285_288_290_292_296  7.76e+10  6.94e+10  13037.69 107737.61  13401.94    894.60     82.96     83.10  -3330.45     16.82      0.00 0
490 14.0      0_1_2_3_4_5_6_7_8_9_10_11_12_13_14_15_16_17_18_19_20_21_22_23_24_25_26_27_28_29_30_31_32_33_34_35_36_38_39_40_41_42_43_44_45_46_49_50_51_52_53_54_55_56_59_60_61_62_63_64_65_66_67_68_71_72_75_76_77_78_79_80_83_84_86_87_88_89_90_91_92_95_96_99_100_101_102_103_104_107_108_109_111_112_114_115_116_117_118_121_122_125_126_127_128_129_130_133_134_137_138_141_142_143_146_147_148_149_152_153_154_155_156_157_158_159_162_163_164_165_166_168_169_170_173_174_176_177_178_179_180_181_182_183_185_186_187_189_191_192_197_199_200_201_202_203_204_205_206_207_212_214_218_220_224_225_226_227_231_233_235_238_241_243_244_246_249_250_253_255_256_258_259_260_261_264_267_270_271_274_275_276_277_279_281_284_286_287_289_291_293_295_297_298  4.79e+10  4.26e+10  -7618.67 117495.29  13539.92    896.89     83.44     93.71   2275.71  -2867.99      0.00 0
491 14.0      147_153_155_163_165_170_174_177_179_186_188_193_194_208_210_215_216_221_222_232_236_239_240  6.03e+10  5.45e+10 -33815.93  60531.30  12213.43    886.23     80.01    119.19   6284.86   5085.89      0.00 0
492 14.0      18_22_25_26_33_34_38_42_46_49_50_54_59_60_64_68_71_72_75_76_80_83_84_86_90_95_96_99_100_104_107_108_112_114_118_121_122_125_126_130_133_134_137_138_142_143_146_147_149_152_153_154_155_159_162_163_164_165_169_174_176_177_178_180_183_185_186_192_199_201_203_207_218_225  2.57e+09  2.24e+09  14783.83 -55915.05  12642.11    707.87     77.67    284.81   2185.20   4738.71      0.00 0
493 14.0      22_30_34_42_46_50_54_56_60_64_68_72_76_77_80_84_90_92_101_104_108_112_115_118_127_130_149_156_159_180_183_189_204  1.66e+10  1.49e+10  13695.45 -21332.86   9427.83    739.97     69.60    302.70    438.88   3790.55      0.00 0
494 14.0      3_4_5_9_10_12_13_17_18_21_22_25_26_28_29_33_34_35_38_41_42_44_45_49_50_53_54_55_59_60_63_64_66_67_71_72_75_76_78_79_83_84_86_89_90_91_95_96_99_100_102_103_107_108_111_112_114_116_117_121_122_125_126_128_129_133_134_137_138_141_142_143_146_147_148_152_153_154_155_157_158_162_163_164_165_167_168_170_173_174_176_177_178_179_181_182_185_186_187_188_190_191_193_194_196_197_199_200_202_203_205_206_208_209_210_212_213_214_215_216_218_219_220_221_222_224_226_227_228_229_230_231_232_233_235_236_237_238_239_240_241_242_243_244_246_249_250_252_253_255_257_258_259_260_261_263_264_266_267_269_270_271_273_274_275_276_277_279_280_281_283_284_285_286_287_288_289_290_291_292_293_294_295_296_297_298  2.88e+09  2.47e+09  65483.42 131684.58  14834.86    728.48     84.24     63.56   5799.78   2094.40      0.00 0
495 14.0      196_198_205_211_213_217_219_223_226_227_230_234_237_242_246_249_250_252_253_254_257_260_261_263_266_267_269_270_273_275_276_277_278_280_281_283_284_286_287_289_291_295  1.38e+10  1.23e+10 -39038.21  22095.75  11250.81    783.57     75.92    150.49  -1987.40  -8498.40      0.00 0
496 14.0      173_185_191_197_199_200_202_203_206_212_214_218_220_224_226_227_228_229_230_231_233_235_237_238_241_243_244_245_246_247_248_249_250_251_252_253_255_256_257_258_259_260_261_262_263_264_265_266_267_268_269_270_271_272_273_274_275_276_277_278_279_280_281_282_283_284_285_286_287_288_289_290_291_292_293_294_295_296_297_298  1.91e+10  1.70e+10 -231780.88 -119989.87  11897.48    893.58     87.39    207.37   4689.64 -10906.10      0.00 0
497 14.0      147_155_177_179_188_210  2.95e+09  2.70e+09  -8182.88 -10859.05   6039.56   1036.60     66.05    233.00   6033.49   3388.75      0.00 0
498 14.0      197_206_212_214_220_224_226_227_231_233_235_238_241_243_244_246_248_249_250_251_252_253_255_256_258_259_260_261_262_264_265_266_267_268_270_271_272_274_279_282  3.47e+10  3.10e+10 -35127.74  -8563.22   9438.26    994.02     75.37    193.70   5879.42  -7179.48      0.00 0
499 14.0      9_13_17_21_28_29_33_35_40_41_44_45_49_53_55_59_62_63_66_67_71_75_78_79_83_86_88_89_91_95_99_102_103_106_107_110_111_114_116_117_120_121_125_128_129_133_134_136_137_140_141_143_146_148_151_152_154_157_158_161_162_164_165_167_168_170_172_173_175_176_178_181_182_184_185_187_190_191_193_194_196_197_198_199_200_202_203_205_206_208_209_211_212_213_214_215_216_217_218_219_220_221_222_223_224_226_227_228_229_230_231_232_233_234_235_236_237_238_239_240_241_242_243_244_245_246_247_248_249_250_251_252_253_254_255_256_257_260_262_263_265_266_269_273_278_280_283_285  1.38e+09  1.21e+09 121145.44  52575.00  14439.80    774.60     83.76     23.46   5413.63  -3045.12      0.00 0
