#event_number primary_type du_ids energy_primary em_energy Xmax_pos(x, y, z), Xmax_grams zenith azimuth shower_core_pos_x shower_core_pos_y shower_core_pos_z, N_tested_cores, units are degrees, GeV and meters
800 14.0      0_1_2_3_5_8_9_11_13_15_16_20_21_23_24_28_29_31_32_35_37_40_41_44_45_47_48_52_53_55_57_58_62_63_66_67_69_70_73_74_78_79_82_83_85_88_89_91_93_94_97_98_102_103_106_107_110_111_113_116_117_120_123_124_128_129_131_132_136_137_141_144_148_152_157_158_162_168_173_182_185_191_197_199_206_212_214_218_220_224_233_235_238_241_243_244_251_255_256_259_264_268_271_272_279  2.24e+10  2.03e+10 -40746.20  34469.79  11373.48    875.99     77.97    139.77   1257.71  -4053.86      0.00 0
801 14.0      0_1_2_3_4_5_6_7_8_9_10_11_12_13_14_15_16_17_18_19_20_21_22_23_24_25_26_27_28_29_30_31_32_33_34_35_36_37_38_39_40_41_42_43_44_45_46_47_48_49_50_51_52_53_54_55_56_57_58_59_60_61_62_63_64_65_66_67_68_69_70_71_72_73_74_75_76_77_78_79_80_81_82_83_84_85_86_87_88_89_90_91_92_93_94_95_96_97_98_99_100_101_102_103_104_105_106_107_108_109_110_111_112_113_114_115_116_117_118_119_120_121_122_123_124_125_126_127_128_129_130_131_132_133_134_135_136_137_138_139_140_141_142_143_144_145_146_147_148_149_150_151_152_153_154_155_156_157_158_159_160_161_162_163_164_165_166_167_168_169_170_171_172_173_174_175_176_177_178_179_180_181_182_183_184_185_186_187_188_189_190_191_193_194_195_196_197_198_199_200_202_203_204_206_208_209_210_212_214_215_216_218_220_221_222_224_228_229_231_232_233_235_236_238_239_240_241_243_244_245_247_248_251_255_256_258_259_262_264_265_268_271_272_282  2.95e+10  2.57e+10 258038.25 -124462.88  11706.84    790.49     87.66    334.25   5414.68  -2888.41      0.00 0
802 14.0      103_107_111_116_117_121_129_137_141_146_148_152_157_158_162_168_173_176_181_182_190_191_200_205_206_213_230_237  2.09e+10  1.89e+10 -20845.87 -14343.04   8772.05    863.67     70.88    214.53   1052.39  -5144.71      0.00 0
803 14.0      38_49_50_59_60_71_72_75_76_83_84_86_95_96_99_100_107_108_114_121_122  8.32e+10  7.62e+10   -436.92  18136.81   7734.51    846.28     66.91     91.38   2807.18     64.89      0.00 0
804 14.0      0_1_2_3_4_5_6_7_8_9_10_11_12_13_14_15_16_17_18_19_20_21_22_23_24_25_26_27_28_29_30_31_32_33_34_36_37_38_39_40_42_43_46_47_48_49_50_51_52_53_54_56_57_58_59_60_61_64_65_68_69_70_71_72_73_74_75_76_77_80_81_82_84_85_86_87_90_92_93_94_96_97_98_99_100_101_104_105_108_109_112_113_114_115_118_119_122_123_124_126_127_130_131_132_133_134_135_138_139_142_143_144_147_149_150_153_155_156_159_160_163_164_165_166_169_170_171_174_177_179_180_183_186_188_189_192_193_194_195_201_204_207_208_210_216_222_225_236_240  7.24e+10  6.56e+10 222562.02  24806.98  12716.25    925.28     86.75      6.36   3106.95   4346.73      0.00 0
805 14.0      200_205_206_213_214_219_220_226_227_230_231_234_235_237_238_242_243_244_246_249_250_252_253_254_255_256_257_258_259_260_261_263_264_266_267_268_269_270_271_272_273_274_275_276_277_278_279_280_281_283_285  6.76e+09  6.06e+09 -43605.05  -3562.00  10843.31    841.08     76.08    184.67  -1097.48  -8617.98      0.00 0
806 14.0      148_158_162_168_173_181_182_185_190_191_196_197_199_200_203_205_206_211_212_213_214_218_219_220_224_226_227_228_229_230_231_233_234_235_237_238_241_242_243_244_245_246_247_248_249_250_251_252_253_254_255_256_257_258_259_260_261_262_263_264_265_266_267_268_269_270_271_272_273_274_275_276_277_278_279_280_281_282_283_284_285_286_287_288_289_290_291_292_293_294_295_296_297_298  3.31e+10  2.92e+10 140056.27  35908.23  14253.23    813.89     84.37     14.38   4225.53  -8404.93      0.00 0
807 14.0      105_109_119_123_127_135_139_144_150_156_160_166_171  3.39e+09  3.00e+09 -19634.12 -12931.57   9213.50    731.19     68.60    213.37  -4024.75   3182.96      0.00 0
808 14.0      249_252_257_263_266_269_273_278_280_283_285_292  4.68e+09  4.10e+09  16704.52   9255.65   7847.97    857.98     67.66     28.99  -3617.36 -10017.43      0.00 0
809 14.0      226_227_230_237_242_246_249_252_254_257_263_266_269_273_278_283_285  7.24e+09  6.46e+09  27016.70   7360.54   9521.56    786.38     71.22     15.24  -3831.15  -9079.84      0.00 0
810 14.0      3_9_12_17_18_21_22_25_26_29_33_34_35_38_41_45_49_50_53_54_55_59_60_63_64_67_71_72_75_76_79_83_84_86_89_91_95_96_99_100_103_107_108_111_112_114_116_117_121_122_125_126_129_133_134_137_138_141_142_143_146_147_148_152_153_154_155_157_158_162_163_164_165_168_170_173_174_176_177_178_179_181_182_185_186_187_188_191_193_194_197_199_200_205_206_210_212_214_216_220_226_227_230_231_238_243_246_249_250_252_253_258_260_261_266_267_270_275_276_277_280_281_286_287_288_289_290_293_294_295_296_297_298  1.66e+10  1.47e+10  25930.97  68624.33  12750.62    821.96     80.14     69.30   3883.03    481.19      0.00 0
811 14.0      0_1_2_3_4_5_6_7_8_9_10_11_12_13_14_15_16_17_18_19_20_21_22_23_24_25_26_27_28_29_30_31_32_33_34_35_36_37_38_39_40_41_42_43_44_45_46_47_48_49_50_51_52_53_54_55_56_57_58_59_60_61_62_63_64_65_66_67_68_69_70_71_72_73_74_75_76_77_78_79_80_81_82_83_84_85_86_87_88_89_90_91_92_93_94_95_96_97_98_99_100_101_102_104_105_106_108_110_112_113_114_118_120_122_123_124_126_128_130_131_132_133_134_136_138_140_142_143_145_147_151_153_155_159_161_163_165_169_172_174_175_177_179_184_186_188_194_198_210_216_217_223_240  3.80e+10  3.41e+10  81158.06  52946.66  13067.21    909.13     82.32     33.12    141.84    484.36      0.00 0
812 14.0      198_211_213_217_219_223_230_234_237_242_246_249_252_254_257_260_261_263_266_269_273_275_276_277_280_283_286_287_288_289_295  2.34e+09  2.10e+09  28009.31 -22624.89  10672.20    744.35     73.49    321.07  -3280.93  -7929.71      0.00 0
813 14.0      206_212_214_218_220_224_226_227_228_231_233_235_238_241_243_244_245_246_248_249_250_251_252_253_255_256_258_259_260_261_262_264_265_266_267_268_269_270_271_272_273_274_275_276_277_279_280_281_282_283_284_285_286_287_288_289_290_291_292_293_294_295_296_297_298  2.04e+10  1.81e+10 -70618.48 -34656.79  12980.46    820.26     80.63    206.14   5774.32  -7896.82      0.00 0
814 14.0      31_39_43_47_51_56_57_61_65_69_73_77_81_85_87_92_93_97_101_104_105_109_113_115_118_119_123_127_130_131_132_135_139_144_149_150_156_159_160_166_169_171_180_183_189_192_201_204_207  1.74e+09  1.51e+09 -34220.52 -31247.63  10920.32    866.17     76.74    222.40  -1908.65   3512.00      0.00 0
815 14.0      76_86_96_100_122_126_134_147_153_155_177_179_186_188_210  2.24e+10  2.00e+10 -16025.61 -21074.75   8464.77    967.32     72.27    232.75   6093.20   4390.75      0.00 0
816 14.0      0_1_2_3_4_5_6_7_8_9_10_11_12_13_14_15_16_17_18_19_20_21_23_24_25_26_28_29_31_32_33_34_35_37_38_41_47_48_49_50_53_57_59_63_69_70_71_72_73_75_83_85_86_95_99_114_125_133_154_164  3.16e+09  2.77e+09 -27434.18   5030.16   9805.74    733.58     70.63    169.61   1339.04   -498.60      0.00 0
817 14.0      0_1_2_3_4_5_6_7_8_9_10_11_12_13_14_15_16_17_18_19_20_21_22_23_24_25_26_27_28_29_30_31_32_33_34_35_36_37_38_39_40_41_42_43_44_45_46_47_48_49_50_51_52_53_54_55_56_57_58_59_60_61_62_63_64_65_66_67_68_69_70_71_72_73_74_75_76_77_78_79_80_81_82_83_84_85_86_87_88_89_90_91_92_93_94_95_96_97_98_99_100_101_102_103_104_105_106_107_108_110_111_112_113_114_116_117_118_120_121_122_123_124_125_126_128_129_130_131_132_133_134_136_137_138_140_142_143_145_146_147_148_151_153_154_155_157_161_163_164_165_167_169_170_172_174_175_177_179_184_186_187_188_193_194_196_198_208_210_211_216_217_221_222_223_234_236_240  1.07e+10  9.89e+09 120696.27  66518.03  13974.16    854.76     84.21     28.86  -1468.35  -1179.22      0.00 0
818 14.0      241_243_244_245_248_251_255_256_258_259_262_264_265_268_270_271_272_274_277_279_281_282_284_287_289_291_293_294_295_297_298  2.63e+10  2.35e+10 -50056.75 -45548.14  11811.70    950.03     80.10    222.30   5382.61  -9984.66      0.00 0
819 14.0      96_100_108_114_122_126_133_134_138_142_143_147_153_155_163_165_174  1.07e+10  9.95e+09  -6649.37  19656.01   8219.79    837.80     68.39    108.69   3796.11   2171.68      0.00 0
820 14.0      0_1_2_3_4_5_6_7_8_9_10_11_12_13_14_15_16_17_18_19_20_21_22_23_24_25_26_27_28_29_30_31_32_33_34_35_36_37_38_39_40_41_42_43_44_45_46_47_48_49_50_51_52_53_54_55_56_57_58_59_60_61_62_63_64_65_66_67_68_71_72_74_75_76_77_78_79_80_82_83_84_86_87_88_89_90_91_92_95_96_99_100_101_102_103_104_106_107_108_110_111_112_114_115_116_117_118_121_122_125_126_128_129_130_133_134_136_137_138_140_141_142_143_146_147_148_149_152_153_154_155_156_157_158_159_162_163_164_165_167_168_169_172_173_174_177_179_180_181_182_183_185_186_188_190_191_192_196_197_199_200_201_205_206_207_211_212_213_214_219_220_226_227_230_231_235_237_238_242_243_246_249_250_252_253_257_258_260_261_263_266_267_269_270_273_275_276_277_280_281_283_284_285_286_287_288_289_290_291_292_293_294_295_296_297_298  7.08e+10  6.47e+10 -26483.44 -116285.40  13714.83    869.71     83.44    257.17   1180.02  -2398.09      0.00 0
821 14.0      0_1_2_5_6_7_8_11_13_14_15_16_19_20_23_24_27_28_31_32_35_36_37_39_40_43_44_47_48_51_52_55_56_57_58_61_62_65_66_69_70_73_74_77_78_81_82_85_87_88_91_92_93_94_97_98_101_102_105_106_109_110_113_115_116_119_120_123_124_127_128_135_136_139_140_149_151_156_157_160_161_166_167_171_172_180_181_189_190_195_196_198_204_205_211_213_219_225_230_237_242_249_252_257_266_269  8.32e+10  7.59e+10   1388.08  45432.36  10778.28    880.42     76.66     88.25  -1892.04   -372.90      0.00 0
822 14.0      94_98_106_110_120_124_128_132_136_140_145_148_151_157_161_167_172_175_181_182_184_190_196_198_200_205_206_211_213_217_219_223_226_227_230_231_234_237_242_246_249_250_252_253_254_257_260_261_263_266_267_269_270_273_275_276_277_280_281_283_284_286_287_288_289_290_291_293_294_295_296_297_298  7.08e+10  6.40e+10  43338.75 -62612.47  12934.21    810.84     80.36    304.69  -1776.93  -7820.10      0.00 0
823 14.0      0_1_2_3_4_5_6_7_8_9_10_11_12_13_14_15_16_17_18_19_20_21_22_23_24_25_26_27_28_29_30_31_32_33_34_35_36_37_38_39_40_41_42_43_44_45_46_47_48_49_50_51_52_53_54_55_56_57_58_59_60_61_62_63_64_65_66_67_68_69_70_71_72_73_74_75_76_77_78_79_80_81_82_83_84_85_86_87_88_89_90_91_92_93_94_96_97_98_100_101_102_103_104_105_106_107_108_109_110_111_112_113_115_116_117_118_119_120_122_123_124_127_128_129_130_131_132_135_136_138_139_140_142_144_145_148_149_150_151_153_156_157_158_159_160_161_163_166_167_168_169_171_172_174_175_180_181_182_183_184_189_190_191_192_195_196_198_200_201_204_205_206_207_211_213_217_219_223_225_226_227_230_234_237_242_246_249_250_252_254_257_260_261_263_266_269_273_275_276_278_280_283_285_286_287_288_290_292_293_294_296_297  4.17e+10  3.92e+10 -39951.16 -167308.78  13326.24    959.33     85.57    256.57  -1399.82   1037.82      0.00 0
824 14.0      0_1_2_3_4_5_6_7_8_9_10_11_13_14_15_16_18_19_20_24_27_28_29_30_32_35_36_40_44_46_52_55_62_66_78_88_102  1.05e+09  9.31e+08   4776.02  18561.02   8333.46    763.66     66.50     75.57   -446.91   -845.20      0.00 0
825 14.0      0_1_2_3_4_6_7_10_11_12_14_15_18_19_22_23_24_26_27_30_31_34_36_37_38_39_42_43_46_47_50_51_54_56_57_60_61_64_65_68_69_70_72_73_76_77_80_81_84_85_87_90_92_93_96_97_100_101_104_105_108_109_112_113_115_118_119_122_123_126_127_130_131_134_135_138_139_142_144_147_150_153_155_160_163_165_174_177_179_186_188_194_210_216_222_240  3.39e+09  2.90e+09  62359.89   7888.94  12377.61    797.37     78.86      7.21    632.46   2364.82      0.00 0
826 14.0      151_161_167_172_175_184_190_196_198_205_211_213_217_219_223_226_227_230_234_237_242_246_249_250_252_254_257_260_261_263_266_267_269_273_275_276_277_278_280_281_283_284_285_286_287_288_289_290_291_292_293_294_295_296_297_298  6.03e+09  5.28e+09 -58840.80  58370.29  13483.25    763.78     80.76    135.23  -2229.20  -9173.35      0.00 0
827 14.0      0_1_2_3_4_5_6_7_8_9_10_11_12_13_14_15_16_17_18_19_20_21_22_23_24_25_26_27_28_29_30_31_32_33_34_35_36_37_38_39_40_41_42_43_44_45_46_47_48_49_50_51_52_53_54_55_56_57_58_59_60_61_63_64_65_67_68_69_70_71_72_73_74_75_76_77_79_80_81_83_84_85_86_87_89_90_92_93_95_96_97_99_100_101_104_105_107_108_109_111_112_113_114_115_118_119_121_122_123_125_126_127_131_133_134_135_137_138_139_143_144_146_147_150_152_154_155_156_160_162_164_165_166_170_171_176_178_185_187_188_193_194_202_203_208_209_215_218_221_222_228_229_232_233_236_239_245_247_248_262_265  2.69e+09  2.37e+09 -88632.66  44868.70  13767.25    798.00     82.11    153.15   6237.27  -1962.64      0.00 0
828 14.0      90_92_96_100_104_108_112_115_118_122_126_130_134_138_142_147_149_153_155_156_159_163_165_169_170_174_177_179_180_183_188_189_192_194_201_204  2.09e+09  1.88e+09 -24589.16  18759.06   9828.70    795.46     72.37    142.66   2344.28   3687.40      0.00 0
829 14.0      3_4_5_9_10_12_13_17_18_21_22_25_26_28_29_33_34_35_38_41_42_44_45_49_50_53_54_55_59_60_63_64_66_67_71_72_75_76_78_79_83_84_86_89_90_91_95_96_99_100_102_103_107_108_111_114_116_117_121_122_125_126_128_129_133_134_137_138_141_147_148_153_155_157_158_162_163_167_168_173_177_181_182_186_190_191_196_197_200_205_206_213_214_226_227_230_231_237_246_249_250_252_253_257_260_261_266_267_269_273_275_276_277_280_283_285_286_287_288_290_292_293_294_296_297  5.89e+09  5.32e+09 -21636.01 -57258.05  12130.90    824.38     78.79    249.30    -54.30  -6832.98      0.00 0
830 14.0      181_182_190_196_200_205_206_211_213_214_219_226_227_230_231_237_238_243_246_249_250_253_258_261_264_267_270_271_274_279_281_284  2.95e+09  2.60e+09  32359.24 -14726.49  10944.21    692.90     72.89    335.53   1143.99  -8206.29      0.00 0
831 14.0      182_191_197_200_205_206_213_214_226_227_230_231_237_242_246_249_250_252_257_260_263_266_269_273_278_283_285  7.24e+09  6.40e+09  27599.28  13176.01   9937.06    768.48     72.00     25.52  -2012.42  -8519.07      0.00 0
832 14.0      16_20_23_24_28_32_37_40_44_47_48_52_55_57_58_62_66_69_70_73_74_78_82_85_88_91_93_94_97_98_102_106_110_113_116_117_119_120_123_124_128_131_132_136_140_144_145_148_150_151_157_158_161_167_172_175_181_182_184_190_191_196_198_200_205_206_211_213_214_217_219_223_226_227_230_231_234_237_238_242_246_249_250_252_253_254_257_258_260_261_263_266_267_269_270_273_274_275_276_277_278_280_281_283_284_285_286_287_288_289_290_291_292_293_294_295_296_297_298  3.63e+10  3.24e+10  81703.15 -133223.05  14387.73    794.18     84.74    301.52  -4077.96  -3990.69      0.00 0
833 14.0      22_30_42_46_54_60_64_68_84_90_96_108_112_122_138_147_153_163_177_186  5.62e+10  5.05e+10  16185.75   8678.72   7928.52    814.63     66.65     28.20   3091.04   2863.24      0.00 0
834 14.0      220_231_235_238_243_244_250_253_255_256_258_259_264_271_272  2.95e+09  2.58e+09 -17607.12  -4543.68   8111.23    772.66     65.96    194.47   3827.11  -7946.31      0.00 0
836 14.0      0_1_2_3_4_5_6_7_8_9_10_11_12_13_14_15_16_17_18_19_20_21_22_23_24_25_26_27_28_29_30_31_32_33_34_35_36_37_38_39_40_41_42_43_44_45_46_47_48_49_50_51_52_53_54_55_56_57_58_59_60_61_62_63_64_65_66_67_68_69_70_71_72_73_74_75_76_77_78_79_80_81_82_83_84_86_87_88_89_90_91_92_93_95_96_99_100_101_102_103_104_105_107_108_109_110_111_112_114_115_116_117_118_121_122_125_126_127_128_129_130_133_134_135_137_138_139_141_142_143_146_147_148_149_152_153_154_155_156_157_158_159_160_162_163_166_168_169_171_173_174_176_178_180_181_182_183_185_186_189_190_191_192_195_197_199_200_201_203_204_205_206_207_212_214_218_220_224_225_226_227_231_233_235_238_241_243_244_246_249_250_253_255_256_258_259_260_261_264_267_270_271_272_274_275_277_279_281_284_286_287_289_291_293_295_298  3.55e+10  3.14e+10 -22213.00 125209.34  14084.01    823.34     83.68    100.06   1725.30  -2706.95      0.00 0
837 14.0      36_39_43_46_51_56_61_64_65_68_77_80_81_87_90_92_93_101_104_105_108_109_112_115_118_119_123_130_135_138_144  1.05e+10  9.35e+09  23203.28   3075.37   8625.72    838.40     69.77      7.55   -754.04   2933.54      0.00 0
838 14.0      167_172_190_196_211_213_219_230_237_242_249_252_257_266_269_276_280  6.17e+10  5.60e+10   3898.94 -18843.83   7998.26    831.71     67.43    281.69  -2175.24  -7596.92      0.00 0
839 14.0      62_66_78_79_82_88_91_94_102_103_106_110_111_116_117_120_124_128_129_132_136_140_141_145_148_151_157_158_161_162_167_168_172_173_175_181_182_184_190_191_196_197_198_199_200_205_206_212_214_218_220_224_227_231_235_238_241_243_244_251_255_256_258_259_264_268_271_272_282  2.45e+10  2.16e+10 -49045.19  22382.20  12090.05    754.84     77.36    155.47    -19.26  -4948.36      0.00 0
840 14.0      3_9_12_13_17_21_25_26_28_29_33_35_38_40_41_44_45_49_50_53_55_59_60_63_66_67_71_72_75_76_78_79_83_86_88_89_91_95_96_99_100_102_103_107_110_111_114_116_117_121_122_125_126_128_129_133_134_137_140_141_143_146_147_148_152_154_155_157_158_161_162_164_165_167_168_170_172_173_176_177_178_179_181_182_185_187_188_190_191_193_194_196_197_198_199_200_202_203_205_206_208_209_210_211_212_213_214_215_216_218_219_220_221_222_223_224_226_227_228_229_230_231_232_233_234_235_236_237_238_239_240_242_243_246_249_250_252_253_254_257_260_261_263_266_267_269_273_275_276_277_278_280_283_285_286_288_290_292_294_296  8.51e+09  7.60e+09 -83458.98 -85106.57  14171.48    794.14     83.22    225.56   -881.24  -6931.92      0.00 0
841 14.0      0_3_4_6_9_10_12_14_17_18_21_22_25_26_29_30_33_34_36_38_41_42_43_46_49_50_53_54_56_59_60_63_64_67_68_71_72_75_76_77_80_83_84_86_89_90_92_95_96_99_100_101_104_107_108_111_112_114_115_118_121_122_125_126_129_130_133_134_137_138_141_142_143_146_147_149_152_153_154_155_156_159_162_163_164_165_168_169_170_173_174_176_177_178_179_180_183_185_186_187_188_189_192_193_194_197_199_201_202_203_204_207_208_209_210_212_215_216_218_220_221_222_224_225_228_229_232_233_235_236_239_240_241_243_244_245_247_248_251_255_256_258_259_262_264_265_268_271_272_274_279_282  1.41e+09  1.26e+09  51741.81 -158867.44  13178.90    993.33     85.49    288.04   5119.62    -60.71      0.00 0
842 14.0      0_1_2_3_4_5_6_7_8_9_10_11_12_13_14_15_16_17_18_19_20_21_22_23_24_25_26_27_28_29_30_32_33_34_35_36_38_40_41_42_43_44_45_46_48_49_50_52_53_54_55_56_58_59_60_62_63_64_66_67_68_71_72_75_76_78_79_80_82_83_84_86_88_89_90_91_95_96_100_102_103_104_106_107_108_110_111_112_116_117_122_126_128_129_130_136_138_140_142_147_148_153_157_158_161_163_167_169_172_174_177_181_182_186_190_196_198_200_205_211_213_219_223_226_230_234_237_242_249_252_254_257_263_266_269_273_278_283_285_292  8.51e+09  7.57e+09  26595.37  50613.76  11414.46    915.45     78.71     62.28   -218.49  -2418.27      0.00 0
843 14.0      2_3_5_8_9_13_16_17_20_21_25_28_29_32_33_35_40_41_44_45_48_49_52_53_55_58_59_62_63_66_67_71_74_75_78_79_82_83_88_89_91_94_95_98_99_102_103_106_107_110_120_124_125_132_136_140_145_151_161_175_184  1.91e+10  1.67e+10 -42653.38  -8530.73  11403.40    738.77     75.31    191.31  -3912.07  -2762.37      0.00 0
844 14.0      33_38_49_53_59_63_71_72_75_83_86_95_99_100_114_126_133_134_143_155_165_179_188_210  3.80e+09  3.39e+09  17411.90  15655.75   9214.10    728.69     68.52     41.96   4152.08    538.07      0.00 0
845 14.0      0_1_2_3_4_5_6_7_8_9_10_11_12_13_14_15_16_17_18_19_20_21_22_23_24_25_26_27_28_29_30_31_32_33_34_35_36_37_38_39_40_41_42_43_44_45_46_47_48_49_50_51_52_53_54_55_56_57_58_59_60_61_62_63_64_65_66_67_68_69_70_71_72_73_74_75_76_77_78_79_80_81_82_83_84_85_86_87_88_89_90_91_92_93_94_95_96_97_98_99_100_101_102_103_104_105_106_107_108_109_110_111_112_113_114_115_116_117_118_119_120_121_122_123_124_125_126_127_128_129_130_131_132_133_134_135_136_137_138_139_140_141_142_143_144_145_146_147_148_149_150_151_152_153_154_155_156_157_158_159_160_161_162_163_164_166_167_168_169_171_172_173_174_175_176_177_178_180_181_182_183_184_185_186_189_190_191_192_195_196_197_198_199_200_201_202_203_204_205_206_207_211_212_213_214_217_218_219_220_223_224_225_226_227_230_231_233_234_235_237_238_241_242_243_244_246_249_250_252_253_254_255_256_257_258_259_260_261_263_264_266_267_269_270_271_272_273_274_275_276_277_278_279_280_281_283_284_285_286_287_288_289_290_291_292_293_294_295_296_297_298  2.09e+10  1.85e+10  37644.83 -254930.27  12423.05    828.35     87.24    278.40   -814.33   2043.22      0.00 0
846 14.0      110_120_128_136_140_145_148_151_157_161_167_172_175_181_182_184_190_196_198_200_205_206_211_213_214_217_219_223_226_227_230_231_234_237_238_242_246_249_250_252_253_254_257_258_260_261_263_264_266_267_269_270_273_274_275_276_277_278_279_280_281_283_284_285_286_287_288_289_290_291_293_294_295_296_297_298  9.77e+10  8.83e+10  69570.17 -59987.81  12828.57    928.64     82.05    319.23   2048.23 -11230.31      0.00 0
847 14.0      278_283_285_290_292_296  2.51e+10  2.25e+10  11706.78 -10633.69   7274.23    849.82     65.30    317.75  -3809.74 -10881.80      0.00 0
848 14.0      40_44_52_55_58_62_66_74_78_79_82_88_91_94_98_102_103_106_110_116_117_128_129_141_148_158_168_173_191_197  7.94e+10  7.15e+10 -18584.52  13706.70   8583.39    837.56     69.61    143.59   -332.38  -3429.90      0.00 0
849 14.0      0_1_2_3_4_5_6_7_8_9_10_12_13_14_17_18_19_21_22_25_26_27_29_30_34_36_39_42_43_46_54_56_64_65_68_77_80_90_92_101_104_112_115_118_130_149_156_159_169_180_183_192_201_204_207_225  1.07e+10  9.43e+09   -410.19  32192.59  10330.55    732.83     72.21     90.73    350.80   3839.72      0.00 0
850 14.0      9_12_17_21_25_26_29_33_34_35_38_41_45_49_50_53_55_59_60_63_67_71_72_75_76_78_79_83_84_86_89_91_95_96_99_100_102_103_107_108_111_114_116_117_121_122_125_126_129_133_134_137_138_141_143_146_147_148_152_153_154_155_157_158_162_163_164_165_168_170_173_176_177_178_179_181_182_185_186_187_188_190_191_193_194_197_199_200_202_205_206_208_209_210_212_213_214_215_216_220_221_222_226_227_230_231_236_237_238_240_246_249_250_252_253_257_260_261_266_267_269_273_275_276_277_280_283_285_286_288_290_292_294_296  6.03e+09  5.31e+09  43410.91  72793.61  13090.48    839.84     81.22     59.19   5961.53   2503.03      0.00 0
851 14.0      8_13_16_20_28_35_40_44_45_52_55_62_66_78_79_88_91_102_110_116_117_128_148_157_167_181_182_190_196_200_205_213_226_227_230_237_246_249_252_260_266_276_280_288  6.31e+10  5.84e+10  -1388.25 -27310.10   8769.11    922.63     72.22    267.09   -870.52  -5892.35      0.00 0
852 14.0      38_49_50_54_59_60_64_71_72_75_76_83_84_86_90_95_96_99_100_107_108_111_112_114_121_122_125_126_133_134_137_138_141_142_143_146_147_152_153_154_155_162_163_164_165_169_170_173_174_176_177_178_185_186_187_197_199_202_203_212_218_220_224_233_235_241_243_244_251_255_256_259_264_271_274_279  1.55e+10  1.43e+10   5972.14 -48015.50  11437.84    799.14     76.70    277.09   4052.95  -2236.19      0.00 0
853 14.0      20_28_35_40_44_45_52_55_58_62_66_67_74_78_79_82_88_89_91_94_102_103_106_111  1.32e+09  1.16e+09 -20304.51   8129.45   9252.37    683.07     67.07    158.18   -507.71  -2550.80      0.00 0
854 14.0      44_45_55_62_66_67_78_79_88_89_91_102_103_106_107_110_111_116_117_120_128_129_136_137_140_141_145_151_157_161_167_172_175_184_198_217  4.57e+10  4.15e+10 -25482.77  -2180.16   8300.23    978.49     72.02    184.89  -1760.16  -3685.22      0.00 0
855 14.0      47_51_57_61_65_69_70_73_81_85_87_93_97_98_101_105_109_113_115_119_123_124_127_131_132_135_139_144_145_149_150_156_160_166_171_175_180_183_189_195_201_204_207_225  4.17e+09  3.69e+09 -26656.20 -54896.27  12815.67    710.54     78.14    244.10  -2179.35   5066.39      0.00 0
856 14.0      0_1_2_3_4_5_6_7_8_9_10_11_12_13_14_15_16_17_18_19_20_21_22_23_24_25_26_27_28_29_30_31_32_33_34_35_36_37_38_39_40_41_42_43_44_45_46_47_48_49_50_51_52_53_54_55_56_57_58_59_60_61_62_63_64_65_66_67_68_69_70_71_72_73_74_75_76_77_78_79_80_81_82_83_84_85_86_87_88_89_90_91_93_94_95_96_97_98_99_100_102_103_105_106_107_108_110_111_113_114_116_117_119_120_121_122_123_124_125_126_128_129_131_132_133_134_136_137_140_141_143_144_145_146_147_148_151_152_153_154_155_157_158_161_162_164_165_167_168_170_172_173_175_176_177_178_179_181_182_184_185_187_188_190_191_193_194_196_197_198_199_200_202_203_205_206_208_209_210_211_212_213_214_215_216_217_218_219_220_221_222_223_224_226_227_228_229_230_231_232_233_234_235_236_237_238_239_240_241_242_243_244_245_246_247_248_249_250_251_252_253_254_255_256_257_258_259_260_261_262_263_264_265_266_267_268_269_270_271_272_273_274_275_276_277_278_279_280_281_282_283_284_285_286_287_288_289_290_291_292_293_294_295_296_297_298  1.86e+10  1.71e+10 -301534.97 -24525.79  10617.47    857.45     87.99    184.65   3266.80  -6182.10      0.00 0
857 14.0      0_1_2_3_4_5_6_7_8_9_10_11_12_13_14_15_16_17_18_19_20_21_22_23_24_25_26_27_28_29_30_31_32_33_34_35_36_37_38_39_40_41_42_43_44_45_46_47_48_49_51_52_53_55_56_57_58_59_61_62_63_65_66_67_73_77_78_79_81_82_83_87_88_89_91_101_102_103_105_107_109_111_116_117_127_129_137_141_148_157_158_162_168_173_181_182_191_197_199_200_206_212_214_220_224_227_231_235_238_243_244_246_250_253_255_258_261_264_267_270_271_274_277_279_281_284_289_291  2.09e+10  1.86e+10  21395.91 -57840.66  11742.09    901.87     79.22    290.30   2888.46  -8805.82      0.00 0
858 14.0      0_1_2_3_5_8_9_11_13_15_16_17_20_21_23_24_28_29_31_32_33_35_37_40_41_44_45_47_48_52_53_55_57_58_59_62_63_66_67_69_70_73_74_75_78_79_82_83_85_88_89_91_94_95_97_98_102_103_106_107_110_111_113_116_117_120_121_123_124_125_128_129_131_132_136_137_140_141_145_146_148_151_152_157_158_161_162_167_168_173_175_176_178_182_184_185_191_197_199_202_203_212_214_218_220_224_228_229_233_235_241_244_245_248_251_256_259_262_265_268_272_282  3.80e+09  3.29e+09  69446.98 -29335.54  12494.03    883.73     80.59    337.10  -2790.13  -1805.20      0.00 0
859 14.0      19_31_37_39_47_51_57_61_65_69_70_73_81_85_93_97_98_113_131_132  4.57e+09  4.11e+09 -14280.56 -10467.11   7790.73    818.26     66.25    216.24  -3109.49    540.13      0.00 0
860 14.0      18_22_25_26_30_34_36_38_42_46_49_50_54_56_60_64_68_71_72_75_76_77_80_84_86_90_92_95_96_99_100_101_104_108_112_114_115_118_121_122_125_126_127_130_133_134_138_142_143_146_147_149_152_153_154_155_156_159_163_164_165_166_169_170_176_178_180_183_187_188_189_192_193_194_195_201_202_203_204_208_209_215_221_228_229_232_233_239_245_247_248_251_262_265_282  7.94e+10  7.25e+10 -32801.42  39202.25  10864.84    948.45     78.00    129.92   5244.90  -1190.58      0.00 0
861 14.0      196_200_205_213_219_226_227_230_231_237_246_249_250  1.12e+10  1.00e+10 -15744.10   5528.93   7696.20    798.66     65.24    160.65   -874.69  -7482.78      0.00 0
862 14.0      0_1_2_3_4_5_6_7_8_9_10_11_12_13_14_15_16_17_18_19_20_21_22_23_24_25_26_27_28_29_30_31_32_33_34_35_36_37_38_39_40_41_42_43_44_45_46_47_48_49_50_51_52_53_54_55_56_57_58_59_60_61_62_63_64_65_66_67_68_69_70_71_72_73_74_75_76_77_78_79_80_81_82_83_84_85_86_87_88_89_90_92_93_94_95_96_97_98_99_100_101_104_105_106_107_108_109_112_113_114_115_118_119_121_122_123_124_125_126_127_130_131_132_133_134_135_138_139_142_143_144_146_147_149_150_152_153_154_155_156_159_160_163_164_165_166_169_170_171_174_176_177_178_179_180_183_186_187_188_189_192_193_194_195_201_202_204_207_208_209_210_215_216_221_222_225_229_232_236_239_240_247  1.78e+10  1.59e+10 -278189.12  33861.66  12088.63    769.28     87.53    173.06   6305.20   2525.96      0.00 0
863 14.0      103_111_116_117_129_137_141_148_152_158_162_168_173_185_191_197_199_203_212_218_224_228_233_241_245_248_251_262_265  3.24e+10  2.92e+10  27018.46  -2411.33   9244.96    817.39     71.18    354.90   4030.07  -4949.52      0.00 0
864 14.0      0_1_2_3_4_5_6_7_8_9_10_11_12_13_14_15_16_17_18_19_20_21_22_23_24_25_26_27_28_29_30_31_32_33_34_35_36_37_38_39_40_41_42_43_44_45_46_47_48_49_50_51_52_53_54_55_56_57_59_60_61_62_63_64_65_66_67_68_71_72_73_75_76_77_78_79_80_81_83_84_86_87_89_90_91_92_95_96_99_100_101_102_103_104_105_107_108_109_111_112_114_115_116_117_118_121_122_125_126_127_129_130_133_134_135_137_138_139_141_142_146_148_149_152_154_156_158_159_160_162_166_168_169_171_173_176_178_180_182_183_185_189_191_192_195_197_199_201_202_203_204_206_207_212_214_218_220_224_225_227_228_231_233_235_238_241_243_244_250_251_253_255_256_258_259_264_267_268_270_271_272_274_279_281_284_291  2.34e+09  2.11e+09 -36868.67  97313.16  14143.89    756.38     82.26    110.75   3472.59  -5822.08      0.00 0
865 14.0      0_1_2_3_4_5_6_7_8_9_10_11_12_13_14_15_16_17_18_19_20_21_22_23_24_25_26_27_28_29_30_31_32_33_34_35_36_37_38_39_40_41_42_43_44_45_46_47_48_49_50_51_52_53_54_55_56_57_58_59_60_61_62_63_64_65_66_67_68_71_72_75_76_77_78_79_80_81_82_83_84_86_87_88_89_90_91_92_95_96_99_100_101_102_103_104_105_107_108_109_111_112_114_115_116_117_118_121_122_125_126_127_128_129_130_133_134_137_138_139_141_142_143_146_147_148_149_152_153_154_155_156_157_158_159_162_163_164_165_166_168_169_170_173_174_176_177_178_179_180_181_182_183_185_186_187_188_189_190_191_192_193_194_195_197_199_200_201_202_203_204_205_206_207_208_209_210_212_214_215_216_218_220_221_222_224_225_226_227_228_229_231_232_233_235_236_238_239_240_241_243_244_245_246_247_248_249_250_251_253_255_256_258_259_260_261_262_264_265_267_268_270_271_272_274_275_276_277_279_281_282_284_286_287_289_291_293_295_297_298  9.12e+09  8.25e+09 -29248.79 228006.75  13133.75    835.84     86.73     97.31   3378.04   -343.75      0.00 0
866 14.0      18_22_26_30_34_38_42_46_49_50_54_56_60_64_68_71_72_75_76_80_84_86_90_92_95_96_99_100_104_108_112_114_115_118_121_122_125_126_130_133_134_138_142_143_146_147_149_153_154_155_156_159_163_164_165_169_174_176_178_180_183_187_189_192_201_202_204_207_225  1.45e+09  1.23e+09  24554.75 -42788.38  11380.44    822.00     77.01    299.85   1008.82   4809.47      0.00 0
867 14.0      17_21_25_29_33_38_41_45_49_50_53_55_59_63_67_71_72_75_76_79_83_86_89_91_95_96_99_100_102_103_107_111_114_116_117_121_122_125_126_128_129_133_134_137_141_143_146_147_148_152_153_154_155_157_158_162_164_165_167_168_170_173_176_177_178_179_181_182_185_187_188_190_191_193_194_196_197_199_200_202_203_205_206_208_209_210_212_213_214_215_216_218_219_220_221_222_224_226_227_228_229_230_231_232_233_235_236_237_238_239_240_241_242_243_244_245_246_247_248_249_250_251_252_253_255_256_257_258_259_260_261_262_263_264_265_266_267_268_269_270_271_272_273_274_275_276_277_278_279_280_281_282_283_284_285_286_287_288_289_290_291_292_293_294_295_296_297_298  1.38e+10  1.21e+10 -124606.93 -175274.19  12851.87    934.78     86.58    234.59   4605.27  -4980.27      0.00 0
868 14.0      200_205_206_211_213_214_219_220_223_226_227_230_231_234_235_237_238_242_243_246_249_250_252_253_254_255_257_258_259_260_261_263_264_266_267_269_270_271_272_273_274_275_276_277_278_279_280_281_283_284_285_286_287_288_289_290_291_292_293_294_295_296_297_298  7.94e+09  7.16e+09 140226.72 -15753.74  14383.09    791.80     84.18    353.59   4842.98 -11150.73      0.00 0
869 14.0      95_99_107_111_114_121_125_129_133_134_137_141_143_146_152_154_155_162_164_165_168_170_173_176_178_179_185_187_188_191_193_194_197_199_202_203_206_208_209_210_212_214_215_216_218_220_221_222_224_227_228_229_231_232_233_235_236_238_239_240_241_243_244_245_246_247_248_250_251_253_255_256_258_259_260_261_264_267_270_271_274_275_277_279_281_284_286_287_289_291_293_294_295_297_298  9.12e+10  8.26e+10  30648.51  62368.40  11990.88    931.05     80.21     63.83   6011.24  -1693.64      0.00 0
870 14.0      39_43_56_61_65_68_77_80_81_87_90_92_93_101_104_105_109_112_115_118_119_123_127_130_135_138_139_142_149_156_159_163_169_174_183_186_192  3.80e+09  3.29e+09 -35331.94 -16656.09  11126.85    719.11     74.10    205.24   2001.70   4823.50      0.00 0
871 14.0      226_227_230_237_242_246_249_250_252_253_257_258_260_261_263_264_266_267_269_270_271_273_274_275_276_277_278_279_280_281_283_284_285_286_287_288_289_290_291_292_293_294_295_296  1.55e+09  1.33e+09 -61368.22   4775.90  12982.64    690.34     78.09    175.55   2946.33 -10424.99      0.00 0
872 14.0      0_1_2_3_4_5_6_7_8_9_10_11_12_13_14_15_16_17_18_19_20_21_22_23_24_25_26_27_28_29_30_31_32_33_34_35_36_37_38_39_40_41_42_43_44_45_46_47_48_49_50_51_52_53_54_55_56_57_58_59_60_61_62_63_64_65_66_67_68_69_70_71_72_73_74_75_76_77_78_79_80_81_82_83_84_85_86_87_89_90_92_93_95_96_97_98_99_100_101_103_104_105_107_108_109_111_113_114_115_119_121_123_125_126_127_131_133_134_135_137_139_141_143_144_146_150_152_154_160_162_164_165_166_170_171_176_178_185_187_193_202_203_208_209_215_218_221_228_229_232_233_239_245_247_248_251_262_265_282  2.04e+10  1.82e+10 -79033.31  42306.28  13269.49    836.32     81.58    151.84   -900.53   1066.35      0.00 0
873 14.0      0_1_2_3_4_6_7_10_11_12_14_15_16_18_19_22_23_24_26_27_30_31_34_36_37_39_42_43_46_47_48_50_51_54_56_57_60_61_64_65_68_69_70_72_73_74_76_77_80_81_84_85_87_90_92_93_96_97_98_100_101_104_105_108_109_112_113_118_119_122_123_126_130_131_132_134_138_142_144_147_153_155_163_174_177_179_186_188_210  3.02e+09  2.70e+09 -48100.35 -14339.33  11311.30    846.22     77.30    196.60   1197.88   2302.05      0.00 0
874 14.0      181_182_191_197_200_205_206_212_214_220_224_226_227_231_235_238_241_243_244_250_251_253_255_256_258_259_264_268_271_272_274_279_282  2.51e+09  2.15e+09  44489.99  -6086.46  11713.46    708.16     75.38    352.21   6231.52  -8018.40      0.00 0
875 14.0      196_205_211_213_217_219_223_226_227_230_234_237_242_246_249_250_252_253_254_257_260_261_263_266_267_269_270_273_274_275_276_277_278_280_281_283_284_285_286_287_288_289_290_291_293_294_295_298  8.51e+10  7.65e+10 -49321.52  25098.05  11379.82    899.68     78.38    153.03   -879.82  -9550.59      0.00 0
876 14.0      0_1_2_3_4_5_6_7_8_9_10_11_12_13_14_15_16_17_18_19_20_21_22_23_24_25_26_27_28_29_30_31_32_33_34_35_36_37_38_39_40_41_42_43_44_45_46_47_48_49_50_51_52_53_54_55_56_57_58_59_60_61_62_63_64_65_66_67_68_69_70_71_72_73_74_75_76_77_78_79_80_81_82_83_84_85_86_87_88_89_90_91_93_94_95_96_97_98_99_100_102_103_105_106_107_108_110_111_113_114_116_117_119_120_121_122_123_124_125_126_128_129_131_132_133_134_136_137_140_141_143_144_145_146_148_150_151_152_154_155_157_158_161_162_164_165_167_168_170_172_173_175_176_178_184_185_187_188_193_194_197_198_199_202_203_208_209_212_215_216_217_218_221_222_224_228_229_232_233_236_239_240_241_245_247_248_251_262_265  9.33e+09  8.15e+09 156076.78 -17837.89  14656.02    754.32     84.67    353.48   2449.36  -1650.51      0.00 0
877 14.0      75_83_86_95_99_100_107_111_114_121_125_126_129_133_134_137_141_143_146_147_152_153_154_155_158_162_164_165_168_170_173_176_177_178_179_182_185_186_187_188_191_193_194_197_199_202_203_206_208_209_210_212_214_215_216_218_220_221_222_224_227_228_229_231_232_233_235_236_238_239_240_241_243_244_245_246_247_248_250_251_253_255_256_258_259_260_261_262_264_265_267_268_270_271_272_274_275_276_277_279_281_282_284_286_287_288_289_291_293_294_295_297_298  1.07e+09  9.48e+08  64407.08 171170.78  13173.69    968.38     85.88     69.38   6246.72  -4826.64      0.00 0
878 14.0      3_5_8_9_12_13_17_18_20_21_25_26_28_29_33_34_35_38_40_41_44_45_49_50_52_53_55_59_60_62_63_66_67_71_72_75_76_78_79_82_83_86_88_89_91_95_96_99_100_102_103_106_107_110_111_114_116_117_120_121_125_126_128_129_133_134_136_137_140_141_143_146_147_148_151_152_154_155_157_158_161_162_164_165_167_168_170_172_173_176_178_179_181_182_184_185_187_188_190_191_193_194_196_197_198_199_200_202_205_206_208_209_210_211_213_214_215_216_217_219_221_222_223_226_227_230_232_234_236_237_239_240_242_249_252_254_257_263_266_269_273_278_283_285_292  5.62e+10  5.15e+10 -75170.58 -56851.06  12910.35    925.65     82.20    217.10  -3581.66  -7004.56      0.00 0
879 14.0      20_28_29_35_40_41_44_45_52_53_55_58_62_63_66_67_78_79_82_83_88_89_91_94_95_102_103_106_107_110_111_116_117_120_121_124_125_128_129_132_136_137_140_141_145_146_148_151_152_154_157_158_161_162_167_168_172_173_175_176_178_181_182_184_185_187_190_191_196_197_198_199_200_202_203_205_206_209_211_212_213_214_217_218_219_220_223_224_226_227_228_229_230_231_232_233_234_235_237_238_241_242_243_244_245_246_247_248_249_250_251_252_253_254_255_256_257_258_259_260_261_262_263_264_265_266_267_268_269_270_271_272_273_274_275_276_277_278_279_280_281_282_283_284_285  1.91e+09  1.60e+09 191401.36 -14693.94  14770.86    703.55     85.60    355.61  -2993.75  -5885.91      0.00 0
880 14.0      95_99_100_107_114_121_125_126_133_134_137_141_143_146_147_152_154_155_162_164_165_168_170_173_176_177_178_179_185_186_187_188_193_194_197_199_202_203_208_209_210_212_214_215_216_218_220_221_222_224_228_229_231_232_233_235_236_238_239_240_241_243_244_245_247_248_251_253_255_256_258_259_262_264_265_267_268_270_271_272_274_277_279_281_282_284_289_291_295  2.75e+10  2.44e+10  20771.76  85273.84  13304.88    820.20     81.38     76.31   6192.42  -1210.65      0.00 0
881 14.0      167_172_196_211_213_219_230_237_242_252_257_266_269  6.76e+10  6.29e+10   2423.08 -15403.08   6783.05    952.09     66.49    278.94  -2515.39  -7268.03      0.00 0
882 14.0      89_91_95_103_107_111_116_117_121_125_128_129_133_137_141_146_148_152_154_157_158_162_164_167_168_172_173_176_178_181_182_185_187_190_191_193_196_197_199_200_202_203_205_206_208_209_211_212_213_214_215_218_219_220_221_223_224_226_227_228_229_230_231_232_233_234_235_236_237_238_239_241_242_243_244_245_246_247_248_249_250_251_252_253_254_255_256_257_258_260_261_262_263_265_266_267_269_273_275_276_278_280_283_285_288_290_292  5.89e+09  5.20e+09 -71823.28 -41017.13  12449.70    946.18     81.44    209.73   -187.73  -7023.65      0.00 0
883 14.0      140_148_157_158_161_167_168_172_173_181_182_184_190_191_196_197_198_199_200_205_206_211_212_213_214_217_218_219_220_223_224_226_227_230_231_233_234_235_237_238_241_242_243_244_246_249_250_251_252_253_254_255_256_257_258_259_260_261_263_264_265_266_267_268_269_270_271_272_273_274_275_276_277_278_279_280_281_282_283_284_285_286_287_288_289_290_291_292_293_294_295_296  8.71e+10  8.08e+10 -128806.47  15131.28  13928.77    852.86     83.87    173.30   4932.74  -9167.23      0.00 0
884 14.0      0_1_3_4_6_7_10_12_14_15_17_18_19_22_25_26_27_30_33_34_36_38_39_42_43_46_49_50_51_54_56_59_60_61_64_65_68_71_72_75_76_77_80_81_84_86_87_90_92_95_96_99_100_101_104_105_108_109_112_114_115_118_119_122_125_126_127_130_133_134_135_138_139_142_143_146_147_149_150_153_154_155_156_159_160_163_164_165_166_169_170_171_174_177_178_179_180_183_187_188_189_192_193_194_195_201_202_204_208_209_215_216_221_222_229_232_236_239_245_247  2.69e+10  2.37e+10  63911.23 -44834.30  12742.31    858.02     80.73    324.95    -98.70   3657.57      0.00 0
885 14.0      62_66_78_82_88_91_94_102_106_110_120_124_136_145  1.95e+09  1.70e+09 -17433.06   4417.72   8055.98    776.25     65.87    165.78  -2188.86  -2724.65      0.00 0
886 14.0      10_12_17_18_21_22_25_26_30_33_34_38_42_46_49_50_53_54_59_60_63_64_68_71_72_75_76_80_83_84_86_89_90_92_95_96_99_100_104_107_108_111_112_114_118_121_122_125_126_130_133_134_137_138_141_142_143_146_147_149_152_153_154_155_159_162_163_164_165_169_170_173_174_176_178_180_183_185_187_192_193_199_201_202_203_207_209_212_218_220_224_225_228_229_233_235_241_243_244_245_248_251_255_256_259_262_264_265_268_271_272_279_282  2.00e+09  1.76e+09  22095.38 -58044.39  11398.88    977.26     79.60    290.84   5428.76  -5511.00      0.00 0
887 14.0      133_143_146_152_154_164_165_170_176_178_185_187_188_193_194_199_202_203_208_209_212_215_218_224_228_229_233_235_241_243_244_248_251_255_256_259_264_271_279  2.29e+09  2.07e+09  -4060.59 -30677.70   9172.28    929.19     73.49    262.46   5449.52  -4251.19      0.00 0
888 14.0      12_17_18_21_22_25_26_29_33_34_38_41_45_49_50_53_54_59_60_63_64_67_71_72_75_76_79_83_84_86_89_95_96_99_100_103_107_108_111_117_121_122_129_137_141_158_162_168_173_182_191_197_206_214_231  1.55e+09  1.35e+09  -3376.19 -33706.04  10531.34    730.44     72.73    264.28   2080.70  -2445.19      0.00 0
889 14.0      0_1_2_3_4_5_6_7_8_9_10_11_12_13_14_15_16_17_18_19_20_21_22_23_24_25_26_27_28_29_30_31_32_33_34_35_36_37_38_39_40_41_42_43_44_45_46_47_48_49_50_51_52_53_54_55_57_58_59_60_61_62_63_64_66_67_69_70_71_72_73_74_75_76_78_79_81_82_83_84_85_86_88_89_93_94_95_96_97_98_99_100_106_107_113_114_121_123_124_125_126_131_132_133_134_143_146_154_155_164_165_170_178_187_188_193_194_208_209_215_221_222_232_236_239  1.00e+09  8.77e+08 -60466.57   2999.62  12361.21    778.15     78.46    177.16   1485.81   -388.67      0.00 0
890 14.0      0_1_2_3_4_5_6_7_8_9_10_11_12_13_14_15_16_17_18_19_20_21_22_23_24_25_26_27_28_29_30_31_32_33_34_35_36_37_38_39_40_41_42_43_44_45_46_47_48_49_50_51_52_53_54_55_56_57_58_59_60_61_62_63_64_65_66_67_68_69_70_71_72_73_74_75_76_77_78_79_80_81_82_83_84_85_86_87_88_89_90_91_92_93_94_95_96_97_98_99_100_101_102_103_104_105_106_107_108_110_111_112_113_114_115_116_117_118_120_121_122_124_125_126_128_129_130_132_133_134_136_137_138_140_141_142_143_145_146_147_148_149_151_152_153_154_155_157_158_159_161_163_164_165_167_168_169_170_172_174_175_177_179_181_182_184_186_188_190_191_192_194_196_198_200_205_208_210_211_213_216_217_219_222_223_226_230_234_237_240_242_249_252_254_257_263_269_273_278_283_285_292  1.62e+09  1.35e+09 112311.41 121242.85  14924.29    713.64     84.84     47.19  -1210.01  -2491.74      0.00 0
891 14.0      230_234_237_242_246_249_252_254_257_260_261_263_266_267_269_273_275_276_277_278_280_281_283_286_287_288_289_291_293_294_295  1.12e+09  9.64e+08  32502.42 -19746.24  11005.72    722.66     73.86    328.72   -355.34 -10318.80      0.00 0
892 14.0      140_151_157_161_167_172_175_181_182_184_190_196_198_200_205_206_211_213_214_217_219_223_226_227_230_231_234_237_238_242_243_246_249_250_252_253_254_255_257_258_260_261_263_264_266_267_269_270_271_273_274_275_276_277_278_279_280_281_283_284_285_286_287_288_289_290_291_292_293_294_295_296_297_298  1.70e+10  1.49e+10  95275.13 -51364.73  14211.50    759.44     82.52    331.67   2371.04 -10697.84      0.00 0
893 14.0      0_1_2_3_4_5_6_7_8_9_10_11_12_13_14_15_16_17_18_19_20_21_22_23_24_25_26_27_28_29_30_31_32_33_34_35_36_37_38_39_40_41_42_43_44_45_46_47_48_49_50_51_52_53_54_55_56_57_58_60_61_62_64_65_66_67_68_69_70_71_72_73_74_76_77_78_79_80_81_82_84_85_87_88_90_91_92_93_94_96_97_98_100_101_102_104_105_106_108_109_110_112_113_115_116_118_119_120_122_123_124_126_127_128_130_131_132_135_136_138_139_140_142_144_145_147_149_150_151_153_156_159_160_161_163_166_167_169_171_172_174_175_177_180_183_184_186_189_192_195_196_198_201_204_207_211_217_219_223_225_234_242_254_263  3.72e+09  3.22e+09 164649.97 212955.31  12364.79    783.81     87.37     52.29  -2743.69   2660.01      0.00 0
894 14.0      34_42_50_54_60_64_68_72_76_84_90_96_104_108_112_118_130_138_142_159_169_174_183_192_207  9.12e+09  8.20e+09   5572.15 -24251.48   9125.73    782.43     69.86    282.94   1730.71   4210.77      0.00 0
896 14.0      45_55_67_78_79_91_103_116_117_129_148_158_168_181_182_191_197_200_206_214_226_227_231_238_246_250_253_261_267_270_275_277_281_284_287_289_291_295  7.76e+10  7.15e+10  -3700.75  26807.30   8252.89   1038.70     73.04     97.86   1095.34  -7776.08      0.00 0
897 14.0      148_158_168_182_191_197_206_212_214_220_231_235_238_243_244_255_258_259_264_271_272_274_279  6.61e+10  5.95e+10 -26873.19  18242.44   9725.96    848.90     73.33    145.83   5239.55  -8698.62      0.00 0
898 14.0      0_1_2_3_4_5_6_7_8_9_11_13_14_15_16_19_20_21_23_24_27_28_29_31_32_35_37_39_40_41_43_44_45_47_48_51_52_55_57_58_61_62_65_66_67_69_70_73_74_77_78_79_81_82_85_87_88_89_91_93_94_97_98_101_102_103_105_106_109_110_113_116_117_119_120_123_124_127_128_129_131_132_135_136_139_140_144_145_148_150_151_157_158_160_161_166_167_168_171_172_181_182_190_191_195_196_197_200_205_206_213_214_220_226_227_230_231_237_238_246_249_250_252_253_258_260_261_266_267_270_274_275_276_277_281_284_286_287_289_291_293_295_298  1.82e+09  1.61e+09 -27463.02  72069.45  13404.94    741.26     80.14    110.86  -1256.21  -3153.15      0.00 0
899 14.0      134_143_154_155_164_165_170_178_179_187_188_193_194_202_208_209_210_215_216_221_228_229_232  6.92e+09  6.14e+09   3382.25 -26886.48   9510.96    767.07     70.66    277.17   6158.74   -862.02      0.00 0
