#event_number primary_type du_ids energy_primary em_energy Xmax_pos(x, y, z), Xmax_grams zenith azimuth shower_core_pos_x shower_core_pos_y shower_core_pos_z, N_tested_cores, units are degrees, GeV and meters
101100 5626.0    0_1_2_3_4_5_6_7_8_9_10_11_12_13_14_15_16_17_18_20_21_22_24_25_26_27_28_29_30_32_33_34_35_36_38_40_41_42_44_45_46_49_50_52_53_54_55_56_58_59_60_62_63_64_66_67_68_71_72_75_76_78_79_80_82_83_84_86_88_89_90_91_95_96_99_100_102_103_104_106_107_108_110_111_112_114_116_117_121_122_125_126_128_129_130_133_134_136_137_138_140_141_142_143_146_147_148_152_153_154_155_157_158_161_162_163_164_165_167_168_169_170_172_173_174_176_177_178_179_181_182_185_186_187_188_190_191_193_194_196_197_198_199_200_202_203_205_206_208_209_210_211_212_213_214_215_216_218_219_220_221_222_223_224_226_227_230_231_234_235_236_237_238_240_242_243_246_249_250_252_253_254_257_258_260_261_263_266_267_269_270_273_275_276_277_278_280_281_283_285_286_287_288_289_290_292_293_294_295_296_297_298  3.89e+09  3.19e+09  73149.91 130458.26  15007.86    705.38     84.27     60.72   1522.07  -3134.18      0.00 0
101101 5626.0    2_3_5_8_9_11_13_16_17_20_21_23_24_28_29_32_33_35_37_40_41_44_45_47_48_52_53_55_58_59_62_63_66_67_69_70_73_74_78_79_82_83_85_88_89_91_94_95_97_98_102_103_106_107_110_111_113_116_117_120_121_123_124_128_129_131_132_136_137_140_141_145_146_148_151_152_157_158_161_162_167_168_172_173_175_176_181_182_184_185_190_191_196_197_198_199_200_202_203_205_206_211_212_213_214_217_218_219_220_223_224_226_227_228_230_231_233_234_235_237_238_241_242_243_244_245_246_248_249_250_251_252_253_254_255_256_257_258_259_260_261_262_263_264_265_266_267_268_269_270_271_272_274_275_277_279_281_282_284_289_291  4.79e+10  4.13e+10 160317.14 -83278.11  14567.02    748.12     85.39    332.55  -3860.54  -3429.52      0.00 0
101102 5626.0    126_133_134_143_147_153_154_155_164_165_170_176_177_178_179_186_187_188_193_194_202_203_208_209_210_215_216_221_222_228_229_232_233_239_245_247_248_251_262_265  8.32e+09  7.11e+09  -5362.81  35585.95  10441.79    783.99     73.82     98.57   6024.88    205.02      0.00 0
101103 5626.0    3_4_9_12_13_17_18_21_22_25_26_29_33_34_35_38_41_44_45_49_50_53_54_55_59_60_63_64_67_71_72_75_76_78_79_83_84_86_89_91_95_96_99_100_102_103_107_108_111_114_116_117_121_122_125_126_128_129_133_134_137_138_141_142_143_146_147_148_152_153_154_155_157_158_162_163_164_165_167_168_170_173_174_176_177_178_179_181_182_185_186_187_188_190_191_193_194_196_197_199_200_202_203_205_206_208_209_210_212_213_214_215_216_218_219_220_221_222_224_226_227_228_229_230_231_232_233_235_236_237_238_239_240_241_242_243_244_245_246_247_248_249_250_251_252_253_255_256_257_258_259_260_261_262_264_265_266_267_268_269_270_271_272_273_274_275_276_277_279_280_281_282_283_284_285_286_287_288_289_290_291_292_293_294_295_296_297_298  5.01e+09  4.11e+09 -107713.12 -220551.45  13722.72    699.21     86.80    243.97   2897.82  -7536.42      0.00 0
101104 5626.0    172_184_196_198_211_213_217_219_223_230_234_237_242_249_252_254_257_260_263_266_269_276_280  2.29e+09  1.90e+09 -17781.55  22932.10  10224.67    688.60     70.59    127.79  -3240.28  -7283.62      0.00 0
101105 5626.0    0_1_2_3_4_5_6_7_8_9_10_11_12_13_14_15_16_17_18_19_20_21_22_23_24_27_28_29_30_31_32_35_36_37_39_40_41_42_43_44_45_46_47_48_51_52_55_56_57_58_61_62_65_66_68_69_70_73_74_77_78_79_80_81_82_85_87_88_91_92_93_94_98_101_102_104_105_106_109_110_115_116_117_118_120_124_127_128_136_140_148_149_151_156_157_159_161_166_167_172_180_181_183_189_190_196_198_200_201_204_205_207_211_213_219_223_225_226_230_234_237_242_249_252_254_257_260_263_266_269_273_276_278_280_283_285_288_290_292_296  7.94e+09  6.65e+09 -10020.11 -61934.52  13129.90    678.85     78.18    260.81  -1816.25  -3777.38      0.00 0
101106 5626.0    6_7_10_14_18_19_22_26_27_30_34_36_39_42_43_46_50_51_54_56_60_61_64_65_68_72_76_77_80_84_87_90_100  1.20e+09  9.84e+08  19524.75  -6952.45   9210.32    660.52     66.04    340.40    724.16   1575.69      0.00 0
101107 5626.0    36_39_42_43_46_56_61_64_65_68_77_80_81_87_90_92_93_101_104_105_108_109_112_115_119_127_135_139_144_150_160  3.16e+09  2.64e+09  28306.56  -2790.45  10139.56    690.54     70.38    354.37  -1978.85   3122.45      0.00 0
101108 5626.0    22_30_34_36_42_43_46_50_54_56_60_64_65_68_72_76_77_80_84_86_87_90_92_96_100_101_104_108_109_112_114_115_118_122_126_127_130_133_134_135_138_139_142_143_147_149_153_155_156_159_160_163_164_165_166_169_170_171_174_177_179_180_183_186_187_188_189_192_193_194_195_201_204_207_208_210_215_216_221_222_225_232_236_239_240  1.23e+09  9.88e+08  87762.23 -47849.53  14582.43    679.41     81.70    331.40   3959.04   3040.54      0.00 0
101109 5626.0    0_1_2_3_4_5_6_7_8_9_10_11_12_13_14_15_16_17_18_19_20_21_22_23_24_25_26_27_28_29_30_31_32_33_34_35_36_37_38_39_40_41_42_43_44_45_46_47_49_50_51_52_53_54_55_56_57_59_60_61_62_63_64_65_66_67_68_71_72_75_76_77_78_79_80_81_83_84_86_87_88_89_90_91_92_95_96_99_100_101_102_103_104_105_107_108_109_111_112_114_115_116_117_118_121_122_125_126_127_129_130_133_134_137_138_139_141_142_143_146_147_148_149_152_153_154_155_156_157_158_159_162_163_164_165_166_168_169_170_171_173_174_176_177_178_179_180_181_182_183_185_186_187_188_189_191_192_193_194_195_197_199_200_201_202_203_204_206_207_209_212_214_215_218_220_224_225_227_228_229_231_232_233_235_238_241_243_244_245_246_248_250_251_253_255_256_258_259_261_262_264_265_267_268_270_271_272_274_277_279_281_282_284_287_289_291_295  1.70e+10  1.43e+10  32785.77 -154909.53  14883.99    721.99     84.63    281.95   3249.58  -3811.71      0.00 0
101110 5626.0    0_1_2_3_4_5_6_8_9_10_11_12_13_16_17_18_21_22_25_26_33_34_38_49_50_53_54_59_60_71_72_75_76_86_96_99_100_114_126_133_134_143_155_164_165_170_188_193_194_208_216_221_222_236_240  5.13e+10  4.46e+10  31853.64   2887.70   9888.55    806.86     72.82      5.18   4572.49    288.43      0.00 0
101111 5626.0    1_2_7_8_11_13_15_16_19_20_23_24_28_31_32_35_37_39_40_44_47_48_51_52_55_57_58_61_62_65_66_69_70_73_74_78_81_82_85_87_88_91_93_94_97_98_102_105_106_109_110_113_116_117_119_120_123_124_128_131_132_135_136_139_140_144_145_148_150_151_157_160_161_166_167_171_172_181_182_184_190_195_196_198_200_205_206_211_213_219_226_227_230_234_237_242_246_249_250_252_257_260_261_266_267_269_273_275_276_277_280_283_286_287_288_289_290_293_294_295_296_297_298  4.47e+10  3.84e+10 -12131.74  65970.96  13014.18    730.40     79.02    100.42  -1578.32  -6092.56      0.00 0
101112 5626.0    0_1_2_3_4_5_6_7_8_9_10_11_12_13_14_15_16_17_18_19_21_22_23_24_25_26_27_29_30_31_33_34_36_37_38_39_41_42_43_46_47_49_50_51_53_54_56_57_59_60_61_63_64_65_68_69_71_72_73_75_76_77_80_81_83_84_86_87_90_93_95_96_97_99_100_105_114_119_121_123_125_126_133_134_143_144_146_154_164_165_170_176_178_187_193_194_202_208_209_215_221_229_232_236_239_247  8.91e+10  7.80e+10  52773.62 -18357.07  12244.07    750.72     77.64    340.82   4903.21   -840.30      0.00 0
101113 5626.0    0_1_2_3_4_5_6_7_8_9_10_11_12_13_14_15_16_17_18_19_20_21_22_23_24_25_26_27_28_29_30_31_32_33_34_35_36_37_38_39_40_41_42_43_44_45_46_47_48_49_50_51_52_53_54_55_56_57_58_59_60_61_62_63_64_65_66_67_68_69_70_71_72_73_74_75_76_77_78_79_80_81_82_83_84_85_86_87_88_89_90_91_92_93_95_96_99_101_102_103_104_105_107_108_109_111_112_115_116_117_118_119_121_125_127_129_130_135_137_139_141_146_148_149_150_152_156_158_159_160_162_166_168_171_173_176_180_182_183_185_189_191_195_197_199_201_204_206_212_214_218_220_224_225_231_235_238_241_243_244_253_255_256_258_259_264_267_270_271_274_279_281_284_291  4.27e+09  3.52e+09  35770.76 -84516.59  14273.09    690.63     81.16    292.94   -322.78   1722.39      0.00 0
101114 5626.0    38_49_50_59_60_71_72_75_76_83_84_86_95_96_99_100_107_108_111_114_121_122_125_126_133_134_137_138_141_142_143_146_147_152_153_154_155_162_163_164_165_168_170_173_174_176_177_178_179_185_186_187_188_193_194_197_199_202_203_208_209_210_212_214_215_216_218_220_224_228_229_233_235_238_241_243_244_248_251_253_255_256_258_259_264_268_270_271_272_274_279_281_284_291  3.72e+09  3.09e+09  -1741.53 -76156.21  13788.62    679.17     79.74    268.69   4532.65  -2783.94      0.00 0
101115 5626.0    17_21_25_26_29_33_38_41_45_49_50_53_55_59_60_63_67_71_72_75_76_79_83_86_89_91_95_96_99_100_103_107_111_114_116_117_121_122_125_126_129_133_134_137_141_143_146_147_148_152_153_154_155_157_158_162_164_165_168_170_173_176_177_178_179_181_182_185_186_187_188_190_191_193_194_197_199_200_202_203_205_206_208_209_210_212_213_214_215_216_218_220_221_222_224_226_227_228_229_230_231_232_233_235_236_237_238_239_240_241_243_244_245_246_247_248_249_250_251_252_253_255_256_257_258_259_260_261_262_264_265_266_267_268_269_270_271_272_273_274_275_276_277_279_280_281_282_283_284_285_286_287_288_289_290_291_292_293_294_295_296_297_298  5.01e+09  4.12e+09  94040.53 164937.52  14875.87    693.34     85.52     60.31   2107.30  -8243.50      0.00 0
101116 5626.0    78_88_91_102_103_106_110_111_116_117_120_128_129_136_137_140_141_145_148_151_157_158_161_162_167_168_172_173_175_181_182_184_185_190_191_196_197_198_199_200_203_205_206_211_212_213_214_217_218_219_220_223_224_226_227_228_230_231_233_234_235_237_238_241_242_243_244_246_248_249_250_251_252_253_254_255_256_257_258_259_260_261_262_263_264_265_266_267_268_270_271_272_274_279_282_284  3.47e+09  2.84e+09 -106328.30  22116.32  14741.76    684.43     82.27    168.25   -881.53  -6060.90      0.00 0
101117 5626.0    252_257_263_266_269_273_278_283_285  1.48e+09  1.23e+09 -19564.31   -991.09   9059.87    654.00     65.18    182.90  -3791.68  -9334.83      0.00 0
101118 5626.0    0_1_2_3_4_5_6_7_8_9_10_11_12_13_14_15_16_17_18_19_20_21_22_23_24_25_27_28_29_30_31_32_33_35_36_37_39_40_41_43_44_45_46_47_48_51_52_53_55_56_57_58_61_62_63_65_66_67_69_70_73_74_77_78_79_81_82_83_87_89_91_93_101_103_105_109_111_117_119_127_129_135_139_150_158_160_166_168_171_195  2.63e+09  2.15e+09  21139.82 -41922.43  12291.05    647.64     75.33    296.76  -1560.86   1749.62      0.00 0
101119 5626.0    0_3_4_5_6_9_10_12_13_14_17_18_21_22_25_26_29_30_33_34_35_36_38_41_42_45_46_49_50_53_54_55_56_59_60_63_64_67_68_71_72_75_76_79_80_83_84_86_89_90_91_92_95_96_99_100_103_104_107_108_111_112_114_117_118_121_122_125_126_129_130_133_134_137_138_141_142_143_146_147_148_149_152_153_154_155_158_159_162_163_164_168_169_173_174_176_177_178_182_183_185_186_191_192_197_199_200_201_203_206_207_212_214_218_220_224_227_231_235_238_241_243_244_250_253_255_258_259_261_264_267_270_271_274_277_279_281_284_287_289_291_295_298  3.72e+10  3.22e+10   3219.68 -78455.73  13280.96    769.56     80.40    272.35   2750.53  -3673.37      0.00 0
101120 5626.0    125_133_143_146_152_154_164_176_178_185_187_199_202_203_209_218_224_228_229_233_241_244_245_248_251_255_256_259_265_268_271_272_282  1.38e+10  1.18e+10   9285.37 -42162.12  11414.72    732.43     75.19    282.42   6385.03  -7391.35      0.00 0
101121 5626.0    0_1_2_3_4_5_6_7_8_9_10_11_12_13_14_15_16_17_18_19_20_21_22_23_24_25_26_27_28_29_30_31_32_33_34_35_36_37_38_39_40_41_42_43_44_45_46_47_48_49_50_51_52_53_54_55_56_57_58_59_60_61_62_63_64_65_66_67_68_69_70_71_72_73_74_75_76_77_78_79_80_81_82_83_84_86_87_88_89_90_91_92_94_95_96_99_100_101_102_103_104_106_107_108_109_110_111_112_114_115_116_117_118_121_122_125_126_127_128_129_130_133_134_136_137_138_140_141_142_143_146_147_148_149_152_153_154_155_156_157_158_159_162_163_164_165_166_167_168_169_170_172_173_174_176_177_178_179_180_181_182_183_185_186_187_188_189_190_191_192_193_194_196_197_199_200_201_202_203_204_205_206_207_208_209_210_211_212_213_214_215_216_218_219_220_221_222_224_225_226_227_228_229_230_231_232_233_235_236_237_238_240_241_242_243_244_245_246_248_249_250_251_252_253_255_256_257_258_259_260_261_264_266_267_268_269_270_271_272_273_274_275_276_277_279_280_281_283_284_285_286_287_288_289_290_291_292_293_294_295_296_297_298  5.01e+09  4.15e+09 -28637.77 -226056.69  14176.26    697.52     86.44    262.78   2685.32    467.82      0.00 0
101122 5626.0    214_220_231_235_238_243_244_253_255_258_259_264_271_272  3.80e+10  3.32e+10 -22862.55   3633.34   9146.83    733.39     68.44    170.97   4455.08  -8030.13      0.00 0
101123 5626.0    214_220_224_227_231_235_238_241_243_244_246_249_250_251_252_253_255_256_258_259_260_261_262_264_265_266_267_268_269_270_271_272_273_274_275_276_277_279_280_281_282_283_284_285_286_287_288_289_290_291_292_293_294_295_296_297_298  1.62e+09  1.32e+09  64556.91  25195.64  13696.52    648.41     78.82     21.32   2741.84  -9464.22      0.00 0
101124 5626.0    0_3_4_5_9_12_13_17_18_21_22_25_26_28_29_33_34_35_38_41_44_45_49_50_53_54_55_59_60_63_66_67_75_78_79_83_89_91_102_103_111_116_117_128_129_148_157_158_181_182_190_191_200_205_206_213_226_227_230_246_249_252_260_266  5.62e+10  4.89e+10   8334.02  32458.88  10347.98    754.73     72.84     75.60    250.76  -4209.20      0.00 0
101125 5626.0    0_1_2_3_4_5_6_7_8_9_10_11_12_13_14_15_16_17_18_19_20_21_22_23_24_25_26_27_28_29_30_31_32_33_34_35_36_37_38_39_40_41_42_43_44_45_46_47_48_49_50_51_52_53_54_55_56_57_58_59_60_61_62_63_64_65_66_67_68_69_70_71_72_73_74_75_76_77_78_79_80_81_82_83_84_85_86_87_88_89_90_91_92_93_94_95_96_97_98_99_100_101_102_103_104_105_106_107_108_109_111_112_113_114_115_117_118_119_121_122_123_124_125_126_127_129_130_131_132_133_134_135_137_138_139_141_142_143_144_146_147_149_150_152_153_154_155_156_159_160_162_164_165_166_168_170_171_173_176_178_179_180_185_187_188_189_193_194_195_199_202_203_208_209_212_215_216_218_221_222_224_228_229_232_233_236_239_241_244_245_247_248_251_256_259_262_265_268_272_282  1.12e+10  9.30e+09 139173.78 -86695.45  14806.83    730.40     84.84    328.08   5568.81  -2500.97      0.00 0
101126 5626.0    0_1_2_3_4_5_6_7_8_9_10_11_12_13_14_15_16_17_18_19_20_21_22_23_24_25_26_27_28_29_30_31_32_33_34_35_36_37_38_39_40_41_42_43_44_45_46_48_49_50_52_53_54_55_56_58_59_60_62_63_64_66_67_68_71_72_74_75_76_77_78_79_80_82_83_84_86_88_89_90_91_92_94_95_96_100_102_103_104_106_107_108_110_111_112_116_117_120_122_126_128_129_130_136_138_140_142_147_148_151_153_157_158_161_163_167_169_172_174_177_181_182_184_186_190_196_198_200_205_211_213_217_219_223_226_230_234_237_242_249_252_254_257_263_266_269_273_278_280_283_285_290_292  4.79e+09  3.93e+09 -39214.84 -73939.09  14291.15    651.37     80.31    242.06  -2602.46  -6553.87      0.00 0
101127 5626.0    121_125_133_137_143_146_152_154_164_165_170_178_187  3.72e+10  3.25e+10  -8756.43 -15881.89   8169.61    760.11     65.75    241.13   4700.15  -1637.03      0.00 0
101128 5626.0    148_157_158_168_173_181_182_190_191_196_197_200_205_206_211_212_213_214_219_226_227_230_231_234_237_242_246_249_252_254_257_263_269_273_278_285  5.75e+10  5.01e+10  38866.69  15711.06  10896.44    802.54     75.43     22.01  -3721.70  -8159.85      0.00 0
101129 5626.0    9_12_13_17_21_25_29_33_35_41_44_45_49_53_55_59_63_67_78_79_83_89_91_102_103_111_116_117_128_129_148_157_158_167_168_181_182_190_191_200_205_206_213_226_227_230_231_237_246_249_250_252_257_260_261_266_269_275_276_277_280_283_286_287_288_290_292_293_294_296_297  2.45e+09  2.03e+09 -13890.06 -54732.27  12818.69    669.36     77.21    255.76  -1135.35 -10299.58      0.00 0
101130 5626.0    0_1_2_3_5_7_8_9_11_13_15_16_17_19_20_21_23_24_28_29_31_32_35_37_40_41_44_45_47_48_51_52_53_55_57_58_62_63_66_67_69_70_73_74_78_79_81_82_83_85_88_89_91_93_94_97_98_102_103_107_111_113_116_117_119_123_129_131_137_141_144_158_162_168_173_191_197_199_212_220_224_235_244  1.29e+09  1.05e+09  31022.01 -30051.92  11856.31    665.04     74.65    315.91    -38.79  -2169.55      0.00 0
101131 5626.0    0_1_2_3_4_5_6_7_8_9_10_11_12_13_14_15_16_17_18_19_20_21_22_23_24_25_26_27_28_29_30_31_32_33_34_35_36_37_38_39_40_41_42_43_44_45_46_47_48_49_50_51_52_53_54_55_56_57_58_59_60_61_62_63_65_66_67_69_70_71_72_73_74_75_76_78_79_81_82_83_85_86_87_88_89_91_93_94_95_97_98_99_100_102_103_105_106_107_110_111_113_114_116_117_119_120_121_123_124_125_128_129_131_132_133_135_136_137_140_141_143_144_145_146_148_150_151_152_154_157_158_161_162_164_167_168_172_173_175_176_178_181_182_184_185_187_190_191_193_196_197_198_199_200_202_203_205_206_209_211_212_213_214_215_217_218_220_221_224_227_228_229_231_232_233_235_238_239_241_243_244_245_247_248_251_255_256_258_259_262_264_265_268_271_272_279_282  1.12e+10  9.41e+09 -159595.62  67055.05  14779.90    727.27     85.12    157.21   2460.43  -3742.26      0.00 0
101132 5626.0    0_1_2_3_4_5_6_7_8_9_10_11_12_13_14_15_16_17_18_19_20_21_22_23_24_25_26_27_28_29_30_31_32_33_34_35_36_37_38_39_40_41_42_43_44_45_46_47_48_49_50_51_52_53_54_55_56_57_58_59_60_61_62_63_64_65_66_67_68_69_70_71_72_73_74_75_76_77_78_79_80_81_82_83_84_85_86_87_88_89_90_91_93_94_95_96_97_98_99_100_102_103_104_106_107_108_110_111_112_113_114_116_117_120_121_122_124_125_126_128_129_131_132_133_134_136_137_138_140_141_143_145_146_147_148_151_152_153_154_155_157_158_161_162_163_164_165_167_168_170_172_173_175_176_177_178_179_181_182_184_185_186_187_188_190_191_193_194_196_197_198_199_200_202_203_205_206_208_209_210_211_212_213_214_215_216_217_218_219_221_222_223_224_226_227_228_229_230_232_233_234_236_237_239_240_242_245_247_248_252_254_257_263_278  1.26e+09  9.95e+08 -203724.97 -80331.55  14852.52    638.68     86.12    201.52  -1497.88  -2986.65      0.00 0
101133 5626.0    6_7_10_14_18_19_22_26_27_30_34_36_38_39_42_43_46_50_54_56_60_61_64_65_68_71_72_76_77_80_84_86_87_90_92_96_100_101_104_105_108_109_114_115_126_127_134_135_139_143_160  1.17e+09  9.48e+08  30041.31 -16135.02  11218.15    629.82     71.79    331.76    628.88   2104.40      0.00 0
101134 5626.0    88_91_102_106_110_116_117_120_124_128_129_136_140_145_148_151_157_158_161_167_168_172_173_175_181_182_184_190_191_196_197_198_200_205_206_211_212_213_214_217_219_220_223_224_226_227_230_231_234_235_237_238_242_243_244_246_249_250_252_253_254_255_256_257_258_259_260_261_263_264_266_267_268_269_270_271_272_274_275_276_277_279_281_284_287_289_291  8.13e+10  7.06e+10  93393.14 -45631.61  14146.27    755.61     82.25    333.96  -1484.39  -6412.86      0.00 0
101135 5626.0    197_199_200_203_206_212_214_218_220_224_226_227_228_229_230_231_233_235_238_241_243_244_245_246_247_248_249_250_251_252_253_255_256_258_259_260_261_262_264_265_266_267_268_269_270_271_272_273_274_275_276_277_279_280_281_282_283_284_285_286_287_288_289_290_291_292_293_294_295_296  6.61e+09  5.50e+09 -60810.45 -32007.48  13295.52    700.59     79.05    207.76   3333.73  -8195.33      0.00 0
101136 5626.0    0_1_2_3_4_5_6_7_8_9_10_11_12_13_14_15_16_17_18_19_20_21_22_23_24_25_26_27_28_29_30_32_33_34_35_36_37_38_40_41_42_44_45_46_48_49_50_52_53_54_55_58_59_60_62_63_64_66_67_68_70_71_72_74_75_76_78_79_80_82_83_84_86_88_89_90_91_94_95_96_99_100_102_103_106_107_108_110_111_112_114_116_117_120_121_122_125_126_128_129_133_134_136_137_138_140_141_142_143_145_146_147_148_151_153_154_155_157_158_161_163_164_165_167_168_170_172_175_177_179_181_182_184_186_188_190_194_196_198_200_205_208_210_211_213_216_217_219_222_223_226_230_234_237_240_242_252_254_257_263_269_273_278_283_285  1.48e+09  1.19e+09  72580.29  75897.88  14815.13    664.41     81.97     46.28   -586.37  -3211.11      0.00 0
101137 5626.0    49_59_63_71_72_75_83_86_89_95_96_99_100_103_107_111_114_117_121_122_125_126_129_133_134_137_141_143_146_147_152_153_154_155_158_162_164_165_168_170_173_176_177_178_179_182_185_186_187_188_191_193_194_197_199_200_202_203_206_208_209_210_212_214_216_218_220_222_224_226_227_231_235_238_240_243_246_250_253_258_260_261_267_270_275_276_277_281_286_287_289_293_294_295_297_298  5.25e+10  4.55e+10 -22272.60 -56979.30  12591.36    746.62     78.37    248.65   3738.82  -2847.51      0.00 0
101138 5626.0    8_13_16_20_24_28_29_32_35_37_40_41_44_45_48_52_55_58_62_63_66_67_69_70_73_74_78_79_82_85_88_89_91_94_97_98_102_103_106_107_110_111_113_116_117_120_123_124_128_129_131_132_136_137_140_141_145_148_151_152_157_158_161_162_167_168_172_173_175_181_182_184_185_190_191_196_197_198_199_200_205_206_211_212_213_214_217_218_219_220_223_224_226_227_230_231_233_234_235_237_238_241_242_243_244_246_249_250_251_252_253_254_255_256_257_258_259_260_261_263_264_265_266_267_268_269_270_271_272_273_274_275_276_277_278_279_280_281_282_283_284_285_286_287_288_289_290_291_292_293_294_295_296_297_298  4.57e+09  3.78e+09 201362.25 -130516.49  13667.99    724.92     86.74    327.05  -2514.58  -5804.07      0.00 0
101139 5626.0    17_21_25_29_33_35_38_41_45_49_53_55_59_63_67_71_72_75_76_78_79_83_86_89_91_95_99_100_102_103_107_111_114_116_117_121_125_126_128_129_133_134_137_141_143_146_148_152_154_155_157_158_162_164_165_167_168_170_172_173_179_181_182_188_190_191_194_196_200_205_206_208_210_211_213_216_219_222_226_227_230_234_237_242_249_252_254_257_263_266_269_273_278_283_285_292  1.20e+09  9.69e+08  39424.80  44389.61  13031.54    664.89     77.62     48.39    761.50  -4305.38      0.00 0
101140 5626.0    11_15_16_19_20_23_24_31_32_37_40_47_48_51_52_57_58_61_62_66_69_70_73_74_81_82_85_87_88_93_94_97_98_102_105_106_109_110_113_120_124_128_132_136_140_145_151_157_161_167_172_184_190_196_198_205_211_213_217_219_223_230_234_237_242_252_254_257_263_266_269_273_278_280_283_285_290_292  6.17e+10  5.39e+10   4189.58  46214.49  11501.02    762.01     76.08     84.82  -2989.99  -5548.71      0.00 0
101141 5626.0    75_86_95_99_100_107_114_121_122_125_126_133_134_137_141_143_146_147_152_153_154_155_162_164_165_170_177_179_186_188_194_210_216  3.80e+09  3.20e+09 -11780.20 -34803.11  10827.91    730.88     73.58    251.30   4829.74    990.48      0.00 0
101142 5626.0    0_1_2_3_4_5_6_7_8_9_10_11_12_13_14_15_16_17_18_19_20_21_22_23_24_25_26_27_28_29_30_31_32_33_34_35_36_37_38_39_40_41_42_43_44_45_46_47_48_49_50_51_52_53_54_55_56_57_58_59_60_61_62_63_64_65_66_67_68_77_78_79_80_81_82_83_84_87_88_89_90_91_92_101_102_103_104_110_112_115_116_117_118_127_128_129_130_148_149_156_157_158_159_167_169_180_181_182_183_190_192_200_201_205_206_207_213_226_227_230_246_249_260  1.20e+10  1.02e+10  -3317.43 -48166.33  11823.08    733.04     76.24    266.06    -38.44   -389.69      0.00 0
101143 5626.0    146_152_154_164_165_170_176_178_185_187_188_193_194_199_202_203_208_209_210_212_215_216_218_220_221_222_224_228_229_232_233_235_236_239_240_241_243_244_245_247_248_251_255_256_258_259_262_264_265_268_270_271_272_274_279_282_284_291  3.31e+09  2.73e+09 -19707.10 -66317.50  13585.83    662.67     78.89    253.45   6490.93  -4295.20      0.00 0
101144 5626.0    0_1_4_6_7_10_14_18_22_27_30_34_36_42_46_54_56_60_64_68_80_84_90_104_108_112_130_138_142_169_174  2.34e+09  1.96e+09 -11120.07 -19582.81   9314.21    689.44     67.53    240.41   1393.45   2665.85      0.00 0
101145 5626.0    19_27_30_31_36_39_42_43_46_51_56_57_61_64_65_68_73_77_80_81_84_87_90_92_93_97_101_104_105_108_109_112_115_118_119_122_123_127_130_131_135_138_139_142_144_147_149_150_153_156_159_160_163_166_169_171_174_177_179_180_183_186_189_192_195_201_204_207  6.92e+09  5.82e+09 -79482.59 -19316.99  13834.80    704.68     80.40    193.66     62.76   4280.09      0.00 0
101146 5626.0    246_249_250_253_260_261_266_267_269_270_273_274_275_276_277_278_279_280_281_283_284_285_286_287_288_289_290_291_292_293_294_295_296_297_298  1.95e+10  1.66e+10  65490.79    491.51  13146.17    698.25     78.65      0.43    770.00 -11244.03      0.00 0
101147 5626.0    9_12_17_18_21_25_26_29_33_34_35_38_41_45_49_50_53_54_55_59_60_63_67_71_72_75_76_79_83_84_86_89_91_95_96_99_100_103_107_108_111_114_117_122_126_129_134_138_147_148_153_155_163_177_186  1.78e+10  1.53e+10  14901.87  30019.62  10502.91    728.66     72.60     63.60   2634.64     82.97      0.00 0
101148 5626.0    0_1_3_4_6_7_10_12_14_15_17_18_19_22_25_26_27_30_31_33_34_36_38_39_42_43_46_49_50_51_54_56_57_59_60_61_64_65_68_71_72_75_76_77_80_81_84_86_87_90_92_93_96_99_100_101_104_105_108_109_112_114_115_118_119_122_125_126_127_130_133_134_135_138_139_142_143_144_147_149_150_153_154_155_156_159_160_164_165_166_170_171_178_179_180_187_188_189_193_194_195_208_209_215_216_221_222_232_236_239_247  1.29e+10  1.09e+10  61440.86 -34662.53  13316.70    710.53     79.31    330.57   -199.11   3076.27      0.00 0
101149 5626.0    0_1_2_5_6_7_8_11_13_14_15_16_19_20_23_24_27_28_29_31_32_35_36_37_39_40_43_44_45_47_48_51_52_55_57_58_61_62_65_66_69_70_73_74_77_78_79_81_82_85_87_88_91_93_94_97_98_101_102_105_106_109_110_113_116_117_119_120_123_124_127_128_131_132_135_136_139_140_144_148_150_151_156_157_160_161_166_167_171_172_181_182_189_190_195_196_198_200_205_206_211_213_219_226_227_230_234_237_242_246_249_250_252_257_260_261_266_269_273_275_276_277_280_283_286_287_288_290_293_294_295_296_297_298  4.37e+10  3.76e+10  -5765.23  62983.84  12833.30    726.98     78.53     95.23  -1723.30  -4556.27      0.00 0
101150 5626.0    0_1_2_3_4_5_6_7_8_9_10_11_12_13_14_15_16_17_18_19_20_21_22_23_24_25_26_27_28_29_30_31_32_33_34_35_36_37_38_39_40_41_42_43_44_45_46_47_48_50_51_52_54_55_56_57_58_60_61_62_64_65_66_68_69_70_73_74_76_77_78_79_80_81_82_84_85_87_88_90_91_92_94_96_101_102_104_106_108_110_112_115_116_118_120_122_128_130_136_138_140_142_149_151_153_156_159_161_163_167_169_172_174_180_183_192_196_198_201_207_211_219_223_234  5.89e+09  4.90e+09 -28709.91 -61540.57  13335.33    688.92     78.89    244.99   1885.09   5142.30      0.00 0
101151 5626.0    0_1_2_3_4_5_6_7_8_9_10_11_12_13_14_15_16_17_18_19_20_21_22_23_24_25_26_27_28_29_30_31_32_33_34_36_37_38_39_41_42_43_46_47_48_49_50_51_53_54_56_57_59_60_61_63_64_65_68_69_70_71_72_73_75_76_77_80_81_83_84_85_86_87_90_92_93_95_96_97_99_100_101_104_105_107_108_109_112_114_115_119_121_122_123_125_126_127_131_133_134_135_139_143_144_146_150_154_155_160_164_165_166_170_171_176_178_187_193_194_202_208_209_215_221_229_232_236_239_245_247  6.17e+10  5.33e+10  63923.15 -29428.39  13029.95    753.16     79.51    335.28    390.14   1215.02      0.00 0
101152 5626.0    129_141_158_168_173_182_191_197_200_206_214_226_227_231_246_249_250_260_261_266_267_275_276_277_280_286_287_288_290_294_296  2.88e+10  2.49e+10 -13453.95 -27855.64  10110.96    745.36     71.90    244.22    192.15  -8603.49      0.00 0
101153 5626.0    0_1_2_3_4_5_6_7_8_9_10_11_12_13_14_15_16_17_18_19_20_21_22_23_24_25_27_28_29_30_31_32_33_35_36_37_39_40_41_43_44_45_46_47_48_51_52_53_55_56_57_58_61_62_63_65_66_67_69_70_73_74_77_78_79_80_81_82_85_87_88_89_91_92_93_94_97_98_101_102_103_105_106_109_110_111_113_115_116_117_119_123_127_128_129_135_136_139_140_141_144_148_150_156_157_158_160_166_167_168_171_181_182_189_190_191_195_197_200_204_205_206_213_214_220_226_227_230_231_238_246_249_250_253_258_260_261_267_270_274_275_277_281_284_287_289_291_293_295_298  9.77e+09  8.26e+09 -18673.16  65552.62  13063.94    731.14     79.15    105.90   -769.40  -2003.72      0.00 0
101154 5626.0    8_13_16_20_24_28_32_35_37_40_44_45_48_52_55_58_62_66_67_69_70_74_78_79_82_85_88_89_91_94_97_98_102_103_106_110_111_113_116_117_120_124_129_131_132_141_158_168_173  3.47e+10  2.99e+10 -25921.95  20179.69  10294.78    751.37     72.60    142.10  -1765.31  -1946.33      0.00 0
101155 5626.0    1_4_6_7_10_14_15_18_19_22_23_27_30_31_34_36_39_42_43_46_47_50_51_54_56_57_60_61_64_65_68_73_76_77_80_81_84_87_90_92_93_96_100_104_108_112_122_126_138_142_147_153_155_163_177_179_186_188_210  2.40e+09  1.98e+09 -38354.80  -9862.11  11513.06    667.73     73.79    194.42   3331.99   2672.51      0.00 0
101156 5626.0    32_37_47_48_52_58_62_66_69_70_73_74_82_85_88_93_94_97_98_102_106_110_113_116_119_120_123_124_128_131_132_135_136_140_144_145_148_150_151_157_160_161_167_172_175_181_184_190_196_198_200_205_211_213_217_219_223_226_227_230_234_237_242_246_249_250_252_254_257_260_261_263_266_267_269_273_275_276_277_278_280_283_285_286_287_288_289_290_292_293_294_295_296_297_298  8.51e+10  7.40e+10 -39464.94 112505.30  14259.10    780.55     83.18    109.33  -4052.33  -4733.88      0.00 0
101157 5626.0    32_40_44_48_52_58_62_66_70_74_78_82_85_88_91_94_97_98_102_103_106_110_113_116_117_120_124_128_129_131_132_136_140_145_148_151_157_158_161_167_168_172_175_181_182_184_190_191_196_197_198_200_205_206_211_212_213_214_217_219_220_223_226_227_230_231_234_235_237_238_242_243_246_249_250_252_253_254_255_257_258_260_261_263_264_266_267_269_270_271_273_274_275_276_277_278_279_280_281_283_284_285_286_287_288_289_290_291_292_293_294_295_296_297_298  2.19e+09  1.77e+09 -170229.14 169813.69  13948.29    687.68     86.68    135.07   -162.33 -10005.65      0.00 0
101158 5626.0    0_1_2_3_4_5_6_7_8_9_10_11_12_13_14_15_16_17_18_19_20_21_22_23_24_25_26_27_28_29_30_31_32_33_34_35_36_37_38_39_40_41_42_43_44_45_46_47_48_49_50_51_52_53_54_55_56_57_58_59_60_61_62_63_64_65_66_67_68_71_72_75_76_77_78_79_80_81_82_83_84_86_87_88_89_90_91_92_95_96_99_100_101_102_103_104_107_108_109_110_111_112_114_115_116_117_118_121_122_125_126_127_128_129_130_133_134_137_138_141_142_146_147_148_149_152_153_156_157_158_159_162_163_166_167_168_169_173_174_180_181_182_183_185_189_190_191_192_197_199_200_201_204_205_206_207_212_213_214_220_224_225_226_227_230_231_235_238_243_246_249_250_253_255_258_260_261_264_266_267_270_271_274_275_276_277_279_281_284_286_287_288_289_291_293_294_295_297_298  9.12e+09  7.59e+09   4438.28 -107691.24  14726.06    684.28     82.22    272.36   1435.18  -4743.60      0.00 0
101159 5626.0    3_4_5_9_10_12_13_17_18_21_22_25_26_29_33_34_35_38_41_42_44_45_49_50_53_54_55_59_60_63_64_67_71_72_75_76_78_79_83_84_86_89_90_91_96_100_103_108_116_117_122_126_138_147_153_163_186  2.29e+09  1.88e+09  13813.59  30129.81  10840.00    669.16     71.89     65.37   1893.56    -37.67      0.00 0
101160 5626.0    90_92_96_104_108_112_115_118_122_126_127_130_138_139_142_147_149_153_155_156_159_163_165_166_169_171_174_177_179_180_183_186_188_189_192_194_195_201_204_207_208_210_216_222_225_236_240  4.47e+10  3.87e+10 -63958.60  29634.34  12988.29    760.67     79.56    155.14   2657.97   4875.45      0.00 0
101161 5626.0    57_69_73_81_85_87_93_97_98_105_109_113_119_123_124_127_131_132_135_139_144_145_150_156_160_166_171_175_180_189_195_204_225  1.29e+10  1.10e+10  16549.73  39856.18  11563.52    708.58     75.00     67.45  -3671.82   2414.66      0.00 0
101162 5626.0    0_1_2_3_4_5_6_7_8_9_10_12_13_14_17_18_21_22_25_26_27_28_29_30_33_34_35_36_38_41_42_43_44_45_46_49_50_53_54_55_56_59_60_63_64_67_68_71_72_75_76_78_79_80_83_84_86_89_90_91_92_95_103_104_107_111_117_121_129_137_141_148_152_158_162_168_173_182_185_191_197_199_206_212_214_220_224_227_231_235_238_243_244_250_253_255_258_264_267_270_271_274_277_279_281_284_289_291  1.26e+10  1.07e+10  12606.26 -59307.76  12545.40    748.94     78.31    282.00   2954.24  -8459.84      0.00 0
101163 5626.0    162_168_173_182_185_191_197_199_200_203_205_206_212_214_218_220_224_226_227_228_230_231_233_235_237_238_241_243_244_246_249_250_252_253_255_257_258_260_261_266_267_269_273_275_276_278_280_283_285_288_290_292  1.78e+10  1.52e+10  38198.38  24929.72  11771.02    708.26     75.53     33.13    577.39  -8161.38      0.00 0
101164 5626.0    4_10_12_17_18_21_22_25_26_30_33_34_38_41_42_46_49_50_53_54_59_60_63_64_68_71_72_75_76_80_83_84_86_89_90_92_95_96_99_100_104_107_108_112_118_122_130_138_142_149_159_163_169_174_183_192_201_207  8.71e+09  7.33e+09   2584.57 -42136.59  11548.93    698.17     74.70    273.51   1852.18   4270.08      0.00 0
101165 5626.0    22_34_38_50_54_60_71_72_76_84_86_96_100_114_133_134_143_164_165_170_193  6.76e+09  5.70e+09 -19359.28   7238.14   8892.56    710.01     66.72    159.50   3915.50    394.55      0.00 0
101166 5626.0    2_3_5_8_9_12_13_16_17_20_21_25_28_29_32_33_35_38_40_41_44_45_48_49_52_53_55_58_59_62_63_66_67_71_74_75_78_79_82_83_86_88_89_91_94_95_98_99_102_103_106_107_110_111_114_116_117_120_121_124_125_128_129_132_133_136_137_140_141_143_145_146_148_151_152_154_157_158_161_162_164_167_168_170_172_173_175_176_178_181_182_184_185_187_190_191_193_196_197_198_199_200_202_203_205_206_208_209_211_212_213_214_215_217_218_219_220_221_222_223_224_226_227_228_229_230_231_232_233_234_235_236_237_238_239_241_242_243_244_245_246_247_248_249_250_251_252_253_254_255_256_257_258_259_260_261_262_263_264_265_266_267_268_269_270_271_272_273_274_275_276_277_278_279_280_281_282_283_284_285_286_287_288_289_290_291_292_296  1.82e+10  1.54e+10 -253384.09 -35971.66  13143.71    735.10     87.06    188.08   2080.24  -5729.13      0.00 0
101167 5626.0    0_1_2_3_4_5_6_7_8_9_10_11_12_13_14_15_16_17_18_19_20_21_22_23_24_25_26_27_28_29_30_31_32_33_34_35_36_37_38_39_40_41_42_43_44_45_46_47_48_49_50_51_52_53_54_55_56_57_58_59_61_62_63_64_65_66_67_68_69_70_73_74_77_78_79_80_81_82_83_85_87_88_89_90_91_92_93_94_97_101_102_103_104_105_106_107_109_110_111_115_116_117_118_119_127_128_129_135_139_140_141_148_149_156_157_158_159_160_166_167_168_171_180_181_182_183_189_190_191_195_197_200_201_204_205_206_213_214_225_226_227_230_231_238_246_249_250_253_260_261_266_267_270_275_276_277_281_286_287_289_291_293_295_298  2.09e+10  1.78e+10  10909.03 -69903.02  13112.57    743.00     79.50    278.87   -579.00   -575.21      0.00 0
101168 5626.0    142_153_159_163_169_174_177_183_186_192_207_210  9.33e+10  8.19e+10  26115.08  -9935.84   9387.01    810.23     71.43    339.17   4536.07   4730.37      0.00 0
101169 5626.0    196_200_205_206_211_213_214_219_220_223_226_227_230_231_234_235_237_238_242_243_244_246_249_250_252_253_254_255_256_257_258_259_260_261_263_264_266_267_268_269_270_271_272_273_274_275_276_277_278_279_280_281_282_283_284_285_286_287_288_289_290_291_292_293_294_295_296_297_298  4.17e+10  3.60e+10 171093.56  -3763.15  14581.17    756.89     85.13    358.74  -2930.96 -10739.55      0.00 0
101170 5626.0    214_220_224_227_231_235_238_241_243_244_246_248_249_250_251_252_253_255_256_258_259_260_261_262_264_265_266_267_268_269_270_271_272_273_274_275_276_277_279_280_281_282_283_284_285_286_287_288_289_290_291_292_293_294_295_296_297_298  3.39e+10  2.90e+10 -68224.88 -26874.50  13127.59    759.17     79.85    201.50   2576.04  -9727.72      0.00 0
101171 5626.0    0_1_2_3_4_5_6_7_8_9_10_11_12_13_14_15_16_17_18_19_20_21_22_23_24_25_26_27_28_29_30_31_32_33_34_35_36_37_38_39_40_41_42_43_44_45_46_47_48_49_50_51_52_53_54_55_56_57_58_59_60_61_62_63_64_65_66_67_68_69_70_71_72_73_74_75_76_77_78_79_80_81_82_83_84_85_86_87_88_89_90_91_92_93_94_95_97_98_99_101_102_103_104_105_106_107_109_110_111_113_115_116_117_118_119_120_121_123_124_125_127_128_129_131_132_135_136_137_139_140_141_144_145_146_148_149_150_152_154_156_157_158_160_162_166_167_168_171_173_176_178_180_181_182_185_189_190_191_195_197_199_200_202_203_204_205_206_212_214_218_220_224_226_227_228_231_233_235_238_241_243_244_246_248_250_251_253_255_256_258_259_264_265_267_268_270_271_272_274_279_281_282_284_291  3.55e+10  3.05e+10  81913.38 -116594.22  14549.21    767.58     84.17    305.09  -3339.85   3042.49      0.00 0
101172 5626.0    0_1_2_3_4_5_6_7_8_9_10_11_12_13_14_15_16_17_18_19_20_21_22_23_24_25_26_27_28_29_30_31_32_33_34_36_37_38_39_42_43_46_47_48_49_50_51_53_54_56_57_58_59_60_61_64_65_68_69_70_71_72_73_74_75_76_77_80_81_83_84_85_86_87_90_92_93_95_96_97_98_99_100_101_104_105_108_109_112_113_114_115_118_119_122_123_125_126_127_130_131_133_134_135_138_139_142_143_144_147_149_150_153_154_155_156_159_160_163_164_165_166_169_170_171_174_177_179_180_183_186_187_188_189_192_193_194_195_201_204_207_208_210_215_216_221_222_225_232_236_239_240  1.86e+09  1.50e+09 202279.34 -29184.96  14757.27    682.24     85.87    351.79   1776.00   3311.41      0.00 0
101173 5626.0    103_117_129_148_158_168_181_182_191_200_206_214_226_227_231_238_246_250_253_260_261_267_275_277_281_286_287_289_293_295_298  7.59e+09  6.39e+09   1430.50  33848.41  10844.63    680.72     72.25     87.58    814.02  -8396.52      0.00 0
101174 5626.0    8_13_16_20_24_28_29_32_35_37_40_44_45_48_52_55_58_62_66_67_69_70_74_78_79_82_85_88_89_91_94_97_98_102_103_106_110_111_113_116_117_120_124_128_129_131_132_136_137_140_141_145_148_157_158_162_168_173_181_182_191_197_199_206_212_214_218_220_224_235_238_241_243_244_255_256_259_264_271_272  1.32e+09  1.08e+09  41070.57 -30213.50  12514.11    659.40     76.21    323.66    230.25  -3889.12      0.00 0
101175 5626.0    0_1_2_3_4_5_6_7_8_9_10_11_12_13_14_15_16_17_18_19_20_21_22_23_24_25_26_27_28_29_30_31_32_33_34_35_36_37_38_39_40_41_42_43_44_45_46_47_48_49_50_51_52_53_54_55_56_57_58_59_60_61_62_63_64_65_66_67_68_69_70_71_72_73_74_75_76_77_78_79_80_81_82_83_84_85_86_87_88_89_90_91_92_93_94_95_96_97_98_99_100_101_102_103_104_105_106_107_108_109_110_111_112_113_114_115_116_117_118_119_120_121_122_123_124_125_126_127_128_129_130_131_132_133_134_135_136_137_138_139_140_141_142_143_144_146_147_148_149_150_152_153_154_155_156_157_158_159_160_162_163_164_165_166_167_168_169_170_171_173_176_178_180_181_182_183_185_187_189_190_191_192_193_195_197_199_200_201_202_203_204_205_206_207_209_212_214_215_218_220_224_225_227_228_229_231_232_233_235_238_239_241_243_244_245_247_248_250_251_253_255_256_258_259_262_264_265_267_268_270_271_272_274_279_281_282_284_291  6.31e+10  5.42e+10 -127185.93 165512.55  14047.18    766.76     86.15    127.54   1766.04  -1977.52      0.00 0
101176 5626.0    0_1_2_3_4_5_6_7_8_9_10_11_12_13_14_15_16_17_18_19_20_21_22_23_24_25_26_27_28_29_30_31_32_33_34_35_36_37_38_39_40_41_42_43_44_45_46_47_48_49_50_51_52_53_54_55_56_57_58_59_60_61_62_63_64_65_66_67_68_69_70_71_72_73_74_75_76_77_78_79_80_81_82_83_84_85_86_87_88_89_90_91_92_93_94_95_96_97_98_99_100_101_102_103_104_105_106_107_108_109_110_111_112_113_114_115_116_117_118_119_120_121_122_123_124_125_126_127_128_129_130_131_132_133_134_135_136_137_138_139_140_141_142_144_145_146_148_149_150_151_152_153_156_157_158_159_160_161_162_163_166_167_168_169_171_172_173_174_175_176_180_181_182_183_184_185_189_190_191_192_195_196_197_198_199_200_201_204_205_206_207_211_212_213_214_217_218_219_220_223_224_225_226_227_230_231_234_235_237_238_242_243_244_246_249_250_252_253_254_255_257_258_259_260_261_263_264_266_267_269_270_271_273_274_275_276_277_278_279_280_281_283_284_285_286_287_288_289_290_291_292_293_294_295_296_297_298  3.98e+10  3.44e+10 -37294.02 274748.91  12251.27    761.51     87.47     97.73  -1233.39  -2071.79      0.00 0
101177 5626.0    103_111_116_117_121_129_137_141_146_148_152_157_158_162_167_168_173_176_178_181_182_185_190_191_196_197_199_200_202_203_205_206_212_213_214_219_226_227_230_234_237_242_252_254_257_263  3.63e+10  3.13e+10  32891.71  18157.20  10943.71    725.42     73.76     28.90    696.99  -5680.41      0.00 0
101178 5626.0    0_1_2_3_4_5_6_7_8_9_10_11_12_13_14_15_16_17_18_19_20_21_22_23_24_25_26_27_28_29_30_31_32_33_34_35_36_37_38_39_40_41_42_43_44_45_46_47_48_49_50_51_52_53_54_55_56_57_58_59_60_61_62_63_64_65_66_67_68_69_70_71_72_73_74_75_76_77_78_79_80_81_82_83_84_85_86_87_88_89_90_91_92_94_95_96_98_99_100_101_102_103_104_106_107_108_110_111_112_114_115_116_117_118_120_121_122_124_125_126_128_129_130_133_134_136_137_138_140_141_142_143_145_147_148_149_151_153_155_157_158_159_161_163_165_167_168_169_172_174_175_177_179_181_182_183_184_186_188_190_191_192_196_198_200_205_206_207_210_211_213_217_219_223_226_227_230_234_237_242_246_249_252_254_257_260_263_266_269_273_276_278_280_283_285_288_290_292_296  1.05e+10  8.79e+09  71256.93 113857.95  14923.70    707.51     83.66     57.96   -885.04  -3315.48      0.00 0
101179 5626.0    0_1_2_3_4_5_6_7_9_10_11_12_14_15_17_18_19_21_22_23_25_26_27_30_31_33_34_36_38_39_42_43_46_47_49_50_51_53_54_56_57_59_60_61_64_65_68_71_72_75_76_77_80_81_83_84_86_87_90_92_93_95_96_99_100_101_104_105_108_109_112_114_115_118_119_121_122_125_126_127_130_133_134_135_138_139_142_143_144_146_147_149_150_153_154_155_156_159_160_163_164_165_166_169_170_171_174_176_177_178_179_180_183_186_187_188_189_192_193_194_195_201_202_204_207_208_209_210_215_216_221_222_225_228_229_232_236_239_240_245_247_262  6.61e+10  5.73e+10 -144159.84  85425.78  14454.19    778.37     85.07    149.35   2955.75   3033.89      0.00 0
101180 5626.0    3_4_10_12_17_18_21_22_25_26_30_33_34_38_41_42_46_49_50_53_54_56_59_60_63_64_67_68_71_72_75_76_80_83_84_86_89_90_92_95_96_99_100_104_107_108_111_112_114_118_121_125_130_133_137_141_143_146_152_154_162_168_173_176_178_185_197_199_202_203_212_218_220_224_228_233_235_241_243_244_248_251_255_256_259_264_265_268_271_272_274_279_282  4.47e+10  3.86e+10  27070.34 -64555.44  12860.30    777.65     79.59    292.75   6412.95  -9332.30      0.00 0
101181 5626.0    2_8_11_15_16_19_20_23_24_28_31_32_37_39_40_44_47_48_51_52_57_58_61_62_66_69_70_73_74_78_81_82_85_87_88_93_94_97_98_102_105_106_110_116_120_124_128_136_140_148_151_157_161_167_172_181_184_190_196_198_200_205_211_213_219_223_226_230_234_237_242_246_249_252_254_257_260_263_266_269_273_275_276_278_280_283_285_286_288_290_292_293_294_296_297  2.19e+09  1.79e+09   2031.62  70102.92  13632.34    662.67     79.00     88.34  -2463.06 -11178.48      0.00 0
101182 5626.0    0_1_2_3_4_5_6_7_8_9_10_11_12_13_14_15_16_17_18_19_20_21_22_23_24_25_26_27_28_29_30_31_32_33_34_35_36_37_39_40_41_42_43_44_45_46_47_48_49_51_52_53_55_56_57_58_59_61_62_63_65_66_67_68_69_70_73_74_77_78_79_80_81_82_83_85_87_88_89_91_92_93_94_97_98_101_102_103_105_106_107_109_110_111_113_115_116_117_119_120_123_124_127_128_129_131_132_135_136_137_139_140_141_144_145_148_149_150_151_156_157_158_160_161_166_167_168_171_172_173_175_180_181_182_184_189_190_191_195_196_197_198_200_204_205_206_211_212_213_214_217_219_220_223_226_227_230_231_234_235_237_238_242_243_246_249_250_252_253_254_257_258_260_261_263_264_266_267_269_270_273_274_275_276_277_278_279_280_281_283_284_285_286_287_288_289_290_291_292_293_294_295_296_297_298  6.17e+10  5.31e+10  83488.16 -250245.30  12440.71    797.88     87.30    288.45  -3097.90  -3994.66      0.00 0
101183 5626.0    219_226_227_230_234_237_242_246_249_250_252_253_254_257_258_260_261_263_264_266_267_269_270_273_274_275_276_277_278_279_280_281_283_284_285_286_287_288_289_290_291_292_293_294_295_296_297_298  1.55e+09  1.24e+09 -93273.45  22152.07  14789.74    637.77     81.23    166.64  -2980.68 -10094.36      0.00 0
101184 5626.0    0_1_2_3_4_5_6_7_8_9_10_11_12_13_14_16_17_18_20_21_22_25_26_27_28_29_30_33_34_35_36_38_40_41_42_44_45_46_49_50_52_53_54_55_56_59_60_62_63_64_66_67_68_71_72_75_76_78_79_80_83_84_86_88_89_90_91_95_96_99_100_102_103_104_107_108_110_111_112_114_116_117_118_121_122_125_126_128_129_130_133_134_137_138_141_142_147_148_152_153_155_157_158_159_162_163_167_168_169_173_174_177_181_182_186_190_191_192_196_197_200_205_206_212_213_214_219_220_226_227_230_231_237_238_246_249_250_252_253_257_260_261_266_267_269_270_273_275_276_277_280_281_283_285_286_287_288_289_290_292_293_294_295_296_297_298  6.03e+09  5.00e+09 -22192.51 -86122.02  14149.64    695.43     80.96    255.55    -41.10  -7666.55      0.00 0
101185 5626.0    213_219_226_227_230_234_237_242_246_249_250_252_253_254_257_258_260_261_263_266_267_269_270_273_274_275_276_277_278_279_280_281_283_284_285_286_287_288_289_290_291_292_293_295  4.90e+10  4.24e+10  54461.50 -14267.39  12100.36    778.87     77.87    345.32  -2460.45  -9196.31      0.00 0
101186 5626.0    128_140_148_151_157_158_161_167_172_175_181_182_184_190_191_196_197_198_200_205_206_211_212_213_214_217_219_220_223_226_227_230_231_234_235_237_238_242_243_244_246_249_250_252_253_254_255_256_257_258_259_260_261_263_264_266_267_269_270_271_272_273_274_275_276_277_278_279_280_281_283_284_285_286_287_288_289_290_291_292_293_294_295_296_297_298  1.17e+10  9.87e+09 -132628.28  47044.30  14840.43    724.54     83.98    160.47   2936.81 -10157.61      0.00 0
101187 5626.0    89_91_102_103_107_110_111_116_117_121_128_129_137_140_141_146_148_152_157_158_161_162_167_168_172_173_176_178_181_182_184_185_187_190_191_196_197_198_199_200_202_203_205_206_209_211_212_213_214_215_217_218_219_220_223_224_226_227_228_229_230_231_232_233_234_235_237_238_239_241_242_244_245_247_248_249_251_252_254_257_262_263_265_273_278  1.48e+10  1.26e+10 -68851.48 -19029.52  13071.72    754.41     79.63    195.45  -2063.02  -6311.31      0.00 0
101188 5626.0    0_1_2_3_4_5_6_7_8_9_10_11_12_13_14_15_16_17_18_20_21_22_24_25_26_28_29_30_32_33_34_35_36_38_40_41_42_44_45_46_49_50_52_53_54_55_58_59_60_62_63_64_66_67_68_71_72_75_76_78_79_80_82_83_84_86_88_89_90_91_95_96_99_100_102_103_106_107_108_110_111_112_114_116_117_122_126_128_129_134_136_138_140_142_147_148_153_155_157_158_161_163_167_172_174_177_179_181_182_184_186_190_196_198_200_205_211_213_217_219_223_226_227_230_234_237_242_246_249_252_254_257_260_263_266_269_273_278_280_283_285_290_292  1.07e+10  8.99e+09 -45669.23 -75438.56  14014.52    711.23     80.97    238.81  -4326.51  -9898.35      0.00 0
101189 5626.0    0_1_3_4_6_7_10_12_14_17_18_19_21_22_25_26_27_30_33_34_36_38_39_42_43_46_49_50_51_53_54_56_59_60_61_64_65_68_71_72_75_76_77_80_81_83_84_86_87_90_92_95_96_99_100_101_104_105_108_109_112_114_115_118_121_122_125_126_127_130_133_134_135_138_139_142_143_146_147_149_152_154_155_156_159_160_164_165_166_170_171_176_178_180_183_187_189_193_195_202_203_204_208_209_215_221_228_229_232_239_245_247_248_262  3.47e+10  3.00e+10  46204.87 -43237.76  12679.10    751.44     78.67    316.90   1474.51   1962.60      0.00 0
101190 5626.0    0_3_4_5_6_9_10_12_13_14_17_18_21_22_25_26_29_30_33_34_35_36_38_41_42_45_46_49_50_53_54_55_56_59_60_63_64_67_68_71_72_75_76_79_80_83_84_86_89_90_92_95_96_99_100_103_104_107_108_111_112_117_118_121_122_129_130_137_138_141_142_158_159_163_168_169_174_183_191_192_207  2.19e+09  1.81e+09    901.32  44512.77  11904.63    674.51     75.03     88.84   1779.71   1246.56      0.00 0
101191 5626.0    0_1_2_3_4_5_6_7_8_9_10_11_12_13_14_15_16_17_18_19_20_21_22_23_24_25_26_27_28_29_30_31_32_33_34_35_36_37_38_39_40_42_43_46_47_48_49_50_51_52_54_56_57_58_60_61_62_64_65_68_69_70_71_72_73_74_76_77_80_81_82_84_85_86_87_90_92_93_94_96_97_98_100_101_104_105_106_108_109_112_113_114_115_118_119_120_122_123_124_126_127_130_131_132_134_135_138_139_142_144_145_147_149_150_153_155_156_159_160_163_165_166_169_171_174_175_177_179_180_183_186_188_189_192_194_195_201_204_207_210_216_225_240  1.05e+09  8.30e+08 -264010.75 -97922.55  13180.73    629.24     87.32    200.35  -3524.29   3397.40      0.00 0
101192 5626.0    0_1_2_3_4_5_6_7_8_9_10_11_12_13_14_15_16_17_18_19_20_21_22_23_24_25_26_27_28_29_30_31_32_33_34_35_36_37_38_39_40_41_42_43_44_45_46_47_48_49_50_51_52_53_54_55_56_57_58_59_60_61_62_63_64_65_66_67_68_69_70_71_72_73_74_75_76_77_78_79_80_81_82_83_84_85_86_87_88_89_90_91_92_93_94_95_96_99_100_101_102_103_104_105_106_107_108_109_110_111_112_114_115_116_117_118_121_122_125_126_127_128_129_130_133_134_136_137_138_139_140_141_142_143_146_147_148_149_152_153_154_155_156_157_158_159_162_163_164_165_166_167_168_169_172_173_174_176_177_178_179_180_181_182_183_185_186_189_190_191_192_195_196_197_199_200_201_203_204_205_206_207_212_213_214_218_219_220_224_225_226_227_230_231_235_237_238_241_242_243_244_246_249_250_252_253_255_257_258_259_260_261_264_266_267_269_270_271_273_274_275_276_277_279_280_281_283_284_286_287_288_289_290_291_292_293_294_295_296_297_298  3.80e+09  3.09e+09  -5066.19 -169699.05  14942.94    708.12     84.97    268.29   1057.21  -9616.29      0.00 0
101193 5626.0    1_4_6_7_10_12_14_15_18_19_22_25_26_27_30_31_34_36_38_39_42_43_46_50_51_54_56_57_60_61_64_65_68_71_72_73_76_77_80_81_84_86_87_90_92_93_96_100_101_104_105_108_109_112_114_115_118_119_122_123_126_127_130_133_134_135_138_139_142_143_144_147_150_153_155_160_163_164_165_170_177_179_188_193_194_208_210_216_221_222_236_240  1.74e+10  1.49e+10  56060.04 -10410.36  12223.70    765.86     77.90    349.48   3409.66   1838.49      0.00 0
101194 5626.0    148_157_167_172_181_182_190_191_196_198_200_205_206_211_213_214_217_219_220_223_226_227_230_231_234_238  2.82e+09  2.35e+09 -27306.66   5357.35  10133.78    679.04     69.99    168.90  -1329.62  -6421.47      0.00 0
101195 5626.0    103_107_111_116_117_121_129_137_141_148_152_157_158_162_168_181_182_190_191_196_200_205_213_219_230_237  1.23e+09  9.96e+08  23713.85  17052.68  10659.92    627.52     69.95     35.72    585.84  -5081.62      0.00 0
101196 5626.0    127_135_139_149_150_156_160_166_171_180_183_189_195_201_204_207  1.17e+09  9.61e+08 -29882.05 -12036.75  10473.57    709.75     71.99    201.94  -3837.45   4901.14      0.00 0
101197 5626.0    91_102_103_107_111_116_117_121_128_129_137_140_141_146_148_152_157_158_162_167_168_172_173_176_178_181_182_185_190_191_196_197_198_199_200_202_203_205_206_211_213_217_219_223_226_230_234_237_242_254_257_263  7.41e+09  6.22e+09  44342.27  17583.21  11981.72    701.33     75.90     21.63  -1619.27  -5997.99      0.00 0
101198 5626.0    0_1_2_3_4_5_6_7_8_9_10_11_12_13_14_15_16_17_18_19_20_21_22_23_24_25_26_27_28_29_30_31_32_33_34_35_36_37_38_39_40_41_42_43_44_45_46_47_48_49_50_51_52_53_54_55_56_57_58_59_60_61_62_63_64_65_66_67_68_69_70_71_72_73_74_75_76_77_78_79_80_81_82_83_84_85_86_87_88_89_90_91_92_93_94_95_96_97_98_99_100_102_103_104_105_106_107_108_110_111_112_113_114_116_117_120_121_122_123_124_125_126_128_129_130_131_132_133_134_136_137_138_140_141_142_143_145_146_147_148_151_152_153_154_155_157_161_163_164_165_167_170_172_175_177_178_179_184_186_187_188_190_193_194_196_198_208_209_210_211_215_216_217_221_222_223_234_236_239_240  8.51e+10  7.33e+10 141286.25  60584.57  14802.32    733.99     84.50     23.21  -4145.53  -2639.41      0.00 0
101199 5626.0    89_95_103_107_111_116_117_121_125_129_133_137_141_146_148_152_154_157_158_162_164_167_168_170_173_176_178_181_182_185_187_190_191_193_196_197_199_200_202_203_205_206_208_209_211_212_213_214_215_218_219_220_221_222_224_226_227_228_229_230_231_232_233_234_235_236_237_238_239_241_242_243_244_245_246_247_248_249_250_251_252_253_254_255_256_257_258_259_260_261_262_263_264_265_266_267_268_269_270_271_272_273_274_275_276_277_278_279_280_281_282_283_284_285_286_287_288_289_290_291_292_293_294_295_296_297  2.00e+09  1.60e+09 -114026.95 -78544.48  15286.21    663.38     83.70    214.56    754.95  -7953.38      0.00 0
