#event_number primary_type du_ids energy_primary em_energy Xmax_pos(x, y, z), Xmax_grams zenith azimuth shower_core_pos_x shower_core_pos_y shower_core_pos_z, N_tested_cores, units are degrees, GeV and meters
3000 14.0      21_28_29_35_41_44_45_53_55_63_67_78_79_83_89_95_103_107_111_121_137_141_146_152_162_176_178_185_199_202_203_218_228_229_233_245_248_262  4.37e+09  3.96e+09  26032.27  -9244.09   9109.31    857.27     71.75    340.45   4130.45  -3526.88      0.00 0
3001 14.0      0_1_2_3_4_5_6_7_8_9_10_11_12_13_14_15_16_17_18_19_20_21_22_23_24_25_26_27_28_29_30_31_32_33_34_36_37_38_39_42_43_46_47_48_49_50_51_52_53_54_56_57_58_59_60_61_64_65_68_69_70_71_72_73_74_75_76_77_80_81_83_84_85_86_87_90_92_93_95_96_97_98_99_100_101_104_105_108_109_112_113_114_115_118_119_122_123_125_126_127_130_131_132_133_134_135_138_139_142_143_144_147_149_150_153_154_155_156_159_160_163_164_165_166_169_170_171_174_177_179_180_183_186_187_188_189_192_193_194_195_201_204_208_210_215_216_221_222_236_239_240  2.09e+10  1.83e+10 147468.97  -4995.12  14649.77    754.99     84.33    358.06     90.56   2638.82      0.00 0
3002 14.0      0_1_2_3_4_5_6_7_8_9_10_11_12_13_14_15_16_17_18_19_20_21_22_23_24_25_26_27_28_29_30_31_32_33_34_35_36_37_38_39_40_41_42_43_44_45_46_47_48_49_50_51_52_53_54_55_56_57_58_59_60_61_62_63_64_65_66_67_68_69_70_71_72_73_74_75_76_77_78_79_80_81_82_83_84_85_86_87_88_89_90_91_92_93_94_95_96_97_98_99_100_101_102_103_104_105_106_107_108_109_110_111_112_113_114_116_117_119_120_121_122_123_124_125_126_128_129_131_132_133_134_135_136_137_138_140_141_143_144_145_146_147_148_150_151_152_153_154_155_157_158_161_162_164_165_167_168_170_172_173_175_176_177_178_179_181_182_184_185_187_188_191_193_194_197_198_199_202_203_208_209_210_212_215_216_217_218_221_222_224_228_229_232_233_236_239_240_241_245_247_248_251_262_265  2.45e+09  2.11e+09 198016.97 -10724.21  14145.25    777.24     85.92    356.90   5450.92  -1307.22      0.00 0
3003 14.0      0_1_2_3_4_5_6_7_8_9_10_11_12_13_14_15_16_17_18_19_20_21_22_23_24_25_26_27_28_29_30_31_32_33_34_35_36_37_38_39_40_41_42_43_44_45_46_47_48_49_50_51_52_53_54_55_56_57_58_59_60_61_62_63_64_65_66_67_68_69_70_71_72_73_74_75_76_77_78_79_80_81_82_83_84_85_86_87_88_89_90_91_92_93_94_95_96_97_98_99_100_101_102_103_104_105_106_107_108_109_110_111_112_113_114_115_116_117_118_119_120_121_122_123_124_125_126_127_128_129_130_131_132_133_134_135_136_137_138_139_140_141_142_143_144_145_146_147_148_150_151_152_153_154_155_157_160_161_162_163_164_165_167_170_172_174_175_176_177_178_179_184_185_186_187_188_193_194_198_202_203_208_209_210_215_216_217_221_222_228_229_232_236_239_240_247  7.76e+09  6.94e+09 188256.67  23081.65  13761.83    853.67     85.85      6.99  -4143.67   -637.23      0.00 0
3004 14.0      121_125_137_146_152_162_173_176_178_185_199_203_212_218_220_224_233_235_241_243_244_251_255_256_259_264_271_272_274_279  5.01e+09  4.40e+09  -6502.46  41954.93  11288.69    742.91     75.11     98.81   5247.59  -8766.37      0.00 0
3005 14.0      7_15_19_23_27_31_36_37_39_43_46_47_51_56_57_61_65_68_69_70_73_77_80_81_85_87_92_93_97_101_104_105_109_112_113_115_118_127_130_142_149_156_159_169_174_180_183_192_207  8.71e+10  7.81e+10  24756.58  29058.04  10665.57    782.57     74.39     49.57    635.72   4648.33      0.00 0
3006 14.0      110_116_117_128_129_136_140_148_151_157_158_161_167_168_172_173_175_181_182_184_190_191_196_197_198_200_205_206_211_212_213_214_217_219_220_223_224_235  4.68e+10  4.25e+10 -36681.25   8064.90  10246.36    849.53     74.74    167.60  -2662.81  -5123.68      0.00 0
3007 14.0      3_4_9_10_12_17_18_21_22_25_26_29_30_33_34_38_41_42_46_49_50_53_54_59_60_63_64_67_68_71_72_75_76_83_84_89_90_108_112  1.29e+09  1.10e+09   -402.82 -18915.28   7817.41    857.93     67.55    268.78   1626.62    456.83      0.00 0
3008 14.0      0_1_2_3_4_5_6_7_8_9_10_11_12_13_14_15_16_17_18_19_20_21_22_23_24_25_26_27_28_29_30_31_32_33_34_35_36_37_38_39_40_41_42_43_44_45_46_47_48_49_50_51_52_53_54_55_56_57_58_59_60_61_62_63_64_65_66_67_68_69_70_71_72_73_74_75_76_77_78_79_80_81_82_83_84_85_86_87_88_89_90_91_92_93_94_95_96_97_98_99_100_101_102_103_104_105_106_107_108_109_110_111_112_113_114_115_116_117_118_119_121_122_123_125_126_127_128_129_130_131_133_134_135_137_138_139_141_142_143_144_146_147_148_149_150_152_153_154_155_156_157_158_159_160_162_163_164_165_166_168_169_170_171_173_174_176_177_178_179_180_181_182_183_185_186_187_188_189_191_192_193_194_195_197_199_200_201_202_203_204_205_206_207_208_209_210_212_214_215_216_218_220_221_222_224_225_226_227_228_229_231_232_233_235_236_238_239_240_241_243_244_245_246_247_248_250_251_253_255_256_258_259_261_262_264_265_267_268_270_271_272_274_277_279_281_282_284_289_291  1.17e+10  1.02e+10 133742.00 -263848.12  11777.46    733.38     87.72    296.88   5931.74  -6543.71      0.00 0
3009 14.0      85_93_97_113_119_123_131_135_144_150_160  8.32e+10  7.50e+10   4352.69 -20013.57   8370.83    798.77     67.77    282.27  -4141.61   3211.20      0.00 0
3010 14.0      0_1_2_3_4_5_6_7_8_9_10_11_12_14_15_16_17_18_19_21_22_23_24_25_26_27_30_31_33_34_36_37_38_39_42_43_46_47_49_50_51_53_54_56_57_59_60_61_64_65_68_69_71_72_73_75_76_77_80_81_83_84_86_87_90_92_93_95_96_97_99_100_101_104_105_108_109_112_114_115_118_119_122_123_125_126_127_130_131_133_134_135_138_139_142_143_144_146_147_149_150_153_154_155_156_160_163_164_165_166_170_171_177_178_179_187_188_193_194_195_208_209_210_215_216_221_222_232_236_239_240_247  9.12e+09  7.92e+09  83990.75 -27809.81  13949.75    722.07     81.04    341.68   3612.29   1019.00      0.00 0
3011 14.0      91_102_110_116_117_128_136_140_151_161  2.95e+09  2.73e+09 -15290.91    411.09   7126.34    858.84     65.02    178.46  -1717.00  -3920.37      0.00 0
3012 14.0      0_1_2_3_4_5_6_7_8_9_10_11_12_13_14_15_16_17_18_19_20_21_23_24_25_27_28_29_30_31_32_33_35_36_37_39_40_41_43_44_45_47_48_51_52_53_55_56_57_58_59_61_62_63_65_66_67_69_70_73_74_77_78_79_81_82_83_85_87_88_89_91_93_94_97_98_101_102_103_105_106_107_109_110_111_113_116_117_119_120_123_124_127_128_129_131_132_135_136_137_139_140_141_144_145_148_150_151_157_158_160_161_162_166_167_168_171_172_173_175_181_182_184_190_191_195_196_197_198_199_200_205_206_211_212_213_214_217_219_220_223_224_226_227_230_231_234_235_237_238_242_243_244_246_249_250_252_253_254_255_257_258_259_260_261_263_264_266_267_269_270_271_273_274_275_276_277_278_279_280_281_283_284_285_286_287_288_289_290_291_292_293_294_295_296_297_298  2.19e+10  1.91e+10  86690.31 -166247.06  13998.88    820.72     85.73    297.54  -1664.18  -4676.63      0.00 0
3013 14.0      10_12_17_18_22_25_26_30_33_34_38_42_46_49_50_53_54_59_60_63_64_68_71_72_75_76_83_84_86_95_99_100_107_114_121_125_133_137_146_152_154_162_176_178_185_199_202_203_218_224_228_233_241_244_248_251_256_259_265_268_272_282  1.29e+10  1.14e+10 -17922.35  29523.50  10060.26    826.88     73.76    121.26   4260.66  -3219.86      0.00 0
3014 14.0      71_72_75_76_86_95_96_99_100_107_114_121_122_125_126_133_134_137_138_141_143_146_147_152_153_154_155_162_163_164_165_170_173_174_176_177_178_179_185_186_187_188_193_194_197_199_202_203_208_209_210_212_214_215_216_218_220_221_222_224_228_229_232_233_235_236_238_239_240_241_243_244_245_247_248_251_253_255_256_258_259_262_264_265_268_270_271_272_274_279_281_282_284_291  2.82e+09  2.40e+09   6333.64  91725.40  14135.08    710.91     81.26     86.05   5530.83   -888.27      0.00 0
3015 14.0      45_55_67_79_91_103_116_117_129_148_158_168_182_191_200_206_231  1.70e+10  1.52e+10   2756.36 -16453.72   7181.38    908.30     66.71    279.51    745.89  -4961.84      0.00 0
3016 14.0      255_256_258_259_264_265_268_270_271_272_274_277_279_281_282_284_287_289_291_293_295_297_298  1.78e+10  1.70e+10  28138.05  21049.95   9310.75   1000.50     75.16     36.80   4766.74  -9795.57      0.00 0
3017 14.0      20_24_32_37_40_44_47_48_52_58_62_66_69_70_73_74_78_82_85_88_91_93_94_97_98_102_106_110_113_116_119_120_123_124_128_131_136_140_148_157_167_181_182_190_196_200_205_213_226_227_246  5.50e+10  5.02e+10 -12024.72  30542.17  10029.05    798.14     73.01    111.49  -1838.29  -3231.69      0.00 0
3018 14.0      129_137_141_148_152_158_162_168_173_176_178_181_182_185_190_191_197_199_200_202_203_205_206_209_212_213_214_215_218_219_220_224_226_227_228_229_230_231_232_233_235_237_238_239_241_242_243_244_245_246_247_248_249_250_251_252_253_254_255_256_257_258_259_260_261_262_263_264_265_266_267_268_269_270_271_272_273_274_275_276_277_278_279_280_281_282_283_284_285_286_287_288_289_290_291_292_293_294_295_296_297  2.75e+09  2.36e+09  88345.35  48688.82  13746.24    807.45     82.24     28.86   2546.80  -7638.45      0.00 0
3019 14.0      196_198_205_211_213_217_219_223_226_230_234_237_242_246_249_250_252_254_257_260_261_263_266_267_269_273_275_276_277_280_281_283_284_286_287_288_289_291_293_295  9.55e+09  8.62e+09 -36748.12  26484.09  11487.18    749.56     75.77    144.22  -2858.10  -8002.44      0.00 0
3020 14.0      129_137_141_146_152_158_162_168_173_176_178_182_185_191_197_199_200_202_203_205_206_212_214_218_220_226_227_230_231_246_249  4.07e+10  3.66e+10 -18282.59 -14953.47   8141.91    951.68     70.98    219.28   2235.20  -5724.40      0.00 0
3021 14.0      0_1_2_3_4_5_6_7_8_10_11_13_14_15_16_18_19_20_22_23_24_27_28_30_31_32_36_37_39_40_42_43_44_46_47_48_51_52_54_56_57_58_61_62_64_65_66_68_69_70_73_74_77_80_81_82_85_87_88_90_92_94_101_104_106_110_112_115_118_120_130_136_142_149_156_159_169_180_183_192_207  9.55e+09  8.94e+09  14029.16  32004.83   9651.61    918.53     74.56     66.33   -157.16   2455.06      0.00 0
3022 14.0      228_233_241_244_245_248_251_255_256_259_265_268_271_272  3.39e+09  3.03e+09  -9332.66 -15668.12   8127.27    771.41     65.98    239.22   6102.33  -6485.15      0.00 0
3023 14.0      200_205_206_213_226_227_230_237_249_252_257  1.29e+09  1.12e+09  15459.00   6619.35   7834.54    776.71     65.02     23.18  -1079.62  -7735.09      0.00 0
3024 14.0      218_224_233_235_241_243_244_255_256_258_259_264_270_271_274_279_281_284_291  1.70e+10  1.54e+10 -10104.33 -21948.21   8875.67    810.49     69.83    245.28   4021.84  -9073.54      0.00 0
3025 14.0      148_157_161_167_172_181_182_184_190_191_196_197_198_200_205_206_211_213_214_217_219_220_223_226_227_230_231_234_235_237_238_242_243_244_246_249_250_252_253_254_255_257_258_259_260_261_263_264_266_267_269_270_271_272_273_274_275_276_277_278_279_280_281_283_284_285_286_287_288_289_290_291_292_293_294_295_296  7.24e+10  6.74e+10 -99238.80  30397.17  13351.02    886.61     82.67    162.97   1592.59  -9435.66      0.00 0
3026 14.0      91_102_103_111_116_117_128_129_137_141_148_158_162_168_173  2.51e+10  2.27e+10 -16969.70    604.46   7785.02    792.30     65.37    177.96   1276.65  -4228.20      0.00 0
3027 14.0      246_249_252_257_260_261_266_269_273_276_278_280_283_285  3.31e+09  2.98e+09  20488.76   3723.44   8570.42    771.47     67.63     10.30  -2695.82  -9790.20      0.00 0
3028 14.0      0_1_2_3_4_5_6_7_8_9_10_11_12_13_14_15_16_17_18_19_20_21_22_23_24_25_26_27_28_29_30_31_32_33_34_35_36_37_38_39_40_41_42_43_44_45_46_47_48_49_50_51_52_53_54_55_56_57_58_59_60_61_62_63_64_65_66_67_68_69_70_71_72_73_74_75_76_77_78_79_80_81_82_83_84_85_86_87_88_89_90_91_92_94_95_96_98_99_100_102_103_104_106_107_108_110_111_112_114_116_117_118_120_121_122_124_125_126_128_129_130_133_134_136_137_138_140_141_142_143_145_147_148_151_153_154_155_157_158_159_161_163_164_165_167_168_169_170_172_174_175_177_179_181_182_184_186_188_190_191_192_194_196_198_200_205_210_211_213_216_217_219_223_226_230_234_237_242_249_252_254_257_263_266_269_273_278_283_285_292  9.55e+10  8.47e+10  76086.00  98764.04  14028.41    828.09     83.58     52.39   4206.73   3571.04      0.00 0
3030 14.0      88_94_98_102_106_110_116_117_120_124_128_132_136_140_145_148_151_157_158_161_167_168_172_175_181_182_184_190_191_196_197_198_200_205_206_211_213_214_217_219_220_223_226_227_230_231_234_235_237_238_242_243_246_249_250_252_253_254_255_257_258_260_261_263_264_266_267_269_270_271_273_274_275_276_277_278_279_280_281_283_284_285_286_287_288_289_290_291_292_293_294_295_296_297_298  2.40e+10  2.13e+10 -204538.56 165809.45  12601.33    777.55     87.26    140.97  -1831.59  -9707.81      0.00 0
3031 14.0      11_16_20_23_24_31_32_37_40_47_48_52_57_58_62_66_69_70_73_74_81_82_85_88_93_94_97_98_105_113_119_123_131_135_144_150_160  3.47e+09  3.17e+09  15284.16 -24346.15   8755.67    965.59     73.06    302.12  -4307.66   2748.14      0.00 0
3032 14.0      74_82_85_94_97_98_106_110_113_120_123_124_128_131_132_136_140_144_145_151_157_161_167_172_175_181_184_190_196_198_200_205_211_213_217_219_223_226_230_234_237_242_246_249_252_254_257_260_261_263_266_269_273_275_276_277_278_280_283_285_286_287_288_290_292_293_294_295_296_297_298  5.50e+09  4.85e+09  22554.52 -64118.45  12867.59    760.47     79.28    289.38  -2854.26  -6850.95      0.00 0
3033 14.0      173_199_212_224_235_243_244_255_256_259_264_271_272_279  7.76e+09  6.94e+09  13403.45 -19744.81   9022.37    774.52     69.29    304.17   5510.62  -8369.82      0.00 0
3034 14.0      140_151_157_161_167_172_175_181_184_190_196_198_200_205_206_211_213_217_219_223_226_227_230_231_234_237_238_242_246_249_250_252_253_254_257_258_260_261_263_266_267_269_270_273_274_275_276_277_278_279_280_281_283_284_285_286_287_288_289_290_291_292_293_294_295_296_297_298  4.79e+10  4.32e+10 118421.29 -82396.92  14425.16    787.14     84.29    325.17  -3077.31  -8945.19      0.00 0
3035 14.0      0_1_2_3_4_5_6_7_8_9_10_11_12_13_14_15_16_17_18_20_21_22_24_25_26_28_29_30_32_33_34_35_36_38_40_42_44_46_48_50_52_54_58_60_62_64_66_68_72_76_82_84_90_96_108_122_126_138_147_153  4.57e+09  4.13e+09 -19421.98 -16576.22   9132.44    798.14     70.32    220.48   1151.57    766.61      0.00 0
3036 14.0      121_125_133_137_141_143_146_152_154_162_164_165_168_170_173_176_178_185_187_188_193_194_197_199_202_203_208_209_210_212_214_215_216_218_220_221_222_224_228_229_231_232_233_235_236_238_239_240_241_243_244_245_247_248_250_251_253_255_256_258_259_261_262_264_265_267_268_270_271_272_274_275_277_279_281_282_284_286_287_289_291_293_294_295_297_298  1.20e+10  1.16e+10  62972.14 134614.58  13682.01    910.48     84.74     64.93   5130.60  -8991.02      0.00 0
3037 14.0      0_1_2_3_4_5_6_7_8_9_10_11_12_13_14_15_16_17_18_19_20_21_22_23_24_25_26_27_28_29_30_31_32_33_34_35_36_37_38_39_40_41_42_43_44_45_46_47_48_49_50_51_52_53_54_55_56_57_58_59_60_61_62_63_64_65_66_67_68_69_70_71_72_73_74_75_76_77_78_79_80_81_82_83_84_85_86_87_88_89_90_91_92_93_94_95_96_97_98_99_100_101_102_103_104_105_106_107_108_109_110_111_112_113_114_115_116_117_118_120_121_122_124_125_126_127_128_129_130_132_133_134_136_137_138_140_141_142_143_145_146_147_148_149_151_152_153_154_155_156_157_158_159_161_162_163_164_165_167_168_169_170_172_173_174_175_176_177_178_179_180_181_182_183_184_185_186_187_188_190_191_192_194_196_197_198_199_200_201_204_205_206_207_210_211_212_213_214_216_217_219_220_223_225_226_227_230_231_234_237_238_242_246_249_250_252_253_254_257_260_261_263_266_267_269_273_275_276_277_278_280_281_283_285_286_287_288_289_290_292_293_294_295_296_297_298  5.37e+09  4.60e+09 -75080.92 -168951.84  13641.88    882.66     85.78    246.04    644.45  -1417.50      0.00 0
3038 14.0      242_252_257_260_263_266_269_273_275_276_280_286_287_288  2.04e+09  1.84e+09 -14192.35  11337.72   8156.05    763.60     65.82    141.38  -1751.17  -9747.33      0.00 0
3039 14.0      0_1_2_3_4_5_6_7_8_9_10_11_12_13_14_15_16_17_18_19_20_21_22_23_24_25_26_27_28_29_30_31_32_33_34_35_36_37_38_39_40_41_42_43_44_45_46_47_48_49_50_51_52_53_54_55_56_57_58_59_61_62_63_65_66_67_68_69_70_71_72_73_74_75_77_78_79_80_81_82_83_85_87_88_89_91_92_93_94_95_97_98_101_102_103_105_106_107_109_110_111_113_115_116_117_119_120_121_123_124_125_127_128_129_131_132_135_136_137_139_140_141_144_145_146_148_150_151_152_156_157_158_160_161_162_166_167_168_171_172_173_175_176_181_182_184_185_190_191_195_196_197_198_199_200_203_205_206_211_212_213_214_218_220_224_226_227_230_231_233_235_238_241_243_244_246_249_250_251_253_255_256_258_259_260_261_264_267_268_270_271_272_274_275_277_279_281_284_287_289_291_295  4.37e+09  3.77e+09 -89708.39 127405.66  15113.53    691.62     84.46    125.15   2964.28  -7709.69      0.00 0
3040 14.0      0_1_2_3_4_5_6_7_8_9_10_11_12_13_14_16_17_18_20_21_22_24_25_26_28_29_30_32_33_34_35_38_40_42_49_50_52_53_54_58_59_60_64_71_72_75_76_82_84_86_96_100_108_114_122_126_134_143_147_155_165_177_179_188_194_210_216_240  1.23e+09  1.10e+09 -27479.19 -13095.13   9120.83    927.77     73.32    205.48   3698.91   1272.44      0.00 0
3041 14.0      79_89_91_102_103_107_110_111_116_117_121_128_129_136_137_140_141_146_148_151_152_157_158_161_162_167_168_172_173_175_176_178_181_182_184_185_190_191_196_197_198_199_200_202_203_205_206_209_211_212_213_214_217_218_219_220_223_224_226_228_229_230_232_233_234_235_237_241_244_245_247_248_251_256_262_265_268_282  3.63e+09  3.18e+09  61991.60   5281.86  12251.45    813.06     78.86      4.87   3025.65  -4925.07      0.00 0
3042 14.0      220_235_238_243_255_258_259_264_271_279  4.68e+09  4.06e+09 -22332.41  19263.22   9662.44    794.62     71.86    139.22   6408.16  -9887.86      0.00 0
3043 14.0      49_59_63_71_72_75_83_86_89_95_96_99_100_103_107_111_114_117_121_122_125_126_129_133_134_137_141_143_146_147_152_153_154_155_158_162_164_165_168_170_173_176_177_178_179_182_185_186_187_188_191_193_194_197_199_200_202_203_206_208_209_210_212_214_215_216_218_220_221_222_224_226_227_228_229_231_232_233_235_236_238_239_240_241_243_244_245_246_247_248_249_250_251_253_255_256_258_259_260_261_262_264_265_266_267_268_270_271_272_274_275_276_277_279_280_281_282_284_286_287_288_289_291_293_294_295_296_297_298  1.62e+10  1.45e+10 -74884.57 -181683.59  13741.41    841.98     86.00    247.60   3893.70  -9388.22      0.00 0
3044 14.0      0_1_2_3_4_5_6_7_8_9_10_11_12_13_14_15_16_17_18_19_20_21_22_23_24_25_26_27_28_29_30_31_32_33_34_35_36_37_38_39_40_41_42_43_44_45_46_47_48_49_50_51_52_53_54_55_56_57_58_59_60_61_62_63_64_65_66_67_68_69_70_71_72_73_74_75_76_77_78_79_80_81_82_83_84_85_86_87_88_89_90_91_92_93_94_95_96_97_98_99_100_101_102_103_104_105_106_107_108_109_110_111_112_113_114_115_117_119_120_121_122_123_124_125_126_127_129_131_132_133_134_135_136_137_138_139_141_143_144_145_146_147_150_151_152_153_154_155_160_162_164_165_170_176_177_178_179_185_187_188_193_194_202_203_208_209_210_215_216_218_221_222_228_229_232_233_236_239_240_245_247_248_262  2.69e+10  2.35e+10 -144431.45  25961.30  14492.02    778.01     84.36    169.81   6471.39  -1092.11      0.00 0
3045 14.0      0_1_2_3_4_5_6_7_8_9_10_11_12_13_14_15_16_17_18_19_20_21_22_23_24_25_26_27_28_29_30_31_32_33_34_35_36_37_38_39_40_41_42_43_44_45_46_47_48_49_50_51_52_53_54_55_56_57_58_59_60_61_62_63_64_65_66_67_68_69_70_71_72_73_74_75_76_77_78_79_80_81_82_83_84_85_86_87_88_89_90_91_92_93_94_96_97_98_101_102_103_104_105_106_108_109_110_111_112_113_115_116_117_118_119_120_122_123_124_127_128_129_130_131_132_135_136_138_139_140_142_144_145_148_149_150_151_153_156_157_158_159_160_161_163_166_167_169_171_172_174_175_180_181_182_183_184_189_190_192_195_196_198_200_201_204_205_206_207_211_213_217_219_223_225_226_227_230_234_237_242_246_249_252_254_257_260_263_266_269_273_275_276_278_280_283_285_286_288_290_292_294_296  1.26e+10  1.12e+10  44812.00 148144.16  13840.38    882.60     84.89     73.17  -3502.24  -6593.76      0.00 0
3046 14.0      20_28_29_32_35_40_41_44_45_48_52_55_58_62_63_66_67_70_74_78_79_82_88_89_91_94_98_102_103_106_107_110_111_113_116_117_120_124_128_129_132_136_137_140_141_145_148_151_152_158_162_168_173_185_199_212_218_224_233_241  3.09e+10  2.79e+10 -32775.11  12857.62   9783.59    896.10     74.47    158.58  -1044.65  -2865.45      0.00 0
3047 14.0      90_104_108_112_122_130_138_142_147_153_163_174_177_186  2.95e+10  2.70e+10 -24436.40  -4931.68   8520.55    906.82     71.13    191.41   5046.65   4317.42      0.00 0
3048 14.0      60_84_96_108_122_126_138_147_153_177_179_186_210  1.74e+09  1.54e+09  21437.22  11508.99   9447.26    712.08     68.78     28.23   4995.56   3361.60      0.00 0
3049 14.0      4_6_7_10_12_14_18_22_25_26_27_30_34_36_38_39_42_43_46_49_50_54_56_60_61_64_65_68_71_72_75_76_77_80_84_86_87_90_92_95_96_99_100_101_104_105_108_109_112_114_115_118_122_125_126_127_130_133_134_135_138_139_142_143_146_147_149_153_154_155_156_159_160_164_165_166_170_171_178_180_183_187_188_189_193_194_195_202_204_208_209_215_221_229_232_236_239_245_247  1.12e+10  9.83e+09  43447.70 -33086.29  11538.30    859.95     78.07    322.71   2090.34   1963.39      0.00 0
3050 14.0      4_6_7_10_12_14_15_18_19_22_25_26_27_30_31_34_36_38_39_42_43_46_50_51_54_56_57_60_61_64_65_68_71_72_76_77_80_81_84_86_87_90_92_93_96_99_100_101_104_105_108_109_112_114_115_118_119_122_123_126_127_130_133_134_135_138_139_142_143_144_147_149_150_153_155_156_159_160_163_164_165_166_169_170_171_174_177_179_180_183_186_187_188_189_192_193_194_195_201_204_207_208_210_215_216_221_222_225_236_239_240  1.70e+10  1.50e+10 136204.45 -47778.21  14127.36    833.88     84.41    340.67   2199.68   4036.95      0.00 0
3051 14.0      0_1_2_3_4_5_6_7_8_9_10_11_12_13_14_15_16_17_18_19_20_21_22_23_24_25_26_27_28_29_30_31_32_33_34_35_36_37_38_39_40_41_42_43_44_45_46_47_48_49_50_51_52_53_54_55_56_57_58_59_60_61_62_63_64_65_66_67_68_69_70_71_72_73_74_75_76_77_78_79_80_81_82_83_84_85_86_87_88_89_90_91_92_93_94_95_96_97_98_99_100_101_102_103_104_105_106_107_108_109_110_111_112_113_114_115_116_117_118_119_120_121_122_123_124_125_126_128_129_130_131_132_133_134_135_136_137_138_140_141_142_143_144_145_146_147_148_150_151_152_153_154_155_157_158_161_162_163_164_165_167_168_170_172_173_175_176_177_178_179_184_185_186_187_188_193_194_196_198_199_202_203_208_209_210_211_215_216_217_218_221_222_223_228_229_232_233_236_239_240_245_247  2.14e+09  1.87e+09 200760.73  19437.17  14104.21    775.60     86.00      5.53  -2008.90   -898.97      0.00 0
3052 14.0      40_44_55_62_66_78_79_82_88_91_102_103_106_110_111_116_117_128_129_141_148_158_162_168_173_182_191_197_199_212_214_220_224_235_243_244_255_256_259_271_272  1.51e+10  1.35e+10 -24302.99  18313.62   9846.43    781.52     72.07    143.00   1882.33  -5117.65      0.00 0
3053 14.0      63_67_79_89_91_102_103_116_117_128_148_157_167_181_190_196_213  1.58e+09  1.39e+09 -14389.40 -15152.67   9012.37    696.37     66.67    226.48   -305.79  -4536.94      0.00 0
3054 14.0      205_213_226_230_237_249_252_260_266_269_276_280_283_288_290_296  1.66e+09  1.47e+09   3055.80  19693.77   8393.94    776.77     67.16     81.18  -1580.84  -9416.45      0.00 0
3055 14.0      3_5_8_9_12_13_17_18_21_25_26_28_29_33_34_35_38_41_44_45_49_50_53_55_59_60_71_72_75_76_86_100_114_126_134  6.46e+09  5.70e+09 -16020.52 -11359.96   8612.91    728.17     66.32    215.34   1813.90   -327.77      0.00 0
3056 14.0      226_227_230_246_249_252_260_266_269_276_280_283_288_290_292_296  4.47e+10  4.07e+10 -10543.14 -12388.15   6325.99   1112.40     68.75    229.60  -1875.15 -10140.05      0.00 0
3057 14.0      1_7_11_14_15_19_23_24_27_30_31_36_37_39_42_43_46_47_48_51_56_57_58_61_65_68_69_70_73_74_77_80_81_85_87_90_92_93_94_97_98_101_104_105_109_112_113_115_118_119_120_123_124_127_130_131_132_135_139_142_144_145_149_150_156_159_160_163_166_169_171_174_175_180_183_189_192_195_201_204_207_225  1.55e+10  1.37e+10  91239.02  88602.21  14512.89    756.86     83.49     44.16  -1609.83   4573.50      0.00 0
3058 14.0      96_99_100_108_114_122_125_126_133_134_138_142_143_146_147_153_154_155_163_164_165_169_170_174_176_177_178_179_186_187_188_192_193_194_202_203_208_209_210_215_216_221_222_228_229_232_233_236_239_240_241_245_247_248_251_256_262_265_268_272_282  1.17e+10  1.05e+10  24251.56 -79224.34  13033.71    838.14     81.06    287.02   4939.26   4700.61      0.00 0
3059 14.0      94_98_106_110_120_124_128_132_136_140_145_151_157_161_167_172_175_181_184_190_196_198_200_205_211_213_217_219_223_226_227_230_234_237_242_246_249_250_252_257_260_261_266_267_269_275_276_277_280_281_286_287_288_289_291_293_294_295_297_298  8.13e+10  7.55e+10 -21554.77  41055.78  10799.19    890.57     76.89    117.70  -1057.41  -8600.11      0.00 0
3060 14.0      0_1_2_3_4_5_6_7_8_9_10_11_12_13_14_15_16_17_18_19_20_21_22_23_24_25_26_27_28_29_30_31_32_33_34_35_36_37_38_40_41_42_44_45_46_48_49_50_52_53_54_55_56_58_59_60_62_63_64_66_67_68_70_71_72_74_75_76_78_79_80_82_83_84_86_88_89_90_91_94_95_96_99_100_102_103_104_106_107_108_110_111_112_114_116_117_120_121_122_125_126_128_129_133_134_136_137_138_140_141_142_143_145_146_147_148_151_152_153_154_155_157_158_161_162_163_164_165_167_168_170_172_173_174_175_176_177_178_179_181_182_184_185_186_187_188_190_191_193_194_196_197_198_199_200_202_203_205_206_208_209_210_211_212_213_214_215_216_217_218_219_220_221_222_223_224_226_227_228_229_230_231_232_233_234_235_236_237_238_239_240_241_242_243_244_245_246_247_248_249_250_251_252_253_254_255_256_257_258_259_260_261_262_263_264_265_266_267_268_269_270_271_272_273_274_275_276_277_278_279_280_281_282_283_284_285_286_287_288_289_290_291_292_293_294_295_296_297_298  3.09e+09  2.63e+09 -197035.36 -217910.38  11902.23    727.48     87.68    227.88   -663.88  -7586.59      0.00 0
3061 14.0      0_2_3_4_5_8_9_11_12_13_16_17_20_21_24_25_26_28_29_32_33_35_37_38_40_41_44_45_48_49_50_52_53_55_58_59_62_63_66_67_70_71_72_74_75_78_79_82_83_86_88_89_91_94_95_98_99_100_102_103_106_107_110_111_114_116_117_120_121_124_125_128_129_132_133_134_136_137_140_141_143_145_146_148_151_152_154_157_158_161_162_164_165_167_168_170_172_173_175_176_178_181_182_184_185_187_190_191_193_194_196_197_198_199_200_202_203_205_206_208_209_211_212_213_214_215_217_218_219_220_221_222_223_224_226_227_228_229_230_231_232_233_234_235_236_237_238_239_241_242_243_244_245_247_248_249_251_252_254_255_256_257_259_262_263_265_268_282  3.89e+09  3.33e+09 153000.89  21639.05  14334.71    802.61     84.70      8.05   6405.90  -3213.89      0.00 0
3062 14.0      0_1_3_4_5_6_7_10_12_14_18_22_27_30_34_36_42_43_46_54_56_64_68_77_80_90_92_104_115_118_130_149_159_183  3.47e+09  3.04e+09   -213.17  21426.64   8735.76    758.97     67.82     90.57    334.74   2764.45      0.00 0
3063 14.0      0_1_2_3_4_5_6_7_8_9_10_11_12_13_14_15_16_17_18_19_20_21_22_23_24_25_26_27_28_29_30_31_32_33_34_35_36_37_38_39_40_41_42_43_44_45_46_47_48_49_50_51_52_53_54_55_56_57_58_59_60_61_62_63_64_65_66_67_68_69_70_71_72_73_74_75_76_77_78_79_80_81_82_83_84_85_86_87_88_89_90_91_92_93_94_95_96_97_98_99_100_101_102_103_104_105_106_107_108_109_110_111_112_113_114_115_116_117_118_119_120_121_122_123_124_125_126_127_128_129_130_131_132_133_134_135_136_137_138_139_140_141_142_143_144_145_146_147_148_149_150_151_152_153_154_155_156_157_158_159_160_161_162_163_164_165_166_167_168_169_170_171_172_173_174_175_176_177_178_179_180_181_182_183_184_185_186_187_188_189_190_191_192_193_194_195_196_197_198_199_200_201_202_203_204_205_206_207_208_209_210_211_212_213_214_215_216_217_218_219_220_221_222_223_224_225_226_227_228_229_230_231_232_233_234_235_236_237_238_239_240_241_242_243_244_245_246_247_248_249_250_251_252_253_254_255_257_258_260_261_263_266_267_269_273_275_276_277_278_280_283_285_286_288_290_292_296  1.23e+10  1.06e+10 236949.94 184327.73  11007.96    814.06     87.90     37.88  -2269.25  -1166.34      0.00 0
3064 14.0      13_21_28_29_35_41_44_45_53_55_63_67_78_79_83_89_91_103_107_111_121_129_137_141_152_162_168_173_185_197_199_203_212_218_220_224_233_235_241_244_251_255_256_259_265_268_271_272_282  1.82e+09  1.57e+09  30214.36 -26506.62  10807.39    790.90     74.95    318.74   5197.18  -6270.33      0.00 0
3065 14.0      2_3_5_8_9_13_16_17_20_21_24_28_29_32_33_35_37_40_41_44_45_48_49_52_53_55_58_59_62_63_66_67_70_74_75_78_79_82_83_85_88_89_91_94_95_98_99_102_103_106_107_110_111_116_117_120_121_124_125_128_129_132_133_136_137_140_141_145_146_148_151_152_154_157_158_161_162_164_167_168_172_173_175_176_178_181_182_184_185_187_191_197_198_199_202_203_209_212_215_217_218_224_228_229_232_233_239_241_245_247_248_251_262_265  1.41e+09  1.20e+09  76592.80  -7523.48  12947.98    814.18     80.45    354.39    134.48  -3199.12      0.00 0
3066 14.0      1_7_11_14_15_19_23_24_27_30_31_36_37_39_42_43_46_47_48_51_56_57_61_64_65_68_69_70_73_74_77_80_81_85_87_90_92_93_94_97_98_101_104_105_109_112_113_115_118_119_123_124_127_130_131_132_135_138_139_142_144_145_149_150_156_159_160_163_166_169_171_174_180_183_186_189_192_195_201_204_207_225  2.63e+09  2.30e+09 -78803.70 -64845.34  14070.35    760.59     82.15    219.45   -564.73   4623.06      0.00 0
3067 14.0      0_1_2_3_4_5_6_7_8_9_10_11_12_13_14_15_16_17_18_19_20_21_22_23_24_25_26_27_28_29_30_31_32_33_35_36_37_39_40_41_42_43_44_45_46_47_48_51_52_53_55_56_57_58_61_62_63_65_66_67_68_69_70_73_74_77_78_79_80_81_82_87_88_89_91_92_101_102_103_105_106_109_110_115_116_117_118_127_128_129_148_149_156_157_158_166_167_180_181_182_189_190_191_200_205_206_226_227_230_231_246_249_250_260_261_275_277_287  1.05e+10  9.39e+09  -3451.84  43762.10  10920.60    828.85     76.03     94.51   -376.61  -2375.79      0.00 0
3068 14.0      110_116_117_128_136_140_145_148_151_157_158_161_167_168_172_173_175_181_182_184_190_191_196_197_198_200_205_206_211_212_213_214_217_219_220_223_224_226_227_230_231_234_235_238_243_244_253_255_258_259_264_271  8.13e+10  7.31e+10  43170.65 -13885.52  10971.02    841.48     76.40    342.17  -2160.94  -5440.42      0.00 0
3069 14.0      14_19_27_30_31_36_39_42_43_46_51_54_56_57_61_64_65_68_73_77_80_81_84_87_90_92_93_96_97_101_104_105_108_109_112_115_118_119_122_123_127_130_131_135_138_139_142_144_147_149_150_153_156_159_160_163_166_169_171_174_177_179_180_183_186_192_210  2.40e+10  2.13e+10  62168.94  16332.91  12343.21    816.55     79.13     14.72   3180.32   4500.96      0.00 0
3070 14.0      0_1_3_4_6_7_10_12_14_15_17_18_19_22_23_25_26_27_30_31_33_34_36_38_39_42_43_46_47_49_50_51_54_56_57_59_60_61_64_65_68_71_72_73_75_76_77_80_81_84_86_87_90_92_93_95_96_99_100_101_104_105_108_109_112_114_115_118_119_122_123_125_126_127_130_133_134_135_138_139_142_143_144_147_149_150_153_154_155_156_159_160_163_164_165_166_169_170_171_174_177_178_179_180_183_186_187_188_189_192_193_194_195_201_204_207_208_209_210_215_216_221_222_225_229_232_236_239_240_247  1.82e+10  1.59e+10 154957.02 -67892.40  14325.18    796.24     85.16    336.34   5845.83   2134.08      0.00 0
3071 14.0      0_1_2_3_4_5_6_7_8_9_10_11_12_13_14_15_16_17_18_19_20_21_22_23_24_25_26_27_28_29_30_31_32_33_34_35_36_37_38_39_40_41_42_43_44_45_46_47_48_49_50_51_52_53_54_55_56_57_58_59_60_61_62_63_64_65_66_67_68_69_70_71_72_73_74_75_76_77_78_79_80_81_82_83_84_85_86_87_88_89_90_91_92_93_94_95_96_97_98_99_100_101_102_103_104_105_106_107_108_109_110_111_112_113_114_115_116_117_118_119_120_121_122_123_125_126_127_128_129_130_133_134_135_136_137_138_139_140_141_142_143_146_147_148_149_150_152_153_154_155_156_157_158_159_160_162_163_164_165_166_167_168_169_170_171_172_173_174_176_177_178_179_180_181_182_183_185_186_187_188_189_190_191_192_193_194_195_196_197_199_200_201_202_203_204_205_206_207_208_209_210_212_213_214_215_216_218_220_221_222_224_225_226_227_228_229_230_231_232_233_235_236_237_238_239_240_241_243_244_245_246_247_248_249_250_251_252_253_255_256_258_259_260_261_262_264_265_266_267_268_269_270_271_272_274_275_276_277_279_280_281_282_284_286_287_288_289_291_293_294_295_296_297_298  7.08e+09  6.12e+09  42213.72 -280782.25  11850.86    783.56     87.61    278.55   2454.25   -786.75      0.00 0
3072 14.0      111_116_117_128_129_137_141_148_152_157_158_162_167_168_172_173_176_178_181_182_185_190_191_196_197_198_199_200_202_203_205_206_209_211_212_213_214_217_218_219_220_223_224_226_227_228_229_230_231_232_233_234_235_237_238_241_242_243_244_245_246_247_248_249_250_251_252_253_254_255_256_257_258_259_260_261_262_263_264_265_266_267_268_269_270_271_272_273_274_275_276_277_278_279_280_281_282_283_284_285_286_287_288_289_290_291_292_293_294_295_296_297_298  2.82e+10  2.56e+10 211660.00  54660.16  13830.00    770.56     86.38     14.48   -565.99  -9523.67      0.00 0
3073 14.0      0_1_2_3_4_5_6_7_9_10_11_12_13_14_15_17_18_19_21_22_25_26_27_29_30_31_33_34_36_38_39_41_42_43_46_49_50_51_53_54_56_57_59_60_61_63_64_65_67_68_71_72_75_76_77_80_81_83_84_87_89_90_92_95_101_104_105_107_109_115_118_127_135_139_149_156_160_166_171_180_189_195_204  5.01e+09  4.52e+09 -22653.79  37054.67  11288.62    756.85     75.43    121.44  -1335.12   3896.56      0.00 0
3074 14.0      0_1_2_3_4_5_6_7_8_9_10_11_12_13_14_15_16_17_18_19_20_21_22_23_24_25_26_27_28_29_30_31_32_33_34_35_36_37_38_39_40_41_42_43_44_45_46_47_48_49_50_51_52_53_54_55_56_57_58_59_60_61_62_63_64_65_66_67_68_69_70_71_72_73_74_75_76_77_78_79_80_81_82_83_84_85_86_87_88_89_90_91_92_93_94_95_96_97_98_99_100_101_102_103_104_105_106_107_108_109_110_111_112_113_114_115_116_117_118_119_120_121_122_123_124_125_126_127_128_129_130_131_132_134_135_136_137_138_139_140_141_142_144_145_147_148_149_150_151_153_155_156_157_158_159_160_161_163_166_167_168_169_171_172_174_175_177_179_180_181_182_183_184_186_189_190_191_192_195_196_198_200_201_204_205_206_207_211_213_217_219_223_225_226_227_230_231_234_237_242_246_249_250_252_254_257_260_261_263_266_269_273_275_276_278_280_283_285_286_288_290_292_294_296  6.17e+10  5.49e+10 -73729.88 -175998.03  14046.27    807.23     85.79    247.27  -2853.55  -5359.08      0.00 0
3075 14.0      0_2_3_5_8_9_12_13_16_17_20_21_24_25_28_29_32_33_35_38_40_41_44_45_48_49_52_53_55_58_59_62_63_66_67_70_71_74_75_78_79_82_83_86_88_89_91_94_95_98_99_102_103_106_107_110_111_114_116_117_120_121_124_125_128_129_132_133_136_137_140_141_143_145_146_148_151_152_154_157_158_161_162_164_167_168_170_172_173_175_176_178_181_182_184_185_187_190_191_193_196_197_198_199_200_202_203_205_206_208_209_211_212_213_214_215_217_218_219_221_223_224_228_229_232_233_234_236_239_241_245_247_248_251_262_265  3.89e+09  3.40e+09 108714.88  11138.71  14038.38    789.37     82.68      5.85  -4357.74  -4048.52      0.00 0
3076 14.0      0_1_2_5_6_7_8_11_14_15_16_19_23_24_27_31_37_39_43_47_51_57_61_65_69_73_81_87_93_105_109_119_123_135_139_144_150_160  1.20e+09  1.04e+09 -19201.63  21703.50  10057.31    714.63     70.86    131.50  -2970.66   2808.44      0.00 0
3077 14.0      17_21_25_29_33_35_38_41_44_45_49_50_53_55_59_63_67_71_72_75_76_78_79_83_86_89_91_95_96_99_100_102_103_107_111_114_116_117_121_125_126_128_129_133_134_137_141_143_146_147_148_152_154_155_157_158_162_164_165_167_168_170_172_173_176_177_178_179_181_182_185_187_188_190_191_193_194_196_197_199_200_202_203_205_206_208_209_210_211_212_213_214_215_216_218_219_220_221_222_224_226_227_228_229_230_231_232_233_234_235_236_237_238_239_240_241_242_243_244_246_247_249_250_252_253_254_257_258_260_261_263_266_267_269_270_273_275_276_277_278_280_281_283_285_286_287_288_290_292_293_294_296_297  4.47e+10  4.04e+10  72147.00  82937.16  13614.11    861.60     82.94     48.98   3094.01  -3614.29      0.00 0
3078 14.0      1_2_8_11_13_15_16_20_23_24_28_31_32_35_37_40_44_45_47_48_52_55_58_62_66_70_74_78_79_82_88_91_102_103_106_110_116_117_128_140_148_157_158_167_181_182_190_191_196_200_205_206_213_226_227_230_231_237_246_249_250_252_253_260_261_266_267_275_276_277_280_281_286_287_288_289_291_293_294_295_297_298  8.51e+09  7.51e+09  -7690.04  49674.66  11651.12    786.04     76.95     98.80    -31.79  -9080.49      0.00 0
3079 14.0      246_249_250_252_257_260_261_266_269_273_275_276_278_280_283_285_288_290_292  2.00e+09  1.78e+09 -27551.87  -7895.17  10093.05    702.34     70.60    195.99  -3084.16 -10265.28      0.00 0
3080 14.0      7_10_14_18_19_22_27_30_34_36_39_42_43_46_50_51_54_56_60_61_64_65_68_72_76_77_80_81_84_87_90_92_93_96_100_101_104_105_108_109_112_114_115_118_119_122_126_127_130_134_135_138_139_142_143_144_147_149_150_153_155_156_159_160_163_165_166_169_170_171_174_177_179_180_183_186_188_189_192_194_195_204_208_210_216_222_236_240  5.01e+10  4.49e+10  69911.43 -17534.60  12501.66    856.04     80.16    345.92     68.70   3725.67      0.00 0
3081 14.0      0_1_2_3_4_5_6_7_8_9_10_11_12_13_14_15_16_17_18_19_20_21_22_23_24_25_26_27_28_29_30_31_32_33_34_35_36_37_38_39_40_41_42_43_44_45_46_47_48_49_50_51_52_53_54_55_56_57_58_59_60_61_62_63_64_65_66_67_68_69_70_71_72_73_74_75_76_77_78_79_80_81_82_83_84_85_86_87_88_89_90_91_92_93_94_95_96_97_98_99_100_101_102_103_104_105_106_107_108_109_110_111_112_113_114_115_116_117_118_119_120_121_122_123_124_125_126_127_128_129_130_131_132_133_134_135_136_137_138_139_140_141_142_143_144_145_146_147_148_149_150_151_152_153_154_155_156_157_158_159_160_161_162_163_164_165_166_167_168_169_171_172_173_174_175_176_177_179_180_181_182_183_184_185_186_188_189_190_191_192_195_196_197_198_199_200_201_204_205_206_207_211_212_213_214_217_219_220_223_224_225_226_227_230_231_234_235_237_238_242_243_246_249_250_252_253_254_257_258_260_261_263_264_266_267_269_270_273_274_275_276_277_278_280_281_283_284_285_286_287_288_289_290_291_292_293_294_295_296_297_298  2.34e+09  2.00e+09 -50433.30 -244608.02  12783.05    810.12     87.07    258.35   -583.01  -2547.22      0.00 0
3082 14.0      0_1_3_4_6_7_10_11_12_14_15_18_19_22_23_25_26_27_30_31_34_36_37_38_39_42_43_46_47_50_51_54_56_57_60_61_64_65_68_69_71_72_73_76_77_80_81_84_85_86_87_90_92_93_96_97_100_101_104_105_108_109_112_113_114_115_118_119_122_123_126_127_130_131_134_135_138_139_142_143_144_147_149_150_153_155_156_159_160_163_165_166_169_170_171_174_177_179_180_183_186_188_189_192_194_195_201_204_207_208_210_216_221_222_225_236_240  9.12e+10  8.35e+10 187318.06 -13854.39  13496.76    901.11     85.89    355.77   3608.31   4533.81      0.00 0
3083 14.0      20_28_32_40_44_48_52_55_58_62_66_70_74_78_79_82_85_88_91_94_98_102_103_106_110_116_117  2.82e+09  2.48e+09  14006.85 -12197.45   7575.87    897.63     67.81    318.95  -1385.52  -2355.60      0.00 0
3084 14.0      0_1_2_3_4_5_6_7_8_9_10_11_12_13_14_15_16_17_18_19_20_21_22_23_24_25_26_27_28_29_30_31_32_33_34_35_36_37_38_39_40_41_42_43_44_45_46_47_48_49_50_51_52_53_54_55_56_57_58_59_60_61_62_63_64_65_66_67_68_69_70_73_74_77_78_79_80_81_82_83_84_85_87_88_89_90_91_92_93_94_101_102_103_104_105_106_108_109_110_112_115_116_117_118_127_128_129_130_136_139_140_142_148_149_156_157_158_159_166_167_169_172_180_181_182_183_189_190_192_196_200_201_204_205_206_207_213_219_225_226_227_230_237_246_249_252_257_260_266_269_275_276_280_283_286_288_290_294_296  1.82e+09  1.56e+09  -6236.73 -60351.59  11563.02    926.55     79.21    264.10   -297.09   1435.99      0.00 0
3085 14.0      0_1_2_3_4_5_6_7_8_9_11_12_13_15_16_17_19_20_21_23_24_28_29_31_32_33_35_37_40_41_44_45_47_48_51_52_53_55_57_58_59_62_63_66_67_69_70_73_74_78_79_81_82_83_85_88_89_91_93_94_95_97_98_102_103_106_107_110_111_113_116_117_119_120_121_123_124_128_129_131_132_136_137_141_144_148_152_157_158_162_168_173_176_181_182_185_191_197_199_203_206_212_214_218_220_224_231_233_235_238_241_243_244_248_251_255_256_258_259_264_265_268_271_272_279_282  1.95e+09  1.66e+09  55394.77 -45859.11  12706.28    818.47     79.98    320.38   2755.26  -5028.37      0.00 0
3086 14.0      12_17_18_22_25_26_33_34_38_42_49_50_53_54_59_60_63_64_68_71_72_75_76_83_84_86_89_90_95_96_99_100_107_108_111_112_114_121_122_125_126_129_130_133_134_137_138_141_143_146_152_154_162_168_173_176_178_185_197_199_202_203_212_214_218_220_224_228_233_235_238_241_243_244_248_251_255_256_258_259_264_268_271_272_274_279_284  1.26e+10  1.10e+10 -17797.90  65870.52  12387.67    844.28     79.71    105.12   5842.61 -10788.90      0.00 0
3087 14.0      181_200_205_206_226_227_231_246_250_253_261_267_270_281  7.59e+10  7.01e+10  -7629.65  10462.86   6005.35   1005.80     65.12    126.10    722.62  -7950.68      0.00 0
3088 14.0      0_1_2_3_4_5_6_7_8_9_10_11_12_13_14_16_17_18_20_21_28_29_30_33_35_40_41_44_45_52_53_55_62_63_66_67_78_79_88_89_91_102_103_110_116_117_128_129_148_157_158_167_181_182_190_191_196_200_205_206_213_226_227_230_231_237_246_249_250_252_260_261_266_269_275_276_277_280_286_287_288_290_293_294_296_297  4.47e+10  4.15e+10   3735.19  40264.18  10487.86    854.58     75.46     84.70   -438.32  -6719.69      0.00 0
3089 14.0      66_78_88_91_102_103_106_110_116_117_120_128_129_136_140_141_148_151_157_158_162_167_168_173_181_182_191_197_199_206_212_214_218_220_224_235_238_241_243_244_251_255_256_259_264_268_271_272  2.04e+10  1.80e+10 -35690.49  19088.98  10973.97    766.23     74.83    151.86   2654.38  -6020.25      0.00 0
3090 14.0      34_50_54_60_64_76_84_90_96_108_112_122_126_138_147_153_163_177_186  3.39e+10  3.02e+10  14131.14  16130.51   8412.79    821.14     68.58     48.78   3757.54   3525.23      0.00 0
3091 14.0      0_1_2_3_4_5_6_7_8_9_10_11_12_13_14_15_16_17_18_19_20_21_22_23_24_25_26_27_28_29_30_31_32_33_34_35_36_37_38_39_40_41_42_43_44_45_46_47_48_49_50_51_52_53_54_55_56_57_58_59_60_61_62_63_64_65_66_67_68_69_70_71_72_73_74_75_76_77_78_79_80_81_82_83_84_85_86_87_88_89_90_91_92_93_94_95_96_97_98_99_100_101_102_103_104_105_106_107_108_109_110_111_112_113_114_115_116_117_118_119_120_121_122_123_124_125_126_127_128_129_130_131_132_133_134_135_136_137_138_139_140_141_142_143_144_146_148_149_150_151_152_154_156_157_158_159_160_161_162_163_164_166_167_168_169_171_172_173_174_176_178_180_181_182_183_185_189_190_191_192_195_196_197_199_200_201_202_203_204_205_206_207_212_213_214_218_220_224_225_226_227_228_230_231_233_235_238_241_243_244_246_248_249_250_251_252_253_255_256_258_259_260_261_264_265_266_267_268_270_271_272_274_275_276_277_279_281_284_286_287_289_291_293_295_298  7.24e+10  6.45e+10 -65137.71 173296.08  14050.26    817.04     85.66    110.60   1690.90  -4566.05      0.00 0
3092 14.0      0_3_5_8_9_13_17_21_28_29_35_40_41_44_45_55_66_67_78_79_91_102_103_116_117_128_148_157_158_181_182_200_205_226  6.46e+09  5.62e+09   2614.73  23495.93   9089.12    756.42     68.97     83.65    -38.86  -3817.62      0.00 0
3093 14.0      21_33_41_45_49_53_55_59_63_67_71_72_75_78_79_83_86_89_91_95_99_100_102_103_107_111_114_116_117_121_125_126_128_129_133_134_137_141_143_146_148_152_154_155_157_158_162_164_165_167_168_170_172_173_176_178_179_181_182_185_187_188_190_191_193_194_196_197_199_200_202_203_205_206_208_209_210_211_212_213_214_215_216_218_219_220_221_222_224_226_227_228_229_230_231_232_233_234_235_236_237_238_239_240_242_246_249_250_252_253_254_257_260_261_263_266_267_269_273_275_276_278_280_283_285_286_288_290_292_296  4.37e+10  3.88e+10  62287.91  61231.54  13069.33    858.71     81.49     44.51   3234.81  -3461.06      0.00 0
3094 14.0      256_259_268_271_272_274_279  2.04e+09  1.83e+09 -11977.46 -18464.82   8603.20    801.00     68.65    237.03   5125.96  -9571.23      0.00 0
3095 14.0      63_83_89_91_95_99_103_107_111_117_121_125_129_133_137_141_146_152_154_162_164_170_176_178_187_193_208_209_215_221_236_239  3.47e+09  3.13e+09 -24939.65 -12608.85   9112.52    864.99     71.94    206.82   4490.17  -2110.93      0.00 0
3096 14.0      0_1_2_3_4_5_6_7_8_9_10_11_12_13_14_15_16_17_18_19_20_21_22_23_24_25_26_27_28_29_30_31_32_33_34_35_36_37_38_39_40_41_42_43_44_45_46_47_48_49_50_51_52_53_54_55_56_57_58_59_60_61_62_63_64_65_66_67_68_69_70_71_72_73_74_75_76_77_78_79_80_81_82_83_84_85_86_87_88_89_91_92_93_95_97_99_101_102_103_105_107_109_111_115_116_117_119_121_123_125_127_129_135_137_139_141_146_148_150_152_156_158_160_162_166_168_171_173_176_182_185_189_191_195_197_199_203_206_212_214_218_220_224_231_235_238_241_243_244_253_255_256_258_259_264_270_271_272_274_279_284  1.35e+10  1.23e+10  33901.98 -59244.13  12244.73    870.69     79.83    299.78   1892.01  -3607.30      0.00 0
3097 14.0      0_1_2_3_4_5_6_7_8_10_11_12_14_15_16_18_19_20_22_23_24_26_27_30_31_32_34_36_37_38_39_42_43_46_47_48_50_51_54_56_57_58_60_61_64_65_68_69_70_72_73_74_76_77_80_81_84_85_87_90_92_93_94_96_97_98_100_101_104_105_108_109_112_113_115_118_119_122_123_124_126_127_130_131_132_135_138_139_142_144_147_149_150_153_155_156_159_160_163_166_169_171_174_177_179_180_183_186_188_189_192_195_201_207_210  7.24e+09  6.51e+09 105968.95  40932.53  14250.27    768.54     82.85     21.12   -770.26   2900.32      0.00 0
3098 14.0      7_14_15_19_22_27_30_31_36_39_42_43_46_47_51_54_56_57_61_64_65_68_73_77_80_81_84_87_90_92_101_104_108_112_118_122_130_138_142_153_163_169_174_177_186  1.07e+09  9.20e+08 -28234.04 -13843.94  10156.60    747.74     72.10    206.12   2034.20   3388.32      0.00 0
3099 14.0      0_1_2_3_4_5_6_7_8_9_10_11_12_13_14_15_16_17_18_19_20_21_22_23_24_25_26_27_28_29_30_31_32_33_34_35_36_37_38_39_40_41_42_43_44_45_46_47_48_49_50_51_52_53_54_55_56_57_58_59_60_61_62_63_64_65_66_67_68_69_70_71_72_73_74_75_76_77_78_79_80_81_82_83_84_86_87_88_89_90_91_92_95_96_99_100_101_102_103_104_105_107_108_109_110_111_112_114_115_116_117_118_121_122_125_126_127_128_129_130_133_135_137_138_139_141_142_146_148_149_152_156_157_158_159_162_163_166_167_168_169_171_173_174_180_181_182_183_185_189_190_191_192_195_197_199_200_201_204_205_206_207_212_214_218_220_224_225_226_227_230_231_235_238_243_244_246_249_250_253_255_258_260_261_264_267_270_271_274_275_276_277_279_281_284_286_287_289_291_293_295_297_298  5.62e+09  5.04e+09 -13412.22 105871.48  14333.97    736.52     82.35     97.22   1055.56  -1554.15      0.00 0
