#event_number primary_type du_ids energy_primary em_energy Xmax_pos(x, y, z), Xmax_grams zenith azimuth shower_core_pos_x shower_core_pos_y shower_core_pos_z, N_tested_cores, units are degrees, GeV and meters
106400 5626.0    173_197_199_212_220_224_235_243_244_255_264_271_279  2.19e+08  1.71e+08  -9781.47  21082.02  10143.94    584.96     66.42    114.89   3851.94  -7166.11      0.00 0
106401 5626.0    106_110_136_140_161_167_172_196_198_211_219_223_234_242_254_257_263_273_278  9.77e+08  7.86e+08 -10557.65 -27446.32  10534.98    648.97     70.29    248.96  -3731.61  -6716.36      0.00 0
106402 5626.0    121_125_137_141_146_152_154_162_168_173_176_178_185_191_197_199_212_214  9.12e+08  7.40e+08  13865.34  20837.43  10041.26    635.64     68.14     56.36   3420.16  -4149.42      0.00 0
106403 5626.0    11_16_20_23_24_31_32_37_40_47_48_51_52_57_58_61_62_66_69_70_73_74_81_82_85_88_93_94_98_106_110_120_128_136_140_161_167_172_196  1.48e+08  1.12e+08   1767.01  30187.16  11065.84    589.96     69.90     86.65  -2383.43  -2000.51      0.00 0
106404 5626.0    219_226_230_237_242_246_249_250_252_254_257_260_263_266  5.37e+08  4.28e+08 -21784.47   3555.63   9712.24    618.91     66.25    170.73  -1912.64  -8253.67      0.00 0
106405 5626.0    0_1_2_3_4_5_6_7_8_10_11_12_14_15_16_18_19_20_23_24_31_32_37_47_48_58_69_70_73_74_85_98  2.09e+08  1.65e+08 -18972.56  -4892.51   9049.19    655.75     65.21    194.46  -1537.01    -81.99      0.00 0
106406 5626.0    0_1_2_3_4_5_6_7_8_9_10_11_12_13_14_15_16_17_18_19_20_21_22_23_24_25_26_27_28_29_30_31_32_33_34_35_36_37_38_39_40_41_42_43_44_45_46_47_48_49_50_51_52_53_54_55_56_57_58_59_60_61_62_63_64_65_66_67_68_71_72_74_75_76_77_78_79_80_81_82_83_84_87_88_89_90_91_92_101_102_103_104_106_107_108_110_111_112_115_116_117_118_128_129_130_140_141_142_148_149_156_157_158_159_167_168_169_172_180_181_182_183_190_191_192_196_197_200_201_205_206_207_213_214_219_226_227_230_231_237_238_246_249_250_252_253_257_260_261_266_267_269_275_276_277_280_281_283_286_287_288_289_290_292_293_294_295_296_297_298  2.45e+08  1.90e+08  -6500.94 -83912.93  14356.25    645.08     80.32    265.57   -358.08  -8156.98      0.00 0
106407 5626.0    0_1_2_3_4_5_6_7_8_9_10_11_12_13_14_15_16_17_18_19_20_21_22_23_24_25_26_27_28_29_30_31_32_33_34_35_36_37_38_39_40_41_42_43_44_45_46_47_48_49_50_51_52_53_54_55_56_57_58_59_60_61_62_63_64_65_66_67_68_69_70_71_72_73_74_76_77_78_79_80_81_82_83_84_85_87_88_89_90_91_92_93_94_96_97_98_101_102_103_104_105_106_108_109_110_112_113_115_116_117_118_119_120_122_123_124_127_128_130_131_132_135_136_138_139_140_142_144_145_148_149_150_151_156_157_159_160_161_163_166_167_169_171_172_174_175_180_181_182_183_184_189_190_192_195_196_198_200_201_204_205_207_211_213_217_219_223_225_226_230_234_237_242_249_252_254_257_260_263_266_269_273_276_278_280_283_285_288_290_292_296  2.82e+08  2.14e+08  89738.44 271980.75  13205.85    607.70     87.36     71.74  -3156.39   1516.86      0.00 0
106408 5626.0    0_1_2_3_4_5_6_7_8_11_15_16_19_23_24_31_32_37_47_48_51_57_69_70_73_74_85_93_97_113_123_131  3.55e+08  2.82e+08 -23779.83   4175.91   9956.25    629.35     67.59    170.04  -2681.31    388.99      0.00 0
106409 5626.0    219_237_242_252_257_263_266_269_273_280_283_285_288_290_292_296  8.32e+08  6.76e+08   2677.10 -27956.14  10472.26    633.70     69.55    275.47  -2528.73 -10597.04      0.00 0
106410 5626.0    121_125_133_137_141_143_146_152_154_162_164_165_168_170_173_176_178_185_187_188_191_193_194_197_199_202_203_206_208_209_210_212_214_215_216_218_220_221_222_224_227_228_229_231_232_233_235_236_238_239_240_241_243_244_245_246_247_248_250_251_253_255_256_258_259_260_261_262_264_265_267_268_270_271_272_274_275_276_277_279_281_284_286_287_288_289_291_293_294_295_296_297_298  2.45e+08  1.87e+08  47107.36  83092.70  15162.59    590.97     80.98     60.45   4374.24  -6421.96      0.00 0
106411 5626.0    0_1_2_3_4_5_6_7_8_9_10_11_12_13_14_15_16_17_18_20_21_22_23_24_25_26_28_29_30_32_33_34_35_40_41_42_44_45_48_50_52_54_55_58_60_62_64_66_74_78_79_82_84_88_94_102_106_110_120_128_136_140_151_161_167_172_175_184_196_198_211_217_223_234_254  1.23e+08  9.28e+07 -29389.32 -34962.82  12512.18    604.03     74.68    229.95  -2862.83  -3868.95      0.00 0
106412 5626.0    141_152_162_173_185_197_199_212_214_220_224_231_235_238_243_250_253_255_258_264_267_270_274_277_281_284_287_289_291_295_298  4.57e+08  3.61e+08  -8115.47 -39676.09  11957.50    617.19     73.55    258.44   2562.57  -9715.95      0.00 0
106413 5626.0    0_1_2_3_4_5_6_7_10_11_12_14_15_17_18_19_22_23_24_25_26_27_30_31_33_34_36_37_38_39_42_43_46_47_49_50_51_54_56_57_60_61_64_65_69_71_72_73_75_76_81_84_86_93_97_99_100_114_123_134_143  3.55e+08  2.82e+08 -30656.41   5737.19  10977.13    617.15     70.61    169.40    325.74    789.49      0.00 0
106414 5626.0    0_1_2_3_4_5_6_7_8_9_10_11_12_13_14_15_16_17_18_19_20_21_22_23_24_25_26_27_28_29_30_31_32_33_34_35_36_37_38_39_40_41_42_43_44_45_46_47_48_49_50_51_52_53_54_55_56_57_58_59_60_61_62_63_64_65_66_67_68_69_70_71_72_73_74_75_76_77_78_79_80_81_82_83_84_85_86_87_88_89_90_91_92_93_94_95_96_97_98_99_100_101_103_104_105_107_108_109_111_112_113_114_115_118_119_121_122_123_125_126_127_129_130_131_132_133_134_135_137_138_139_141_142_143_144_146_147_149_150_152_153_154_155_156_159_160_162_163_164_165_166_169_170_171_173_174_176_177_178_179_180_183_185_186_187_188_189_192_193_194_195_199_201_202_203_204_207_208_209_210_215_216_218_221_222_224_225_228_229_232_233_236_239_240_241_245_247_248_251_256_262_265_268_282  6.46e+08  5.09e+08 -207689.62 114887.42  14225.80    663.57     86.57    151.05   -174.58   2559.67      0.00 0
106415 5626.0    116_117_148_158_168_182_191_197_200_206_214_220_227_231_238_243_253_258_270_274_284  6.03e+08  4.79e+08  14077.57 -22695.95  10219.93    643.71     69.06    301.81   1761.92  -7109.75      0.00 0
106416 5626.0    9_13_20_21_28_29_33_35_40_41_44_45_52_53_55_58_59_62_63_66_67_75_78_79_82_83_88_89_91_94_95_99_102_103_106_107_110_111_116_117_120_121_124_125_128_129_133_136_137_140_141_145_146_148_151_152_154_157_158_161_162_164_167_168_172_173_175_176_178_181_182_184_185_187_190_191_193_196_197_198_199_200_202_203_205_206_209_211_212_213_214_215_217_218_219_220_221_223_224_226_227_228_229_230_231_232_233_234_235_237_238_239_241_242_243_244_245_246_247_248_249_250_251_252_253_254_255_256_257_258_259_260_261_262_263_264_265_266_267_268_269_270_271_272_273_274_276_278_279_280_282_283_285  1.17e+08  8.49e+07 -193081.41 -16790.57  15934.09    565.41     85.30    184.97   6323.11  -5098.34      0.00 0
106417 5626.0    0_1_2_3_4_5_6_7_8_9_10_11_12_13_14_15_16_17_18_19_20_21_22_23_24_25_26_27_28_29_30_31_32_33_34_35_36_37_38_39_40_41_42_43_44_45_46_47_48_49_50_51_52_53_54_55_56_57_58_59_60_61_62_63_64_65_66_67_68_69_70_71_72_73_74_75_76_77_78_79_80_81_82_83_84_85_86_87_88_89_90_91_92_93_94_95_96_97_98_99_100_101_102_103_104_105_106_107_108_109_110_111_112_113_115_116_117_118_119_120_121_122_123_124_127_128_129_130_131_132_135_136_137_138_139_140_141_142_144_145_148_149_150_151_156_157_158_159_160_161_162_163_166_167_168_169_171_172_173_174_175_180_181_182_183_184_189_190_191_192_195_196_197_198_200_201_204_205_206_207_211_213_214_217_219_220_223_225_226_227_230_231_234_237_238_242_246_249_250_252_253_254_257_258_260_261_263_266_267_269_270_273_275_276_277_278_280_281_283_284_285_286_287_288_289_290_291_292_293_294_295_296_297_298  5.01e+08  3.86e+08  -5339.85 -257064.52  14330.24    591.34     86.81    268.81  -2130.36  -4075.37      0.00 0
106418 5626.0    41_49_53_59_63_67_71_72_75_79_83_86_89_91_95_99_100_103_107_111_114_116_117_121_125_126_129_133_134_137_141_143_146_147_148_152_154_155_157_158_162_164_165_168_170_173_176_178_179_181_182_185_187_188_190_191_193_194_196_197_199_200_202_203_205_206_208_209_210_212_213_214_215_216_218_219_220_221_222_224_226_227_228_229_230_231_232_233_235_236_237_238_239_240_241_242_243_244_245_246_247_248_249_250_252_253_255_257_258_260_261_263_264_266_267_269_270_273_275_276_277_278_280_281_283_285_286_287_288_289_290_292_293_294_296_297  2.29e+08  1.75e+08  74217.26  88825.84  15341.65    624.34     82.45     50.12   6290.73   -709.36      0.00 0
106419 5626.0    104_112_115_118_127_130_138_142_147_149_153_156_159_163_166_169_171_174_177_179_180_183_186_189_192_195_201_204_207_210_225  1.86e+08  1.42e+08  63376.86 -10673.89  13707.79    612.53     77.96    350.44   5670.52   4919.23      0.00 0
106420 5626.0    107_111_121_125_137_146_152_154_176_178_187_202_209  9.77e+08  7.90e+08  20966.36   1635.36   9389.58    641.11     65.94      4.46   4471.49  -2817.97      0.00 0
106421 5626.0    260_261_266_267_269_270_273_275_276_277_278_280_281_283_284_285_286_287_288_289_290_291_292_293_294_295_296  8.13e+08  6.64e+08 -40144.51   5734.86  11735.43    648.46     73.86    171.87    -23.41 -10880.85      0.00 0
106422 5626.0    0_1_2_3_4_5_6_7_8_9_10_11_12_13_14_15_16_17_18_19_20_21_22_23_24_25_26_27_28_29_30_31_32_33_34_35_36_37_38_39_40_41_42_43_44_45_46_47_48_49_50_51_52_53_54_56_57_58_59_60_61_63_64_65_67_68_69_70_71_72_73_74_75_76_77_80_81_82_83_84_85_86_87_89_90_92_93_95_96_97_98_99_100_101_104_105_107_108_109_112_113_114_115_118_119_121_122_123_125_126_127_130_131_132_133_134_135_138_139_142_143_144_146_147_149_150_153_154_155_156_159_160_163_164_165_166_169_170_171_174_177_178_179_180_183_186_187_188_189_192_193_194_195_201_202_204_207_208_209_210_215_216_221_222_225_229_232_236_239_240_247  2.51e+08  1.90e+08 256577.03 -54349.93  13836.80    627.78     86.98    348.04    181.98   3595.60      0.00 0
106423 5626.0    0_1_2_3_4_5_6_7_8_9_10_11_12_13_14_16_17_18_20_21_22_25_26_28_29_30_32_33_34_35_36_38_40_41_42_44_45_46_49_50_52_53_54_55_59_60_62_63_64_66_67_68_71_72_75_76_78_79_82_83_84_86_88_89_90_91_95_96_99_100_102_103_106_107_108_110_111_112_114_116_117_121_122_125_126_128_129_133_134_136_137_138_140_141_142_143_147_148_153_155_157_158_161_163_165_167_168_170_172_174_177_179_181_182_186_188_190_191_194_196_198_200_205_210_211_213_216_219_223_226_230_234_237_242_249_252_254_257_263_266_269_273_278_283_285_292  1.51e+08  1.13e+08 -50093.12 -73296.28  14999.86    585.42     80.41    235.65   3484.00   1544.52      0.00 0
106424 5626.0    0_1_2_3_4_5_6_7_8_9_10_11_12_13_14_15_16_17_18_19_20_21_22_23_24_25_26_27_28_29_30_31_32_33_34_35_36_37_38_39_40_41_42_43_44_45_46_47_48_49_51_52_53_54_55_56_57_58_59_61_62_63_65_66_67_68_69_70_73_74_75_77_78_79_80_81_82_83_85_87_88_89_91_92_93_94_95_97_98_101_102_103_105_106_107_109_110_111_113_115_116_117_119_120_121_123_124_127_128_129_131_132_135_136_137_139_140_141_144_145_148_150_151_152_156_157_158_160_161_162_166_167_168_171_172_173_181_182_189_190_191_195_196_197_199_200_205_206_212_213_214_220_224_226_227_230_231_235_238_243_244_246_249_250_253_255_258_259_260_261_264_267_270_271_274_275_277_279_281_284_287_289_291_295  1.35e+08  9.99e+07 -57317.29 110860.23  15566.89    613.24     82.89    117.34  -1209.26  -1380.18      0.00 0
106425 5626.0    15_19_23_24_31_32_37_39_47_48_51_52_57_58_61_65_69_70_73_74_81_82_85_87_93_94_97_98_101_105_106_109_113_119_120_123_124_127_131_132_135_136_139_145_151_156_161_166_175_184_198_217_223  1.86e+08  1.43e+08 -13245.45 -41033.20  12306.91    602.40     74.07    252.11  -3337.60   -952.33      0.00 0
106426 5626.0    77_87_92_101_104_105_109_115_118_119_127_135_139_144_150_160_166_171  2.82e+08  2.21e+08 -27182.86    460.24  10599.67    599.68     68.70    179.03  -2521.55   3800.60      0.00 0
106427 5626.0    0_1_2_3_4_5_6_7_8_9_10_11_12_13_14_15_16_17_18_19_20_21_22_23_24_25_26_27_28_29_30_31_32_33_34_35_36_37_38_39_40_41_42_43_44_45_46_47_48_49_50_51_52_53_54_55_56_57_58_59_60_61_62_63_64_65_66_67_68_69_70_71_72_73_74_75_76_77_78_79_80_81_82_83_84_85_86_87_88_89_90_91_92_93_94_95_96_97_98_99_100_101_102_103_104_105_106_107_108_109_110_111_112_113_114_115_116_117_118_119_120_121_122_123_124_125_126_127_128_129_130_131_132_133_134_135_136_137_138_139_140_141_142_143_144_145_146_147_148_149_150_151_152_153_154_155_156_157_158_159_160_161_162_164_165_166_167_168_169_170_171_173_175_176_178_179_180_181_182_183_185_187_188_189_190_191_193_194_195_197_199_200_202_203_204_206_208_209_212_214_215_218_220_221_222_224_228_229_231_232_233_235_236_238_239_241_243_244_245_247_248_251_255_256_258_259_262_264_265_268_271_272_274_279_282  3.16e+08  2.41e+08 200722.97 -145032.44  14061.85    650.97     86.75    324.15  -1924.16   1175.90      0.00 0
106428 5626.0    116_117_129_141_148_157_158_162_167_168_172_173_181_182_190_191_196_197_198_199_200_205_206_211_212_213_214_217_218_219_220_223_224_226_227_230_231_233_234_235_237_241_242_244_251_254  1.10e+08  8.35e+07 -43929.29  -3789.24  12576.70    578.99     74.08    184.93   -538.02  -6178.44      0.00 0
106429 5626.0    0_1_2_3_4_5_6_8_9_10_11_12_13_15_16_17_18_20_21_23_24_25_26_28_29_32_33_34_35_37_38_40_41_44_45_48_49_50_52_53_55_58_59_62_63_66_67_70_71_72_74_75_76_78_79_82_83_85_86_88_89_91_94_95_98_99_100_102_103_106_107_110_111_114_120_121_124_125_132_133_134_136_143_145_146_151_154_164_165_170_175_178_187_193_194_208_209_215_221_222_236_239  7.41e+08  5.85e+08 -55373.31  -8196.57  13046.78    633.53     76.88    188.42   2383.25  -1119.13      0.00 0
106430 5626.0    91_102_110_116_117_120_128_129_136_140_141_145_148_151_157_158_161_162_167_168_172_173_175_181_182_184_190_191_196_197_198_199_200_205_206_211_212_213_214_217_218_219_220_223_224_226_227_230_231_233_234_235_237_238_241_242_243_244_246_248_249_250_251_252_253_254_255_256_257_258_259_260_261_263_264_265_266_267_268_269_270_271_272_273_274_275_276_277_278_279_280_281_282_283_284_285_286_287_288_289_290_291_292_293_294_295_296_298  3.55e+08  2.72e+08 177384.84 -42684.57  15577.17    617.87     85.12    346.47  -1444.41  -7764.52      0.00 0
106431 5626.0    200_205_211_213_219_223_226_227_230_231_234_237_238_242_246_249_250_252_253_254_257_258_260_261_263_264_266_267_269_270_271_273_274_275_276_277_278_279_280_281_283_284_285_286_287_288_289_290_291_292_293_294_295_296_297_298  1.35e+08  9.96e+07 190039.77 -51989.00  15506.03    606.84     85.50    344.70  -3271.97 -11037.64      0.00 0
106432 5626.0    95_99_100_114_121_125_126_133_134_143_146_152_154_155_164_165  2.40e+08  1.87e+08  -5242.25 -22688.60   9860.49    624.67     67.05    256.99   4370.25   -568.50      0.00 0
106433 5626.0    86_95_99_100_107_111_114_121_125_126_129_133_134_137_141_143_146_147_152_154_155_158_162_164_165_168_170_173_176_177_178_179_185_187_188_191_193_194_197_199_202_203_206_208_209_210_212_214_215_216_218_220_221_222_224_227_228_229_231_232_233_235_236_238_239_240_241_243_244_245_246_247_248_250_251_253_255_256_258_259_260_261_262_264_265_267_268_270_271_272_274_275_277_279_281_282_284_286_287_289_291_293_294_295_297_298  1.66e+08  1.25e+08 -48813.05 -129179.98  15392.21    649.72     83.64    249.30   6267.83  -2427.23      0.00 0
106434 5626.0    96_100_114_122_126_133_134_138_143_147_153_154_155_163_164_165_170_174_177_179_186_188  1.41e+08  1.10e+08  -3886.56  35430.80  11040.27    679.64     72.79     96.26   4440.44   3614.87      0.00 0
106435 5626.0    137_141_146_152_154_162_168_173_176_178_185_191_197_199_203_212_214_218_220_224_231_235_238  4.37e+08  3.51e+08 -14074.31 -23248.60  10296.41    641.77     69.25    238.81   3509.76  -5163.87      0.00 0
106436 5626.0    93_97_119_123_135_144_150_160_171  7.94e+08  6.44e+08   1746.58 -21153.64   9370.47    648.72     66.18    274.72  -3898.08   3846.32      0.00 0
106437 5626.0    2_3_5_8_9_12_13_16_17_20_21_25_26_28_29_32_33_35_38_40_41_44_45_49_50_52_53_55_58_59_62_63_66_67_71_72_75_76_78_79_82_83_86_88_89_91_95_99_100_102_103_106_107_110_111_114_116_117_120_121_125_126_128_129_133_134_136_137_140_143_146_151_152_154_155_157_161_164_165_167_170_172_175_178_184_187_188_193_194_198_208_209_210_215_216_217_221_222_236_239_240  1.74e+08  1.33e+08  61887.63  25812.04  13898.58    607.38     78.29     22.64   5136.22   -445.26      0.00 0
106438 5626.0    0_1_2_3_4_5_6_7_8_9_10_12_13_14_17_18_20_21_22_25_26_28_29_30_33_34_35_36_38_40_41_42_44_45_46_49_50_53_54_55_56_59_60_63_64_66_67_68_71_72_75_76_78_79_80_83_84_86_89_90_91_95_96_99_100_102_103_104_107_108_111_112_114_116_117_118_121_122_125_126_128_129_130_133_134_137_138_141_142_143_146_147_148_152_153_154_155_157_158_159_162_163_168_169_173_174_177_181_182_185_186_190_191_192_197_199_200_205_206_207_212_213_214_220_224_226_227_230_231_235_238_243_246_249_250_252_253_258_260_261_264_266_267_270_274_275_276_277_280_281_284_286_287_288_289_290_291_293_294_295_296_297_298  5.01e+08  3.95e+08 -13244.04 -93998.18  14933.01    616.48     81.06    261.98   1106.09  -7750.82      0.00 0
106439 5626.0    122_126_138_147_153_155_165_177_179_188_194_208_210_216_222_236_240  5.25e+08  4.21e+08  21151.76 -13201.70  10109.26    623.98     67.93    328.03   6054.68   1615.61      0.00 0
106440 5626.0    152_162_173_185_199_212_218_220_224_235_241_243_244_255_259_264_271_279  1.00e+08  7.49e+07  -3121.23  27100.32  10509.86    613.57     68.93     96.57   4393.14  -6618.57      0.00 0
106441 5626.0    103_117_129_148_158_181_182_191_200_205_206_226_227_230_246_249_260_261_266_275_276  7.24e+08  5.84e+08   6749.33  25241.69  10045.48    657.80     68.97     75.03     22.65  -7091.39      0.00 0
106442 5626.0    14_19_27_30_31_36_39_42_43_46_51_56_57_61_65_68_73_77_80_81_87_93_101_105_109_119_123_144  4.57e+08  3.63e+08  24691.95    862.26  10289.59    594.70     67.39      2.00  -1988.35   2152.06      0.00 0
106443 5626.0    157_167_172_181_182_190_196_198_200_205_206_211_213_217_219_223_226_227_230_234_237  2.95e+08  2.30e+08  28877.38  -4156.15  10728.50    617.39     69.81    351.81  -2519.19  -6380.45      0.00 0
106444 5626.0    243_244_255_256_258_259_264_270_271_274_279_284  6.76e+08  5.47e+08 -12719.06 -15029.68   8964.60    671.40     65.52    229.76   4224.42  -8646.64      0.00 0
106445 5626.0    238_243_244_246_250_253_255_256_258_259_260_261_264_266_267_268_270_271_272_274_275_276_277_279_280_281_282_283_284_286_287_288_289_290_291_292_293_294_295_296  2.09e+08  1.59e+08  48590.37  18632.64  13100.61    591.66     75.87     20.98   3026.97  -9545.62      0.00 0
106446 5626.0    0_1_2_3_4_5_6_7_9_10_11_12_13_14_15_17_18_19_21_22_25_26_27_29_30_31_33_34_36_38_39_41_42_43_46_49_50_51_53_54_56_57_59_60_61_63_64_65_68_71_72_75_76_77_80_81_83_84_86_87_89_90_92_95_96_99_100_101_104_105_107_108_109_112_114_115_118_119_121_122_125_126_127_130_133_134_135_137_138_139_143_146_149_150_152_154_156_159_160_162_164_166_171_176_178_180_183_185_187_189_195_201_202_203_204_209_218_228_229_232_233_245_247_248_251_262_265_268_282  1.07e+08  7.94e+07 -51190.57  56872.84  14098.90    639.18     79.56    131.99  -1617.06   4582.71      0.00 0
106447 5626.0    0_1_2_3_4_5_6_7_8_9_10_11_12_13_14_15_16_17_18_19_20_21_22_23_24_25_26_27_28_29_30_31_32_33_34_35_36_37_38_39_40_41_42_43_44_45_46_47_48_49_50_51_52_53_54_55_56_57_58_59_60_61_62_63_64_65_66_67_68_69_70_71_72_73_74_75_76_77_78_79_80_81_82_83_84_85_86_87_88_89_90_91_92_93_94_95_96_97_98_99_100_101_102_103_104_105_106_107_108_109_110_111_112_113_114_115_116_117_118_119_120_122_123_124_126_127_128_129_130_131_132_134_135_136_138_139_140_141_142_144_145_147_148_149_150_151_153_155_156_157_158_159_160_161_163_166_167_168_169_171_172_174_175_177_179_180_181_182_183_184_186_189_190_191_192_195_196_198_200_201_204_205_206_207_211_213_217_219_223_225_226_227_230_234_237_242_246_249_252_254_257_260_263_266_269_273_276_278_280_283_285_288_290_292_296  3.63e+08  2.79e+08 -78677.50 -172642.00  15231.55    649.36     85.41    245.50  -1558.53  -1747.01      0.00 0
106448 5626.0    0_3_4_6_7_9_10_12_14_17_18_21_22_25_26_27_30_33_34_36_38_42_43_46_49_50_53_54_56_59_60_64_65_68_77_80_84_90_92_101_104_115_118_149_156  1.32e+08  1.01e+08  -8902.07  24471.52  10425.96    601.92     68.18    109.99    503.38   1894.07      0.00 0
106449 5626.0    5_8_9_13_17_20_21_25_28_29_33_35_38_40_41_44_45_49_52_53_55_59_62_63_66_67_71_75_78_79_82_83_86_88_89_95_99_107_114_121_125_133_143_146_154_164_170_187_193_215_221  1.17e+08  8.94e+07  33562.55   4752.75  11440.67    596.79     71.35      8.06   2730.39  -1529.60      0.00 0
106450 5626.0    0_1_2_3_4_5_6_7_8_9_10_11_12_13_14_15_16_17_18_19_21_23_24_25_26_27_29_31_33_37_38_39_41_47_49_51_53_57_59_61_73_75_81_83_93  2.19e+08  1.69e+08 -20882.70  13221.91  10323.94    590.33     67.33    147.66   -152.59    183.98      0.00 0
106451 5626.0    0_3_4_6_9_10_12_14_17_18_21_22_25_26_29_30_33_34_36_38_41_42_45_46_49_50_53_54_56_59_60_63_64_67_68_71_72_75_76_77_80_83_84_86_89_90_92_95_96_99_100_103_104_107_108_111_112_114_115_118_121_122_125_126_129_130_133_134_137_138_141_142_143_146_147_149_152_153_154_155_156_159_162_163_164_165_168_169_170_173_174_176_177_178_179_180_183_185_186_187_188_191_192_193_194_197_199_201_202_203_204_207_208_209_210_212_214_215_216_218_220_221_222_224_225_228_229_232_233_235_238_239_241_243_244_245_247_248_251_253_255_256_258_259_262_264_265_268_270_271_272_274_279_282_284  4.27e+08  3.28e+08 -26955.09 125413.86  15500.61    626.04     83.11    102.13   3709.42    808.02      0.00 0
106452 5626.0    1_6_7_11_15_19_23_24_31_37_47_51_57_69_70_73_81_85_93_97_113_123_131  9.77e+08  7.82e+08 -24023.40   2482.58  10013.69    621.34     67.48    174.10  -3186.59    814.51      0.00 0
106453 5626.0    114_134_143_164_165_170_193_194_208_221_222_236  3.02e+08  2.39e+08 -21081.51   2584.75   9465.26    635.06     65.98    173.01   6465.18    -61.84      0.00 0
106454 5626.0    154_164_170_176_178_185_187_193_194_202_203_208_209_215_218_221_224_228_229_232_233_239_241_244_245_247_248_251_255_256_259_262_265_268_271_272_279_282  4.47e+08  3.54e+08  -2677.98 -45342.84  12119.78    654.28     75.06    266.62   6285.24  -6677.79      0.00 0
106455 5626.0    0_1_2_3_4_5_6_7_8_9_11_13_15_16_19_20_21_23_24_27_28_29_31_35_40_41_44_45_55_67_78_79_89_91_103  4.37e+08  3.51e+08  -7927.60  19195.75   9381.63    635.92     65.69    112.44    -93.55  -1165.32      0.00 0
106456 5626.0    11_15_16_20_23_24_28_31_32_37_40_44_47_48_51_52_57_58_61_62_66_69_70_73_74_78_81_82_85_87_88_93_94_97_98_102_105_106_109_110_113_116_119_120_123_124_128_131_132_135_136_139_140_144_145_148_150_151_157_160_161_167_171_172_181_184_190_196_198_200_205_211_213_219_223_226_227_230_234_237_242_246_249_252_257_260_261_266_269_273_275_276_280_283_286_287_288_290_293_294_296_297_298  1.10e+08  8.17e+07 -10762.10  63093.50  13943.60    581.60     77.71     99.68  -2358.78  -4295.18      0.00 0
106457 5626.0    0_1_2_3_5_8_9_11_13_15_16_17_20_21_23_24_28_29_31_32_33_35_37_40_41_44_45_47_48_52_53_55_58_59_62_63_66_67_69_70_73_74_78_79_82_83_85_88_89_91_94_95_97_98_102_103_106_107_110_111_113_116_117_120_121_123_124_128_129_131_132_136_137_140_141_145_146_148_151_152_157_158_161_162_167_168_173_175_176_181_182_185_190_191_197_199_200_202_203_206_212_214_218_220_224_228_231_233_235_238_241_243_244_248_251_255_256_258_259_262_264_265_268_271_272_274_279_282  2.29e+08  1.75e+08  82717.43 -52231.19  14672.83    659.91     81.47    327.73   5982.11  -7241.19      0.00 0
106458 5626.0    214_220_224_227_231_235_238_241_243_244_246_248_249_250_251_252_253_255_256_258_259_260_261_262_264_265_266_267_268_269_270_271_272_273_274_275_276_277_279_280_281_282_283_284_285_286_287_288_289_290_291_292_293_294_295_296_297  2.24e+08  1.71e+08 -56220.88 -28362.27  13591.56    618.07     77.82    206.77  -1108.12 -10863.39      0.00 0
106459 5626.0    0_1_2_3_4_5_6_7_8_9_10_11_12_13_14_15_16_17_18_19_20_21_22_23_24_25_26_27_28_29_30_31_32_33_34_35_36_37_38_39_40_41_42_43_44_45_46_47_48_49_50_51_52_53_54_55_56_57_59_60_61_63_64_65_67_68_69_70_71_72_73_75_76_77_78_79_80_81_83_84_86_87_89_90_92_93_95_96_97_99_100_101_103_104_105_107_108_109_111_112_114_115_118_119_121_123_125_127_129_130_133_135_137_139_141_144_146_149_150_152_154_156_160_162_164_166_168_171_173_176_178_180_185_187_189_195_199_202_203_204_209_212_218_224_228_229_233_235_241_244_245_248_251_256_259_262_265_268_272_282  2.09e+08  1.60e+08  60407.95 -71660.58  14945.19    610.66     80.94    310.13  -2031.78   3711.49      0.00 0
106460 5626.0    89_95_99_103_107_111_116_117_121_125_129_133_137_141_143_146_148_152_154_157_158_162_164_168_170_173_176_178_181_182_185_187_190_191_193_194_196_197_199_200_202_203_205_206_208_209_212_213_214_215_218_219_220_221_222_224_226_227_230_231_235_236_237_238_242_246_249_250_252_253_254_257_260_261_263_266_267_269_273_275_276_277_278_280_283_285_286_288_290_292_294_296  1.70e+08  1.26e+08 -61432.85 -62079.57  14991.66    580.64     80.26    225.30  -3795.87 -11169.62      0.00 0
106461 5626.0    3_5_8_9_12_13_17_21_25_26_28_29_33_35_38_40_41_44_45_49_50_53_55_59_62_63_66_67_71_72_75_76_78_79_83_86_88_89_91_100_102_103_110_116_128_140_157_167_172_196  4.37e+08  3.43e+08 -21548.10 -23797.61  11116.90    612.79     70.90    227.84     19.21  -2471.77      0.00 0
106462 5626.0    4_6_10_12_14_17_18_22_25_26_27_30_33_34_36_38_42_43_46_49_50_54_56_59_60_64_65_68_71_72_75_76_77_80_83_84_86_90_92_95_96_99_100_101_104_108_112_114_115_118_121_125_127_130_133_134_143_146_149_152_154_156_164_166_176_178_187_189_202_203  6.76e+08  5.39e+08  26274.95 -32656.10  11963.28    634.01     74.07    308.82   2104.90    928.63      0.00 0
106463 5626.0    0_1_2_3_4_5_6_7_8_9_10_11_12_13_14_15_16_17_18_19_20_21_22_23_24_25_26_27_28_29_30_31_32_33_34_35_36_37_38_39_40_41_42_43_44_45_46_47_48_49_50_51_52_53_54_55_56_57_58_59_60_61_62_63_64_65_66_67_68_69_70_71_72_73_74_75_76_77_78_79_80_81_82_83_84_85_86_87_88_89_90_91_92_93_94_95_96_97_98_99_100_101_102_103_104_105_106_107_108_109_110_111_112_113_114_115_118_119_120_121_122_123_124_125_126_127_128_130_131_132_133_134_135_136_137_138_139_140_142_143_144_145_146_147_149_150_151_153_154_155_156_159_160_161_163_164_165_166_169_170_171_174_175_177_178_179_180_183_184_186_187_188_189_192_193_194_195_201_204_207_208_209_210_215_216_221_222_225_236_239_240  4.57e+08  3.51e+08 275359.91  57927.07  13319.08    614.90     87.29     11.88   2995.30   2689.63      0.00 0
106464 5626.0    198_211_213_217_219_223_230_234_237_242_252_254  3.80e+08  2.96e+08  20968.71 -13466.84  10322.50    594.48     67.50    327.29  -4181.76  -6513.71      0.00 0
106465 5626.0    91_102_116_117_128_148_157_158_181_182_191_197_200_206_214_220_227_231_238_253_258  7.08e+08  5.73e+08  17453.76 -20793.21  10420.98    623.45     69.00    310.01    909.57  -6184.42      0.00 0
106466 5626.0    0_1_2_3_4_5_6_7_8_9_10_11_12_13_14_15_16_17_18_19_20_21_22_23_24_25_26_27_28_29_30_31_32_33_34_35_36_37_38_39_40_41_42_43_44_45_46_47_48_49_50_51_52_53_54_55_56_57_58_59_60_61_62_63_64_65_66_67_68_69_70_71_72_73_74_75_76_77_78_79_80_81_82_83_84_85_86_87_88_89_90_91_92_93_94_95_96_97_98_99_100_101_102_103_104_105_106_107_108_109_110_111_112_113_114_115_116_117_118_119_120_121_122_123_124_125_126_127_128_129_130_131_132_133_134_135_136_137_138_140_141_142_143_144_145_146_147_148_149_151_152_153_154_155_156_157_158_159_161_162_163_164_165_167_168_169_170_172_173_174_175_176_177_178_179_181_182_183_184_185_186_187_188_190_191_192_193_194_196_197_198_199_200_202_203_205_206_208_209_210_211_212_213_214_215_216_217_218_219_220_221_222_223_224_226_227_228_229_230_231_232_233_234_236_237_239_240_242_246_247_249_250_252_254_257_260_263_266_269_273_278_280_283_285_292  1.62e+08  1.20e+08 246841.25 172198.81  12509.13    622.81     87.62     34.90   -435.36  -2045.89      0.00 0
106467 5626.0    0_1_2_3_4_5_6_7_8_9_10_11_12_13_14_15_16_17_18_19_20_21_22_23_24_25_26_27_28_29_30_31_32_33_34_35_36_37_38_39_41_43_45_47_48_49_50_51_52_53_54_57_58_59_60_61_63_65_69_70_71_72_73_74_75_76_81_83_85_86_87_93_95_97_98_99_105_113_114_119_123_125_131_133_144_154  5.01e+08  4.01e+08 -42742.98  13362.07  11966.03    668.75     75.04    162.64  -2433.81    780.32      0.00 0
106468 5626.0    0_1_3_4_6_7_10_12_14_15_17_18_19_22_25_26_27_30_31_34_36_38_39_42_43_46_49_50_51_54_57_60_61_71_72_75_76_81_86  1.05e+08  7.95e+07  22681.97  -7134.19  10088.04    603.34     67.01    342.54    775.40    703.75      0.00 0
106469 5626.0    2_5_8_11_13_15_16_20_23_24_28_29_31_32_35_37_40_44_45_47_48_52_55_57_58_62_66_67_69_70_73_74_78_79_81_82_85_88_91_93_94_97_98_102_103_106_110_113_116_117_119_123_128_129_136_140_148_157_158_167_168_181_182_190_191_197_200_205_206_214_220_226_227_231_238_243_246_250_253_258_261_264_267_270_274_277_279_281_284_289_291  4.47e+08  3.57e+08 -24843.87  49439.51  12906.39    646.76     76.87    116.68    832.74  -6435.14      0.00 0
106470 5626.0    0_1_2_3_4_5_6_7_8_9_10_11_12_13_14_15_16_17_18_19_20_21_22_23_24_25_26_27_28_29_30_31_32_33_34_35_36_37_38_39_40_41_42_43_44_45_46_47_48_49_50_51_52_53_54_55_56_57_58_59_60_61_62_63_64_66_67_68_69_70_71_72_73_74_75_76_78_79_81_82_83_84_85_86_88_89_91_93_94_95_96_97_98_99_100_102_103_106_107_108_110_111_113_114_116_117_120_121_122_123_124_125_126_128_129_131_132_133_134_136_137_140_141_143_145_146_147_148_151_152_154_155_157_158_161_162_164_165_167_168_170_172_173_175_176_178_179_181_182_184_185_187_188_190_191_193_194_196_197_198_199_200_202_203_205_206_208_209_210_211_212_213_214_215_216_217_218_219_221_222_223_224_228_229_232_233_234_236_239_240_241_245_247_248_251_262_265  2.24e+08  1.70e+08 -185545.89 -22552.10  15169.87    660.73     85.36    186.93  -4111.84  -2918.89      0.00 0
106471 5626.0    82_88_94_98_102_106_110_116_120_124_128_132_136_140_145_151  9.55e+08  7.75e+08 -20545.06  16768.09   9920.40    685.20     69.49    140.78  -3423.14  -2260.25      0.00 0
106472 5626.0    42_43_46_54_56_60_64_65_68_77_80_84_87_90_92_96_100_101_104_108_109_112_115_118_122_126_127_130_134_135_138_139_142_147_149_155_156_159_160_166_171_189_195  6.76e+08  5.42e+08 -34724.15  15649.38  11702.74    620.33     72.92    155.74   -250.22   3841.91      0.00 0
106473 5626.0    202_203_209_218_224_228_229_233_241_244_245_248_251_255_256_259_264_265_268_271_272_279_282  1.12e+08  8.31e+07  -2239.84 -50691.70  13028.12    588.89     75.60    267.47   5941.11 -10841.74      0.00 0
106474 5626.0    22_34_42_46_50_54_56_60_64_68_71_72_76_80_84_86_90_92_96_99_100_101_104_108_112_114_115_118_122_126_127_130_133_134_138_142_143_147_149_153_154_155_156_159_164_165_170_178_179_187_188_193_194_208_209_215_221_222_229_232_236_239_247  4.79e+08  3.81e+08  39024.67 -30908.40  12661.53    626.94     75.73    321.62   4955.64    416.07      0.00 0
106475 5626.0    0_1_2_3_4_5_6_7_8_9_10_11_12_13_14_15_16_17_21_28_29_33_35_41_44_45_53_55_63_67_78_79_89_91_103_111_117_129  1.91e+08  1.50e+08  -8046.46  21260.68   9467.24    670.48     67.39    110.73    621.73  -1872.17      0.00 0
106476 5626.0    196_200_205_206_211_213_214_219_223_226_227_230_231_234_237_238_242_243_246_249_250_252_253_254_255_257_258_259_260_261_263_264_266_267_269_270_271_273_274_275_276_277_278_279_280_281_283_284_285_286_287_288_289_290_291_292_293_294_295_296_297_298  3.39e+08  2.63e+08 -112933.84  27676.52  15452.53    612.03     82.43    166.23   3169.13 -10871.66      0.00 0
106477 5626.0    191_197_199_200_205_206_212_214_218_220_224_226_227_230_231_233_235_237_238_241_243_244_246_248_249_250_251_252_253_255_256_257_258_259_260_261_262_263_264_265_266_267_268_269_270_271_272_273_276_278_280_282_283  4.47e+08  3.50e+08 -44892.36 -13382.99  12639.68    599.91     74.90    196.60   2731.35  -7560.03      0.00 0
106478 5626.0    0_1_2_3_4_5_6_7_8_9_10_11_12_13_14_15_16_17_18_19_20_21_22_23_24_25_26_27_28_29_30_31_32_33_34_35_36_37_38_39_40_41_42_43_44_45_46_47_48_49_50_51_52_53_54_55_56_57_58_59_60_61_62_63_64_65_66_67_68_69_70_73_74_77_78_79_80_81_82_83_84_85_87_88_89_90_91_92_93_94_97_98_101_102_103_104_105_106_107_109_110_111_113_115_116_117_118_119_120_123_124_127_128_129_130_131_132_135_136_139_140_141_144_145_148_149_150_151_156_157_158_159_160_161_166_167_168_171_172_175_180_181_182_183_184_189_190_191_192_195_196_197_198_200_201_204_205_206_207_211_213_214_217_219_220_223_225_226_227_230_231_234_237_238_242_246_249_250_252_253_254_257_258_260_261_263_266_267_269_270_273_275_276_277_278_280_281_283_284_285_286_287_288_289_290_291_292_293_294_295_296_297_298  2.34e+08  1.77e+08  16011.05 -145491.92  15616.63    627.18     83.91    276.28   -999.49  -6955.99      0.00 0
106479 5626.0    116_117_128_129_140_141_148_157_158_161_162_167_168_172_173_181_182_184_185_190_191_196_197_198_199_200_203_205_206_211_212_213_214_217_218_219_220_223_224_226_227_230_231_233_234_235_237_241_242_244_248_251_254  3.55e+08  2.79e+08 -48404.82  -4686.44  12350.74    657.66     75.75    185.53  -1461.18  -6087.75      0.00 0
106480 5626.0    1_2_5_7_8_11_13_15_16_19_20_23_24_27_28_31_32_35_37_39_40_43_44_47_48_51_52_55_57_58_61_62_65_66_69_70_73_74_77_78_81_82_85_87_88_91_93_94_97_98_101_102_105_106_109_110_113_116_117_119_120_123_124_127_128_131_132_135_136_139_140_144_145_148_150_151_156_157_160_161_166_167_171_172_175_181_182_184_189_190_195_196_198_200_205_211_213_217_219_223_226_227_230_234_237_242_246_249_250_252_257_260_261_263_266_269_273_275_276_277_280_283_286_287_288_290_293_294_295_296_297_298  9.77e+08  7.87e+08 -16494.55  85897.17  14307.52    666.94     80.71    100.87  -3564.24   2391.17      0.00 0
106481 5626.0    218_224_228_233_235_241_243_244_245_248_251_255_256_262_265  2.04e+08  1.58e+08 -19754.32 -12267.30  10353.07    558.50     66.00    211.84   5591.08  -6083.83      0.00 0
106482 5626.0    270_271_274_279_281_284  2.51e+08  1.95e+08  21951.29   3049.90   9774.68    612.13     66.20      7.91   4869.45  -9815.36      0.00 0
106483 5626.0    37_48_52_58_62_69_70_73_74_82_85_88_93_94_97_98_102_106_110_113_119_120_123_124_128_131_132_136_140_144_145_150_151_157_161_167_172_175_181_184_190_196_198_205_211_213_219_226_230_237_249_252_266  8.51e+08  6.78e+08  17909.05 -51197.50  13001.71    624.10     76.52    289.28  -4117.29   -622.92      0.00 0
106484 5626.0    20_32_37_40_44_48_52_58_62_66_69_70_74_78_82_85_88_91_94_97_98_102_106_110_113_116_117_120_123_124_128_131_132_136_140_144_145_148_151_157_158_161_167_172_181_182_190_191_196_200_205_206_213_214_226_227_231_238_246_250_253_258_261_267_270_274_281_284_291  1.20e+08  8.97e+07 -31071.11  43737.46  13277.16    583.91     76.10    125.39  -1380.66  -4151.86      0.00 0
106485 5626.0    89_95_99_103_107_111_116_117_121_125_129_133_137_141_143_146_148_152_154_157_158_162_164_168_170_173_176_178_181_182_185_187_190_191_193_194_196_197_199_200_202_203_205_206_208_209_212_213_214_215_218_219_220_221_222_224_226_227_229_230_231_232_236_237_238_239_240_242_246_249_250_252_253_254_257_260_261_263_266_269_273_275_276_278_280_283_285_288_290_292_296  3.98e+08  3.07e+08  52696.34  48917.08  14158.60    605.08     78.86     42.87    329.45  -6774.89      0.00 0
106486 5626.0    76_84_86_96_99_100_108_112_114_122_125_126_130_133_134_138_142_143_146_147_153_154_155_159_163_164_165_169_170_174_176_177_178_179_183_186_187_188_192_193_194_201_202_203_207_208_209_210_215_216_221_222_225_228_229_232_233_236_239_240_245_247_248_251_262_265_268_282  3.16e+08  2.44e+08 -38887.75  86126.80  14831.96    627.48     81.08    114.30   4276.26   4173.95      0.00 0
106487 5626.0    0_2_3_5_8_9_12_13_16_17_20_21_24_25_26_28_29_32_33_35_38_40_41_44_45_48_49_52_53_55_58_59_62_63_66_67_71_72_74_75_78_79_82_83_86_89_95_99_107_114_121_125_133_143_146_154_164_170_178_187_193_208_209_215_221_232_239  3.24e+08  2.50e+08 -39999.35    642.33  11956.28    611.18     73.36    179.08   3757.41  -1441.04      0.00 0
106488 5626.0    0_1_2_3_4_5_6_7_8_9_10_11_12_13_14_15_16_17_18_19_20_21_22_23_24_25_26_27_28_29_30_31_32_33_34_35_36_37_38_39_41_42_43_45_46_47_48_49_50_51_53_54_56_57_59_60_61_63_64_65_67_68_69_70_71_72_73_75_76_77_80_81_83_84_85_86_87_89_90_92_93_95_96_97_99_100_101_105_107_108_109_114_119_121_123_125_126_127_131_133_134_135_137_139_143_144_146_150_152_154_160_164_165_170_176_178_185_187_193_194_202_203_208_209_215_221_228_229_232_236_239_245_247_248_262  6.92e+08  5.48e+08  71307.77 -33996.79  14270.81    630.32     79.76    334.51   4737.29  -1296.85      0.00 0
106489 5626.0    0_1_2_3_4_5_6_7_8_9_10_11_12_14_15_16_17_18_19_21_22_23_24_25_26_27_30_31_33_34_36_37_38_39_42_43_46_47_49_50_51_53_54_56_57_59_60_61_64_65_68_69_71_72_73_75_76_77_80_81_84_85_86_87_90_92_93_95_96_97_99_100_101_104_105_108_109_112_114_115_119_122_123_125_126_127_131_133_134_135_138_139_143_144_147_150_154_155_160_164_165_170_179_187_188_193_194_208_209_210_215_216_221_222_232_236_239_240  5.89e+08  4.68e+08 -67721.66  16897.46  13820.35    635.25     78.80    165.99   3445.06    793.23      0.00 0
106490 5626.0    75_86_95_99_100_107_111_114_121_125_126_129_133_134_137_141_143_146_147_152_154_155_158_162_164_165_168_170_173_176_177_178_179_182_185_187_188_191_193_194_197_199_200_202_203_206_208_209_210_212_214_215_216_218_220_221_222_224_226_227_228_229_231_232_233_235_236_238_239_240_241_243_244_245_246_247_248_249_250_251_253_255_256_258_259_260_261_264_266_267_268_270_271_272_274_275_276_277_279_280_281_284_286_287_288_289_290_291_293_294_295_296_297_298  2.40e+08  1.83e+08  49032.68  94714.98  15065.21    636.88     81.96     62.63   4380.68  -4606.99      0.00 0
106491 5626.0    4_6_7_10_12_14_17_18_19_22_25_26_27_30_33_34_36_38_39_42_43_46_49_50_51_54_56_59_60_61_64_65_68_71_72_75_76_77_80_81_84_86_87_90_92_95_96_99_100_101_104_105_108_109_112_114_115_118_119_122_125_126_127_130_133_134_135_138_139_142_143_146_147_149_150_153_154_155_156_159_160_163_164_165_166_169_170_171_174_177_178_179_180_183_186_187_188_189_192_193_194_195_201_202_204_207_208_209_210_215_216_221_222_225_229_232_236_239_240_245_247_262  7.41e+08  5.80e+08 132405.36 -91476.82  15269.25    670.47     84.58    325.36    839.47   4847.66      0.00 0
106492 5626.0    226_227_230_231_237_238_243_246_249_250_252_253_255_257_258_259_260_261_263_264_266_267_269_270_271_272_273_274_275_276_277_278_279_280_281_283_284_285_286_287_288_289_290_291_292_293_294_295_296_297_298  3.80e+08  2.91e+08  96872.55   2722.80  14690.98    654.26     81.38      1.61   6073.27 -10503.67      0.00 0
106493 5626.0    3_9_12_17_18_21_25_26_29_33_34_35_38_41_45_49_50_53_54_55_59_60_63_67_71_72_75_76_79_83_84_86_89_91_95_96_99_100_103_107_108_111_117_122_129_148  9.77e+08  7.88e+08  11305.73  26647.57  10472.85    649.60     70.11     67.01   1787.01  -1143.00      0.00 0
106494 5626.0    125_133_134_143_146_152_154_155_164_165_170_176_178_179_185_187_188_193_194_199_202_203_208_209_210_215_216_218_221_222_236_240  2.69e+08  2.13e+08 -11991.89 -37575.56  11698.44    639.02     73.48    252.30   6289.09    543.56      0.00 0
106495 5626.0    181_190_196_200_205_206_211_213_219_223_226_227_230_231_234_237_238_242_243_246_249_250_252_253_258_260_261_264_266_267_270_271_274_275_277_279_281_284_289_291  1.91e+08  1.48e+08  43457.83 -24128.75  12236.79    685.90     76.17    330.96   3442.06 -10203.15      0.00 0
106496 5626.0    237_242_249_252_257_263_266_269_273_278  1.07e+08  8.13e+07 -22151.05  -1234.56   9919.38    592.88     65.91    183.19  -3459.69  -8977.73      0.00 0
106497 5626.0    181_182_190_196_200_205_206_211_213_219_223_226_227_230_234_237_242_254  9.33e+08  7.53e+08 -27257.94  -2035.18  10339.49    638.56     69.28    184.27  -2455.36  -7106.67      0.00 0
106498 5626.0    19_27_36_39_43_46_51_56_57_61_65_68_73_77_80_81_87_92_93_97_101_104_105_109_119_123_131_135_144  1.48e+08  1.13e+08  30673.06   8184.40  11248.16    589.85     70.49     14.94  -3071.22   2054.96      0.00 0
106499 5626.0    107_111_117_121_129_137_141_148_152_158_162_168_173_181_182_190_191_197_200_205_206_213_226_227_230_237_249_252  5.89e+08  4.71e+08 -22387.21 -21423.60  10991.13    611.95     70.47    223.74    831.04  -5710.08      0.00 0
