#event_number primary_type du_ids energy_primary em_energy Xmax_pos(x, y, z), Xmax_grams zenith azimuth shower_core_pos_x shower_core_pos_y shower_core_pos_z, N_tested_cores, units are degrees, GeV and meters
3100 14.0      173_176_185_197_199_203_212_214_218_220_224_235_238_243_253_258  8.71e+10  8.04e+10   8927.43  14237.06   6857.81    992.91     67.80     57.91   3832.78  -6166.58      0.00 0
3101 14.0      96_100_108_112_114_122_126_130_134_138_142_143_147_153_155_159_163_165_169_174_192_207  6.76e+09  6.27e+09  11466.10 -21710.65   8511.65    897.23     70.88    297.84   3088.96   3470.39      0.00 0
3102 14.0      226_227_246_249_250_253_260_261_267_270_274_275_277_281_284_289_291  8.91e+09  7.85e+09  22222.06 -16222.44   9489.74    780.71     70.97    323.87   2669.26 -10667.42      0.00 0
3103 14.0      110_120_124_128_136_140_145_148_151_157_161_167_172_175_181_182_184_190_196_198_200_205_206_211_213_214_217_219_223_226_227_230_231_234_237_238_242_246_249_250_252_253_254_257_258_260_261_266_267_269_270_274_275_276_277_279_280_281_284_286_287_289_291_293_295  6.76e+09  6.20e+09 -46639.13  43294.27  11978.23    876.81     79.34    137.13   -247.70  -8396.05      0.00 0
3104 14.0      0_1_2_3_4_5_6_7_8_9_10_11_12_13_14_15_16_17_18_19_20_21_22_23_24_25_26_27_28_29_30_31_32_33_34_35_36_37_38_39_40_41_43_44_45_46_47_48_49_51_52_53_55_56_57_58_59_61_62_63_65_66_67_69_70_71_73_74_75_77_78_79_81_82_83_85_87_88_89_91_93_94_95_97_98_101_102_103_105_106_107_109_110_111_113_116_117_119_120_121_123_124_125_128_129_131_132_135_136_137_139_140_141_144_145_146_148_150_151_152_157_158_160_161_162_167_168_171_172_173_176_181_182_185_190_191_196_197_199_200_203_205_206_212_214_218_220_224_226_227_231_233_235_238_241_243_244_246_248_250_251_253_255_256_258_259_264_265_267_268_270_271_272_274_279_281_282_284_291  5.89e+09  5.11e+09  80925.53 -89499.25  13918.26    838.29     83.42    312.12   2776.30  -6097.85      0.00 0
3105 14.0      0_1_2_3_4_5_6_7_8_9_10_11_12_13_14_15_16_17_18_19_20_21_22_23_24_25_26_27_28_29_30_31_32_33_34_35_36_37_38_39_40_41_42_43_44_45_46_47_48_49_50_51_52_53_54_55_56_57_58_59_60_61_62_63_64_65_66_67_68_69_70_71_72_73_74_75_76_77_78_79_80_81_82_83_84_85_86_87_88_89_90_91_92_93_94_95_96_97_98_99_100_101_102_103_104_105_106_107_108_109_110_111_112_113_114_115_116_117_118_119_120_121_123_124_125_127_128_129_130_131_132_133_135_136_137_139_140_141_144_145_146_148_149_150_151_152_154_156_157_158_159_160_161_162_166_167_168_171_172_173_175_176_178_180_181_182_183_184_185_189_190_191_195_196_197_198_199_200_201_202_203_204_205_206_211_212_213_214_217_218_219_220_223_224_225_226_227_228_230_231_233_234_235_237_238_241_242_243_244_246_248_249_250_251_252_253_255_256_257_258_259_260_261_264_265_266_267_268_269_270_271_272_274_275_276_277_279_280_281_282_284_286_287_288_289_291_293_294_295_297_298  3.63e+10  3.19e+10 -103115.80 188735.69  13455.53    836.28     86.42    118.65  -1604.85   -332.01      0.00 0
3106 14.0      161_167_172_181_184_190_196_198_200_205_211_213_217_219_223_226_227_230_231_234_237_242_246_249_250_252_253_257_258_260_261_266_267_269_270_274_275_276_277_280_281_284_286_287_289_291_293_295  1.82e+09  1.60e+09  39926.07 -34378.22  11728.74    802.03     77.45    319.27   2023.30 -10816.48      0.00 0
3107 14.0      0_1_2_5_6_7_8_11_13_15_16_19_20_23_24_27_28_31_32_35_37_39_40_43_44_47_48_51_52_55_57_58_61_62_65_66_69_70_73_74_77_78_81_82_85_87_88_91_93_94_97_98_101_102_105_106_109_110_113_115_116_119_120_123_124_127_128_131_132_135_136_139_140_144_145_148_150_151_156_157_160_161_166_167_171_172_175_181_184_189_190_195_196_198_200_204_205_211_213_217_219_223_226_227_230_234_237_242_246_249_252_254_257_260_261_263_266_269_273_275_276_278_280_283_285_286_287_288_290_292_293_294_296_297_298  1.45e+10  1.29e+10 -11491.29  95377.63  13433.01    839.72     82.04     96.87  -3914.58   4731.96      0.00 0
3108 14.0      233_241_244_245_248_251_255_256_259_262_265_268_271_272  1.70e+10  1.55e+10 -12272.01 -12968.21   7778.10    826.38     66.46    226.58   6494.36  -6393.49      0.00 0
3109 14.0      45_55_67_78_79_91_102_103_110_116_117_128_140_148_157_167_172_181_190_196_198_205_211_213_219_223_230_234_237_242_254_257_263_273_278_285  5.37e+10  4.86e+10 -22530.61 -27478.06   9994.88    859.70     74.29    230.65  -3612.18  -7477.40      0.00 0
3110 14.0      0_1_2_3_4_5_6_7_8_9_10_11_12_13_14_15_16_17_18_19_20_21_22_23_24_25_26_27_28_29_30_31_32_33_34_35_36_37_38_39_40_41_42_43_44_45_46_47_48_49_50_51_52_53_54_55_56_57_58_59_60_61_62_63_64_65_66_67_68_69_70_71_72_73_74_75_76_77_78_79_80_81_82_83_84_85_86_87_88_89_90_91_92_93_94_95_96_97_98_99_100_101_102_103_104_105_106_107_108_109_110_111_112_113_114_115_116_118_119_120_121_122_123_124_125_126_127_128_130_131_132_133_134_135_136_138_140_142_143_144_145_146_147_150_151_153_154_155_159_161_163_164_165_169_170_172_174_175_177_179_184_186_187_188_193_194_198_208_210_215_216_217_221_222_236_239_240  9.12e+10  8.26e+10 139288.25  44452.57  13537.72    935.93     84.71     17.70   -743.36    127.23      0.00 0
3111 14.0      121_125_137_146_152_154_162_173_176_185_197_199_203_212_218_220_224_235_238_241_243_244_255_258_259_264_270_271_274_279_284_291  9.77e+10  8.89e+10  -1987.28 -33548.64   9916.71    835.52     73.56    266.61   4010.96  -8001.16      0.00 0
3112 14.0      55_63_67_78_79_83_89_91_95_102_103_107_110_111_116_117_121_125_128_129_133_136_137_140_141_146_148_152_154_157_158_161_162_164_167_168_172_173_176_178_181_182_184_185_187_190_191_193_196_197_198_199_200_202_203_205_206_208_209_211_212_213_214_215_217_218_219_220_221_223_224_226_227_228_229_230_231_232_233_234_235_236_237_238_239_241_242_243_244_245_246_247_248_249_250_251_252_253_254_255_256_257_258_259_260_261_262_263_264_265_266_267_268_269_270_271_272_273_274_275_276_277_278_279_280_281_282_283_284_285_286_287_288_289_290_291_292_293_294_295_296_297_298  6.61e+10  6.01e+10 210299.55  74058.16  13402.40    819.22     86.56     19.40   1408.89  -7585.69      0.00 0
3113 14.0      0_1_2_3_4_5_6_7_8_9_10_11_12_13_14_15_16_17_18_19_20_21_22_23_24_25_26_27_28_29_30_31_32_33_34_35_37_38_39_40_41_44_45_47_48_49_50_51_52_53_55_57_58_59_61_62_63_66_67_69_70_71_72_73_74_75_78_79_81_82_83_85_86_88_89_91_93_94_95_97_98_99_102_103_105_106_107_110_111_113_116_117_119_120_121_123_124_125_128_129_131_132_133_136_137_141_144_145_146_148_152_154_158_162_164_168_173_176_178_185_187_197_199_202_203_209_212_215_218_224_228_229_232_233_235_241_244_245_247_248_251_256_259_262_265_268_272_282  1.38e+09  1.21e+09 -82192.68  38904.97  14126.29    707.75     81.17    154.67   3651.67  -3474.55      0.00 0
3114 14.0      57_69_73_81_85_93_97_98_105_109_113_119_123_131_135_139_144_150_160_166_171_195  2.88e+10  2.60e+10   3308.97  22737.75   8444.88    862.76     69.82     81.72  -3160.19   2852.55      0.00 0
3115 14.0      10_12_18_22_25_26_30_34_36_38_42_43_46_49_50_54_56_59_60_64_68_71_72_75_76_77_80_84_86_90_92_95_96_99_100_101_104_108_112_114_115_118_121_122_125_126_127_130_133_134_138_142_143_146_147_149_152_153_154_155_156_159_163_164_165_166_169_170_174_176_177_178_179_180_183_185_186_187_188_189_192_193_194_195_201_202_203_204_207_208_209_210_215_216_221_222_225_228_229_232_233_236_239_240_245_247_248_251_262_265_268_282  5.25e+10  4.64e+10 -69821.52  89110.72  14120.71    787.56     82.89    128.08   4798.89   1204.27      0.00 0
3116 14.0      75_86_95_99_100_107_111_114_121_125_126_129_133_134_137_141_143_146_147_152_154_155_162_164_165_168_170_173_176_177_178_179_185_187_188_191_193_194_197_199_202_203_206_208_209_210_212_214_215_216_218_220_224_227_231_233_235_238_241_243_244_250_253_255_258_261_264_267_270_274_277_281_284_287_289_291_293_295_298  7.41e+10  6.79e+10 -14486.25 -48407.96  11313.10    850.36     77.38    253.34   3814.58  -4498.88      0.00 0
3117 14.0      2_5_8_11_13_16_20_23_24_28_29_32_35_37_40_41_44_45_47_48_52_55_58_62_66_67_69_70_74_78_79_82_88_89_91_102_103_111_117_129_158_168  6.92e+09  6.09e+09  14061.77 -18206.94   8812.33    790.02     69.04    307.68   -175.09  -2372.17      0.00 0
3118 14.0      0_3_4_5_6_9_10_12_14_17_18_21_22_25_26_27_29_30_33_34_36_38_41_42_43_46_49_50_53_54_56_59_60_63_64_67_68_71_72_75_76_77_80_83_84_86_89_90_92_95_99_100_104_107_111_114_121_125_133_137_141_146_152_154_162_168_173_176_178_185_197_199_202_203_212_218_220_224_228_233_235_241_243_244_248_251_255_256_259_264_265_268_271_272_279_282  2.51e+09  2.23e+09 -28363.47  50357.59  12158.45    784.78     78.12    119.39   5601.45  -6711.17      0.00 0
3119 14.0      0_1_2_3_4_5_6_7_8_9_10_11_12_13_14_15_16_17_18_19_20_21_22_23_24_25_26_27_28_29_30_31_32_33_34_35_36_37_38_39_40_41_42_43_44_45_46_47_48_49_50_51_52_53_54_55_56_57_58_59_60_61_62_63_64_65_66_67_68_69_70_71_72_73_74_75_76_77_78_79_80_81_82_83_84_85_87_88_89_90_91_92_93_95_101_102_103_104_105_106_107_109_110_111_112_115_116_117_118_127_128_129_130_135_137_139_140_141_148_149_156_157_158_159_162_166_167_168_171_173_180_181_182_183_189_190_191_195_197_200_201_204_205_206_207_212_213_214_220_225_226_227_230_231_238_243_246_249_250_253_258_260_261_264_266_267_270_274_275_276_277_281_284_286_287_288_289_291_293_294_295_297_298  3.31e+10  2.95e+10 -11639.61  80574.04  13258.53    791.21     80.75     98.22    824.99  -6330.29      0.00 0
3120 14.0      17_21_25_26_29_33_35_38_41_45_49_50_53_55_59_63_67_71_72_75_76_78_79_83_86_89_91_95_96_99_100_102_103_107_111_114_116_117_121_122_125_126_128_129_133_134_137_141_143_146_147_148_152_154_155_157_158_162_164_165_167_168_170_173_176_177_178_179_181_182_185_187_188_190_191_193_194_196_197_199_200_202_205_206_208_209_210_212_213_214_215_216_219_220_221_222_226_227_230_231_236_237_238_240_242_246_249_250_252_257_260_261_263_266_269_273_275_276_278_280_283_285_288_290_292_296  3.09e+10  2.87e+10 -43061.35 -55936.50  12117.17    916.04     80.26    232.41   3873.88  -1482.06      0.00 0
3121 14.0      3_4_5_9_12_13_17_18_21_22_25_26_29_33_34_35_38_41_44_45_49_50_53_54_55_59_60_63_67_71_72_75_76_78_79_83_84_86_89_91_95_96_100_102_103_107_108_111_116_117_128_129_148_157_158_181_182_190_191_200_205_206_213_226_227_230_249_252_266  8.32e+09  7.42e+09 -11834.78 -32622.04  10325.47    781.07     73.43    250.06    671.73  -3508.50      0.00 0
3122 14.0      116_117_128_148_157_158_168_181_182_191_197_214  5.50e+09  4.96e+09  15816.11  -7408.80   8011.03    766.64     65.36    334.90    277.98  -5333.70      0.00 0
3123 14.0      108_112_122_126_138_147_153_155_165_177_179_188_194_210_216_222_240  7.76e+10  7.09e+10  22667.03  -7216.54   8941.35    787.56     69.40    342.34   5719.76   2252.38      0.00 0
3124 14.0      99_100_114_122_125_126_133_134_143_146_147_152_154_155_164_165_176_178_185_187_203  8.91e+10  8.05e+10  -2914.53  21814.32   8611.61    799.34     68.63     97.61   4556.33   -640.84      0.00 0
3125 14.0      0_3_4_6_9_10_12_14_17_18_21_22_25_26_29_30_33_34_36_38_41_42_45_46_49_50_53_54_56_59_60_63_64_67_68_71_72_75_76_79_80_83_84_86_89_90_92_95_96_99_100_103_104_107_108_111_112_114_115_118_121_122_125_126_129_130_133_134_137_138_141_142_143_146_147_149_152_153_154_159_162_163_164_168_169_173_174_176_178_180_183_185_191_192_197_199_201_202_203_207_212_214_218_220_224_225_228_233_235_238_241_243_244_251_253_255_256_258_259_264_268_270_271_272_274_279_284  1.32e+10  1.17e+10 -14402.98  62040.24  11930.80    886.40     79.39    103.07   3619.49  -3922.50      0.00 0
3126 14.0      8_9_13_20_21_28_29_32_33_35_40_41_44_45_52_53_55_58_59_62_63_66_67_78_79_82_83_88_89_91_95_103_107_111_121_125_129_137_141_146_152_154_162_176_178_185_187_199_202_203_209_218_228_229_232_233_245_247_248_262  1.07e+10  9.55e+09 -38320.00   9547.15  10626.02    812.11     74.94    166.01   4916.80  -3398.40      0.00 0
3127 14.0      62_66_78_79_88_91_102_103_106_110_111_116_117_120_124_128_129_136_137_140_141_145_148_151_157_158_161_162_167_168_172_173_175_184_191_198_199  3.72e+10  3.38e+10 -35179.09   6615.37  10386.06    790.50     73.82    169.35  -2037.82  -3824.63      0.00 0
3128 14.0      148_157_158_167_172_181_182_190_191_196_197_198_200_205_206_211_212_213_214_217_219_220_223_224_226_227_230_231_234_235_237_238_241_242_243_244_246_249_250_251_252_253_254_255_256_257_258_259_260_261_263_264_266_267_268_269_270_271_272_273_274_275_276_277_278_279_281_282_284  6.17e+09  5.39e+09  71997.20  -9529.76  13132.77    753.39     79.75    352.46   1751.78  -8037.20      0.00 0
3129 14.0      0_1_2_3_4_5_6_7_8_9_11_12_13_15_16_17_20_21_23_24_25_28_29_31_32_33_35_37_40_41_44_45_47_48_49_52_53_55_57_59_63_67_69_70_73_83_85_89_95_107  1.82e+09  1.52e+09 -19946.59  10352.59   9161.97    713.23     67.82    152.57     46.83   -841.03      0.00 0
3130 14.0      0_1_2_3_4_5_6_7_8_9_10_11_12_13_14_15_16_17_18_19_20_21_22_23_24_25_26_27_28_29_30_31_32_33_34_35_36_37_38_39_40_41_42_43_44_45_46_47_48_49_50_51_52_53_54_55_56_57_58_59_60_61_62_63_64_65_66_67_68_69_70_71_72_73_74_75_76_77_78_79_80_81_82_83_84_85_86_87_88_89_90_91_92_93_94_95_96_98_101_102_103_104_105_106_107_108_109_110_111_112_115_116_117_118_120_122_127_128_129_130_136_138_140_141_142_148_149_151_156_157_158_159_161_163_166_167_168_169_172_174_180_181_182_183_189_190_191_192_196_198_200_201_204_205_206_207_211_213_214_219_223_225_226_227_230_231_234_237_242_246_249_250_252_254_257_260_261_263_266_267_269_273_275_276_277_278_280_283_285_286_287_288_290_292_293_294_295_296_297_298  1.74e+09  1.49e+09 -16438.61 -93610.09  13645.05    799.67     81.83    260.04  -1028.14  -5666.73      0.00 0
3131 14.0      33_38_49_50_53_59_63_71_72_75_76_83_86_89_95_96_99_100_103_107_111_114_121_125_126_129_133_134_137_141_152_158_162_168_173_191_197_206_214_231  2.19e+10  1.98e+10  -5441.24 -25103.11   8420.31    953.27     71.85    257.77   2628.62  -2828.59      0.00 0
3132 14.0      116_117_128_129_140_148_157_158_161_167_168_172_173_181_182_184_190_191_196_197_198_199_200_205_206_211_212_213_214_217_218_219_220_223_224_226_227_230_231_234_235_237_238_241_242_243_244_254  6.03e+09  5.25e+09  45209.05   -812.81  11508.69    744.92     75.72    358.97  -1928.25  -6096.59      0.00 0
3133 14.0      0_3_4_5_6_9_10_12_13_17_18_21_22_25_26_29_30_33_34_35_38_41_42_45_46_49_50_53_54_55_59_60_63_64_67_68_71_72_75_76_78_79_80_83_84_86_89_90_91_95_96_99_100_103_104_107_108_111_112_114_116_117_121_122_125_126_129_130_133_134_137_138_141_142_143_146_147_148_152_153_154_155_158_159_162_163_165_168_169_173_174_177_179_181_182_185_186_191_192_197_199_200_205_206_212_214_220_226_227_231_238_243_246_249_250_253_258_260_261_267_270_275_276_277_281_286_287_289_293_295_297_298  3.39e+10  3.11e+10  11405.90  64620.12  12197.30    855.20     79.47     79.99   2758.27    633.04      0.00 0
3134 14.0      7_15_19_23_27_31_36_37_39_43_47_51_56_57_61_65_69_73_77_80_81_87_92_101_104_115_118  1.15e+09  1.02e+09  12477.91  16486.79   8802.17    725.60     66.94     52.88   -834.62   2414.78      0.00 0
3135 14.0      0_1_2_3_4_5_6_7_8_9_10_11_12_13_14_15_16_17_18_19_20_21_22_23_24_25_26_27_28_29_30_31_32_33_34_35_36_37_38_39_40_41_42_43_44_45_47_48_49_50_51_52_53_54_57_58_59_60_61_62_63_67_69_70_71_72_73_74_75_76_81_82_83_85_86_93_95_97_98_99_100_113_114_121_123_125_131_132_133_134_143_146_154_164_170_178_187_193_215_221_239  5.50e+09  4.92e+09 -44146.31   7173.87  11308.96    771.69     75.81    170.77   -297.83    -56.99      0.00 0
3136 14.0      146_152_154_162_164_170_176_178_185_187_193_199_202_203_209_212_215_218_220_224_228_233_235_241_243_244_251_255_256_258_259_264_271_274_279  2.40e+10  2.15e+10   6371.19  30765.33   9779.64    815.26     72.71     78.30   4976.26  -5149.92      0.00 0
3137 14.0      77_80_87_90_92_101_104_109_112_115_118_127_135_139_149_150_156_160_166_171_195  1.15e+09  9.86e+08  26874.07  -9416.43   9860.71    736.94     70.90    340.69  -2466.55   4512.47      0.00 0
3138 14.0      0_1_2_3_4_5_6_7_8_9_10_11_12_13_14_15_16_17_18_19_20_21_22_23_24_25_26_27_28_29_30_31_32_33_34_35_36_37_38_39_40_41_42_43_44_45_46_47_48_49_50_51_52_53_54_55_56_57_58_59_60_61_62_63_64_65_66_67_68_69_70_71_72_73_74_75_76_77_78_79_80_81_82_83_84_85_86_87_88_89_90_91_92_93_94_95_96_97_98_99_100_101_103_104_105_107_108_109_111_113_114_115_119_121_123_125_126_127_129_131_132_133_134_135_137_139_141_143_144_146_150_152_154_160_162_164_165_166_170_171_173_176_178_185_187_193_199_202_203_208_209_215_218_221_224_228_229_232_233_239_241_245_247_248_251_262_265_268_282  3.31e+10  2.99e+10 -84888.39  46513.55  13483.27    834.40     82.07    151.28   -354.84    385.78      0.00 0
3139 14.0      109_115_127_135_139_149_156_160_166_171_180_183_189_201_204_207  4.37e+09  3.93e+09  15793.55  12589.79   8333.06    796.99     67.58     38.56  -1257.57   5177.65      0.00 0
3140 14.0      65_77_80_87_90_92_101_104_105_108_109_112_115_118_119_127_130_135_138_139_142_144_149_150_153_156_159_160_163_166_169_171_174_177_180_183_186_189_192_195_201_204_207_225  6.46e+10  5.74e+10 -67674.37  -4400.03  12446.79    830.11     79.60    183.72  -1453.23   5031.97      0.00 0
3141 14.0      0_2_3_4_5_6_8_9_10_12_13_17_18_20_21_22_25_26_28_29_30_33_34_35_38_40_41_42_44_45_49_50_53_54_55_59_60_62_63_64_66_67_71_72_75_76_78_79_84_86_88_96_100_102_108_122_126_138_147_153  4.37e+09  3.93e+09 -16228.10 -20689.03   9012.79    841.70     71.08    231.89   1605.54    297.10      0.00 0
3142 14.0      91_102_103_110_111_116_117_128_129_137_140_141_148_152_157_158_161_162_167_168_172_173_176_181_182_184_185_190_191_196_197_198_199_200_202_203_205_206_211_212_213_214_217_218_219_220_223_224_226_227_228_229_230_231_233_234_235_237_238_241_242_243_244_245_246_247_248_249_250_251_252_253_254_255_256_257_258_259_262_263_265_268_272_282  2.95e+09  2.63e+09 -61882.73  -5947.73  10950.69   1079.90     80.01    185.49  -2016.44  -6391.32      0.00 0
3143 14.0      0_1_2_3_4_5_6_7_8_9_10_11_12_13_14_15_16_17_18_19_20_21_22_23_24_25_26_27_28_29_30_31_32_33_34_35_36_37_38_39_40_41_42_43_44_45_46_47_48_49_50_51_52_53_54_55_56_57_58_59_60_61_62_63_64_65_66_67_68_69_70_71_72_73_74_75_76_77_78_79_80_81_82_83_84_85_86_87_89_90_91_92_93_95_96_97_99_100_101_103_104_105_107_108_109_111_112_114_115_117_118_119_121_122_123_125_126_127_129_130_133_134_135_137_138_139_141_142_143_144_146_147_149_150_152_153_154_155_156_158_159_160_162_163_164_165_166_168_169_170_171_173_174_176_177_178_179_180_183_185_186_187_188_189_191_192_193_194_195_197_199_201_202_203_204_207_208_209_210_212_215_216_218_220_221_222_224_225_228_229_232_233_235_236_239_240_241_243_244_245_247_248_251_255_256_259_262_264_265_268_271_272_279_282  2.57e+10  2.31e+10 130065.23 -149886.91  13598.67    859.96     86.08    310.95   5807.62  -3075.79      0.00 0
3144 14.0      99_100_114_122_126_133_134_143_147_153_155_165_177_179_186  3.89e+10  3.44e+10  -4537.85 -19033.14   8253.19    791.89     67.13    256.59   4453.35   1773.61      0.00 0
3145 14.0      121_125_133_137_141_146_152_154_162_164_173_176_178_185_199  2.09e+09  1.85e+09  -5994.46 -15914.25   7387.27    875.77     66.52    249.36   4037.38  -3195.28      0.00 0
3146 14.0      0_1_2_5_6_7_8_9_11_13_14_15_16_19_20_23_24_27_28_29_31_32_35_37_39_40_43_44_45_47_48_51_52_55_57_58_61_62_65_66_67_69_70_73_74_78_79_81_82_85_87_88_91_93_94_97_98_101_102_103_105_106_109_110_113_116_117_119_123_127_128_131_135_136_139_140_144_148_150_157_158_160_166_167_171_181_182_190_191_195_200_205_206_226_227_231_250  1.02e+09  8.79e+08 -17149.30  48943.34  12202.06    714.70     76.76    109.31  -2146.46    387.49      0.00 0
3147 14.0      102_106_110_116_120_124_128_136_140_145_148_151_157_158_161_167_172_175_181_182_184_190_191_196_197_198_200_205_206_211_213_214_217_219_220_223_226_227_230_231_234_237_238_242_243_246_249_250_252_253_255_258_260_261_264_267_270_271_274_275_277_279_281_284_289_291  6.92e+09  6.38e+09 -47941.11  36547.79  12034.88    832.11     78.71    142.68   -200.43  -7157.06      0.00 0
3148 14.0      0_1_2_3_4_5_6_7_8_9_10_11_13_14_15_16_18_19_20_22_23_24_27_28_30_31_32_35_36_37_39_40_42_43_44_46_47_48_51_52_55_56_58_62_66_68_69_70_74_78_80_82_88_94_98_102_106_110_120_124_128_136_140_145_151_161_167_172_175_184_196_198_211_217_219_223_234_242_254_263_278  5.01e+09  4.52e+09  22307.04  36760.86  10347.10    928.25     76.47     58.75  -4172.21  -5667.40      0.00 0
3149 14.0      0_1_2_3_4_5_6_7_8_9_10_11_12_13_14_15_16_17_18_20_22_25_26_27_28_29_30_32_34_35_36_40_42_44_46_50_52_54_56_60_64_68_80_84_90_104_108_112_138_142  4.79e+10  4.32e+10  11957.61  18618.74   8432.11    838.74     69.14     57.29    925.90   1261.31      0.00 0
3150 14.0      0_1_2_3_4_5_6_7_8_9_10_11_12_14_15_16_17_18_19_21_22_23_24_25_26_27_30_31_33_34_36_37_38_39_42_43_46_47_49_50_51_54_56_57_59_60_61_64_65_68_69_70_71_72_73_75_76_77_80_81_84_85_86_87_90_92_93_96_97_99_100_101_104_105_108_109_112_113_114_115_118_119_122_123_125_126_127_130_131_133_134_135_138_139_142_143_144_147_149_150_153_154_155_156_159_160_163_164_165_166_169_170_171_174_177_179_180_183_186_187_188_189_192_193_194_195_201_204_208_210_215_216_221_222_236_239_240  1.02e+10  9.00e+09 118546.44 -28307.36  14037.25    821.27     83.43    346.57  -4222.11   4022.08      0.00 0
3151 14.0      89_95_99_103_107_111_114_121_125_129_133_137_141_143_146_152_154_164_165_170_178_187_193_194_208_216_221_222_236_240  9.33e+09  8.36e+09 -20854.71 -16305.21   8826.67    885.30     71.56    218.02   5059.59  -1134.29      0.00 0
3152 14.0      61_81_87_92_93_97_101_105_109_115_119_123_127_131_135_139_144_150  8.13e+10  7.65e+10 -17125.77  -9728.79   7497.63    961.22     69.16    209.60  -3301.81   2488.60      0.00 0
3153 14.0      273_278_283_285_288_290_292_294_296_297  2.51e+09  2.21e+09 -23061.53  20771.99  10240.55    725.57     71.74    137.99  -4291.14 -10595.89      0.00 0
3154 14.0      125_146_152_154_176_178_185_202_203_218_228_233_241_248_251_265_268_282  2.63e+10  2.39e+10 -12033.12  18083.89   8635.25    786.26     68.32    123.64   5898.53  -4463.79      0.00 0
3155 14.0      0_1_2_5_7_8_11_13_15_16_19_20_23_24_27_28_31_32_37_39_40_43_44_47_48_51_52_57_61_65_69_73_81_87_105_109  7.76e+09  6.99e+09   5649.00 -19456.65   8666.76    737.15     66.84    286.19  -1420.17    875.71      0.00 0
3156 14.0      8_16_20_24_32_40_48_52_58_62_70_74_82_94_98_106_120_124_132_145  8.71e+10  7.96e+10  16022.98   4009.83   7326.27    868.59     66.08     14.05  -3463.23  -1615.00      0.00 0
3157 14.0      219_226_230_234_237_242_246_249_250_252_254_257_260_261_263_266_269  2.00e+09  1.72e+09  21035.38  -4779.12   8759.25    758.84     67.90    347.20  -2267.12  -8294.79      0.00 0
3158 14.0      112_122_126_130_138_142_147_153_155_163_165_169_174_177_179_186_188_194  3.55e+09  3.05e+09  16768.88 -16312.73   9489.99    682.73     67.92    315.79   3899.45   3295.67      0.00 0
3159 14.0      226_227_231_246_249_250_252_260_261_266_269_275_276_280_283_285_288_290_292  3.09e+10  2.79e+10  19873.50  14433.64   8886.43    819.52     70.11     35.99  -1726.47 -10170.76      0.00 0
3160 14.0      27_30_36_39_42_43_46_51_56_61_64_65_68_77_80_81_84_87_90_92_93_96_101_104_105_108_109_112_115_118_119_122_123_127_130_135_138_139_142_144_147_149_150_153_156_159_160_163_166_169_171_174_177_179_180_186_189_195_210  8.71e+10  7.88e+10  48698.25    416.49  10858.98    913.92     77.43      0.49  -2312.52   3689.12      0.00 0
3161 14.0      212_220_224_235_238_243_253_255_258_264_270_274_279_281_284_289_291  4.68e+10  4.20e+10  -5821.36 -20793.71   8453.59    817.62     68.62    254.36   3163.94  -9384.84      0.00 0
3162 14.0      107_111_121_125_129_133_137_141_146_152_154_158_162_164_168_170_173_176_178_185_187_193_202_208_209_215_221_222_232_236_239  7.08e+10  6.51e+10  24290.91  17364.94   9426.12    848.79     72.48     35.56   5559.81  -2145.60      0.00 0
3163 14.0      200_205_226_227_230_237_242_246_249_252_257_263  1.95e+10  1.74e+10  16303.33   3772.91   7686.26    802.45     65.33     13.03  -1527.01  -8184.43      0.00 0
3164 14.0      141_162_168_173_176_182_185_191_197_199_200_203_206_212_214_218_220_224_226_227_230_231_238_246_249_250  9.77e+10  9.01e+10 -21077.57 -14324.30   9039.48    814.71     70.47    214.20   2053.22  -6401.16      0.00 0
3165 14.0      15_19_23_24_27_31_37_39_43_47_51_57_61_65_73_77_81_87_101_105_109_115_127_156_166  1.58e+10  1.46e+10   1235.29  14866.22   6651.04    950.47     65.97     85.25  -1519.08   2587.00      0.00 0
3166 14.0      271_272_279  2.95e+09  2.56e+09  10628.99  22649.29   9294.65    755.20     69.62     64.86   5282.69 -11049.25      0.00 0
3167 14.0      78_88_91_102_103_106_110_111_116_117_120_128_129_136_137_140_141_145_148_151_157_158_161_162_167_168_172_173_175_181_182_184_185_190_191_196_197_198_199_200_203_205_206_211_212_213_214_217_218_219_220_223_224_226_227_228_230_231_233_234_235_237_238_241_242_243_244_246_248_249_250_251_252_253_254_255_256_257_258_259_260_261_262_263_264_265_266_267_268_269_270_271_272_273_274_275_276_277_278_279_280_281_282_283_284_285_286_287_288_289_290_291_292_293_294_295_296_297_298  3.24e+09  2.76e+09 -236521.05  55736.89  13458.15    742.06     86.83    166.74   -841.01  -8337.88      0.00 0
3168 14.0      0_1_2_3_4_5_6_7_8_9_10_11_12_13_14_15_16_17_18_19_20_21_22_23_24_25_26_27_28_29_30_31_32_33_34_35_36_37_38_39_40_41_42_43_44_45_46_47_48_49_50_51_52_53_54_55_56_57_58_59_60_61_62_63_64_65_66_67_68_69_70_71_72_73_74_75_76_77_78_79_80_81_82_83_84_85_86_87_88_89_90_91_92_93_94_95_96_97_98_99_100_101_102_103_104_105_106_107_108_109_111_113_114_115_117_119_121_123_124_125_127_129_131_132_133_134_135_137_139_141_143_144_146_150_152_154_158_160_162_164_166_168_170_171_173_176_178_185_187_193_195_197_199_202_203_209_212_215_218_224_228_229_232_233_235_239_241_244_245_247_248_251_256_259_262_265_268_272_282  2.04e+09  1.75e+09 -92293.95  62840.71  13947.11    810.97     82.88    145.75  -2978.98   1879.79      0.00 0
3169 14.0      0_1_2_3_4_5_6_7_8_9_11_13_14_15_16_19_20_23_24_27_28_29_31_32_35_36_37_39_40_43_44_45_47_48_51_52_55_56_57_58_61_62_65_66_69_70_73_74_77_78_79_81_82_85_87_88_91_92_93_94_97_98_101_102_105_106_109_110_115_116_120_127_128_136_139_140_148_151_156_157_161_166_167_172_181_190_196_198_200_205_211_213_219_226_230_234_237_242_246_249_252_257_260_263_266_269_273_276_280_283_285_286_288_290_292_294_296  2.09e+09  1.83e+09  -2819.53 -49198.45  11177.87    859.03     77.22    266.72  -1857.86  -4423.40      0.00 0
3170 14.0      20_23_24_32_37_40_47_48_52_57_58_62_66_69_70_73_74_81_82_85_88_93_94_97_98_102_105_106_110_113_116_119_120_123_124_128_131_132_135_136_140_144_145_148_150_151_157_160_161_167_171_172_175_181_184_190_196_198_200_205_211_213_217_219_223_226_227_230_234_237_242_246_249_250_252_254_257_260_261_263_266_269_273_275_276_277_278_280_283_285_286_287_288_289_290_292_293_294_295_296_297_298  1.41e+09  1.22e+09 -42921.95 154248.70  13388.47    960.44     85.22    105.55  -3885.30  -8215.65      0.00 0
3171 14.0      27_30_36_39_42_43_46_54_56_61_64_65_68_77_80_87_90_92_101_105_109_135  2.75e+10  2.48e+10  15557.22  -5375.01   7393.78    851.58     65.81    340.94   -873.48   2800.31      0.00 0
3172 14.0      0_1_3_4_5_6_7_9_10_12_13_14_17_18_21_22_25_26_27_29_30_33_34_36_38_39_41_42_43_45_46_49_50_53_54_56_59_60_63_64_65_67_68_71_72_75_76_77_80_83_84_86_89_90_92_95_96_99_100_101_103_104_107_108_111_112_114_115_118_121_122_125_126_127_129_130_133_134_137_138_141_142_143_146_147_149_152_153_154_155_156_159_162_163_164_165_166_168_169_170_173_174_176_177_178_179_180_183_185_186_187_188_189_192_193_194_195_197_199_201_202_203_204_207_208_209_210_212_215_216_218_220_221_222_224_225_228_229_232_233_235_236_238_239_240_241_243_244_245_247_248_251_255_256_258_259_262_264_265_268_271_272_274_279_282  1.32e+09  1.24e+09  68573.80 -191098.69  14304.05    744.55     85.97    289.74   3464.97   4363.42      0.00 0
3173 14.0      226_227_230_231_238_243_246_249_250_252_253_255_258_260_261_264_267_270_271_274_279_281_284  3.63e+10  3.46e+10  25036.28  -5016.37   8523.70    924.64     71.54    348.67   2653.05  -8926.26      0.00 0
3174 14.0      246_250_253_258_260_261_264_266_267_269_270_271_273_274_275_276_277_278_279_280_281_283_284_285_286_287_288_289_290_291_292_293_294_295_296_297_298  8.71e+10  7.79e+10 -59284.76  -3657.17  12257.38    784.35     78.34    183.53   5657.81 -10509.05      0.00 0
3175 14.0      0_1_2_3_4_5_6_7_8_9_10_11_12_13_14_15_16_17_18_19_20_21_22_23_24_25_26_27_28_29_30_31_32_33_34_35_36_37_38_39_40_41_42_43_44_45_46_47_48_49_50_51_52_53_54_55_56_57_58_59_60_61_62_63_64_65_66_67_68_69_70_71_72_73_74_75_76_77_78_79_80_81_82_83_84_85_86_87_88_89_90_91_92_93_94_95_96_97_98_99_100_102_103_104_106_108_110_112_113_114_116_118_120_122_124_126_128_130_132_134_136_138_140_142_143_145_147_151_153_155_161_163_165_167_169_172_174_175_177_179_184_186_188_196_198_210_211_216_217_223_234_254  1.55e+10  1.36e+10  74152.70  59599.01  13878.70    762.96     81.70     38.79  -3230.89  -2691.55      0.00 0
3176 14.0      0_3_4_5_6_9_10_12_13_17_18_21_22_25_26_28_29_30_33_34_35_38_41_42_44_45_46_49_50_53_54_55_59_60_63_64_67_68_71_72_75_76_78_79_80_83_84_86_89_90_91_95_96_99_100_103_104_107_108_111_112_114_116_117_121_122_125_126_129_130_133_134_137_138_141_142_143_146_147_148_152_153_154_155_157_158_162_163_164_165_168_169_170_173_174_176_177_178_179_181_182_185_186_187_188_190_191_192_193_194_197_199_200_202_203_205_206_208_209_210_212_214_215_216_218_220_221_222_224_226_227_228_229_230_231_232_233_235_236_238_240_241_243_244_246_248_249_250_251_252_253_255_256_258_259_260_261_264_266_267_270_271_272_274_275_276_277_279_280_281_284_286_287_288_289_290_291_293_294_295_296_297_298  7.41e+09  6.60e+09  26882.30 131895.08  13934.00    858.30     84.09     78.48   2251.02  -8608.77      0.00 0
3177 14.0      89_91_103_107_111_117_121_125_129_137_141_146_152_154_178  2.88e+09  2.53e+09 -19157.26  -6298.59   8730.84    723.27     66.59    198.20   2537.53  -3192.93      0.00 0
3178 14.0      117_129_148_158_181_182_191_200_205_206_226_227_246_249  8.51e+10  7.91e+10   5700.11  14927.11   7080.66    899.79     66.10     69.10    237.13  -6312.36      0.00 0
3179 14.0      0_1_2_5_7_8_9_11_13_15_16_19_20_23_24_28_29_31_32_35_37_40_41_44_45_47_48_51_52_55_57_58_62_66_67_69_70_73_74_78_79_81_82_85_88_89_91_93_97_103_105_117_119_123_129  4.17e+10  3.88e+10 -14571.30  20077.77   8741.17    855.82     70.59    125.97  -1188.86   -762.68      0.00 0
3180 14.0      0_1_2_3_4_5_6_7_8_9_10_11_12_13_14_15_16_17_18_19_20_21_22_23_24_25_26_27_28_29_30_31_32_33_34_35_36_37_38_39_40_41_42_43_44_45_46_47_48_49_50_51_52_53_54_55_56_57_58_59_60_61_63_64_65_66_67_68_69_70_71_72_73_75_76_77_78_79_80_81_83_84_86_87_89_90_91_92_93_95_96_97_99_100_101_103_104_105_107_108_109_111_112_114_115_117_118_119_121_122_123_125_126_127_129_130_133_134_135_137_138_139_141_142_143_144_146_147_149_150_152_153_154_155_156_158_159_160_162_163_164_165_166_168_169_170_171_173_174_176_177_178_179_180_183_185_186_187_188_189_192_193_194_195_197_199_201_202_203_204_207_208_209_212_215_218_220_221_222_224_225_228_229_232_233_235_236_239_241_243_244_245_247_248_251_255_256_259_262_264_265_268_271_272_279_282  2.95e+09  2.62e+09 -89727.15 118597.53  13848.29    881.59     84.68    127.11   1406.91   1631.33      0.00 0
3181 14.0      7_10_14_15_19_22_27_30_31_36_39_42_43_46_47_51_54_56_57_60_61_64_65_68_73_77_80_81_84_87_90_92_93_96_97_101_104_105_108_109_112_115_118_119_122_123_130_131_135_138_142_144_147_153_163_177_179_186  8.71e+09  7.82e+09  35837.38   7958.08  10588.95    770.83     73.91     12.52    309.07   2638.71      0.00 0
3182 14.0      32_40_48_52_58_62_66_70_74_82_85_88_94_98_102_106_110_116_120_128_136_140_148_157_161_167_172_181_182_190_196_200_205_206_213_219_226_227_230_237_246_249_250_252_260_261_266_267_275_276_277_280_286_287_288_289_293_294_295_297_298  4.79e+10  4.33e+10   9619.71 -35776.34   9892.09    911.66     75.05    285.05   -950.61  -7358.51      0.00 0
3183 14.0      0_1_3_4_5_6_7_9_10_12_13_14_17_18_21_22_25_26_27_29_30_33_34_36_38_41_43_45_46_49_53_59_63_67_75_83_89_95_107_111_137  1.12e+10  9.95e+09 -10013.11  18619.71   8627.62    770.36     67.80    118.27   1273.69   -967.47      0.00 0
3184 14.0      0_1_2_3_4_5_6_7_8_9_10_11_12_13_14_15_16_17_18_19_20_21_22_23_24_25_26_27_28_29_30_31_32_33_34_35_36_37_38_39_40_41_42_43_44_45_46_47_48_49_50_51_52_53_54_55_56_57_58_59_60_61_62_63_64_65_66_67_68_69_70_71_72_73_74_75_76_77_78_79_80_81_82_83_84_85_86_87_88_89_90_91_92_93_94_95_96_97_98_99_100_101_102_103_104_105_106_107_108_109_110_111_112_113_114_115_118_119_120_121_122_123_124_125_126_127_130_131_132_133_134_135_136_137_138_139_142_143_144_145_146_147_149_150_151_152_153_154_155_156_159_160_163_164_165_166_169_170_171_174_175_176_177_178_179_180_183_186_187_188_189_192_193_194_195_201_202_204_207_208_209_210_215_216_221_222_229_232_236_239_240_247  6.17e+10  5.67e+10 -231395.36   3554.26  12573.92    919.47     86.89    179.12  -2832.72   1903.00      0.00 0
3185 14.0      154_164_165_170_176_178_187_188_193_194_202_203_208_209_210_215_216_218_221_222_228_229_232_233_241_245_248_251_256  1.15e+09  1.02e+09   1544.40  29370.85  10132.91    711.09     70.99     86.99   6389.02  -1738.96      0.00 0
3186 14.0      95_103_107_111_116_117_121_125_129_133_137_141_146_148_152_154_157_158_162_164_167_168_170_173_176_178_181_182_185_187_190_191_193_196_197_199_200_202_203_205_206_208_209_212_213_214_215_218_219_220_221_222_224_226_227_228_229_230_231_232_233_234_235_236_237_238_239_240_241_242_243_244_245_246_247_248_249_250_251_252_253_254_255_256_257_258_259_260_261_262_263_264_265_266_267_268_269_270_271_272_273_274_275_276_277_278_279_280_281_282_283_284_285_286_287_288_289_290_291_292_293_294_295_296_297_298  8.51e+10  7.60e+10 -103302.91 -75828.02  14305.94    789.70     83.63    216.28  -1288.04  -9608.34      0.00 0
3187 14.0      175_184_196_198_211_213_217_219_223_230_234_237_242_252_254_257_263_266_269_280  3.31e+10  2.97e+10 -13226.63  18591.05   8182.80    915.04     70.27    125.43  -3767.93  -6800.80      0.00 0
3188 14.0      0_1_2_3_4_5_6_7_8_9_10_11_12_13_14_15_16_17_18_19_20_21_22_23_24_25_26_27_28_29_30_31_32_33_34_35_36_37_38_39_40_41_42_43_44_45_46_47_48_49_50_51_52_53_54_55_56_57_58_59_60_61_62_63_64_65_66_67_68_69_70_71_72_73_74_75_76_77_78_79_80_81_82_83_84_85_86_87_88_89_90_91_92_93_94_95_96_97_98_99_100_101_102_103_105_106_107_109_110_111_113_114_116_117_119_120_121_123_124_125_127_129_131_132_133_134_135_137_139_141_143_144_146_150_152_154_158_160_162_164_166_168_171_173_176_178_185_187_193_197_199_202_203_209_212_215_218_220_224_228_229_232_233_235_239_241_244_245_247_248_251_255_256_259_262_265_268_272_282  2.14e+09  1.85e+09 100622.23 -66096.45  14547.38    739.75     83.11    326.70  -3187.51   1495.03      0.00 0
3189 14.0      103_107_111_116_117_121_125_128_129_137_141_146_148_152_154_157_158_162_164_167_168_172_173_176_178_181_182_185_187_190_191_193_196_197_199_200_202_203_205_206_208_209_211_212_213_214_215_218_219_220_221_223_224_226_227_228_229_230_231_232_233_234_235_236_237_238_239_241_242_243_244_245_246_247_248_249_250_251_252_253_254_255_256_257_258_259_260_261_262_263_264_265_266_267_268_269_270_271_272_273_274_275_276_277_278_279_280_281_282_283_284_285_286_287_288_289_290_291_292_293_294_295_296_297_298  8.13e+10  7.45e+10 -140574.23 -80899.08  13591.02    922.24     85.21    209.92    -92.82  -8979.17      0.00 0
3190 14.0      0_1_2_3_4_5_6_8_9_10_11_12_13_16_17_18_20_21_22_24_25_26_28_29_32_33_34_35_38_40_41_44_45_48_49_50_52_53_54_55_58_59_60_62_63_66_67_71_72_74_75_76_78_79_82_83_84_86_88_89_91_94_96_100_102_106_110_116_120_122_126_128_136_140_145_147_151_161_167_172_175_184_196_198_211_217_223_234  1.12e+10  1.01e+10 -34097.77 -28258.29  11148.36    793.33     75.87    219.65  -2221.63  -3202.16      0.00 0
3191 14.0      152_162_168_173_185_191_197_199_206_212_214_220_224_227_231_235_238_243_250_253_258_261_264_267_270_274_275_277_281_284_286_287_289_291_293_294_295_297_298  3.89e+10  3.51e+10  13268.19  30054.61   9706.58    860.98     73.54     66.18   1921.34  -9058.17      0.00 0
3192 14.0      0_1_2_3_4_5_6_7_8_9_10_11_12_13_14_15_16_17_18_19_20_21_22_25_26_27_28_29_30_31_33_34_35_36_38_39_41_42_43_44_45_46_49_50_51_53_54_55_56_59_60_61_63_64_65_67_68_71_72_75_76_77_78_79_80_83_84_86_87_89_90_91_92_95_99_101_103_104_107_109_111_115_117_121_125_127_129_137_141_152_156_158_162_168_173_185_191_197_199_212_214_218_220_224_231_235_238_241_243_244_253_255_256_258_259_264_270_271_274_279_284  1.23e+09  1.06e+09 -21441.65  51333.38  12465.70    713.38     77.37    112.67   2749.79  -4642.46      0.00 0
3193 14.0      0_1_2_3_4_5_6_7_8_9_10_11_12_13_14_15_16_17_18_19_20_21_22_23_24_25_26_27_28_29_30_31_32_34_35_36_37_39_40_41_42_43_44_45_46_47_48_51_52_54_55_56_58_60_61_62_64_65_66_68_74_77_78_79_80_82_84_88_90_91_92_101_102_104_106_110_112_115_116_118_128_130_136_140_142_149_157_159_167_169_172_183_190_192_196  1.38e+10  1.22e+10  11890.89  36208.93  10554.91    801.36     74.52     71.82   -187.14    341.46      0.00 0
3194 14.0      33_38_49_50_53_59_60_63_71_72_75_76_83_84_86_89_95_96_99_100_107_108_111_114_121_122_125_126_129_133_134_137_138_141_143_146_147_152_153_154_155_158_162_163_164_165_168_170_173_174_176_177_178_179_185_186_187_188_191_197_199_202_203_206_212_214_218_220_224_231_233_235_238_241_243_244_250_253_255_258_259_261_264_267_270_271_274_277_279_281_284_287_289_291_295_298  5.13e+09  4.44e+09   5872.21  63061.11  12563.43    770.64     78.78     84.68   3405.22  -6144.38      0.00 0
3195 14.0      0_1_2_3_4_5_6_7_8_9_10_11_12_13_14_15_16_17_18_19_20_21_22_23_24_25_26_27_28_29_30_31_32_33_34_35_36_37_38_39_40_41_42_43_44_45_46_47_48_49_50_51_52_53_54_55_56_57_58_59_60_61_62_63_64_65_66_67_68_69_70_71_72_73_74_75_76_77_78_79_80_81_82_83_84_85_86_87_88_89_90_91_92_93_94_95_96_97_98_99_100_101_102_103_104_105_106_107_108_109_110_111_112_113_114_115_116_117_118_119_120_121_122_123_124_125_126_127_128_129_130_131_132_133_134_135_136_137_138_139_140_141_142_143_144_145_146_147_148_149_150_151_152_153_154_155_156_157_158_159_160_161_162_163_164_165_166_167_168_169_170_171_172_173_174_175_176_177_178_179_180_181_182_183_184_185_186_187_188_189_190_191_192_193_194_195_196_197_198_199_200_201_202_203_204_205_206_207_208_209_210_211_212_213_214_215_216_217_218_219_220_221_222_223_224_225_226_227_228_229_230_231_232_233_234_235_236_237_238_239_240_241_242_243_244_245_246_247_248_249_250_251_252_253_254_255_256_257_258_259_260_261_262_264_265_266_267_268_270_271_272_274_275_277_279_281_282_284_289_291  7.76e+10  6.91e+10 -255620.86 155725.62  11132.50    801.44     87.87    148.65  -2084.95   1371.75      0.00 0
3196 14.0      246_250_253_258_260_261_264_266_267_270_274_275_276_277_280_281_286_288_290  6.03e+10  5.52e+10 -19014.68  -7394.40   8127.13    845.26     68.28    201.25    780.32  -9720.06      0.00 0
3197 14.0      0_1_4_6_7_10_12_14_15_18_19_22_26_27_30_31_34_36_39_42_43_46_50_51_54_56_57_61_65_68_77_80_81_87_101_105_109_119_127_135_139_150_160_171  3.31e+09  2.94e+09  20398.83 -15584.80   8814.17    865.32     71.05    322.62  -1905.86   2927.41      0.00 0
3198 14.0      0_1_2_3_4_5_6_7_8_9_10_11_12_13_14_15_16_17_18_19_20_21_22_23_24_25_26_27_28_29_30_31_32_33_34_35_36_37_38_39_40_41_42_43_44_45_46_47_48_49_50_51_52_53_54_55_56_57_58_59_60_61_62_63_64_65_66_67_68_69_71_72_73_75_76_77_78_79_80_81_83_84_86_87_88_89_90_91_92_93_95_96_99_100_101_102_103_104_105_107_108_109_111_112_114_115_116_117_118_121_125_127_129_130_133_135_137_139_141_142_146_148_149_152_154_156_158_159_160_162_166_168_169_171_173_176_180_182_183_185_189_191_192_195_197_199_200_201_203_204_206_207_212_214_218_220_224_225_227_231_233_235_238_241_243_244_250_251_253_255_256_258_259_264_267_270_271_272_274_279_281_284_291  3.80e+09  3.34e+09  32490.17 -86898.91  13848.62    757.23     81.51    290.50   2648.78  -4774.99      0.00 0
3199 14.0      0_1_2_3_4_5_6_7_8_9_10_11_12_13_14_15_16_17_18_19_20_21_22_23_24_25_26_27_28_29_30_31_32_33_34_35_36_37_38_40_42_44_46_47_48_49_50_52_54_58_60_62_64_66_68_69_70_71_72_74_76_82_84_85_86_88_90_94_96_98_100_106_108_120_122_124_126_132_136_145_147_151_155_175  2.04e+09  1.77e+09 -33119.30 -19106.03  10999.88    726.82     73.95    209.98   -825.31   -553.10      0.00 0
