#event_number primary_type du_ids energy_primary em_energy Xmax_pos(x, y, z), Xmax_grams zenith azimuth shower_core_pos_x shower_core_pos_y shower_core_pos_z, N_tested_cores, units are degrees, GeV and meters
3600 14.0      88_91_102_110_116_117_128_148_157_158_181_182_190_191_200_205_206_214_226_227_231_238_246_250_253_258_261_267_270_274_277_281_284_289_291  1.51e+09  1.35e+09 -21348.31  40662.55  11749.07    715.60     75.65    117.70   2356.03 -10050.26      0.00 0
3601 14.0      0_1_2_3_4_5_6_7_8_9_10_11_12_13_14_15_16_17_18_19_20_21_22_23_24_25_26_27_28_29_30_31_32_33_34_35_36_37_38_39_40_41_42_43_44_45_46_47_48_49_50_51_52_53_54_55_56_57_58_59_60_61_62_63_64_65_66_67_68_69_70_71_72_73_74_75_76_77_78_79_80_81_82_83_84_85_86_87_88_89_90_91_92_93_94_95_96_97_98_99_100_101_102_103_104_105_106_107_108_109_110_111_112_113_114_115_116_117_118_119_120_121_122_123_124_125_126_128_129_130_131_132_133_134_136_137_138_140_141_142_143_144_145_146_147_148_151_152_153_154_155_157_161_163_164_165_167_169_170_172_174_175_177_178_179_184_186_187_188_190_193_194_196_198_208_209_210_211_215_216_217_221_222_223_234_236_239_240  1.35e+10  1.20e+10 -155313.70 -68955.32  14150.19    822.37     85.24    203.94   -877.52   -845.66      0.00 0
3602 14.0      0_1_2_3_4_5_6_8_9_10_11_12_13_16_17_18_20_21_22_25_26_28_29_30_32_33_34_35_38_40_41_42_44_45_49_50_52_53_54_55_58_59_60_62_63_64_66_67_71_72_75_76_78_79_82_83_84_86_88_89_91_95_96_99_100_102_103_106_107_108_110_111_114_116_117_120_121_122_125_126_128_129_133_134_136_137_138_140_141_143_146_147_148_151_152_153_154_155_157_158_161_162_164_165_167_168_170_172_177_179_181_182_184_186_187_188_190_191_193_194_196_198_200_205_208_210_211_213_216_217_219_222_223_226_230_234_236_237_240_242_252_254_257_263_273_278_285  1.86e+09  1.66e+09  62115.96  58249.22  13121.82    836.75     81.24     43.16   3046.63   -441.83      0.00 0
3603 14.0      41_45_53_59_63_67_79_83_89_91_103_107_111_117_129_148_158_168_182_191_200_206  3.09e+10  2.86e+10  -2676.09 -19510.64   8245.97    797.48     67.28    262.19   1156.54  -4361.34      0.00 0
3604 14.0      0_1_2_3_4_5_6_7_8_9_10_11_12_13_14_15_16_17_18_19_20_21_22_23_24_25_26_27_28_29_30_31_32_33_34_35_36_37_38_39_40_41_42_43_44_45_46_47_48_49_50_51_52_53_54_55_56_57_58_59_60_61_62_63_64_65_66_67_68_69_70_71_72_73_74_75_76_77_78_79_80_81_82_83_84_85_86_87_88_90_92_93_94_96_97_98_99_100_101_102_104_105_106_108_109_110_112_113_114_115_118_119_120_122_123_124_126_127_130_131_132_134_135_136_138_139_140_142_143_144_145_147_149_150_151_153_155_156_159_160_161_163_165_166_169_171_172_174_175_177_179_180_183_184_186_188_189_192_195_198_201_204_207_210_216_217_223_225  5.75e+09  5.11e+09 192535.70 128648.22  13432.82    785.77     86.68     33.75    687.84   3803.54      0.00 0
3605 14.0      82_88_94_98_102_106_110_113_116_120_124_128_131_132_136_140_145_148_151_157_158_161_167_172_175_181_182_184_190_191_196_198_200_205_206_211_213_214_217_219_223_226_227_230_231_234_237_238_242_246_249_250_252_253_257_258_260_261_266_267_269_270_274_275_276_277_281_284_286_287_289_291_293_295_298  5.50e+10  5.02e+10  41207.22 -50832.23  12045.28    881.88     79.57    309.03   -893.25  -7161.65      0.00 0
3606 14.0      50_54_60_64_68_72_76_84_86_90_96_100_108_114_122_126_133_134_143_155_164_165_170_187_188_193_194_208_215_221_222_236_239  8.51e+10  7.68e+10  26574.88 -12818.20   9314.14    862.90     72.48    334.25   6153.34    -76.14      0.00 0
3607 14.0      181_190_196_200_205_206_213_226_227_230_231_238_246_250_253_258  1.48e+09  1.25e+09  20778.79 -10183.92   9321.08    703.78     68.06    333.89     60.25  -7496.51      0.00 0
3608 14.0      0_1_2_3_4_5_6_7_8_9_10_11_12_13_14_15_16_17_18_20_21_22_23_24_25_26_28_29_30_32_33_34_35_38_40_41_42_44_45_48_49_50_52_53_54_55_58_59_60_62_63_64_66_67_68_71_72_74_75_76_78_79_82_83_84_86_88_89_90_91_94_95_96_99_100_102_103_106_107_108_110_111_114_116_117_120_122_125_126_128_129_133_134_136_138_140_143_145_147_148_151_153_155_157_161_165_167_172_175_177_179_181_184_186_188_190_196_198_205_210_211_213_217_219_223_234_237_242_254_257_263_278  4.90e+09  4.25e+09  51984.96  50871.89  13126.42    755.16     79.77     44.38  -2754.21  -4795.69      0.00 0
3609 14.0      279_284_289_291_293_295_297_298  1.29e+10  1.15e+10  47553.14  28550.22  11728.85    834.73     78.06     30.98   6428.72 -10769.61      0.00 0
3610 14.0      0_1_2_3_4_5_6_7_8_9_10_11_12_13_14_15_16_17_18_19_20_21_22_23_24_25_26_27_28_29_30_31_32_33_34_35_36_37_38_39_40_41_42_43_44_45_46_47_48_49_50_51_52_53_54_55_56_57_58_59_60_61_62_63_64_65_66_67_68_69_70_71_72_73_74_75_76_77_78_79_80_81_82_83_84_85_86_87_88_89_91_93_94_95_97_98_99_101_102_103_105_106_107_109_110_111_113_114_116_117_119_120_121_123_124_125_128_129_131_132_133_135_136_137_139_140_141_144_145_146_148_150_151_152_154_157_158_160_161_162_164_167_168_171_172_173_175_176_178_181_182_184_185_187_190_191_196_197_198_199_200_202_203_205_206_209_211_212_213_214_215_217_218_219_220_223_224_226_227_228_229_230_231_232_233_234_235_237_238_241_242_243_244_245_246_247_248_249_250_251_252_253_254_255_256_257_258_259_260_261_262_263_264_265_266_267_268_269_270_271_272_274_275_276_277_279_281_282_284_286_287_289_291_295  3.63e+09  3.03e+09 235061.52 -159328.16  12597.07    686.82     87.46    325.87  -2055.72  -2817.97      0.00 0
3611 14.0      141_152_158_162_168_173_176_178_181_182_185_191_197_199_200_202_203_205_206_209_212_214_218_220_224_226_227_228_229_230_231_232_233_235_237_238_241_243_244_246_249_250_252_253_257_258_260_261_266_267_269_273_275_276_277_278_280_283_285_286_288_290_292_294_296  8.32e+10  7.55e+10 -38854.33 -31239.68  11299.46    843.91     77.23    218.80   -740.95  -9143.10      0.00 0
3612 14.0      128_140_148_157_158_161_167_168_172_173_181_182_184_190_191_196_197_198_200_205_206_211_212_213_214_217_219_220_223_224_226_227_230_231_234_235_237_238_241_242_243_244_246_249_250_251_253_255_256_258_259_264_268_270_271_272_274_279_282  1.91e+10  1.76e+10 -46531.66   9780.32  11494.38    778.25     76.41    168.13   1996.21  -7126.73      0.00 0
3613 14.0      0_1_2_3_4_5_6_7_9_10_12_13_14_17_18_21_22_25_26_27_29_30_33_34_35_36_38_41_42_43_45_46_49_50_53_54_55_56_59_60_63_64_65_67_68_71_72_75_76_77_79_80_83_84_86_89_90_92_95_99_101_103_104_107_108_111_112_115_118_121_125_129_130_137_141_146_149_152_156_158_162_168_173_176_180_185_191_197_199_212_214_218_220_224_235_238_241_243_244_255_256_258_259_264_271_274_279  1.62e+09  1.40e+09 -16727.24  48800.69  12261.42    702.66     76.63    108.92   2664.23  -3376.95      0.00 0
3614 14.0      158_168_173_191_197_212_214_220_235_238_243_244_255_258_259_264_271_274_279  5.25e+09  4.76e+09  19208.59 -27865.24  10140.92    798.00     73.32    304.58   4954.71  -9765.07      0.00 0
3615 14.0      224_235_241_243_244_251_255_256_259_264_265_268  1.58e+10  1.41e+10  16169.57   8575.81   8229.53    754.64     65.79     27.94   5567.78  -6854.75      0.00 0
3616 14.0      9_13_17_21_25_28_29_33_35_38_40_41_44_45_49_53_55_59_62_63_66_67_71_72_75_78_79_83_86_88_89_91_95_99_100_102_103_106_107_110_111_114_116_117_121_125_128_129_133_134_136_137_140_141_143_146_148_151_152_154_155_157_158_161_162_164_165_167_168_170_172_173_176_178_181_182_184_185_187_188_190_191_193_194_196_197_198_199_200_202_203_205_206_208_209_210_211_212_213_214_215_216_217_218_219_220_221_222_223_224_226_227_228_229_230_231_232_233_234_235_236_237_238_239_240_241_242_243_244_245_246_247_248_249_250_251_252_253_254_257_260_261_262_263_266_269_273_276_278_280_283_285_290_292  1.12e+09  9.35e+08 114931.01  70650.74  14632.07    749.30     83.81     31.58    384.51  -5327.01      0.00 0
3617 14.0      219_234_237_242_254_257_263_269_273_278_283_285_292  1.07e+10  9.61e+09  -7905.34 -27281.43   9492.73    801.25     71.52    253.84  -4316.94 -10911.12      0.00 0
3618 14.0      0_1_2_3_4_5_6_7_8_9_10_11_12_13_14_15_16_17_18_19_20_21_22_23_24_25_26_27_28_29_30_31_32_33_34_35_36_37_38_39_40_41_42_43_44_45_46_47_48_49_50_51_52_53_54_55_56_57_58_59_60_61_62_63_64_65_66_67_68_69_70_71_72_73_74_75_76_77_78_79_80_81_82_83_84_85_86_87_88_89_90_91_92_93_94_95_96_97_98_99_100_101_102_103_104_105_106_107_108_109_110_111_112_113_114_115_116_117_118_119_120_121_122_123_124_125_126_127_128_129_130_133_134_135_136_137_138_139_140_141_142_143_146_147_148_149_150_151_152_153_154_155_156_157_158_159_160_161_162_163_164_165_166_167_168_169_170_171_172_173_174_176_177_178_179_180_181_182_183_184_185_186_187_188_189_190_191_192_193_194_195_196_197_198_199_200_201_202_203_204_205_206_207_210_211_212_213_214_218_219_220_223_224_225_226_227_230_231_233_234_235_237_238_241_242_243_244_246_249_250_252_253_254_255_256_257_258_259_260_261_263_264_266_267_269_270_271_273_274_275_276_277_278_279_280_281_283_284_285_286_287_288_289_290_291_292_293_294_295_296_297_298  4.68e+10  4.16e+10  11813.21 223173.70  13590.69    789.83     86.52     86.97   1285.36   2750.90      0.00 0
3619 14.0      237_252_257_266_269_276_280_283_286_288_290_294_296  5.89e+10  5.31e+10  -5386.73  17466.43   7792.55    839.25     66.91    107.14  -1901.22 -10181.84      0.00 0
3620 14.0      104_112_115_118_130_138_142_149_156_159_169_180_183_189  2.51e+10  2.26e+10 -14995.22   8298.30   7817.56    791.82     65.48    151.04    663.90   4849.93      0.00 0
3621 14.0      251_256_259_268_271_272  3.80e+09  3.30e+09   2837.20  25906.31   9904.93    677.83     69.19     83.75   6336.74  -9522.55      0.00 0
3622 14.0      0_1_2_3_4_5_6_7_8_9_10_11_12_13_14_15_16_17_18_19_20_21_22_23_24_25_26_27_28_29_30_31_32_33_34_35_36_37_38_39_40_41_42_43_44_45_46_47_48_49_50_51_52_53_54_55_56_57_58_59_60_61_62_63_64_65_66_67_68_69_70_71_72_74_75_76_77_78_79_80_82_83_84_86_88_89_90_91_92_94_95_96_99_100_102_103_104_106_107_108_110_111_112_114_116_117_118_120_121_122_125_126_128_129_130_133_134_136_137_138_140_141_142_143_146_147_148_151_152_153_154_155_157_158_159_161_162_163_164_165_167_168_169_170_172_173_174_175_176_177_178_179_181_182_184_185_186_187_188_190_191_192_193_194_196_197_198_199_200_202_203_205_206_208_209_210_211_212_213_214_215_216_217_218_219_220_221_222_223_224_226_227_228_229_230_231_232_233_234_235_236_237_238_239_240_241_242_243_244_246_249_250_252_253_254_255_257_258_260_261_263_264_266_267_269_270_273_274_275_276_277_278_280_281_283_284_285_286_287_288_289_290_291_292_293_294_295_296_297_298  1.12e+10  1.02e+10 -109238.13 -177355.89  13652.56    825.79     86.25    238.37     50.37  -5385.27      0.00 0
3624 14.0      89_91_102_103_107_110_111_116_117_121_128_129_137_140_141_146_148_152_154_157_158_161_162_167_168_172_173_176_178_181_182_184_185_187_190_191_196_197_198_199_200_202_203_205_206_209_211_212_213_214_215_217_218_219_220_223_224_226_227_228_229_230_231_232_233_234_235_237_238_239_241_242_243_244_245_246_247_248_249_250_251_252_253_254_255_256_257_258_259_260_261_262_263_264_265_266_267_268_269_270_271_272_273_274_275_276_277_278_279_280_281_282_283_284_285_286_287_288_289_290_291_292_293_294_296  2.69e+09  2.28e+09 -159589.44 -42254.76  14937.09    712.02     84.83    194.83  -1938.87  -7981.78      0.00 0
3625 14.0      103_111_117_129_148_158_168_182_191_200_206_227  4.68e+09  4.18e+09   4419.18  17580.52   8207.71    752.82     65.64     75.89   1062.88  -5563.00      0.00 0
3626 14.0      116_128_136_140_148_151_157_158_161_167_172_175_181_182_184_190_191_196_197_198_200_205_206_211_213_214_217_219_220_223_226_227_230_231_234_235_237_238_242_243_246_249_250_252_253_255_258_259_260_261_264_267_270_271_274_279_281_284  1.15e+10  1.05e+10  47547.52 -22070.82  11726.93    799.15     77.39    335.10   -352.75  -6979.02      0.00 0
3627 14.0      117_129_141_148_152_158_162_168_173_176_182_185_191_197_199_202_203_212_218_224_228_233_241_245_248  8.71e+09  7.80e+09 -25294.76  -2765.76   9326.85    760.06     69.87    186.24   3557.55  -4969.44      0.00 0
3628 14.0      110_116_128_136_140_148_151_157_161_167_172  3.16e+09  2.88e+09 -16590.27   6385.02   8063.80    767.58     65.60    158.95  -1753.61  -4500.01      0.00 0
3629 14.0      0_1_2_3_4_5_6_7_8_9_10_11_12_13_14_15_16_17_18_19_20_21_22_23_24_25_26_27_28_29_30_31_32_33_34_35_36_37_38_39_40_41_42_43_44_45_46_47_48_49_50_51_52_53_54_55_56_58_59_60_62_63_64_65_66_67_68_70_71_72_74_75_76_77_78_79_80_82_83_84_86_88_89_90_91_92_94_95_96_99_100_102_103_104_106_107_108_110_111_112_114_116_117_118_120_121_122_125_126_128_129_130_133_134_136_137_138_140_141_142_143_147_148_151_153_155_157_158_159_161_163_167_168_169_172_174_177_179_181_182_184_186_190_191_192_196_198_200_205_206_211_213_219_223_226_227_230_234_237_242_246_249_252_254_257_260_263_266_269_273_276_278_280_283_285_288_290_292_296  4.57e+09  4.05e+09 -40470.54 -78916.47  13128.04    855.85     81.58    242.85   1415.31    200.16      0.00 0
3630 14.0      121_137_141_146_152_154_162_164_168_173_176_178_182_185_187_191_193_197_199_200_202_203_206_208_209_212_214_215_218_220_221_222_224_226_227_228_229_231_232_233_235_236_238_239_241_243_244_245_246_247_248_249_250_251_253_255_256_258_259_260_261_264_266_267_270_274_275_276_277_280_281_284_286_287_288_289_290_292_293_294_295_296_297_298  1.35e+09  1.15e+09 -38806.66 -46511.14  12610.50    738.09     78.24    230.16   2651.86  -7275.63      0.00 0
3631 14.0      3_4_6_9_10_12_14_17_18_21_22_25_26_30_33_34_36_38_41_42_46_49_50_53_54_56_59_60_63_64_68_71_72_75_76_80_83_84_89_90_92_104_107  1.26e+09  1.09e+09  -5362.25  20689.60   8909.93    726.60     67.37    104.53   1294.40    557.64      0.00 0
3632 14.0      129_158_168_182_191_200_206_214_227_231_246_250_253_261_267_275_277_287  1.12e+09  9.50e+08  -1487.67 -23514.81   9395.45    701.95     68.26    266.38   1145.72  -7786.05      0.00 0
3633 14.0      91_102_116_117_128_148_157_181_182_190_200_205_226_227  7.41e+09  6.59e+09   2990.09 -15630.16   6972.33    921.98     66.34    280.83   -415.44  -5595.48      0.00 0
3634 14.0      0_1_2_3_4_5_6_7_8_9_10_11_12_13_14_15_16_17_18_19_20_22_23_24_25_26_27_28_30_31_32_34_36_37_39_40_42_43_46_47_48_50_51_52_54_56_57_58_60_61_62_64_65_68_69_70_73_74_76_77_80_81_82_84_85_87_90_92_93_94_96_97_98_101_104_105_106_108_109_112_113_115_118_119_120_122_123_124_126_127_130_131_132_135_136_138_142_145_147_149_151_153_156_159_163_169_174_175_177_183_184_186_192  1.91e+10  1.72e+10  55659.52  45023.95  12121.41    924.05     80.39     38.97   1339.70   3353.60      0.00 0
3635 14.0      0_1_2_3_4_5_6_7_8_9_10_11_12_13_14_15_16_17_18_19_20_21_22_23_24_25_26_27_28_29_30_31_32_33_34_35_36_37_38_39_40_41_42_43_44_45_46_47_48_49_50_51_52_53_54_55_56_57_58_59_60_61_62_63_64_65_66_67_68_69_70_71_72_73_74_75_76_77_78_79_80_81_82_83_84_85_86_87_88_89_90_91_92_93_94_95_96_97_98_99_100_101_102_103_104_105_106_107_108_109_110_111_112_113_114_116_117_119_120_121_122_123_124_125_126_128_129_131_132_133_134_135_136_137_140_141_143_144_145_146_147_148_150_151_152_154_155_157_158_160_161_162_164_165_168_170_173_175_176_178_179_184_185_187_188_193_194_199_202_203_208_209_210_215_216_218_221_222_224_228_229_232_233_236_239_240_241_245_247_248_251_262_265  4.68e+10  4.19e+10 159422.00 -23342.41  13954.66    860.80     85.05    351.67   5477.97  -1570.44      0.00 0
3636 14.0      148_157_181_182_190_200_205_206_226_227_231_246_250_253_261_267  2.63e+10  2.35e+10   9997.32 -16442.71   8375.26    758.43     66.48    301.30    294.73  -7401.95      0.00 0
3637 14.0      173_197_199_212_214_218_220_224_231_235_238_250_253  2.88e+09  2.51e+09  12858.71  13640.56   8225.00    770.15     66.31     46.69   2872.36  -6646.80      0.00 0
3638 14.0      197_206_212_214_220_224_226_227_231_233_235_238_241_243_244_246_248_249_250_251_252_253_255_256_258_259_260_261_264_265_266_267_268_269_270_273_275_276_277_280_283_285_288_290_292  7.94e+09  7.32e+09 -27481.03 -13439.04   9044.07    949.01     73.53    206.06   1501.16  -8447.26      0.00 0
3639 14.0      0_1_2_3_4_5_6_7_8_9_10_11_12_13_14_15_16_17_18_19_20_21_22_23_24_25_26_27_28_29_30_31_33_34_35_36_38_39_40_41_42_43_44_45_46_49_50_51_53_54_55_56_59_60_61_63_64_65_67_68_71_72_75_76_77_78_79_80_83_84_86_87_89_90_91_92_95_99_101_103_104_107_109_111_115_117_118_121_127_129_137_141_149_152_156_158_162_166_168_173_182_185_189_191_197_199_206_212_214_218_220_224_231_235_238_241_243_244_253_255_258_259_264_270_271_274_279_284  8.91e+10  8.27e+10  16915.06 -43950.57  10199.12   1033.90     77.78    291.05   2413.31  -4426.88      0.00 0
3640 14.0      40_52_58_62_66_74_78_82_88_91_94_98_102_103_106_110_113_116_117_120_124_128_129_131_132_136_140_145_148_151_157_158_161_167_168_172_173_175_181_182_184_190_191_196_197_198_200_205_206_211_212_213_214_217_219_220_223_224_226_227_230_231_234_235_237_238_242_243_244_246_249_250_252_253_254_255_257_258_259_260_261_263_264_266_267_269_270_271_272_273_274_275_276_277_278_279_280_281_283_284_285_286_287_288_289_290_291_292_293_294_295_296_297_298  7.08e+09  6.48e+09 -138407.34 105133.06  14075.93    829.72     85.37    142.78  -3583.55  -5742.90      0.00 0
3641 14.0      146_152_154_162_164_176_178_185_187_193_199_202_203_218  4.07e+09  3.81e+09  -6795.69 -15277.72   7416.69    857.51     66.08    246.02   4893.45  -3133.95      0.00 0
3642 14.0      38_50_54_60_64_71_72_75_76_84_86_90_95_96_99_100_104_108_112_114_118_121_122_125_126_130_133_134_138_142_143_146_147_152_153_154_155_159_162_163_164_165_169_170_174_176_177_178_179_183_185_186_187_188_192_193_194_199_201_202_203_207_208_209_210_215_216_218_221_222_224_225_228_229_232_233_236_239_240_241_244_245_247_248_251_256_259_262_265_268_272_282  4.90e+09  4.36e+09  39005.05 -105784.67  13783.62    841.10     83.03    290.24   6178.92   -662.09      0.00 0
3643 14.0      25_33_38_49_50_53_59_63_67_71_72_75_76_83_86_89_95_99_103_107_111_121_129_137_141_162_168_173_191_197_214_220  3.39e+09  3.03e+09   -338.59 -25524.28   9442.55    741.66     69.70    269.24   2461.92  -3190.11      0.00 0
3644 14.0      162_173_176_185_191_197_199_202_203_206_209_212_214_215_218_220_224_226_227_228_229_231_232_233_235_238_239_241_243_244_245_246_247_248_249_250_251_252_253_255_256_258_259_260_261_262_264_265_266_267_268_269_270_271_272_274_275_276_277_279_280_281_282_283_284_285_286_287_288_289_290_291_292_293_294_295_296_297_298  4.17e+10  3.95e+10 186383.09 145304.39  12468.27    916.45     86.98     37.94   5589.23  -9977.59      0.00 0
3645 14.0      0_1_2_3_4_5_6_7_8_9_10_11_12_13_14_15_16_17_18_19_20_21_22_23_24_25_26_27_28_29_30_31_32_33_34_35_36_37_39_40_41_42_43_44_45_46_47_48_51_52_53_54_55_56_57_58_61_62_63_64_65_66_67_68_69_70_73_74_77_78_79_80_81_82_85_87_88_89_90_91_92_93_94_97_98_101_102_103_104_105_106_109_110_113_115_116_117_118_119_120_123_124_127_128_129_131_132_135_136_139_140_144_145_148_149_150_151_156_157_158_159_160_161_166_167_171_172_175_180_181_182_183_184_189_190_191_195_196_198_200_201_204_205_206_207_211_213_217_219_223_225_226_227_230_231_234_237_242_246_249_250_252_254_257_260_261_263_266_267_269_273_275_276_277_278_280_283_285_286_287_288_289_290_292_293_294_295_296_297_298  3.72e+09  3.20e+09   6139.26 -167426.73  14539.93    765.86     85.04    272.10  -2933.35  -2609.16      0.00 0
3646 14.0      212_220_224_235_238_243_253_255_258_264_267_270_274_277_281_284_287_289_291_295_298  1.02e+09  8.85e+08  10136.45  29981.29  10350.43    719.21     71.89     71.32   2403.90 -10332.94      0.00 0
3647 14.0      90_92_104_108_112_115_118_122_130_138_142_147_153  6.92e+09  6.20e+09 -14799.80   5880.58   7077.08    898.18     66.04    158.33   2190.77   3577.84      0.00 0
3648 14.0      0_1_2_3_4_5_6_7_8_9_10_11_12_13_14_15_16_17_18_19_20_21_22_23_24_25_26_27_28_29_30_31_32_33_34_35_36_37_38_39_40_41_42_43_44_45_46_47_48_49_50_51_52_53_54_55_56_57_58_59_60_61_62_63_64_65_66_67_68_69_70_71_72_73_74_76_77_78_79_80_81_82_83_84_85_87_88_89_90_91_92_93_94_96_97_98_101_102_103_104_105_106_108_109_110_112_113_115_116_117_118_119_120_122_124_127_128_130_132_135_136_138_139_140_142_145_148_149_151_153_156_157_159_161_163_166_167_169_172_174_175_180_181_183_184_186_189_190_192_196_198_201_204_205_207_211_213_217_219_223_225_230_234_237_242_252_254_257_263_266_269_273_278_280_283_285_290_292  1.70e+09  1.45e+09 -37398.26 -88190.37  13428.64    839.23     82.02    247.02  -1339.07   -977.26      0.00 0
3649 14.0      95_99_107_111_114_121_125_129_133_134_137_141_143_146_152_154_155_158_162_164_165_168_170_173_176_178_179_182_185_187_188_191_193_194_197_199_200_202_203_206_208_209_210_212_214_215_216_218_220_221_222_224_227_228_229_231_232_233_235_236_238_239_240_241_243_244_245_246_247_248_250_251_253_255_256_258_259_260_261_262_264_265_267_268_270_271_272_274_275_276_277_279_281_282_284_286_287_288_289_291_293_294_295_296_297_298  1.00e+10  8.72e+09  67333.98 135524.61  13931.92    867.59     84.74     63.58   3260.41 -10437.92      0.00 0
3650 14.0      158_168_182_191_197_206_212_214_220_235_238_243_255_258_259_264_271_279  4.07e+09  3.74e+09  17502.37 -15870.19   8894.62    791.89     69.37    317.80   3515.80  -7615.12      0.00 0
3651 14.0      0_1_2_3_4_5_6_7_8_9_10_11_12_13_14_15_16_17_18_19_20_21_22_23_24_25_26_27_28_29_30_31_32_33_34_35_36_37_38_39_40_41_42_43_44_45_46_47_48_49_50_51_52_53_54_55_56_57_58_59_61_62_63_65_66_67_69_70_71_72_73_74_75_77_78_79_80_81_82_83_85_86_87_88_89_91_93_94_95_97_98_99_101_102_103_105_106_107_109_110_111_113_116_117_119_120_121_123_124_125_127_128_129_131_132_135_137_139_141_144_146_148_150_152_157_158_160_162_166_168_171_173_176_181_182_185_191_197_199_202_203_206_212_214_218_220_224_228_231_233_235_238_241_243_244_248_251_253_255_256_258_259_264_265_268_271_272_274_279_282  1.38e+09  1.21e+09 -65364.38  70983.70  13819.12    778.04     81.85    132.64   1093.95  -2896.57      0.00 0
3652 14.0      108_112_122_126_138_147_153_155_165_177_179_188_194_210_216  6.46e+09  5.82e+09 -17529.73   8368.77   8571.46    728.95     66.19    154.48   4505.14   2495.15      0.00 0
3653 14.0      125_133_146_152_154_164_176_178_185_187_202_203_209_218_224_228_233_241_244_248_251_256_259_268_272  3.24e+09  2.91e+09   4605.99 -26095.22   9383.65    775.74     70.50    280.01   5575.40  -4881.22      0.00 0
3654 14.0      0_1_2_3_4_5_6_7_8_9_10_11_12_13_14_15_16_17_18_19_20_21_22_23_24_25_26_27_28_29_30_31_32_33_34_35_36_37_38_39_40_41_42_43_44_45_46_47_48_49_50_51_52_53_54_55_56_57_58_59_60_61_62_63_64_65_66_67_68_69_70_71_72_73_74_75_76_77_78_79_80_81_82_83_84_85_86_87_88_89_90_91_92_93_94_95_96_97_98_100_101_102_103_104_105_106_107_108_109_110_111_112_113_115_116_117_118_119_120_122_123_124_126_127_128_129_130_131_132_135_136_138_139_140_142_144_145_147_148_149_150_151_153_156_157_158_159_160_161_163_166_167_169_171_172_174_175_177_180_181_182_183_184_186_189_190_192_195_196_198_200_201_204_205_207_211_213_217_219_223_225_226_230_234_237_242_249_252_254_257_263_266_269_273_278_280_283_285_290_292  4.07e+10  3.66e+10 118733.09 231924.97  12150.54    856.08     87.33     62.89  -4120.22  -2398.77      0.00 0
3655 14.0      141_162_173_185_199_203_218_224_228_233_241_245_248_251_262_265_268_282  1.55e+09  1.40e+09  23566.94  -6757.71   8855.56    824.35     70.14    344.00   6449.08  -5414.53      0.00 0
3656 14.0      112_115_118_127_130_138_142_149_153_156_159_163_166_169_171_174_177_180_183_186_189_192_195_201_204_207  1.26e+09  1.12e+09 -40181.66   6767.37  11484.32    687.91     74.26    170.44   3574.84   4938.18      0.00 0
3657 14.0      0_1_2_3_4_5_6_7_8_9_10_11_12_13_14_15_16_17_18_19_20_21_22_23_24_25_26_27_28_29_30_31_32_33_34_36_37_38_39_41_42_43_46_47_48_49_50_51_53_54_56_57_59_60_61_63_64_65_68_69_70_71_72_73_74_75_76_77_80_81_83_84_85_86_87_90_92_93_95_96_97_99_100_101_104_105_108_109_112_113_114_115_118_119_122_123_125_126_127_130_131_133_134_135_138_139_142_143_144_146_147_149_150_153_154_155_156_159_160_163_164_165_166_169_170_171_177_178_179_180_186_187_188_189_193_194_195_208_209_210_215_216_221_222_229_232_236_239_240_247  2.34e+10  2.16e+10 -96425.89  28984.20  12987.72    941.59     82.65    163.27  -4235.71   3408.21      0.00 0
3658 14.0      91_102_103_110_111_116_117_120_128_129_136_137_140_141_145_148_151_157_158_161_162_167_168_172_173_175_181_182_184_185_190_191_196_197_198_199_200_203_205_206_211_212_213_214_217_218_219_220_223_224_226_227_228_230_231_233_234_235_237_238_241_242_243_244_245_246_248_249_250_251_252_253_254_255_256_257_258_259_260_261_262_263_264_265_266_267_268_269_270_271_272_273_274_275_276_277_278_279_281_282_284  4.37e+09  3.87e+09 116053.09 -15175.65  14122.08    797.01     83.12    352.55  -2726.51  -6441.93      0.00 0
3659 14.0      0_1_2_3_4_5_6_7_8_9_10_11_12_13_14_15_16_17_18_19_20_21_22_23_24_25_26_27_28_29_30_31_32_33_34_35_36_37_38_39_40_41_42_43_44_45_46_47_48_49_50_51_52_53_54_55_56_57_58_59_60_61_62_63_64_65_66_67_68_69_70_71_72_73_74_75_76_77_78_79_80_81_82_83_84_85_86_87_88_89_90_91_92_93_94_95_96_97_98_99_100_101_102_103_104_105_106_107_109_110_111_113_114_115_116_117_119_120_121_123_124_125_127_128_129_131_132_133_134_135_136_137_139_140_141_143_144_145_146_148_150_151_152_154_157_158_160_161_162_164_166_167_168_171_173_176_178_181_182_185_187_191_193_197_199_200_202_203_206_209_212_214_215_218_220_224_228_229_231_232_233_235_238_239_241_243_244_245_247_248_251_255_256_258_259_262_264_265_268_271_272_274_279_282  3.31e+09  2.85e+09 128604.41 -94573.05  14134.67    832.41     84.94    323.67   4012.66  -4300.47      0.00 0
3660 14.0      173_199_212_224_235_241_244_255_256_259_272  4.27e+10  3.89e+10  11962.08 -10865.59   7354.42    847.45     65.53    317.75   5148.57  -6910.93      0.00 0
3661 14.0      0_1_2_3_4_5_6_7_8_9_10_11_12_13_14_15_16_18_19_20_22_23_24_27_28_30_32_35_36_40_42_43_44_46_48_52_56_58_62_66_68_78_80_82_88_102_106_110_136_140  2.29e+10  2.08e+10 -10018.10 -19798.11   8641.99    798.86     68.72    243.16   -798.42   -789.93      0.00 0
3662 14.0      7_10_14_19_22_27_30_31_34_36_39_42_43_46_51_54_56_57_60_61_64_65_68_73_76_77_80_81_84_87_90_92_93_96_97_100_101_104_105_108_109_112_115_118_119_122_123_126_127_130_131_134_135_138_139_142_144_147_149_150_153_155_156_159_160_163_165_166_169_171_174_177_179_180_183_186_188_189_192_194_195_201_204_207_210_216_222_225_240  6.76e+09  5.89e+09 -157228.09   1042.79  14502.90    776.66     84.73    179.62   -512.26   5135.82      0.00 0
3663 14.0      158_168_191_197_214_220_238_243_258_264  1.91e+09  1.65e+09 -10070.19  14102.26   8040.02    756.51     65.11    125.53   2478.76  -6962.37      0.00 0
3664 14.0      241_243_244_245_248_251_255_256_258_259_262_264_265_268_270_271_272_274_277_279_281_282_284_287_289_291_293_295_297_298  2.82e+09  2.49e+09 -35014.27 -32355.53  10945.25    881.24     77.07    222.74   5914.89  -8493.26      0.00 0
3665 14.0      5_8_9_13_16_17_20_21_28_29_32_33_35_40_41_44_45_48_49_52_53_55_58_59_62_63_66_67_74_75_78_79_82_83_88_89_91_94_95_98_99_102_103_106_107_110_111_117_120_121_124_125_129_132_133_136_137_141_145_146_152_154_162_164_176_178_185_187_193_202_203_209_215_218_221_228_229_232_233_239_245_247_248_262  1.78e+09  1.56e+09 -54683.48   5515.98  12416.24    714.24     77.27    174.24   5569.48  -2891.75      0.00 0
3666 14.0      18_22_25_26_30_34_38_42_46_49_50_54_60_64_68_71_72_75_76_80_84_86_90_92_95_96_99_100_104_108_112_114_115_118_121_122_125_126_130_133_134_138_142_143_146_149_152_154_159_164_169_176_178_180_183_192_201_204_207_225  2.34e+10  2.08e+10  17292.48 -32495.05  10423.05    802.30     74.19    298.02   2357.46   2032.90      0.00 0
3667 14.0      0_2_3_4_5_6_8_9_10_12_13_16_17_18_20_21_22_25_26_28_29_30_33_34_35_38_40_41_42_44_45_49_50_52_53_54_55_59_60_62_63_64_66_67_68_71_72_75_76_78_79_83_84_86_88_89_90_91_95_96_99_100_102_103_107_108_110_111_112_114_116_117_121_122_125_126_128_129_133_134_136_137_138_140_141_142_143_146_147_148_152_153_154_155_157_158_161_162_163_164_165_167_168_170_172_173_174_176_177_178_179_181_182_185_186_187_188_190_191_193_194_196_197_198_199_200_202_203_205_206_208_209_210_211_212_213_214_215_216_218_219_220_221_222_223_224_226_227_228_229_230_231_232_233_234_235_236_237_238_239_240_241_242_243_244_245_246_247_248_249_250_251_252_253_254_255_256_257_258_259_260_261_262_263_264_265_266_267_268_269_270_271_272_273_274_275_276_277_278_279_280_281_282_283_284_285_286_287_288_289_290_291_292_293_294_295_296_297_298  1.15e+09  1.00e+09 158632.50 233683.77  11837.76    792.99     87.60     55.83   4210.22  -3927.81      0.00 0
3668 14.0      13_20_28_29_32_35_40_41_44_45_52_53_55_58_62_63_66_67_74_78_79_82_83_88_89_91_94_95_98_102_103_106_107_110_111_116_117_120_121_124_128_129_132_136_137_140_141_145_146_148_151_152_157_158_161_162_167_168_172_173_175_176_178_181_182_184_185_190_191_196_197_198_199_200_202_203_205_206_209_211_212_213_214_217_218_219_220_223_224_226_227_228_229_230_231_232_233_234_235_237_238_241_242_243_244_245_246_247_248_249_250_251_252_253_254_255_256_258_259_262_264_265_267_268_270_271_272_274_279_282  7.76e+10  7.03e+10 -123631.41  24524.53  13803.67    868.23     83.75    168.78   3644.67  -5816.42      0.00 0
3669 14.0      0_1_2_3_4_5_6_7_8_9_10_11_12_13_14_15_16_17_18_19_20_21_22_23_24_25_26_27_28_29_30_31_32_33_34_35_36_37_38_39_40_41_42_43_44_45_46_47_48_49_50_51_52_53_54_55_56_57_58_59_60_61_62_63_64_65_66_67_68_69_70_71_72_73_74_75_76_77_78_79_80_81_82_83_84_85_86_87_88_89_90_91_92_93_94_95_96_97_98_99_100_101_102_103_104_105_106_107_108_109_110_111_112_113_114_115_116_117_118_119_120_121_122_123_124_125_126_127_128_129_130_131_132_133_134_135_136_137_138_139_140_141_142_143_144_145_146_147_148_149_150_151_152_153_154_155_156_157_158_159_160_161_162_163_164_165_166_167_168_169_170_171_172_173_174_175_176_177_178_179_180_181_182_183_184_185_186_187_188_189_190_191_192_193_194_195_196_197_198_199_200_201_202_203_204_205_206_207_208_209_210_211_212_213_214_215_216_218_219_220_221_222_224_225_226_227_228_229_230_231_232_233_235_236_237_238_239_240_241_242_243_244_245_246_247_248_249_250_251_252_253_255_256_257_258_259_260_261_262_264_265_266_267_268_269_270_271_272_274_275_276_277_279_280_281_282_284_286_287_288_289_291_293_294_295_297_298  5.37e+10  4.83e+10 -111565.16 281637.81  10896.19    814.20     87.94    111.61   2404.37   3107.26      0.00 0
3670 14.0      0_1_2_3_4_5_6_7_8_9_10_11_12_13_14_15_16_17_18_19_20_21_22_23_24_25_26_27_28_29_30_31_32_33_34_35_36_37_38_39_40_41_42_43_44_45_46_47_48_49_50_51_52_53_54_55_56_57_58_59_60_61_62_63_64_65_66_67_68_69_70_71_72_73_74_75_76_77_78_79_80_81_82_83_84_85_86_87_88_89_90_91_92_94_95_96_97_98_99_100_102_103_104_106_107_108_110_111_112_113_114_116_117_118_120_122_124_125_126_128_130_132_133_134_136_138_140_142_143_145_147_148_151_153_155_157_161_163_165_167_169_172_174_175_177_179_184_186_188_190_194_196_198_210_211_213_216_217_219_223_234_237_242_254_263_278  6.76e+09  5.97e+09 -75847.88 -70309.70  13285.51    897.08     82.68    222.83  -1710.04  -2215.48      0.00 0
3671 14.0      0_1_2_3_4_5_6_7_8_9_10_11_12_13_14_15_16_17_18_19_20_21_22_23_24_25_26_27_28_29_30_31_32_33_34_35_36_37_38_39_40_41_42_43_44_45_46_47_48_49_50_51_52_53_54_55_56_57_58_59_60_61_62_63_64_65_66_67_68_69_70_71_72_73_74_75_76_77_78_79_80_81_82_83_84_85_86_87_88_89_90_91_92_93_94_95_96_97_98_99_100_101_102_103_104_105_106_107_108_109_110_111_112_113_114_115_116_117_118_119_121_122_123_124_125_126_127_129_130_131_132_133_134_135_137_139_141_143_144_146_148_149_150_152_154_156_158_160_162_164_165_166_168_170_171_173_176_178_180_185_187_189_191_193_195_197_199_202_203_204_209_212_214_215_218_220_224_228_229_232_233_235_239_241_243_244_245_247_248_251_255_256_259_262_264_265_268_271_272_279_282  1.05e+10  9.68e+09 -101279.10  93000.51  13821.39    880.41     84.26    137.44  -1761.72   1840.67      0.00 0
3672 14.0      22_30_34_36_42_43_46_50_54_56_60_64_65_68_71_72_76_77_80_84_86_87_90_92_96_99_100_101_104_108_109_112_114_115_118_122_126_127_130_133_134_138_139_142_143_147_149_153_154_155_156_159_160_163_164_165_166_169_170_171_174_177_179_180_183_186_187_188_189_192_193_194_195_201_204_207_208_209_210_215_216_221_222_225_229_232_236_239_240_247  3.98e+09  3.43e+09 -176720.02 124062.72  14114.30    738.81     86.26    144.93   5405.47   4109.31      0.00 0
3673 14.0      261_267_270_274_275_277_281_284_289_291  4.37e+10  3.93e+10  16944.47  -4155.69   7557.06    856.91     66.58    346.22   2718.78 -10410.10      0.00 0
3674 14.0      111_117_129_137_141_146_148_152_157_158_162_168_173_176_178_181_182_185_190_191_197_199_200_202_203_205_206_209_212_213_214_218_220_224_228_229_232_233_239_241_245_247_248_251_262  2.19e+10  1.95e+10  39087.37  11222.89  10759.78    807.21     75.18     16.02   5299.28  -4294.47      0.00 0
3675 14.0      0_1_2_3_4_5_6_7_8_9_10_11_12_13_14_15_16_17_18_19_20_21_22_23_24_25_26_27_28_29_30_31_32_33_34_35_36_37_38_39_40_41_42_43_44_45_46_47_48_49_50_51_52_53_54_55_56_57_58_59_60_61_62_63_64_65_66_67_68_69_70_71_72_73_74_75_76_77_78_79_80_81_82_83_84_85_86_88_89_90_91_94_95_96_97_98_99_100_102_103_104_106_107_108_110_111_112_113_114_116_117_120_121_122_124_125_126_128_132_133_134_136_138_140_142_143_145_147_151_153_154_155_157_161_163_164_165_167_170_172_175_177_179_184_186_188_193_194_196_198_208_210_211_216_217_222_223_234_240  3.63e+10  3.30e+10  84409.52  50818.65  13461.44    845.68     82.22     31.05  -2739.49  -2598.62      0.00 0
3676 14.0      121_125_133_143_146_152_154_162_164_165_170_173_176_178_185_187_188_193_194_199_202_203_208_209_212_215_216_218_220_222_224_228_233_235_241_243_244_255_258_264  1.62e+10  1.46e+10  -9310.20 -31756.06   9959.77    816.61     73.25    253.66   5018.97  -3465.32      0.00 0
3677 14.0      11_16_20_23_24_28_31_32_37_40_44_47_48_52_57_58_62_66_69_70_73_74_82_85_93_97_98_113_119_123_131_144_150  1.00e+10  8.90e+09 -19141.85  20362.62   9519.45    785.49     71.19    133.23  -3930.75   1308.26      0.00 0
3678 14.0      3_4_9_10_12_17_18_21_22_25_26_29_30_33_34_38_41_42_46_49_50_53_54_59_60_63_64_67_68_71_72_75_76_83_84_86_89_90_95_103_107_111_129_137_141  1.38e+09  1.19e+09  -2849.32  25442.38   9510.91    731.67     69.62     96.39   1827.17   -645.09      0.00 0
3679 14.0      0_1_2_3_4_5_6_8_9_12_13_17_18_21_25_29_33_35_41_45_49_53_55_59_63_67_75_79_83_89_95_103_107_111_121_129_137_141_152_162_168_173_185_197_199_212_218_220_224_235_241_243_244_255_256_259_264_271_279  4.47e+10  4.00e+10  17301.60 -30394.54  10160.85    816.41     73.80    299.65   3140.19  -5023.74      0.00 0
3680 14.0      10_18_22_25_26_30_34_36_38_42_46_49_50_54_56_59_60_64_68_71_72_75_76_77_80_84_86_90_92_95_96_99_100_101_104_108_112_114_115_118_121_122_125_126_127_130_133_134_138_142_143_146_147_149_152_153_154_155_156_159_163_164_165_166_169_170_174_176_177_178_179_180_183_185_186_187_188_189_192_193_194_195_201_202_203_204_207_208_209_210_215_216_218_221_222_225_228_229_232_233_236_239_240_245_247_248_251_262_265_268_282  7.08e+09  6.46e+09 -97135.53 129843.73  13531.15    932.94     85.23    126.80   6451.92    634.45      0.00 0
3681 14.0      9_12_13_17_21_25_26_28_29_33_35_38_40_41_44_45_49_50_53_55_59_62_63_66_67_71_72_75_76_78_79_83_86_88_89_91_95_99_100_102_103_107_110_111_114_116_117_121_125_126_128_129_133_134_136_137_140_141_143_146_147_148_152_154_155_157_158_161_162_164_165_167_168_170_172_173_176_178_179_181_182_184_185_187_188_190_191_193_194_196_197_198_199_200_202_203_205_206_208_209_210_211_212_213_214_215_216_217_218_219_220_221_222_223_224_226_227_228_229_230_231_232_233_234_235_236_237_238_239_240_241_242_243_244_245_246_247_248_249_250_251_252_253_254_255_256_257_258_259_260_261_262_263_264_265_266_267_268_269_270_271_272_273_274_275_276_277_278_279_280_281_282_283_284_285_286_287_288_289_290_291_292_293_294_295_296_297_298  2.09e+09  1.87e+09 145603.05 117780.82  13752.73    859.90     85.80     38.97   1009.11  -6362.35      0.00 0
3682 14.0      52_58_62_66_74_78_82_88_91_94_98_102_103_106_110_113_116_117_120_124_128_129_132_136_140_141_145_148_151_157_158_161_167_168_172_173_175_181_182_184_190_191_196_197_198_199_200_205_206_211_212_213_214_217_219_220_223_224_226_227_230_231_234_235_237_238_242_243_244_246_249_250_252_253_254_255_256_257_258_259_260_261_263_264_266_267_269_270_271_272_273_274_275_276_277_278_279_280_281_283_284_285_286_287_288_289_290_291_292_293_294_295_296_297_298  4.47e+09  3.86e+09 -169340.05 113021.19  14200.87    757.57     86.01    146.28   3900.28 -11163.98      0.00 0
3683 14.0      44_45_55_62_63_66_67_78_79_88_89_91_102_103_106_107_110_111_116_117_120_121_128_129_136_137_140_145_151_157_161_167_172_175_184_198_217  2.95e+09  2.59e+09 -29064.44  -4374.83   9289.78    865.13     72.46    188.56  -1812.56  -3683.61      0.00 0
3684 14.0      190_196_205_213_226_227_230_237_246_249_250_252_260_261_266_267_275_276_277_281_287_289_291_295  2.09e+10  1.89e+10  14426.56 -17581.95   8116.36    927.82     70.36    309.37    232.40  -9424.20      0.00 0
3685 14.0      80_92_101_104_115_118_127_149_156_166_180_189_195  1.82e+10  1.65e+10 -11262.86  15055.38   8027.50    810.26     66.88    126.80  -1144.14   5000.95      0.00 0
3686 14.0      227_231_238_243_246_250_253_255_258_259_264_267_270_271_272_274_279  8.32e+10  7.50e+10  25737.52   -354.89   9024.10    824.55     70.68    359.21   4518.94  -8557.90      0.00 0
3687 14.0      40_52_58_62_66_74_78_82_88_91_102_106_110_116_128_140_148_157_167_181_182_190_200_205_226_227  4.79e+09  4.25e+09  -7451.34  20252.15   8409.13    826.13     68.71    110.20  -1021.68  -4518.64      0.00 0
3688 14.0      167_172_196_198_211_219_223_234_254  2.14e+09  1.87e+09  14614.57   8829.99   7777.91    797.24     65.51     31.14  -4107.50  -6513.87      0.00 0
3689 14.0      0_1_2_3_4_5_6_7_8_9_10_11_12_13_14_15_16_17_18_19_20_21_22_23_24_25_26_28_29_31_32_33_34_35_37_38_40_41_44_45_47_48_49_50_52_53_55_57_58_59_60_62_63_66_67_69_70_71_72_73_74_75_76_78_79_82_83_85_86_88_89_91_94_95_97_98_99_100_102_103_106_107_110_111_113_114_116_117_120_121_124_125_128_129_131_132_133_134_136_137_140_141_143_145_146_148_151_152_154_157_158_161_162_164_165_167_168_170_172_173_175_176_178_181_182_184_185_187_190_191_193_194_196_197_198_199_200_202_203_205_206_208_209_211_212_213_214_215_217_218_219_220_221_222_223_224_226_227_228_229_230_231_232_233_234_235_236_237_238_239_241_242_243_244_245_246_247_248_249_250_251_252_253_254_255_256_257_258_259_262_263_264_265_268_271_272_282  9.77e+10  8.90e+10 197020.69  -5124.76  13643.42    856.11     86.04    358.51   -936.48  -3859.15      0.00 0
3690 14.0      59_63_75_83_86_89_95_99_100_103_107_111_114_117_121_125_129_133_134_137_141_143_146_148_152_154_155_158_162_164_165_168_170_173_176_178_179_181_182_185_187_188_191_193_194_197_199_200_203_205_206_208_210_212_214_216_218_220_224_226_227_230_231_235_238_243_246_249_250_252_253_258_260_261_266_267_269_270_275_276_277_280_281_283_286_287_288_289_290_292_293_294_295_296_297_298  1.74e+09  1.58e+09 -28518.69 -53231.75  12341.34    780.01     78.45    241.82   1040.51  -7679.16      0.00 0
3691 14.0      0_1_2_3_4_5_6_7_8_9_10_11_12_13_14_15_16_17_18_19_20_21_22_23_24_25_26_27_28_29_30_31_32_33_34_35_36_37_38_39_40_41_42_43_44_45_46_47_48_49_50_51_52_53_54_55_56_57_58_59_60_61_62_63_64_65_66_67_68_69_70_71_72_73_74_75_76_77_78_79_80_81_82_83_84_85_86_87_88_89_90_91_93_94_95_96_97_98_99_100_102_106_107_108_110_113_114_120_121_122_123_124_125_126_131_132_133_134_136_143_145_146_147_151_154_155_164_165_170_175_178_179_187_188_193_194_208_210_215_216_221_222_236_239_240  2.82e+10  2.53e+10 -76388.65 -10219.56  12123.84    969.94     81.06    187.62   -850.48   -423.91      0.00 0
3692 14.0      10_12_18_22_25_26_30_33_34_36_38_42_46_49_50_54_56_59_60_64_68_71_72_75_76_80_84_86_90_92_95_96_99_100_104_108_112_114_115_118_121_122_125_130_133_138_142_146_149_156_159_169_180_183_189_192_201_204_225  4.68e+10  4.24e+10  14828.22 -30188.11  10026.52    815.07     73.40    296.16   1532.14   2610.67      0.00 0
3693 14.0      151_161_172_175_184_196_198_211_213_217_219_223_234_237_242_252_254_257_263_269  1.38e+09  1.18e+09  -9055.60  21354.37   8936.30    772.17     68.93    112.98  -3602.94  -6516.69      0.00 0
3694 14.0      94_98_106_120_124_136_140_145_151_161_172_175_184_198_211_217_219_223_234_242_254_263_273_278_285  4.07e+09  3.61e+09  -5535.79 -30952.60   9727.45    825.83     72.81    259.86  -4305.09  -6215.95      0.00 0
3695 14.0      200_205_206_213_214_219_220_226_227_230_231_234_235_237_238_242_243_246_249_250_252_253_254_255_257_258_260_261_263_264_266_267_269_273  2.63e+10  2.34e+10  31412.40    350.89   9622.32    845.75     72.97      0.64   -479.48  -7988.76      0.00 0
3696 14.0      214_220_231_238_250_253_258_261_267_270_275_277_281_286_287_289_293_295_297  3.63e+10  3.29e+10  -9317.71 -17472.54   7724.36    911.78     68.69    241.93   1314.26  -9689.07      0.00 0
3697 14.0      148_158_182_191_197_200_206_214_220_227_231_238_243_250_253_255_258_264_267_270_271_274_279_281_284_291  2.19e+09  2.01e+09  23070.66 -30693.76  10612.47    795.88     74.55    306.93   4396.63 -10694.76      0.00 0
3698 14.0      10_12_18_22_25_26_30_33_34_38_42_49_50_54_59_60_71_72_75_76_83_84_86_95_99_100_107_114_121_125_133_143_146_152_154_164_176_178_185_187_202_203_209_215_218_228_229_232_233_245_247_248_251_262_265_268_282  2.95e+10  2.64e+10 -28446.50  26582.54  10381.29    848.61     75.07    136.94   6284.93  -3641.26      0.00 0
3699 14.0      0_1_2_5_6_7_8_10_11_14_15_16_19_20_23_24_27_28_30_31_32_36_37_39_40_42_43_46_47_48_51_52_56_57_58_61_62_65_66_68_69_70_73_74_77_80_81_82_85_87_88_92_93_94_97_98_101_104_105_106_109_110_113_115_118_119_120_123_124_127_130_131_132_135_136_139_140_144_145_149_150_151_156_159_160_161_166_169_171_172_175_180_183_184_189_192_195_198_201_204_207_211_217_219_223_225_234_242_254_263_278  4.07e+09  3.62e+09 -42757.96 -100927.30  13555.65    870.80     82.95    247.04  -2196.00   3805.75      0.00 0
