#event_number primary_type du_ids energy_primary em_energy Xmax_pos(x, y, z), Xmax_grams zenith azimuth shower_core_pos_x shower_core_pos_y shower_core_pos_z, N_tested_cores, units are degrees, GeV and meters
6100 14.0      92_101_104_109_115_118_127_130_135_139_142_149_156_159_160_166_171_189_195  3.02e+08  2.59e+08 -26088.84   2880.24   9341.10    777.35     70.41    173.70  -1971.27   4681.64      0.00 0
6101 14.0      0_1_2_3_4_5_6_7_8_9_10_11_12_13_14_15_16_17_18_19_20_21_23_24_25_26_27_28_29_30_31_32_33_35_36_37_39_40_41_43_44_45_47_48_49_51_52_53_55_57_58_59_61_62_63_65_66_67_69_70_73_74_75_77_78_79_81_82_83_85_87_88_89_91_93_94_95_97_98_102_103_105_106_107_109_110_111_113_116_117_119_120_121_123_124_128_129_131_132_135_136_137_139_140_141_144_145_148_150_151_152_157_158_160_161_162_167_168_171_172_173_175_176_181_182_184_185_190_191_196_197_198_199_200_203_205_206_211_212_213_214_217_218_219_220_223_224_226_227_230_231_233_234_235_237_238_241_243_244_246_249_250_251_252_253_255_256_258_259_260_261_264_266_267_268_270_271_272_274_275_276_277_279_281_282_284_287_289_291_295  3.31e+08  2.82e+08 -106517.52 120608.07  14049.56    845.42     85.01    131.45   4986.40 -10297.11      0.00 0
6102 14.0      75_83_89_95_99_103_107_111_114_117_121_125_129_133_134_137_141_143_146_148_152_154_155_158_162_164_165_168_170_173_176_178_179_181_182_185_187_188_191_193_194_197_199_200_205_206_208_210_212_214_216_221_222_226_227_231_236_240_246_249_250_260  4.90e+08  4.49e+08  26839.22  36981.73  11477.68    756.46     75.90     54.03   3994.80  -2279.04      0.00 0
6103 14.0      200_226_227_230_246_249_252_260_261_266_269_275_276_280_286_288_290_294_296  1.32e+08  1.14e+08  -7926.54 -20757.56   8091.63    915.50     69.99    249.10  -1331.31 -10585.85      0.00 0
6104 14.0      0_1_2_3_4_5_6_7_8_9_10_11_12_13_14_15_16_17_18_19_20_21_22_23_24_25_26_27_28_29_30_31_32_33_34_35_36_37_38_39_40_41_42_43_44_45_46_47_48_49_50_51_52_53_54_55_56_57_58_59_60_61_62_63_64_65_66_67_68_69_70_72_73_74_76_77_78_79_80_81_82_83_84_85_87_88_89_90_91_92_93_94_97_98_101_102_103_104_105_106_108_109_110_112_113_115_116_117_118_119_120_123_124_127_128_129_130_131_132_135_136_138_139_140_142_144_145_148_149_150_151_156_157_158_159_160_161_166_167_169_171_172_174_175_180_181_182_183_184_189_190_192_195_196_198_200_201_204_205_206_207_211_213_217_219_223_225_226_227_230_234_237_242_246_249_252_254_257_260_261_263_266_269_273_275_276_278_280_283_285_286_288_290_292_293_294_296_297  3.02e+08  2.52e+08 -25446.11 -146403.09  14858.25    725.66     84.29    260.14  -1165.04   4059.71      0.00 0
6105 14.0      0_1_2_3_4_5_6_7_8_9_10_11_12_13_14_15_16_17_18_19_20_21_22_23_24_25_26_27_28_29_30_31_32_33_34_35_36_37_38_39_40_41_42_43_44_45_46_47_48_49_50_51_52_53_54_55_56_57_58_59_60_61_62_63_64_65_66_67_68_69_70_71_72_73_75_76_77_78_79_80_81_83_84_86_87_88_89_90_91_92_93_95_96_99_101_102_103_104_105_107_108_109_111_112_115_116_117_118_119_121_125_127_129_130_135_137_139_141_146_148_149_150_152_156_158_159_160_162_166_168_171_173_180_182_183_185_189_191_195_197_199_201_204_206_212_214_218_220_224_225_231_235_238_241_243_244_253_255_258_259_264_271_274_279  1.26e+08  1.11e+08  35166.07 -77415.41  14091.57    685.00     80.59    294.43  -1175.83   3744.44      0.00 0
6106 14.0      7_11_15_19_23_24_27_31_32_37_39_43_47_48_51_56_57_58_61_65_69_70_73_77_81_87_101  5.62e+08  4.89e+08  -4728.78 -17074.57   8224.09    736.26     65.10    254.52  -1310.32   1610.20      0.00 0
6107 14.0      0_3_4_5_8_9_12_13_17_18_21_25_26_28_29_33_34_35_38_41_44_45_49_50_53_55_63_66_67_78_79_91_102  1.78e+08  1.53e+08   8328.73  16459.51   8309.66    744.78     65.75     63.16    392.21  -1640.45      0.00 0
6108 14.0      41_49_53_59_63_67_71_75_79_83_86_89_91_95_99_100_103_107_111_114_116_117_121_125_128_129_133_134_137_141_143_146_148_152_154_155_157_158_162_164_165_167_168_170_173_176_178_179_181_182_185_187_188_190_191_193_194_196_197_199_200_202_203_205_206_208_209_210_212_213_214_215_216_218_219_220_221_222_224_226_227_228_229_230_231_232_233_234_235_236_237_238_239_240_241_242_243_244_245_246_247_248_249_250_251_252_253_254_255_256_257_258_259_260_261_262_263_264_265_266_267_268_269_270_271_272_273_274_275_276_277_278_279_280_281_283_284_285_286_287_288_289_290_291_292_293_294_295_296_297_298  7.24e+08  6.29e+08 -105890.41 -114071.36  14904.57    719.68     84.53    227.13  -1786.16 -10946.98      0.00 0
6109 14.0      0_1_2_3_4_5_6_7_8_9_10_11_12_13_14_15_16_17_18_19_20_21_22_23_24_25_26_27_28_29_30_31_32_33_34_35_36_37_38_39_40_41_42_43_44_45_46_47_48_49_50_51_52_53_54_55_56_57_58_59_60_61_62_63_64_65_66_67_68_69_70_71_72_73_74_75_76_77_78_79_80_81_82_83_84_85_86_87_88_89_90_91_92_93_94_95_96_97_98_99_100_101_102_103_104_105_106_107_108_109_110_111_112_113_114_115_116_117_118_119_120_121_122_123_124_125_126_127_128_129_130_131_132_133_134_135_136_137_138_139_140_141_142_143_145_147_148_149_151_152_153_155_156_157_158_159_160_161_162_163_165_166_167_168_169_171_172_173_174_175_177_179_180_181_182_183_184_186_189_190_191_192_195_196_197_198_200_201_204_205_206_207_211_213_214_217_219_220_223_225_226_227_230_231_234_237_238_242_246_249_250_252_253_254_257_260_261_263_266_267_269_273_275_276_277_278_280_281_283_285_286_287_288_289_290_292_293_294_295_296_297_298  1.95e+08  1.57e+08  55707.25 183931.11  15158.80    654.51     85.49     73.15    849.25   2143.92      0.00 0
6110 14.0      0_1_2_3_4_5_6_7_8_9_10_11_12_13_14_15_16_17_18_19_20_21_22_23_24_25_26_27_28_29_30_31_32_33_34_35_36_37_38_39_40_41_42_43_44_45_46_47_48_49_50_51_52_53_54_55_56_57_58_59_60_61_62_63_64_65_66_67_68_69_70_71_72_73_74_75_76_77_78_79_80_81_82_83_84_85_86_87_88_89_90_91_92_93_94_95_96_97_98_99_100_101_102_103_104_105_106_108_110_112_113_114_115_116_118_120_122_124_126_128_130_131_132_134_136_138_140_142_143_145_147_151_153_155_159_161_163_165_167_169_172_174_175_177_179_184_186_188_192_196_198_210_211_217_223_234_254  1.74e+08  1.44e+08 -75695.98 -66734.98  13966.94    772.39     82.12    221.40    470.47    651.97      0.00 0
6111 14.0      93_97_105_109_113_119_123_127_131_135_139_144_150_156_160_166_171_180_189_195_201_204_225  1.12e+08  9.89e+07  22580.86  34572.97  11405.26    707.69     74.56     56.85  -2856.74   4626.18      0.00 0
6112 14.0      66_78_88_91_102_103_106_110_111_116_117_120_124_128_129_136_137_140_141_145_148_151_157_158_161_162_167_168_172_173_175_181_182_184_185_190_191_196_197_198_199_200_203_205_206_211_212_213_214_217_218_219_220_223_224_226_227_228_230_231_233_234_235_237_238_241_242_243_244_246_248_249_250_251_252_253_254_255_256_257_258_259_260_261_262_263_264_265_266_267_268_269_270_271_272_273_274_275_276_277_278_279_280_281_282_283_284_285_286_287_288_289_290_291_292_293_294_295_296_297_298  4.79e+08  4.08e+08 292306.41 -70716.34  11921.19    691.17     87.73    346.40  -4065.04  -8095.23      0.00 0
6113 14.0      25_26_33_34_38_49_50_54_59_60_64_71_72_75_76_83_84_86_90_95_96_99_100_107_108_112_114_121_122_138  2.45e+08  2.02e+08   2193.03 -23374.03   9614.13    665.31     67.73    275.36   2644.19    337.37      0.00 0
6114 14.0      95_99_125_133_143_154_164_170_187_193_208_215_221_236_239  5.89e+08  4.97e+08  22094.76    343.23   8633.20    797.85     68.66      0.89   6443.72  -1134.93      0.00 0
6115 14.0      1_6_7_10_11_14_15_19_22_23_24_27_30_31_36_37_39_42_43_46_47_48_51_54_56_57_61_64_65_68_69_70_73_77_80_81_84_85_87_90_93_97_104_108_112_113_138  1.20e+08  9.62e+07  24175.15  11754.47   9741.52    722.10     70.08     25.93   -581.07   1545.60      0.00 0
6116 14.0      0_1_2_3_4_5_6_7_8_9_10_11_12_13_14_15_16_17_18_19_20_21_22_23_24_25_26_27_28_29_30_31_32_33_34_35_36_37_38_39_40_41_42_43_44_45_46_47_48_49_50_51_52_53_54_55_56_57_58_59_61_62_63_65_66_67_68_69_71_73_75_77_78_79_80_81_82_83_87_88_89_91_92_95_101_102_103_105_107_109_111_115_116_117_121_127_129_135_137_139_141_148_152_156_158_162_166_168_173_181_182_185_191_197_199_200_206_212_214_218_220_224_227_231_235_238_243_244_250_253_255_258_259_264_267_270_271_274_279_281_284_289_291  4.47e+08  3.82e+08  28342.60 -69486.08  13597.24    699.43     79.73    292.19   3343.64  -8415.59      0.00 0
6117 14.0      0_1_2_5_7_8_9_11_13_15_16_19_20_23_24_28_29_31_32_35_37_40_41_44_45_47_48_51_52_55_57_58_61_62_66_67_69_70_73_74_78_79_81_82_85_88_91_93_97_102_103_105_117_119_129  4.68e+08  4.01e+08  16504.43 -25817.19  10610.69    660.09     70.90    302.59  -1085.16   -926.94      0.00 0
6118 14.0      2_3_5_8_9_11_13_16_17_20_21_24_25_28_29_32_33_35_37_40_41_44_45_48_49_52_53_55_58_59_62_63_66_67_70_71_74_75_78_79_82_83_85_88_89_91_94_95_98_99_102_103_106_107_110_111_116_117_120_121_124_125_128_129_132_133_136_137_140_141_145_146_148_151_152_154_158_162_164_168_173_175_176_178_185_187_199_202_203_209_215_218_224_228_229_232_233_239_241_245_247_248_251_262_265  7.59e+08  6.47e+08  69221.03 -11732.72  13278.69    713.79     79.29    350.38   5301.32  -3477.88      0.00 0
6119 14.0      0_1_2_3_4_5_6_7_8_9_10_11_12_13_14_15_16_17_18_19_20_21_22_23_24_25_26_27_28_29_30_31_32_33_34_35_36_37_38_39_40_41_42_43_44_45_46_47_48_49_50_51_52_53_54_55_56_57_58_59_60_61_62_63_64_65_66_67_68_69_70_71_72_73_74_75_76_77_78_79_80_81_82_83_84_85_86_87_88_89_90_91_92_93_94_95_96_97_98_99_100_101_102_103_104_105_106_107_108_109_110_111_112_113_114_115_116_117_118_119_120_121_122_123_124_125_126_127_128_129_130_131_132_133_134_135_136_137_138_139_140_141_142_143_144_145_146_147_148_149_150_151_152_153_154_155_156_157_158_159_160_161_162_163_164_165_166_167_168_169_170_171_172_173_174_175_176_177_178_179_180_181_182_183_184_185_186_187_188_189_190_191_192_193_194_195_196_197_198_199_200_201_202_203_204_205_206_207_208_209_210_211_212_213_214_215_216_217_218_219_220_221_222_223_224_225_226_227_228_229_230_231_232_233_234_235_236_237_238_239_240_241_242_243_244_245_246_247_248_249_250_251_252_253_254_255_256_257_258_259_260_261_262_263_264_265_266_267_268_269_270_271_272_273_274_275_276_277_278_279_280_281_282_283_284_285_286_287_288_289_290_291_292_293_294_295_296_297_298  1.55e+08  1.29e+08  54396.78 296968.62  10753.93    840.89     87.96     79.62   3232.97  -5720.03      0.00 0
6120 14.0      111_129_141_168_173_191_197_212_214_220_231_238_243_253_258_264_270_274_284  5.01e+08  4.55e+08  -3580.73  24515.07   9624.59    693.56     68.77     98.31   2597.51  -6934.93      0.00 0
6121 14.0      20_23_24_31_32_37_40_47_48_52_57_58_62_66_69_70_73_74_81_82_85_88_93_94_97_98_102_106_110_120_128_136_140_161_167_172_196  1.15e+08  9.33e+07   2088.99 -25517.89   9253.09    777.38     70.13    274.68  -2398.33  -1764.78      0.00 0
6122 14.0      0_1_2_3_4_5_6_7_8_9_10_11_12_13_14_15_16_17_18_19_20_21_22_23_24_25_26_27_28_29_30_31_32_33_34_35_36_37_39_40_41_42_43_44_45_46_47_48_49_51_52_53_55_56_57_58_59_61_62_63_65_66_67_68_69_70_73_74_77_78_79_80_81_82_83_85_87_88_89_91_92_93_94_97_98_101_102_103_105_106_107_109_110_111_113_115_116_117_119_120_123_124_127_128_129_131_132_135_136_139_140_141_144_145_148_149_150_151_156_157_158_160_161_166_167_168_171_172_173_180_181_182_189_190_191_195_196_197_200_204_205_206_212_213_214_220_226_227_230_231_238_243_246_249_250_252_253_258_260_261_264_266_267_270_274_275_276_277_279_281_284_286_287_289_291_293_295_298  1.38e+08  1.13e+08  37093.98 -101528.73  14173.11    764.84     82.53    290.07  -3761.87   5176.31      0.00 0
6123 14.0      90_92_96_104_108_112_115_118_122_126_130_134_138_142_147_149_153_155_156_159_163_165_169_177_179_180_183_188_189  2.14e+08  1.76e+08 -24925.06  15550.72  10213.36    697.47     70.83    148.04   2309.87   3526.43      0.00 0
6124 14.0      0_1_2_3_4_5_6_8_9_10_12_13_16_17_18_20_21_22_25_26_28_29_32_33_34_35_38_40_41_42_44_45_49_50_52_53_54_55_58_59_60_62_63_64_66_67_71_72_75_76_78_79_82_83_84_86_88_89_91_95_96_99_100_102_103_106_107_108_110_111_114_116_117_120_121_122_125_126_128_129_133_134_136_137_138_140_141_143_146_147_148_151_152_153_154_155_157_158_161_162_164_165_167_168_170_172_173_176_177_178_179_181_182_184_185_186_187_188_190_191_193_194_196_197_198_199_200_202_203_205_206_208_209_210_211_212_213_214_215_216_217_218_219_220_221_222_223_224_226_227_228_229_230_231_232_233_234_235_236_237_238_239_240_241_242_243_244_245_246_247_248_249_250_251_252_253_254_255_256_257_258_259_260_261_262_263_264_265_266_267_268_269_270_271_272_273_274_275_276_277_278_279_280_281_283_284_285_286_287_288_289_290_291_292_293_294_295_296_297_298  1.05e+08  8.99e+07 -161419.91 -153771.83  14143.37    715.73     86.37    223.61   4654.70  -2157.66      0.00 0
6125 14.0      102_116_128_140_157_167_172_190_196_198_211_213_219_223_234_237_242_254_263  2.82e+08  2.56e+08  16790.78  17429.93   9130.66    763.70     69.33     46.07  -3058.82  -6355.87      0.00 0
6126 14.0      0_1_2_3_4_5_6_7_8_9_10_11_12_13_14_15_16_17_18_19_20_21_22_23_24_25_26_27_28_29_30_31_32_33_34_35_36_37_38_39_40_41_42_43_44_45_46_47_48_49_50_51_52_53_54_55_56_57_58_59_60_61_62_63_64_65_66_67_68_69_70_71_72_73_74_75_76_77_78_79_80_81_82_83_84_85_86_87_88_89_90_91_92_93_94_95_96_97_98_99_100_101_102_103_104_105_106_107_108_109_110_111_112_113_115_116_117_118_119_120_121_122_123_124_127_128_129_130_131_132_135_136_137_138_139_140_141_142_144_145_148_149_150_151_156_157_158_159_160_161_162_163_166_167_168_169_171_172_173_174_175_180_181_182_183_184_189_190_191_192_195_196_197_198_200_201_204_205_206_207_211_212_213_214_217_219_220_223_225_226_227_230_231_234_235_237_238_242_243_246_249_250_252_253_254_257_258_260_261_263_264_266_267_269_270_273_274_275_276_277_278_280_281_283_284_285_286_287_288_289_290_291_292_293_294_295_296_297_298  2.29e+08  1.92e+08   6229.91 -225858.45  13858.92    744.71     86.49    271.58  -1360.18  -8173.38      0.00 0
6127 14.0      167_190_196_205_213_226_230_237_249_252_266  3.24e+08  3.06e+08  -1740.66  15349.07   7049.58    882.58     65.47     96.47  -1616.22  -7550.89      0.00 0
6128 14.0      52_58_62_66_74_78_82_88_91_94_98_102_106_110_116_117_128_148  3.98e+08  3.40e+08  14090.42 -15616.08   9106.30    684.79     66.59    312.06  -1748.20  -2857.01      0.00 0
6129 14.0      40_44_52_55_62_66_67_78_79_82_88_89_91_94_98_102_103_106_110_111_116_117_120_124_128_129_132_136_137_140_141_145_148_151_157_158_161_162_167_168_172_173_175_181_182_184_185_190_191_196_197_198_199_200_205_206_211_212_214_217_218_220_224_231_233_235_238_241_243_244_251_255_256_259_265_268_271_272_282  6.92e+08  5.86e+08  62321.35 -22917.44  13328.60    678.83     78.65    339.81  -1459.13  -4147.16      0.00 0
6130 14.0      197_214_220_238_243_253_255_258_264_270_271_274_279_284  7.59e+08  6.31e+08  12498.48 -31201.05  10862.62    673.55     72.09    291.83   4435.09 -11261.46      0.00 0
6131 14.0      0_1_2_3_4_5_6_7_8_9_10_11_12_13_14_15_16_17_18_19_20_21_22_23_24_25_26_27_28_29_30_31_32_33_34_35_36_37_38_39_40_41_42_43_44_45_46_47_48_49_50_51_52_53_54_55_56_57_58_59_60_61_62_63_64_65_66_67_68_69_70_71_72_73_74_75_76_77_78_79_80_81_82_83_84_85_86_87_88_89_90_91_92_93_94_95_96_97_98_101_102_103_104_105_106_107_108_109_110_111_112_115_116_117_118_120_127_128_129_130_135_136_138_139_140_141_142_148_149_156_157_158_159_161_163_166_167_168_169_171_172_174_180_181_182_183_189_190_191_192_195_196_197_198_200_201_204_205_206_207_211_213_214_219_225_226_227_230_231_234_237_242_246_249_250_252_253_257_260_261_263_266_267_269_273_275_276_277_280_283_285_286_287_288_289_290_292_293_294_295_296_297_298  7.59e+08  6.51e+08  -8689.78 -105022.40  14622.86    691.39     82.10    265.27   -142.66   1079.71      0.00 0
6132 14.0      200_205_213_219_226_227_230_231_237_238_242_243_246_249_250_252_253_257_258_260_261_264_266_267_269_270_271_274_275_277_279_281_284  1.91e+08  1.66e+08  30858.43  -5914.47   9576.12    855.12     73.05    349.15   1533.67  -8894.46      0.00 0
6133 14.0      0_2_3_5_8_9_11_13_16_17_20_21_24_25_28_29_32_33_35_37_40_41_44_45_48_49_52_53_55_58_59_62_63_66_67_70_74_75_78_79_82_83_85_88_89_91_94_95_98_99_102_103_106_107_110_111_113_116_117_120_121_124_125_129_132_133_136_137_141_145_146_152_154_162_173_176_178_185_187_199_202_203_209_215_218_228_229_232_233_245_247_248_262  8.91e+08  7.71e+08  55063.12 -11312.86  12503.35    713.38     77.46    348.39   3119.06  -2910.72      0.00 0
6134 14.0      0_1_2_3_4_5_6_7_8_9_10_11_12_13_14_15_16_17_18_19_20_21_22_23_24_27_28_29_30_31_32_35_36_37_39_40_41_42_43_44_45_46_47_48_51_52_55_56_57_58_61_62_65_66_67_68_69_70_73_74_77_78_79_80_81_82_87_88_91_92_94_101_102_103_106_110_115_116_117_118_128_136_140_148_149_157_158_167_172_181_182_190_196_200_205_211_213_219_226_227_230_237_242_246_249_252_257_260_261_266_269_273_275_276_280_283_286_288_290_292_293_294_296_297  2.40e+08  2.17e+08   4263.39  50349.82  11526.52    811.22     77.15     85.16  -1196.96  -5358.09      0.00 0
6135 14.0      9_13_17_21_28_29_33_35_40_41_44_45_49_53_55_59_62_63_66_67_75_78_79_83_88_89_91_95_99_102_103_106_107_110_121_125_133  3.63e+08  3.03e+08 -24440.96  -6370.95   9584.40    711.29     69.22    194.61   1140.10  -2012.73      0.00 0
6136 14.0      161_167_172_175_184_190_196_198_200_205_211_213_217_219_223_226_227_230_234_237_242_246_249_250_252_254_257_260_261_263_266_267_269_270_273_275_276_277_280_281_283_284_286_287_288_289_291_293_295  2.29e+08  2.01e+08  42186.83 -35739.07  12551.48    697.09     77.21    319.73  -2565.83  -7709.89      0.00 0
6137 14.0      85_93_97_98_105_113_119_123_124_131_132_135_139_144_150_160_171_195  2.57e+08  2.20e+08   1135.78  34602.24  10915.92    682.09     72.50     88.12  -4170.86   3433.96      0.00 0
6138 14.0      148_158_181_182_200_205_206_213_226_227_230_237_246_249_252_257_260_266_269_273_276_280_283_288_290_292_296  1.55e+08  1.31e+08  15177.17  29179.92  10864.91    661.20     71.72     62.52  -1530.64  -9297.04      0.00 0
6139 14.0      20_32_40_44_48_52_58_62_66_74_78_82_88_102_106_110_116_128_148_157_167_181_190  1.45e+08  1.33e+08  -4499.89  18142.49   7945.93    822.84     66.97    103.93  -1354.23  -3484.24      0.00 0
6140 14.0      0_1_2_3_5_8_9_11_12_13_15_16_17_20_21_23_24_25_28_29_32_33_35_37_40_41_44_45_47_48_49_52_53_55_58_59_62_63_66_67_69_70_74_75_78_79_83_89_91_95_103_107_111_121_125_129_137_141_146_152_162_168_173_176_178_185_199_202_203_212_218_224_228_233_241_244_245_248_251_256_262_265_268_272_282  5.89e+08  5.13e+08  36174.79 -24070.89  10954.55    815.71     75.85    326.36   4374.72  -4314.57      0.00 0
6141 14.0      0_1_2_3_4_5_6_7_8_9_10_11_12_13_14_15_16_17_18_19_20_21_22_23_24_25_26_27_28_29_30_31_32_33_34_35_36_37_38_39_40_41_42_43_44_45_46_47_48_49_51_52_53_55_56_57_58_59_61_62_63_65_66_67_69_70_71_73_74_75_77_78_79_80_81_82_83_85_87_88_89_91_93_94_95_97_98_101_102_103_105_106_107_109_110_111_113_116_117_119_120_121_123_124_127_128_129_131_132_135_136_137_139_140_141_144_145_148_150_151_152_157_158_160_161_162_166_167_168_171_172_173_175_181_182_184_185_190_191_195_196_197_198_199_200_205_206_211_212_213_214_217_218_219_220_223_224_226_227_230_231_233_235_237_238_241_243_244_246_249_250_251_252_253_255_256_258_259_260_261_264_266_267_268_270_271_272_274_275_276_277_279_281_284_286_287_289_291_293_295_298  1.07e+08  9.01e+07 -100367.08 139624.14  15013.85    697.01     85.01    125.71   1016.27  -5958.00      0.00 0
6142 14.0      0_1_2_3_4_5_6_7_8_9_10_11_12_13_14_15_16_17_18_19_20_21_22_23_24_25_26_27_28_29_30_31_32_33_34_35_36_37_38_39_40_41_42_43_44_45_46_47_48_49_50_51_52_53_54_55_56_57_58_59_60_61_62_63_64_65_66_67_68_69_70_71_72_73_74_75_76_77_78_79_80_81_82_83_84_85_86_87_88_89_91_92_93_94_95_97_98_99_101_102_103_105_106_107_109_110_111_113_115_116_117_119_120_121_123_124_125_127_128_129_131_132_133_135_137_139_141_144_146_148_150_152_154_157_158_160_162_166_168_171_173_176_178_182_185_191_195_197_199_202_203_206_212_214_218_220_224_228_229_233_235_238_241_243_244_245_248_251_255_256_258_259_262_264_265_268_271_272_279_282  9.77e+08  8.50e+08  80225.58 -76933.57  14160.11    775.79     82.74    316.20  -2780.18   1516.45      0.00 0
6143 14.0      0_1_2_3_4_5_6_7_8_9_10_11_12_13_14_15_16_17_18_19_20_21_22_23_24_25_26_27_28_29_30_31_32_33_34_35_36_37_38_39_40_41_42_43_44_45_46_47_48_49_50_51_52_53_54_55_56_57_58_59_60_61_62_63_64_65_66_67_68_69_70_71_72_73_74_75_76_77_78_79_80_81_82_83_84_85_86_87_88_89_90_91_92_93_94_95_96_97_98_99_100_101_102_103_104_105_106_107_108_109_110_111_112_113_114_115_116_117_118_119_120_121_122_123_124_125_126_127_128_129_130_131_132_133_134_135_136_137_138_139_140_141_142_143_144_146_147_148_149_150_152_153_154_155_156_157_158_159_160_161_162_163_164_165_166_167_168_169_170_171_172_173_174_176_177_178_179_180_181_182_183_185_186_187_188_189_190_191_192_193_194_195_196_197_199_200_201_202_203_204_205_206_207_208_209_210_212_213_214_215_218_220_221_224_225_226_227_228_229_230_231_232_233_235_237_238_241_243_244_245_246_247_248_249_250_251_252_253_255_256_258_259_260_261_262_264_265_266_267_268_270_271_272_274_275_276_277_279_281_282_284_286_287_289_291_293_294_295_297_298  2.95e+08  2.63e+08  74007.66 -235870.22  12696.05    833.74     87.06    287.42   1903.94  -2253.83      0.00 0
6144 14.0      38_49_53_59_63_71_72_75_83_86_89_95_99_100_107_111_121_137_141  3.63e+08  3.13e+08   4722.10  18115.45   8448.83    728.79     65.71     75.39   2619.94  -1628.24      0.00 0
6145 14.0      246_249_260_261_266_267_270_275_276_277_281_284_287_289_291  1.78e+08  1.51e+08  26193.44  -8500.66   9936.12    704.37     70.16    342.02   1818.66 -10528.88      0.00 0
6146 14.0      158_168_182_191_197_206_212_214_220_231_235_238_243_255_258_259_264_271_274_279  2.75e+08  2.32e+08  20104.02 -19238.68   9359.15    812.75     71.41    316.26   4090.26  -8285.34      0.00 0
6147 14.0      1_2_7_11_14_15_16_19_20_23_24_27_31_32_36_37_39_43_47_48_51_52_56_57_58_61_62_65_69_70_73_74_77_81_82_85_87_92_94_101_105_106_109_115_127  4.17e+08  3.53e+08  -6296.57 -24720.43   9669.87    703.06     69.24    255.71  -1381.91   1381.89      0.00 0
6148 14.0      0_1_2_3_4_5_6_7_8_9_10_11_12_13_14_15_16_17_18_19_20_21_22_23_24_25_26_27_28_29_30_31_32_33_34_35_36_37_38_39_40_41_42_43_44_45_46_47_48_49_50_51_52_53_54_55_56_57_58_59_60_61_62_63_64_65_66_67_68_69_70_71_72_73_74_75_76_77_78_79_80_81_82_83_84_85_86_87_88_89_91_93_94_95_97_98_99_100_101_102_103_105_106_107_109_110_111_113_114_116_117_119_120_121_123_124_125_128_129_131_132_133_135_136_137_139_140_141_143_144_145_146_148_150_151_152_154_157_158_160_161_162_164_167_168_172_173_175_176_178_181_182_184_185_187_190_191_193_196_197_198_199_200_202_203_205_206_209_211_212_213_214_215_217_218_219_220_221_223_224_226_227_228_229_230_231_232_233_234_235_237_238_239_241_242_243_244_245_246_247_248_249_250_251_252_253_254_255_256_257_258_259_260_261_262_263_264_265_266_267_268_269_270_271_272_274_275_276_277_279_281_282_284_287_289_291  3.63e+08  3.04e+08 260807.97 -134324.95  11526.40    779.32     87.75    332.75   1307.03  -4800.20      0.00 0
6149 14.0      0_1_2_3_4_5_6_7_8_9_10_11_12_13_14_15_16_17_18_19_20_21_22_23_24_25_26_27_28_29_30_31_32_33_34_35_36_37_38_39_40_41_42_43_44_45_46_47_48_49_50_51_53_54_55_56_57_59_60_61_63_64_65_67_68_69_71_72_73_75_76_77_79_80_81_83_84_86_87_89_90_92_93_95_96_99_100_101_103_104_105_107_108_109_111_112_114_115_118_119_121_122_125_126_127_129_130_133_134_135_137_138_139_141_142_143_144_146_149_150_152_154_156_159_160_162_164_165_166_168_169_170_171_173_176_178_180_183_185_187_189_193_195_199_201_202_203_204_209_212_215_218_224_225_228_229_232_233_235_241_244_245_247_248_251_255_256_259_262_265_268_272_282  6.31e+08  5.10e+08  62672.11 -75408.54  13745.44    796.30     82.02    309.73    404.58   1913.68      0.00 0
6150 14.0      211_213_217_219_223_226_230_234_237_242_246_249_250_252_254_257_260_261_263_266_267_269_273_275_276_277_278_280_281_283_284_285_286_287_288_289_290_291_292_293_294_295_296_297_298  2.14e+08  1.78e+08  57605.09 -34298.65  12389.35    833.50     79.53    329.23  -3675.68  -8950.67      0.00 0
6151 14.0      0_1_2_3_4_5_6_7_8_9_10_11_12_13_14_15_16_17_18_20_21_22_24_25_26_28_29_30_32_33_34_35_36_38_40_42_44_46_48_49_50_52_54_55_58_60_62_64_66_68_72_76_78_82_84_88_90_96_106_108_122_138_153  9.55e+08  8.16e+08 -21318.11 -20479.08  10195.99    703.84     70.97    223.85    717.14    275.86      0.00 0
6152 14.0      0_1_2_3_4_5_6_7_8_9_10_11_12_13_14_15_16_17_18_19_20_21_22_23_24_25_26_27_28_29_30_31_32_33_34_35_36_37_38_39_40_41_42_43_44_45_46_47_48_49_50_51_52_53_54_55_56_57_58_59_60_61_62_63_64_65_66_67_68_69_70_71_72_73_74_75_76_77_78_79_80_81_82_83_84_85_86_87_88_89_90_91_92_93_94_95_96_97_98_99_100_101_102_103_104_105_106_107_108_109_110_111_113_114_116_117_119_120_121_123_124_125_126_127_128_129_131_132_133_134_135_136_137_139_140_141_143_144_145_146_148_150_151_152_154_155_157_158_160_161_162_164_165_167_168_170_171_172_173_175_176_178_181_182_184_185_187_190_191_193_194_196_197_198_199_200_202_203_205_206_208_209_211_212_213_214_215_217_218_219_220_221_223_224_226_227_228_229_230_231_232_233_234_235_236_237_238_239_241_243_244_245_246_247_248_249_250_251_253_255_256_258_259_262_264_265_267_268_270_271_272_274_279_282_284  1.74e+08  1.52e+08 253016.73 -114986.52  12814.70    686.55     87.36    335.56  -3842.83   -856.75      0.00 0
6153 14.0      0_1_2_3_4_5_6_7_8_9_10_11_12_13_14_15_16_17_18_19_20_21_22_23_24_25_26_27_28_29_30_31_32_33_34_35_36_37_38_39_40_41_42_43_44_45_46_47_48_49_50_51_52_53_54_55_56_57_58_59_60_61_62_63_65_66_67_69_70_71_72_73_74_75_76_77_78_79_81_82_83_84_85_86_87_88_89_91_93_94_95_97_98_99_100_102_103_105_106_107_110_111_113_114_116_117_119_120_121_123_124_125_128_129_131_132_133_134_135_136_137_140_141_143_144_145_146_148_150_151_152_154_157_158_161_162_164_167_168_170_172_173_175_176_178_181_182_184_185_187_190_191_193_196_197_198_199_200_202_203_205_206_209_211_212_213_214_215_217_218_219_220_221_223_224_226_227_228_229_230_231_232_233_234_235_238_239_241_243_244_245_247_248_250_251_253_255_256_258_259_262_264_265_268_271_272_274_279_282  6.17e+08  5.36e+08 -181413.66  66208.51  13470.25    893.82     86.01    159.95   4444.56  -4551.46      0.00 0
6154 14.0      0_3_4_6_7_9_10_12_14_17_18_21_22_25_26_27_30_33_34_36_38_39_41_42_43_46_49_50_53_54_56_59_60_63_64_65_68_71_72_75_76_77_80_83_84_86_87_89_90_92_95_96_99_100_101_104_107_108_109_111_112_114_115_118_121_122_125_126_127_130_133_134_137_138_141_142_143_146_147_149_152_153_154_155_156_159_162_163_164_165_166_169_170_173_174_176_177_178_179_180_183_185_186_187_188_189_192_193_194_195_199_201_202_203_204_207_208_209_212_215_218_221_224_225_228_229_232_233_235_239_241_244_245_247_248_251_255_256_259_262_265_268_271_272_282  2.69e+08  2.27e+08 -55001.28  94996.79  14900.07    666.41     82.27    120.07   5111.47  -2237.05      0.00 0
6155 14.0      121_125_133_137_141_143_146_152_154_162_164_168_170_173_176_178_185_187_193_197_199_202_203_209_212_214_218_220_224_228_231_233_235_238_241_243_244_250_253_255_256_258_259_261_264_267_270_271_274_277_279_281_284_287_289_291_293_295_297_298  3.55e+08  3.01e+08  15518.69  53450.50  11576.83    865.31     78.25     73.81   2580.46 -11087.24      0.00 0
6156 14.0      227_231_238_246_249_250_253_260_261_266_267_275_276_277_280_283_286_287_288_290_292_294_296  2.19e+08  1.91e+08 -22240.97 -21568.06  10228.10    726.54     71.73    224.12  -1404.91 -11184.64      0.00 0
6157 14.0      28_35_40_44_45_52_55_58_62_66_67_74_78_79_82_88_89_91_94_98_102_103_106_110_111_116_117_120_124_128_129_132_136_137_140_141_145_148_151_152_157_158_161_162_167_168_172_173_175_181_182_184_185_190_191_196_197_198_199_200_203_205_206_211_212_213_214_217_218_219_220_223_224_226_227_230_231_233_234_235_237_238_241_242_243_244_246_248_249_250_251_252_253_254_255_256_257_258_259_260_261_262_263_264_265_266_267_268_269_270_271_272_273_274_275_276_277_278_279_280_281_282_283_284_285_286_287_288_289_290_291_293_294_295  1.07e+08  9.19e+07 -193036.25  81263.92  14866.17    658.34     85.94    157.17    160.52  -7223.11      0.00 0
6158 14.0      51_57_61_65_69_73_81_85_87_92_93_97_98_101_105_109_113_115_118_119_123_127_131_132_135_139_144_149_150_156_159_160_166_171_180_183_189_192_195_201_204_207_225  1.32e+08  1.09e+08  39420.50  46565.38  13079.57    671.89     77.90     49.75  -3970.45   2304.68      0.00 0
6159 14.0      0_1_2_3_4_5_6_7_8_9_10_11_12_13_14_15_16_17_18_19_20_21_22_23_24_25_26_27_28_29_30_31_32_33_34_35_36_37_38_39_40_41_42_43_44_45_46_47_48_49_50_51_52_53_54_55_56_57_58_59_60_61_62_63_64_65_66_67_68_69_70_71_72_73_74_75_76_77_78_79_80_81_82_83_84_85_86_87_88_89_90_91_92_93_94_95_96_97_98_99_100_101_102_103_104_105_106_107_108_109_110_111_112_113_114_115_116_118_119_120_121_122_123_124_125_126_127_128_130_131_132_133_134_135_136_138_140_142_143_144_145_146_147_150_151_153_154_155_159_161_163_164_165_169_170_174_175_177_179_184_186_187_188_193_194_198_208_210_215_216_217_221_222_236_240  4.17e+08  3.65e+08 145933.62  50733.80  14985.61    708.75     84.46     19.17    832.50    700.14      0.00 0
6160 14.0      37_48_52_58_62_69_70_73_74_82_85_88_93_94_97_98_106_110_113_119_120_123_124_128_131_132_136_140_144_145_150_151_161_167  2.34e+08  2.07e+08  11430.97 -29486.07   9783.30    819.05     72.81    291.19  -3673.69   -233.15      0.00 0
6161 14.0      49_53_59_63_67_71_75_79_83_86_89_91_95_99_100_103_107_111_114_116_117_121_125_126_129_133_134_137_141_143_146_147_148_152_154_155_157_158_162_164_165_168_170_173_176_178_179_181_182_185_187_188_190_191_193_194_197_199_200_202_203_205_206_208_209_210_212_213_214_215_216_218_220_221_222_224_226_227_228_229_230_231_232_233_235_236_237_238_239_240_241_243_244_245_246_247_249_250_252_253_255_257_258_260_261_264_266_267_269_270_273_274_275_276_277_280_281_283_285_286_287_288_289_290_292_293_294_295_296_297_298  2.51e+08  2.21e+08 -56953.47 -78735.98  14107.07    736.70     81.74    234.12   3662.77  -3899.14      0.00 0
6162 14.0      58_69_70_74_82_85_88_93_94_97_98_106_110_113_119_120_123_124_128_131_132_136_140_144_145_150_151_157_161_167_172_175_181_184_190_196_198_205_211_213_217_219_223_226_230_234_237_242_246_249_252_254_257_260_261_263_266_269_273_275_276_278_280_283_285_286_287_288_290_292_293_294_295_296_297_298  1.55e+08  1.31e+08  15871.16 -65353.92  11073.45   1111.60     80.65    283.65  -2192.47 -11010.50      0.00 0
6163 14.0      0_1_3_4_6_7_10_12_14_15_17_18_19_22_25_26_27_30_33_34_36_38_39_42_43_46_49_50_51_53_54_56_59_60_61_64_65_68_71_72_75_76_77_80_81_83_84_86_87_90_92_95_96_99_100_101_104_105_108_109_112_114_115_118_121_125_126_127_130_133_134_135_139_143_146_149_150_154_156_160_164_166_171_176_178_180_187_189_195_202_204_209_229  4.37e+08  3.83e+08 -39658.94  37806.31  12247.44    738.86     77.40    136.37  -1066.21   3815.07      0.00 0
6164 14.0      0_1_2_3_4_5_6_7_8_9_10_11_12_13_14_15_16_17_18_19_20_21_22_23_24_25_26_27_28_29_30_31_32_33_34_35_37_38_40_41_42_44_45_47_48_49_50_52_53_54_55_58_59_60_62_63_64_66_67_69_70_71_72_73_74_75_76_78_79_82_83_84_85_86_88_89_91_94_95_96_98_99_100_102_103_106_107_110_111_113_114_116_117_120_121_122_124_125_126_128_132_133_134_136_137_140_143_145_146_147_151_152_154_155_161_164_165_170_172_175_178_179_184_187_188_193_194_198_208_209_210_215_216_217_221_222_236_239_240  1.10e+08  9.44e+07 -79293.04 -22318.13  13932.53    693.80     80.40    195.72   2488.75   -764.15      0.00 0
6165 14.0      0_1_2_3_4_5_6_7_8_9_10_11_12_13_14_15_16_17_18_19_20_21_23_24_25_27_28_29_31_32_33_35_36_37_39_40_41_43_44_45_47_48_51_52_53_55_57_58_59_61_62_63_65_66_67_69_70_73_74_78_79_81_82_83_85_87_88_89_91_93_97_103_105_107_109_111_113_119_123_129_131_135_137_139_141_144_150_160_162_173  5.50e+08  4.62e+08  33944.16 -35694.74  11616.80    779.30     76.73    313.56  -2992.92   1873.75      0.00 0
6166 14.0      3_4_5_9_12_13_17_18_21_22_25_26_28_29_33_34_35_38_41_42_44_45_49_50_53_54_55_59_60_63_64_67_71_72_75_76_78_79_83_84_86_89_90_91_95_96_99_100_102_103_107_108_111_112_114_116_117_121_122_125_126_128_129_133_134_137_138_141_142_143_146_147_148_152_153_154_155_157_158_162_163_164_165_167_168_170_173_174_176_177_178_179_181_182_185_186_188_190_191_194_197_199_200_205_206_210_212_213_214_216_226_227_230_231_237_246_249_250_252_257_260_261_266_269_275_276_280_283_286_288_290_292_294_296  3.98e+08  3.38e+08  37418.99  75811.50  13799.04    724.62     80.73     63.73   4966.64   3081.73      0.00 0
6167 14.0      200_205_213_219_226_227_230_231_237_242_246_249_250_252_253  1.20e+08  1.01e+08 -18239.52   4822.50   8164.17    785.72     66.60    165.19   -507.77  -7962.78      0.00 0
6168 14.0      2_3_5_8_9_12_13_16_17_20_21_25_26_28_29_32_33_35_38_40_41_44_45_49_52_53_55_58_59_62_63_66_67_71_72_75_78_79_82_83_86_88_89_91_94_95_99_100_102_103_106_107_110_111_114_116_117_120_121_124_125_128_129_133_134_136_137_140_141_143_145_146_148_151_152_154_157_158_161_162_164_165_167_168_170_172_173_175_176_178_181_182_184_185_187_188_190_191_193_194_196_197_198_199_200_202_203_205_206_208_209_211_212_213_215_216_217_218_219_221_222_223_224_228_229_232_233_234_236_237_239_240_242_245_247_248_254  8.91e+08  7.67e+08 -104122.77 -32012.46  14631.50    700.47     82.35    197.09   4828.50  -2257.20      0.00 0
6169 14.0      0_1_2_3_4_5_6_7_8_9_10_11_12_13_14_15_16_17_18_19_20_21_22_23_24_25_26_27_28_29_30_31_32_33_34_35_36_37_38_39_40_41_42_43_44_45_46_47_48_49_50_51_52_53_54_55_56_57_58_59_60_61_62_63_64_65_66_67_68_69_70_71_72_73_74_75_76_77_78_79_80_81_82_83_84_85_86_87_88_89_90_91_92_93_94_95_96_97_98_99_100_101_102_103_104_105_106_107_108_109_110_111_112_113_114_115_116_117_118_119_120_121_122_123_124_125_126_127_128_129_130_131_132_133_134_135_136_137_138_139_140_141_142_143_144_145_146_147_148_149_150_151_152_153_154_155_156_157_158_159_160_161_162_163_164_165_166_167_168_169_170_172_173_174_175_176_177_178_179_180_181_182_183_184_186_187_188_190_191_192_193_194_196_198_200_205_207_208_209_210_211_213_215_216_217_219_221_222_223_230_234_236_237_239_240_242_254_257_263_273_278  5.01e+08  4.48e+08 213117.08 141219.62  12861.70    774.24     87.12     33.53  -3304.50  -2397.58      0.00 0
6170 14.0      122_126_134_138_142_143_147_153_155_163_164_165_169_170_174_177_179_186_187_188_192_193_194_207_208_210_215_216_221_222_232_236_239_240_247  5.01e+08  4.08e+08  68545.58 -102663.27  15113.19    667.46     83.02    303.73   5827.02   5094.98      0.00 0
6171 14.0      0_1_2_3_4_5_6_7_8_9_10_11_12_13_14_15_16_17_18_19_20_21_22_23_24_25_26_27_28_29_30_31_32_33_34_35_36_37_38_39_41_43_45_47_48_49_50_51_52_53_54_57_58_59_60_61_63_69_70_71_72_73_74_75_76_81_83_85_86_93_95_97_99_113_114_121_123_125_131_133_143_146_154_164_178_187_193_209_215  5.01e+08  4.19e+08 -37928.43  10775.58  11477.70    670.54     73.77    164.14    602.24   -174.21      0.00 0
6172 14.0      68_80_90_92_101_104_108_112_115_118_122_127_130_138_142_147_153_159_163_169_174_177_179_186_210  3.55e+08  2.99e+08 -34048.27   1165.19  10344.21    765.83     73.11    178.04   4398.88   3638.95      0.00 0
6173 14.0      39_51_61_65_81_87_101_105_109_127_135_139_160_171  3.16e+08  2.59e+08 -10587.88  14163.42   7880.59    799.49     65.98    126.78  -2643.11   3868.40      0.00 0
6174 14.0      0_1_2_3_4_5_6_8_9_10_11_12_13_16_17_18_20_21_22_24_25_26_28_29_32_33_34_35_38_40_41_44_45_48_49_50_52_53_54_55_58_59_60_62_63_66_67_71_72_74_75_76_78_79_82_83_86_88_89_91_94_95_96_98_99_100_102_103_106_107_110_111_114_116_117_120_121_124_125_126_128_133_134_136_140_143_145_151_154_155_161_164_165_167_170_172_175_179_184_188_194_198_208_210_211_216_217_222_223_240  5.13e+08  4.42e+08  52941.05  26522.46  12586.14    729.32     78.00     26.61  -1281.84  -2487.65      0.00 0
6175 14.0      0_1_2_3_4_5_6_7_8_9_10_11_12_13_15_16_17_18_20_21_23_24_25_26_28_29_31_32_33_34_35_37_38_40_41_44_45_47_48_49_50_52_53_55_58_59_62_63_66_67_69_70_71_72_73_74_75_76_78_79_82_83_85_86_88_89_91_94_95_97_98_99_100_102_103_106_107_110_111_113_114_116_117_120_121_124_125_128_129_131_132_133_134_136_137_140_141_143_145_146_148_151_152_154_157_158_161_162_164_165_167_168_170_172_173_175_176_178_181_182_184_185_187_190_191_193_196_197_198_199_200_202_203_205_206_208_209_211_212_213_214_215_217_218_219_220_221_223_224_226_227_228_229_230_231_232_233_234_235_236_237_238_239_241_242_243_244_245_246_247_248_249_250_251_252_253_254_255_256_257_258_259_260_261_262_263_264_265_267_268_270_271_272_274_279_282  5.13e+08  4.31e+08 219854.92   -652.32  14718.43    652.34     86.17    359.83  -4045.99  -4275.21      0.00 0
6176 14.0      0_1_2_3_4_5_6_7_8_9_10_11_12_13_14_15_16_17_18_19_20_21_22_23_24_25_26_27_28_29_30_31_32_33_34_35_36_37_38_39_40_41_42_43_44_45_46_47_48_49_50_51_52_53_54_55_56_57_58_59_60_61_62_63_64_65_66_67_68_69_70_71_72_73_74_75_76_77_78_79_80_81_82_83_84_85_86_87_88_89_90_91_92_93_94_95_96_97_98_99_100_101_102_103_104_105_106_107_108_109_111_112_113_114_115_118_119_120_121_122_123_124_125_126_127_129_131_132_133_134_135_137_139_141_143_144_146_147_150_152_154_155_160_162_164_165_166_170_171_176_178_185_187_188_193_194_199_202_203_208_209_215_216_218_221_222_228_229_232_233_236_239_245_247_248_251_262_265  1.17e+08  9.21e+07 127887.12 -45262.07  15024.99    695.12     83.68    340.51  -3660.42   1537.66      0.00 0
6177 14.0      0_1_2_3_4_5_6_7_8_9_10_11_12_13_14_15_16_17_18_19_20_21_22_23_24_25_26_27_28_29_30_31_32_33_34_35_36_37_38_39_40_41_42_43_44_45_46_47_48_49_50_51_52_53_54_55_56_57_58_59_60_61_62_63_65_66_67_68_69_70_71_72_73_74_75_76_77_78_79_80_81_82_83_85_86_87_88_89_91_93_94_95_97_98_99_101_102_103_105_106_107_109_110_111_113_116_117_119_120_121_123_124_125_127_128_129_131_132_133_135_136_137_139_140_141_144_145_146_148_150_151_152_154_157_158_160_161_162_167_168_171_172_173_175_176_178_181_182_184_185_187_190_191_196_197_198_199_200_202_203_205_206_209_211_212_213_214_218_220_224_226_227_228_229_231_233_235_238_241_243_244_245_246_247_248_250_251_253_255_256_258_259_262_264_265_267_268_270_271_272_274_279_281_282_284  3.31e+08  2.73e+08 -138211.59 111045.57  14669.77    738.00     85.27    141.22   4833.69  -6734.86      0.00 0
6178 14.0      104_112_115_118_130_138_142_149_153_156_159_163_169_174_177_186  4.47e+08  3.83e+08 -24254.62   2763.47   9571.69    693.64     68.59    173.50   2432.44   4385.55      0.00 0
6179 14.0      0_1_2_3_4_5_6_7_8_9_10_11_12_13_14_15_16_17_18_19_20_21_22_23_24_25_26_27_28_29_30_31_32_33_34_35_36_37_38_39_40_41_42_43_44_45_46_47_48_49_50_51_52_53_54_55_56_57_58_59_60_61_62_63_64_65_66_67_68_69_70_71_72_73_74_75_76_77_78_79_80_81_82_83_84_85_87_88_89_90_91_92_93_94_95_97_98_101_102_103_104_105_106_107_108_109_110_111_112_113_115_116_117_118_119_120_123_124_127_128_129_130_131_132_135_136_137_139_140_141_142_144_145_148_149_150_151_156_157_158_159_160_161_166_167_168_169_171_172_173_175_180_181_182_183_184_189_190_191_192_195_196_197_198_200_201_204_205_206_207_211_213_214_217_219_220_223_225_226_227_230_231_234_237_238_242_243_246_249_250_252_253_254_257_258_260_261_263_266_267_269_270_273_274_275_276_277_278_280_281_283_284_285_286_287_288_289_290_291_292_293_294_295_296_297_298  3.16e+08  2.70e+08  14064.20 -174420.88  14909.38    708.00     85.13    274.61   -818.91 -10258.48      0.00 0
6180 14.0      66_78_79_88_91_102_103_106_110_111_116_117_120_128_129_136_137_140_141_145_148_151_152_157_158_161_162_167_168_172_173_175_176_181_182_184_185_190_191_196_197_198_199_200_202_203_205_206_211_212_213_214_217_218_219_220_223_224_226_227_228_230_231_233_234_235_237_238_241_242_243_244_245_246_248_249_250_251_252_253_254_255_256_257_258_259_262_264_265_268_270_271_272_274_279_282  3.24e+08  2.76e+08 -98998.54  14724.78  14440.68    699.41     81.79    171.54    743.36  -5976.85      0.00 0
6181 14.0      0_1_2_3_4_5_6_7_8_9_10_11_12_13_14_15_16_17_18_19_20_21_22_23_24_25_26_27_28_29_30_31_32_33_34_35_36_37_38_39_40_41_42_43_44_45_46_47_48_49_50_51_52_53_54_55_56_57_58_59_60_61_62_63_64_65_66_67_68_69_70_71_72_73_74_75_76_77_78_79_80_82_83_84_85_86_88_89_90_91_92_94_95_96_98_99_100_102_103_104_106_107_108_110_111_112_114_116_117_120_121_122_124_125_126_128_129_130_132_133_134_136_137_138_140_141_142_143_145_146_147_148_151_152_153_154_155_157_158_161_162_163_164_165_167_168_169_170_172_173_174_175_176_177_178_179_181_182_184_185_186_187_188_190_191_193_194_196_197_198_199_200_202_203_205_206_208_209_210_211_212_213_214_215_216_217_218_219_220_221_222_223_224_226_227_228_229_230_231_232_233_234_235_236_237_238_239_240_241_242_243_244_245_246_247_249_250_252_253_254_257_258_260_261_263_266_267_269_273_275_276_277_278_280_283_285_286_287_288_290_292_294_296  3.89e+08  3.32e+08 -166001.81 -157805.38  13447.00    792.34     86.64    223.55   3340.11   -990.76      0.00 0
6182 14.0      85_93_97_98_113_123_124_131_132_145_175  4.07e+08  3.44e+08  -6385.56 -21979.26   9433.78    679.45     67.60    253.80  -4383.93   -822.07      0.00 0
6183 14.0      31_37_39_47_51_57_61_65_69_70_73_74_81_85_87_93_94_97_98_101_105_109_113_115_119_120_123_124_127_131_132_135_139_144_145_149_150_151_156_160_166_171_175_180_183_189_195_201_204_225  4.90e+08  4.22e+08 -19344.66 -41390.42  11459.05    759.47     75.92    244.95  -2925.57   2582.79      0.00 0
6184 14.0      0_3_4_6_7_10_12_14_17_18_19_22_25_26_27_30_34_36_38_39_42_43_46_49_50_51_54_56_60_61_64_65_68_71_72_77_80_87_92_101_105_109_127_135_139  2.69e+08  2.29e+08 -16289.29  15291.31   8976.90    741.54     68.11    136.81   -196.81   1873.28      0.00 0
6185 14.0      19_23_24_31_37_39_47_48_51_57_58_61_65_69_70_73_74_81_82_85_87_93_94_97_98_101_105_106_109_113_115_119_120_123_124_127_131_132_135_136_139_144_145_150_151_156_160_161_166_171_175_180_184_189_195_198_204_217_223_225  3.31e+08  2.81e+08 -13190.45 -43661.32  11439.59    761.71     75.92    253.19  -3388.19    529.70      0.00 0
6186 14.0      128_140_148_157_161_167_172_175_181_182_184_190_191_196_198_200_205_206_211_213_214_217_219_223  7.24e+08  6.85e+08  26525.20  -7590.95   8932.61    893.51     72.06    344.03  -2804.22  -5496.32      0.00 0
6187 14.0      0_1_2_3_4_5_6_7_8_9_10_11_12_13_14_15_16_17_18_19_20_21_22_23_24_25_26_27_28_29_30_31_33_34_35_36_37_38_39_41_43_45_47_49_50_51_53_57_59_61_63_65_67_69_71_72_73_75_81_83_86_87_89_93_95_99_105_107_119_121_125_137_146_152_154_176_178_202_203  9.33e+08  8.11e+08 -26811.99  18551.66  10443.02    721.89     72.24    145.32   1240.58   -763.53      0.00 0
6188 14.0      224_228_233_235_238_241_243_244_245_247_248_251_253_255_256_258_259_261_262_264_265_267_268_270_271_272_274_275_277_279_281_282_284_286_287_289_291_293_294_295_297_298  4.90e+08  4.23e+08 -44096.36 -43484.91  13084.74    678.73     78.07    224.60   3869.34  -9691.46      0.00 0
6189 14.0      0_1_2_3_4_5_6_7_8_9_10_11_12_13_14_15_16_17_18_19_20_21_22_23_24_25_26_27_28_29_30_31_32_33_34_35_36_37_38_39_40_41_42_43_44_45_46_47_48_49_50_51_52_53_54_55_56_57_58_59_60_61_62_63_64_65_66_67_68_69_70_71_72_73_74_75_76_77_78_79_80_81_82_83_84_85_86_87_88_89_90_91_92_93_94_95_97_98_99_100_101_102_103_104_105_106_107_109_110_111_113_114_115_116_117_118_119_120_121_123_124_125_127_128_129_131_132_133_135_136_137_139_140_141_144_145_146_148_150_151_152_154_156_157_158_160_161_162_166_167_168_171_172_173_175_176_178_181_182_184_185_189_190_191_195_196_197_198_199_200_202_203_205_206_209_211_212_213_214_217_218_219_220_224_226_227_228_229_230_231_233_235_237_238_241_243_244_245_246_248_249_250_251_252_253_255_256_258_259_260_261_262_264_265_267_268_270_271_272_274_275_277_279_281_282_284_287_289_291_295  1.45e+08  1.23e+08 -148427.22 169726.27  14580.62    654.57     86.30    131.17   3398.93  -6835.37      0.00 0
6190 14.0      102_116_128_157_167_181_190_196_205_213_219_226_230_237_249_252_257_266_269_276_280_288_290  1.12e+08  9.21e+07   3063.45  27704.10  10371.40    644.26     69.59     83.69  -1590.11  -7541.06      0.00 0
6191 14.0      13_21_28_29_33_35_40_41_44_45_52_53_55_59_62_63_66_67_75_78_79_82_83_88_89_91_94_95_99_102_103_106_107_110_111_116_117_120_121_125_128_129_133_136_137_140_141_145_146_148_151_152_154_157_158_161_162_164_167_168_172_173_175_176_178_181_182_184_185_187_190_191_193_196_197_198_199_200_202_203_205_206_208_209_211_212_213_214_215_217_218_219_220_221_223_224_226_227_228_229_230_231_232_233_234_235_236_237_238_239_241_242_243_244_245_246_247_248_249_250_251_252_253_254_255_256_257_258_259_260_261_262_263_264_265_266_267_268_269_270_271_272_273_274_275_276_277_278_279_280_281_282_283_284_285_286_287_288_289_290_291_292_293_294_295_296  6.46e+08  5.37e+08 242428.33  44100.41  13474.32    727.67     86.87     10.31  -4051.15  -7646.21      0.00 0
6192 14.0      31_39_47_51_57_61_65_73_81_87_93_101_105_109_127_135_139_156_160_166_171_189_195  4.57e+08  3.85e+08  -2116.54  27888.66  10224.08    668.01     69.92     94.34  -2270.41   4768.33      0.00 0
6193 14.0      0_1_2_3_4_5_6_7_8_9_10_11_12_13_14_15_16_17_18_19_20_21_22_23_24_25_26_27_28_29_30_31_32_33_34_35_36_37_38_39_40_41_42_43_44_45_46_47_48_49_51_52_53_55_56_57_58_59_61_62_63_65_66_67_69_70_73_74_75_77_78_79_80_81_82_83_85_87_88_89_91_92_93_94_97_98_101_102_103_105_106_107_109_110_111_113_115_116_117_119_120_123_124_127_128_129_131_132_135_136_137_139_140_141_144_145_148_150_151_156_157_158_160_161_162_166_167_168_171_172_173_175_181_182_184_189_190_191_195_196_197_198_199_200_205_206_211_212_213_214_217_219_220_223_224_226_227_230_231_234_235_237_238_242_243_244_246_249_250_252_253_254_255_257_258_259_260_261_263_264_266_267_269_270_271_273_274_275_276_277_278_279_280_281_283_284_285_286_287_288_289_290_291_292_293_294_295_296_297_298  4.17e+08  3.95e+08  91117.78 -175110.22  13422.65    891.31     86.11    297.49   1645.98 -10427.58      0.00 0
6194 14.0      103_111_116_117_128_129_137_141_148_152_157_158_162_167_168_173_176_181_182_185_190_191_197_199_202_203_212_214_218_220_224_228_229_233_235_241_244_245_248_251_256_262_265_268_282  1.78e+08  1.43e+08  43251.14   -551.09  11987.44    647.11     74.51    359.27   4453.09  -5194.25      0.00 0
6195 14.0      191_197_199_200_206_212_214_218_220_224_226_227_228_230_231_233_235_237_238_241_243_244_245_246_248_249_250_251_252_253_255_256_257_258_259_260_261_262_263_264_265_266_267_268_269_270_271_272_273_274_275_276_277_278_279_280_281_282_283_284_285_286_287_288_289_290_292_293_294_296  3.89e+08  3.40e+08  59993.14  28205.06  13210.47    694.99     78.73     25.18      9.07  -9443.88      0.00 0
6196 14.0      172_181_190_196_198_200_205_206_211_213_214_217_219_220_223_226_227_230_231_234_237_238_242_243_246_249_250_252_253_254_255_257_258_260_261_263_264_266_267_269_270_271_273_274_275_276_277_278_279_280_281_283_284_285_286_287_288_289_291_295  1.23e+08  1.01e+08 -74743.68  26424.09  13693.53    711.05     80.20    160.53   2524.33  -9852.72      0.00 0
6197 14.0      0_1_2_3_4_5_6_7_8_9_10_11_12_13_14_15_16_17_18_19_20_21_23_24_25_26_27_28_29_31_32_33_35_36_37_38_39_40_41_43_44_45_47_48_49_51_52_53_55_57_58_59_61_62_63_65_66_67_69_70_71_73_74_75_78_79_81_82_83_85_87_88_89_91_93_94_95_97_98_102_103_105_106_107_110_111_113_116_117_119_120_121_123_124_125_128_129_131_132_135_136_137_140_141_144_145_146_148_150_151_152_157_158_160_161_162_167_168_172_173_175_176_178_181_182_184_185_190_191_196_197_198_199_200_202_203_205_206_211_212_213_214_217_218_219_220_223_224_226_227_228_230_231_233_234_235_237_238_241_242_243_244_245_246_248_249_250_251_252_253_255_256_258_259_260_261_262_264_265_267_268_270_271_272_274_275_277_279_281_282_284_289_291  3.31e+08  2.66e+08 -159399.88 120029.20  15423.65    612.07     85.58    143.02   4462.36  -7702.06      0.00 0
6198 14.0      63_67_79_83_89_91_95_99_103_107_111_116_117_121_125_129_137_141_148_157_158_162_167_168_173_181_182_190_191_196_197_200_205_206_213_214_219_226_227_230_231_237_242_246_249_250_252_257_260_261_263_266_269_273_276_278_280_283_285_288_290_292_296  6.92e+08  5.91e+08 -36382.59 -48141.32  12320.80    783.00     78.46    232.92  -3840.05 -11260.74      0.00 0
6199 14.0      0_1_2_3_4_5_6_7_8_9_10_11_12_13_14_15_16_17_18_19_20_21_22_23_24_25_26_27_28_29_30_31_32_33_34_35_36_37_38_39_40_41_42_43_44_45_46_47_48_49_50_51_52_53_54_55_56_57_58_59_60_61_62_63_64_65_66_67_68_71_72_75_76_77_78_79_80_81_82_83_84_86_87_88_89_90_91_92_95_96_99_100_101_102_103_104_107_108_109_110_111_112_114_115_116_117_118_121_122_125_126_127_128_129_130_133_134_137_138_141_142_143_146_147_148_149_152_153_154_155_156_157_158_159_162_163_164_165_166_167_168_169_170_173_174_176_177_178_179_180_181_182_183_185_186_187_188_189_190_191_192_193_194_197_199_200_201_202_203_204_205_206_207_208_209_210_212_213_214_215_216_218_220_221_222_224_225_226_227_228_229_230_231_232_233_235_236_238_239_240_241_243_244_245_246_247_248_249_250_251_252_253_255_256_258_259_260_261_262_264_265_266_267_268_270_271_272_274_275_276_277_279_280_281_282_284_286_287_288_289_291_293_294_295_296_297_298  2.51e+08  2.11e+08  -2687.67 296130.31  11273.14    799.42     87.82     90.52   4276.77  -4731.52      0.00 0
