#event_number primary_type du_ids energy_primary em_energy Xmax_pos(x, y, z), Xmax_grams zenith azimuth shower_core_pos_x shower_core_pos_y shower_core_pos_z, N_tested_cores, units are degrees, GeV and meters
2000 14.0      226_227_230_231_238_243_246_249_250_252_253_255_257_258_259_260_261_263_264_266_267_269_270_271_272_273_274_275_276_277_278_279_280_281_283_284_285_286_287_288_289_290_291_292_293_294_295_296_297_298  3.39e+10  3.03e+10  72317.77  11389.33  12790.21    813.98     80.09      8.95  -2829.45 -10919.10      0.00 0
2001 14.0      0_3_4_5_6_9_10_12_13_17_18_21_22_25_26_28_29_30_33_34_35_38_41_42_44_45_46_49_50_53_54_55_59_60_63_64_67_68_71_72_75_76_78_79_80_83_84_86_89_90_91_95_96_99_100_102_103_104_107_108_111_112_114_116_117_121_122_125_126_129_130_133_134_137_138_141_142_143_146_147_148_152_153_155_157_158_162_163_165_168_169_173_174_177_179_181_182_186_190_191_197_200_205_206_212_214_220_226_227_230_231_238_246_249_250_253_260_261_266_267_275_276_277_280_286_287_288_293_294_297  7.59e+09  6.57e+09  16282.68  62689.58  12543.03    786.80     79.04     75.44   2444.11   -311.64      0.00 0
2002 14.0      0_1_2_3_4_5_6_7_8_9_10_11_12_13_14_15_16_17_18_19_20_21_22_23_24_25_26_27_28_29_30_31_32_33_34_35_36_37_38_39_40_41_42_43_44_45_46_47_48_49_50_51_52_53_54_55_56_57_58_59_60_61_62_63_64_65_66_67_68_69_70_71_72_73_74_75_76_77_78_79_80_81_82_83_84_85_86_87_88_89_90_91_92_93_94_95_96_97_98_99_100_101_102_103_104_105_106_107_108_110_111_112_113_114_115_116_117_118_120_121_122_123_124_125_126_128_129_130_131_132_133_134_136_137_138_140_141_142_143_145_146_147_148_151_152_153_154_155_157_158_159_161_162_163_164_165_167_168_169_170_172_173_174_175_176_177_178_179_181_182_184_185_186_187_188_190_191_193_194_196_197_198_199_200_202_203_205_206_208_209_210_211_212_213_214_215_216_217_218_219_220_221_222_223_224_226_227_228_229_230_231_232_233_234_235_236_237_238_239_240_241_242_243_244_245_246_247_248_249_250_251_252_253_254_257_258_260_261_263_266_267_269_273_275_276_278_280_283_285_286_288_290_292_296  1.70e+09  1.52e+09 -224348.28 -169181.38  11236.55    890.44     87.71    217.02  -1051.12  -4000.11      0.00 0
2003 14.0      148_157_158_167_168_172_173_181_182_190_191_196_197_198_199_200_205_206_211_212_213_214_217_218_219_220_223_224_226_227_230_231_233_234_235_237_238_241_242_243_244_246_248_249_250_251_252_253_254_255_256_257_258_259_260_261_262_263_264_265_266_267_268_269_270_271_272_273_274_275_276_277_278_279_280_281_282_283_284_285_286_287_288_289_290_291_292_293_294_295_296  1.66e+09  1.39e+09 123663.89   4448.09  14952.74    689.19     83.11      2.06  -2321.25  -8808.08      0.00 0
2004 14.0      3_4_9_10_12_17_18_21_22_25_26_29_30_33_34_35_38_41_42_45_46_49_50_53_54_55_59_60_63_64_67_68_71_72_75_76_79_83_84_86_89_90_91_95_96_99_100_103_104_107_108_111_112_114_117_121_122_125_126_129_130_133_134_137_138_141_142_143_146_147_148_152_153_154_155_158_159_162_163_164_165_168_169_170_173_174_176_177_178_179_181_182_185_186_187_188_191_192_193_194_197_199_200_202_203_206_208_209_210_212_214_215_216_218_220_221_222_224_226_227_228_229_231_232_233_235_236_238_239_240_241_243_244_245_246_247_248_250_251_253_255_256_258_259_260_261_262_264_265_267_268_270_271_272_274_275_276_277_279_281_282_284_286_287_289_291_293_294_295_297_298  3.72e+10  3.31e+10  20954.25 183060.92  13821.96    854.39     85.71     83.47   5031.98  -1477.84      0.00 0
2005 14.0      25_26_33_38_49_50_53_59_60_63_71_72_75_76_83_84_86_89_95_96_99_100_107_108_111_114_121_122_125_126_129_133_134_137_138_141_146_152_153_154_162_168_173_176_185_191_197_199_212_214_218_220_224_231_235_238_243_244_253_255_258_264_270_274_279_281_284_291  8.51e+10  7.75e+10     73.47  38267.30  10175.01    877.15     75.11     89.89   3162.15  -3730.00      0.00 0
2006 14.0      46_56_64_68_80_90_92_104_108_112_130_138_142_153_163_169_174_186  2.40e+10  2.21e+10  21599.30  12465.34   8787.03    850.12     70.59     29.99   3593.45   4468.72      0.00 0
2007 14.0      94_120_124_132_136_140_145_151_161_172_184_196_198  1.00e+10  9.36e+09   4869.84 -15041.41   7045.72    900.06     65.98    287.94  -3494.83  -3454.49      0.00 0
2008 14.0      133_134_143_146_154_155_164_165_170_176_178_179_187_188_193_194_208_210_216  2.19e+09  1.98e+09  -3772.32 -19121.64   7606.75    926.87     68.68    258.84   5559.91   -369.63      0.00 0
2009 14.0      9_12_17_18_21_22_25_26_29_33_34_38_41_42_45_49_50_53_54_59_60_63_64_67_68_71_72_75_76_79_83_84_86_89_90_95_96_99_100_103_107_108_111_112_114_117_121_122_125_126_129_130_133_134_137_138_141_142_143_146_147_152_153_154_158_162_163_168_169_173_174_176_182_185_191_197_199_206_212_214_218_220_224_227_231_235_238_243_244_250_253_255_258_259_261_264_267_270_271_274_277_279_281_284_287_289_291_295  2.29e+09  2.01e+09  -1195.37  64001.70  12860.76    729.21     78.64     91.07   2918.57  -6628.07      0.00 0
2010 14.0      129_141_148_157_158_162_167_168_172_173_176_181_182_185_190_191_196_197_199_200_202_203_205_206_211_212_213_214_218_219_220_223_224_226_227_228_229_230_231_233_234_235_237_238_241_242_243_244_245_246_247_248_249_250_251_252_253_254_255_256_257_258_259_260_261_262_263_264_265_266_267_268_269_270_271_272_273_274_275_276_277_278_279_280_281_282_283_284_285_286_287_288_289_290_291_292_293_294_295_296_297_298  5.75e+09  4.91e+09 -189929.61 -47213.95  14303.36    760.10     85.82    193.96  -4048.79 -10662.99      0.00 0
2011 14.0      218_220_224_228_233_235_238_241_243_244_245_248_251_255_256_258_259_262_264_265_268  8.71e+10  7.98e+10 -16778.77 -11631.18   8099.74    851.52     68.36    214.73   5441.74  -6438.49      0.00 0
2012 14.0      111_117_129_141_148_158_168_181_182_191_200_205_206_226_227_230_246_249_266  1.32e+09  1.15e+09  12655.50  20081.05   9397.85    705.81     68.40     57.78    598.05  -6367.73      0.00 0
2013 14.0      120_124_132_136_140_145_151_161_167_172_175_184_190_196_198_205_211_213_217_219_223_226_230_234_237_242_246_249_252_254_257_260_261_263_266_269_273_275_276_277_278_280_283_285_286_287_288_289_290_292_293_294_295_296_297_298  2.00e+10  1.82e+10  65829.77 -107088.48  13988.89    836.43     83.65    301.58  -3536.84  -9438.10      0.00 0
2014 14.0      205_213_219_226_227_230_231_234_237_238_242_243_246_249_250_252_253_254_257_258_260_261_263_264_266_267_269_270_271_273_274_275_276_277_278_279_280_281_283_284_285_286_287_288_289_290_291_292_293_294_295  8.71e+09  7.76e+09 -62273.86   8110.07  12127.43    840.82     79.07    172.58  -2786.59  -9274.85      0.00 0
2015 14.0      11_15_16_19_20_23_24_31_32_37_47_48_51_52_57_58_61_62_69_70_73_74_81_82_85_87_88_93_94_97_105_106_109  6.03e+09  5.37e+09    557.52 -21149.64   8715.96    754.69     67.61    271.51  -2211.41    253.98      0.00 0
2016 14.0      19_27_30_36_39_42_43_46_51_54_56_57_61_64_65_68_77_80_81_84_87_90_92_93_96_101_104_105_108_109_112_115_118_119_122_123_127_135_138_139_144_150_160  1.48e+09  1.27e+09 -32978.19    621.70  10450.49    727.64     72.42    178.92  -1738.21   2845.27      0.00 0
2017 14.0      85_94_98_106_110_113_120_124_128_131_132_136_140_145_151_157_161_167_172_175_181_184_190_196_198_205_211_213_217_219_223_226_230_234_237_242_246_249_252_260_266_275_276  4.90e+10  4.41e+10  18528.23 -38792.96  11046.10    792.23     75.59    295.53  -3697.97  -3182.81      0.00 0
2018 14.0      92_104_112_115_118_122_127_130_138_142_147_149_153_156_159_163_166_169_171_174_177_179_180_183_186_189_192_195_201_207_210  3.24e+10  2.96e+10  42026.61  -6806.83  10788.76    832.73     75.78    350.80   4862.61   4439.54      0.00 0
2019 14.0      0_1_2_3_4_5_6_7_8_9_10_11_12_13_14_15_16_17_18_19_20_21_22_23_24_25_26_27_28_29_30_31_32_33_34_35_36_37_38_39_40_41_42_43_44_45_46_47_48_49_50_51_52_53_54_55_56_57_58_59_60_61_62_63_64_65_66_67_68_69_70_71_72_73_74_75_76_77_78_79_80_81_82_83_84_85_86_87_88_89_90_91_92_93_94_95_96_97_98_99_100_101_102_103_104_105_106_107_108_109_110_111_112_113_114_119_120_121_122_123_124_125_126_131_132_133_134_135_136_137_138_143_144_145_146_147_150_151_152_153_154_155_163_164_165_170_175_176_177_178_179_186_187_188_193_194_202_208_209_210_215_216_221_222_229_232_236_239_240_247  2.51e+09  2.22e+09 -134681.73  -9890.41  14503.60    768.39     83.87    184.20   4244.48    310.58      0.00 0
2020 14.0      9_17_21_25_26_29_33_35_38_41_45_49_50_53_55_59_63_67_71_72_75_76_78_79_83_86_89_91_95_99_100_102_103_107_111_114_116_117_128_129_148_157_158_167_181_182_190_196_200_205_213_226_230_237_252  1.26e+10  1.12e+10  17972.98  28573.78  10204.49    784.70     73.18     57.83    709.08  -3556.97      0.00 0
2021 14.0      71_75_86_95_96_99_100_107_111_114_121_122_125_126_133_134_137_141_143_146_147_152_153_154_155_162_163_164_165_168_170_173_176_177_178_179_185_186_187_188_191_193_194_197_199_202_203_208_209_210_212_214_215_216_218_220_221_222_224_228_229_231_232_233_235_236_238_239_240_241_243_244_245_247_248_250_251_253_255_256_258_259_262_264_265_267_268_270_271_272_274_277_279_281_282_284_287_289_291_295_298  8.32e+10  7.59e+10 -26562.20 -142622.06  13764.67    895.08     84.58    259.45   6465.48  -2575.47      0.00 0
2022 14.0      0_1_2_3_4_5_6_7_8_9_10_11_12_13_14_15_16_17_18_19_20_21_22_23_24_25_26_27_28_29_30_31_32_33_34_35_36_37_38_39_40_41_43_44_45_47_48_49_50_51_52_53_54_55_57_58_59_60_61_62_63_65_66_67_69_70_71_72_73_74_75_76_78_79_81_82_83_85_86_87_88_89_91_93_94_95_97_98_99_102_103_105_106_107_111_113_114_117_119_121_123_125_129_131_132_133_137_141_144_146_150_152_154_162_164_168_173_176_178_185_187_199_202_203_209_212_215_218_224_228_229_232_233_241_244_245_247_248_251_256_262_265_268_272_282  1.45e+09  1.25e+09  69976.27 -37458.08  13367.64    761.14     80.44    331.84   5531.53  -3927.36      0.00 0
2023 14.0      44_55_62_66_78_79_82_88_91_94_102_103_106_110_111_116_117_120_124_128_129_136_137_140_141_145_148_151_157_158_161_162_167_168_173_175_181_182_185_191_197_199_212_218_220_224_233_235_241_244_251_256  6.17e+10  5.72e+10  34962.16 -12856.64  10281.66    836.94     74.57    339.81    198.30  -4220.24      0.00 0
2024 14.0      0_1_2_5_8_11_13_15_16_20_23_24_28_29_32_35_40_44_45_52_55_58_62_66_67_78_79_82_88_91_102_103_110_116_117_128_129_148_157_158_167_181_182_190_191_200_205_206_213_226_227_230_231_246_249_250_252_253_260_261_266_267_275_276_277_281_286_287_288_289_293_294_295_297_298  2.29e+09  1.93e+09   5707.45 -49177.73  12325.33    670.79     76.02    276.62    -13.30  -8107.60      0.00 0
2025 14.0      35_41_44_45_55_63_67_78_79_83_89_103_107_111_121_137_141_152_162_176_185_203  1.15e+09  1.02e+09  19897.26  -8132.08   8745.67    759.12     67.86    337.77   2595.15  -3303.77      0.00 0
2026 14.0      219_223_230_234_237_242_246_249_252_254_257_260_261_263_266_267_269_273_275_276_277_278_280_281_283_284_285_286_287_288_289_290_291_292_293_294_295_296_297_298  1.78e+10  1.57e+10 -86759.08  49346.12  14116.31    745.43     81.95    150.37  -3167.89 -10700.60      0.00 0
2027 14.0      0_1_2_3_4_5_6_7_8_9_10_11_12_13_14_15_16_18_19_20_22_27_28_30_34_36_39_42_43_46_54_56_64_65_68_77_80_84_90_92_104_112_118_130_142_149_159_169_174_183_192_207  4.68e+09  4.14e+09   9023.58  26236.14   9347.86    812.93     71.38     71.02    832.70   3200.43      0.00 0
2028 14.0      226_227_230_231_237_242_246_249_250_252_253_257_260_261_263_266_267_269_273_278_283  9.12e+09  8.02e+09 -24538.63  -2095.07   9173.72    766.95     69.57    184.88  -1823.87  -8901.84      0.00 0
2029 14.0      0_1_2_3_4_5_6_7_8_9_10_11_12_13_14_15_16_17_18_19_20_21_22_23_24_25_26_27_28_29_30_31_32_33_34_35_36_37_38_39_40_41_42_43_44_45_46_47_48_49_50_51_52_53_54_55_56_57_58_59_60_61_62_63_64_65_66_67_68_69_70_71_72_73_74_75_76_77_78_79_80_81_82_83_84_85_86_87_88_89_91_93_94_95_96_97_98_99_100_102_103_105_106_107_110_111_113_114_116_117_119_120_121_123_124_125_128_129_131_132_133_134_135_136_137_140_141_143_144_145_146_148_150_151_152_154_157_158_161_162_164_165_167_168_170_172_173_175_176_178_181_182_184_185_187_190_191_193_194_196_197_198_199_200_202_203_205_206_208_209_211_212_213_214_215_217_218_219_220_221_223_224_226_227_228_229_230_231_232_233_234_235_236_237_238_239_241_242_243_244_245_246_247_248_249_250_251_253_255_256_258_259_262_264_265_268_270_271_272_274_279_282  6.31e+10  5.58e+10 -228761.45  62195.99  13129.51    809.88     86.83    164.79  -3802.52  -2089.14      0.00 0
2030 14.0      88_94_102_106_110_116_120_124_128_132_136_140_145_151  1.62e+10  1.45e+10  14752.50 -10749.83   7933.12    809.67     66.51    323.92  -2848.37  -2811.85      0.00 0
2031 14.0      0_1_2_3_5_6_7_8_9_11_13_14_15_16_19_20_21_23_24_27_28_29_31_32_35_37_39_40_41_43_44_45_47_48_51_52_55_57_58_61_62_65_66_67_69_70_73_74_78_79_81_82_85_87_88_89_91_93_94_97_98_101_102_103_105_106_109_110_111_113_116_117_119_120_123_124_127_128_129_131_132_135_136_139_140_144_145_148_150_151_157_158_160_161_166_167_168_171_172_175_181_182_184_190_191_195_196_197_198_200_205_206_211_213_214_217_219_220_223_226_227_230_231_234_237_238_242_243_246_249_250_252_253_254_257_258_260_261_263_264_266_267_269_270_273_274_275_276_277_278_279_280_281_283_284_285_286_287_288_289_290_291_292_293_294_295_296_297_298  9.33e+10  8.44e+10 -88976.44 206105.66  13062.03    866.44     86.67    113.35  -3191.83  -5388.70      0.00 0
2032 14.0      8_13_20_28_35_40_44_52_55_62_66_78_88_102_106_110_128_136_140_161_167_172  5.25e+09  4.72e+09 -10800.55 -14265.36   8105.24    763.80     65.63    232.87  -1576.01  -3129.65      0.00 0
2033 14.0      0_1_2_3_4_5_6_7_8_9_10_11_12_13_14_15_16_17_18_19_20_21_22_23_24_25_26_27_28_29_30_31_32_33_34_35_36_37_38_40_41_42_44_45_46_47_48_49_50_51_52_53_54_55_57_58_59_60_62_63_64_66_67_69_70_71_72_73_74_75_76_78_79_82_83_84_85_86_88_89_91_94_95_96_97_98_99_100_102_103_106_107_108_110_111_113_114_116_117_120_121_122_124_125_126_128_129_132_133_134_136_137_140_141_143_145_146_147_148_151_152_154_155_157_158_161_162_164_165_167_168_170_172_173_175_176_178_179_181_182_184_185_187_188_190_191_193_194_196_197_198_199_200_202_203_205_206_208_209_210_211_212_213_214_215_216_217_218_219_220_221_222_223_224_226_227_228_229_230_231_232_233_234_235_236_237_238_239_240_241_242_243_244_245_246_247_248_249_251_252_254_256_257_262_263_265_268_273_278  3.89e+09  3.41e+09 -197226.67 -54103.14  13978.15    787.14     86.09    195.34   5869.79  -1849.03      0.00 0
2034 14.0      246_249_250_253_258_260_261_264_266_267_269_270_271_273_274_275_276_277_278_279_280_281_283_284_285_286_287_288_289_290_291_292_293_294_295_296_297_298  1.05e+10  9.49e+09 -58656.25  -3752.01  11936.78    833.93     78.52    183.66   5405.96 -10465.02      0.00 0
2035 14.0      39_51_57_61_65_73_77_81_87_93_97_101_105_109_113_119_123_131  2.00e+10  1.81e+10 -19210.61 -12695.95   8866.85    780.37     68.94    213.46  -3403.43   1526.79      0.00 0
2036 14.0      121_125_129_133_137_141_143_146_152_154_158_162_164_165_168_170_173_176_178_182_185_187_188_191_193_194_197_199_200_202_203_206_208_209_210_212_214_215_216_218_220_221_222_224_226_227_228_229_231_232_233_235_236_238_239_240_241_243_244_245_246_247_248_249_250_251_253_255_256_258_259_260_261_262_264_265_266_267_268_270_271_272_274_275_276_277_279_280_281_282_284_286_287_288_289_290_291_293_294_295_296_297_298  3.80e+10  3.40e+10 106375.07 156643.77  13938.14    826.58     85.79     55.82   3873.92  -9706.09      0.00 0
2037 14.0      0_1_2_3_4_5_6_7_8_9_10_11_12_13_14_15_16_17_18_19_20_21_22_23_24_25_26_27_28_29_30_31_32_33_34_35_36_37_38_39_40_41_42_43_44_45_46_47_48_49_50_51_52_53_54_55_56_57_58_59_60_61_62_63_64_65_66_67_68_69_70_71_72_73_74_75_76_77_78_79_80_81_82_83_84_85_86_87_88_89_90_91_92_93_94_95_96_97_98_99_100_101_102_103_104_105_106_107_108_109_110_111_112_113_114_115_116_117_118_119_120_121_122_123_124_125_126_127_128_129_130_131_132_133_134_135_136_137_138_139_140_142_143_144_145_146_147_148_149_150_151_152_153_154_155_156_157_159_160_161_163_164_165_166_167_169_170_171_172_174_175_177_178_179_180_183_184_186_187_188_189_190_192_193_194_195_196_198_201_204_207_208_210_211_215_216_217_221_222_223_225_234_236_240  1.78e+10  1.55e+10 258827.39 126014.95  11562.22    803.53     87.70     25.96  -3016.71    169.20      0.00 0
2038 14.0      147_153_163_177_179_186_188_210_216_240  1.41e+10  1.23e+10  19178.44  -8837.33   8815.95    735.74     67.34    335.26   6440.44   2733.72      0.00 0
2039 14.0      0_1_2_3_4_5_6_7_8_9_10_11_12_13_14_15_16_17_18_19_20_21_22_23_24_25_26_27_28_29_30_32_34_35_36_40_42_44_45_46_48_50_52_54_55_58_60_62_64_66_68_74_78_80_82_84_88_90_94_102_106_108_110_112_136_140_161  6.76e+10  6.23e+10 -15899.75 -22094.27   9155.44    837.43     71.41    234.26   -503.78   -789.04      0.00 0
2040 14.0      0_1_2_3_4_5_6_7_8_9_10_11_12_13_14_15_16_17_18_19_20_21_22_23_24_25_26_27_28_29_30_32_33_34_35_36_38_40_42_43_44_45_46_48_49_50_52_54_55_56_58_60_62_64_66_68_72_76_78_80_82_84_88_90_96_104_106_108_110_112_122_130_136_138_142_147_153_163_174_177_186  6.46e+09  5.63e+09 -20716.45 -26363.76   9532.11    912.52     74.13    231.84   1628.17   1829.14      0.00 0
2041 14.0      146_152_154_162_164_170_173_176_178_185_187_193_194_197_199_202_203_208_209_212_214_215_216_218_220_221_222_224_228_229_231_232_233_235_236_238_239_240_241_243_244_245_247_248_250_251_253_255_256_258_259_261_262_264_265_267_268_270_271_272_274_275_277_279_281_282_284_286_287_289_291_293_294_295_297_298  4.17e+09  3.69e+09 -44238.25 -78638.55  13694.00    769.39     81.37    240.64   2922.92 -10729.56      0.00 0
2042 14.0      0_1_2_3_4_5_6_7_8_9_10_11_12_13_14_15_16_17_18_19_20_21_22_23_24_25_26_27_28_29_30_31_32_33_34_35_36_37_38_39_40_41_42_43_44_45_46_47_48_49_50_51_52_53_54_55_56_57_58_59_60_61_62_63_64_65_66_67_68_69_70_71_72_73_74_75_76_77_78_79_80_81_82_83_84_85_86_87_88_89_90_91_92_93_94_95_96_97_98_99_100_101_102_103_104_105_106_107_108_109_110_111_112_113_114_115_116_117_118_119_120_121_122_123_124_125_126_127_129_130_131_132_133_134_135_137_139_141_143_144_146_148_149_150_152_154_156_158_160_162_164_165_166_168_170_171_173_176_178_185_187_189_191_193_195_197_199_202_203_208_209_212_215_218_220_221_224_228_229_232_233_235_239_241_243_244_245_247_248_251_255_256_259_262_265_268_271_272_282  3.63e+10  3.25e+10 113945.73 -85366.43  13583.90    925.95     84.55    323.16  -3796.46   2859.44      0.00 0
2043 14.0      76_86_96_99_100_114_126_133_134_143_154_164_165_170_178_187_193_208_209_215_221_229_232_239_247  3.09e+10  2.78e+10 -20520.93  16090.46   9321.53    776.71     70.33    141.90   5884.62   -973.68      0.00 0
2044 14.0      0_1_2_3_4_5_6_7_8_9_10_11_12_13_14_15_16_17_18_19_20_21_22_23_24_25_26_27_28_29_30_31_32_33_34_35_36_37_38_39_40_41_42_43_44_45_46_47_48_49_50_51_53_54_55_56_57_59_60_61_63_64_65_67_68_69_70_71_72_73_75_76_77_79_80_81_83_84_85_86_87_89_90_92_93_95_96_97_99_100_101_104_105_107_108_109_111_112_114_115_118_119_121_122_123_125_126_127_130_131_133_134_135_137_139_143_144_146_149_150_152_154_155_156_160_162_164_165_166_170_171_176_178_185_187_189_193_194_195_202_203_208_209_215_218_221_228_229_232_233_239_245_247_248_251_262_265_268_282  7.76e+10  7.20e+10 -68319.08  46359.91  12457.08    943.67     81.42    145.84   1281.76    641.76      0.00 0
2045 14.0      121_137_141_146_152_162_173_185_197_199_212_218_220_224_235_238_241_243_244_253_255_258_259_264_270_271_274_279_284_291  5.37e+09  4.72e+09   -226.96  35144.11  10310.37    792.09     73.65     90.37   3894.96  -8490.12      0.00 0
2046 14.0      0_1_2_3_4_5_6_7_8_9_10_11_12_13_14_15_16_17_18_19_20_21_22_23_24_25_26_27_28_29_30_31_32_33_34_35_36_37_38_39_40_41_42_43_44_45_46_47_48_49_50_51_52_53_54_55_56_57_58_59_60_61_62_63_64_65_66_67_68_69_70_71_72_73_74_75_76_77_78_79_80_81_82_83_84_85_86_87_88_89_90_91_92_93_94_95_96_97_98_99_100_101_102_103_104_105_106_107_108_109_110_111_112_113_114_115_116_117_118_119_121_123_125_127_128_129_130_131_133_135_137_139_140_141_144_146_148_149_150_152_156_157_158_159_160_162_166_167_168_171_173_176_180_181_182_183_185_189_190_191_195_197_199_200_201_203_204_205_206_212_214_218_220_224_225_226_227_231_233_235_238_241_243_244_246_250_251_253_255_256_258_259_261_264_267_268_270_271_272_274_277_279_281_284_287_289_291_295  1.02e+10  9.01e+09 -53897.68 117668.48  14037.20    834.47     83.81    114.61   4411.51 -10074.02      0.00 0
2047 14.0      162_168_173_176_182_185_191_197_199_200_202_203_206_209_212_214_218_220_224_227_228_229_231_232_233_235_241_245_247_248  2.14e+10  1.96e+10 -22760.07 -11318.01   8268.90    981.06     71.98    206.44   4563.06  -5137.80      0.00 0
2048 14.0      107_111_121_125_137_141_146_152_154_162_176_178_185_187_193_202_209_215_221_229_232_239  5.25e+09  4.65e+09  24009.98   8772.15   9501.45    732.39     69.61     20.07   5509.81  -2576.78      0.00 0
2049 14.0      0_1_2_5_8_9_11_13_15_16_19_20_21_23_24_28_29_31_32_35_37_40_41_44_45_47_48_51_52_55_57_58_62_63_66_67_69_70_73_74_78_79_81_82_85_89_91_93_97_103_119_123  6.76e+09  6.04e+09  17179.90 -18199.02   9049.79    800.52     70.12    313.35  -1316.95   -606.43      0.00 0
2050 14.0      23_24_31_32_37_47_48_51_52_57_58_61_62_69_70_73_74_81_82_85_87_88_93_94_97_98_105_106_109_110_113_119_120_123_124_127_131_132_135_136_139_140_144_145_150_151_160_161_166_171_172_195  3.09e+09  2.75e+09   4064.15 -45359.10  10757.00    886.04     76.71    275.12  -3640.40   4058.47      0.00 0
2051 14.0      172_190_196_198_200_205_211_213_217_219_223_226_227_230_231_234_237_242_246_249_250_252_253_254_257_258_260_261_263_266_267_269_270_273_274_275_276_277_278_279_280_281_283_284_285_286_287_288_289_291_293_295  4.90e+10  4.49e+10  56196.16 -26240.53  11920.86    871.14     79.12    334.97  -3809.03  -7662.91      0.00 0
2052 14.0      0_1_2_3_4_5_6_7_8_9_10_11_12_13_14_15_16_17_18_19_20_21_22_23_24_25_26_28_29_30_31_32_33_34_35_37_38_40_41_44_45_47_48_49_50_52_53_54_55_57_58_59_60_62_63_66_67_69_70_71_72_73_74_75_76_78_79_82_83_85_86_88_89_91_94_95_97_98_99_100_102_103_106_107_110_111_113_114_120_121_124_125_128_131_132_133_134_136_137_140_143_145_146_151_154_155_161_164_165_170_175_178_184_187_193_194_208_209_215_221_222_236_239  4.68e+09  4.04e+09 -74493.05 -11106.48  13415.91    728.00     79.90    188.48  -4306.86  -2006.09      0.00 0
2053 14.0      37_47_48_58_69_70_73_74_82_85_93_94_97_98_105_106_110_113_119_120_123_124_131_132_135_136_140_144_145_150_151_160_161_167_172_175_184_196_198_211_213_217_219_223_234_237_242_252_254_257_263_269_273_278_283_285  6.31e+09  5.65e+09  -3825.16  44987.59  11206.93    795.45     76.06     94.86  -3870.43  -2182.56      0.00 0
2054 14.0      108_112_118_122_126_130_138_142_147_149_153_155_159_163_165_169_174_177_179_183_186_188_192_194_208_210_216_222_236_240  1.17e+09  1.02e+09  33052.89 -19492.96  10764.42    768.58     74.33    329.47   5952.22   2359.15      0.00 0
2055 14.0      253_258_264_270_271_274_279  2.00e+09  1.81e+09 -18703.94   3900.64   8490.71    733.38     66.04    168.22   4367.69  -9180.73      0.00 0
2056 14.0      99_100_114_121_122_125_126_133_134_143_146_147_152_153_154_155_162_163_164_165_170_176_177_178_179_185_186_187_188_193_194_199_202_203_208_209_210_215_216_218_221_222_224_228_229_232_233_235_241_244_245_248_251_255_256_259_265_268_271_272  4.47e+10  4.11e+10   3573.24 -49009.62  11218.40    849.39     77.14    274.17   5496.29  -1063.57      0.00 0
2057 14.0      141_146_152_162_168_173_176_178_182_185_187_191_193_197_199_200_202_203_206_209_212_214_215_218_220_221_224_226_227_228_229_230_231_232_233_235_236_238_239_241_243_244_245_246_247_248_249_250_251_252_253_255_256_258_259_260_261_262_264_265_266_267_268_269_270_271_272_273_274_275_276_277_279_280_281_282_283_284_285_286_287_288_289_290_291_292_293_294_295_296_297_298  2.14e+10  1.92e+10 -132662.81 -114269.25  13503.26    923.08     85.59    220.74   1705.38 -11182.58      0.00 0
2058 14.0      20_28_32_35_40_44_45_48_52_55_58_62_66_67_70_74_78_79_82_85_88_89_91_94_98_102_103_106_110_111_113_116_117_120_124_128_129_132_136_140_141_145_148_157_158_162_167_168_173_181_182_191_197_199_200_206_212_214_218_220_224_231_235_238_241_243_244_253_255_256_258_259_264_268_271_272_274_279  1.12e+09  1.00e+09 -41253.88  32838.33  11670.20    812.86     77.52    141.48   2912.71  -6521.92      0.00 0
2059 14.0      40_44_52_55_58_62_66_74_78_82_88_91_94_98_102_106_110_124_132  1.55e+09  1.35e+09 -14864.88   9876.20   7815.58    818.44     66.35    146.40  -1738.57  -2252.58      0.00 0
2060 14.0      0_1_2_3_4_5_6_7_8_9_10_11_12_13_14_15_16_17_18_19_20_21_22_23_24_25_26_27_28_29_30_31_32_33_34_35_36_37_38_39_40_41_42_43_44_45_46_47_48_49_50_51_52_53_54_55_56_57_58_59_60_61_62_63_64_65_66_67_68_69_70_71_72_73_74_75_77_78_79_80_81_82_83_84_85_87_88_89_90_91_92_93_94_97_98_101_102_103_104_105_106_107_109_110_111_113_115_116_117_118_119_120_123_124_127_128_129_130_131_132_135_136_137_139_140_141_144_148_149_150_151_156_157_158_159_160_161_166_167_168_171_172_173_180_181_182_183_189_190_191_195_196_197_200_201_204_205_206_207_211_212_213_214_219_220_225_226_227_230_231_237_238_243_246_249_250_252_253_257_258_260_261_264_266_267_269_270_274_275_276_277_280_281_284_286_287_288_289_290_291_293_294_295_296_297_298  2.00e+09  1.72e+09 -19914.55 104992.95  14106.99    771.18     82.48    100.74   -369.66  -3650.64      0.00 0
2061 14.0      231_238_243_246_249_250_252_253_255_257_258_259_260_261_264_266_267_269_270_271_272_273_274_275_276_277_278_279_280_281_283_284_285_286_287_288_289_290_291_292_293_294_295_296  7.08e+09  6.49e+09  49520.34   5300.94  10576.92    991.59     78.01      6.11   2982.93 -10009.95      0.00 0
2062 14.0      0_1_2_3_4_5_6_7_8_9_10_11_12_13_14_15_16_17_18_19_20_21_22_23_24_25_26_27_28_29_30_31_32_33_34_36_37_38_39_42_43_46_47_48_49_50_51_52_53_54_56_57_58_59_60_61_64_65_68_69_70_71_72_73_74_75_76_77_80_81_82_84_85_86_87_90_92_93_94_96_97_98_99_100_101_104_105_108_109_112_113_114_119_122_123_124_126_131_132_133_134_143_144_147_155_165_170_179_188_194_208_210_216_222_236_240  6.92e+10  6.23e+10  57400.43   3048.42  11558.95    890.43     78.63      3.04  -2796.30    814.12      0.00 0
2063 14.0      3_5_8_9_12_13_17_18_20_21_25_26_28_29_33_34_35_38_40_41_44_45_49_50_52_53_55_59_60_62_63_66_67_71_72_75_76_78_79_83_86_88_89_91_95_96_99_100_102_103_106_107_110_111_114_116_117_121_125_126_128_129_133_134_136_137_140_141_143_146_147_148_152_154_155_157_158_161_162_164_165_167_168_170_172_173_176_177_178_179_181_182_184_185_187_188_190_191_193_194_196_197_198_199_200_202_203_205_206_208_209_210_211_212_213_214_215_216_217_218_219_220_221_222_223_226_227_230_231_232_234_236_237_239_240_242_246_249_250_252_254_257_260_263_266_269_273_276_278_280_283_285_290_292  8.71e+10  8.11e+10  77885.56  67752.62  13150.91    921.25     82.74     41.02  -2950.62  -7528.19      0.00 0
2064 14.0      128_140_148_157_158_161_167_172_181_182_190_191_196_197_200_205_206_213_214_220_226_227_231_235_238_243_253_255_258_264_271  8.13e+09  7.11e+09  26496.80 -11318.24   9478.77    813.58     71.79    336.87    890.33  -6746.51      0.00 0
2065 14.0      181_182_200_205_206_226_227_231_246_249_250_253_260_261_267_275_277_281_287_289_291_293_295_298  2.04e+09  1.79e+09   9645.40 -30722.13  10643.12    682.84     71.71    287.43   1043.56 -10360.18      0.00 0
2066 14.0      0_1_2_3_5_8_9_11_13_16_17_20_21_23_24_25_28_29_32_33_35_37_40_41_44_45_47_48_49_52_53_55_58_59_62_63_66_67_69_70_74_75_78_79_82_83_85_88_89_91_94_95_97_98_99_102_103_106_107_110_111_113_116_117_120_121_124_125_128_129_131_132_133_136_137_140_141_145_146_148_151_152_154_157_158_161_162_167_168_172_173_175_176_178_181_182_184_185_187_190_191_196_197_198_199_200_202_203_205_206_209_211_212_213_214_215_217_218_219_220_223_224_226_227_228_229_230_231_232_233_234_235_237_238_239_241_242_243_244_245_246_247_248_249_250_251_252_253_254_255_256_257_258_259_260_261_262_263_264_265_266_267_268_269_270_271_272_273_274_275_276_277_278_279_280_281_282_283_284_285_286_287_288_289_290_291_292_293_294_295_296_297_298  4.27e+09  3.69e+09 -294000.50  63994.98  11032.95    806.59     87.90    167.72  -1259.76  -9197.72      0.00 0
2067 14.0      261_267_270_274_275_276_277_279_280_281_284_286_287_288_289_290_291_293_294_295  1.32e+10  1.18e+10 -37603.75   1444.59  10421.99    817.35     74.52    177.80   4792.29 -11238.92      0.00 0
2068 14.0      0_1_2_3_4_5_6_7_8_9_10_11_12_13_14_15_16_17_18_19_20_21_22_23_24_25_26_27_28_29_30_31_32_33_34_35_36_37_38_39_40_41_42_43_44_45_46_47_48_49_50_51_52_53_54_55_56_57_58_59_60_61_62_63_64_65_66_67_68_69_70_71_72_73_74_75_76_77_78_79_80_81_82_83_84_85_86_87_88_89_90_91_92_93_94_95_96_98_99_100_101_102_103_104_105_106_107_108_109_110_111_112_114_115_116_117_118_120_122_124_126_127_128_129_130_134_136_138_140_141_142_145_147_148_149_151_153_155_156_157_158_159_161_163_167_168_169_172_174_175_177_180_181_182_183_184_186_190_191_192_196_198_200_201_205_206_207_211_213_217_219_223_226_227_230_234_237_242_246_249_252_254_257_260_263_266_269_273_275_276_278_280_283_285_286_288_290_292_294_296  4.79e+10  4.37e+10 -40774.31 -103830.33  13736.07    845.65     82.98    248.56   -186.51  -1237.70      0.00 0
2069 14.0      0_1_2_3_4_5_6_7_8_9_10_11_12_13_14_15_16_17_18_19_20_21_22_23_24_25_26_27_28_29_30_31_33_34_35_36_38_39_40_41_42_43_44_45_46_49_50_51_53_54_55_56_59_60_61_63_64_65_66_67_68_71_72_75_76_77_78_79_80_83_84_86_87_89_90_91_92_95_96_99_100_101_103_104_107_108_109_111_112_114_115_116_117_118_121_122_125_126_127_129_130_133_134_137_138_141_142_143_146_147_148_149_152_153_154_155_156_158_159_162_163_164_165_166_168_169_170_173_174_176_177_178_179_180_182_183_185_186_187_188_189_191_192_193_194_195_197_199_200_201_202_203_204_206_207_208_209_210_212_214_215_218_220_221_224_225_227_228_229_231_232_233_235_238_241_243_244_245_247_248_250_251_253_255_256_258_259_261_262_264_265_267_268_270_271_272_274_277_279_281_282_284_289_291_295  3.47e+10  3.05e+10  34422.16 -151021.59  14478.24    780.79     84.66    282.84   5230.31 -10449.00      0.00 0
2070 14.0      167_172_181_182_190_191_196_197_198_200_205_206_211_213_214_217_219_220_223_226_227_230_231_234_235_237_238_242_243_244_246_249_250_252_253_254_255_256_257_258_259_260_261_263_264_266_267_268_269_270_271_272_273_274_275_276_277_278_279_280_281_283_284_285_286_287_288_289_290_291_292_293_294_295_296_297_298  2.14e+09  1.84e+09 -134328.66  26086.51  14430.58    781.15     83.98    169.01   4750.83 -10584.88      0.00 0
2071 14.0      33_41_45_49_53_55_59_63_67_71_75_78_79_83_86_89_91_95_99_102_103_107_111_114_116_117_121_125_128_129_133_134_137_140_141_143_146_148_152_154_155_157_158_162_164_165_167_168_170_172_173_176_178_181_182_185_187_188_190_191_193_194_196_197_198_199_200_202_203_205_206_208_209_210_211_212_213_214_215_216_218_219_220_221_222_223_224_226_227_228_229_230_231_232_233_234_235_236_237_238_239_240_241_242_243_244_245_246_247_248_249_250_251_252_253_254_255_257_258_260_261_262_263_266_267_269_273_275_276_278_280_283_285_286_288_290_292_296  1.58e+09  1.35e+09 -93133.20 -70538.35  14489.94    740.55     82.93    217.14   5678.58  -2335.70      0.00 0
2072 14.0      242_252_254_257_263_266_269_273_276_278_280_283_286_288_290_294  5.37e+10  4.84e+10 -11855.56  13871.27   7603.12    878.65     67.38    130.52  -2731.94  -9649.31      0.00 0
2073 14.0      147_155_177_179_186_188_210  2.24e+09  2.10e+09  -1228.45  19580.24   7922.50    861.08     68.01     93.59   5421.02   4634.06      0.00 0
2074 14.0      148_157_158_167_168_172_181_182_190_191_196_197_198_200_205_206_211_212_213_214_217_219_220_223_224_226_227_230_231_234_235_237_238_241_242_243_244_246_249_250_251_252_253_254_255_256_257_258_259_260_261_263_264_265_266_267_268_269_270_271_272_273_274_275_276_277_278_279_280_281_282_283_284_285_286_287_288_289_290_291_292_293_294_295_296_297_298  4.90e+09  4.20e+09 -232220.25  26293.94  12534.23    916.61     86.93    173.54  -3861.67 -10282.29      0.00 0
2075 14.0      226_227_230_231_237_238_243_246_249_250_252_253_255_257_258_259_260_261_263_264_266_267_269_270_271_272_273_274_275_276_277_278_279_280_281_283_284_285_286_287_288_289_290_291_292_293_294_295_296  4.37e+09  3.79e+09 -56968.46  -8513.99  12054.50    800.55     78.18    188.50  -2356.43 -10345.51      0.00 0
2076 14.0      62_66_78_82_88_91_94_98_102_106_110_116_117_120_124_128_129_132_136_140_145_148_151_157_158_161_167_168_172_173_175_181_182_184_190_191_196_197_198_200_205_206_211_212_213_214_217_219_220_223_224_226_227_230_231_234_235_237_238_242_243_244_246_249_250_252_253_254_255_257_258_259_260_261_263_264_266_267_269_270_271_272_273_274_275_276_277_279_280_281_284_286_287_289_291_295  5.75e+10  5.21e+10 -90639.59  62668.25  13471.63    887.57     83.03    145.34   2451.58  -9117.14      0.00 0
2077 14.0      190_205_213_219_230_237_242_252_254_257_263_273_278  1.35e+10  1.19e+10  16119.72  12526.28   8602.45    753.24     67.15     37.85  -3108.60  -8192.73      0.00 0
2078 14.0      0_1_2_3_4_5_8_9_11_12_13_15_16_17_20_21_23_24_25_28_29_32_33_35_37_40_41_44_45_47_48_49_52_53_55_58_59_62_63_66_67_69_70_71_73_74_75_78_79_82_83_85_88_89_91_94_95_97_98_99_102_103_106_107_110_111_113_116_117_120_121_124_125_128_129_131_132_136_137_140_141_145_146_148_151_152_154_158_161_162_168_173_175_176_178_185_187_199_202_203_209_218_224_228_229_232_233_241_245_247_248_251_262_265  2.69e+10  2.44e+10 -61471.91  15509.13  11979.21    874.21     79.30    165.84  -1256.89  -2095.08      0.00 0
2079 14.0      121_125_137_141_146_152_162_168_173_176_185_197_199_212_214_218_220_224_231_235_238_243_244_253_255_258_264_267_270_271_274_279_281_284_289_291  1.10e+10  9.80e+09  -4718.37 -34579.61   9796.81    886.81     74.32    262.23   3217.12  -8652.46      0.00 0
2080 14.0      42_50_54_60_64_68_72_76_80_84_86_90_92_96_100_104_108_112_114_118_122_126_133_134_138_143_155_164_165_170_187_193  2.24e+09  1.95e+09  20591.22 -17394.78   9672.56    735.43     70.26    319.81   3400.44   1368.67      0.00 0
2081 14.0      0_1_2_3_4_5_6_7_8_9_10_11_12_13_14_15_16_17_18_19_20_22_23_24_26_27_28_29_30_31_32_34_35_36_37_39_40_42_43_44_46_47_48_51_52_54_55_56_57_58_60_61_62_64_65_66_68_69_70_73_74_77_78_80_81_82_84_85_87_88_90_92_93_94_97_98_101_102_104_105_106_108_109_110_112_113_115_118_119_120_123_124_127_128_130_131_132_135_136_138_139_140_142_144_145_149_150_151_156_159_160_161_163_166_167_169_171_172_174_175_180_183_184_189_192_195_196_198_201_204_207_211_217_219_223_225_234_242_254_263_278  5.13e+09  4.45e+09  46251.38  86258.45  14104.15    739.89     81.80     61.80  -2792.95  -1002.40      0.00 0
2082 14.0      121_125_137_146_152_154_164_176_178_187_193_215  1.10e+10  9.66e+09 -14022.53 -10501.65   7902.78    789.18     65.72    216.83   4809.52  -2262.70      0.00 0
2083 14.0      100_114_126_133_134_143_155_164_165_170_187_193_209_215_232  7.41e+10  6.76e+10  11227.23 -14069.14   7759.37    835.67     66.68    308.59   5626.86   -375.66      0.00 0
2084 14.0      198_211_217_219_223_234_237_242_252_254_257_263_266_269_273_276_278_280_283_285_286_288_290_292_294_296_297  1.02e+10  9.33e+09  16590.39 -28153.66   9574.38    884.19     73.67    300.51  -3548.37  -8729.16      0.00 0
2085 14.0      20_32_40_44_48_52_58_62_66_74_78_82_88_91_102_106_110_116_117_128_136_140_148_157_167_172_181_182_190_196_200_205_206_213_219_226_227_230_237_246_249_250_252_260_261_266_267_269_275_276_277_280_286_287_288_289_290_293_294_295_296_297_298  4.57e+10  4.12e+10   7957.73 -47299.91  11568.43    771.05     76.44    279.55   -520.30  -9453.95      0.00 0
2086 14.0      0_1_2_3_4_5_6_7_9_10_12_13_14_17_18_21_22_25_26_27_29_30_33_34_35_36_38_39_41_42_43_45_46_49_50_53_54_56_59_60_63_64_65_67_68_71_72_75_76_77_79_80_83_84_89_90_92_101_104_107_111_112_115_118_130_149_156_159_180_183_201_204_225  2.29e+09  2.00e+09   7340.75 -34446.82  10700.75    726.13     73.10    282.03    645.63   2183.23      0.00 0
2087 14.0      0_1_2_3_4_5_6_7_8_9_10_11_12_13_14_15_16_17_18_20_21_22_23_24_25_26_28_29_30_32_33_34_35_37_38_40_41_42_44_45_46_48_49_50_52_53_54_55_58_59_60_62_63_64_66_67_68_71_72_74_75_76_78_79_82_83_84_86_88_89_90_91_94_95_96_99_100_102_103_106_107_108_110_111_114_116_117_120_122_124_126_128_133_134_136_138_140_143_145_147_148_151_153_155_157_161_165_167_172_175_177_179_184_186_188_190_196_198_210_211_213_217_219_223_234_242_254_263  7.76e+10  6.95e+10 -48481.61 -44300.83  12302.36    836.67     79.39    222.42  -2149.34  -3783.59      0.00 0
2088 14.0      9_13_21_28_29_33_35_40_41_44_45_49_52_53_55_59_62_63_66_67_71_75_78_79_82_83_86_88_89_91_95_99_102_103_106_107_110_111_114_116_117_120_121_125_128_129_133_136_137_140_141_143_145_146_148_151_152_154_157_158_161_162_164_167_168_170_172_173_175_176_178_181_182_184_185_187_190_191_193_194_196_197_198_199_200_202_203_205_206_208_209_211_212_213_214_215_217_218_219_220_221_222_223_224_226_227_228_229_230_231_232_233_234_235_236_237_238_239_241_242_243_244_245_246_247_248_249_250_251_252_253_254_255_256_257_258_259_260_261_262_263_264_265_266_267_268_269_270_271_272_273_274_275_276_277_278_279_280_281_282_283_284_285_286_287_288_289_290_291_292_293_294_295_296  2.69e+09  2.27e+09 229975.61  76101.68  13500.92    739.06     86.81     18.31  -3195.04  -7928.70      0.00 0
2089 14.0      1_4_6_7_10_14_15_19_27_30_31_36_39_43_51_57_61_65_81_87_93_105_119_135  3.02e+09  2.72e+09  14109.65  -8304.58   7561.54    813.25     65.21    329.52  -1634.29   1839.30      0.00 0
2090 14.0      274_279_284_291  7.59e+09  6.88e+09  19756.05   7567.82   7779.68    950.15     69.81     20.96   5989.42  -9893.63      0.00 0
2091 14.0      0_1_2_3_4_5_6_7_8_9_10_11_12_13_14_15_16_17_18_19_20_21_22_23_24_25_26_27_28_29_30_31_32_33_34_35_36_37_38_39_40_41_42_43_44_45_46_47_48_49_50_51_52_53_55_56_57_58_59_61_62_63_65_66_67_69_70_71_72_73_74_75_77_78_79_81_82_83_85_86_87_88_89_91_93_94_95_97_98_99_101_102_103_105_106_107_109_110_111_113_116_117_119_120_121_123_124_125_128_129_131_132_135_136_137_139_140_141_144_145_146_148_150_151_152_154_157_158_160_162_167_168_173_176_178_181_182_185_191_197_199_202_203_206_212_214_218_220_224_228_229_231_233_235_238_241_243_244_245_248_251_255_256_258_259_262_264_265_268_271_272_274_279_282  1.32e+09  1.19e+09 -82319.56  69098.80  13787.10    824.36     82.69    139.99   -170.10  -1952.26      0.00 0
2092 14.0      226_227_230_231_237_246_249_250_252_257_260_263_266_269_273_278_280_283_285  1.07e+10  9.60e+09 -21287.86  -7760.77   8300.76    883.52     69.88    200.03  -2593.22  -9203.96      0.00 0
2093 14.0      0_1_2_3_4_5_6_8_9_10_12_13_14_17_18_21_22_25_26_28_29_30_33_34_35_36_38_41_42_44_45_46_49_50_53_54_55_59_60_63_64_67_68_78_79_80_83_84_89_90_91_103_104_117  4.07e+09  3.63e+09  -2754.84 -26887.47   9773.42    720.05     70.12    264.15    833.56   -762.12      0.00 0
2094 14.0      21_29_33_35_41_44_45_49_53_55_59_63_67_71_72_75_78_79_83_86_89_91_95_99_100_102_103_107_110_111_114_116_117_121_125_128_129_133_134_137_140_141_143_146_148_152_154_155_157_158_162_164_165_167_168_170_172_173_176_178_181_182_185_187_188_190_191_193_194_196_197_198_199_200_205_206_208_210_211_213_214_215_216_219_221_222_223_226_227_230_231_234_236_237_240_242_246_249_252_254_257_260_263_266_269_273_276_278_280_283_285_290_292  6.46e+10  5.93e+10 -54981.54 -51848.23  12565.17    871.94     80.56    223.32  -4031.63  -9189.49      0.00 0
2095 14.0      0_1_2_3_4_5_6_7_8_9_10_11_12_13_14_15_16_17_18_19_20_21_22_23_24_25_26_27_28_29_30_31_32_33_34_35_37_38_39_40_41_44_45_47_48_49_50_51_52_53_55_57_58_59_60_62_63_66_67_69_70_71_72_73_74_75_76_78_79_81_82_83_85_86_88_89_91_93_94_95_97_98_99_100_102_103_106_107_110_111_113_114_116_117_120_121_123_124_125_128_129_131_132_133_136_137_140_141_143_145_146_148_151_152_154_157_158_161_162_164_167_168_170_172_173_175_176_178_181_182_184_185_187_190_191_193_196_197_198_199_202_203_208_209_211_212_214_215_217_218_220_221_224_228_229_232_233_235_236_239_241_244_245_247_248_251_256_262_265_268_282  3.72e+10  3.38e+10 130201.58 -20295.89  13966.28    849.47     83.95    351.14  -1720.11  -2283.60      0.00 0
2096 14.0      102_106_110_116_120_124_128_132_136_140_145_148_151_157_158_161_167_172_175_181_182_184_190_191_196_197_198_200_205_206_211_213_214_217_219_220_223_226_227_230_231_234_237_238_242_243_246_249_250_252_253_254_255_257_258_260_261_264_266_267_270_271_274_275_276_277_279_281_284_287_289_291  1.82e+09  1.56e+09 -60115.38  45613.52  13278.75    750.01     80.02    142.81  -2847.27  -5497.59      0.00 0
2097 14.0      0_1_2_3_4_5_6_7_8_9_10_11_12_13_14_15_16_17_19_20_21_23_24_25_27_28_29_31_32_33_35_37_39_40_41_43_44_45_47_48_51_52_53_55_57_58_59_61_62_63_65_66_67_69_70_73_74_78_79_81_82_83_85_87_88_89_91_93_94_97_98_102_103_105_106_107_109_110_111_113_116_117_119_120_121_123_124_128_129_131_132_135_136_137_140_141_144_145_148_150_151_152_157_158_160_161_162_167_168_172_173_181_182_185_190_191_197_199_200_205_206_212_214_218_220_224_226_227_231_235_238_241_243_244_246_250_253_255_256_258_259_261_264_267_268_270_271_272_274_279_281_284_291  2.69e+09  2.29e+09 -62789.05  75871.95  14016.29    755.50     81.90    129.61   2761.99  -6924.55      0.00 0
2098 14.0      173_191_197_199_200_206_212_214_220_226_227_231_235_238_246_249_250_252_253_260_261_266_267_269_275_276_277_280_283_286_288_290_292_294_296  8.71e+10  7.94e+10 -23838.93 -22996.88   9868.18    834.80     73.41    223.97   -434.49  -9561.95      0.00 0
2099 14.0      41_45_53_55_59_63_67_78_79_83_89_91_95_99_102_103_107_111_116_117_121_125_128_129_133_137_141_143_146_148_152_154_162_164_170_176_178_187_193_202_208_209_215_221_232_236_239  2.45e+10  2.18e+10  37051.96  13705.94  10874.27    768.08     74.61     20.30   5002.72  -2015.80      0.00 0
