#event_number primary_type du_ids energy_primary em_energy Xmax_pos(x, y, z), Xmax_grams zenith azimuth shower_core_pos_x shower_core_pos_y shower_core_pos_z, N_tested_cores, units are degrees, GeV and meters
100700 5626.0    0_3_4_5_6_8_9_10_12_13_14_17_18_21_22_25_26_28_29_30_33_34_35_36_38_41_42_44_45_46_49_50_53_54_55_59_60_63_64_67_68_71_72_75_76_78_79_80_83_84_86_89_90_91_95_96_99_100_102_103_104_107_108_111_112_114_116_117_118_121_122_125_126_129_130_133_134_137_138_141_142_143_146_147_148_152_153_154_155_157_158_159_162_163_164_165_168_169_170_173_174_176_177_178_179_181_182_185_186_187_188_190_191_192_193_194_197_199_200_202_203_205_206_207_208_209_210_212_214_215_216_218_220_221_222_224_226_227_228_229_230_231_232_233_235_236_238_239_240_241_243_244_245_246_247_248_249_250_251_252_253_255_256_258_259_260_261_262_264_265_266_267_268_270_271_272_274_275_276_277_279_280_281_282_284_286_287_288_289_290_291_293_294_295_296_297_298  9.77e+09  8.10e+09  35740.99 197061.00  14566.78    715.03     85.84     79.72   3079.31  -8788.61      0.00 0
100701 5626.0    200_205_206_211_213_214_219_223_226_227_230_231_234_237_238_242_243_246_249_250_252_253_254_255_257_258_259_260_261_263_264_266_267_269_270_271_273_274_275_276_277_278_279_280_281_283_284_285_286_287_288_289_291  8.32e+09  6.98e+09 -61878.02  10266.03  13137.97    677.57     78.17    170.58   -883.44  -8931.76      0.00 0
100702 5626.0    102_110_116_117_128_129_136_140_141_145_148_151_157_158_161_167_168_172_173_175_181_182_184_190_191_196_197_198_199_200_205_206_211_212_213_214_217_218_219_220_223_224_226_227_230_231_234_235_237_238_241_242_243_244_246_249_250_251_252_253_254_255_256_257_258_259_260_261_263_264_265_266_267_268_269_270_271_272_273_274_275_276_277_278_279_280_281_282_283_284_285_286_287_288_289_290_291_295  3.63e+10  3.12e+10 -126800.61  34403.44  14412.20    777.93     83.74    164.82  -3818.63  -6733.05      0.00 0
100703 5626.0    58_62_70_74_82_85_88_94_97_98_102_106_110_113_116_120_123_124_128_131_132_136_140_144_145_148_151_157_161_167_172_175_181_182_184_190_196_198_200_205_211_213_217_219_223_226_227_230_234_237_242_246_249_250_252_254_257_260_261_263_266_267_269_273_275_276_277_280_281_283_286_287_288_289_290_291_293_294_295_296_297_298  7.59e+09  6.39e+09  29774.82 -62424.21  13130.73    728.48     79.25    295.50  -2303.54  -6312.68      0.00 0
100704 5626.0    45_55_63_67_78_79_83_88_89_91_95_102_103_107_110_111_116_117_121_125_128_129_136_137_140_141_146_148_151_152_154_157_158_161_162_167_168_172_173_176_178_181_182_184_185_187_190_191_193_196_197_198_199_200_202_203_205_206_209_211_212_213_215_217_218_219_221_223_228_229_232_233_234_237_239_242_245_247_254  4.90e+10  4.24e+10  57656.91  16206.63  12632.01    728.46     78.09     15.70   -164.04  -4697.89      0.00 0
100705 5626.0    0_1_2_3_4_5_6_7_8_9_10_11_12_13_14_15_16_17_18_19_20_21_22_23_24_25_26_27_28_29_30_31_32_33_34_35_36_37_38_39_40_41_43_44_45_47_48_49_50_51_52_53_55_57_58_59_61_62_63_65_66_67_69_70_71_72_73_74_75_78_79_81_82_83_85_86_87_88_89_91_93_94_95_97_98_99_102_103_105_106_107_110_111_113_116_117_119_120_121_123_124_125_128_129_131_132_133_135_136_137_140_141_144_145_146_148_150_151_152_154_157_158_160_161_162_167_168_172_173_175_176_178_181_182_184_185_190_191_196_197_198_199_200_202_203_205_206_209_211_212_213_214_217_218_219_220_223_224_226_227_228_229_230_231_233_235_238_241_243_244_245_246_247_248_249_250_251_253_255_256_258_259_261_262_264_265_267_268_270_271_272_274_279_281_282_284  9.12e+10  7.89e+10 151045.34 -97977.59  14454.03    764.97     85.41    327.03   -273.72  -3401.14      0.00 0
100706 5626.0    8_13_16_20_24_28_29_32_35_37_40_41_44_45_48_52_55_58_62_63_66_67_70_74_78_79_82_85_88_89_91_94_98_102_103_106_107_110_111_113_116_117_120_121_124_128_129_131_132_136_137_140_141_145_148_151_152_157_158_161_162_167_168_172_173_175_176_181_182_184_185_190_191_196_197_198_199_200_203_205_206_211_212_213_214_217_218_219_220_223_224_226_227_228_230_231_233_234_235_237_238_241_242_243_244_246_248_249_250_251_252_253_254_255_256_257_258_259_260_261_262_263_264_265_266_267_268_269_270_271_272_273_274_275_276_277_278_279_280_281_282_284_286_287_289_291_295  2.24e+09  1.78e+09 -178517.19  83813.60  15105.49    652.86     85.62    154.85   4473.35  -8431.20      0.00 0
100707 5626.0    0_1_3_4_6_7_10_12_14_15_17_18_19_22_25_26_27_30_31_33_34_36_38_39_42_43_46_49_50_51_54_56_59_60_61_64_65_68_71_72_75_76_77_80_81_83_84_86_87_90_92_95_96_99_100_101_104_105_108_109_112_114_115_118_119_121_122_125_126_127_130_133_134_135_138_139_142_143_146_147_149_150_153_154_155_156_159_160_163_164_165_166_169_170_171_176_177_178_179_180_183_187_188_189_193_194_195_202_204_208_209_215_216_221_222_228_229_232_236_239_245_247_262  7.08e+09  5.95e+09 -65761.21  44876.08  13151.47    797.63     80.62    145.69   5231.52   -262.28      0.00 0
100708 5626.0    116_148_157_181_190_205_213_226_230_237_249_252_257_269  9.33e+09  7.92e+09  -7775.19 -16842.49   8434.43    725.99     65.55    245.22  -1308.45  -6965.40      0.00 0
100709 5626.0    7_11_14_15_19_23_24_27_31_36_37_39_43_46_47_48_51_56_57_61_65_69_70_73_77_80_81_87_92_101_104_109_115_118_127_149_156_159_180_183_192_207  3.16e+09  2.64e+09 -11020.43 -25687.82  10168.17    676.22     70.01    246.78   -490.33   3446.81      0.00 0
100710 5626.0    77_80_87_92_101_104_109_112_115_118_127_130_138_142_149_153_156_159_163_169_174_186_192  7.94e+09  6.78e+09  30780.13   7840.03  10191.84    747.96     72.21     14.29   2306.65   4648.78      0.00 0
100711 5626.0    146_152_154_162_164_173_176_178_185_187_193_197_199_202_203_209_212_218_220_224_233_235_238_241_243_244_255_258_264  7.94e+10  6.95e+10 -10606.13 -26980.45   9902.97    740.72     71.14    248.54   4563.37  -4815.20      0.00 0
100712 5626.0    21_29_33_35_41_44_45_49_53_55_59_63_66_67_71_75_78_79_83_86_88_89_91_95_99_102_103_106_107_110_111_114_116_117_121_125_128_129_133_134_136_137_140_141_143_146_148_151_152_154_157_158_161_162_164_165_167_168_170_172_173_176_178_181_182_184_185_187_190_191_193_194_196_197_198_199_200_202_203_205_206_208_209_211_212_213_214_215_216_217_218_219_220_221_222_223_224_226_227_228_229_230_231_232_233_234_235_236_237_238_239_240_241_242_243_244_245_246_247_248_249_250_251_252_253_254_255_256_257_258_259_260_261_262_263_264_265_266_267_268_269_270_271_272_273_274_275_276_277_278_279_280_281_282_283_284_285_286_287_288_289_290_291_292_293_294_296  1.12e+10  9.36e+09 178544.78  92430.23  14728.99    692.47     85.81     27.37  -3725.43  -8872.61      0.00 0
100713 5626.0    103_111_117_129_141_158_168_173_191_197_206_212_214_220_231_235_238_243_253_255_258_264_270_271_274_279_281_284_291  5.01e+10  4.34e+10 -14736.35  36584.00  11123.36    725.42     74.25    111.94   3605.19  -9406.70      0.00 0
100714 5626.0    25_33_38_41_49_50_53_59_60_63_67_71_72_75_76_83_86_89_95_96_99_100_103_107_108_111_114_117_121_122_125_126_129_133_134_137_138_141_143_146_147_148_152_153_154_155_158_162_163_164_165_168_170_173_176_177_178_179_182_185_186_187_188_191_193_194_197_199_200_202_203_206_208_209_210_212_214_215_216_218_220_222_224_226_227_231_235_238_240_243_246_250_253_258_260_261_267_270_274_275_276_277_281_284_286_287_289_291_293_294_295_297_298  6.03e+09  5.04e+09 -26091.18 -72990.23  13695.60    700.36     79.98    250.33   4909.39    867.40      0.00 0
100715 5626.0    71_72_75_76_86_96_100_114_122_126_134_147_153_155_165_177_179_188_210  2.82e+09  2.32e+09  18656.88  21553.29  10307.98    665.81     70.12     49.12   5261.65   2713.04      0.00 0
100716 5626.0    34_38_42_50_54_60_64_68_71_72_75_76_84_86_90_95_96_99_100_104_108_112_114_118_121_122_125_126_130_133_134_138_142_143_146_147_149_152_153_154_155_159_163_164_165_169_170_174_176_177_178_179_180_183_185_186_187_188_192_193_194_201_202_203_204_207_208_209_210_215_216_218_221_222_225_228_229_232_233_236_239_240_241_245_247_248_251_256_262_265_268_272_282  2.29e+09  1.87e+09  61483.51 -107486.70  15006.88    682.08     83.09    299.77   6396.52   -161.05      0.00 0
100717 5626.0    202_203_218_228_229_233_241_244_248_251_256_259_265_268_272  1.12e+10  9.58e+09  -1769.38  27140.69   9663.49    742.49     70.44     93.73   6449.24  -6960.41      0.00 0
100718 5626.0    11_15_16_19_20_23_24_31_32_37_39_40_47_48_51_52_57_58_61_62_65_69_70_73_74_81_82_85_87_88_94_106  2.51e+10  2.16e+10   1559.40  21336.89   9103.17    694.78     66.95     85.82  -1820.15    -18.44      0.00 0
100719 5626.0    121_125_133_137_141_143_146_152_154_162_164_165_168_170_173_176_178_185_187_188_191_193_194_197_199_202_203_206_208_209_210_212_214_215_216_218_220_221_222_224_227_228_229_231_232_233_235_236_238_239_240_241_243_244_246_250_253_255_258_261_264_267_270_274_275_277_281_284_286_287_289_291_293_294_295_297_298  1.07e+09  8.79e+08  26943.21  48989.25  12569.01    700.50     77.33     61.19   4634.99  -4129.56      0.00 0
100720 5626.0    0_1_2_3_4_5_6_7_8_9_10_11_12_13_14_15_16_17_18_19_20_21_22_23_24_25_26_27_28_29_30_31_32_33_34_35_36_37_38_39_40_41_42_43_44_45_46_47_48_49_50_51_52_53_54_55_56_57_58_59_60_61_62_63_64_65_66_67_68_69_70_71_72_73_74_75_76_77_78_79_80_81_82_83_84_85_86_88_89_90_91_92_94_95_96_98_99_100_102_103_104_106_107_108_110_111_112_113_114_116_117_118_120_121_122_124_125_126_128_129_130_132_133_134_136_137_138_140_141_142_143_145_146_147_148_151_152_153_154_155_157_158_161_162_163_164_165_167_168_169_170_172_173_174_175_176_177_178_179_181_182_184_185_186_187_188_190_191_193_194_196_197_198_200_205_206_208_209_210_211_213_215_216_217_219_221_222_223_226_227_230_234_236_237_240_242_246_249_252_254_257_263_266_269_273_278_280_283_285_292  1.17e+09  9.34e+08 -126516.49 -118309.23  14971.60    701.45     85.06    223.08   2489.19   -132.63      0.00 0
100721 5626.0    0_1_2_4_6_7_8_10_11_14_15_16_19_20_22_23_24_27_30_31_32_36_37_39_40_42_43_46_47_48_51_52_56_57_58_61_62_64_65_68_69_70_73_74_77_80_81_82_85_87_90_92_93_94_97_98_101_104_106_112_113_118_120_124_130_132_136_145_151_161_175_184_217  5.50e+10  4.79e+10  28996.95  32844.34  11232.95    771.75     75.62     48.56  -3788.85  -1927.15      0.00 0
100722 5626.0    38_49_59_71_72_75_76_83_86_95_96_99_100_107_111_114_121_125_133_134_137_141_146_152_154_162_168_173_176_178_185_197_199_202_203_212_218_220_224_228_233_235_238_241_243_244_251_255_256_258_259_264_268_270_271_272_274_279_284  6.03e+09  5.00e+09  11946.04 -65996.72  13462.62    664.91     78.65    280.26   5386.97 -11042.01      0.00 0
100723 5626.0    0_1_2_3_4_5_6_7_8_9_10_11_12_13_14_15_16_17_18_19_20_21_22_23_24_25_26_27_28_29_30_31_32_33_34_35_36_37_38_39_40_41_42_43_44_45_46_47_48_49_50_51_52_53_54_55_56_57_58_59_60_61_62_63_64_65_66_67_68_69_70_71_72_73_74_75_76_77_78_79_80_81_82_83_84_85_86_87_88_89_90_91_92_93_95_96_97_99_100_101_102_103_104_105_107_108_109_111_112_114_115_116_117_118_119_121_122_123_125_126_127_129_130_133_134_135_137_138_139_141_142_143_144_146_147_148_149_150_152_153_154_155_156_158_159_160_162_163_164_165_166_168_169_170_171_173_174_176_177_178_179_180_182_183_185_186_187_188_189_191_192_193_194_195_197_199_201_202_203_204_206_207_208_209_210_212_214_215_216_218_220_221_222_224_225_228_229_231_232_233_235_236_238_239_240_241_243_244_245_247_248_251_253_255_256_258_259_262_264_265_268_270_271_272_274_279_282_284  1.41e+10  1.19e+10 -147816.56 273723.47  11026.42    749.96     87.97    118.37   6499.74   1763.67      0.00 0
100724 5626.0    213_219_223_226_227_230_234_237_242_246_249_250_252_253_254_257_260_261_263_266_267_269_270_273_274_275_276_277_278_280_281_283_284_285_286_287_288_289_290_291_293_295  9.55e+09  8.04e+09 -47923.67  19625.62  12203.64    713.63     76.74    157.73  -1373.24  -9361.97      0.00 0
100725 5626.0    138_142_147_153_155_163_165_169_170_174_177_179_186_188_192_193_194_207_208_210_215_216_221_222_236_239_240  1.05e+10  8.94e+09 -26165.81  40138.28  11688.98    750.25     76.29    123.10   4966.36   4408.18      0.00 0
100726 5626.0    110_116_128_140_148_157_167_181_182_190_196_200_205_206_213_226_227_230_246_249_250_252_260_261_266_267_275_276_277_281_286_287_289_293_295_298  7.76e+09  6.52e+09 -12321.42  35402.19  11089.36    700.87     73.52    109.19     86.88  -9424.62      0.00 0
100728 5626.0    162_185_199_212_218_224_235_241_243_244_255_256_259_264_271_279  6.31e+09  5.35e+09   5530.21 -21967.99   9111.20    726.54     68.09    284.13   4784.87  -7480.10      0.00 0
100729 5626.0    0_3_4_5_6_8_9_10_12_13_14_17_18_21_22_25_26_28_29_30_33_34_35_36_38_41_42_44_45_46_49_50_53_54_55_59_60_63_64_67_68_71_72_75_76_78_79_80_83_84_86_89_90_91_95_96_99_100_103_104_107_108_111_112_114_116_117_121_122_125_126_129_130_133_134_137_138_141_142_147_148_152_153_155_157_158_159_162_163_168_169_173_174_177_181_182_186_191_192_197_200_205_206_214_220_226_227_231_238_246_249_250_253_260_261_267_275_277_286_287_293  1.70e+09  1.38e+09  11428.12  62083.84  13061.47    691.83     78.31     79.57   2307.73    383.83      0.00 0
100730 5626.0    116_117_129_137_141_148_152_157_158_162_167_168_172_173_176_181_182_185_190_191_196_197_199_200_202_203_205_206_211_212_213_214_218_219_220_223_224_226_227_228_230_231_233_234_237_242_249_252_254_257_263_273_278  3.31e+09  2.78e+09 -43215.61 -15695.04  11753.69    715.52     75.66    199.96  -1298.24  -6779.96      0.00 0
100731 5626.0    28_29_35_40_41_44_45_52_53_55_62_63_66_67_78_79_82_83_88_89_91_94_95_102_103_106_107_110_111_116_117_120_121_124_125_128_129_136_137_140_141_145_146_148_151_152_154_157_158_161_162_167_168_172_173_175_176_178_181_182_184_185_190_191_196_197_198_199_200_202_203_205_206_209_211_212_213_214_217_218_219_220_223_224_226_227_228_229_230_231_232_233_234_235_237_238_241_242_243_244_245_247_248_250_251_253_254_255_256_258_259_262_264_265_268_271_272_282  4.47e+10  3.85e+10 111180.65  -9238.39  14113.57    784.19     82.79    355.25   6156.69  -5479.14      0.00 0
100732 5626.0    34_42_50_54_60_64_68_76_80_84_90_92_104_108_112_118_130_142_149_159_169_183_192_201_207  5.37e+09  4.51e+09  -6630.34  22340.70   9335.02    705.52     68.17    106.53   1242.68   4002.83      0.00 0
100733 5626.0    2_3_5_8_9_11_13_16_17_20_21_23_24_28_29_32_33_35_37_40_41_44_45_47_48_52_53_55_58_59_62_63_66_67_69_70_74_75_78_79_82_83_85_88_89_91_94_95_97_98_102_103_106_107_110_111_113_116_117_120_121_124_125_128_129_131_132_136_137_140_141_145_146_148_151_152_154_157_158_161_162_167_168_172_173_175_176_178_181_182_184_185_190_191_196_197_198_199_200_202_203_205_206_209_211_212_213_214_217_218_219_220_223_224_226_227_228_229_230_231_232_233_234_235_237_238_241_242_243_244_245_246_247_248_249_250_251_252_253_254_255_256_257_258_259_260_261_262_263_264_265_266_267_268_269_270_271_272_273_274_275_276_277_278_279_280_281_282_284_287_289_291  9.12e+10  7.84e+10 -210417.16  65054.51  13895.17    756.70     86.39    162.82   3467.37  -6724.22      0.00 0
100734 5626.0    0_1_2_3_4_5_6_7_8_9_10_11_12_13_14_15_16_17_18_19_20_21_22_23_24_27_28_29_30_31_32_35_36_37_39_40_41_43_44_45_46_47_48_51_52_53_55_56_57_61_63_65_66_67_73_77_78_79_80_81_87_89_91_92_101_103_105_109_115_127_135_139_156_160_166_171_180_189_195_204  9.55e+10  8.40e+10 -11764.10  35738.67  10696.49    767.84     74.13    108.22  -1329.68   2808.65      0.00 0
100735 5626.0    103_111_116_117_121_128_129_137_141_146_148_152_157_158_162_167_168_172_173_176_178_181_182_185_190_191_196_197_198_199_200_202_203_205_206_209_211_212_213_214_215_217_218_219_220_223_224_226_227_228_229_230_231_232_233_234_235_237_238_239_241_242_243_244_245_246_247_248_249_250_251_252_253_254_255_256_257_258_259_260_261_262_263_264_265_266_267_268_269_270_271_272_273_274_275_276_277_278_279_280_281_282_283_284_285_286_287_288_289_290_291_292_293_294_296  9.55e+09  8.08e+09 136446.94  43021.57  14633.30    755.54     84.16     17.50   2482.35  -7222.21      0.00 0
100736 5626.0    0_1_2_3_4_5_6_7_8_9_10_11_12_13_14_15_16_17_18_19_20_21_22_23_24_25_26_27_28_29_30_31_32_33_34_35_36_38_39_40_41_42_43_44_45_46_48_49_50_51_52_53_54_55_56_58_59_60_62_63_64_65_66_67_68_71_72_75_76_77_78_79_80_82_83_84_86_88_89_90_91_92_96_101_102_103_104_108_110_111_112_115_116_117_118_122_128_129_130_138_140_142_148_149_157_158_159_163_167_169_174_181_182_183_190_192_196_200_205_206_207_213_226_227_230_237_246_249_252_260_266_269_276_280  6.17e+10  5.36e+10 -10672.62 -53605.97  11977.36    781.84     77.64    258.74    587.14     35.45      0.00 0
100737 5626.0    0_1_2_3_4_5_6_7_9_10_12_14_15_17_18_19_22_25_26_27_30_31_33_34_36_39_43_46_51_56_61_65_77_81_87_105_109  3.80e+09  3.18e+09  13890.01 -14105.00   8706.34    716.71     66.26    314.56   -325.54   1204.36      0.00 0
100738 5626.0    211_213_217_219_223_230_234_237_242_246_249_252_254_257_260_261_263_266_269_273_275_276_277_280_283_286_287_288_289_290_293_294_295_297_298  1.58e+10  1.35e+10 -28322.65  26540.98  11071.37    724.26     74.08    136.86  -1154.03 -10103.50      0.00 0
100739 5626.0    241_244_248_251_255_256_259_262_264_265_268_271_272_274_279_284  2.00e+10  1.73e+10 -14656.06 -20607.84   9469.89    731.24     69.47    234.58   5285.34  -8282.48      0.00 0
100740 5626.0    199_203_212_218_220_224_233_235_238_241_243_244_253_255_256_258_259_264_267_270_271_274_277_279_281_284_289_291_295_298  6.61e+09  5.59e+09  16972.28  37624.43  11524.29    689.12     74.40     65.72   3205.52 -10252.06      0.00 0
100741 5626.0    91_102_116_117_128_148_157_167_172_181_190_196_205_211_213_219_230_234_237_242_252_254_257_263_269_273_278_283_285_292  1.17e+09  9.68e+08  16936.72  28524.69  10836.51    670.18     71.91     59.30  -2464.45  -7366.00      0.00 0
100742 5626.0    0_1_2_3_4_5_6_7_9_10_11_12_14_15_17_18_19_21_22_23_25_26_27_30_31_33_34_36_38_39_42_43_46_47_49_50_51_53_54_56_57_59_60_61_64_65_68_71_72_73_75_76_77_80_81_84_86_87_90_92_93_95_96_99_100_101_104_105_108_109_112_114_115_118_119_122_123_125_126_127_130_133_134_135_138_139_142_143_144_146_147_149_150_153_154_155_156_159_160_163_164_165_166_169_170_171_174_177_178_179_180_183_186_187_188_189_192_193_194_195_202_204_208_209_210_215_216_221_222_229_232_236_239_240_247  2.57e+09  2.09e+09 100701.87 -44288.90  14619.95    705.03     82.43    336.26   6034.52    407.39      0.00 0
100743 5626.0    99_100_114_122_125_126_133_134_138_143_146_147_152_153_154_155_163_164_165_170_174_176_177_178_179_185_186_187_188_193_194_202_203_208_209_210_215_216_218_221_222_224_228_229_232_233_239_241_244_245_247_248_251_256_259_262_265_268_272_282  6.76e+09  5.67e+09 -13251.85  57537.50  12722.59    706.89     77.84    102.97   6464.91  -4070.97      0.00 0
100744 5626.0    22_30_34_38_42_46_50_54_56_60_64_68_71_72_76_77_80_84_86_90_92_96_99_100_101_104_108_112_114_115_118_122_126_127_130_133_134_138_142_143_147_149_153_154_155_156_159_163_164_165_166_169_170_171_174_180_183_187_189_192_193_195_201_204_207_209_215_225_232  8.32e+09  7.03e+09  34554.01 -36007.42  11760.27    763.09     76.74    313.82    940.15   4059.62      0.00 0
100745 5626.0    3_4_9_10_12_17_18_21_22_25_26_29_30_33_34_38_41_42_45_46_49_50_53_54_59_60_63_64_67_68_71_72_75_76_79_80_83_84_86_89_90_95_96_99_100_103_104_107_108_111_112_118_121_125_129_130_137_138_141_142_152_159_162_168_169_173_191_197_212_214_220  4.37e+10  3.79e+10  -3624.32  35071.80  10317.00    793.01     73.69     95.90   2067.08   -847.30      0.00 0
100746 5626.0    18_22_25_26_30_34_38_42_46_49_50_54_60_64_68_71_72_75_76_80_84_86_90_92_95_96_99_100_104_108_112_118_130_149_159_183  1.12e+10  9.53e+09 -10603.72  23605.36   9654.66    713.94     69.54    114.19   1738.86   2217.94      0.00 0
100747 5626.0    0_1_2_3_4_5_6_8_9_10_11_12_13_16_17_18_20_22_25_26_28_32_34_38_50_54_60_72_76_84_96  2.14e+09  1.77e+09  16696.54   9992.67   8810.33    689.68     65.64     30.90    860.88    256.29      0.00 0
100748 5626.0    117_129_141_148_157_158_162_168_173_181_182_190_191  5.75e+10  5.06e+10 -17146.49  -6376.72   8137.30    771.45     66.02    200.40   1082.07  -5282.80      0.00 0
100749 5626.0    133_146_152_154_162_164_170_173_176_178_185_187_193_194_199_202_203_208_209_212_215_218_220_224_228_233_235_241_243_244_255  7.94e+09  6.76e+09  11103.70  29077.72  10275.75    721.48     71.73     69.10   5093.57  -3406.40      0.00 0
100750 5626.0    20_28_32_35_40_44_45_48_52_55_58_62_66_67_69_70_74_78_79_82_85_88_91_94_97_98_102_103_106_110_111_113_116_117_120_124_128_129_131_132_136_140_141_145_148_151_157_158_161_162_167_168_172_173_175_181_182_184_190_191_196_197_198_199_200_205_206_211_212_213_214_217_219_220_223_224_226_227_230_231_234_235_237_238_241_242_243_244_246_249_250_252_253_255_256_257_258_259_260_261_264_266_267_270_271_272_274_275_277_279_281_284_287_289_291  4.57e+09  3.78e+09  97408.98 -74071.52  14678.73    724.67     83.16    322.75    608.37  -6746.57      0.00 0
100751 5626.0    2_5_8_9_11_13_16_20_21_23_24_28_29_32_35_37_40_41_44_45_47_48_52_53_55_58_62_63_66_67_69_70_73_74_78_79_82_83_85_88_89_91_94_97_98_102_103_106_107_110_111_113_116_117_120_123_124_128_129_131_132_136_137_140_141_144_145_148_151_152_157_158_161_162_167_168_172_173_175_181_182_184_185_190_191_196_197_198_199_200_203_205_206_211_212_213_214_217_218_219_220_223_224_226_227_230_231_233_234_235_237_238_241_242_243_244_246_248_249_250_251_252_253_254_255_256_257_258_259_260_261_263_264_265_266_267_268_269_270_271_272_273_274_275_276_277_278_279_280_281_282_283_284_286_287_288_289_291_293_295_298  3.80e+09  3.16e+09 -174512.59 113199.94  14290.24    734.98     86.07    147.03  -2359.33  -4991.78      0.00 0
100752 5626.0    0_1_2_3_4_5_6_7_8_9_10_11_12_13_14_15_16_17_18_19_20_22_23_24_25_26_27_28_30_32_34_36_40_42_43_46_48_50_52_54_56_58_60_62_64_68_76_80_82_84_90_96_104_108_112_122_130_138_142_153_163_169_174_186  1.12e+10  9.50e+09  23449.48  28507.27  11039.22    699.77     73.35     50.56   2128.32   2947.13      0.00 0
100753 5626.0    62_66_78_82_88_91_94_98_102_106_110_116_117_120_124_128_129_132_136_140_145_148_151_157_158_161_167_168_172_175_181_182_184_190_191_196_197_198_200_205_206_211_212_213_214_220_226_227_231_235_238_243_246_250_253_255_258_264_267_270_271_274_279_284  2.24e+10  1.91e+10  41914.24 -31849.25  12056.62    746.26     77.10    322.77  -1219.26  -4966.67      0.00 0
100754 5626.0    86_95_99_100_114_121_122_125_126_133_134_137_143_146_147_152_153_154_155_162_164_165_170_173_176_177_178_179_185_186_187_188_193_194_199_202_203_208_209_210_212_215_216_218_220_221_222_224_228_229_232_233_235_236_239_241_243_244_245_247_248_251_255_256_258_259_264_265_268_271_272_274_279_284  7.76e+09  6.55e+09   2276.08  67544.06  13161.17    712.02     78.98     88.07   5353.29  -4479.23      0.00 0
100755 5626.0    103_107_111_116_117_121_125_128_129_137_141_146_148_152_154_157_158_162_167_168_172_173_176_178_181_182_185_187_190_191_193_196_197_199_200_202_203_205_206_209_211_212_213_214_215_218_219_220_221_223_224_226_227_228_229_230_231_232_233_234_235_236_237_238_239_241_242_243_244_245_246_247_248_249_250_251_252_253_254_255_256_257_258_259_260_261_262_263_264_265_266_267_268_269_270_271_272_273_274_275_276_277_278_279_280_281_282_283_284_285_286_287_288_289_290_291_292_293_294_295_296_297_298  4.90e+09  3.99e+09 -233976.58 -112454.48  13332.36    696.78     87.06    205.67   5271.96  -7464.08      0.00 0
100756 5626.0    25_26_33_38_49_50_60_71_72_76_84_86_96_100_122_126_147_153_177  1.51e+09  1.26e+09 -12269.74 -15766.85   8869.94    694.57     66.06    232.11   3315.33   1482.88      0.00 0
100757 5626.0    95_99_107_111_114_121_125_129_133_134_137_141_143_146_152_154_155_158_162_164_165_168_170_173_176_178_179_182_185_187_188_191_193_194_197_199_200_202_203_206_208_209_210_212_214_215_216_218_220_221_222_224_226_227_228_229_231_232_233_235_236_238_239_240_241_243_244_245_246_247_248_249_250_251_253_255_256_258_259_260_261_262_264_265_266_267_268_270_271_272_274_275_276_277_279_280_281_282_284_286_287_288_289_290_291_293_294_295_296_297_298  8.71e+10  7.52e+10 140368.70 251675.69  11675.01    786.15     87.68     60.85   5675.18  -9666.88      0.00 0
100758 5626.0    0_1_2_3_4_5_6_7_8_9_10_11_12_13_14_15_16_17_18_19_20_21_22_23_24_25_26_27_28_29_30_31_32_33_34_35_36_37_38_39_40_41_42_43_44_45_46_47_48_49_50_51_52_53_54_55_56_57_58_59_60_61_63_64_65_67_68_69_70_71_72_73_74_75_76_77_80_81_83_84_85_86_87_89_90_92_93_95_96_97_99_100_101_104_105_107_108_109_112_113_114_115_118_119_121_122_123_125_126_127_130_131_133_134_135_137_138_139_142_143_144_146_147_149_150_152_153_154_155_156_159_160_163_164_165_166_169_170_171_174_176_177_178_179_180_183_185_186_187_188_189_192_193_194_195_201_202_203_204_207_208_209_210_215_216_221_222_225_228_229_232_233_236_239_240_245_247_248_262_265  9.12e+10  7.93e+10 147137.77 -79822.80  14498.01    772.08     85.05    331.52  -2976.84   4535.50      0.00 0
100759 5626.0    6_7_10_14_18_19_22_27_30_31_34_36_39_42_43_46_51_54_56_57_60_61_64_65_68_77_80_81_84_87_90_93_105_119  5.37e+09  4.54e+09 -21172.02   3039.62   9083.54    697.87     66.99    171.83   -438.11   1897.89      0.00 0
100760 5626.0    8_11_15_16_20_23_24_28_31_32_37_40_44_47_48_51_52_57_58_61_62_66_69_70_73_74_78_81_82_85_88_91_93_94_97_98_102_105_106_109_110_113_116_119_120_123_124_128_131_132_135_136_139_140_144_148_150_151_157_160_161_167_171_172_181_190_196_200_205_213_226_230_246_249_260  1.62e+09  1.33e+09  12145.25 -45645.20  12004.52    692.35     75.74    284.90  -2540.80  -1265.56      0.00 0
100761 5626.0    0_1_2_3_4_5_6_7_8_9_10_11_12_13_14_15_16_17_18_19_20_21_22_23_24_25_26_27_28_29_30_31_32_33_34_35_36_37_38_39_40_41_42_43_44_45_46_47_48_49_50_51_52_53_54_55_56_57_58_59_60_61_62_63_64_65_66_67_68_69_70_71_72_73_74_75_76_77_78_79_80_81_82_83_84_85_86_87_88_89_90_91_92_93_94_95_96_97_98_99_100_101_102_103_104_105_106_107_108_109_110_111_112_113_114_115_116_117_118_119_120_121_122_123_124_125_126_127_128_129_130_131_132_133_134_135_136_137_138_139_140_141_142_143_144_145_146_147_149_150_151_152_153_154_155_156_159_160_161_162_163_164_165_166_169_170_171_174_175_176_177_178_179_180_183_184_185_186_187_188_189_192_193_194_195_199_201_202_203_204_207_208_209_210_215_216_218_221_222_225_228_229_232_233_236_239_240_245_247_248_262  1.38e+09  1.09e+09 313616.25 -25783.94  11758.56    643.04     87.86    355.30   4117.90   4200.04      0.00 0
100762 5626.0    40_44_45_52_55_58_62_66_67_78_79_82_88_89_91_94_98_102_103_106_110_111_116_117_120_124_128_129_132_136_137_140_141_145_148_151_152_157_158_161_162_167_168_172_173_175_181_182_184_185_190_191_196_197_198_199_200_203_205_206_211_212_213_214_217_218_219_220_223_224_226_227_228_230_231_233_234_235_238_241_243_244_248_250_251_253_255_256_258_259_262_264_265_268_271_272_279_282  2.51e+10  2.16e+10 -83390.66  25845.62  13780.75    741.55     81.03    162.78  -1774.23  -4533.36      0.00 0
100763 5626.0    3_5_8_9_12_13_17_20_21_25_26_28_29_33_35_38_40_41_44_45_49_50_52_53_55_59_60_62_63_66_67_71_72_75_76_78_79_82_83_86_88_89_91_95_96_99_100_102_103_106_107_110_111_114_116_117_121_125_126_128_129_133_134_136_137_140_141_143_146_147_148_151_154_155_157_158_161_164_165_167_170_172_179_181_184_188_190_193_194_196_198_205_208_210_211_213_216_217_219_222_223_234_237_240_242_254_263  6.92e+10  6.04e+10  44061.33  33590.05  11817.09    818.13     77.96     37.32    156.89  -3151.33      0.00 0
100764 5626.0    125_133_134_143_154_155_164_165_170_188_193_194_208_210_216_222_240  2.51e+10  2.16e+10 -14300.10 -21256.75   9609.21    715.54     69.44    236.07   6146.33    913.54      0.00 0
100765 5626.0    62_66_78_82_88_91_94_98_102_106_110_116_117_120_124_128_129_132_136_140_145_148_151_157_158_161_167_168_172_181_182_190_191_196_197_200_205_206_212_213_214_220_226_227_231_235_238_243_246_250_253_255_258_259_264_267_270_271_274_279_281_284_291  8.71e+09  7.33e+09 -41369.42  38268.29  12565.86    705.29     77.43    137.23   2495.01  -8045.69      0.00 0
100766 5626.0    33_38_49_50_53_59_60_63_71_72_75_76_83_84_86_89_95_96_99_100_103_107_108_111_114_121_122_125_126_129_133_134_137_138_141_142_143_146_147_152_153_154_155_158_162_163_164_165_168_170_173_174_176_177_178_179_182_185_186_187_188_191_193_194_197_199_202_203_206_208_209_210_212_214_215_216_218_220_221_222_224_227_228_229_231_232_233_235_236_238_239_240_241_243_244_245_246_247_248_250_251_253_255_256_258_259_261_262_264_265_267_268_270_271_272_274_275_277_279_281_282_284_286_287_289_291_293_295_297_298  1.95e+09  1.55e+09 -35273.41 -182315.23  15234.38    654.46     85.31    259.05   5667.50  -3990.11      0.00 0
100767 5626.0    4_10_12_14_18_22_25_26_30_33_34_36_38_42_46_49_50_54_56_59_60_64_68_71_72_75_76_77_80_84_86_90_92_104_115_118  1.66e+10  1.43e+10  10887.52 -19480.92   9071.03    724.54     67.88    299.20   1294.38   1562.31      0.00 0
100768 5626.0    0_1_3_4_6_7_10_12_14_15_17_18_19_22_25_26_27_30_31_33_34_36_38_39_42_43_46_49_50_51_54_56_57_59_60_61_64_65_68_71_72_75_76_77_80_81_84_86_87_90_92_93_95_96_99_100_101_104_105_108_109_112_114_115_118_119_122_125_126_127_130_133_134_135_138_139_142_143_144_146_147_149_150_153_154_155_156_159_160_163_164_165_166_169_170_171_174_177_178_179_180_183_186_187_188_189_192_193_194_195_201_202_204_208_209_210_215_216_221_222_229_232_236_239_240_247  1.78e+09  1.44e+09  83139.59 -47345.08  14554.93    667.72     81.35    330.34    457.12   3165.32      0.00 0
100769 5626.0    0_1_2_3_4_5_6_7_8_9_10_11_12_13_14_15_16_17_18_19_20_21_22_23_24_25_26_27_28_29_30_31_32_33_34_35_36_37_38_39_40_41_42_43_44_45_46_47_48_49_50_51_52_53_54_55_56_57_58_59_60_61_62_63_64_65_66_67_68_69_70_71_72_73_74_75_76_77_78_79_80_81_82_83_84_85_86_87_88_89_90_91_92_93_94_95_96_97_98_99_100_101_102_103_104_105_106_107_108_109_110_111_112_113_114_115_116_117_118_119_120_121_122_123_124_125_126_127_128_129_130_131_132_133_134_135_136_137_138_139_140_141_142_143_145_146_147_148_149_150_151_152_153_154_155_156_157_158_159_160_161_162_163_164_165_166_167_168_169_170_171_172_173_174_175_176_177_178_179_180_181_182_183_184_185_186_187_188_189_190_191_192_193_194_195_196_197_198_199_200_201_202_203_204_205_206_207_208_209_210_211_212_213_214_215_216_217_218_219_220_222_223_224_225_226_227_228_230_231_233_234_235_237_238_241_242_243_244_246_249_250_252_253_254_255_256_257_258_259_260_261_263_264_266_267_269_270_271_273_274_275_276_277_278_279_280_281_283_284_285_286_287_288_289_290_291_292_293_294_295_296_297_298  7.41e+10  6.38e+10 -47236.37 -252161.91  12816.62    776.78     87.14    259.39    893.71  -2341.84      0.00 0
100770 5626.0    0_1_2_5_8_9_11_13_15_16_19_20_23_24_28_29_31_32_35_37_40_41_44_45_47_48_51_52_55_57_58_62_66_67_69_70_73_74_78_79_81_82_85_93_97_103_113_119_123_144  8.13e+10  7.10e+10 -17267.70  18196.36   9170.05    779.47     69.92    133.50  -1734.21   -213.24      0.00 0
100771 5626.0    0_1_2_3_4_5_6_8_9_10_11_12_13_16_17_18_20_21_22_24_25_26_28_29_32_33_34_35_38_40_41_44_45_48_49_50_52_53_54_55_58_59_60_62_63_66_67_71_72_74_75_76_78_79_82_83_84_86_88_89_91_94_95_96_99_100_102_106_110_114_120_124_126_128_133_134_136_140_143_145_147_151_155_161_165_172_175_179_184_188_194_198_210_216_217_223  2.63e+09  2.16e+09 -45061.21 -25900.88  12679.67    646.23     76.29    209.89   -622.74  -1847.99      0.00 0
100772 5626.0    19_27_31_36_39_43_46_47_51_56_57_61_65_68_69_73_77_80_81_85_87_90_92_93_97_101_104_105_109_112_113_115_118_119_123_127_130_131_135_138_139_142_144_149_150_156_159_160_163_166_169_174_180_183_186_192  3.72e+10  3.21e+10  42572.21  24007.79  11896.37    728.53     76.32     29.42  -1204.87   3191.26      0.00 0
100773 5626.0    0_1_2_3_4_5_6_7_8_9_10_11_12_13_14_15_16_17_18_19_20_21_22_23_24_25_26_27_28_29_30_31_32_33_34_35_36_37_38_39_40_41_42_43_44_45_46_47_48_49_50_51_52_53_54_55_56_57_58_59_60_61_62_63_64_65_66_67_68_69_70_71_72_73_74_75_76_77_78_79_80_81_82_83_84_85_86_87_88_89_90_91_92_93_94_95_96_97_98_99_100_101_102_103_104_105_106_107_108_109_110_112_113_114_115_116_117_118_119_120_122_123_124_125_126_127_128_130_131_132_133_134_135_136_138_140_142_143_145_147_149_151_153_155_156_157_159_161_163_165_167_169_170_172_174_175_177_179_183_184_186_188_192_194_196_198_210_211_216_217_222_223_234_240_254  2.75e+09  2.25e+09 124668.77  95247.52  15217.31    678.01     84.46     37.38   5209.86   4619.24      0.00 0
100774 5626.0    62_66_78_82_88_91_94_98_102_103_106_110_116_117_120_124_128_129_132_136_140_145_148_151_157_158_161_167_168_172_173_175_181_182_184_190_191_196_197_198_200_205_206_211_212_213_214_217_219_220_223_224_226_227_230_231_234_235_237_238_242_243_244_246_249_250_252_253_254_255_257_258_259_260_261_263_264_266_267_269_270_271_272_273_274_275_276_277_278_279_280_281_283_284_285_286_287_288_289_290_291_293_294_295_296_297_298  2.29e+09  1.86e+09 -131982.38  95188.69  15468.24    645.19     84.57    144.20   -529.85  -7766.45      0.00 0
100775 5626.0    40_44_45_55_62_63_66_67_78_79_82_88_89_91_94_102_103_106_107_110_111_116_117_120_121_124_128_129_136_137_140_141_145_146_148_151_152_157_158_161_162_167_168_172_173_175_176_178_181_182_184_185_190_191_196_197_198_199_200_202_203_205_206_209_211_212_213_214_217_218_219_220_223_224_226_227_228_229_230_231_232_233_234_235_237_238_241_242_243_244_245_246_247_248_249_250_251_252_253_254_255_256_257_258_259_260_261_262_263_264_265_266_267_268_269_270_271_272_273_274_275_276_277_278_279_280_281_282_283_284_285_286_287_288_289_290_291_292_293_294_295_296_297_298  2.14e+10  1.79e+10 -290471.31   8874.70  12180.05    707.78     87.60    178.25  -1165.54  -7994.99      0.00 0
100776 5626.0    88_91_102_106_110_116_117_120_124_128_129_136_140_145_148_151_157_158_161_167_168_172_173_175_181_182_184_190_191_196_197_198_200_205_206_211_212_213_214_217_219_220_223_224_226_227_230_231_234_235_237_238_242_243_244_246_249_250_252_253_255_256_258_259_261_264_267_270_271_272_274_279_281_284  1.07e+10  9.06e+09  70500.49 -34966.08  13536.47    730.95     80.24    333.62  -3650.95  -4735.66      0.00 0
100777 5626.0    0_1_2_3_4_5_6_7_8_9_10_11_12_13_14_15_16_17_18_19_20_21_22_23_24_25_26_27_28_29_30_31_32_33_34_35_36_37_38_39_40_41_42_43_44_45_46_47_48_49_50_51_52_53_54_55_56_57_58_59_60_61_62_63_64_65_66_67_68_69_70_71_72_73_74_75_76_77_78_79_80_81_82_83_84_85_86_87_88_89_90_91_92_93_94_95_96_97_98_99_100_101_102_103_104_105_106_107_108_109_110_112_113_114_115_116_118_119_120_122_123_124_125_126_127_128_130_131_132_133_134_135_136_138_139_140_142_143_144_145_147_149_150_151_153_154_155_156_159_160_161_163_164_165_166_169_170_171_172_174_175_177_179_180_183_184_186_188_189_192_193_194_195_198_201_204_207_208_210_216_217_222_223_225_236_240  1.12e+10  9.36e+09 273486.53 126600.28  11472.04    744.32     87.82     24.84   3786.42   4669.04      0.00 0
100778 5626.0    205_213_219_226_227_230_231_234_237_242_246_249_250_252_254_257_263  1.26e+10  1.08e+10 -24327.59   1475.15   9341.00    730.99     69.03    176.53  -2293.65  -8017.63      0.00 0
100779 5626.0    0_1_2_3_5_8_9_11_13_15_16_17_20_21_23_24_28_29_31_32_33_35_37_40_41_44_45_47_48_52_53_55_57_58_62_63_66_67_69_70_73_74_78_79_81_82_83_85_88_89_91_93_94_97_98_102_103_106_107_110_111_113_116_117_119_120_121_123_124_128_129_131_132_136_137_140_141_144_145_148_151_152_157_158_161_162_167_168_172_173_175_176_181_182_184_185_190_191_196_197_198_199_200_203_205_206_211_212_213_214_217_218_219_220_223_224_226_227_230_231_233_235_238_241_243_244_246_248_249_250_251_253_255_256_258_259_261_264_265_267_268_270_271_272_274_277_279_281_282_284_291  1.86e+09  1.51e+09 110890.41 -87074.27  15241.89    670.87     83.83    321.86   6282.38  -9582.82      0.00 0
100780 5626.0    3_4_5_8_9_12_13_17_18_21_25_26_28_29_33_35_38_40_41_44_45_49_53_55_59_63_66_67_78_79_89_91_102_103_116_117_128_148_157_167_181_190  2.04e+10  1.76e+10   9676.55  22457.92   9303.82    739.43     69.17     66.69     22.36  -2981.09      0.00 0
100781 5626.0    6_7_10_14_18_19_22_26_27_30_34_36_39_42_43_46_50_51_54_56_57_60_61_64_65_68_72_76_77_80_81_84_86_87_90_92_93_96_100_101_104_105_108_109_112_114_115_118_119_122_123_126_127_130_134_135_138_139_142_143_144_147_149_150_153_155_156_159_160_163_165_166_169_170_171_174_177_179_180_183_186_188_189_192_194_195_208_210_216_221_222_236_240  1.32e+09  1.06e+09  84025.45 -17156.26  14335.75    655.29     80.51    348.46   2333.23   3134.26      0.00 0
100782 5626.0    21_29_35_40_41_44_45_53_55_59_62_63_66_67_75_78_79_83_88_89_91_95_99_102_103_106_107_110_111_116_117_120_121_125_128_129_133_136_137_140_141_146_148_151_152_154_157_158_161_162_164_167_168_170_172_173_175_176_178_181_182_184_185_187_190_191_193_196_197_198_199_200_202_203_205_206_208_209_211_212_213_215_217_218_219_221_223_224_228_229_232_233_234_236_237_239_242_245_247_248_254  1.07e+09  8.73e+08 -75251.79 -19573.58  13766.42    691.64     79.96    194.58   1653.15  -3916.64      0.00 0
100783 5626.0    95_103_107_111_117_121_125_129_133_137_141_146_148_152_154_157_158_162_164_168_170_173_176_178_181_182_185_187_190_191_193_194_197_199_200_202_203_205_206_208_209_212_213_214_215_218_219_220_221_222_224_226_227_228_229_230_231_232_233_235_236_237_238_239_240_241_242_243_244_245_246_247_248_249_250_251_252_253_255_256_257_258_259_260_261_262_263_264_265_266_267_268_269_270_271_272_273_274_275_276_277_278_279_280_281_282_283_284_285_286_287_288_289_290_291_292_293_294_295_296_297_298  1.51e+09  1.21e+09 -175905.50 -146351.00  14436.60    662.78     86.39    219.76   2068.94  -9436.98      0.00 0
100784 5626.0    0_1_2_3_4_5_6_7_9_10_12_14_15_17_18_19_21_22_25_26_27_29_30_33_34_36_38_39_41_42_43_46_49_50_51_53_54_56_59_60_61_63_65_71_72_75_76_77_83_86_87_89_95_99_107_121_125_137_146_152_176_178_185_203  3.80e+09  3.20e+09  22482.79 -22870.67  10377.17    722.77     72.07    314.51   2264.56  -1060.34      0.00 0
100785 5626.0    26_34_38_49_50_54_60_64_71_72_75_76_84_86_90_95_96_99_100_108_112_122_126_130_138_142_163_169_174  2.88e+09  2.41e+09   1860.69 -26021.63   9941.20    672.78     69.14    274.09   2652.24   2078.66      0.00 0
100786 5626.0    0_1_2_3_4_5_6_7_8_9_10_11_12_13_14_15_16_17_18_19_20_21_22_23_24_25_26_27_28_29_30_31_32_33_34_35_36_37_38_39_40_41_42_43_44_45_46_47_48_49_50_51_52_53_54_55_56_57_58_59_60_61_62_63_64_65_66_67_68_69_70_71_72_73_74_75_76_77_78_79_80_81_82_83_84_85_86_87_88_89_90_91_92_93_94_95_96_97_98_99_100_101_102_103_104_105_106_107_108_109_110_111_112_113_114_115_116_117_118_119_120_121_122_123_124_125_126_127_128_129_130_131_132_133_134_135_137_139_141_143_144_146_148_149_150_152_154_156_158_160_162_164_166_168_170_171_173_176_178_180_182_185_187_189_191_193_195_197_199_202_203_209_212_214_215_218_220_224_228_229_232_233_235_238_239_241_243_244_245_247_248_251_255_256_259_262_264_265_268_271_272_279_282  1.91e+10  1.62e+10 -109510.02 101905.55  14693.80    749.11     84.39    137.06   1002.81   -886.40      0.00 0
100787 5626.0    94_98_106_110_120_124_128_132_136_140_145_151_161_167_172_175_184_190_196_198_213  5.13e+10  4.50e+10  13730.25 -23235.10   9467.17    772.34     70.67    300.58  -3853.51  -2868.98      0.00 0
100788 5626.0    0_1_2_3_4_5_6_7_8_9_10_11_12_13_14_15_16_17_18_19_20_21_23_24_25_26_27_28_29_31_32_33_34_35_37_38_39_40_41_44_45_47_48_49_50_51_52_53_55_57_58_59_61_62_63_66_67_69_70_71_72_73_74_75_78_79_81_82_83_85_86_88_89_91_93_94_95_97_98_99_102_103_106_107_110_111_113_116_117_119_120_121_123_124_125_128_129_131_132_133_136_137_140_141_144_145_146_148_151_152_154_157_158_161_162_164_167_168_172_173_175_176_178_181_182_184_185_187_190_191_196_197_198_199_200_202_203_205_206_209_211_212_213_214_215_217_218_219_220_223_224_226_227_228_229_230_231_232_233_234_235_237_238_241_242_243_244_245_246_247_248_249_250_251_252_253_254_255_256_257_258_259_260_261_262_263_264_265_266_267_268_269_270_271_272_273_274_275_276_277_278_279_280_281_282_283_284_285_286_287_288_289_290_291_293_295  6.61e+09  5.46e+09 279471.84 -112177.02  11674.09    719.61     87.78    338.13  -3874.60  -3825.73      0.00 0
100789 5626.0    88_91_102_110_116_117_128_129_148_157_158_168_182_191_197_212_214_220  1.66e+10  1.43e+10  18985.88 -13185.71   9077.49    744.59     68.56    325.22    566.70  -4914.06      0.00 0
100790 5626.0    227_231_235_238_243_244_246_249_250_252_253_255_256_258_259_260_261_264_265_266_267_268_269_270_271_272_273_274_275_276_277_279_280_281_282_283_284_285_286_287_288_289_290_291_292_293_294_295_296_297  4.47e+09  3.68e+09  65972.24  17529.20  13466.59    672.83     78.84     14.88   4791.70  -9227.04      0.00 0
100791 5626.0    7_10_14_15_19_22_27_30_31_34_36_39_42_43_46_47_51_54_56_57_60_61_64_65_68_69_73_77_80_81_84_87_90_92_93_96_97_101_104_105_108_109_112_113_115_118_119_122_123_126_127_130_131_135_138_139_142_144_147_149_150_153_155_159_160_163_169_174_177_179_186_210  3.63e+09  3.03e+09 -53477.97  -7458.74  12426.17    702.95     77.04    187.94  -1143.49   2769.50      0.00 0
100792 5626.0    0_1_2_3_4_5_6_7_8_9_10_11_12_13_14_15_16_17_18_19_20_21_22_23_24_25_26_27_28_29_30_31_33_34_35_36_38_39_41_42_43_45_46_47_49_50_51_53_54_55_56_57_59_60_61_63_64_65_67_68_71_72_75_76_77_79_80_81_83_84_86_87_89_90_92_95_99_101_103_105_107_109_111_115_121_125_127_129_135_137_139_141_146_152_156_160_162_166_168_171_173_176_185_195_199_203_212_218_224_233_235_241_244_251_255_256_259_268_272  1.35e+09  1.10e+09 -30021.08  43926.87  12724.44    651.99     76.55    124.35   1744.10  -1269.02      0.00 0
100793 5626.0    43_46_56_61_65_68_77_80_81_87_90_92_93_101_104_105_109_112_115_118_119_123_127_130_135_138_139_142_144_149_150_156_159_160_163_166_169  3.89e+09  3.21e+09  36890.83   4229.27  11218.03    675.81     73.19      6.54  -1960.77   3449.01      0.00 0
100794 5626.0    67_79_89_91_103_107_111_121_129_137_141_146_152_162_176_185_202_203  1.07e+10  9.17e+09 -20870.86   3059.61   8906.09    719.54     67.11    171.66   2826.94  -3474.62      0.00 0
100795 5626.0    181_182_190_196_200_205_213_219_226_230_234_237_242_252_254_257_263  7.76e+09  6.58e+09  23382.17   9997.47   9705.61    695.45     69.11     23.15  -2371.28  -7505.92      0.00 0
100796 5626.0    134_143_147_154_155_164_165_170_177_179_186_187_188_193_194_208_210_216  6.17e+09  5.18e+09    938.28 -28892.90  10100.83    706.13     70.74    271.86   5796.32   1923.43      0.00 0
100797 5626.0    0_1_2_3_4_5_6_7_8_9_10_11_12_13_14_15_16_17_18_19_20_21_22_23_24_25_26_27_28_29_30_31_32_33_34_35_36_37_38_39_41_42_43_44_45_46_47_49_50_51_53_54_55_56_57_59_60_61_63_64_65_67_68_71_72_73_75_76_77_79_80_81_83_84_86_87_89_90_92_93_95_99_101_103_104_105_107_109_111_115_118_119_121_125_127_129_135_137_139_141_146_149_150_152_156_160_162_166_168_171_173_180_185_189_195_197_199_204_212_218_224_235_241_244  2.45e+09  2.01e+09 -32176.08  55062.76  13276.76    666.27     78.24    120.30  -1209.38   3399.89      0.00 0
100798 5626.0    21_28_29_35_40_41_44_45_52_53_55_59_62_63_66_67_78_79_82_83_88_89_91_94_95_102_103_106_107_110_111_116_117_120_121_124_125_128_129_133_136_137_140_141_145_146_148_151_152_154_157_158_161_162_164_167_168_172_173_175_176_178_181_182_184_185_187_190_191_193_196_197_198_199_200_202_203_205_206_209_211_212_213_214_215_217_218_219_220_221_223_224_226_227_228_229_230_231_232_233_234_235_237_238_239_241_242_243_244_245_246_247_248_249_250_251_252_253_254_255_256_257_258_259_260_261_262_263_264_265_266_267_268_269_270_271_272_273_274_275_276_277_278_279_280_281_282_283_284_285_286_287_288_289_290_291_292_293_294_295_296_297  5.89e+10  5.06e+10 -257901.88 -21248.71  13018.46    740.22     87.12    184.71  -2144.64  -7252.28      0.00 0
100799 5626.0    167_172_181_184_190_196_198_200_205_206_211_213_214_217_219_223_226_227_230_231_234_237_238_242_243_246_249_250_252_253_254_257_258_260_261_263_264_266_267_269_270_271_273_274_275_276_277_278_279_280_281_283_284_285_286_287_288_289_290_291_292_293_294_295_296_297_298  3.02e+09  2.44e+09 -171565.31  69456.25  15022.15    681.56     85.36    157.96  -3772.54  -9602.14      0.00 0
