#event_number primary_type du_ids energy_primary em_energy Xmax_pos(x, y, z), Xmax_grams zenith azimuth shower_core_pos_x shower_core_pos_y shower_core_pos_z, N_tested_cores, units are degrees, GeV and meters
5200 14.0      3_4_9_10_12_17_18_21_22_25_26_29_30_33_34_38_41_42_45_46_49_50_53_54_59_60_63_64_67_68_71_72_75_76_79_80_83_84_86_89_90_95_96_99_100_103_104_107_108_111_112_114_117_118_121_122_125_126_129_130_133_134_137_138_141_142_143_146_147_152_153_154_155_158_159_162_163_164_165_168_169_170_173_174_176_177_178_179_182_183_185_186_187_188_191_192_193_194_197_199_202_203_206_207_208_209_210_212_214_215_216_218_220_221_222_224_227_228_229_231_232_233_235_236_238_239_240_241_243_244_245_246_247_248_250_251_253_255_256_258_259_261_262_264_265_267_268_270_271_272_274_275_277_279_281_282_284_287_289_291_293_295_298  3.47e+08  2.96e+08   5096.37 150458.08  14151.11    831.63     84.63     88.06   4703.64   1385.22      0.00 0
5201 14.0      0_1_2_3_4_5_6_7_8_9_10_11_12_13_14_15_16_17_18_19_20_21_22_23_24_25_26_27_28_29_30_31_32_33_34_35_36_37_38_39_40_41_42_43_44_45_46_47_48_49_50_51_52_53_54_55_56_57_58_59_60_61_62_63_64_65_66_67_68_69_70_71_72_73_74_75_76_77_78_79_80_81_82_83_84_85_86_87_88_89_90_91_93_94_95_96_97_98_99_100_102_103_105_106_107_108_110_111_113_114_116_117_120_121_122_123_124_125_126_128_129_131_132_133_134_136_137_138_140_141_143_145_146_147_148_151_152_153_154_155_157_158_161_162_164_165_167_168_170_172_173_175_176_177_178_179_181_182_184_185_187_188_190_191_193_194_196_198_199_202_203_208_209_210_211_215_216_217_218_219_221_222_223_228_229_232_233_234_236_239_240_245_247_248  1.45e+08  1.18e+08 176119.17  28619.72  15014.50    690.65     85.19      9.23  -2415.53  -2089.74      0.00 0
5202 14.0      0_1_2_3_4_5_6_7_8_9_10_11_12_13_14_15_16_17_18_20_21_22_23_24_25_26_28_29_30_32_33_34_35_37_38_40_41_42_44_45_48_49_50_52_53_54_55_58_59_60_62_63_64_66_67_70_71_72_74_75_76_78_79_82_83_84_86_88_89_91_94_95_96_98_99_100_102_103_106_107_108_110_111_114_116_117_120_121_122_124_125_126_128_129_133_134_136_137_140_141_143_145_146_147_148_151_152_153_154_155_157_158_161_162_164_165_167_168_170_172_173_175_176_177_178_179_181_182_184_185_186_187_188_190_191_193_194_196_197_198_199_200_202_203_205_206_208_209_210_211_212_213_214_215_216_217_218_219_220_221_222_223_224_226_227_228_229_230_231_232_233_234_235_236_237_238_239_240_241_242_243_244_245_246_247_248_249_250_251_252_253_254_255_256_257_258_260_261_262_263_265_266_267_269_273_275_276_278_280_283_285_288_290_292  1.58e+08  1.41e+08 185019.56 116513.07  14369.37    698.19     86.24     32.20   5714.39  -1080.04      0.00 0
5203 14.0      128_140_148_157_158_161_167_168_172_173_181_182_184_190_191_196_197_198_199_200_205_206_211_212_213_214_217_218_219_220_223_224_226_227_230_231_234_235_237_238_241_242_243_244_246_249_250_251_252_253_254_255_256_257_258_259_263_264_265_268_271_272_282  1.17e+08  9.99e+07 -60008.61   2001.18  12150.21    809.22     78.56    178.09  -2997.37  -6851.57      0.00 0
5204 14.0      17_21_25_29_33_35_38_41_44_45_49_53_55_59_63_66_67_71_72_75_78_79_83_86_89_91_95_99_100_102_103_107_110_111_114_116_117_121_125_126_128_129_133_134_137_140_141_143_146_148_152_154_155_157_158_162_164_165_167_168_170_172_173_176_178_179_181_182_185_187_188_190_191_193_194_196_197_198_199_200_202_203_205_206_208_209_210_211_212_213_214_215_216_218_219_220_221_222_223_224_226_227_228_229_230_231_232_233_234_235_236_237_238_239_240_241_242_243_244_245_246_247_248_249_250_252_253_254_257_258_260_261_263_266_267_269_270_273_275_276_277_278_280_283_285_286_287_288_290_292_294_296  4.79e+08  4.06e+08 -93866.60 -86073.20  14555.41    750.86     83.48    222.52  -3638.84  -9977.06      0.00 0
5205 14.0      0_1_2_3_4_5_6_7_8_9_10_11_12_13_14_15_16_17_18_19_20_21_22_23_24_25_26_27_28_29_30_31_32_33_34_35_36_37_38_39_40_41_42_43_44_45_46_47_48_49_50_51_52_53_54_55_56_57_58_59_60_61_62_63_64_65_66_67_68_69_70_71_72_73_74_75_76_77_78_79_80_81_82_83_84_85_86_87_88_89_90_91_92_93_94_95_96_97_98_101_102_103_104_105_106_107_108_109_110_111_112_113_115_116_117_118_119_120_123_124_127_128_129_130_131_132_135_136_137_138_139_140_141_142_144_145_148_149_150_151_156_157_158_159_160_161_166_167_168_169_171_172_173_175_180_181_182_183_184_189_190_191_192_195_196_197_198_200_201_204_205_206_207_211_213_214_217_219_220_223_225_226_227_230_231_234_237_238_242_246_249_250_252_253_254_257_258_260_261_263_266_267_269_270_273_275_276_277_278_280_281_283_284_285_286_287_288_289_290_291_292_293_294_295_296_297_298  2.00e+08  1.62e+08  -9505.65 299149.22  12230.43    661.42     87.66     91.82  -3334.16   4431.53      0.00 0
5206 14.0      12_18_25_26_33_34_38_49_50_59_71_72_75_76_86_99_100_114_125_133_134_143_154_164_165_170_187_193_208_209_215_221_232_236_239  2.88e+08  2.43e+08  30597.93  -6030.81  10073.00    757.02     72.10    348.85   6242.85   -831.26      0.00 0
5207 14.0      212_214_220_224_227_231_233_235_238_241_243_244_245_246_248_249_250_251_252_253_255_256_258_259_260_261_262_264_265_266_267_268_269_270_271_272_273_274_275_276_277_279_280_281_282_283_284_285_286_287_288_289_290_291_292_293_294_295_296_297_298  1.82e+08  1.47e+08 -114451.25 -54223.10  15056.79    679.89     83.22    205.35   3658.74 -10209.66      0.00 0
5208 14.0      197_200_205_206_212_214_220_226_227_230_231_235_238_243_244_246_249_250_252_253_255_258  2.40e+08  1.98e+08  24643.08   3982.48   9422.70    731.47     69.32      9.18   1679.97  -7586.92      0.00 0
5209 14.0      3_5_9_13_17_21_25_29_33_41_49_53_59_63_71_75_83_95_99_121_125_133_146_154  5.50e+08  4.89e+08 -15625.83   3003.40   7187.82    872.77     65.69    169.12   2625.16  -1353.14      0.00 0
5210 14.0      0_1_2_3_4_5_6_7_8_9_10_11_12_13_14_15_16_17_18_19_20_21_22_23_24_25_26_27_28_29_30_31_32_33_34_35_36_37_38_39_40_41_42_43_44_45_46_47_48_49_50_51_52_53_54_55_56_57_58_59_60_61_62_63_64_65_66_67_68_69_70_71_72_73_74_75_76_77_78_79_80_81_82_83_84_85_86_87_88_89_90_91_92_94_95_96_98_99_100_101_102_103_104_106_107_108_110_111_112_114_115_116_117_118_120_122_124_125_126_128_129_130_133_134_136_138_140_142_143_145_147_148_149_151_153_155_157_158_159_161_163_165_167_169_172_174_175_177_179_181_182_183_184_186_188_190_192_196_198_200_205_210_211_213_217_219_223_226_230_234_237_242_249_252_254_257_263_266_269_273_278_280_283_285_290_292  2.63e+08  2.28e+08  57952.46  90478.52  13764.28    828.06     82.70     57.36    571.71   -346.45      0.00 0
5211 14.0      163_169_174_177_186  1.41e+08  1.18e+08 -19539.91   5448.29   9253.08    642.91     65.48    164.42   4742.40   4624.02      0.00 0
5212 14.0      0_1_2_3_4_5_6_7_8_9_10_11_12_13_14_15_16_17_18_19_20_21_22_23_24_25_26_27_28_29_30_31_32_33_34_35_36_37_38_39_40_41_42_43_44_45_46_47_48_49_50_51_52_53_54_55_56_57_58_59_60_61_62_63_64_65_66_67_68_69_70_71_72_73_74_75_76_77_78_79_80_81_82_83_84_85_86_87_88_89_90_91_92_94_95_96_98_99_100_101_102_103_104_105_106_107_108_109_110_111_112_114_115_116_117_118_120_121_122_125_126_127_128_129_130_133_134_136_137_138_140_141_142_143_146_147_148_149_151_152_153_154_155_156_157_158_159_161_162_163_164_165_166_167_168_169_172_173_174_176_177_179_180_181_182_183_185_186_188_189_190_191_192_196_197_198_199_200_201_204_205_206_207_210_211_212_213_214_219_220_223_225_226_227_230_231_234_235_237_238_242_243_246_249_250_252_253_254_257_258_260_261_263_266_267_269_270_273_274_275_276_277_278_280_281_283_284_285_286_287_288_289_290_291_292_293_294_295_296_297_298  3.16e+08  2.60e+08  37870.21 155822.55  14537.32    770.52     84.82     76.34   1135.68   -538.66      0.00 0
5213 14.0      148_158_168_173_181_182_191_197_199_206_212_214_220_224_235_241_244  3.98e+08  3.52e+08  22568.86  -2085.71   9397.43    679.75     67.48    354.72   2573.47  -6021.89      0.00 0
5214 14.0      0_1_2_3_4_5_6_7_8_9_10_11_12_13_14_15_16_17_18_19_20_21_22_23_24_25_26_27_28_29_30_31_32_33_34_35_36_37_38_39_40_41_42_43_44_45_46_47_48_49_50_51_52_53_54_55_56_57_58_59_60_61_62_63_64_65_66_67_68_69_70_71_73_74_75_77_78_79_80_81_82_83_84_87_88_89_90_91_92_93_101_102_103_104_105_107_109_110_111_115_116_117_118_127_128_129_135_137_139_141_148_149_156_157_158_166_168_171_173_180_181_182_183_189_190_191_195_197_200_201_204_205_206_212_214_220_225_226_227_231_238_243_246_250_253_258_260_261_267_270_274_275_277_281_284_287_289_291_295  2.45e+08  2.02e+08  12825.38 -61231.45  12398.60    791.04     78.79    281.83    426.18  -3024.09      0.00 0
5215 14.0      114_121_125_133_146_152_154_164_176_178_185_199_202_203_218_224_228_233_241_244_251_256_259  3.72e+08  3.12e+08  -4321.12  23824.87   9062.72    776.42     69.48    100.28   5001.59  -3666.25      0.00 0
5216 14.0      109_119_127_135_139_144_150_160  1.91e+08  1.65e+08 -18046.03  -2819.48   7584.27    883.53     67.45    188.88  -4172.05   3616.25      0.00 0
5217 14.0      173_199_212_224_235_244_255_256_259_271_272  2.14e+08  1.92e+08  14592.82 -13655.72   8611.35    738.78     66.69    316.90   5249.53  -7493.87      0.00 0
5218 14.0      0_1_2_3_4_5_6_7_8_9_10_11_12_13_14_15_16_17_18_19_21_22_23_24_25_26_27_28_29_30_31_33_34_35_36_38_39_41_42_43_45_46_47_49_50_51_53_54_56_57_59_61_63_65_67_68_71_75_77_79_80_81_83_87_89_92_95_101_105_107_109_111_115_127_135_137_139_156_160_166_171_189_195  1.29e+08  1.09e+08  21519.02 -34290.96  11509.20    680.52     74.13    302.11   -786.39   1957.95      0.00 0
5219 14.0      14_22_27_30_36_39_42_43_46_51_54_56_61_64_65_68_77_80_81_84_87_90_101_105_109  1.29e+08  1.06e+08 -19687.19   3482.01   9094.37    659.37     65.54    169.97   -410.17   2298.87      0.00 0
5220 14.0      202_203_209_215_218_228_229_232_233_239_241_244_245_247_248_251_255_256_259_262_264_265_268_271_272_279_282  5.50e+08  4.65e+08  11061.62  32983.15  10291.65    788.75     73.52     71.46   6299.68  -6771.34      0.00 0
5221 14.0      121_125_137_141_146_152_162_173_185_197_199_212_220  7.59e+08  6.40e+08   4666.07  18897.14   9026.95    655.71     65.12     76.13   3625.12  -4252.76      0.00 0
5222 14.0      41_49_53_59_63_67_71_75_79_83_86_89_95_99_100_103_107_111_114_117_121_125_129_133_134_137_143_154_155_164_165_170_188_194_210_216  2.51e+08  2.15e+08  21542.88  20774.67  10083.50    729.68     71.38     43.96   4029.18   -652.88      0.00 0
5223 14.0      198_211_219_223_234_237_242_252_254_257_263_266_269_273_280_283  2.04e+08  1.81e+08   7370.17 -19412.31   8719.99    742.51     67.22    290.79  -3096.14  -8069.93      0.00 0
5224 14.0      4_10_12_17_18_22_25_26_30_33_34_36_38_42_46_49_50_53_54_56_59_60_63_64_68_71_72_75_76_80_83_84_86_90_92_95_96_99_100_104_107_108_112_114_118_121_125_126_133_134_137_143_146_152_154_162_164_176_178_185_187_199_202_203_209_218_224_228_229_233_241_244_245_248_251_256_259_262_265_268_272_282  2.29e+08  1.90e+08  29239.77 -45197.80  12170.90    740.90     77.26    302.90   5555.18  -4221.49      0.00 0
5225 14.0      0_1_2_3_4_5_6_7_8_9_10_11_12_13_14_15_16_17_18_19_20_21_22_23_24_25_26_27_28_29_30_31_32_33_34_35_36_37_38_39_40_42_43_44_46_47_48_49_50_51_52_54_56_57_58_60_61_62_64_65_66_68_69_70_72_73_74_76_77_80_81_82_84_85_87_88_90_92_93_94_96_97_98_100_101_104_105_106_108_110_112_113_118_120_122_124_126_130_131_132_136_138_142_145_147_151_153_159_161_163_169_174_175_177_179_184_186_217  5.37e+08  4.64e+08  55716.08  42490.40  13404.47    694.34     79.17     37.33     17.72   1285.60      0.00 0
5226 14.0      0_1_2_3_4_5_6_7_8_9_10_11_12_13_14_15_16_17_18_19_20_21_22_23_24_25_26_27_28_29_30_31_32_33_34_35_36_37_38_40_41_42_44_45_46_47_48_49_50_51_52_53_54_55_57_58_59_60_62_63_64_66_67_69_70_71_72_73_74_75_76_78_79_82_83_84_85_86_88_89_91_94_95_96_97_98_99_100_102_103_106_107_108_110_111_113_114_116_117_120_121_122_124_125_126_128_129_132_133_134_136_137_140_143_145_146_147_151_152_154_155_161_164_165_167_170_172_175_178_179_184_187_188_193_194_198_208_209_210_215_216_217_221_222_223_236_239_240  1.70e+08  1.39e+08 -96830.19 -29585.48  15005.35    628.62     81.57    196.99  -1134.13  -1782.04      0.00 0
5227 14.0      0_1_2_6_7_8_11_14_15_16_19_20_23_24_27_31_32_37_47_48_52_58_69_70_74_82_85_94_98_106_120_124_145_151  3.55e+08  3.09e+08  16691.96  15024.23   9018.84    737.30     68.12     41.99  -2485.49  -1035.58      0.00 0
5228 14.0      0_1_2_3_4_5_6_7_8_9_10_11_12_13_14_15_16_17_18_19_20_21_22_23_24_25_26_27_28_29_30_31_32_33_34_35_36_37_38_39_40_41_42_43_44_45_46_47_48_49_50_51_52_53_54_55_56_57_58_59_60_61_62_63_64_65_66_67_68_69_70_71_72_73_74_75_76_77_78_79_80_81_82_83_84_85_86_87_88_89_90_91_92_93_94_95_96_97_98_99_100_101_102_103_104_105_106_107_108_109_110_111_112_113_114_115_116_117_118_119_120_121_122_123_124_125_126_127_128_129_130_131_132_133_134_135_136_137_138_139_140_141_142_143_144_145_146_147_148_149_150_152_153_154_155_156_157_158_159_160_162_163_164_165_166_167_168_169_170_171_173_174_176_177_178_179_180_181_182_183_185_186_187_188_189_190_191_192_193_194_195_197_199_200_201_202_203_204_206_207_208_209_212_214_215_218_220_221_222_224_225_227_228_229_231_232_233_235_236_238_239_241_243_244_245_247_248_250_251_253_255_256_258_259_262_264_265_267_268_270_271_272_274_279_282_284  5.13e+08  4.35e+08 168853.30 -189250.58  13647.23    680.05     86.92    311.74    845.29   -135.18      0.00 0
5229 14.0      76_96_100_108_122_126_138_147_153_163_177_186  7.08e+08  6.10e+08 -11336.27 -24533.93   8838.80    898.25     71.89    245.20   4914.48   5141.12      0.00 0
5230 14.0      0_1_2_3_4_5_6_8_9_11_12_13_15_16_17_18_20_21_23_24_25_26_28_29_32_33_35_37_38_40_41_44_45_47_48_49_50_52_53_55_58_59_62_63_66_67_69_70_71_72_74_75_76_78_79_82_83_85_86_88_89_91_94_95_98_99_100_102_103_106_107_110_111_113_114_116_117_120_121_124_125_128_129_132_133_134_136_137_140_141_143_145_146_148_151_152_154_157_158_161_162_164_165_167_168_170_172_173_175_176_178_181_182_184_185_187_190_191_193_194_196_197_198_199_200_202_203_205_206_208_209_211_212_213_214_215_217_218_219_220_221_222_223_224_226_227_228_229_230_231_232_233_234_235_236_237_238_239_241_242_243_244_245_247_248_251_254_256_262_265_268_282  7.94e+08  6.85e+08 152585.45   6928.87  14653.64    755.17     84.52      2.60   4603.14  -3372.94      0.00 0
5231 14.0      0_3_4_5_6_9_10_12_13_17_18_21_22_25_26_29_30_33_34_35_38_41_42_44_45_46_49_50_53_54_55_59_60_63_64_67_68_71_72_75_76_78_79_80_83_84_86_89_90_91_95_96_99_100_103_104_107_108_111_112_114_116_117_121_122_125_126_129_130_133_134_137_138_141_142_143_146_147_148_152_153_154_155_157_158_159_162_163_164_165_168_169_170_173_174_176_177_178_179_181_182_185_186_187_188_191_192_193_194_197_199_200_202_203_205_206_208_209_210_212_214_215_216_218_220_221_222_224_226_227_228_229_230_231_232_233_235_236_238_239_240_241_243_244_245_246_247_248_249_250_251_253_255_256_258_259_260_261_262_264_265_266_267_268_270_271_272_274_275_276_277_279_280_281_282_284_286_287_288_289_291_293_294_295_296_297_298  1.82e+08  1.45e+08 -51818.36 -257454.16  13809.15    629.66     86.99    258.62   5313.05  -1965.74      0.00 0
5232 14.0      206_214_220_226_227_231_235_238_243_244_246_249_250_252_253_255_256_258_259_260_261_264_266_267_269_270_271_273_274_275_276_277_280_283_285  3.55e+08  3.10e+08  30408.98  10387.61  10255.34    744.36     72.30     18.86   1309.77  -8611.07      0.00 0
5233 14.0      0_1_2_3_4_6_7_10_11_12_14_15_16_18_19_22_23_24_26_27_30_31_34_36_37_38_39_42_43_46_47_48_50_51_54_56_57_60_61_64_65_68_69_70_72_73_76_77_80_81_84_85_87_90_92_93_96_97_98_100_101_104_105_108_109_112_113_115_118_119_122_123_126_127_130_131_132_134_135_138_139_142_144_147_149_150_153_155_156_159_160_163_165_166_169_171_174_177_179_180_183_186_188_189_192_194_195_201_204_207_210_216_222_225_240  5.75e+08  4.95e+08 -150788.70 -23316.38  12839.38   1072.70     85.19    188.79  -2354.02   3959.27      0.00 0
5234 14.0      185_197_199_202_203_206_212_214_218_220_224_227_228_229_231_232_233_235_238_241_243_244_245_246_247_248_249_250_251_253_255_256_258_259_260_261_262_264_265_266_267_268_270_271_272_274_275_276_277_279_280_281_282_283_284_286_287_288_289_290_291_292_293_294_295_296_297_298  1.70e+08  1.38e+08  70387.00  54755.35  14507.37    647.95     80.76     37.88   3336.06  -9055.39      0.00 0
5235 14.0      162_173_185_199_212_218_224_241_244_251_256_259_268_272  1.05e+08  8.90e+07 -15194.49  13409.89   9031.34    676.40     65.98    138.57   4992.56  -6026.40      0.00 0
5236 14.0      116_117_128_129_141_148_157_158_162_167_168_172_173_181_182_185_190_191_196_197_198_199_200_203_205_206_211_212_213_214_218_219_220_223_224_228_231_233_234_235_238_241_244_248_251_256_262_265_268_282  5.13e+08  4.39e+08 -39534.98   -669.38  11106.93    729.62     74.31    180.97   2130.93  -5862.24      0.00 0
5237 14.0      0_1_2_3_4_5_6_7_8_9_10_11_12_13_14_15_16_17_18_19_20_21_22_23_24_25_26_27_28_29_30_31_32_33_34_35_36_37_38_39_40_41_42_43_44_45_46_47_48_49_50_51_52_53_54_55_56_57_58_59_60_61_62_63_64_65_66_67_68_69_70_71_72_73_74_75_76_77_78_79_80_81_82_83_84_85_86_87_88_89_90_91_92_93_94_95_96_97_98_99_100_101_102_103_104_105_106_107_108_109_110_111_112_113_114_115_116_117_118_119_120_121_122_123_124_125_126_127_128_129_130_131_132_133_134_135_136_137_138_139_140_141_142_143_144_145_146_147_148_149_150_151_152_153_155_156_157_158_159_160_161_162_163_166_167_168_169_171_172_173_174_175_177_180_181_182_183_184_185_186_189_190_191_192_195_196_197_198_199_200_201_204_205_206_207_211_212_213_214_217_219_220_223_224_225_226_227_230_231_234_235_237_238_242_243_246_249_250_252_253_254_257_258_260_261_263_264_266_267_269_270_273_274_275_276_277_278_280_281_283_284_285_286_287_288_289_290_291_292_293_294_295_296_297_298  7.76e+08  6.87e+08 -15598.29 -199979.86  14096.79    779.19     85.98    265.54   -512.87  -4893.98      0.00 0
5238 14.0      2_5_8_9_13_16_20_21_24_28_29_32_35_37_40_41_44_45_48_52_53_55_58_62_63_66_67_69_70_74_78_79_82_83_85_88_89_91_94_98_102_103_106_107_111_113_120_124_132_137  3.89e+08  3.40e+08  30738.96  -9940.26  10709.29    674.58     71.66    342.08  -1668.93  -1630.77      0.00 0
5239 14.0      6_7_10_14_15_18_19_22_27_30_31_34_36_39_42_43_46_47_51_54_56_57_60_61_64_65_68_73_76_77_80_81_84_87_90_92_93_96_104_108_112_122_126_138_147_153_177_179  1.26e+08  1.14e+08  27783.55   4724.18   9709.45    756.67     70.99      9.65   1288.24   2208.93      0.00 0
5240 14.0      0_1_2_3_4_5_6_7_8_9_10_11_12_13_14_15_16_17_18_19_20_21_22_23_24_25_26_27_28_29_30_31_32_33_34_35_36_37_38_39_40_41_42_43_44_45_46_47_48_49_50_51_52_53_54_55_56_57_58_59_60_61_62_63_64_65_66_67_68_69_70_71_72_73_75_76_77_78_79_80_81_82_83_84_87_88_89_90_91_92_93_95_101_102_103_104_105_107_109_111_115_116_117_118_121_127_129_135_137_139_141_148_149_152_156_158_160_162_166_168_171_173_180_181_182_189_191_195_197_199_200_204_206_212_214_220_224_227_231_235_238_243_244_250_253_255_258_264_267_270_271_274_279_281_284_291  5.37e+08  4.79e+08 -22671.45  64307.39  13254.16    702.77     79.00    109.42   1408.05  -3742.19      0.00 0
5241 14.0      0_1_2_3_4_5_6_7_8_9_10_11_12_13_14_15_16_17_18_19_20_21_22_23_24_25_26_27_28_29_30_31_32_33_34_35_36_37_38_39_40_41_42_43_44_45_46_47_48_49_50_51_52_53_54_55_56_57_58_59_60_61_62_63_64_65_66_67_68_69_70_71_72_73_74_75_76_77_78_79_80_81_82_83_84_85_86_87_88_89_90_91_92_93_94_95_96_97_98_99_100_101_102_103_104_105_106_107_108_109_110_111_112_113_114_119_120_121_122_123_124_125_126_131_132_133_134_135_137_143_144_145_146_147_150_152_154_155_164_165_170_176_178_179_187_188_193_194_202_208_209_210_215_216_221_222_228_229_232_236_239_240_245_247  3.89e+08  3.45e+08 -116383.08  12889.93  14709.46    709.75     82.84    173.68  -1340.32    171.47      0.00 0
5242 14.0      0_1_2_3_4_5_6_7_8_9_10_11_12_13_14_15_16_17_18_19_20_21_22_23_24_25_26_27_28_29_30_31_32_33_34_35_36_37_38_39_40_41_42_43_44_45_46_47_48_49_50_51_52_53_54_55_56_58_59_60_62_63_64_65_66_67_68_70_71_72_74_75_76_77_78_79_80_82_83_84_86_88_89_90_91_92_94_95_96_99_100_102_103_104_106_107_108_110_111_112_114_116_117_118_120_121_122_125_126_128_129_130_133_134_136_137_138_140_141_142_143_146_147_148_151_152_153_154_155_157_158_159_161_162_163_164_165_167_168_169_170_172_173_174_176_177_178_179_181_182_184_185_186_187_188_190_191_192_193_194_196_197_198_199_200_205_206_208_210_211_212_213_214_216_217_219_220_222_223_226_227_230_231_234_237_238_240_242_246_249_250_252_253_254_257_260_261_263_266_267_269_273_275_276_277_278_280_283_285_286_287_288_290_292_293_294_296_297  5.37e+08  4.76e+08  74917.69 133283.62  14668.35    753.04     84.52     60.66    533.95  -3621.93      0.00 0
5243 14.0      71_75_86_95_99_100_107_111_114_121_122_125_126_129_133_134_137_141_143_146_147_152_153_154_155_162_164_165_168_170_173_176_177_178_179_185_186_187_188_191_193_194_197_199_202_203_206_208_209_210_212_214_215_216_218_220_221_222_224_227_228_229_231_233_235_236_238_240_241_243_244_250_251_253_255_256_258_259_261_264_267_270_271_274_275_277_279_281_284_287_289_291_293_295_298  4.07e+08  3.44e+08 -17980.15 -67385.02  13077.16    741.06     79.38    255.06   4226.31  -4136.05      0.00 0
5244 14.0      191_197_212_214_220_224_235_243_244_255_256_259_271_272  6.03e+08  5.34e+08  20125.62  -8880.65   9183.87    697.33     67.34    336.19   4663.11  -7339.89      0.00 0
5245 14.0      3_4_9_10_12_14_17_18_21_22_25_26_29_30_33_34_36_38_41_42_45_46_49_50_53_54_56_59_60_63_64_67_68_71_72_75_76_79_80_83_84_86_89_90_92_95_96_99_100_103_104_107_108_111_112_114_118_121_122_125_126_129_130_133_134_137_138_141_142_143_146_147_149_152_153_154_155_158_159_162_163_164_165_168_169_170_173_174_176_177_178_179_183_185_186_187_188_191_192_193_194_197_199_201_202_203_206_207_208_209_210_212_214_215_216_218_220_221_222_224_225_228_229_231_232_233_235_236_238_239_240_241_243_244_245_247_248_251_253_255_256_258_259_262_264_265_267_268_270_271_272_274_279_281_282_284_289_291  2.75e+08  2.40e+08 -17468.17 139449.09  13903.79    868.75     84.35     97.14   5086.41  -5286.50      0.00 0
5246 14.0      0_1_2_3_4_5_8_9_11_12_13_16_17_20_21_25_28_29_33_35_41_45_49_53_55_59_63_67_71_75_79_83_89_95_99_107_111_121_125_137_146_152_154_162_176_178_185_187_199_202_203_209_218_228_229_232_233_245_247_248_251_262_265_282  6.61e+08  5.75e+08  35331.96 -18471.10  10615.74    820.41     75.09    332.40   5722.81  -3768.68      0.00 0
5247 14.0      22_30_34_36_42_43_46_50_54_56_60_64_65_68_72_76_77_80_84_86_87_90_92_96_100_101_104_108_109_112_114_115_118_122_126_127_130_134_135_138_139_142_143_147_149_153_155_156_159_160_163_164_165_166_169_170_171_174_177_179_180_183_186_188_189_192_193_194_195_201_204_208_210_215_216_221_222_236_239_240  3.89e+08  3.30e+08  60785.68 -30015.75  13521.70    661.89     78.72    333.72   3898.90   2429.62      0.00 0
5248 14.0      0_1_2_3_4_5_6_7_8_9_10_11_12_13_14_15_16_17_18_19_20_21_22_23_24_25_26_27_28_29_30_31_32_33_34_35_36_37_38_39_40_41_42_43_44_45_46_47_48_49_50_51_52_53_54_55_56_57_58_59_60_61_62_63_64_65_66_67_68_69_70_71_72_73_74_75_76_77_78_79_80_81_82_83_84_85_86_87_88_90_92_93_94_95_96_97_98_99_100_101_104_105_106_108_109_112_113_114_118_119_120_122_123_124_125_126_130_131_132_133_134_135_138_142_143_144_145_147_150_153_154_155_163_164_165_170_177_179_186_187_188_193_194_208_210_215_216_221_222_236_239_240  1.55e+08  1.33e+08 -105825.93  -9351.63  14571.73    701.03     82.19    185.05  -1821.62    698.40      0.00 0
5249 14.0      38_49_53_59_63_71_72_75_76_83_86_89_95_96_99_100_103_107_111_114_117_121_122_125_126_129_133_134_137_141_143_146_147_152_153_154_155_158_162_164_165_168_170_173_176_177_178_179_182_185_186_187_188_191_193_194_197_199_200_202_203_206_210_212_214_216_218_220_224_227_231_233_235_238_241_243_244_246_250_253_255_258_260_261_264_267_270_271_274_275_276_277_279_281_284_286_287_289_291_293_294_295_297_298  1.38e+08  1.13e+08  18570.99  75493.74  13750.41    693.85     79.97     76.18   2254.52  -8972.76      0.00 0
5250 14.0      111_137_141_162_168_173_191_197_199_212_214_220_224_231_235_238_243_253_255_258_264_270_271_274_279_281_284_291  4.68e+08  3.97e+08  -6475.15  37215.94  10946.07    728.30     73.84     99.87   3579.48  -9624.24      0.00 0
5251 14.0      168_173_191_197_206_212_214_220_227_231_238_243_246_250_253_258_260_261_267_270_275_277_281_286_287_289_293_294_295_297_298  1.45e+08  1.21e+08  12319.41  30816.32  10674.53    695.22     72.17     68.21   1309.69  -9403.24      0.00 0
5252 14.0      0_1_2_3_4_5_6_7_8_9_10_11_12_13_14_15_16_17_18_19_20_21_22_23_24_25_26_27_28_29_30_31_32_33_34_35_36_37_38_39_40_41_43_44_45_46_47_48_49_50_51_52_53_55_56_57_58_59_61_62_63_65_66_67_69_70_71_73_74_75_77_78_79_81_82_83_85_87_88_89_91_93_94_95_97_98_99_101_102_103_105_106_107_109_110_111_113_116_117_119_120_121_123_124_125_128_129_131_132_135_136_137_139_140_141_144_145_146_148_150_151_152_157_158_160_161_162_167_168_171_172_173_175_176_181_182_184_185_190_191_196_197_198_199_200_202_203_205_206_211_212_213_214_217_218_219_220_223_224_226_227_228_230_231_233_234_235_237_238_241_242_243_244_246_248_249_250_251_252_253_254_255_256_257_258_259_260_261_263_264_265_266_267_268_269_270_271_272_273_274_275_276_277_278_279_280_281_282_283_284_286_287_288_289_290_291_293_294_295_297_298  6.03e+08  5.17e+08 -192226.00 189626.78  13253.27    666.22     87.19    135.39   5244.32 -10831.29      0.00 0
5253 14.0      8_13_16_20_24_28_32_37_40_48_52_58_62_69_70_74_82_85_94_98_113_124_132  3.89e+08  3.32e+08 -17399.64   2768.29   7700.99    833.30     66.39    170.96  -2974.95   -757.79      0.00 0
5254 14.0      68_77_80_87_90_92_101_104_108_109_112_115_118_122_127_130_135_138_139_142_147_149_150_153_156_159_160_163_166_169_171_174_177_179_180_183_186_189_192_195_201_204_207_210_216_240  1.00e+08  8.33e+07 -70578.57   8303.56  13800.83    645.95     79.01    173.29   1693.34   4850.77      0.00 0
5255 14.0      114_133_143_164_165_170_188_194_208_216_222_240  6.31e+08  5.54e+08  14680.17  10317.40   7716.40    842.49     66.73     35.10   6356.69    755.61      0.00 0
5256 14.0      0_1_2_3_4_5_6_7_8_9_10_11_12_13_14_15_16_17_18_19_20_21_22_23_24_25_26_27_28_29_30_31_32_33_34_35_36_37_38_39_40_41_42_43_44_45_46_47_48_49_50_51_52_53_54_55_56_57_58_59_60_61_62_63_64_65_66_67_68_71_72_74_75_76_77_78_79_80_82_83_84_86_87_88_89_90_91_92_95_96_99_100_101_102_103_104_106_107_108_110_111_112_114_115_116_117_118_121_122_125_126_128_129_130_133_134_136_137_138_140_141_142_147_148_149_153_155_157_158_159_163_167_168_169_172_173_174_177_179_180_181_182_183_186_190_191_192_196_197_200_201_205_206_207_211_213_214_219_226_227_230_231_234_237_242_246_249_250_252_257_260_261_263_266_267_269_273_275_276_277_278_280_283_285_286_287_288_290_292_293_294_296_297  6.92e+08  5.99e+08 -29897.90 -104403.94  14760.58    681.88     82.26    254.02   2389.45   4068.67      0.00 0
5257 14.0      0_1_2_3_5_8_9_11_13_15_16_17_20_21_23_24_28_29_31_32_33_35_37_40_41_44_45_47_48_52_53_55_57_58_59_62_63_66_67_69_70_73_74_78_79_82_83_85_88_89_91_93_97_102_103_107_111_117_121_129_137_141_152_158_162_168_173_185_191_197_199_212_218_220_224_235_241_244_251_255_256_259_268_271_272  3.09e+08  2.68e+08  31589.22 -30324.75  11610.42    709.69     75.15    316.17   2013.98  -3811.66      0.00 0
5258 14.0      102_110_116_128_140_157_167_172_181_190_196_205_211_213_219_226_230_237_242_249_252_257_263_266_269_273_276_278_280_283_285_288_290_292_296  2.14e+08  1.78e+08  -6705.70 -40637.91  11794.75    648.34     74.02    260.63  -2514.57  -9498.92      0.00 0
5259 14.0      116_117_148_157_158_168_181_182_191_197_200_206_212_214_220_227_231_235_238_243_253_255_258_259_264_270_271_274_279_284  2.40e+08  2.19e+08 -35291.83  31676.67  11779.89    729.43     76.05    138.09   5836.12 -10365.15      0.00 0
5260 14.0      148_181_182_190_191_197_200_205_206_212_214_220_227_231_235_238_243_244_253_255_256_258_259_264_271_272_274_279  2.34e+08  1.98e+08 -34305.95  14266.14  10436.53    806.03     74.31    157.42   5062.41  -8426.26      0.00 0
5261 14.0      147_153_155_163_165_174_177_179_186_188_194_210_216  3.24e+08  2.87e+08 -11819.29  18048.01   9317.92    665.33     66.64    123.22   4973.90   3245.75      0.00 0
5262 14.0      203_212_218_220_224_228_229_232_233_235_238_241_243_244_245_247_248_250_251_253_255_256_258_259_261_262_264_265_267_268_270_271_272_274_275_277_279_281_282_284_286_287_289_291_293_294_295_297_298  3.31e+08  2.76e+08  38261.97  39140.11  12134.47    756.50     77.50     45.65   5332.10  -7418.10      0.00 0
5263 14.0      121_125_133_143_146_152_154_162_164_165_170_173_176_178_179_185_187_188_193_194_197_199_202_203_208_209_210_212_214_215_216_218_220_221_222_224_228_229_231_232_233_235_236_238_239_240_241_243_244_245_247_248_251_253_255_256_258_259_262_264_265_267_268_270_271_272_274_277_279_281_282_284_287_289_291_293_295_298  7.24e+08  6.18e+08 -49138.00 -137767.20  15115.33    690.10     84.10    250.37   5232.03  -9767.27      0.00 0
5264 14.0      4_6_10_14_18_22_26_27_30_34_36_38_42_46_50_54_60_64_68_72_76_84_86_96_100_108_114_122_126_134_143_155_165_170_188_194  8.32e+08  7.53e+08  23112.09  -1300.26   8724.06    811.14     69.35    356.78   3367.87   1176.08      0.00 0
5265 14.0      22_34_42_46_50_54_60_64_68_71_72_76_80_84_86_90_92_96_100_104_108_112_118  4.07e+08  3.45e+08  12791.48 -17664.25   9455.83    650.09     66.56    305.91   1679.30   2154.40      0.00 0
5266 14.0      0_1_2_3_4_5_6_7_8_9_11_13_14_15_16_17_19_20_21_23_24_27_28_29_31_32_35_37_39_40_41_43_44_45_48_51_52_55_58_62_66_67_78_79_82_88_89_91_102_103_110_116_117_128_129_148_157_158_167_168_181_182_190_191_200_205_206_213_214_226_227_230_231_246_249_250_252_253_260_261_266_267_270_275_276_277_281_286_287_288_289_291_293_294_295_297_298  8.32e+08  7.05e+08   5678.37 -54208.15  12483.25    699.52     77.10    275.98    130.97  -8058.54      0.00 0
5267 14.0      0_1_2_3_4_5_6_7_8_9_10_11_12_13_14_15_16_17_18_19_20_21_22_23_24_25_26_27_28_29_30_31_32_33_34_35_36_37_38_39_40_41_42_43_44_45_46_47_48_49_50_51_52_53_54_55_56_57_58_59_60_61_62_63_64_65_66_67_68_69_70_71_72_73_74_75_76_77_78_79_80_81_82_83_84_85_86_87_88_89_90_91_92_93_94_95_96_97_98_101_102_103_104_105_106_107_108_109_110_111_112_113_115_116_117_118_119_120_123_124_127_128_129_130_135_136_137_139_140_141_142_144_148_149_150_156_157_158_159_160_161_162_166_167_168_169_171_172_173_180_181_182_183_189_190_191_192_195_196_197_200_201_204_205_206_207_211_212_213_214_219_220_225_226_227_230_231_237_238_243_246_249_250_252_253_257_258_260_261_266_267_269_270_274_275_276_277_280_281_284_286_287_288_289_290_291_293_294_295_296_297_298  2.09e+08  1.73e+08  12778.69 -120770.04  15234.30    648.53     82.85    276.04   -732.41   1636.44      0.00 0
5268 14.0      0_1_2_3_4_5_6_7_8_9_10_11_12_13_14_15_16_17_18_19_20_21_22_23_24_25_26_27_28_29_30_31_32_33_34_35_36_37_38_39_40_41_42_43_44_45_46_47_48_49_50_51_52_53_54_55_56_57_58_59_60_61_62_63_64_65_66_67_68_69_70_71_72_73_74_75_76_77_78_79_80_81_82_83_84_85_86_87_88_89_90_91_92_93_94_95_96_97_98_99_100_101_102_103_104_105_106_107_108_109_110_111_112_113_114_116_117_119_120_121_122_123_124_125_126_127_128_129_131_132_133_134_135_136_137_138_139_140_141_143_144_145_146_147_148_150_151_152_153_154_155_157_158_160_161_162_164_165_167_168_170_172_173_175_176_178_179_184_185_187_188_191_193_194_197_199_202_203_208_209_210_212_215_216_218_221_222_224_228_229_232_233_236_239_240_241_245_247_248_251_256_262_265_268_282  1.07e+08  8.79e+07 182615.02 -32101.36  13908.88    838.49     85.71    350.03   5790.35  -1828.01      0.00 0
5269 14.0      0_1_2_3_4_5_6_7_8_9_10_11_12_13_14_15_16_17_18_19_20_21_22_23_24_25_26_27_29_30_31_32_33_34_36_37_38_39_41_43_47_49_50_51_53_54_57_59_60_61_63_69_71_72_73_75_76_81_83_86_93_95_97_99_114_121_123_125_133_146_154_164_178_187  4.57e+08  3.94e+08  32358.72 -13469.64  10916.93    688.96     72.70    337.40   1252.21   -281.18      0.00 0
5270 14.0      0_1_2_3_4_5_6_7_8_9_10_11_12_13_14_15_16_17_18_19_20_21_22_23_24_25_26_27_28_29_30_31_32_33_34_35_36_37_38_39_40_41_43_44_45_47_48_49_50_51_52_53_55_57_58_59_61_62_63_65_66_67_69_70_71_72_73_74_75_78_79_81_82_83_85_87_89_93_94_95_97_98_99_103_105_107_111_113_119_121_123_125_131_132_137_144_146_150_152_154_162_176_178_185_202_203  1.17e+08  9.87e+07  45806.95 -23703.51  12087.66    729.42     76.81    332.64  -2113.08    371.90      0.00 0
5271 14.0      148_157_161_167_172_181_182_184_190_191_196_197_198_200_205_206_211_212_213_214_217_219_220_223_226_227_230_231_234_235_237_238_242_243_244_246_249_250_252_253_254_255_256_257_258_259_260_261_263_264_266_267_268_269_270_271_272_273_274_275_276_277_278_279_280_281_283_284_285_286_287_288_289_290_291_292_293_294_295_296_298  2.57e+08  2.18e+08 -125436.80  27418.46  15174.24    667.01     83.26    167.67  -2711.83  -8411.27      0.00 0
5272 14.0      22_26_34_38_42_46_49_50_54_60_64_68_71_72_75_76_80_84_86_90_92_95_96_99_100_104_108_112_114_118_121_122_125_126_130_133_134_138_143_146_149_152_154_155_164_165_170_176_178_185_187_193_202_203_209_215_228_229_232_233_245_247_248_251_262_265_268_282  1.70e+08  1.42e+08  30665.01 -39122.61  12062.46    712.26     76.36    308.09   5600.22  -2199.22      0.00 0
5273 14.0      88_91_102_106_110_116_117_120_124_128_129_136_140_141_145_148_151_157_158_161_167_168_172_173_175_181_182_184_190_191_196_197_198_199_200_205_206_211_212_213_214_217_219_220_223_224_226_227_230_231_234_235_237_238_241_242_243_244_246_249_250_252_253_254_255_256_257_258_259_260_261_263_264_266_267_268_270_271_272_274_275_277_279_281_282_284_289_291  1.66e+08  1.37e+08 -95434.62  43090.39  14753.55    671.67     81.98    155.70   1620.73  -7579.46      0.00 0
5274 14.0      4_6_7_10_12_14_18_19_22_25_26_27_30_34_36_38_39_42_43_46_49_50_51_54_56_60_61_64_65_68_71_72_75_76_77_80_81_84_86_87_90_92_96_99_100_101_104_105_108_109_112_114_115_118_122_125_126_127_130_133_134_135_138_139_143_147_150_154_155_156_160_164_165_166_170_171_187_188_193_194_208_209_215_221_222_232_236_239  1.07e+08  9.00e+07 -45026.13  22862.83  12356.82    676.85     76.25    153.08   3444.97   1018.59      0.00 0
5275 14.0      95_99_107_121_125_137_141_146_152_162_168_173_185_197_199_212_220  3.47e+08  2.98e+08   1753.04  23369.25   9759.81    642.47     67.39     85.71   3272.14  -4143.02      0.00 0
5276 14.0      0_1_2_3_4_5_6_7_8_9_10_11_12_13_14_15_16_17_18_19_20_21_22_23_24_25_26_27_28_29_30_31_32_33_34_35_36_37_38_40_41_42_44_45_46_47_48_49_50_52_54_55_58_60_62_64_66_68_69_70_72_74_76_78_82_84_85_88_90_94_96_98_102_106_108_110_120_122_124_136_140_145_151_161_175_184_198_217_223  2.82e+08  2.44e+08 -35556.32 -29092.15  11949.70    685.14     75.42    219.29  -2835.83  -2404.27      0.00 0
5277 14.0      128_140_167_172_190_196_211_213_219_230_234_237_242_252_254_257_263_269_273_278_283_285_292  1.95e+08  1.67e+08  -6141.22 -23644.16   8843.06    824.36     70.10    255.44  -3010.80  -8047.90      0.00 0
5278 14.0      99_114_133_134_143_164_165_170_188_194_216  2.14e+08  1.81e+08 -13333.54 -12359.96   8343.15    730.30     65.35    222.83   5467.25    515.21      0.00 0
5279 14.0      182_200_206_214_227_231_238_250_253_258_267_270_274_277_281_284_289_291  1.74e+08  1.50e+08  16064.79 -27813.81  10803.29    657.33     71.41    300.01   2736.89 -10194.79      0.00 0
5280 14.0      116_117_148_157_158_167_181_182_190_196_200_205_213_219_226_230_234_237_242_249_252_254_257_263_269_273_278_283_285_292  6.46e+08  5.54e+08 -23523.26 -27561.67  10815.95    724.43     73.38    229.52  -3168.76  -8629.71      0.00 0
5281 14.0      0_1_4_6_7_10_12_14_15_18_19_22_25_26_27_30_31_34_36_38_39_42_43_46_49_50_51_54_56_57_60_61_64_65_68_71_72_75_76_77_80_81_84_86_87_90_92_93_96_99_100_101_104_105_108_109_112_114_115_118_119_122_126_127_133_134_135_139_143_144_150_155_156_160_164_165_166_170_171_193_195  1.82e+08  1.60e+08  46409.69 -23443.22  12396.47    686.79     76.59    333.20  -1377.32   3132.93      0.00 0
5282 14.0      101_105_109_115_118_119_127_135_139_144_149_150_156_159_160_166  5.75e+08  4.99e+08 -23241.07  -7902.85   9664.75    682.00     68.51    198.78  -2413.50   3909.16      0.00 0
5283 14.0      9_13_21_28_29_33_35_40_41_44_45_52_53_55_62_63_66_67_78_79_82_88_91_102_106_110_128_136_140_151_161_184  1.74e+08  1.42e+08  21868.98  11809.72   9915.75    650.36     68.25     28.37  -1306.90  -2858.20      0.00 0
5284 14.0      0_1_2_3_4_5_6_7_8_9_10_11_12_13_14_15_16_17_18_19_20_21_22_23_24_25_26_27_28_29_30_31_32_33_34_35_36_37_38_39_40_42_43_46_47_48_49_50_51_52_54_56_57_58_59_60_61_62_64_65_68_69_70_71_72_73_74_75_76_77_80_81_82_84_85_86_87_90_92_93_94_96_97_98_100_101_104_105_108_109_112_113_114_115_118_119_120_122_123_124_126_127_130_131_132_134_135_138_139_142_143_144_145_147_149_150_153_155_159_163_165_169_174_177_179_186_188_194_210_216_222_240  1.62e+08  1.43e+08  98465.00  29353.70  14440.18    708.54     82.00     16.60  -2003.99   1147.44      0.00 0
5285 14.0      0_1_2_3_4_5_6_8_9_10_11_12_13_16_17_18_20_21_22_24_25_26_28_29_30_32_33_34_35_38_40_41_42_44_45_49_50_52_53_54_55_58_59_60_62_63_64_66_67_71_72_75_76_78_79_82_83_84_86_88_89_91_94_95_96_99_100_102_103_106_107_108_110_111_114_116_117_120_121_122_125_126_128_129_133_134_136_137_138_140_141_143_146_147_148_151_153_154_155_157_158_161_164_165_167_170_172_177_179_181_182_184_186_188_190_194_196_198_200_205_208_210_211_213_216_217_219_222_223_230_234_237_240_242_252_254_257_263_273_278  1.26e+08  1.03e+08  61494.91  57606.35  14282.13    655.32     80.38     43.13   -597.62  -3507.27      0.00 0
5286 14.0      199_212_218_224_235_241_244_255_256_259_271_272  1.82e+08  1.55e+08  16038.41 -24725.32  10349.67    677.95     70.65    302.97   6117.91  -8598.13      0.00 0
5287 14.0      0_1_2_3_4_5_6_7_8_9_10_11_12_13_14_15_16_17_18_19_20_21_22_23_24_25_26_27_28_29_30_31_32_33_34_35_36_37_38_39_40_41_42_43_44_45_46_47_48_49_50_51_52_53_54_55_56_57_58_59_60_61_62_63_64_65_66_67_68_69_70_71_72_73_74_75_76_77_78_79_80_81_82_83_84_85_86_87_88_89_90_91_92_93_94_95_96_97_98_99_100_101_102_103_104_105_106_107_108_109_110_111_112_113_114_115_116_117_118_120_121_122_124_125_126_128_129_130_131_132_133_134_136_137_138_140_141_142_143_145_146_147_148_149_151_152_153_154_155_157_158_159_161_162_163_164_165_167_168_169_170_172_173_174_175_176_177_178_179_181_182_184_185_186_187_188_190_191_192_193_194_196_197_198_199_200_202_203_205_206_208_209_210_211_212_213_214_215_216_217_218_219_220_221_222_223_224_226_227_228_229_230_231_232_233_234_235_236_237_238_239_240_241_242_243_244_245_246_247_249_250_252_253_254_257_258_260_261_263_266_267_269_270_273_275_276_277_278_280_283_285_286_287_288_290_292_294_296  3.47e+08  2.90e+08 -208607.83 -204783.75  12200.90    697.17     87.61    224.47     12.99  -3235.77      0.00 0
5288 14.0      0_1_2_3_4_5_6_7_8_9_10_11_12_13_14_15_16_17_18_19_20_21_23_24_27_28_29_30_31_32_35_36_37_39_40_41_43_44_45_46_47_48_51_52_53_55_56_57_58_61_62_63_65_66_67_69_70_73_74_77_78_79_81_82_85_87_88_89_91_92_93_94_97_98_101_102_103_105_106_109_110_111_113_115_116_117_119_120_123_124_127_128_129_131_132_135_136_139_140_144_145_148_150_151_156_157_158_160_161_166_167_168_171_172_175_181_182_184_189_190_191_195_196_197_198_200_204_205_206_211_213_214_219_223_226_227_230_231_234_237_238_242_246_249_250_252_253_257_258_260_261_266_267_269_270_273_275_276_277_280_281_283_284_286_287_288_289_290_291_293_294_295_296_297_298  1.32e+08  1.08e+08  27066.75 -108558.82  14968.03    662.81     82.38    284.00  -1166.89  -5039.01      0.00 0
5289 14.0      0_1_2_3_4_5_6_7_8_9_10_11_12_13_14_15_16_17_18_19_20_21_22_23_24_25_26_27_28_29_30_31_32_33_34_35_36_37_38_39_40_41_42_43_44_45_46_47_48_49_50_51_52_53_54_55_56_57_58_59_60_61_62_63_64_65_66_67_68_69_70_71_72_73_74_75_76_77_78_79_80_81_82_83_84_85_86_87_88_89_90_91_92_93_94_95_96_97_98_99_100_101_102_103_104_105_106_107_108_109_110_111_112_113_114_115_116_117_118_119_121_122_123_125_126_127_129_130_131_133_134_135_137_138_139_141_142_143_144_146_147_148_149_150_152_154_155_156_158_159_160_162_164_165_166_168_169_170_171_173_176_178_180_182_183_185_187_189_191_192_193_195_197_199_201_202_203_204_206_207_209_212_214_215_218_220_224_225_228_229_231_232_233_235_238_241_243_244_245_247_248_251_253_255_256_258_259_262_264_265_268_270_271_272_274_279_282_284  2.19e+08  1.76e+08 -88954.23 131731.23  14829.54    729.34     84.67    124.03   4762.12  -5562.86      0.00 0
5290 14.0      211_217_219_223_234_237_242_252_254_257_263_266_269_273_280_283_288  1.51e+08  1.22e+08  14827.24 -22224.10  10416.23    616.00     68.70    303.71  -3548.82  -8127.55      0.00 0
5291 14.0      0_1_2_3_4_5_6_7_8_9_10_11_12_13_14_15_16_17_18_19_20_21_22_23_24_25_26_27_28_29_30_31_32_33_34_35_36_37_38_39_40_41_42_43_44_45_46_47_48_49_50_51_52_53_54_55_56_57_58_59_60_61_62_63_64_65_66_67_68_69_70_71_72_73_74_75_76_77_78_79_80_81_82_83_84_85_86_87_88_89_90_91_92_93_94_95_96_97_98_99_100_101_102_103_104_105_106_107_108_109_110_111_112_113_114_115_116_117_118_119_120_121_122_123_124_125_126_127_128_129_130_131_132_133_134_135_136_137_138_139_140_141_142_143_144_145_146_147_148_149_150_151_152_153_154_155_156_157_158_159_160_161_162_163_164_165_166_167_168_169_170_171_172_173_174_175_176_177_178_179_180_181_182_183_184_185_186_187_188_189_190_191_192_193_194_195_196_197_198_199_200_201_202_203_204_205_206_207_208_209_210_211_212_213_214_215_216_217_218_219_220_221_222_223_224_225_226_227_228_229_230_231_232_233_234_235_236_237_238_239_240_241_242_243_244_245_246_247_248_249_250_251_252_253_254_255_256_257_258_259_260_261_262_263_264_265_266_267_268_269_270_271_272_273_274_275_276_277_278_279_280_281_282_283_284_285_286_287_288_289_290_291_293_294_295_296_297_298  8.32e+08  7.29e+08 -233375.30 195686.34  10741.93    826.74     87.98    140.02   -793.22   -880.84      0.00 0
5292 14.0      116_117_128_129_140_141_148_157_158_161_162_167_168_172_173_181_182_184_185_190_191_196_197_198_199_200_205_206_211_212_213_214_217_218_219_220_223_224_226_227_230_231_233_234_235_237_238_241_242_243_244_246_248_249_250_251_253_254_255_256_258_259_262_264_265_268_271_272_282  1.00e+09  8.56e+08  62470.79  -6312.51  12922.98    709.50     78.37    354.23   3378.97  -6698.06      0.00 0
5293 14.0      8_13_16_20_24_28_29_32_35_37_40_41_44_45_48_52_55_58_62_63_66_67_69_70_74_78_79_82_85_88_89_91_94_97_98_102_103_106_107_110_111_113_116_117_120_121_124_128_129_131_132_136_137_140_141_145_148_151_152_157_158_161_162_167_168_172_173_175_176_181_182_184_185_190_191_196_197_198_199_200_203_205_206_211_212_213_214_217_218_219_220_223_224_226_227_228_230_231_233_234_235_237_238_241_242_243_244_246_248_249_250_251_252_253_254_255_256_257_258_259_260_261_262_263_264_265_266_267_268_269_270_271_272_273_274_275_276_277_279_280_281_282_284_286_287_289_291  4.79e+08  4.45e+08 159115.09 -78294.33  14018.83    834.10     85.48    333.80   3980.22  -8136.41      0.00 0
5294 14.0      11_15_16_19_23_24_31_32_37_39_47_48_51_52_57_58_61_62_65_69_70_73_74_81_82_85_87_93_94_97_98_106_113_120_124_132_136_145_151_161_175_184_198_217  1.38e+08  1.19e+08   7967.15  19484.02   7161.90   1108.30     71.21     67.76  -3041.89  -1551.95      0.00 0
5295 14.0      110_116_117_128_129_136_140_141_148_151_157_158_161_162_167_168_172_173_175_181_182_184_185_190_191_196_197_198_199_200_203_205_206_211_212_213_214_217_218_219_220_223_224_226_227_230_231_233_234_235_237_238_241_242_243_244_246_248_249_250_251_252_253_254_255_256_257_258_259_260_261_262_263_264_265_266_267_268_269_270_271_272_273_274_275_276_277_278_279_280_281_282_283_284_285_286_287_288_289_290_291_292_293_294_295_296  1.05e+08  8.25e+07 -161209.89  20022.61  14641.05    754.52     84.85    172.92   5725.76  -8877.00      0.00 0
5296 14.0      219_226_230_234_237_242_246_249_250_252_254_257_260_261_263_266_267_269_270_275_276_277_281_284_287_289_291  4.07e+08  3.43e+08  28239.11 -12756.38  10380.02    701.92     71.48    335.69   -654.61  -9188.75      0.00 0
5297 14.0      0_1_2_3_4_5_6_7_8_9_10_11_12_13_14_15_16_17_18_19_20_21_22_23_24_25_26_27_28_29_30_31_32_33_34_35_36_37_38_39_40_41_42_43_44_45_46_47_48_49_50_51_52_53_54_55_56_57_58_59_60_61_62_63_64_65_66_67_68_69_70_71_72_73_74_75_76_77_78_79_80_81_82_83_84_85_86_87_88_90_92_93_94_95_96_97_98_99_100_101_104_105_106_108_109_112_113_114_115_118_119_120_122_123_124_125_126_127_130_131_132_133_134_135_136_138_139_142_143_144_145_147_149_150_151_153_155_159_160_163_164_165_169_170_174_175_177_179_186_188_193_194_208_210_216_222_236_240  5.37e+08  4.49e+08 122296.97  30084.27  14527.53    752.73     83.42     13.82  -2242.52    709.38      0.00 0
5298 14.0      161_172_184_196_198_211_213_219_223_230_234_237_242_252_254_257_263_266_269_273_276_278_280_283_285_288_290_292_294_296  7.08e+08  5.96e+08  -6900.43  36836.55  11129.75    694.49     73.46    100.61  -2676.69 -10103.89      0.00 0
5299 14.0      11_15_16_19_20_23_24_31_32_37_39_40_47_48_51_52_57_58_61_62_65_66_69_70_73_74_81_82_85_87_88_93_94_97_98_102_105_106_109_110_113_119_123_127_128_135_136_139_150_160_166_171_195  4.17e+08  3.65e+08   4191.60 -29824.79   8989.98    948.88     73.38    278.00  -2576.12   1744.53      0.00 0
