#event_number primary_type du_ids energy_primary em_energy Xmax_pos(x, y, z), Xmax_grams zenith azimuth shower_core_pos_x shower_core_pos_y shower_core_pos_z, N_tested_cores, units are degrees, GeV and meters
2100 14.0      190_196_200_205_206_211_213_219_226_227_230_231_234_237_238_242_246_249_250_252_253_258_260_261_264_267_270_274_275_277_279_281_284_291  3.55e+09  3.08e+09  34466.50 -16847.68  10725.81    775.14     74.38    333.95   2114.61  -9301.08      0.00 0
2101 14.0      117_129_137_141_148_152_157_158_162_167_168_173_176_181_182_185_190_191_196_197_199_200_202_203_205_206_211_212_213_214_218_219_220_224_226_227_228_229_230_231_233_234_235_237_241_242_245_247_248_252_254_257_263  4.68e+09  4.20e+09 -35652.08 -12324.74  10397.53    823.58     74.59    199.07   1375.31  -5932.12      0.00 0
2102 14.0      18_22_26_34_42_50_54_60_64_68_84_90_96_104_108_112_122_130_138_142_153_163_169_174_186  7.59e+09  6.78e+09   9035.38  22251.46   8208.45    949.25     71.13     67.90   3009.93   4919.94      0.00 0
2103 14.0      9_12_13_17_21_25_26_29_33_34_35_38_41_44_45_49_50_53_55_59_60_63_67_71_72_75_76_78_79_83_86_89_91_95_96_99_100_102_103_107_111_114_116_117_122_125_126_128_129_133_134_143_147_148_153_155_157_158_177_179_181_182_190_205_213  2.63e+10  2.37e+10 -19144.85 -28760.83  10103.16    818.98     73.70    236.35   1888.37  -1631.01      0.00 0
2104 14.0      11_15_16_20_23_24_32_37_48_52_58_62_70_74_82_94_106_120_136_151  2.14e+09  1.94e+09  10064.75  15263.99   8236.14    752.80     65.75     56.60  -2563.56  -1838.75      0.00 0
2105 14.0      91_102_103_110_111_116_117_128_129_136_137_140_141_148_151_152_157_158_161_162_167_168_172_173_175_176_181_182_184_185_190_191_196_197_198_199_200_202_203_205_206_211_212_213_214_217_218_219_220_223_224_226_227_228_229_230_231_233_234_235_237_238_241_242_243_244_245_246_247_248_249_250_251_252_253_254_255_256_257_258_259_260_261_262_263_264_265_266_267_268_269_270_271_272_273_274_275_276_277_278_279_280_281_282_283_284_285_286_287_288_289_290_291_292  4.27e+10  3.75e+10 147870.94  -1393.70  14369.23    796.97     84.45    359.46  -3002.91  -7030.13      0.00 0
2106 14.0      42_54_60_64_68_72_76_80_84_86_90_92_96_100_104_108_112_114_115_118_122_126_130_133_134_138_142_143_147_149_153_155_159_164_165_170_187_188_193_194_208_215_221_232_239  3.24e+09  2.94e+09  26213.33 -21639.36  10152.59    798.71     73.37    320.46   4004.21   1297.26      0.00 0
2107 14.0      0_1_2_3_4_5_6_8_9_10_12_13_16_17_18_20_21_22_25_26_28_29_32_33_34_35_38_40_41_42_44_45_49_50_52_53_54_55_58_59_60_62_63_64_66_67_71_72_75_76_78_79_82_83_84_86_88_89_91_95_96_99_100_102_103_106_107_108_110_111_114_116_117_120_121_122_125_126_128_129_133_134_136_137_138_140_143_147_148_151_153_154_155_157_158_161_164_165_167_170_172_177_179_181_184_186_188_190_194_196_198_205_208_210_211_213_216_217_219_222_223_234_237_240_242_254_263  1.58e+10  1.40e+10 -53149.71 -48566.39  13187.97    740.31     79.62    222.42   3034.90   -103.80      0.00 0
2108 14.0      205_213_219_226_230_237_242_252_254_257_263_273_278  2.04e+10  1.89e+10 -17201.72  -8464.30   7941.06    841.02     67.50    206.20  -3213.66  -8302.79      0.00 0
2109 14.0      102_106_110_116_120_124_128_136_140_145_148_151_157_158_161_167_172_175_181_182_184_190_191_196_197_198_200_205_206_211_213_214_217_219_220_223_226_227_230_231_234_235_237_238_242_243_246_249_250_252_253_254_255_257_258_259_260_261_263_264_266_267_269_270_271_273_274_275_276_277_278_279_280_281_283_284_285_286_287_288_289_290_291_292_293_294_295_296_297_298  8.32e+10  7.61e+10 -131187.97  79450.27  14092.81    840.95     84.75    148.80    714.32  -9711.01      0.00 0
2110 14.0      141_162_168_173_191_197_206_212_214_220_231_238_250_253_267  4.90e+09  4.39e+09  -6592.57 -18361.83   8430.37    756.75     66.63    250.25   2220.63  -6982.55      0.00 0
2111 14.0      77_80_87_92_101_104_109_112_115_118_127_135_139_150_156_160_166_171  2.04e+10  1.85e+10 -25129.00   5497.39   9023.29    824.29     70.67    167.66  -2577.04   4317.60      0.00 0
2112 14.0      114_125_133_134_143_147_154_155_164_165_170_177_179_188_194_210_216  2.69e+09  2.37e+09 -13631.72 -29555.91  10487.65    713.57     72.14    245.24   6405.63   2961.51      0.00 0
2113 14.0      0_1_2_3_4_5_6_7_8_9_10_11_12_13_14_15_16_17_18_19_20_21_22_23_24_25_26_27_28_29_30_31_32_33_34_35_36_37_38_39_40_41_42_43_44_45_46_47_48_49_50_51_52_53_54_55_56_57_58_59_60_62_63_64_65_66_67_68_69_70_71_72_74_75_76_77_78_79_80_82_83_84_86_88_89_90_91_92_94_95_96_98_99_100_102_103_104_106_108_110_112_114_116_117_118_120_122_124_126_128_130_134_136_138_140_142_145_147_148_151_153_155_157_159_161_163_167_169_172_174_175_177_179_181_184_186_190_196_198_211_213_217_219_223_234_237_242_254_257_263_278  9.77e+10  8.87e+10  42259.89  57006.84  12231.85    897.05     80.22     53.45   1195.51    684.09      0.00 0
2114 14.0      0_1_2_3_4_5_6_7_8_9_10_11_12_13_14_15_16_17_18_19_20_21_22_23_24_25_26_27_28_29_30_31_32_33_34_35_36_37_38_39_40_41_42_43_44_45_46_47_48_49_50_51_52_53_54_55_56_57_58_59_60_61_62_63_64_65_66_67_68_69_70_71_72_73_74_75_76_77_78_79_80_81_82_83_84_85_86_87_88_90_92_93_94_96_97_98_99_100_101_102_104_105_106_108_109_110_112_113_114_115_118_119_120_122_123_124_126_127_130_131_132_133_134_135_136_138_139_140_142_143_144_145_147_149_150_151_153_155_156_159_161_163_165_169_170_174_175_177_179_183_184_186_188_192_194_198_210_216_217_222_240  1.48e+09  1.25e+09 118273.99  63178.94  14827.44    720.58     83.69     28.11   3048.30   2904.31      0.00 0
2115 14.0      266_276_280_283_285_288_290_292  3.24e+09  2.85e+09 -16621.60  -9047.34   8544.68    718.43     65.70    208.56  -3318.71 -11229.32      0.00 0
2116 14.0      88_91_102_103_106_110_116_117_120_124_128_129_136_140_141_145_148_151_157_158_161_162_167_168_172_173_175_181_182_184_190_191_196_197_198_199_200_205_206_211_212_213_214_217_218_219_220_223_224_226_227_230_231_233_234_235_237_238_241_242_243_244_246_249_250_251_252_253_254_255_256_257_258_259_260_261_263_264_265_266_267_268_269_270_271_272_273_274_275_276_277_278_279_280_281_282_283_284_285_286_287_288_289_290_291_292_293_294_295_296_297_298  1.32e+09  1.12e+09 226342.34 -74680.31  13826.33    709.83     86.68    341.74   2806.16  -9801.64      0.00 0
2117 14.0      14_30_36_43_46_56_68_77_80_90_92_104_115_118_130_149_159_169_183_192_207  9.12e+09  8.25e+09  -5072.85 -18594.22   7553.31    930.82     68.60    254.74    941.25   4909.43      0.00 0
2118 14.0      0_1_2_3_4_5_6_7_8_9_10_11_12_13_14_15_16_17_18_19_20_21_22_23_24_25_26_27_28_29_30_31_32_33_34_35_36_37_38_39_40_41_42_43_44_45_46_47_48_49_50_51_52_53_54_55_56_57_58_59_60_61_62_63_64_65_66_67_68_69_70_71_72_73_74_75_76_77_78_79_80_81_82_83_84_85_86_87_89_90_92_93_95_96_97_98_99_100_101_103_104_105_107_108_109_111_112_113_114_115_118_119_121_122_123_125_126_127_130_131_132_133_134_135_137_138_139_141_142_143_144_146_147_149_150_152_153_154_155_156_159_160_162_163_164_165_166_169_170_171_174_176_177_178_179_180_183_185_186_187_188_189_192_193_194_195_199_201_202_203_204_207_208_209_210_215_216_218_221_222_225_228_229_232_233_236_239_240_241_245_247_248_251_262_265_282  1.17e+10  1.05e+10 -217946.16 111480.69  12444.02    883.29     87.09    152.91   1467.37   2566.53      0.00 0
2119 14.0      0_1_2_3_4_5_6_7_8_9_10_11_12_13_14_15_16_17_18_19_20_21_22_23_24_25_26_27_28_29_30_31_32_33_34_35_36_37_38_39_40_41_42_43_44_45_46_47_48_49_50_51_52_53_54_55_56_57_58_59_60_61_62_63_64_65_66_67_68_70_71_72_74_75_76_77_78_79_80_82_83_84_86_87_88_89_90_91_92_95_96_99_100_101_102_103_104_106_107_108_110_111_112_114_115_116_117_118_121_122_125_126_128_129_130_133_134_136_137_138_140_141_142_143_146_147_148_149_152_153_154_155_156_157_158_159_161_162_163_164_165_167_168_169_170_172_173_174_176_177_178_179_180_181_182_183_185_186_188_190_191_192_194_196_197_199_200_201_205_206_207_210_211_212_213_214_218_219_220_224_226_227_230_231_234_235_237_238_242_243_246_249_250_252_253_257_258_260_261_263_264_266_267_269_270_273_274_275_276_277_278_280_281_283_284_285_286_287_288_289_290_291_292_293_294_295_296_297_298  6.03e+10  5.39e+10  33847.10 136667.53  14102.99    835.84     84.28     76.09   1076.93  -3621.36      0.00 0
2120 14.0      0_1_2_3_4_5_6_8_9_10_11_12_13_16_17_18_20_21_22_24_25_26_28_29_32_33_34_35_38_40_41_44_45_48_49_50_52_53_54_55_58_59_60_62_63_66_67_71_72_74_75_76_78_79_82_83_84_86_88_89_91_94_95_96_99_100_102_103_106_107_110_111_114_116_117_120_121_122_124_125_126_128_129_133_134_136_137_140_141_143_145_146_147_148_151_152_154_155_157_158_161_162_164_165_167_168_170_172_173_175_176_177_178_179_181_182_184_185_187_188_190_191_193_194_196_197_198_199_200_202_203_205_206_208_209_210_211_212_213_214_215_216_217_218_219_220_221_222_223_224_226_227_228_229_230_231_232_233_234_236_237_239_240_242_245_246_247_249_252_254_257_263_266_269_273_278_283_285  2.14e+10  1.88e+10 -125630.54 -75546.15  14296.34    807.89     84.43    211.02   2259.52  -2668.46      0.00 0
2121 14.0      1_2_5_8_11_13_15_16_19_20_23_24_28_31_32_35_37_39_40_44_45_47_48_51_52_55_57_58_61_62_66_69_70_73_74_78_79_81_82_85_87_88_91_93_94_97_98_102_103_105_106_109_110_113_116_117_119_120_123_124_128_129_131_132_135_136_139_140_144_145_148_150_151_157_158_160_161_167_168_171_172_175_181_182_184_190_191_196_198_200_205_206_211_213_214_217_219_223_226_227_230_231_234_237_238_242_246_249_250_252_253_254_257_258_260_261_263_266_267_269_270_273_274_275_276_277_280_281_283_284_286_287_288_289_290_291_293_294_295_296_297_298  6.03e+09  5.27e+09  43530.96 -100932.23  14178.50    769.44     82.65    293.33  -2154.76  -4575.02      0.00 0
2123 14.0      40_44_52_55_58_62_66_74_78_79_82_88_91_94_98_102_103_106_110_116_117_120_124_128_129_132_136_140_148_157_158_167_168_173_181_182_190_191_197_200_205_206_212_214_220_226_227_231_235_238_243_250_253_255_258_259_264_267_270_271_274_279_281_284  2.04e+10  1.81e+10  35774.60 -38890.97  11927.96    769.69     77.28    312.61   2491.30  -7767.67      0.00 0
2124 14.0      116_117_129_148_158_168_173_182_191_197_199_206_212_214_218_220_224_235_238_241_243_244_251_255_256_259_264_268_271_272_282  1.95e+09  1.72e+09 -34499.42  15079.60  11109.89    700.23     73.56    156.39   5185.86  -7207.53      0.00 0
2125 14.0      0_1_2_3_4_5_6_7_8_9_10_11_12_13_14_15_16_17_18_19_20_21_22_23_24_25_26_27_28_29_30_31_33_34_35_36_38_39_40_41_42_43_44_45_46_49_50_51_53_54_55_56_57_59_60_61_63_64_65_67_68_71_72_75_76_77_78_79_80_81_83_84_86_87_89_90_91_92_95_96_99_100_101_103_104_105_107_108_109_111_112_114_115_117_118_121_122_125_126_127_129_130_133_134_137_138_139_141_142_143_146_147_149_152_153_154_156_158_159_162_163_164_166_168_169_171_173_174_176_178_180_183_185_187_189_191_192_195_197_199_201_202_203_204_206_207_209_212_214_218_220_224_225_228_231_233_235_238_241_243_244_248_251_253_255_256_258_259_264_265_268_270_271_272_274_279_284  1.32e+09  1.15e+09  33773.99 -93045.84  13999.66    760.01     81.95    289.95   2441.95  -1293.22      0.00 0
2126 14.0      0_1_2_3_4_5_6_7_8_9_10_11_12_13_14_15_16_17_18_19_20_21_22_23_24_25_26_27_28_29_31_32_33_34_35_37_38_39_40_41_44_45_47_48_49_50_51_52_53_55_57_58_59_62_63_66_67_69_70_71_72_73_74_75_78_79_81_82_83_85_86_88_89_91_93_94_95_97_98_99_102_103_106_107_110_111_113_114_116_117_120_121_123_124_125_128_129_131_132_133_136_137_140_141_143_144_145_146_148_151_152_154_157_158_161_162_164_167_168_172_173_175_176_178_181_182_184_185_187_190_191_193_196_197_198_199_200_202_203_206_209_212_214_215_217_218_220_221_224_228_229_232_233_235_239_241_243_244_245_247_248_251_255_256_259_262_265_268_272_282  5.13e+10  4.62e+10 -125517.63  37418.43  14182.33    813.18     83.82    163.40   1583.45  -3166.07      0.00 0
2127 14.0      246_249_250_252_257_260_261_263_266_267_269_270_273_274_275_276_277_278_279_280_281_283_284_285_286_287_288_289_290_291_292_293_294_295_296_297_298  8.32e+10  7.43e+10 -76570.24   7507.78  13220.26    769.02     80.25    174.40  -3929.80 -10975.04      0.00 0
2128 14.0      176_178_185_199_202_203_209_212_215_218_220_224_228_229_232_233_235_238_241_243_244  2.40e+10  2.19e+10  13782.95  18363.85   8498.03    851.13     69.69     53.11   5053.44  -4918.88      0.00 0
2129 14.0      224_235_243_244_255_259_264_271_279  1.51e+10  1.35e+10   2403.26 -17821.72   8021.61    782.75     65.96    277.68   4661.76  -8653.85      0.00 0
2130 14.0      153_177_179_186_210  4.17e+09  3.75e+09 -17284.74    259.46   8042.56    754.58     65.05    179.14   6035.93   3635.31      0.00 0
2131 14.0      173_181_182_191_197_199_200_205_206_212_213_214_218_220_224_226_227_230_231_233_235_237_238_241_243_244_246_248_249_250_251_252_253_255_256_258_259_262_264_265_268_271_272_282  3.89e+10  3.64e+10 -35538.95  -4193.73  10112.80    841.49     74.22    186.73   3772.55  -6965.49      0.00 0
2132 14.0      91_102_103_106_110_111_116_117_120_128_129_136_140_141_145_148_151_157_158_161_162_167_168_172_173_175_181_182_184_185_190_191_196_197_198_199_200_203_205_206_211_212_213_214_217_218_219_220_223_224_226_227_230_231_233_234_235_237_238_241_242_243_244_246_248_249_250_251_252_253_254_255_256_257_258_259_260_261_262_263_264_265_267_268_270_271_272_274_279_282_284  1.74e+09  1.50e+09  94224.47 -20992.61  14272.22    710.11     81.59    347.44   3315.76  -7128.55      0.00 0
2133 14.0      18_22_26_30_34_38_42_46_49_50_54_56_60_64_68_71_72_75_76_80_84_86_90_92_95_96_99_100_104_108_112_114_115_118_121_122_125_126_130_133_134_138_142_143_146_147_149_152_153_154_155_156_159_163_164_165_169_170_174_176_177_178_179_180_183_185_186_187_188_189_192_193_194_201_202_203_204_207_208_209_210_215_216_218_221_222_225_228_229_232_233_236_239_240_241_245_247_248_251_256_262_265_268_272_282  2.69e+10  2.43e+10 -112106.00 179407.11  13161.52    894.15     86.44    122.00   6374.92   2158.64      0.00 0
2134 14.0      108_112_118_122_126_130_138_142_147_149_153_155_159_163_165_169_174_177_179_180_183_186_188_189_192_194_201_204_207_208_210_216_221_222_225_236_240  2.75e+10  2.48e+10 -50519.97  36772.31  11965.01    867.63     79.16    143.95   4639.01   4352.35      0.00 0
2135 14.0      40_52_58_62_66_74_78_82_88_91_94_98_102_103_106_110_113_116_117_120_124_128_129_131_132_136_140_145_148_151_157_158_161_167_168_172_175_181_182_184_190_191_196_197_198_200_205_206_211_212_213_214_220_226_227_230_231_235_238_243_246_249_250_253_255_258_260_261_264_267_270_271_274_277_279_281_284_289_291  3.55e+09  3.11e+09 -47436.46  48153.87  13041.12    730.29     79.08    134.57   1767.97  -7935.64      0.00 0
2136 14.0      38_50_60_71_72_76_86_96_100_122_126_147_153_155_177_179  2.24e+09  1.98e+09 -11146.96 -14754.97   8291.37    749.56     65.85    232.93   3761.37   1949.80      0.00 0
2137 14.0      27_36_39_43_46_51_56_61_65_77_80_81_87_101_105_109_119_135_150  1.07e+09  9.62e+08  18369.89  -3760.77   8371.98    743.34     65.94    348.43  -2053.21   2747.21      0.00 0
2138 14.0      111_116_117_128_129_137_140_141_148_152_157_158_162_167_168_172_173_176_181_182_185_190_191_196_197_198_199_200_203_205_206_211_212_213_214_217_218_219_223_224_226_230_234_237_242_254_257_263  1.48e+10  1.34e+10  41166.61  10830.58  10787.04    832.95     75.78     14.74  -1837.12  -6247.77      0.00 0
2139 14.0      0_1_2_3_5_8_9_11_13_15_16_17_20_21_23_24_28_29_31_32_33_35_37_40_41_44_45_47_48_52_53_55_57_58_59_62_63_66_67_69_70_73_74_78_79_82_83_85_88_89_91_93_94_97_98_102_103_106_107_110_111_113_116_117_119_120_121_123_124_128_129_131_132_136_137_140_141_144_145_148_151_152_157_158_161_162_167_168_172_173_175_176_181_182_184_185_190_191_196_197_198_199_200_203_205_206_211_212_213_214_217_218_219_220_223_224_226_227_228_230_231_233_234_235_237_238_241_242_243_244_246_248_249_250_251_252_253_254_255_256_257_258_259_260_261_262_263_264_265_266_267_268_269_270_271_272_273_274_275_276_277_278_279_280_281_282_283_284_285_286_287_288_289_290_291_292_293_294_295_296_297_298  2.95e+10  2.69e+10 -221227.19 148770.62  12059.48    840.38     87.41    146.08   -250.22  -6894.72      0.00 0
2140 14.0      181_182_190_191_196_197_200_205_206_211_212_213_214_219_220_223_226_227_230_231_234_235_237_238_242_243_244_246_249_250_252_253_254_255_256_257_258_259_260_261_263_264_266_267_268_269_270_271_272_273_274_275_276_277_278_279_280_281_282_283_284_285_286_287_288_289_290_291_292_293_294_295_296_297_298  1.02e+09  8.58e+08 187261.64 -10633.50  14629.81    729.44     85.54    356.75   1626.91 -10775.13      0.00 0
2141 14.0      8_13_16_20_21_28_29_32_35_40_41_44_45_48_52_53_55_58_62_63_66_67_70_74_78_79_82_83_85_88_89_91_94_95_98_102_103_106_107_110_111_113_116_117_120_121_124_128_129_132_136_137_140_141_145_146_148_151_152_157_158_161_162_167_168_172_173_175_176_181_182_184_185_190_191_197_198_199_202_203_212_217_218_224_228_229_233_235_241_244_245_248_251_256_262_265_268_282  6.03e+09  5.34e+09  67926.39 -16069.63  12546.66    829.31     79.81    346.69  -4302.39  -2620.96      0.00 0
2142 14.0      58_69_70_73_74_82_85_93_94_97_98_106_110_113_119_120_123_124_128_131_132_136_140_144_145_150_151_161_167_172_184_196_198  2.29e+10  2.04e+10   9936.38 -32952.45   9966.78    842.53     73.85    286.78  -4125.15   -188.36      0.00 0
2143 14.0      3_4_10_12_17_18_21_22_25_26_30_33_34_36_38_41_42_46_49_50_53_54_56_59_60_63_64_68_71_72_75_76_80_83_84_86_90_95_104_107  1.29e+10  1.14e+10   6393.45 -22459.25   9005.93    763.73     68.91    285.89   1662.56    445.34      0.00 0
2144 14.0      0_1_2_3_4_5_6_7_8_9_10_11_12_13_14_15_16_17_18_19_20_21_22_23_24_25_26_27_28_29_30_31_32_33_34_35_36_37_38_39_40_41_44_45_47_48_49_50_51_52_53_54_57_58_59_60_62_63_69_70_71_72_73_74_75_76_81_82_83_85_86_93_94_95_97_98_99_100_113_114_123_125_131_132_133_134_143_164_170  2.19e+10  2.00e+10  35579.74  -1777.49   9933.03    873.98     74.42    357.14   -783.81   -134.44      0.00 0
2145 14.0      69_70_74_85_94_97_98_106_113_120_124_132_136_145_151_161_184_198  7.94e+09  7.37e+09   -443.25 -19683.65   8171.41    812.02     67.46    268.71  -3471.62  -1837.93      0.00 0
2146 14.0      36_39_42_43_46_56_61_64_65_68_77_80_87_90_92_101_104_108_112_118_122_130_138_142_153_163_174_177_186  6.03e+09  5.36e+09 -27026.93  -7474.92   9743.16    747.63     70.84    195.46   2427.10   3604.40      0.00 0
2147 14.0      134_143_147_155_164_165_170_177_179_188_194_210  5.01e+10  4.58e+10  -3702.74 -18347.03   7581.14    902.14     67.95    258.59   5688.34   2305.35      0.00 0
2148 14.0      72_76_84_86_96_99_100_108_112_114_122_125_126_130_133_134_138_142_143_146_147_153_154_155_163_164_165_169_170_174_176_177_178_179_186_187_192_202_207  2.45e+09  2.08e+09  10517.44 -39527.44  11258.81    725.32     74.61    284.90   3638.68   2847.59      0.00 0
2149 14.0      16_20_23_24_28_32_37_40_44_47_48_52_57_58_62_66_69_70_73_74_78_82_85_88_91_93_94_97_98_102_105_106_110_113_116_117_119_120_123_124_128_131_132_135_136_140_144_145_148_150_151_157_158_160_161_167_172_175_181_182_184_190_191_196_198_200_205_206_211_213_217_219_223_226_227_230_231_234_237_242_246_249_250_252_253_257_260_261_263_266_267_269_270_273_275_276_277_280_281_283_284_286_287_288_289_290_291_293_294_295_296_297_298  6.03e+10  5.36e+10 -30808.84  79265.75  13317.32    802.94     81.10    111.24     50.41 -10770.43      0.00 0
2150 14.0      147_153_155_163_165_170_174_177_179_186_188_194_208_210_216_221_222_236_239_240  1.91e+10  1.76e+10 -19417.06  28982.96  10413.23    768.93     73.38    123.82   5415.97   3631.04      0.00 0
2151 14.0      19_23_31_37_39_43_47_51_56_57_61_65_69_70_73_74_77_81_85_87_92_93_97_98_101_105_109_113_115_118_119_123_124_127_131_132_135_139_145_149_156_159_166_180_183_189_192_201_207  7.59e+10  6.92e+10  17942.24  26550.45   9443.37    897.09     73.58     55.95  -2229.10   2282.71      0.00 0
2152 14.0      243_244_251_253_255_256_258_259_262_264_265_267_268_270_271_272_274_275_277_279_281_282_284_286_287_289_291_293_294_295_296_297_298  6.17e+09  5.47e+09  44229.50  29452.82  12082.56    747.57     77.19     33.66   4968.78  -9260.73      0.00 0
2153 14.0      0_1_2_3_4_5_6_7_8_9_10_11_12_13_14_15_16_17_18_19_20_21_22_23_24_25_26_27_28_29_30_31_32_33_34_35_36_37_38_39_40_41_42_43_44_45_46_47_48_49_50_51_52_53_54_55_56_57_58_59_60_61_62_63_64_65_66_67_68_69_70_72_73_74_76_77_78_79_80_81_82_83_84_85_87_88_89_90_91_92_93_94_96_97_98_101_102_103_104_105_106_108_109_110_112_113_115_116_117_118_119_120_123_124_127_128_130_131_132_135_136_138_139_140_142_144_145_148_149_150_151_156_157_158_159_160_161_163_166_167_169_171_172_174_175_180_181_182_183_184_189_190_192_195_196_198_200_201_204_205_207_211_213_217_219_223_225_226_230_234_237_242_246_249_252_254_257_260_263_266_269_273_276_278_280_283_285_288_290_292_294_296  2.69e+10  2.42e+10 -58420.97 -215173.36  13441.73    813.34     86.55    254.81  -3255.61   -366.66      0.00 0
2154 14.0      0_1_2_3_4_5_6_7_9_10_11_12_14_15_17_18_19_21_22_23_25_26_27_30_31_33_34_36_38_39_42_43_46_47_49_50_51_53_54_56_57_59_60_61_64_65_71_72_73_75_76_81_83_84_86_95_96_99_100_114_121_125_133_134_143_146_154_164_165_170_178_187_193_202_208_209_215_221_229_232_236_239_247  2.95e+10  2.63e+10 -41098.63  13855.18  11095.50    789.19     75.65    161.37   5468.35  -1069.34      0.00 0
2155 14.0      0_1_2_3_4_5_6_7_8_9_10_11_12_13_14_15_16_17_18_19_21_22_23_25_26_27_29_30_31_33_34_36_38_39_41_42_43_46_47_49_50_51_53_54_56_57_59_60_61_63_64_65_68_71_72_73_75_76_77_80_81_83_86_87_89_93_95_99_101_105_107_109_114_119_121_125_133_135_137_146_150_152_154_160_176_178_185_202_203_209_228_229  4.37e+09  4.04e+09 -26637.15  20240.69   9593.01    897.86     74.00    142.77   1524.64   -304.98      0.00 0
2156 14.0      87_92_101_104_105_109_115_118_119_123_127_130_135_139_142_144_149_150_156_159_160_166_169_171_174_180_183_189_192_195_201_204_207_225  1.02e+10  9.18e+09  45319.95  17378.55  10122.38   1078.00     78.22     20.98  -2152.84   4903.77      0.00 0
2157 14.0      2_5_8_11_13_15_16_20_23_24_28_29_31_32_35_37_40_41_44_45_47_48_52_55_57_58_62_66_67_69_70_73_74_78_79_82_85_88_89_91_93_94_97_98_102_103_106_110_111_113_116_117_119_120_123_124_128_129_131_132_136_140_141_144_145_148_150_157_158_167_168_173_181_182_191_197_206_212_214_220_231_235_238_243_255_258_264_271_279  1.41e+10  1.28e+10 -37919.08  39115.79  11848.35    802.01     77.73    134.11  -3070.39   -808.03      0.00 0
2158 14.0      101_105_109_115_119_127_135_139_149_156_159_166_180_183_192_207  1.12e+10  1.02e+10  15404.43  12789.00   8399.76    778.57     67.24     39.70  -1237.53   4543.39      0.00 0
2159 14.0      28_35_40_44_45_52_55_58_62_66_67_74_78_79_82_88_89_91_94_98_102_103_106_110_111_116_117_120_124_129_132_136_145  1.70e+10  1.51e+10  25304.98  -7476.46   9463.27    758.66     70.27    343.54  -1975.29  -2553.43      0.00 0
2160 14.0      231_238_250_253_258_264_270_274_279_284  1.00e+10  9.24e+09 -16311.52   8061.66   8017.34    790.99     66.22    153.70   3570.55  -9386.89      0.00 0
2161 14.0      0_1_2_3_5_8_9_11_13_16_17_20_21_23_24_28_29_32_33_35_37_40_41_44_45_47_48_52_53_55_58_59_62_63_66_67_69_70_73_74_78_79_82_83_85_88_89_91_94_95_97_98_102_103_106_107_110_111_113_116_117_120_121_123_124_128_129_131_132_136_137_140_141_145_146_148_151_152_157_158_161_162_167_168_172_173_175_176_178_181_182_184_185_190_191_196_197_198_199_200_202_203_205_206_211_212_213_214_217_218_219_220_223_224_226_227_228_229_230_231_233_235_238_241_243_244_245_248_250_251_253_255_256_258_259_262_264_265_268_270_271_272_274_279_282  7.59e+10  6.99e+10 -110503.19  50732.35  13896.71    843.87     83.48    155.34   1429.61  -4885.73      0.00 0
2162 14.0      21_28_29_35_40_41_44_45_53_55_59_62_63_66_67_78_79_82_83_88_89_91_95_99_102_103_106_107_110_111_116_117_120_121_125_128_129_133_136_137_140_141_145_146_148_151_152_154_157_158_161_162_164_167_168_172_173_175_176_178_181_182_184_185_187_190_193_196_198_202_209_211_215_217_219_223_232_234_239  1.15e+09  9.59e+08 -56228.14 -14656.81  12393.44    749.17     77.96    194.61  -3305.82  -4613.33      0.00 0
2163 14.0      0_1_2_3_4_5_6_7_8_9_10_11_12_13_14_16_17_18_20_21_22_24_25_26_28_29_30_32_33_34_35_38_40_41_42_44_45_46_49_50_52_53_54_55_58_59_60_62_63_64_66_67_68_71_72_75_76_78_79_82_83_84_86_88_89_90_91_95_96_99_100_102_103_106_107_108_110_112_114_116_117_120_122_126_128_134_136_138_140_147_148_151_153_155_157_161_163_167_172_177_179_181_184_186_190_196_198_211_213_217_219_223_234_237_242_254_257_263_278  1.74e+10  1.58e+10 -30854.02 -39633.73  11217.98    864.41     77.41    232.10   -541.87  -2695.85      0.00 0
2164 14.0      2_5_8_9_11_13_16_20_23_24_28_29_32_35_37_40_41_44_45_47_48_52_55_57_58_62_63_66_67_69_70_73_74_78_79_82_85_88_89_91_93_94_97_98_102_103_106_107_110_111_113_116_117_120_123_124_128_129_131_132_136_137_140_141_144_145_148_151_157_158_161_162_167_168_172_173_175_181_182_185_190_191_196_197_199_200_205_206_212_213_214_218_220_224_226_227_231_235_238_241_243_244_246_250_253_255_256_258_259_261_264_267_268_270_271_272_274_279_281_284_291  7.76e+10  7.04e+10  63342.45 -60383.47  12953.93    880.48     81.58    316.37   4861.80  -9163.14      0.00 0
2165 14.0      116_117_129_141_148_152_157_158_162_167_168_172_173_176_181_182_185_190_191_196_197_198_199_200_202_203_205_206_211_212_213_214_217_218_219_220_223_224_226_227_228_229_230_231_233_234_235_237_238_241_242_243_244_245_246_247_248_249_250_251_252_253_254_255_256_257_258_259_260_261_262_263_264_265_266_267_268_269_270_271_272_273_274_275_276_277_278_279_280_281_282_283_284_285_286_287_288_289_290_291_292_293_294_295_296_297_298  3.16e+09  2.72e+09 220456.08  40023.92  13939.62    739.47     86.44     10.29  -2869.00 -10102.94      0.00 0
2166 14.0      111_116_117_129_137_141_148_152_157_158_162_167_168_172_173_176_178_181_182_185_190_191_196_197_199_200_202_203_205_206_209_211_212_213_214_218_219_220_223_224_226_227_228_229_230_231_232_233_234_235_237_238_241_242_243_244_245_246_247_248_249_250_251_252_253_254_255_256_257_258_259_260_261_262_263_264_265_266_267_268_269_271_272_273_278_282_285  4.47e+09  3.94e+09  74476.80  20039.62  12795.75    841.75     80.58     15.06   6474.25  -5253.63      0.00 0
2167 14.0      1_2_7_8_11_15_16_19_23_24_27_31_37_39_47_51_57_61_65_69_73_81_87_93_105_109_119_135_150_160  8.13e+09  7.21e+09  10593.61 -15431.10   7852.73    842.96     67.24    304.47  -2207.31   1944.34      0.00 0
2168 14.0      129_141_148_152_157_158_162_168_173_176_178_181_182_185_190_191_196_197_199_200_202_203_205_206_209_212_213_214_218_219_220_224_226_227_228_229_230_231_232_233_234_235_237_238_239_241_242_243_244_245_246_247_248_249_250_251_252_253_254_255_256_257_258_259_260_261_262_263_264_265_266_267_268_269_270_271_272_273_274_275_276_277_278_279_280_281_282_283_284_285_286_287_288_289_290_292_293_294_296  2.04e+10  1.80e+10  85423.58  40983.14  13450.62    830.66     81.92     25.63  -3294.45 -10018.78      0.00 0
2169 14.0      62_74_82_88_91_94_98_102_106_110_113_116_117_120_124_128_131_132_136_140_145_148_151_157_158_161_167_172_175_181_182_184_190_191_196_198_200_205_206_211_213_214_217_219_220_223_226_227_230_231_234_237_238_242_243_246_249_250_252_253_257_258_260_261_264_266_267_269_270_274_275_276_277_279_280_281_284_286_287_289_291_293_295_298  4.47e+09  3.89e+09  51207.62 -59977.62  12787.32    855.49     80.79    310.49    421.61  -8582.02      0.00 0
2170 14.0      0_1_2_3_4_5_6_7_8_9_10_11_12_13_14_15_16_17_18_19_20_21_22_23_24_25_26_27_28_29_30_31_32_33_34_35_36_37_38_39_40_41_42_43_44_45_46_47_48_49_50_51_52_53_54_55_56_57_58_59_60_61_62_63_64_65_66_67_68_69_70_71_72_73_74_75_76_77_78_79_80_81_82_83_84_85_86_87_88_89_90_91_92_93_94_95_96_97_98_99_100_101_102_103_104_105_106_107_108_109_110_111_112_113_114_115_116_117_118_119_120_121_122_123_124_125_126_127_128_129_130_131_132_133_135_136_137_138_139_140_141_142_144_145_146_148_149_150_151_152_154_156_157_158_159_160_161_162_166_167_168_169_171_172_173_175_176_178_180_181_182_183_184_185_189_190_191_192_195_196_197_198_199_200_201_202_203_204_205_206_207_211_212_213_214_217_218_219_220_223_224_225_226_227_230_231_233_234_235_237_238_241_242_243_244_246_249_250_251_252_253_254_255_256_257_258_259_260_261_263_264_266_267_268_269_270_271_272_273_274_275_276_277_278_279_280_281_283_284_285_286_287_288_289_290_291_292_293_294_295_296_297_298  1.29e+10  1.17e+10  94211.62 -243269.77  11526.94    955.79     87.47    291.17  -2303.22   1159.23      0.00 0
2171 14.0      5_8_9_13_16_17_20_21_28_29_32_33_35_40_41_44_45_48_49_52_53_55_58_59_62_63_66_67_74_75_78_79_82_83_88_89_91_94_95_98_99_102_103_106_107_110_111_116_117_120_121_124_125_128_129_132_133_136_137_140_141_145_146_148_151_152_154_157_158_161_162_164_167_168_172_173_175_176_178_181_182_184_185_187_190_191_193_196_197_198_199_200_202_203_205_206_209_211_212_213_214_215_217_218_219_220_221_223_224_226_227_228_229_230_231_232_233_234_235_237_238_239_241_242_243_244_245_246_247_248_249_250_251_252_253_254_255_256_258_259_262_264_265_268_271_272_282  2.51e+09  2.25e+09 130787.20  -4041.60  13429.67    943.00     84.14    358.23   5873.52  -4801.49      0.00 0
2172 14.0      1_2_5_8_9_11_13_15_16_20_21_23_24_28_29_31_32_35_37_40_41_44_45_47_48_52_53_55_57_58_62_63_66_67_69_70_73_74_78_79_82_83_85_88_89_91_93_94_97_98_102_103_106_107_110_111_113_116_117_120_121_123_124_128_129_131_132_136_137_140_141_144_145_148_151_152_157_158_161_162_167_168_172_173_175_176_181_182_184_185_190_191_196_197_199_200_203_205_206_212_214_218_220_224_227_231_233_235_238_241_243_244_248_250_251_253_255_256_258_259_264_265_268_270_271_272_274_279_282  2.63e+09  2.26e+09 -80206.01  58208.93  14174.95    734.06     81.86    144.03   5725.09  -8061.87      0.00 0
2173 14.0      56_68_77_80_90_92_101_104_109_115_118_127_139_156_166_171_189_195  1.78e+10  1.61e+10  15197.02 -12465.21   8113.37    822.57     67.57    320.64  -1265.98   4498.70      0.00 0
2174 14.0      0_1_2_3_4_5_6_8_9_10_11_12_13_14_16_17_18_20_21_22_25_26_28_29_30_32_33_34_35_38_40_41_42_44_45_49_50_52_53_54_55_58_59_60_62_63_64_66_67_68_71_72_75_76_78_79_82_83_84_86_88_89_90_91_95_96_99_100_102_103_106_107_108_110_111_112_114_116_117_121_122_125_126_128_129_133_134_136_137_138_140_141_143_146_147_148_151_152_153_154_155_157_158_161_162_163_164_165_167_168_170_172_173_176_177_178_179_181_182_184_185_186_187_188_190_191_193_194_196_197_198_199_200_202_203_205_206_208_209_210_211_212_213_214_215_216_217_218_219_220_221_222_223_226_227_230_231_234_236_237_238_240_242_246_249_250_252_253_254_257_260_261_263_266_269_273_275_276_278_280_283_285_286_288_290_292_294_296  1.35e+10  1.21e+10 -81657.86 -98988.48  14053.63    830.12     83.75    230.48   -775.64  -5855.68      0.00 0
2175 14.0      108_112_118_122_126_130_134_138_142_147_149_153_155_159_163_165_169_170_174_177_179_180_183_186_188_192_194_201_204_207_208_210_216_222_225_236  2.09e+09  1.82e+09  25122.52 -22351.90  10062.88    808.11     73.34    318.34   3225.03   3991.67      0.00 0
2176 14.0      111_116_117_129_137_141_146_148_152_157_158_162_167_168_173_176_178_181_182_185_190_191_196_197_199_200_202_203_205_206_209_211_212_213_214_215_218_219_220_224_226_227_228_229_230_231_232_233_234_235_237_238_239_241_242_243_244_245_246_247_248_249_250_251_252_253_254_257_260_262_263_266_269_273_278_280_283_285  6.31e+10  5.83e+10  52949.14  24197.31  11759.58    860.45     78.58     24.56    696.46  -6572.41      0.00 0
2177 14.0      40_44_52_55_58_62_66_74_78_79_82_85_88_91_94_98_102_103_106_110_113_116_117_120_124_128_129_131_132_136_140_141_145_148_151_157_158_161_167_168_172_173_175_181_182_184_190_191_196_197_198_199_200_205_206_211_212_213_214_217_220_224_226_227_231_235_238_243_244_250_253_255_256_258_259_264_270_271_272_274_279  1.10e+09  9.33e+08  61503.40 -40124.17  13107.12    763.19     79.88    326.88  -3846.92  -2887.51      0.00 0
2178 14.0      267_270_274_281_284_291  4.27e+10  3.83e+10 -13995.81  11313.38   7698.46    848.30     66.84    141.05   3479.18 -10973.65      0.00 0
2179 14.0      0_1_2_3_4_5_6_7_8_9_10_11_12_13_14_15_16_17_18_19_20_21_23_24_27_28_29_30_32_33_35_36_39_40_41_43_44_45_52_53_55_62_63_66_67_78_79_88_89_91_102_103_111_116_117_128_129_141_148_157_158_168_181_182_191_197_200_205_206_214_220_226_227_231_238_246_249_250_253_258_260_261_267_270_275_277_281_284_287_289_291_293_295_298  5.62e+10  5.06e+10  -6830.95  43373.87  10736.22    864.19     76.26     98.95    937.59  -6959.44      0.00 0
2180 14.0      0_3_4_6_9_10_12_14_17_18_21_22_25_26_30_33_34_36_38_41_42_46_49_50_53_54_56_59_60_63_64_68_71_72_75_76_80_83_84_90_92_104_112_118_130_159  2.40e+10  2.20e+10   4112.82 -22766.89   8792.93    797.46     69.19    280.24   1117.39   1421.67      0.00 0
2181 14.0      92_101_104_115_118_130_149_159_169_174_183_192  9.12e+09  8.06e+09  16579.59  13550.92   8633.97    777.29     68.04     39.26   1192.54   5083.91      0.00 0
2182 14.0      0_1_2_3_4_5_6_7_8_9_10_11_12_13_14_15_16_17_18_19_20_21_22_23_24_25_26_27_28_29_30_31_32_33_34_35_36_37_38_39_40_41_42_43_44_45_46_47_48_49_50_51_52_53_54_55_56_57_58_59_60_61_62_63_64_65_66_67_68_69_70_72_73_74_76_77_78_79_80_81_82_83_84_85_87_88_89_90_91_92_94_96_98_101_102_103_104_106_108_109_110_112_115_116_117_118_120_127_128_130_136_138_140_142_148_149_151_156_157_159_161_163_167_169_172_174_180_181_182_183_184_190_192_196_198_200_201_205_207_211_213_219_223_226_230_234_237_242_249_252_254_257_263_266_269_273_278_280_283_285_290_292  9.77e+10  9.02e+10  19500.38  61547.51  11931.05    895.14     79.53     72.42   -905.73  -1821.32      0.00 0
2183 14.0      22_25_26_34_38_42_49_50_54_60_64_71_72_76_84_90_96_108_112_122_138_142_153_163_169_174  1.86e+10  1.70e+10  -4629.72 -19299.01   7678.05    924.19     68.85    256.51   2640.59   3141.37      0.00 0
2184 14.0      19_27_31_36_39_43_47_51_56_57_61_65_69_73_77_80_81_85_87_92_93_97_101_105_113_123_131  1.45e+10  1.28e+10  17615.86  10430.45   8479.88    777.61     67.50     30.63  -2292.69   1569.49      0.00 0
2185 14.0      20_28_32_35_40_44_45_48_52_55_58_62_66_67_74_78_79_82_88_89_91_94_98_102_103_106_110_111_113_116_117_120_124_128_129_132_136_137_140_141_145_148_151_157_158_161_162_167_168_172_173_175_181_182_184_185_190_191_196_197_198_199_200_206_212_214_218_220_224_233_235_238_241_243_244_251_255_256_259_268_272_282  3.09e+09  2.80e+09  58865.02 -24938.24  12229.94    833.32     79.17    337.04  -4202.68  -2552.42      0.00 0
2186 14.0      4_6_7_10_12_14_17_18_22_25_26_27_30_33_34_36_38_39_42_43_46_49_50_54_56_59_60_61_64_65_68_71_72_75_76_77_80_84_86_87_90_92_95_96_99_100_101_104_108_109_112_114_115_118_121_122_125_126_127_130_133_134_135_138_139_142_143_146_147_149_153_154_155_156_159_160_163_164_165_166_169_170_171_174_176_177_178_179_180_183_186_187_188_189_192_193_194_195_201_202_203_204_208_209_210_215_216_221_222_225_228_229_232_236_239_245_247_248_262  6.03e+09  5.32e+09  64503.66 -52833.25  13399.95    779.90     80.87    320.68   6449.31  -1116.10      0.00 0
2187 14.0      182_200_205_206_226_227_230_237_246_249_252_257_260_266_269_273_280_283_285_290_292  3.47e+09  3.11e+09  14490.43  15126.33   8285.06    830.92     68.42     46.23  -1516.05  -8779.09      0.00 0
2188 14.0      248_251_256_259_265_268_271_272  7.41e+10  6.74e+10   4317.93  18195.18   7941.75    823.99     66.99     76.65   6484.24  -7769.45      0.00 0
2189 14.0      255_256_259_264_268_270_271_272_274_277_279_281_282_284_287_289_291_293_295_297_298  1.66e+09  1.47e+09 -28122.40 -19011.68  10365.30    759.89     73.02    214.06   4609.33  -9772.38      0.00 0
2190 14.0      0_1_2_3_4_5_6_7_8_9_10_11_12_13_14_15_16_17_18_19_20_21_23_24_25_27_28_29_30_31_32_33_35_36_37_39_40_41_43_44_45_47_48_51_52_53_55_57_58_59_61_62_63_65_66_67_69_70_73_74_77_78_79_81_82_83_85_87_88_89_91_93_94_97_98_101_102_103_105_106_107_109_110_111_113_116_117_119_120_123_124_128_129_131_132_135_136_137_139_140_141_144_145_148_150_151_157_158_160_161_162_167_168_171_172_173_175_181_182_184_185_190_191_196_197_198_199_200_205_206_211_212_213_214_217_218_219_220_223_224_226_227_230_231_234_235_237_238_241_242_243_244_246_249_250_252_253_254_255_256_257_258_259_260_261_263_264_266_267_269_270_271_272_274_275_276_277_279_280_281_284_286_287_288_289_291_293_294_295_297_298  6.92e+09  6.17e+09  99668.16 -143457.09  14238.69    803.56     85.34    304.79   2609.18  -9836.48      0.00 0
2191 14.0      0_1_2_3_4_5_6_7_8_9_10_11_13_14_15_16_19_20_23_24_27_28_29_30_31_32_35_36_37_39_40_43_44_45_46_47_48_51_52_55_56_57_58_61_62_65_66_69_70_74_77_78_79_80_81_82_88_91_92_94_102_106_110_116_120_128_136_140_148_151_157_161_167_172_181_190_196_198_205_211_213_219_223_226_230_234_237_242_249_252_254_257_263_266_269_273_276_278_280_283_285_288_290_292_296  4.07e+09  3.63e+09 -12953.76 -54627.90  12076.97    781.15     77.86    256.66  -2772.84  -7702.76      0.00 0
2192 14.0      129_137_141_148_152_157_158_162_168_173_176_178_181_182_185_190_191_196_197_199_200_202_203_205_206_209_212_213_214_218_219_220_224_226_227_228_229_230_231_232_233_234_235_237_238_241_242_243_244_245_246_247_248_249_250_252_253_254_257_260_263_266_269_273_278_280_283_285  9.33e+09  8.30e+09 -45786.35 -22341.39  11724.43    781.79     77.04    206.01   -352.71  -7325.71      0.00 0
2193 14.0      1_2_5_8_11_13_15_16_20_23_24_28_29_31_32_35_37_40_41_44_45_47_48_51_52_55_57_58_62_66_67_69_70_73_74_78_79_81_82_85_88_89_91_93_94_97_98_102_103_105_106_110_111_113_116_117_119_120_123_124_128_129_131_132_136_140_141_144_148_150_157_158_167_168_173_181_182_190_191_197_200_205_206_212_214_220_226_227_231_235_238_243_246_250_253_255_258_261_264_267_270_271_274_279_281_284_291  8.13e+09  7.25e+09 -31803.49  47777.59  12000.85    807.70     78.19    123.65    912.53  -5768.44      0.00 0
2194 14.0      16_20_23_24_32_37_40_47_48_52_57_58_62_66_69_70_73_74_82_85_93_97_98_113_119_123_131_144_150  8.71e+09  7.77e+09 -15655.13  19099.62   8488.96    906.67     71.03    129.34  -3948.74   1524.30      0.00 0
2195 14.0      0_1_2_3_4_5_6_7_8_9_11_13_14_15_16_19_20_21_23_24_27_28_29_31_32_35_36_37_39_40_41_43_44_45_47_48_51_52_55_57_58_61_62_65_66_67_69_73_77_78_79_81_87_91_101_103_105_109_135_139  2.34e+10  2.10e+10  -8446.41  22566.92   8613.32    861.55     70.33    110.52   -971.66    348.75      0.00 0
2196 14.0      130_142_149_153_159_163_169_174_177_180_183_186_189_192_201_204_207_210_225  4.27e+10  3.99e+10  43790.86 -10691.26  10813.72    867.55     76.51    346.28   6130.29   5010.82      0.00 0
2197 14.0      0_1_2_3_4_5_6_7_8_9_10_11_12_13_14_15_16_17_18_19_20_21_22_23_24_25_26_27_28_29_30_31_32_33_34_35_36_37_38_39_40_41_42_43_44_45_46_47_48_49_50_51_52_53_54_55_56_57_58_59_60_61_62_63_64_65_66_67_68_69_70_71_72_73_74_75_76_77_78_79_80_81_82_83_84_85_86_87_88_89_90_91_92_93_94_95_96_97_98_99_100_101_102_103_104_105_106_107_108_109_110_112_113_114_115_118_119_120_121_122_123_124_125_126_127_130_131_132_133_134_135_136_138_139_140_142_143_144_145_146_147_149_150_151_153_154_155_156_159_160_161_163_164_165_169_170_174_175_177_179_184_186_187_188_193_194_208_210_215_216_221_222_236_239_240  8.71e+10  7.95e+10 147893.28  36052.50  13639.22    918.08     84.88     13.70    753.87   1044.62      0.00 0
2198 14.0      0_1_2_3_4_5_6_8_9_10_11_12_13_15_16_17_18_20_21_22_23_24_25_26_28_29_32_33_34_35_37_38_40_41_44_45_48_49_50_52_53_54_55_58_59_60_62_63_66_67_70_71_72_74_75_76_78_79_82_83_84_86_88_89_91_94_95_96_98_99_100_102_103_106_107_110_111_114_116_117_120_121_122_124_125_126_128_129_133_134_136_137_140_141_143_145_146_147_148_151_152_154_155_157_158_161_162_164_165_167_168_170_172_173_175_176_177_178_179_181_182_184_185_187_188_190_191_193_194_196_197_198_199_200_202_203_205_206_208_209_210_211_212_213_214_215_216_217_218_219_220_221_222_223_224_226_227_228_229_230_231_232_233_234_235_236_237_238_239_240_241_242_245_246_247_248_249_252_254_257_263_266_269_273_278_283_285  1.66e+09  1.45e+09 -148528.91 -74475.03  14624.32    754.72     84.97    206.63  -2175.12  -5116.98      0.00 0
2199 14.0      9_13_17_21_25_28_29_33_35_38_40_41_44_45_49_53_55_59_62_63_66_67_71_72_75_78_79_83_86_88_89_91_95_99_100_102_103_107_110_111_114_116_121_125_128_133_134_140_143_154_164_165_170_188_194_208_216_222_240  1.02e+10  9.36e+09  27113.13  15078.58   9289.93    905.35     73.33     29.08   2519.55  -1327.46      0.00 0
