#event_number primary_type du_ids energy_primary em_energy Xmax_pos(x, y, z), Xmax_grams zenith azimuth shower_core_pos_x shower_core_pos_y shower_core_pos_z, N_tested_cores, units are degrees, GeV and meters
5700 14.0      31_39_43_47_51_56_57_61_65_69_73_77_80_81_85_87_92_93_97_101_104_105_109_113_115_118_119_123_127_130_131_132_135_139_144_149_150_156_159_160_166_169_174_180_183_189_192_201_207  5.37e+08  4.66e+08  29949.27  26200.14  10076.32    926.92     75.79     41.18  -1674.05   3429.87      0.00 0
5701 14.0      0_1_2_3_4_5_6_7_8_9_10_11_12_13_14_15_16_17_18_19_20_21_22_23_24_25_26_27_28_29_30_31_32_33_34_35_36_37_38_39_40_41_42_43_44_45_46_47_48_49_50_51_52_53_54_55_56_57_58_59_60_61_62_64_65_66_67_68_69_70_71_72_73_74_75_76_77_78_79_80_81_82_84_85_86_87_88_90_92_93_94_96_97_98_100_101_102_104_105_106_108_109_110_112_113_115_118_119_120_122_123_124_126_127_130_131_132_134_136_138_140_142_145_147_149_151_153_155_159_161_163_169_172_174_175_177_179_184_186_192_198_210_217_223  7.59e+08  6.42e+08  72181.71  57994.13  13210.95    861.81     81.88     38.78  -1766.61   -198.43      0.00 0
5702 14.0      0_1_2_3_4_5_6_7_8_9_10_11_12_13_14_15_16_17_18_19_20_21_22_23_24_25_26_27_28_29_30_31_32_33_34_35_36_37_39_40_41_42_43_44_45_46_47_48_49_51_52_53_55_56_57_58_59_61_62_63_65_66_67_69_70_73_74_77_78_79_80_81_82_83_85_87_88_89_91_92_93_94_97_98_101_102_103_105_106_107_109_110_111_113_115_116_117_119_120_123_127_128_129_131_135_136_137_139_140_141_144_148_150_156_157_158_160_162_166_167_168_171_173_181_182_189_190_191_195_197_199_200_205_206_212_214_220_226_227_230_231_235_238_243_246_249_250_253_255_258_260_261_264_267_270_271_274_275_277_279_281_284_287_289_291_295  1.15e+08  9.42e+07  32944.07 -81539.43  14417.00    654.45     80.69    292.00    534.78  -4620.16      0.00 0
5703 14.0      88_102_110_116_128_140_157_167_172_181_190_196_205_213_219_230_237_242_252_257_269  1.29e+08  1.07e+08   4934.84  25269.79   9785.56    689.77     69.19     78.95  -1957.08  -6356.38      0.00 0
5704 14.0      243_253_255_258_259_264_267_270_271_272_274_277_279_281_284  6.31e+08  5.67e+08 -19254.96  -9671.61   8881.23    736.42     67.60    206.67   3718.87  -9127.20      0.00 0
5705 14.0      0_1_2_3_4_5_6_7_8_9_10_11_12_13_14_15_16_17_18_19_20_21_22_23_24_25_26_27_28_29_30_31_32_33_34_35_36_37_38_39_40_41_42_43_44_45_47_48_49_50_51_52_53_54_55_57_58_59_60_61_62_63_65_66_67_69_70_71_72_73_74_75_76_78_79_81_82_83_85_86_88_89_91_93_94_95_97_98_99_100_102_103_105_106_107_110_111_113_114_116_117_119_120_121_123_124_125_128_129_131_132_133_136_137_140_141_143_144_145_146_148_151_152_154_157_158_161_162_164_167_168_170_172_173_175_176_178_181_182_184_185_187_190_191_193_196_197_198_199_200_202_203_206_208_209_211_212_214_215_217_218_220_221_224_228_229_232_233_235_238_239_241_243_244_245_247_248_251_255_256_259_262_265_268_272_282  4.79e+08  3.99e+08 -155580.66  43292.58  15151.73    685.33     84.64    164.45  -2979.68  -1681.68      0.00 0
5706 14.0      0_1_2_3_4_5_6_7_8_9_10_11_12_13_15_16_17_18_20_21_23_24_25_26_28_29_32_33_34_35_37_38_40_44_48_49_50_52_58_62_69_70_71_72_74_76_82_85_86_94_98_124_132  4.47e+08  3.76e+08 -25056.79  -6699.89   9831.85    686.60     69.24    194.97   -685.10   -632.30      0.00 0
5707 14.0      181_182_190_196_200_205_206_211_213_214_219_220_223_226_227_230_231_234_235_237_238_242_243_246_249_250_252_253_254_255_257_258_259_260_261_263_264_266_267_269_270_271_272_273_274_275_276_277_279_281_284_291  1.48e+08  1.25e+08 -60723.21  13295.32  13496.62    624.37     77.75    167.65   1858.42  -8737.77      0.00 0
5708 14.0      87_93_97_101_105_109_113_115_119_123_127_131_132_135_139_144_149_150_156_160_166_171_180_183_189_195_201_204_207_225  1.51e+08  1.26e+08 -32351.18 -44267.09  12738.84    665.44     76.92    233.84  -3115.02   4144.32      0.00 0
5709 14.0      0_1_2_3_4_5_6_7_8_9_10_11_12_13_14_15_16_17_18_19_20_21_22_23_24_25_26_27_28_29_30_31_32_33_34_35_36_37_38_39_40_41_42_43_44_45_46_47_48_49_50_51_52_53_54_55_56_57_58_59_60_61_62_63_64_65_66_67_68_69_70_71_72_73_74_75_76_77_78_79_80_81_82_83_84_85_86_87_88_89_90_91_92_93_95_96_97_99_100_101_103_104_105_107_108_109_111_112_113_114_115_117_118_119_121_122_123_125_126_127_129_130_131_133_134_135_137_138_139_141_142_143_144_146_147_149_150_152_153_154_155_156_158_159_160_162_163_164_165_166_168_169_170_171_173_174_176_177_178_179_180_183_185_186_187_188_189_192_193_194_195_197_199_201_202_203_204_207_208_209_210_212_215_216_218_220_221_222_224_225_228_229_232_233_235_236_239_240_241_243_244_245_247_248_251_255_256_259_262_265_268_271_272_282  1.35e+08  1.20e+08 -157085.52 161591.00  13586.27    784.48     86.55    134.19   3180.99    218.56      0.00 0
5710 14.0      111_117_129_137_141_152_158_162_168_173_176_185_197_199_202_203_212_218_224_228_229_233_241_245_247_248_251_262_265  1.48e+08  1.22e+08  36349.52  -1199.49  11265.13    657.42     72.79    358.11   5979.64  -4825.10      0.00 0
5711 14.0      54_60_64_68_76_84_90_96_104_108_112_118_130_138_142_159_169_183_192_207  2.09e+08  1.91e+08  -5610.31  24793.99   9798.88    680.46     68.92    102.75   1651.45   4541.73      0.00 0
5712 14.0      0_1_2_3_4_5_6_7_8_9_10_11_12_13_14_15_16_17_18_19_20_21_22_23_24_25_26_27_28_29_30_31_32_33_34_35_36_37_38_39_40_41_42_43_44_45_46_47_48_49_50_51_52_53_54_55_56_57_58_59_60_61_62_63_64_65_66_67_68_69_70_71_72_73_74_75_76_77_78_79_80_81_82_83_84_85_86_87_88_89_90_91_92_93_94_95_96_97_98_99_100_101_102_103_104_105_106_107_108_109_111_113_114_117_119_121_123_124_125_126_127_129_131_132_133_134_135_137_139_141_143_144_146_150_152_154_160_162_164_165_168_170_171_173_176_178_185_187_193_199_202_203_208_209_212_215_218_221_224_228_229_232_233_239_241_244_245_247_248_251_256_262_265_268_282  1.26e+08  1.00e+08 -106183.43  55771.19  14981.70    678.48     82.88    152.29   3650.97  -2021.53      0.00 0
5713 14.0      0_2_3_5_8_9_11_12_13_16_17_20_21_24_25_28_29_32_33_35_37_38_40_41_44_45_48_49_52_53_55_58_59_62_63_66_67_70_71_74_75_78_79_82_83_85_86_88_89_91_94_95_98_99_102_103_106_107_110_111_114_116_117_120_121_124_125_128_129_132_133_136_137_140_141_143_145_146_148_151_152_154_157_158_161_162_164_167_168_170_172_173_175_176_178_181_182_184_185_187_190_191_193_196_197_198_199_200_202_203_205_206_208_209_211_212_213_214_215_217_218_219_220_221_223_224_226_227_228_229_230_231_232_233_234_235_236_237_238_239_241_242_243_244_245_246_247_248_249_250_251_252_253_254_255_256_257_258_259_260_261_262_263_264_265_266_267_268_269_270_271_272_273_274_278_279_282  2.29e+08  1.87e+08 -190803.72  -7029.80  14657.98    720.17     85.61    182.11   1213.00  -4734.99      0.00 0
5714 14.0      0_1_2_3_4_5_6_7_8_9_10_11_12_13_14_15_16_17_18_19_20_21_22_23_24_25_26_27_28_29_30_31_32_33_35_36_37_38_39_40_41_43_44_45_47_48_49_51_52_53_55_56_57_58_59_61_62_63_65_66_67_69_70_73_74_75_77_78_79_81_82_83_85_87_88_89_91_93_94_95_97_98_101_102_103_105_106_107_109_110_111_113_116_117_119_120_121_123_124_128_129_131_132_135_136_137_139_140_141_144_145_148_150_151_152_157_158_160_161_162_167_168_171_172_173_175_181_182_184_185_190_191_196_197_198_199_200_205_206_211_212_213_214_218_219_220_224_226_227_230_231_233_235_237_238_241_243_244_246_249_250_251_253_255_256_258_259_260_261_264_267_268_270_271_272_274_275_277_279_281_284_287_289_291_295  1.82e+08  1.46e+08  92454.42 -117953.91  15064.67    697.84     84.26    308.09   4480.41  -9901.33      0.00 0
5715 14.0      10_14_18_22_27_30_34_36_39_42_43_46_51_54_56_60_61_64_65_68_77_80_81_84_87_90_92_101_105_109_115_119_127_135_139_150_160_166_171  1.66e+08  1.43e+08 -25347.15  15296.41   9882.73    757.37     71.54    148.89  -2253.64   3617.25      0.00 0
5716 14.0      23_24_31_32_37_47_48_52_57_58_69_70_73_74_81_82_85_93_97_105_113_119_123_135_144_150_160  4.07e+08  3.61e+08  -8215.46  21324.11   8521.27    842.95     69.55    111.07  -3236.43   1911.57      0.00 0
5717 14.0      67_78_79_89_91_102_103_107_111_117_121_129_137_141_146_152_162_176_185_202  4.17e+08  3.61e+08  24021.75   -549.32   9464.89    701.88     68.50    358.69   2651.88  -3391.76      0.00 0
5718 14.0      86_96_99_100_114_122_125_126_133_134_143_146_147_153_154_155_164  3.24e+08  2.83e+08   3068.56 -20218.30   8790.17    721.22     66.74    278.63   4173.59    346.75      0.00 0
5719 14.0      19_27_31_36_39_43_47_51_56_57_61_65_69_73_77_80_81_85_87_92_93_97_101_104_105_109_113_115_118_130  1.29e+08  1.10e+08  17173.54  13311.57   8467.23    819.12     68.71     37.78  -1489.33   2225.39      0.00 0
5720 14.0      41_44_45_53_55_59_63_66_67_75_78_79_83_88_89_91_95_99_102_103_107_110_111_116_117_121_125_128_129_133_136_137_140_141_143_146_148_152_154_157_158_161_162_164_167_168_170_172_173_176_178_181_182_184_185_187_190_191_193_194_196_197_198_199_200_202_203_205_206_208_209_211_212_213_214_215_217_218_219_220_221_222_223_224_226_227_228_229_230_231_232_233_234_235_236_237_238_239_241_242_243_244_245_246_247_248_249_250_251_252_253_254_255_256_257_258_259_260_261_262_263_264_265_266_267_268_269_270_271_272_273_275_276_277_278_280_282_283_285_288_290_292  1.05e+08  9.02e+07 133140.11  58499.86  15156.52    684.34     84.05     23.72    645.73  -6059.31      0.00 0
5721 14.0      0_1_2_3_4_5_6_7_8_9_10_11_12_13_14_15_16_17_18_19_20_21_22_23_24_27_28_29_30_31_32_33_35_36_37_39_40_41_43_44_45_46_47_48_51_52_53_55_56_57_58_61_62_63_65_66_67_69_70_73_74_77_78_79_80_81_82_85_87_88_89_91_92_93_94_97_98_101_102_103_105_106_109_110_111_113_115_116_117_119_120_123_127_128_129_135_136_139_140_144_148_150_156_157_158_160_166_167_168_171_172_180_181_182_189_190_191_195_196_197_200_204_205_206_213_214_226_227_230_231_238_246_249_250_253_260_261_266_267_270_275_276_277_281_286_287_289_291_293_295_298  1.48e+08  1.27e+08  16860.28 -70282.12  13591.41    682.52     79.35    283.49  -1270.85   -934.33      0.00 0
5722 14.0      107_111_121_125_129_133_137_141_143_146_148_152_154_158_162_164_168_170_173_176_178_181_182_185_187_191_193_194_197_199_200_202_203_205_206_208_209_212_214_215_216_218_220_221_222_224_226_227_228_229_230_231_232_233_235_236_237_238_239_240_241_243_244_245_246_247_248_249_250_251_252_253_255_256_257_258_259_260_261_262_264_265_266_267_268_269_270_271_272_273_274_275_276_277_279_280_281_282_283_284_285_286_287_288_289_290_291_292_293_294_295_296_297_298  1.82e+08  1.51e+08 -107223.07 -114460.89  14438.97    786.30     84.74    226.87   2447.64  -8985.82      0.00 0
5723 14.0      62_66_88_102_106_110_116_128_136_140_157_161_167_172_190_196_198_205_211_213_219_223_230_234_237_242_252_254_257_263_266_269_273_278_280_283_285_290_292  1.51e+08  1.24e+08 -13455.11 -45048.10  12141.29    669.63     75.52    253.37  -3592.64  -9728.63      0.00 0
5724 14.0      103_117_129_148_158_168_181_182_191_197_200_206_214_226_227_231_238_246_249_250_253_260_261_267_270_275_276_277_281_286_287_289_293_294_295_297_298  6.31e+08  5.39e+08   2779.76  36126.26  10767.12    732.41     73.45     85.60    775.71  -9414.80      0.00 0
5725 14.0      0_1_2_3_4_5_6_7_8_9_10_11_12_13_14_15_16_17_18_19_20_21_22_23_24_25_26_27_28_29_30_31_32_33_34_35_36_37_38_39_40_41_42_43_44_45_46_47_48_49_50_51_52_53_54_55_56_57_58_59_60_61_62_63_64_65_66_67_68_71_72_75_76_77_78_79_80_81_82_83_84_86_87_88_89_90_91_92_95_96_99_100_101_102_103_104_105_107_108_109_110_111_112_114_115_116_117_118_121_122_125_126_127_128_129_130_133_134_137_138_139_141_142_143_146_147_148_149_152_153_154_155_156_157_158_159_162_163_164_165_166_168_169_170_173_174_176_177_178_179_180_181_182_183_185_186_187_188_189_190_191_192_193_194_195_197_199_200_201_202_203_204_205_206_207_208_209_210_212_214_215_216_218_220_224_225_226_227_228_229_230_231_232_233_235_238_241_243_244_245_246_248_249_250_251_253_255_256_258_259_260_261_264_265_266_267_268_270_271_272_274_275_276_277_279_281_284_286_287_289_291_293_294_295_297_298  4.90e+08  4.12e+08 -14422.65 180835.77  14404.71    770.17     85.46     94.56   2487.44    825.46      0.00 0
5726 14.0      0_1_2_3_5_8_9_11_13_15_16_17_20_21_23_24_28_29_31_32_33_35_37_40_41_44_45_47_48_52_53_55_57_58_59_62_63_66_67_69_70_73_74_78_79_82_83_85_88_89_91_93_94_95_97_98_102_103_106_107_110_111_113_116_117_120_121_123_124_128_129_131_132_136_137_140_141_144_145_146_148_151_152_157_158_161_162_167_168_172_173_175_176_181_182_184_185_190_191_196_197_198_199_200_202_203_205_206_211_212_213_214_217_218_220_224_226_227_228_231_233_235_238_241_243_244_248_250_251_253_255_256_258_259_262_264_265_268_270_271_272_274_279_282  1.23e+08  1.02e+08 100758.91 -61672.59  14756.36    705.45     82.88    328.53   4396.40  -6801.14      0.00 0
5727 14.0      0_1_2_3_4_5_6_7_8_9_10_12_13_14_15_17_18_19_21_22_25_26_27_28_29_30_33_34_35_36_38_39_41_42_43_45_46_49_50_53_54_55_56_59_60_63_64_65_67_68_71_72_75_76_77_79_80_83_84_86_87_89_90_92_95_96_99_100_101_103_104_107_108_111_112_114_115_117_118_121_122_125_126_127_129_130_133_134_137_138_141_142_143_146_147_149_152_153_154_155_156_158_159_162_163_164_166_168_169_173_174_176_178_180_183_185_187_189_191_192_197_199_201_202_203_204_207_209_212_214_218_220_224_225_228_231_233_235_238_241_243_244_248_251_253_255_256_258_259_264_265_268_270_271_272_274_279_284  6.31e+08  5.49e+08  28049.34 -87573.49  13775.72    764.79     81.48    287.76   4175.59  -5761.38      0.00 0
5728 14.0      41_53_59_63_67_71_75_79_83_86_89_91_95_99_103_107_111_114_116_117_121_125_128_129_133_134_137_141_143_146_148_152_154_155_157_158_162_164_165_167_168_170_173_176_178_179_181_182_185_187_188_190_191_193_194_196_197_199_200_202_203_205_206_208_209_210_212_213_214_215_216_218_219_220_221_222_224_226_227_228_229_230_231_232_233_234_235_236_237_238_239_240_241_242_243_244_245_246_247_248_249_250_251_252_253_254_255_257_258_260_261_263_266_267_269_270_273_275_276_277_278_280_283_285_286_287_288_290_292_294_296  1.05e+08  8.98e+07  76246.55  73913.85  14376.62    728.68     82.29     44.11   4333.17  -3262.31      0.00 0
5729 14.0      214_220_231_238_243_253_255_258_264_270_271_274_279_284  2.29e+08  1.99e+08 -18308.50  23705.53  10495.09    664.88     70.69    127.68   4483.10  -9916.58      0.00 0
5730 14.0      102_110_116_117_120_128_129_136_140_145_148_151_157_158_161_167_168_172_173_175_181_182_184_190_191_196_197_198_199_200_205_206_211_212_213_214_217_219_220_223_224_226_227_231_235_238_241_243_244_255_256_258_259_264_268_271_272  2.82e+08  2.38e+08 -46435.49  13922.48  11710.08    753.85     76.42    163.31  -1604.12  -5318.58      0.00 0
5731 14.0      0_1_2_3_4_5_6_7_8_9_10_11_12_13_14_15_16_17_18_19_20_21_22_23_24_25_26_27_28_29_30_31_32_33_35_36_37_38_39_40_41_43_44_45_47_48_49_51_52_53_55_57_58_59_61_62_63_65_66_67_69_70_71_73_74_75_78_79_81_82_83_85_87_88_89_91_93_95_97_98_102_103_105_107_109_111_113_117_119_121_123_125_129_131_135_137_141_144_146_150_152_158_160_162_168_173_176_185_191_197_199_202_203_212_218_220_224_228_233_235_241_243_244_248_251_255_256_259_265_268_271_272_282  9.77e+08  8.84e+08 -42485.29  41271.88  12126.16    805.14     78.43    135.83   2799.20  -3855.26      0.00 0
5732 14.0      117_129_141_148_152_157_158_162_168_173_176_181_182_185_190_191_196_197_199_200_202_203_205_206_212_213_214_218_219_220_224_226_227_228_229_230_231_233_234_235_237_241_242_245_247_248_251_254_262  2.95e+08  2.48e+08 -38946.09 -11825.30  11425.43    696.25     74.32    196.89   2537.01  -5676.33      0.00 0
5733 14.0      0_1_2_3_5_6_7_8_9_11_13_15_16_19_20_21_23_24_27_28_29_31_32_35_37_39_40_41_44_45_47_48_51_52_55_57_58_61_62_63_65_66_67_69_70_73_74_78_79_81_82_85_87_88_89_91_93_94_97_98_102_103_105_106_109_110_111_113_116_117_119_120_123_124_128_129_131_132_135_136_139_140_141_144_145_148_150_151_157_158_160_161_167_168_171_172_173_175_181_182_184_190_191_196_197_198_200_205_206_211_212_213_214_217_219_220_223_226_227_230_231_234_235_237_238_242_243_246_249_250_252_253_254_255_257_258_260_261_263_264_266_267_269_270_273_274_275_276_277_279_280_281_283_284_286_287_288_289_290_291_293_294_295_296_297_298  7.94e+08  6.66e+08  73803.61 -135759.80  14933.42    715.83     84.48    298.53  -2990.17  -2862.32      0.00 0
5734 14.0      0_1_2_3_4_5_6_7_8_9_10_11_12_13_14_15_16_17_18_19_20_21_22_23_24_25_26_27_28_29_30_31_32_33_34_35_36_37_38_39_40_41_42_43_44_45_46_47_48_49_50_51_52_53_54_55_56_57_58_59_60_61_62_63_64_65_66_67_68_69_70_71_72_73_74_75_76_77_78_79_80_81_82_83_84_85_86_87_88_89_90_91_92_93_94_95_96_97_98_99_100_101_102_103_104_105_106_107_108_109_110_111_112_113_114_115_116_117_118_119_120_121_122_123_124_125_126_127_128_129_130_131_132_133_134_135_136_137_138_139_140_141_142_143_144_145_146_147_148_150_151_152_153_154_155_157_158_160_161_162_163_164_165_167_168_170_172_173_175_176_177_178_179_184_185_186_187_188_193_194_198_199_202_203_208_209_210_215_216_217_218_221_222_228_229_232_233_236_239_240_245_247_248_262  4.17e+08  3.46e+08 202890.88   4887.66  15117.39    641.32     85.74      1.38  -1508.30   -578.32      0.00 0
5735 14.0      8_9_13_20_21_28_29_32_35_40_41_44_45_52_55_58_62_66_78_82_88_94_102_106_110_120_124_136_145_151_161_175_184  9.12e+08  7.94e+08 -22243.88  -9181.89   9358.15    720.49     68.75    202.43  -2437.13  -2602.09      0.00 0
5736 14.0      212_214_220_224_227_231_235_238_241_243_244_250_251_253_255_256_258_259  4.47e+08  3.83e+08 -18598.46  -5796.33   7985.67    842.78     67.71    197.31   3681.02  -7193.39      0.00 0
5737 14.0      136_140_145_151_157_161_167_172_175_181_184_190_196_198_200_205_211_213_217_219_223_226_227_230_231_234_237_242_246_249_250_252_253_254_257_260_261_263_266_267_269_270_273_275_276_277_280_281_283_284_286_287_288_289_290_291_293_294_295_297_298  1.91e+08  1.57e+08 -47951.85  51892.19  13222.79    725.39     79.40    132.74    130.68 -10098.94      0.00 0
5738 14.0      0_1_2_3_4_5_6_7_8_9_10_11_12_13_14_15_16_17_18_19_20_21_22_23_24_25_26_27_28_29_30_31_32_33_34_35_36_37_38_39_40_41_42_43_44_45_46_47_48_49_50_51_52_53_54_55_56_57_58_59_61_62_63_64_65_66_67_68_69_70_71_73_74_75_77_78_79_80_81_82_83_85_87_88_89_91_92_93_94_95_97_98_101_102_103_105_106_107_109_110_111_113_115_116_117_119_120_121_123_124_127_128_129_131_132_135_136_137_139_140_141_144_145_148_149_150_151_152_156_157_158_160_161_162_166_167_168_171_172_173_175_180_181_182_184_185_189_190_191_195_196_197_198_199_200_204_205_206_211_212_213_214_217_219_220_223_224_226_227_230_231_234_235_237_238_242_243_244_246_249_250_252_253_254_255_257_258_259_260_261_263_264_266_267_269_270_271_273_274_275_276_277_279_280_281_283_284_286_287_288_289_290_291_293_294_295_296_297_298  3.98e+08  3.34e+08 -90527.28 188354.11  14686.58    681.34     85.98    115.67  -3378.56    470.54      0.00 0
5739 14.0      21_33_38_41_45_49_53_59_63_67_71_72_75_79_83_86_89_91_95_99_100_103_107_111_114_116_117_121_125_126_128_129_133_134_137_141_143_146_147_148_152_154_155_157_158_162_164_165_167_168_170_173_176_177_178_179_181_182_185_187_188_190_191_193_194_196_197_199_200_202_203_205_206_208_209_210_212_213_214_215_216_218_219_220_221_222_224_226_227_228_229_230_231_232_233_235_236_237_238_239_240_241_242_243_246_249_250_252_253_257_258_260_261_263_266_267_269_270_273_275_276_277_278_280_281_283_285_286_287_288_290_292_293_294_296_297  1.78e+08  1.60e+08 -57780.29 -74061.91  13820.81    766.73     81.63    232.04   1621.14  -5695.52      0.00 0
5740 14.0      1_7_11_14_15_16_19_23_24_27_31_32_36_37_39_43_46_47_48_51_52_56_57_58_61_65_69_70_73_74_77_80_81_82_85_87_92_93_94_97_98_101_104_105_106_109_113_115_118_119_120_123_124_127_130_131_132_135_136_139_145_149_151_156_159_161_166_169_175_180_183_184_189_192_201_207_217  4.68e+08  4.03e+08  31231.98  48037.96  12608.31    707.89     77.59     56.97  -3753.68   -667.68      0.00 0
5741 14.0      3_4_9_10_12_17_18_21_22_25_26_29_30_33_34_38_41_42_45_46_49_50_53_54_59_60_63_64_67_68_71_72_75_76_79_80_83_84_86_89_90_95_96_99_100_103_104_107_108_111_112_114_117_118_121_122_125_126_129_130_133_134_137_138_141_142_143_146_147_152_153_154_155_158_159_162_163_164_165_168_169_170_173_174_176_177_178_179_182_183_185_186_187_188_191_192_193_194_197_199_202_203_206_207_208_209_210_212_214_215_216_218_220_221_222_224_227_228_229_231_232_233_235_236_238_239_240_241_243_244_245_247_248_250_251_253_255_256_258_259_261_262_264_265_267_268_270_271_272_274_277_279_281_282_284_287_289_291_295_298  5.50e+08  4.59e+08  -1107.33 176233.77  15170.84    672.99     85.08     90.36   4708.16  -4472.44      0.00 0
5742 14.0      19_23_31_37_39_43_47_51_57_61_65_69_70_73_74_77_81_85_87_92_93_94_97_98_101_105_109_113_115_118_119_120_123_124_127_131_132_135_139_144_145_149_150_156_159_160_166_171_175_180_183_189_192_195_201_204_207_225  3.98e+08  3.65e+08  46978.62  71572.56  13544.49    769.30     81.01     56.72  -4378.87   1591.08      0.00 0
5743 14.0      12_17_18_21_25_26_33_34_38_41_49_50_53_59_63_67_71_72_75_83_89_95_103_107_111_121_129_137_141_162_168_173_197_212  5.01e+08  4.37e+08   6139.30 -24975.91   9913.97    669.11     68.92    283.81   2207.90  -2744.62      0.00 0
5744 14.0      0_3_4_5_8_9_12_13_17_18_20_21_25_26_28_29_33_34_35_38_40_41_44_45_49_50_52_53_55_59_62_63_66_67_71_72_75_76_78_79_83_86_88_100  1.74e+08  1.42e+08 -18743.27 -12297.98   9207.86    704.19     67.67    213.27    967.51   -943.38      0.00 0
5745 14.0      0_1_2_3_4_5_6_7_8_9_10_11_12_13_14_15_16_17_18_19_20_22_23_24_25_26_27_28_29_30_31_32_34_35_36_37_38_40_42_46_47_48_50_51_52_54_57_58_60_62_64_68_69_70_72_74_76_82_84_85_90_94_96_98_106_108_120_122_124_126_132_145_175  5.50e+08  4.82e+08 -30448.53 -17529.90  11010.38    676.07     72.60    209.93   -899.66   -235.58      0.00 0
5746 14.0      0_1_2_3_4_5_6_7_8_9_11_12_13_15_16_17_19_20_21_23_24_25_28_29_31_32_33_35_37_39_40_41_44_45_47_48_51_52_53_55_57_58_59_61_62_63_66_67_69_70_73_74_78_79_81_82_83_85_88_89_91_93_94_95_97_98_102_103_105_106_107_110_111_113_116_117_119_120_121_123_124_128_129_131_132_136_137_140_141_144_145_148_150_151_152_157_158_162_167_168_173_176_181_182_185_190_191_197_199_200_203_206_212_214_218_220_224_227_231_233_235_238_241_243_244_248_251_253_255_256_258_259_264_265_268_270_271_272_274_279_282  2.51e+08  2.05e+08 -67256.45  60984.43  13957.45    731.76     81.26    137.80   3114.58  -5960.59      0.00 0
5747 14.0      0_1_2_3_4_5_6_7_8_9_10_11_12_13_14_15_16_17_18_19_20_21_22_23_24_25_26_27_28_29_30_31_32_33_34_35_36_37_38_39_40_41_42_43_44_45_46_47_48_49_50_51_52_53_54_55_56_57_58_59_60_61_62_63_64_65_66_67_68_69_70_71_72_73_74_75_76_77_78_79_80_82_83_84_85_86_88_89_90_91_94_95_96_98_99_100_102_103_104_106_107_108_110_111_112_113_114_116_117_120_121_122_124_125_126_128_129_130_132_133_134_136_137_138_140_141_142_143_145_146_147_148_151_152_153_154_155_157_158_161_162_163_164_165_167_168_170_172_173_174_175_176_177_178_179_181_182_184_185_186_187_188_190_191_193_194_196_197_198_199_200_202_203_205_206_208_209_210_211_212_213_214_215_216_217_218_219_220_221_222_223_224_226_227_228_229_230_231_232_233_234_235_236_237_238_239_240_241_242_243_244_245_246_247_248_249_250_251_252_253_254_255_256_257_258_260_261_262_263_266_267_269_270_273_275_276_277_278_280_283_285_286_287_288_290_292_294_296  5.01e+08  4.08e+08 -213072.72 -163851.23  13192.97    678.20     87.19    217.56   1291.75  -3245.71      0.00 0
5748 14.0      3_5_9_12_13_17_21_25_26_28_29_33_34_35_38_40_41_44_45_49_50_53_55_59_60_62_63_66_67_71_72_75_76_78_79_83_86_88_89_91_95_96_99_100_102_103_107_110_111_114_116_117_121_122_125_126_128_129_133_134_136_137_140_141_143_146_147_148_152_154_155_157_158_161_162_164_165_167_168_170_172_173_176_177_178_179_181_182_185_187_188_190_191_193_194_196_197_198_199_200_202_203_205_206_208_209_210_211_212_213_214_215_216_218_219_220_221_222_223_224_226_227_228_229_230_231_232_233_234_235_236_237_238_239_240_241_242_243_244_245_246_247_248_249_250_251_252_253_254_255_256_257_258_259_260_261_262_263_264_265_266_267_268_269_270_271_273_274_275_276_277_278_280_281_283_284_285_286_287_288_289_290_291_292_293_294_295_296_297_298  6.46e+08  5.59e+08 130005.39 126292.32  14774.00    718.96     85.34     44.17   5758.21  -1548.66      0.00 0
5749 14.0      0_1_2_3_4_5_6_7_8_9_10_11_12_13_14_15_16_17_18_19_20_21_22_23_24_25_26_27_28_29_30_31_32_33_34_35_36_37_38_39_40_41_42_43_44_45_46_47_48_49_50_51_52_53_54_55_56_57_58_59_60_61_62_63_64_65_66_67_68_69_70_71_72_73_74_75_76_77_78_79_80_81_82_83_84_85_86_87_88_89_90_91_92_93_95_96_97_99_100_101_102_103_104_105_107_108_109_111_112_113_114_115_116_117_118_119_121_122_123_125_126_127_129_130_131_133_134_135_137_138_139_141_143_144_146_148_149_150_152_154_156_158_159_160_162_164_166_168_171_173_176_178_180_182_183_185_187_189_191_195_197_199_201_202_203_204_206_209_212_214_218_220_224_225_228_229_231_233_235_238_241_243_244_245_247_248_251_253_255_256_258_259_262_264_265_268_270_271_272_274_279_282  4.07e+08  3.82e+08 -73855.56 104813.40  14268.94    795.57     83.65    125.17   4960.24  -6032.74      0.00 0
5750 14.0      33_41_45_49_53_59_63_67_71_75_79_83_86_89_91_95_99_100_103_107_111_114_116_117_121_125_126_128_129_133_134_137_141_143_146_148_152_154_155_157_158_162_164_165_167_168_170_173_176_178_179_181_182_185_187_188_190_191_193_194_196_197_199_200_202_203_205_206_208_209_210_212_213_214_215_216_218_219_220_221_222_224_226_227_228_229_230_231_232_233_234_235_236_237_238_239_240_241_242_243_244_245_246_247_248_249_250_251_252_253_254_255_256_257_258_259_260_261_262_263_264_265_266_267_268_269_270_271_272_273_274_275_276_277_278_279_280_281_283_284_285_286_287_288_289_290_291_292_293_294_295_296_297_298  7.41e+08  6.88e+08 -101348.45 -108797.05  14500.46    777.27     84.43    227.03   4023.46  -4519.93      0.00 0
5751 14.0      91_103_111_117_129_137_141_152_158_162_168_173_176_185_199_202_203_212_218_224_228_233_241_245_248_251_262_265  4.79e+08  4.26e+08  25420.11  -5148.68   8362.20    975.05     72.13    348.55   4958.45  -4739.94      0.00 0
5752 14.0      213_230_237_246_249_252_260_261_266_269_275_276_277_280_286_287_288_293_294_295_298  1.95e+08  1.71e+08 -12664.35  21168.97   9607.74    693.82     68.72    120.89   -559.61 -10237.18      0.00 0
5753 14.0      0_1_2_3_4_5_6_7_8_9_10_11_12_13_14_15_16_17_19_21_23_24_27_29_31_33_36_37_39_41_43_47_51_53_57_61_65_73_81_87_93_105  1.70e+08  1.43e+08  16770.59 -17173.46   9815.31    646.86     67.76    314.32   -950.29    770.19      0.00 0
5754 14.0      41_49_53_59_63_67_71_75_79_83_86_89_91_95_99_103_107_111_114_116_117_121_125_129_133_134_137_141_143_146_148_154_155_164_165_170_188_193_194_208_210_216_222_240  6.92e+08  6.19e+08  25474.37  22553.68  10493.06    739.51     72.86     41.52   4112.51  -1035.49      0.00 0
5755 14.0      213_226_230_237_246_249_250_252_260_261_267_275_277_281  4.79e+08  4.26e+08 -13121.78  11330.41   7784.13    805.77     65.82    139.19   -378.66  -8842.63      0.00 0
5756 14.0      0_1_2_3_4_5_8_9_11_12_13_16_17_20_21_24_25_26_28_29_32_33_35_37_38_40_41_44_45_48_49_52_53_55_58_59_62_63_66_67_70_71_72_74_75_78_79_82_83_85_86_88_89_91_94_95_98_99_102_103_106_107_110_111_114_116_117_120_121_124_125_128_129_132_133_136_137_140_141_143_145_146_148_151_152_154_157_158_161_162_164_167_168_170_172_173_175_176_178_181_182_184_185_187_190_191_193_196_197_198_199_200_202_203_205_206_208_209_211_212_213_214_215_217_218_219_220_221_223_224_226_227_228_229_230_231_232_233_234_235_236_237_238_239_241_242_243_244_245_246_247_248_249_250_251_252_253_254_255_256_257_258_259_260_261_262_263_264_265_266_267_268_269_270_271_272_273_274_275_276_277_278_279_280_281_282_283_284_285  3.63e+08  3.21e+08 -235898.50 -11454.82  13948.73    701.22     86.62    182.78   4866.26  -4984.98      0.00 0
5757 14.0      121_129_137_141_146_152_154_158_162_168_173_176_178_182_185_187_191_193_197_199_200_202_203_206_209_212_214_215_218_220_224_226_227_230_231_235_238_243_246_249_250_252_253_258_260_261_266_267_269_275_276_277_280_283_286_288_290_292_294_296  1.45e+08  1.23e+08  30751.84  34249.43  11921.14    690.47     75.48     48.08   1780.14  -6983.27      0.00 0
5758 14.0      41_45_49_53_59_63_67_71_75_79_83_86_89_91_95_99_103_107_111_114_116_117_121_125_129_133_134_137_141_143_148_152_157_158_162_167_168_173_181_182_190_191_196_197_200_205_206_213_214_219_226_227_230_231_237_242_246_249_250_252_257_260_263_266_269_273_276_278_280_283_285_288_290_292_296  3.63e+08  3.05e+08 -28756.71 -43135.17  12111.71    728.57     76.85    236.31  -1044.46  -7762.34      0.00 0
5759 14.0      0_1_2_3_4_5_6_7_8_9_10_11_12_13_14_15_16_17_18_19_20_21_22_23_24_25_26_27_28_29_30_31_32_33_34_35_36_37_38_39_40_41_42_43_44_46_47_48_49_50_51_52_53_54_56_57_58_59_60_61_62_64_65_68_69_70_71_72_73_74_75_76_77_80_81_82_84_85_86_87_90_92_93_94_96_97_98_99_100_101_104_105_108_109_112_113_114_115_118_119_122_123_124_126_127_130_131_132_133_134_135_138_139_142_143_144_147_149_150_153_155_156_159_160_163_164_165_166_169_170_171_174_177_179_180_183_186_188_192_193_194_208_210_216_221_222_236_240  8.13e+08  6.98e+08 138532.42  21743.15  14911.83    714.30     83.93      8.92   4652.88   2890.80      0.00 0
5760 14.0      214_238_243_253_255_258_264_271_274_279  2.34e+08  1.99e+08 -26859.37  20744.31  10785.16    690.85     72.37    142.32   6190.40 -10541.55      0.00 0
5761 14.0      146_152_154_162_164_168_173_176_178_185_187_191_193_197_199_202_203_206_208_209_212_214_215_218_220_221_222_224_227_228_229_231_232_233_235_236_238_239_240_241_243_244_245_246_247_248_250_251_253_255_256_258_259_260_261_262_264_265_267_268_270_271_272_274_275_276_277_279_281_282_284_286_287_288_289_290_291_293_294_295_296_297_298  2.04e+08  1.69e+08 -67129.70 -85922.09  14781.10    680.30     82.28    232.00   5844.39  -5939.14      0.00 0
5762 14.0      111_129_137_141_146_152_162_173_176_178_185_199_202_203_209_218_228_229_232_233_245_247_248  1.35e+08  1.24e+08 -28267.94  -2264.45  10355.29    655.88     69.94    184.58   5291.18  -3868.49      0.00 0
5763 14.0      0_3_4_6_10_12_17_18_21_25_26_33_34_38_49_50_53_59_71_72_75_76_83_86_95_99_100_114_121_125_133_143_146_154_164_170_178_187_193_202_209_215_221_229_232_239_247  6.92e+08  5.97e+08  34278.85 -13158.42  11176.67    675.75     73.07    339.00   5589.66  -1633.54      0.00 0
5764 14.0      0_1_2_3_4_5_6_7_8_9_10_11_12_13_14_15_16_17_18_19_20_21_22_23_24_25_26_27_28_29_30_31_32_33_34_35_36_37_38_39_40_41_42_43_44_45_46_47_48_49_50_51_52_53_54_55_56_57_58_59_60_61_62_63_64_65_66_67_68_69_70_71_72_73_74_75_76_77_78_79_80_81_82_83_84_85_86_87_88_89_90_91_92_93_94_95_96_97_98_99_100_101_102_103_104_105_106_107_108_109_110_111_112_113_114_115_116_117_118_119_120_121_123_124_125_127_128_129_131_132_133_134_135_136_137_139_140_141_143_144_145_146_148_149_150_151_152_154_156_157_158_160_161_162_164_166_167_168_171_172_173_175_176_178_180_181_182_184_185_187_189_190_191_195_196_197_198_199_200_202_203_205_206_209_212_213_214_215_218_220_224_226_227_228_229_230_231_232_233_235_238_241_243_244_245_246_247_248_250_251_253_255_256_258_259_261_262_264_265_267_268_270_271_272_274_277_279_281_282_284_291  1.15e+08  9.17e+07 -147022.33 156016.30  14050.87    751.58     86.25    133.30   3913.58  -6012.95      0.00 0
5765 14.0      116_117_128_129_136_140_141_148_151_157_158_161_167_168_172_173_181_182_184_190_191_196_197_198_199_200_205_206_211_212_213_214_217_218_219_220_223_224_226_227_231_235_238_241_243_244_251_255_256_258_259_264_265_268_271_272_282  3.80e+08  3.27e+08  44351.47 -10003.17  11437.03    760.17     75.88    347.29   1681.23  -6251.54      0.00 0
5766 14.0      107_111_121_125_129_133_137_141_143_146_152_154_158_162_164_165_168_170_173_176_178_182_185_187_188_191_193_194_197_199_200_202_203_206_208_209_210_212_214_215_216_218_220_221_222_224_226_227_228_229_231_232_233_235_236_238_239_240_241_243_244_245_246_247_248_249_250_251_252_253_255_256_258_259_260_261_262_264_265_266_267_268_269_270_271_272_274_275_276_277_279_280_281_282_283_284_286_287_288_289_290_291_292_293_294_295_296_297_298  1.51e+08  1.33e+08 169893.58 229179.41  12156.47    735.98     87.56     53.45   5244.54  -9331.95      0.00 0
5767 14.0      0_2_3_5_8_9_11_12_13_16_17_20_21_23_24_25_28_29_32_33_35_37_38_40_41_44_45_48_49_52_53_55_58_59_62_63_66_67_69_70_71_74_75_78_79_82_83_85_86_88_89_91_94_95_98_99_102_103_106_107_110_111_113_114_116_117_120_121_124_125_128_129_132_133_136_137_140_141_143_145_146_148_151_152_154_157_158_161_162_164_167_168_170_172_173_175_176_178_181_182_184_185_187_190_191_193_196_197_198_199_200_202_203_205_206_208_209_211_212_213_214_215_217_218_219_220_221_223_224_226_227_228_229_230_231_232_233_234_235_236_237_238_239_241_242_243_244_245_247_248_251_254_255_256_259_262_265_268_272_282  5.75e+08  4.94e+08 128831.64   -584.64  13791.01    875.04     83.89    359.74  -3938.58  -3807.20      0.00 0
5768 14.0      0_1_2_3_4_5_6_7_8_9_10_11_12_13_14_15_16_17_18_19_20_21_22_23_24_25_26_27_28_29_30_31_32_33_34_35_36_37_38_39_40_41_42_43_44_45_46_47_48_49_50_51_52_53_54_55_56_57_58_59_60_61_62_63_64_65_66_67_68_69_70_71_72_73_74_75_76_77_78_79_80_81_82_83_84_85_86_87_88_89_90_91_92_93_94_95_96_97_98_99_100_101_102_103_104_105_106_107_108_109_110_111_112_114_115_116_117_118_119_120_121_122_125_126_127_128_129_130_133_134_135_136_137_138_139_140_141_142_143_146_147_148_149_150_152_153_154_155_156_157_158_159_160_161_162_163_164_165_166_167_168_169_170_171_172_173_174_176_177_178_179_180_181_182_183_185_186_187_188_189_190_191_192_195_196_197_199_200_201_202_203_204_205_206_207_211_212_213_214_218_219_220_224_225_226_227_230_231_233_235_237_238_241_242_243_244_246_249_250_251_252_253_255_256_257_258_259_260_261_264_266_267_269_270_271_272_273_274_275_276_277_279_280_281_283_284_286_287_288_289_290_291_293_294_295_296_297_298  1.02e+08  8.26e+07   9860.09 -206025.83  14604.10    697.67     85.95    272.74   1489.37  -6447.27      0.00 0
5769 14.0      60_64_71_72_76_84_86_90_96_99_100_104_108_112_114_118_122_125_126_130_133_134_138_142_143_146_147_149_153_154_155_159_163_164_165_169_170_174_176_177_178_179_180_183_186_187_188_192_193_194_201_202_203_204_207_208_209_210_215_216_221_222_225_228_229_232_233_236_239_240_245_247_248_251_262_265_268_282  3.80e+08  3.25e+08  44793.50 -81783.12  14235.43    702.12     81.32    298.71   4776.38   2274.27      0.00 0
5770 14.0      200_205_206_213_214_226_227_230_231_237_238_242_246_249_250_252_253_254_257_263_266_269  3.09e+08  2.58e+08 -23413.36  -3024.24   9199.58    736.12     68.71    187.36  -1005.59  -8118.79      0.00 0
5771 14.0      242_252_254_257_263_266_269_273_276_280_283_286_288_290_293_294_296_297_298  2.00e+08  1.73e+08 -15526.92  21269.32  10124.42    650.24     68.97    126.13  -1937.84 -10611.31      0.00 0
5772 14.0      197_199_212_218_224_235_241_244_251_256_259_265_268_272_282  1.35e+08  1.17e+08  19875.20  -3604.77   8724.35    725.34     66.64    349.72   5629.92  -6500.81      0.00 0
5773 14.0      20_24_32_37_40_47_48_52_58_62_66_69_70_73_74_82_85_88_93_94_97_98_113_119_123_131_144  7.59e+08  6.74e+08 -15360.52  20288.16   9549.73    721.49     69.43    127.13  -3493.72    361.93      0.00 0
5774 14.0      0_1_2_3_4_5_6_7_8_9_10_12_13_14_16_17_18_20_21_22_25_26_27_28_29_30_33_34_35_36_38_40_41_42_44_45_46_49_50_53_54_55_56_59_60_62_63_64_66_67_68_71_72_75_76_78_79_80_83_84_86_88_89_90_91_95_96_99_100_102_103_104_107_108_111_112_114_116_117_118_121_122_125_126_128_129_130_133_134_137_138_141_142_146_147_148_152_153_155_157_158_159_162_163_167_168_169_173_174_177_181_182_186_190_191_192_196_197_199_200_205_206_212_213_214_220_226_227_230_231_237_238_243_246_249_250_252_253_257_258_260_261_266_267_269_270_275_276_277_280_281_283_284_286_287_288_289_290_291_292_293_294_295_296_297_298  1.78e+08  1.51e+08  19335.36  89885.17  13839.16    754.91     81.44     77.86   -229.93 -10452.24      0.00 0
5775 14.0      83_89_95_99_103_107_111_114_117_121_125_129_133_134_137_141_143_146_148_152_154_157_158_162_164_165_168_170_173_176_178_181_182_185_187_188_190_191_193_194_197_199_200_202_203_205_206_208_209_210_212_213_214_215_216_218_220_221_222_224_226_227_228_229_230_231_232_233_235_236_237_238_239_240_241_243_246_247_249_250_252_253_257_258_260_261_266_267_269_273_275_276_277_280_283_285_286_288_290_292_294_296  4.90e+08  4.31e+08  51618.92  55412.66  13217.05    761.51     80.10     47.03   5684.99  -1949.86      0.00 0
5776 14.0      0_1_2_3_4_5_6_7_8_9_10_11_12_13_14_15_16_17_18_19_20_21_22_23_24_25_26_27_28_29_30_31_32_33_34_35_36_37_38_39_40_41_42_43_44_45_46_47_48_49_50_51_52_53_54_55_56_57_58_59_61_62_63_65_66_67_68_69_70_73_74_75_77_78_79_80_81_82_83_85_87_88_89_91_92_93_94_95_97_98_101_102_103_105_106_107_109_110_111_113_115_116_117_119_120_123_124_127_128_129_131_132_135_136_137_139_140_141_144_148_150_156_157_158_160_162_166_167_168_171_173_180_181_182_189_190_191_195_197_199_200_204_205_206_212_214_220_224_226_227_231_235_238_243_244_246_250_253_255_258_261_264_267_270_271_274_275_277_279_281_284_287_289_291_295  2.63e+08  2.30e+08  37430.16 -84030.02  13583.83    795.51     81.60    294.01  -1312.59    -49.50      0.00 0
5777 14.0      231_238_246_250_253_260_261_267_270_275_276_277_286_287_288_293_294_296_297  6.76e+08  5.84e+08  15137.06  16346.54   8289.80    873.51     69.59     47.20    -38.21 -10646.16      0.00 0
5778 14.0      0_1_2_3_4_5_6_7_8_9_10_11_12_13_14_15_16_17_18_19_20_21_22_23_24_25_26_27_28_29_30_31_32_33_34_35_36_37_38_39_40_41_42_43_44_45_46_47_48_49_50_51_52_53_54_55_56_57_58_59_60_61_62_63_64_65_66_67_68_69_70_71_72_73_74_75_76_77_78_79_80_81_82_83_84_85_86_87_88_89_90_91_92_94_95_96_98_99_100_101_102_103_104_106_107_108_110_111_112_114_115_116_117_118_120_121_122_124_125_126_128_129_130_133_134_136_137_138_140_141_142_143_145_146_147_148_151_152_153_154_155_157_158_159_161_162_163_164_165_167_168_169_170_172_173_174_175_176_177_178_179_181_182_184_185_186_187_188_190_191_192_193_194_196_197_198_199_200_202_203_205_206_208_209_210_211_212_213_214_215_216_217_218_219_220_221_222_223_224_226_227_228_229_230_231_232_233_234_235_236_237_238_239_240_241_242_243_244_245_246_247_248_249_250_251_252_253_254_255_256_257_258_259_260_261_262_263_264_265_266_267_268_269_270_271_272_273_274_275_276_277_278_279_280_281_282_283_284_285_286_287_288_289_290_291_292_293_294_295_296_297_298  1.74e+08  1.47e+08 171491.44 252152.66  11181.76    763.38     87.90     55.78   1382.47  -9527.55      0.00 0
5779 14.0      110_136_140_151_161_175_184_198_217  2.63e+08  2.28e+08 -16981.12  -4550.08   7915.59    788.89     65.76    195.00  -4040.95  -4015.87      0.00 0
5780 14.0      167_172_190_196_211_213_219_230_234_237_242_252_257_263_269_273_278_283_285_292  2.40e+08  1.97e+08   6228.83  24472.37   9916.74    658.72     68.56     75.72  -3024.37  -8498.04      0.00 0
5781 14.0      220_224_231_233_235_238_241_243_244_246_248_250_251_253_255_256_258_259_260_261_262_264_265_266_267_268_270_271_272_274_275_276_277_279_280_281_282_283_284_286_287_288_289_290_291_292_293_294_295_296_297_298  5.50e+08  4.87e+08  77024.55  40524.58  13147.21    843.21     81.41     27.75   6044.76  -8827.64      0.00 0
5782 14.0      0_1_2_3_4_5_6_7_8_9_10_11_12_13_14_16_17_18_20_21_22_25_26_28_29_30_33_34_35_36_38_40_41_42_44_45_46_49_50_52_53_54_55_59_60_62_63_64_66_67_68_71_72_75_76_78_79_80_83_84_86_88_89_90_91_96_100_102_103_104_108_110_112_116_117_122_128_138_140_142_148_153_157_163_167_172_174_181_186_190_196_205_213_219_237  1.82e+08  1.54e+08 -19658.32 -40394.96  12205.70    636.56     74.80    244.05    675.96  -1000.78      0.00 0
5783 14.0      148_157_181_182_190_200_205_226_227_230_246_249_250_252_260_261_266_275_276_277_280_286_287_288_289_293_294_295_296_297_298  1.05e+08  8.62e+07   1348.36 -37669.51  11366.03    662.20     73.22    272.05   -272.74 -10953.77      0.00 0
5784 14.0      1_4_6_7_10_14_18_22_27_30_34_36_42_46_54_56_60_64_68_80_84_90_104_108_112_138_142_163  1.78e+08  1.54e+08 -13555.29 -14115.59   8611.13    726.41     66.25    226.16   1491.29   2387.92      0.00 0
5785 14.0      154_164_170_178_187_193_194_208_216_221_222_236_240  5.75e+08  5.16e+08 -10844.23 -14390.79   7947.42    798.45     66.20    233.00   6399.73   -265.65      0.00 0
5786 14.0      148_158_168_173_181_182_190_191_197_200_205_206_213_214_226_230  3.72e+08  3.32e+08 -18329.86  -8264.70   8539.03    755.43     66.99    204.27    670.59  -6244.43      0.00 0
5787 14.0      21_29_33_35_41_44_45_53_55_59_63_67_78_79_83_89_91_102_103_116_117_128_140_148_157_167_172_190_196_213_219  1.51e+08  1.29e+08 -17244.32 -19347.80   9850.22    683.28     69.19    228.29   -467.73  -4023.53      0.00 0
5788 14.0      0_1_2_3_4_5_6_7_8_9_10_11_12_13_14_15_16_17_18_19_20_21_22_23_24_25_26_27_28_29_30_31_32_33_34_35_36_37_38_39_40_41_42_43_44_45_46_47_48_49_50_51_52_53_54_55_56_57_58_59_60_61_62_63_64_65_66_67_68_69_70_71_72_73_74_75_76_77_78_79_80_81_82_83_84_85_86_87_89_93_95_97_98_99_100_105_107_109_111_113_114_119_121_123_125_131_133_134_135_137_143_144_146_150_152_154_162_164_170_176_178_185_187_193_202_203_209_215_221_228_229_232_233_239_245_247_248_262  1.05e+08  8.27e+07 -64759.74  28508.46  13856.33    636.66     78.92    156.24   2044.52   -910.87      0.00 0
5789 14.0      129_148_158_168_181_182_191_200_205_206_213_226_227_230_231_237_246_249_250_252_257_260_261_266_269_273_275_276_280_283_285_286_288_290_292_294_296  2.14e+08  1.75e+08  24027.26  36773.50  11844.25    676.03     74.91     56.84  -2059.03 -10381.18      0.00 0
5790 14.0      0_1_2_3_4_5_6_7_8_9_10_11_12_13_14_15_16_17_18_19_20_21_22_23_24_25_26_27_28_29_30_31_32_33_34_35_36_37_38_39_40_41_42_43_44_45_46_47_48_49_50_51_52_53_54_55_56_57_59_60_61_63_64_65_67_68_69_71_72_73_75_76_77_78_79_80_81_83_84_86_87_89_90_91_92_93_95_96_99_100_101_103_104_105_107_108_109_111_112_114_115_118_119_121_122_125_126_127_129_130_133_134_135_137_138_139_141_142_143_144_146_147_149_150_152_153_154_155_156_159_160_162_163_164_165_166_168_169_170_171_173_174_176_177_178_179_180_183_185_186_187_188_189_192_193_194_195_197_199_201_202_203_204_207_208_209_210_212_215_216_218_220_221_222_224_225_228_229_232_233_235_236_239_241_243_244_245_247_248_251_255_256_259_262_264_265_268_271_272_279_282  7.24e+08  6.24e+08 -96390.91 127775.80  14171.98    826.29     84.94    127.03   5126.97  -2797.19      0.00 0
5791 14.0      128_157_167_181_190_196_200_205_213_226_230_246_249_260  9.33e+08  8.05e+08   5440.76 -19036.87   8852.42    692.42     65.91    285.95  -1144.57  -6972.46      0.00 0
5792 14.0      111_129_137_141_162_168_173_197_199_212_214_218_220_224_235_238_241_243_244_255_256_258_259_264_271_272_274_279  3.02e+08  2.52e+08  18143.69 -36872.85  11497.13    690.76     74.37    296.20   5095.19  -9190.81      0.00 0
5793 14.0      0_1_2_3_4_5_6_7_8_9_10_11_12_13_14_15_16_17_18_19_20_21_22_23_24_25_26_27_28_29_30_31_32_33_34_35_36_37_39_40_41_42_43_44_45_46_47_48_51_52_53_54_55_56_57_58_61_62_63_64_65_66_67_68_69_70_73_74_77_78_79_80_81_82_85_87_88_90_91_92_93_94_97_98_101_102_103_104_105_106_109_110_113_115_116_117_118_119_120_123_124_127_128_130_131_132_135_136_139_140_144_145_148_149_150_151_156_157_158_159_160_161_166_167_169_171_172_175_180_181_182_183_184_189_190_192_195_196_198_200_201_204_205_206_207_211_213_217_219_223_225_226_227_230_234_237_242_246_249_252_254_257_260_261_263_266_269_273_275_276_278_280_283_285_286_287_288_290_292_293_294_296_297  1.74e+08  1.40e+08 -12650.36 -149398.20  15520.51    639.83     84.09    265.16  -2847.48  -4256.87      0.00 0
5794 14.0      19_27_31_36_39_42_43_46_51_56_57_61_64_65_68_73_77_80_81_87_90_92_93_97_101_104_105_108_109_112_115_118_119_123_127_130_131_135_138_142_149_153_159_163_169_174_186  1.12e+08  9.38e+07  34815.39  15304.63  11453.22    654.40     73.24     23.73    247.84   3394.28      0.00 0
5795 14.0      95_99_107_111_114_121_125_133_134_137_141_143_146_152_154_162_168_173  2.09e+08  1.94e+08  -6207.57 -20809.60   8950.58    729.03     67.60    253.39   3485.56  -2444.34      0.00 0
5796 14.0      90_108_112_130_138_142_159_169_174_192  6.61e+08  5.76e+08   1005.59 -17654.66   8058.73    765.31     65.50    273.26   1993.48   4909.43      0.00 0
5797 14.0      38_49_50_54_59_60_64_71_72_75_76_83_84_86_90_95_96_99_100_107_108_111_112_114_121_122_125_126_130_133_134_137_138_141_142_143_146_147_152_153_154_155_162_163_164_165_168_169_170_173_174_176_177_178_179_185_186_187_188_192_193_194_197_199_202_203_208_209_210_212_215_216_218_220_221_222_224_228_229_232_233_235_238_241_243_244_245_248_251_255_256_258_259_264_265_268_271_272_274_279_284  1.26e+08  1.10e+08  -6003.29  86501.95  14261.48    669.69     80.66     93.97   4636.96     -2.39      0.00 0
5798 14.0      146_152_154_162_164_173_176_178_185_187_199_202_203_209_212_218_220_224_228_233_235_238_241_243_244_251_253_255_256_258_259_264_270_271_274_279_281_284_289_291  6.03e+08  5.34e+08 -10574.05 -40798.66  11174.98    757.38     75.15    255.47   4093.18  -8491.50      0.00 0
5799 14.0      141_162_173_199_212_218_224_235_241_244_255_256_259_271_272  2.40e+08  2.29e+08 -14362.78  17355.46   8951.24    751.14     68.33    129.61   4603.46  -6601.15      0.00 0
