#event_number primary_type du_ids energy_primary em_energy Xmax_pos(x, y, z), Xmax_grams zenith azimuth shower_core_pos_x shower_core_pos_y shower_core_pos_z, N_tested_cores, units are degrees, GeV and meters
5900 14.0      0_1_2_3_5_6_7_8_9_11_13_15_16_20_23_24_28_29_32_35_40_44_45_52_55_62_66_78_79_88_91_102_116_117_128_148_157  5.01e+08  4.24e+08   1095.98 -22249.83   8932.64    747.56     68.15    272.82   -454.91  -2336.76      0.00 0
5901 14.0      41_53_59_63_67_75_79_83_86_89_91_95_99_103_107_111_114_116_117_121_125_128_129_133_134_137_141_143_146_148_152_154_157_158_162_164_165_167_168_170_173_176_178_181_182_187_188_190_191_193_194_196_197_200_205_206_208_213_216_219_222_226_227_230_237_240_242_249_252_257_263_269_273  3.63e+08  3.12e+08  31549.16  32003.95  11463.41    748.66     75.69     45.41   1935.81  -3718.96      0.00 0
5902 14.0      0_1_2_3_4_5_6_7_8_9_10_11_12_13_14_15_16_17_18_19_20_22_23_24_25_26_27_30_31_32_34_36_37_38_39_42_43_46_47_48_49_50_51_52_54_56_57_58_60_61_64_65_68_69_70_71_72_73_74_76_77_80_81_82_84_85_86_87_90_92_93_94_96_97_98_100_101_104_105_108_112_113_119_122_123_124_126_131_132_134_138_144_147_153_155_163_165_177_179_186_188_210_216  6.17e+08  5.29e+08 -52487.52 -14270.38  11293.92    904.77     78.27    195.21  -3111.90    450.16      0.00 0
5903 14.0      54_60_64_68_72_76_84_86_90_96_99_100_104_108_112_114_118_122_125_126_130_133_134_138_142_143_146_147_149_153_154_155_159_163_164_165_169_170_174_177_178_179_180_183_186_187_188_192_193_194_201_202_204_207_208_209_215_221_225_228_229_232_245_247_248_262  6.31e+08  5.35e+08 -26077.30  43832.00  12150.54    713.23     76.60    120.75   2918.64   3403.13      0.00 0
5904 14.0      7_10_14_18_19_22_27_30_34_36_39_42_43_46_50_51_54_56_60_61_64_65_68_76_77_80_81_84_90_96_100_104_108_112_122_126_134_138_147_153_155_165_177_179_188_210_216_240  3.55e+08  3.03e+08 -31182.11  -3051.94  10113.63    752.86     72.11    185.59   3643.74   2208.24      0.00 0
5905 14.0      106_110_120_136_140_151_161_167_172_196_198_211_219_223_234_242_254  3.09e+08  2.63e+08   5447.32  14861.39   6420.76   1060.00     67.92     69.87  -3367.02  -5265.60      0.00 0
5906 14.0      14_22_27_30_34_36_39_42_43_46_54_56_60_61_64_65_68_76_77_80_81_84_87_90_92_96_100_101_104_105_108_109_112_115_118_119_122_126_127_130_134_135_138_139_142_144_147_149_150_153_155_156_159_160_163_165_166_169_170_171_174_177_179_180_183_186_188_189_192_194_195_201_204_207_208_210_216_222_236_240  9.12e+08  7.79e+08 -75927.27  18312.64  13561.18    723.65     80.15    166.44   -428.31   4243.25      0.00 0
5907 14.0      39_43_51_56_61_65_77_80_81_87_92_93_97_101_104_105_109_112_115_118_119_123_127_130_131_135_138_139_142_144_149_150_156_159_160_163_166_169_171_174_180_183_186_189_192_195_201_204_207_225  4.27e+08  3.76e+08  87417.37  40152.05  13690.95    797.28     81.90     24.67  -1684.27   5050.30      0.00 0
5908 14.0      197_212_220_235_238_243_255_258_264_271_274_279  5.62e+08  5.10e+08   7804.12 -17470.87   8039.55    819.52     67.21    294.07   3969.43  -8798.63      0.00 0
5909 14.0      18_22_25_26_30_34_38_42_46_49_50_54_59_60_64_68_71_72_75_76_80_84_86_90_92_95_96_99_100_104_108_112_114_115_118_121_122_125_126_130_133_134_138_142_143_146_149_152_154_156_159_164_169_176_178_180_183_185_187_192_201_202_203_204_207_209_225_228_233  1.62e+08  1.35e+08  21660.54 -39092.75  11916.82    674.82     75.07    298.99   2778.91   1467.47      0.00 0
5910 14.0      0_1_2_3_4_5_6_8_9_10_11_12_13_16_17_18_20_21_22_24_25_26_28_29_32_33_34_35_37_38_40_41_44_45_48_49_50_52_53_54_55_58_59_60_62_63_66_67_70_71_72_74_75_76_78_79_82_83_86_88_89_91_94_95_96_98_99_100_102_103_106_107_110_111_114_116_117_120_121_124_125_126_128_129_133_134_136_137_140_141_143_145_146_147_148_151_152_154_155_157_158_161_162_164_165_167_168_170_172_175_176_178_179_181_182_184_185_187_188_190_193_194_196_198_202_205_208_209_210_211_213_215_216_217_219_221_222_223_232_234_236_239_240_242_254  2.24e+08  1.87e+08  95705.09  42210.96  14905.46    651.41     81.89     23.80  -2227.62  -3777.27      0.00 0
5911 14.0      264_271_279  6.76e+08  5.67e+08  -9964.69  15426.66   8412.08    724.10     65.39    122.86   5361.81 -10588.42      0.00 0
5912 14.0      167_172_190_196_198_211_213_217_219_223_234  1.82e+08  1.59e+08  20160.24    348.38   8679.50    732.07     66.71      0.99  -3763.40  -6141.74      0.00 0
5913 14.0      58_69_70_73_74_82_85_93_94_97_98_106_110_113_119_120_123_124_128_131_132_136_140_144_145_150_151_160_161_167_172_175_184_190_196_198_205_211_213_217_219_223_230_234_237_242_249_252_254_257_260_263_266_269_273_276_278_280_283_285_286_288_290_292_293_294_296_297  1.02e+08  8.45e+07 -19197.15 106267.54  14946.10    655.69     82.12    100.24  -3877.46  -9426.08      0.00 0
5914 14.0      0_1_2_3_4_5_6_7_8_10_11_13_14_15_16_19_20_22_23_24_27_28_30_32_36_39_40_42_43_46_56_65_68_77_80_92  4.79e+08  4.05e+08   4743.84  19328.01   9036.17    665.93     65.58     76.21   -255.69    809.89      0.00 0
5915 14.0      279_284_289_291_295_298  4.47e+08  3.76e+08 -29900.19 -12281.25  10471.58    712.07     72.05    202.33   5416.13 -10687.24      0.00 0
5916 14.0      41_45_53_55_59_63_67_71_75_79_83_86_89_91_95_99_102_103_107_111_114_116_117_121_125_128_129_133_134_137_141_143_146_148_152_154_157_158_162_164_165_167_168_170_172_173_176_178_181_182_187_188_190_191_193_194_196_200_205_206_208_211_213_216_219_222_226_230_234_237_240_242_252_254_257_263_273_278  2.88e+08  2.35e+08  38386.68  33759.15  12395.48    677.79     76.37     41.33   1297.39  -4019.47      0.00 0
5917 14.0      116_117_128_129_137_141_148_152_157_158_162_167_168_172_173_176_181_182_185_190_191_196_197_198_199_200_202_203_205_206_211_212_213_214_217_218_219_220_223_224_226_227_228_229_230_231_232_233_234_235_237_238_241_242_243_244_245_246_247_248_249_250_251_252_253_254_255_256_257_258_259_260_261_262_263_264_265_266_267_268_269_270_271_272_273_274_275_276_277_278_279_280_281_282_283_284_285_286_287_288_289_290_291_292_293_294_295_296_297_298  2.19e+08  1.83e+08 -214599.06 -39541.18  14876.17    637.75     86.10    190.44   3414.45  -8558.26      0.00 0
5918 14.0      7_14_19_27_30_31_36_39_42_43_46_47_51_56_57_61_64_65_68_73_77_80_81_84_87_90_92_93_97_101_104_105_108_109_112_115_118_122_130_138_142_153_159_163_169_174_177_186  5.01e+08  4.38e+08  37392.34  18569.85  11554.64    690.98     74.53     26.41   2678.02   4167.01      0.00 0
5919 14.0      112_122_126_130_138_142_147_153_155_159_163_169_174_177_179_183_186_188_192_201_207_210_216  9.55e+08  8.53e+08 -21682.36  17031.71   9807.03    726.37     70.42    141.85   3275.05   4109.63      0.00 0
5920 14.0      140_151_161_167_172_175_181_184_190_196_198_200_205_211_213_217_219_223_226_227_230_234_237_242_246_249_250_252_260_261_267  1.23e+08  1.03e+08  24573.93 -20891.88  10157.41    763.65     72.52    319.63  -2853.36  -6167.61      0.00 0
5921 14.0      0_1_2_3_4_5_6_7_8_9_10_11_12_13_14_15_16_17_18_19_20_21_22_23_24_25_26_27_28_29_30_31_32_33_34_35_36_37_38_39_40_42_43_44_46_47_48_49_50_51_52_54_56_57_58_60_62_64_66_68_69_70_71_72_73_74_76_80_82_84_85_86_88_90_94_96_97_98_100_106_108_113_120_122_124_126_132_136_138_145_147_151_153_175_177_179_184  1.20e+08  1.06e+08  43099.12  23138.61  11852.49    736.05     76.38     28.23  -2695.57  -1133.70      0.00 0
5922 14.0      0_1_2_3_4_5_6_7_8_9_10_11_12_13_14_15_16_17_18_19_20_21_22_23_24_25_26_27_28_29_30_31_32_33_34_35_36_37_38_39_40_41_42_43_44_45_46_47_48_49_50_51_52_53_54_55_56_57_58_59_60_61_62_63_64_65_66_67_68_69_70_71_72_73_74_75_76_77_78_79_80_81_82_83_84_85_86_87_88_89_90_91_92_93_94_95_96_97_98_99_100_101_102_103_104_105_106_107_108_109_110_112_113_114_115_118_119_120_122_123_124_125_126_128_130_131_132_133_134_135_136_138_140_142_143_144_145_147_151_153_154_155_159_161_163_164_165_169_170_174_175_177_179_184_186_188_193_194_198_208_210_216_217_222_236_240  1.78e+08  1.49e+08 -122682.73 -50892.13  14335.02    791.55     83.84    202.53    961.73    878.01      0.00 0
5923 14.0      252_257_269_273_278_283_285_292  2.69e+08  2.33e+08  15345.50  12171.42   8614.15    726.39     66.26     38.42  -4242.42 -10456.18      0.00 0
5924 14.0      91_103_116_117_129_148_157_158_167_181_182_190_196_200_205_213_219_226_230_237_242_249_252_257_263_266_269_273_283_285  2.34e+08  2.04e+08 -15859.70 -24393.82  10047.04    718.73     70.95    236.97  -1427.76  -7022.40      0.00 0
5925 14.0      0_1_2_3_4_5_6_7_8_9_10_11_12_13_14_15_16_17_18_19_20_21_23_24_25_26_27_28_29_31_32_33_35_37_38_39_40_41_44_45_47_48_49_51_52_53_55_57_58_59_61_62_63_66_67_69_70_71_73_74_75_78_79_81_82_83_85_88_89_91_93_94_95_97_98_99_102_103_106_107_111_113_119_121_123_124_125_129_131_132_137_141_144_146_152_154_162_176_178_185_202_203_209_218_228_229_233_245_247_248_262  6.92e+08  5.86e+08 -54351.35  23081.98  12422.16    753.75     78.12    156.99  -2497.89   -250.58      0.00 0
5926 14.0      20_28_32_35_40_41_44_45_52_55_58_62_63_66_67_74_78_79_82_88_89_91_94_98_102_103_106_107_110_111_116_117_120_121_124_128_129_132_136_137_140_141_145_148_151_152_157_158_161_162_167_168_172_173_175_176_181_182_184_185_190_191_196_197_198_199_200_203_206_212_214_217_218_220_224_228_233_235_238_241_243_244_245_248_251_255_256_259_262_265_268_272_282  5.62e+08  4.69e+08 -65141.46  21922.53  12962.09    751.41     79.32    161.40   -688.52  -3958.81      0.00 0
5927 14.0      0_1_2_3_4_5_6_7_8_9_10_11_12_13_14_15_16_17_18_19_20_21_22_23_24_25_26_27_28_29_30_31_32_33_34_35_36_37_38_39_40_41_42_43_44_45_46_47_48_49_50_51_52_53_54_55_56_57_58_59_60_61_62_63_64_65_66_67_68_69_70_71_72_73_74_75_76_77_78_79_80_81_82_83_84_85_86_87_88_89_90_91_92_93_94_95_97_98_99_101_102_103_104_105_106_107_109_110_111_113_115_116_117_118_119_120_121_123_124_125_127_128_129_131_132_133_135_136_137_139_140_141_144_145_146_148_150_151_152_154_156_157_158_160_161_162_166_167_168_171_172_173_175_176_178_181_182_184_185_189_190_191_195_196_197_198_199_200_202_203_205_206_211_212_213_214_218_219_220_224_226_227_228_230_231_233_235_237_238_241_243_244_246_248_249_250_251_252_253_255_256_258_259_260_261_264_265_266_267_268_270_271_272_274_275_277_279_281_282_284_287_289_291_295  1.51e+08  1.26e+08 -123487.70 164052.34  14862.68    667.25     85.86    126.97   5227.44 -10138.12      0.00 0
5928 14.0      94_98_106_110_120_124_128_136_140_151_157_161_167_172_181_190_196_198_205_211_213_219_226_230_237_246_249_252_257_260_266_269_275_276_280_286  1.41e+08  1.20e+08  -8945.47  30972.00  10474.75    709.98     72.00    106.11  -2105.29  -6101.03      0.00 0
5929 14.0      134_143_147_155_164_165_170_177_179_186_187_188_193_194_210_216  3.63e+08  3.06e+08  -1390.22  28629.94  10370.45    659.43     70.11     92.78   5543.94   2563.57      0.00 0
5930 14.0      106_110_116_120_124_128_132_136_140_145_148_151_157_161_167_172_175_181_182_184_190_196_198_200_205_206_211_213_214_217_219_223_226_227_230_231_234_237_238_242_246_249_250_252_253_257_258_260_261_266_267_269_270_274_275_276_277_279_281_284_286_287_289_291_293_295  3.98e+08  3.39e+08  48185.96 -48625.27  13058.79    734.19     79.20    314.74   -975.72  -7495.84      0.00 0
5931 14.0      0_1_2_3_4_5_6_7_8_9_10_11_12_13_14_15_16_17_18_19_20_21_22_23_24_25_26_27_28_29_30_31_32_33_34_35_36_37_38_39_40_41_42_43_44_45_46_47_48_49_50_51_52_53_54_55_56_57_58_59_60_61_62_63_64_65_66_67_68_69_70_71_72_73_74_75_76_77_78_79_80_81_82_83_84_85_86_87_88_89_90_91_92_93_94_95_96_97_98_99_100_101_102_103_104_105_106_107_108_109_110_111_112_114_115_116_117_118_119_120_121_122_125_126_127_128_129_130_135_136_137_138_139_140_141_142_148_149_152_153_156_157_158_159_160_161_162_163_166_167_168_169_171_172_173_174_180_181_182_183_189_190_191_192_195_196_197_199_200_201_204_205_206_207_211_212_213_214_219_220_225_226_227_230_231_235_237_238_242_243_246_249_250_252_253_257_258_260_261_264_266_267_269_270_273_274_275_276_277_280_281_283_284_286_287_288_289_290_291_292_293_294_295_296_297_298  1.32e+08  1.09e+08  -1048.88 -136580.12  15079.03    688.75     83.70    269.56    298.65   1351.99      0.00 0
5932 14.0      0_1_2_3_4_5_6_7_8_9_10_11_12_13_14_15_16_17_18_19_20_21_22_23_24_25_26_27_28_29_30_31_32_33_35_36_37_39_40_41_43_44_45_47_48_49_51_52_53_55_56_57_58_59_61_62_63_65_66_67_69_70_73_74_77_78_79_81_82_83_85_87_88_89_91_93_94_95_97_98_101_102_103_105_106_107_109_110_111_113_116_117_119_120_121_123_124_127_128_129_131_132_135_136_137_139_140_141_144_145_148_150_151_152_157_158_160_161_162_166_167_168_171_172_173_181_182_185_190_191_195_196_197_199_200_205_206_212_213_214_218_220_224_226_227_230_231_235_238_241_243_244_246_249_250_253_255_256_258_259_261_264_267_270_271_272_274_277_279_281_284_289_291  5.62e+08  5.03e+08 -61874.71  90061.93  14017.02    792.72     82.69    124.49   -160.50  -3460.62      0.00 0
5933 14.0      0_1_2_3_4_5_6_7_9_10_11_12_14_15_17_18_19_21_22_23_25_26_27_30_31_33_34_36_38_39_41_42_43_46_49_50_51_53_54_56_57_59_60_61_63_64_65_68_71_72_75_76_77_80_81_83_84_86_87_90_92_93_95_96_99_100_101_104_105_107_108_109_112_114_115_118_119_121_122_125_126_127_130_133_134_135_138_139_142_143_146_147_149_150_152_153_154_155_156_159_160_164_165_166_169_170_171_176_178_179_180_183_185_187_188_189_193_194_195_202_203_204_208_209_215_221_222_228_229_232_233_236_239_245_247_248_251_262_265_282  1.51e+08  1.30e+08 -74948.70  57926.94  14681.14    647.54     81.19    142.30   4825.84   -739.57      0.00 0
5934 14.0      89_95_103_107_111_116_117_121_125_129_137_141_146_148_152_154_157_158_162_164_167_168_173_176_178_181_182_185_187_190_191_193_196_197_199_200_202_203_205_206_208_209_211_212_213_214_215_218_219_220_221_224_226_227_228_229_230_231_232_233_234_235_236_237_238_239_241_242_245_246_247_249_250_252_253_254_257_260_261_263_266_269_273_276_278_280_283_285_290_292  4.07e+08  3.63e+08  57418.80  38163.41  13264.17    706.83     79.11     33.61   1036.51  -6097.45      0.00 0
5935 14.0      128_140_167_172_196_198_211_219_223_234_242_254  4.17e+08  3.62e+08 -13627.92 -14934.94   8736.60    723.78     66.63    227.62  -3114.31  -6076.89      0.00 0
5936 14.0      200_205_206_214_220_226_227_230_231_235_238_243_244_246_250_253_255_258_259_264_270_271_272_274_279  6.92e+08  5.99e+08 -28043.91   3170.41  10205.28    675.90     70.12    173.55   2725.59  -8010.53      0.00 0
5937 14.0      2_8_11_13_15_16_19_20_23_24_28_31_32_35_37_40_44_47_48_51_52_55_57_58_61_62_66_69_70_73_74_78_79_81_82_85_88_91_93_94_97_98_102_105_106_110_113_116_117_119_120_123_124_128_131_132_135_136_140_144_145_148_150_151_157_158_160_161_167_172_181_182_190_191_196_200_205_206_211_213_219_226_227_230_231_237_246_249_250_252_253_260_261_266_267_275_276_277_281_286_287_289_291_293_295_298  2.24e+08  1.89e+08  19184.64 -56065.68  12595.50    728.28     78.00    288.89  -1516.61  -4123.48      0.00 0
5938 14.0      96_104_108_112_122_126_130_134_138_142_143_147_153_155_163_165_170_177_179_188_194_208_210_216_221_222_236  7.24e+08  6.14e+08 -23795.82  14719.55   9405.59    807.63     71.42    148.26   5235.50   1700.47      0.00 0
5939 14.0      62_66_78_82_88_91_94_98_102_103_106_110_116_117_120_124_128_129_132_136_140_141_145_148_151_157_158_161_167_168_172_173_175_181_182_184_190_191_196_197_198_199_200_205_206_211_212_213_214_217_219_220_223_224_226_227_230_231_234_235_237_238_241_242_243_244_246_249_250_252_253_254_255_256_257_258_259_260_261_263_264_266_267_269_270_271_272_274_275_276_277_279_281_284_287_289_291  4.27e+08  3.51e+08  96308.81 -58510.62  14116.09    786.90     82.86    328.72  -1555.58  -5920.75      0.00 0
5940 14.0      0_1_2_3_4_5_6_7_8_9_10_11_12_13_14_15_16_17_18_19_20_21_22_23_24_25_26_27_28_29_30_31_32_33_34_35_36_37_38_39_40_41_42_43_44_45_46_47_48_49_50_51_52_53_54_55_56_57_58_59_60_61_62_63_64_65_66_67_68_69_70_71_72_73_74_75_76_77_78_79_80_81_82_83_84_85_86_87_88_89_90_91_92_93_94_95_96_97_98_99_100_101_102_103_104_105_106_107_108_109_110_111_112_113_114_115_116_117_118_120_121_122_124_125_126_127_128_129_130_132_133_134_136_138_140_142_143_145_147_148_149_151_153_155_156_157_158_159_161_163_165_167_169_172_174_175_177_179_181_182_183_184_186_188_190_192_196_198_200_205_207_210_211_213_217_219_223_226_230_234_237_242_252_254_257_263_269_273_278_283_285_292  2.09e+08  1.86e+08 -82863.41 -109010.41  14077.80    836.83     84.13    232.76   -217.21   -666.21      0.00 0
5941 14.0      22_30_42_46_54_64_68_84_90_108_112_122_138_142_153_163_174_177_186  6.76e+08  5.98e+08 -16320.26 -16446.08   8469.66    863.52     69.92    225.22   3737.34   4321.98      0.00 0
5942 14.0      116_128_136_140_148_151_157_158_161_167_168_172_175_181_182_184_190_191_196_197_198_200_205_206_211_212_213_214_217_219_220_223_224_226_227_230_231_234_235_237_238_242_243_244_246_249_250_252_253_254_255_256_257_258_259_260_261_263_264_266_267_268_270_271_272_274_275_277_279_281_284_289_291  1.05e+08  8.19e+07  87122.76 -33112.23  14928.70    610.75     80.90    339.19   6294.20  -9770.96      0.00 0
5943 14.0      0_1_2_3_4_5_6_7_8_9_10_11_12_13_14_15_16_17_19_20_21_23_24_27_28_29_31_32_33_35_36_37_39_40_41_43_44_45_47_48_51_52_53_55_57_58_59_61_62_63_65_66_67_69_70_73_74_77_78_79_81_82_83_85_87_88_89_91_93_94_97_98_101_102_103_105_106_107_109_110_111_113_116_117_119_120_123_124_128_129_131_132_135_136_137_139_140_141_144_145_148_150_151_157_158_160_161_162_167_168_171_172_173_175_181_182_184_190_191_196_197_198_199_200_205_206_211_212_213_214_217_219_220_223_224_226_227_230_231_234_235_237_238_242_243_244_246_249_250_252_253_254_255_257_258_259_260_261_263_264_266_267_269_270_271_273_274_275_276_277_278_279_280_281_283_284_285_286_287_288_289_290_291_292_293_294_295_296_297_298  5.01e+08  4.23e+08 -108119.29 168348.47  13464.50    877.54     86.15    122.71    621.17  -8620.76      0.00 0
5944 14.0      86_95_96_99_100_114_121_122_125_126_133_134_137_138_143_146_147_152_153_154_155_162_163_164_165_170_173_174_176_177_178_179_185_186_187_188_193_194_199_202_203_208_209_210_212_215_216_218_220_221_224_228_229_232_233_235_241_243_244_245_248_251_255_256_259_262_264_265_268_271_272_274_279_282  2.57e+08  2.14e+08  -6759.85  70461.46  13554.18    677.90     79.16     95.48   5621.87  -6376.29      0.00 0
5945 14.0      0_3_4_5_6_9_10_12_13_14_17_18_21_22_25_26_29_30_33_34_35_36_38_41_42_44_45_46_49_50_53_54_55_56_59_60_63_64_67_68_71_72_75_76_78_79_80_83_84_86_89_90_91_95_96_99_100_103_104_107_108_111_112_114_116_117_118_121_122_125_126_129_130_133_134_137_138_141_142_143_146_147_148_152_153_154_155_158_159_162_163_164_165_168_169_170_173_174_176_177_178_179_181_182_183_185_186_187_188_191_192_193_194_197_199_200_202_203_206_207_208_209_210_212_214_215_216_218_220_224_226_227_228_231_233_235_238_241_243_244_246_249_250_251_253_255_256_258_259_260_261_264_267_270_271_274_275_276_277_279_281_284_286_287_289_291_293_294_295_297_298  2.88e+08  2.48e+08  12030.14 117213.53  14384.12    758.45     83.04     84.14   3349.15  -1593.60      0.00 0
5946 14.0      121_137_146_152_162_173_176_185_199_203_212_218_224_233_235_241_244_251_255_256_259_268_271_272  6.92e+08  6.10e+08 -18185.62  37854.53  11315.73    731.92     74.92    115.66   6430.21  -8609.81      0.00 0
5947 14.0      9_12_17_18_21_22_25_26_29_33_34_38_41_45_49_50_53_54_59_60_63_64_67_71_72_75_76_79_83_84_86_89_90_91_95_96_99_100_103_107_108_111_112_114_117_121_122_125_126_129_133_134_137_138_141_142_143_146_147_148_152_153_154_155_158_162_163_164_165_168_173_174_177_179_181_182_186_188_191_197_199_200_206_210_212_214_220_226_227_231_238_246_250_253_260_261_267_275_277  6.46e+08  5.36e+08 -17391.01 -60134.36  13271.49    657.88     78.03    253.87   3351.56    397.90      0.00 0
5948 14.0      41_45_53_55_63_66_67_78_79_83_88_89_91_95_99_102_103_107_110_111_116_117_121_125_128_129_133_136_137_140_141_146_148_151_152_154_157_158_161_162_164_167_168_170_172_173_176_178_181_182_184_185_187_190_191_193_196_197_198_199_200_202_203_205_206_208_209_211_212_213_214_215_217_218_219_220_221_223_224_226_227_228_229_230_231_232_233_234_235_236_237_238_239_241_242_243_244_245_246_247_248_249_250_251_252_253_254_255_256_257_258_259_260_261_262_263_264_265_266_267_268_269_270_271_272_273_274_275_276_277_278_279_280_281_282_283_284_285_286_287_288_289_290_291_292_293_294_295_296_297_298  6.31e+08  5.36e+08 298443.31 103053.64  11301.56    690.58     87.95     19.05   4211.49 -10564.33      0.00 0
5949 14.0      85_93_97_98_113_119_123_131_132_144_150_160  1.10e+08  9.54e+07  -1902.18  21146.72   9117.64    688.19     66.76     95.14  -3964.14   1501.97      0.00 0
5950 14.0      0_1_2_3_4_5_6_7_8_9_10_11_12_13_14_15_16_17_18_19_20_21_22_23_24_25_26_27_28_29_30_31_32_33_34_35_36_37_38_39_40_41_42_43_44_45_46_47_48_49_50_51_52_53_54_55_56_57_59_60_61_63_64_65_67_68_69_70_71_72_73_75_76_77_79_80_81_83_84_85_86_87_89_90_92_93_95_96_97_99_100_101_104_105_107_108_109_111_112_113_114_115_118_119_121_122_123_125_126_127_130_131_133_134_135_137_138_139_142_143_144_146_147_149_150_152_153_154_155_156_159_160_162_163_164_165_166_169_170_171_174_176_177_178_179_180_183_185_186_187_188_189_192_193_194_195_201_202_203_204_207_208_209_210_215_216_218_221_222_225_228_229_232_233_236_239_240_245_247_248_251_262_265_282  1.91e+08  1.55e+08 158570.58 -93666.34  14947.25    692.35     85.36    329.43      5.39   3232.82      0.00 0
5951 14.0      23_31_37_47_48_51_57_58_61_69_70_73_74_81_82_85_87_93_94_97_98_105_106_109_113_119_120_123_124_127_131_132_135_136_139_145_151_161_184  1.70e+08  1.43e+08  -6040.90 -31909.51  10853.81    655.92     71.52    259.28  -3096.09    279.66      0.00 0
5952 14.0      30_36_39_42_43_46_54_56_60_61_64_65_68_77_80_84_87_90_92_96_101_104_105_108_109_112_115_118_122_126_130_135_138_147_153_155_179_188  1.62e+08  1.40e+08  25999.53  -3293.72   9141.75    813.88     70.77    352.78   1475.38   2774.97      0.00 0
5953 14.0      238_243_253_255_258_264_271_274_279  9.12e+08  8.24e+08  22436.93  -8983.22   8925.80    800.98     69.73    338.18   5991.71  -9735.17      0.00 0
5954 14.0      0_1_2_5_6_7_8_11_13_14_15_16_19_20_23_24_27_28_29_31_32_35_36_37_39_40_43_44_45_47_48_51_52_55_57_58_61_62_65_66_69_70_73_74_77_78_79_81_82_85_87_88_91_93_94_97_98_101_102_105_106_109_110_113_115_116_117_119_120_123_124_127_128_131_132_135_136_139_140_144_145_148_150_151_156_157_158_160_161_166_167_171_172_175_181_182_184_189_190_195_196_198_200_204_205_206_211_213_217_219_223_226_227_230_231_234_237_242_246_249_250_252_254_257_260_261_263_266_267_269_273_275_276_277_278_280_283_285_286_287_288_289_290_292_293_294_295_296_297_298  2.19e+08  1.82e+08 -27058.75 167250.67  14942.00    708.51     84.96     99.19  -3155.10  -7093.29      0.00 0
5955 14.0      95_99_107_111_114_121_125_129_133_134_137_141_143_146_152_154_155_158_162_164_165_168_170_173_176_178_179_182_185_187_188_191_193_194_197_199_200_202_203_206_208_209_210_212_214_215_216_218_220_221_222_224_226_227_228_229_231_232_233_235_236_238_239_240_241_243_244_245_246_247_248_249_250_251_253_255_256_258_259_260_261_262_264_265_266_267_268_270_271_272_274_275_276_277_279_280_281_282_284_286_287_288_289_290_291_293_294_295_296_297_298  1.20e+08  1.00e+08 -69991.41 -138800.12  14666.85    753.07     84.61    243.24   3482.58  -9135.22      0.00 0
5956 14.0      0_1_2_3_4_5_6_7_8_9_10_11_12_13_14_15_16_17_18_19_20_21_22_23_24_25_26_27_28_29_30_31_32_33_34_35_36_37_38_39_40_41_42_43_44_45_46_47_48_49_50_51_52_53_54_55_56_57_58_59_60_61_63_64_65_66_67_68_69_70_71_72_73_74_75_76_77_78_79_80_81_83_84_85_86_87_89_90_92_93_95_96_97_99_100_101_103_104_105_107_108_109_111_112_113_114_115_118_119_121_122_123_125_126_127_130_131_133_134_135_137_138_139_141_142_143_144_146_147_149_150_152_153_154_155_156_159_160_162_163_164_165_166_169_170_171_173_176_177_178_179_180_183_185_187_188_189_192_193_194_195_199_201_202_203_204_208_209_215_216_218_221_222_224_228_229_232_233_236_239_241_244_245_247_248_251_256_262_265_268_272_282  3.89e+08  3.37e+08 -111161.88  84254.21  14611.11    756.45     84.02    142.84   2762.88     -1.73      0.00 0
5957 14.0      0_1_2_3_4_5_6_7_8_9_10_11_13_14_15_16_19_20_22_23_24_27_28_29_30_31_32_35_36_37_39_40_42_43_44_45_46_47_48_51_52_55_56_57_58_61_62_65_66_68_69_70_73_74_77_78_79_80_81_82_85_87_88_91_92_93_94_97_98_101_102_105_106_109_110_115_116_117_118_120_124_127_128_136_140_145_148_149_151_156_157_161_167_172_180_181_183_184_190_196_198_200_201_205_211_213_217_219_223_226_230_234_237_242_249_252_254_257_260_263_266_269_273_276_278_280_283_285_288_290_292_294_296  7.76e+08  6.77e+08  11247.03  63590.34  11735.68    934.04     79.70     79.97  -2922.12  -8889.44      0.00 0
5958 14.0      0_2_3_4_5_8_9_10_12_13_17_18_20_21_22_25_26_28_29_33_34_35_38_40_41_44_45_49_50_52_53_54_55_59_60_62_63_64_66_67_71_72_75_76_78_79_83_84_86_88_89_91_95_96_99_100_102_103_107_108_110_111_114_116_117_121_122_125_126_128_129_133_134_136_137_138_140_141_143_146_147_148_152_153_154_155_157_158_161_162_163_164_165_167_168_170_172_173_177_179_181_182_186_188_190_191_194_196_198_200_205_206_210_211_213_216_219_223_226_227_230_234_237_242_246_249_252_254_257_260_263_266_269_273_276_278_280_283_285_290_292  1.23e+08  1.01e+08  49239.03  67523.55  14480.08    626.32     80.17     53.90   -302.56  -4780.68      0.00 0
5959 14.0      18_22_25_26_34_38_42_46_49_50_54_59_60_64_68_71_72_75_76_80_84_86_90_92_95_96_99_100_104_108_112_114_115_118_121_122_125_126_130_133_134_138_142_143_146_147_149_152_153_154_155_156_159_163_164_165_169_170_174_176_177_178_179_180_183_185_186_187_188_189_192_193_194_201_202_203_204_207_208_209_215_218_221_225_228_229_232_233_239_241_245_247_248_251_256_262_265_268_282  4.47e+08  3.78e+08  36797.84 -57894.72  13321.95    695.88     79.01    302.44   5259.40  -1302.55      0.00 0
5960 14.0      0_1_2_3_5_7_8_9_11_13_15_16_19_20_21_23_24_28_29_31_32_35_37_39_40_41_44_45_47_48_51_52_55_57_58_61_62_63_66_67_69_70_73_74_78_79_81_82_85_88_89_91_93_94_97_98_102_103_105_106_110_111_113_116_117_119_120_123_124_128_129_131_132_135_136_140_141_144_145_148_150_151_157_158_160_161_167_168_173_181_182_190_191_197_200_205_206_212_214_220_226_227_231_235_238_243_250_253_255_258_264_267_270_271_274_279_284  3.72e+08  3.26e+08  53424.82 -66233.76  14209.45    669.10     80.52    308.89  -4398.08   1185.90      0.00 0
5961 14.0      110_116_128_136_140_148_151_157_158_161_167_172_175_181_182_184_190_196_198_211_217  1.41e+08  1.19e+08  28336.23  -7243.89   9985.15    732.20     71.15    345.66  -3413.27  -4691.28      0.00 0
5962 14.0      129_141_148_152_157_158_162_168_173_176_178_181_182_185_190_191_196_197_199_200_202_203_205_206_209_212_213_214_218_219_220_224_226_227_228_229_230_231_232_233_234_235_237_238_239_241_242_243_244_245_246_247_248_249_250_251_252_253_254_255_256_257_258_259_260_261_262_263_264_265_266_267_268_269_270_271_272_273_274_275_276_277_278_279_280_281_282_283_284_285_286_287_288_289_290_291_292_293_294_295_296  8.51e+08  7.22e+08  99132.73  40616.89  13514.79    869.69     82.81     22.28   3171.53  -7435.91      0.00 0
5963 14.0      10_12_18_22_25_26_30_34_36_38_42_43_46_49_50_54_56_60_64_68_71_72_75_76_77_80_84_86_90_92_96_99_100_101_104_115_118_156  3.55e+08  3.13e+08 -14670.23  19439.80   9465.89    709.55     68.76    127.04   1247.42   1890.11      0.00 0
5964 14.0      116_117_129_148_157_158_167_181_182_190_196_200_205_213_219_230_234_237_242_252_254_257_263_273_278  4.47e+08  3.78e+08 -23949.03 -18509.91  10558.33    661.17     70.77    217.70  -2205.12  -7186.99      0.00 0
5965 14.0      220_231_235_238_243_244_246_250_253_255_256_258_259_260_261_264_267_268_270_271_272_274_275_276_277_279_281_282_284  3.39e+08  2.91e+08  30890.88  11371.76  10905.55    655.69     71.67     20.21   3755.49  -8401.23      0.00 0
5966 14.0      155_165_170_179_188_193_194_208_210_215_216_221_222  3.16e+08  2.69e+08  -9030.12  18001.33   9233.25    642.18     65.37    116.64   6265.30    916.97      0.00 0
5967 14.0      96_100_114_122_125_126_133_134_138_143_146_147_153_154_155_163_164_165_170_174_176_177_178_179_186_187_188_193_194_202_203_208_209_215_221_228_229_232_233_245_247_248_251_262_265  1.29e+08  1.11e+08  10920.06 -33311.50   9926.38    863.63     74.19    288.15   5443.86   -360.59      0.00 0
5968 14.0      7_10_14_15_19_22_27_30_31_36_39_42_43_46_47_51_54_56_57_61_64_65_68_69_73_77_80_81_84_85_87_90_92_93_96_97_101_104_105_108_109_112_113_115_118_119_122_123_127_130_131_135_138_139_142_144_147_149_150_153_156_159_160_163_169_174_177_179_186_192  3.72e+08  3.09e+08 -49841.44 -15457.11  11664.34    807.31     77.40    197.23    618.17   3370.22      0.00 0
5969 14.0      8_13_16_20_24_28_29_32_35_37_40_41_44_45_47_48_52_55_58_62_63_66_67_69_70_73_74_78_79_82_85_88_89_91_94_97_98_102_103_106_110_111_113_116_117_120_123_124_128_129_131_132_136_137_140_141_145_148_157_158_162_168_173_182_191_197_199_212_220_224_235_244  5.89e+08  4.91e+08  40517.94 -29211.71  12398.45    665.02     76.06    324.21  -1904.62  -2097.00      0.00 0
5970 14.0      0_1_2_3_4_5_6_7_8_9_10_11_12_13_14_15_16_17_18_19_20_21_22_23_24_25_26_27_28_29_30_31_32_33_34_35_36_37_38_39_40_41_42_43_45_46_47_48_49_50_51_52_53_54_56_57_58_59_60_61_63_64_65_68_69_70_71_72_73_74_75_76_77_80_81_83_84_85_86_87_90_92_93_95_96_97_98_99_100_101_104_105_108_109_112_113_114_115_118_119_121_122_123_125_126_127_130_131_132_133_134_135_138_139_142_143_144_146_147_149_150_153_154_155_156_159_160_163_164_165_166_169_170_171_174_177_178_179_180_183_186_187_188_189_192_193_194_195_201_204_207_208_209_210_215_216_221_222_232_236_239_240_247  1.95e+08  1.62e+08 -162166.14  30231.40  14838.38    725.50     84.86    169.44    710.82   2411.99      0.00 0
5971 14.0      12_17_18_22_25_26_33_34_38_42_49_50_53_54_59_60_63_64_68_71_72_75_76_83_84_86_89_90_95_96_99_100_107_108_111_112_114_121_122_125_126_129_130_133_134_137_138_141_142_143_146_147_152_153_154_155_162_163_168_169_173_174_177_185_186_192_197_199_212_220  3.98e+08  3.53e+08    445.48 -46405.84  11768.88    718.53     75.77    270.55   3076.04   1202.55      0.00 0
5972 14.0      48_58_62_69_70_74_82_85_88_94_98_106_110_120_124_128_136_140_151_157_161_167_172_190_196_198_205_211_213_219_230_234_237_242_249_252_257_263_266_269_273_280_283_290  2.82e+08  2.47e+08  -2121.46  36570.73  11199.59    671.02     73.00     93.32  -2593.76  -5805.86      0.00 0
5973 14.0      94_106_110_120_124_128_132_136_140_145_151_157_161_167_172_175_181_184_190_196_198_200_205_211_213_217_219_223_226_227_230_234_237_242_246_249_250_252_254_257_260_261_263_266_267_269_273_275_276_277_278_280_281_283_285_286_287_288_289_290_291_292_293_294_295_296_297_298  1.35e+08  1.13e+08 -47050.62  66822.24  13441.57    763.64     80.66    125.15  -2988.35  -6941.94      0.00 0
5974 14.0      89_107_111_137_141_152_162_168_173_185_197_199_212_218_220_224_235_241_243_244_255_256_259_264_271_272_279  1.23e+08  1.03e+08  19497.45 -31348.34  11399.50    646.14     72.84    301.88   4998.22  -7291.47      0.00 0
5975 14.0      256_259_271_272  1.41e+08  1.23e+08  -2734.04 -17223.13   8128.13    744.16     65.01    260.98   5940.75  -9373.96      0.00 0
5976 14.0      246_249_250_253_258_260_261_264_266_267_270_271_274_275_276_277_279_281_284_287_289_291  2.57e+08  2.27e+08  36887.81  -7753.31  10163.52    868.49     74.91    348.13   5558.50 -10760.36      0.00 0
5977 14.0      3_9_12_13_17_21_25_26_28_29_33_35_38_41_44_45_49_50_53_55_59_60_63_66_67_71_72_75_76_78_79_83_86_89_91_95_96_99_100_102_103_114_126_134_155  1.62e+08  1.32e+08 -20691.53 -19745.64  10257.62    675.30     70.27    223.66   2047.99   -758.98      0.00 0
5978 14.0      41_45_53_63_67_79_83_89_91_95_99_103_107_111_121_125_133_137_146_152_154_164_176_178_187_193_202_209_215_221_232_239  1.82e+08  1.60e+08  28988.71   6421.34   9492.87    831.55     72.27     12.49   4994.54  -2110.74      0.00 0
5979 14.0      0_1_2_3_4_5_6_7_8_9_10_11_12_13_14_15_16_17_18_19_20_21_22_23_24_25_26_27_28_29_30_31_32_33_34_35_36_37_38_39_40_41_42_43_44_45_46_47_48_49_50_51_52_53_54_55_57_58_59_60_61_62_63_64_66_67_69_70_71_72_73_74_75_76_78_79_81_82_83_84_85_86_88_89_93_94_95_96_97_98_99_100_106_107_113_114_120_123_124_125_126_131_132_133_134_136_143_145_151_154_155_164_165_170_175_187_188_193_194_208_215_216_221_222_236_240  8.32e+08  7.25e+08  68021.87   7065.38  13045.68    735.70     79.20      5.93  -2829.21   -724.36      0.00 0
5980 14.0      109_127_135_139_160_166_171  1.66e+08  1.45e+08  18370.50  -5399.77   8859.63    673.07     65.17    343.62  -3859.79   4775.09      0.00 0
5981 14.0      1_2_8_11_15_16_19_20_23_24_28_31_32_35_37_39_40_44_47_48_51_52_55_57_58_61_62_66_69_70_73_74_78_81_82_85_87_88_91_93_94_97_98_102_105_106_109_113_119_123_131_135_139_144_150_160_171  2.09e+08  1.71e+08 -21361.56  42509.70  12330.34    649.04     75.47    116.68  -4056.73   3477.39      0.00 0
5982 14.0      103_111_129_141_158_168_173_191_197_212_214_220_238_243_258  3.98e+08  3.41e+08  -7588.13  20060.23   9050.93    704.79     67.12    110.72   2310.56  -5991.56      0.00 0
5983 14.0      0_1_2_6_7_10_11_14_15_16_19_20_22_23_24_27_30_31_32_36_37_39_42_43_46_47_48_51_52_56_57_58_61_64_65_68_69_70_73_74_77_80_81_82_85_87_90_92_94_98_101_104_112_118_120_124_130_142_169  4.17e+08  3.60e+08  19752.20  24549.22  10377.90    712.09     71.77     51.18  -1032.77   1116.65      0.00 0
5984 14.0      0_1_2_3_4_5_6_7_8_9_10_11_12_13_14_15_16_17_18_19_20_21_22_23_24_25_26_27_28_29_30_31_33_34_35_36_38_39_41_42_43_45_46_47_49_50_51_53_54_55_56_57_59_60_61_63_64_65_67_68_71_72_75_76_77_79_80_81_83_84_86_87_89_90_92_95_96_99_100_101_103_104_105_107_108_109_111_112_114_115_118_121_122_125_126_127_129_130_133_134_135_137_138_139_141_142_143_146_147_149_152_153_154_155_156_159_160_162_163_164_165_166_168_169_170_171_173_174_176_177_178_179_180_183_185_186_187_188_189_192_193_194_195_197_199_201_202_203_204_207_208_209_212_215_218_220_221_224_225_228_229_232_233_235_239_241_243_244_245_247_248_251_255_256_259_262_264_265_268_271_272_279_282  3.63e+08  3.32e+08 -71580.82 108228.88  14187.96    810.60     83.76    123.48   5541.90  -3787.80      0.00 0
5985 14.0      27_30_36_39_42_43_46_51_54_56_61_64_65_68_77_80_81_84_87_90_92_93_96_101_104_105_108_109_112_115_118_119_122_123_126_127_130_135_138_139_142_144_147_149_150_153_155_156_159_160_163_166_169_171_174_177_179_180_183_186_188_189_192_195_201_204_207_210_216_240  2.88e+08  2.42e+08  82368.66   1639.08  13963.95    689.40     80.38      1.14   1234.32   4231.63      0.00 0
5986 14.0      0_1_2_3_4_5_6_7_8_9_10_11_12_13_14_15_16_17_18_19_20_21_22_25_26_27_28_29_30_33_34_35_36_38_39_40_41_42_43_44_45_46_49_50_53_54_55_56_59_60_63_64_65_66_67_68_71_72_75_76_77_78_79_80_83_84_86_89_90_91_92_95_96_99_100_101_103_104_107_108_111_112_114_115_116_117_118_121_122_125_126_129_130_133_134_137_138_141_142_143_146_147_148_149_152_153_155_156_158_159_162_163_168_169_173_174_177_180_181_182_183_185_186_191_192_197_199_200_201_204_206_207_212_214_220_224_225_226_227_231_235_238_243_246_250_253_258_261_264_267_270_274_275_277_281_284_287_289_291_295_298  3.80e+08  3.24e+08   -363.22  90484.02  14218.08    692.76     81.07     90.23   1906.56   4915.46      0.00 0
5987 14.0      271_272_279_282_284_291  1.62e+08  1.39e+08  20345.13  14171.85   8493.88    908.65     71.09     34.86   6317.36  -9544.82      0.00 0
5988 14.0      96_108_112_122_126_130_134_138_142_143_147_149_153_155_159_163_164_165_169_170_174_177_179_180_183_186_188_192_193_194_201_204_207_208_210_215_216_221_222_225_232_236_239_240  2.63e+08  2.27e+08 -31229.89  35849.99  10758.34    917.10     77.25    131.06   4047.92   3908.30      0.00 0
5989 14.0      0_1_2_3_4_5_6_7_8_9_10_11_12_13_14_15_16_17_18_19_20_21_22_23_24_25_26_27_28_29_30_31_32_33_34_35_36_37_38_39_40_42_43_44_46_47_48_49_50_51_52_54_56_57_58_60_61_62_64_65_66_68_69_70_71_72_73_74_76_77_80_81_82_84_85_86_87_88_90_92_93_94_96_97_98_100_101_104_105_106_108_109_112_113_115_118_119_120_122_123_124_126_127_130_131_132_134_135_136_138_139_142_144_145_147_149_150_151_153_155_156_159_160_163_166_169_171_174_175_177_179_180_183_186_188_189_192_195_201_204_207_210_225  7.41e+08  6.24e+08 -166987.25 -89838.20  14257.57    778.22     85.70    208.28  -3434.64   1900.90      0.00 0
5990 14.0      2_3_5_8_9_13_16_17_20_21_24_25_28_29_32_33_35_40_41_44_45_48_49_52_53_55_58_59_62_63_66_67_70_74_75_78_79_82_83_88_89_91_94_95_98_99_102_103_106_107_110_111_116_117_120_121_124_125_128_129_132_133_136_137_140_141_145_146_148_151_152_154_157_158_161_162_164_167_168_172_173_175_176_178_181_182_184_185_187_190_191_193_196_197_198_199_202_203_209_211_212_215_217_218_221_223_224_228_229_232_233_239_241_245_247_248_251_262_265  2.95e+08  2.51e+08  80353.78  -2988.57  13196.36    795.25     80.68    357.87  -1364.26  -3186.97      0.00 0
5991 14.0      16_20_23_24_28_31_32_37_40_44_47_48_52_57_58_62_66_69_70_73_74_78_81_82_85_88_91_93_94_97_98_102_105_106_110_113_116_117_119_120_123_124_128_131_132_135_136_140_144_145_148_150_151_157_158_160_161_167_172_175_181_182_184_190_196_198_200_205_206_211_213_217_219_223_226_227_230_231_234_237_242_246_249_250_252_253_254_257_260_261_263_266_267_269_270_273_275_276_277_278_280_281_283_284_285_286_287_288_289_290_291_292_293_294_295_296_297_298  1.48e+08  1.23e+08 -57460.72 137701.70  15182.47    682.18     84.19    112.65  -2612.41  -7233.42      0.00 0
5992 14.0      108_112_138_142_153_163_174_186  1.05e+08  8.59e+07 -11166.76 -18003.13   9268.76    663.18     66.37    238.19   3852.27   5108.47      0.00 0
5993 14.0      42_46_54_56_60_64_68_76_80_84_90_92_96_100_104_108_112_122_126_134_138_143_147_155_165_170_179_188_194_208_216_222_236  2.14e+08  1.82e+08  29423.18  -9373.16  10723.38    647.76     70.85    342.33   4245.94   1722.73      0.00 0
5994 14.0      8_11_16_20_23_24_28_31_32_35_37_40_44_47_48_52_55_57_58_62_66_69_70_73_74_78_79_81_82_85_88_91_93_94_97_98_102_103_106_110_113_116_117_119_120_123_124_128_129_131_132_136_140_144_145_148_150_151_157_158_161_167_168_172_175_181_182_184_190_191_196_197_198_200_205_206_211_213_214_217_219_220_223_226_227_230_231_234_237_238_242_243_246_249_250_252_253_254_257_258_260_261_263_264_266_267_269_270_273_274_275_276_277_278_279_280_281_283_284_285_286_287_288_289_290_291_293_294_295_296_297_298  2.00e+08  1.65e+08 -79791.44 121980.55  15217.10    676.59     84.04    123.19  -3191.41  -4044.16      0.00 0
5995 14.0      235_241_243_244_251_253_255_256_258_259_264_265_267_268_270_271_272_274_275_277_279_281_284_286_287_289_291_293_294_295_297_298  6.92e+08  6.01e+08  26229.01  22283.19  10456.56    752.82     73.10     40.35   3386.62  -9590.97      0.00 0
5996 14.0      17_21_29_33_41_45_53_59_63_67_79_83_89_103_107_111_129_137_141_162_168_173_197_212  3.39e+08  2.78e+08  -9122.55  19852.11   9517.84    641.77     66.46    114.68   2107.42  -3414.34      0.00 0
5997 14.0      62_66_82_88_91_94_98_102_106_110_113_116_117_120_124_128_132_136_140_145_148_151_157_158_161_167_168_172_175_181_182_184_190_191_196_197_198_200_205_206_211_213_214_217_219_220_223_226_227_230_231_234_235_237_238_242_243_246_249_250_252_253_254_255_257_258_260_261_263_264_266_267_269_270_271_273_274_275_276_277_278_279_280_281_283_284_285_286_287_288_289_290_291_292_293_294_295_296_297_298  4.68e+08  3.86e+08 -109401.21  95976.08  14628.81    757.35     84.26    138.74    885.98  -9465.12      0.00 0
5998 14.0      0_1_2_3_4_5_6_7_8_9_10_11_12_13_14_15_16_17_18_19_20_21_22_23_24_25_26_27_28_29_30_31_32_33_34_35_36_37_38_39_40_41_42_43_44_45_46_47_48_49_50_51_52_53_54_55_56_57_58_59_60_61_62_63_64_65_66_67_68_69_70_71_72_73_74_75_76_77_78_79_80_81_82_83_84_85_86_87_88_89_90_91_92_93_94_95_96_97_98_99_100_101_102_103_104_105_106_107_108_109_110_112_113_114_115_116_117_118_119_120_122_123_124_125_126_127_128_130_131_132_133_134_135_136_138_139_140_142_143_144_145_147_149_150_151_153_155_156_157_159_161_163_165_166_167_169_170_172_174_175_177_179_180_183_184_186_188_192_194_196_198_207_210_211_216_217_219_222_223_234_240_254  3.24e+08  2.70e+08 134694.58 100508.02  14082.94    834.76     85.21     36.73  -1457.41    -61.52      0.00 0
5999 14.0      0_1_2_3_4_5_6_7_8_9_10_11_12_13_14_15_16_17_18_19_20_21_22_23_24_25_26_27_28_29_30_31_32_33_34_35_36_37_38_39_40_41_42_43_44_45_46_47_48_49_50_51_52_53_54_55_56_57_58_59_60_61_62_63_64_65_66_67_68_69_70_71_72_73_74_75_76_77_78_79_80_81_82_83_84_85_86_87_88_89_90_91_92_93_94_95_96_97_98_99_100_101_102_103_104_105_106_107_108_109_110_111_112_113_114_115_116_117_118_119_120_121_122_123_124_125_126_128_129_130_131_132_133_134_136_137_138_140_141_142_143_145_146_147_148_151_152_153_154_155_157_158_159_161_162_163_164_165_167_168_169_170_172_173_174_175_176_177_178_179_181_182_184_185_186_187_188_190_191_192_193_194_196_197_198_199_200_202_203_205_206_208_209_210_211_212_213_214_215_216_217_218_219_220_221_222_223_224_226_227_228_229_230_231_232_233_234_235_236_237_238_239_240_241_242_243_244_245_246_247_248_249_250_251_252_253_254_255_256_257_258_259_260_261_262_263_264_265_266_267_268_269_270_271_272_273_274_275_276_277_278_279_280_281_282_283_284_285_286_287_288_289_290_291_292_293_294_295_296_297_298  6.17e+08  5.19e+08 254580.47 180253.00  11710.65    661.67     87.85     35.30    267.88  -6074.49      0.00 0
