#event_number primary_type du_ids energy_primary em_energy Xmax_pos(x, y, z), Xmax_grams zenith azimuth shower_core_pos_x shower_core_pos_y shower_core_pos_z, N_tested_cores, units are degrees, GeV and meters
105100 5626.0    0_1_2_3_4_5_6_7_9_10_11_14_15_19_23_27_31_39_43_47_51_57_61_65_73_81_87_93_105  3.55e+08  2.79e+08  14764.89 -14935.96   9602.18    609.96     65.43    314.67  -1229.88   1194.27      0.00 0
105101 5626.0    0_1_2_3_4_5_6_7_8_9_10_11_12_13_14_15_16_17_18_19_20_21_22_23_24_25_26_27_28_29_30_31_32_33_34_35_36_37_38_39_40_41_42_43_44_45_46_47_48_49_50_51_52_53_54_55_56_57_58_59_60_61_62_63_64_65_66_67_68_69_70_71_72_73_74_75_76_77_78_79_80_81_82_83_84_85_86_87_88_89_90_91_93_94_95_96_97_98_99_100_102_103_105_106_107_108_110_111_113_114_116_117_119_120_121_122_123_124_125_126_128_129_131_132_133_134_136_137_140_141_143_144_145_146_147_148_151_152_154_155_157_158_161_162_164_165_167_168_170_172_173_175_176_178_179_181_182_184_185_187_188_190_191_193_194_196_197_198_199_200_202_203_205_206_208_209_210_211_212_213_214_215_216_217_218_219_220_221_222_223_224_226_227_228_229_230_231_232_233_234_235_236_237_238_239_240_241_242_243_244_245_246_247_248_249_250_251_252_253_254_255_256_257_258_259_260_261_262_263_264_265_266_267_268_269_270_271_272_273_274_278_279_282  9.12e+08  7.17e+08 303366.69  -7467.13  12082.04    659.33     87.72    358.59  -3480.12  -3422.04      0.00 0
105102 5626.0    49_53_59_63_71_72_75_83_86_89_95_99_100_107_111_114_121_125_126_129_133_134_137_141  1.82e+08  1.42e+08   7924.86  22466.31   9461.09    697.58     68.34     70.57   2967.19  -1399.43      0.00 0
105103 5626.0    16_20_23_24_31_32_37_40_47_48_51_52_57_58_62_66_69_70_73_74_78_81_82_85_88_93_94_97_98_102_105_106_109_110_113_116_119_120_123_124_128_131_132_135_136_139_140_144_145_148_150_151_157_160_161_167_171_172_175_181_184_190_196_198_200_205_211_213_217_219_223_226_227_230_234_237_242_246_249_252_254_257_260_261_263_266_269_273_275_276_277_278_280_283_285_286_287_288_290_292_293_294_295_296_297_298  1.55e+08  1.14e+08  28822.50 -140412.27  15698.28    616.14     83.75    281.60  -2825.50 -10617.55      0.00 0
105104 5626.0    91_102_103_110_111_116_117_128_129_136_140_141_148_151_157_158_161_167_172_175_184_198_211_217  9.12e+08  7.29e+08 -30953.95  -2838.82  10684.83    656.93     71.03    185.24  -2370.13  -4416.25      0.00 0
105105 5626.0    61_65_77_81_87_92_93_101_105_109_115_119_123_127_131_135_139_144_150  7.24e+08  5.80e+08  28637.42   9476.47  10859.94    616.25     70.20     18.31  -3593.44   2545.74      0.00 0
105106 5626.0    0_1_2_3_4_5_6_7_8_9_10_11_12_13_14_15_16_17_18_19_20_21_22_23_24_25_26_27_28_29_30_31_32_33_34_35_36_37_39_40_41_42_43_44_45_46_47_48_49_51_52_53_55_56_57_58_59_61_62_63_65_66_67_69_70_73_74_77_78_79_80_81_82_83_85_87_88_89_91_92_93_94_97_98_101_102_103_105_106_107_109_110_111_113_115_116_117_119_120_123_124_127_128_129_131_132_135_136_137_139_140_141_144_145_148_150_151_156_157_158_160_161_162_166_167_168_171_172_173_175_181_182_184_189_190_191_195_196_197_198_199_200_205_206_211_212_213_214_217_219_220_223_224_226_227_230_231_234_235_237_238_242_243_244_246_249_250_252_253_254_255_257_258_259_260_261_263_264_266_267_269_270_271_273_274_275_276_277_279_280_281_283_284_286_287_288_289_290_291_293_294_295_296_297_298  7.41e+08  5.77e+08 -83235.96 165640.31  15371.13    638.48     85.26    116.68  -1724.78  -3231.29      0.00 0
105107 5626.0    0_1_2_3_4_5_6_7_8_9_10_11_12_13_14_15_16_17_18_19_20_21_22_23_24_25_26_27_28_29_30_31_32_33_34_35_36_37_38_39_40_41_42_43_44_45_46_47_48_49_50_51_52_53_54_55_56_57_58_59_60_61_62_63_64_65_66_67_68_69_70_71_72_73_74_75_76_77_78_79_80_81_82_83_84_85_86_87_88_89_90_91_92_93_94_95_96_97_98_99_100_101_102_103_104_105_106_107_108_109_110_111_112_113_114_115_116_117_118_119_120_121_122_123_124_125_126_127_128_129_130_131_132_133_134_135_136_137_138_140_141_142_143_145_146_147_148_149_151_152_153_154_155_156_157_158_159_161_162_163_164_165_167_168_169_170_172_173_174_175_176_177_178_179_180_181_182_183_184_185_186_187_188_190_191_192_193_194_196_197_198_199_200_201_205_206_207_208_210_211_212_213_214_216_217_219_220_222_223_226_227_230_231_234_237_238_240_242_246_249_250_252_253_254_257_260_261_263_266_267_269_273_275_276_277_278_280_283_285_286_287_288_290_292_293_294_296_297  4.90e+08  3.80e+08 -131025.15 -208144.94  14310.67    627.81     86.67    237.81   1406.23     35.13      0.00 0
105108 5626.0    63_67_79_83_89_91_95_99_103_107_111_116_117_121_125_129_133_137_141_143_146_148_152_154_157_158_164_170_178_187_193_194_208_221_222_236  2.24e+08  1.74e+08 -28731.28 -18644.05  11135.22    643.83     71.99    212.98   3607.35  -2211.75      0.00 0
105109 5626.0    284_291  1.51e+08  1.18e+08  19553.38  -3574.61   9163.62    645.87     65.25    349.64   4861.07 -11294.81      0.00 0
105110 5626.0    107_111_117_121_129_137_141_146_148_152_157_158_162_168_173_176_181_182_185_190_191_197_199_200_205_206_212_213_214_219_220_226_227_230_231_237_242_246_249_250_252_257_260_261_263_266_269_273_275_276_278_280_283_285_288_290_292_296  5.25e+08  4.14e+08  43925.74  44871.16  13484.46    630.68     77.88     45.61  -3031.06 -10268.63      0.00 0
105111 5626.0    0_1_2_3_4_5_6_7_8_9_10_11_12_13_14_15_16_17_18_19_20_21_22_23_24_25_26_27_28_29_30_31_32_33_34_35_36_37_38_39_40_41_42_43_44_45_46_47_48_49_50_51_52_53_54_55_56_57_58_59_60_61_62_63_64_65_66_67_68_69_70_71_72_73_74_75_76_77_78_79_80_81_82_83_84_85_86_87_88_89_90_91_92_93_94_95_96_97_98_99_100_101_102_103_104_105_106_107_108_109_110_111_112_113_114_115_116_117_118_119_120_121_122_123_124_125_126_127_128_129_130_131_132_135_136_137_138_139_140_141_142_144_145_148_149_150_151_153_156_157_158_159_160_161_162_163_166_167_168_169_171_172_173_174_175_180_181_182_183_184_189_190_191_192_195_196_197_198_200_201_204_205_206_207_211_212_213_214_217_219_220_223_225_226_227_230_231_234_237_238_242_243_246_249_250_252_253_254_257_258_260_261_263_266_267_269_270_273_274_275_276_277_278_280_281_283_284_285_286_287_288_289_290_291_292_293_294_295_296_297_298  9.55e+08  7.62e+08  15387.35 283203.94  12680.78    678.29     87.44     86.89  -2151.44  -2904.11      0.00 0
105112 5626.0    226_227_230_231_237_246_249_250_252_257_260_263_266_269_273_276_278_280_283_285_290_292  2.63e+08  2.07e+08  34136.63  17967.76  11735.16    622.44     73.08     27.76  -3887.32 -10396.99      0.00 0
105113 5626.0    0_1_2_3_4_5_6_7_8_9_10_11_12_13_14_15_16_17_18_19_20_21_22_23_24_25_26_27_28_29_30_31_32_33_34_35_36_37_38_39_40_41_42_43_44_45_46_47_48_49_50_51_52_53_54_55_56_57_58_59_60_61_62_63_64_65_66_67_68_69_70_71_72_73_74_75_76_77_79_80_81_82_83_84_85_86_87_89_90_93_94_95_96_97_98_99_100_105_107_113_114_119_121_123_124_125_126_131_132_133_134_143_144_146_150_154_155_164_165_170_178_187_188_193_194_208_209_215_221_222_232_236_239  1.15e+08  8.33e+07 -81690.93   9610.93  14888.84    571.00     79.74    173.29  -3492.27    567.14      0.00 0
105114 5626.0    148_157_158_162_167_168_173_181_182_185_190_191_196_197_199_200_203_205_206_211_212_213_214_218_219_220_223_224_226_227_228_230_231_233_234_235_237_238_241_242_243_244_245_246_248_249_250_251_252_253_254_255_256_257_258_259_262_264_265_268_271_272_282  5.62e+08  4.46e+08 -63218.43  -4232.21  13305.84    659.04     78.14    183.83   6278.70  -6555.92      0.00 0
105115 5626.0    0_1_2_3_5_8_9_11_13_15_16_17_20_21_23_24_28_29_31_32_33_35_37_40_41_44_45_47_48_52_53_55_57_58_59_62_63_66_67_69_70_73_74_78_79_82_83_85_88_89_91_93_94_95_97_98_102_103_106_107_110_111_113_116_117_120_121_123_124_128_129_131_132_136_137_140_141_144_145_146_148_151_152_157_158_161_162_167_168_172_173_175_176_181_182_184_185_190_191_196_197_198_199_200_203_205_206_211_212_213_214_217_218_220_224_226_227_228_231_233_235_238_241_243_244_248_250_251_253_255_256_258_259_262_264_265_267_268_270_271_272_274_279_282_284  7.41e+08  5.86e+08 -105543.62  67861.90  15273.39    650.17     83.06    147.26    -63.62  -4080.67      0.00 0
105116 5626.0    0_1_2_3_4_5_6_7_8_9_10_11_12_13_14_15_16_17_18_19_20_21_22_23_24_25_26_27_28_29_30_31_32_33_34_35_36_37_38_39_40_41_42_43_44_45_46_47_48_49_50_51_52_53_54_55_56_57_58_59_60_61_62_63_64_65_66_67_68_69_70_71_72_73_74_75_76_77_78_79_80_81_82_83_84_85_86_87_88_89_90_91_92_93_94_95_96_97_98_99_100_101_102_103_104_105_106_107_108_109_110_111_112_113_114_115_116_117_118_119_121_122_123_125_126_127_128_129_130_131_133_134_135_137_138_139_141_142_143_144_146_147_148_149_150_152_153_154_155_156_158_159_160_162_163_164_165_166_168_169_170_171_173_174_176_177_178_179_180_182_183_185_186_187_188_189_191_192_193_194_195_197_199_201_202_203_204_206_207_208_209_210_212_214_215_216_218_220_221_222_224_225_228_229_231_232_233_235_236_238_239_240_241_243_244_245_247_248_251_253_255_256_258_259_262_264_265_268_270_271_272_274_279_282_284  8.91e+08  6.96e+08 -172124.80 239008.45  12499.25    651.92     87.57    125.76   2412.40    769.62      0.00 0
105117 5626.0    63_67_79_83_89_91_95_99_102_103_107_111_116_117_121_125_128_129_133_137_141_143_146_148_152_154_157_158_162_164_165_167_168_170_172_173_176_178_181_182_185_187_190_191_193_194_196_197_199_200_202_203_205_206_208_209_211_212_213_214_215_216_218_219_220_221_222_223_224_226_227_228_229_230_231_232_233_234_235_236_237_238_239_240_241_242_243_244_245_246_247_248_249_250_251_252_253_254_255_256_257_258_259_260_261_262_263_264_265_266_267_268_269_270_273_275_276_277_278_280_281_283_285_286_287_288_290_292_294_296  5.13e+08  3.97e+08 -108185.93 -71633.87  15770.67    596.10     83.07    213.51   3941.69  -4645.66      0.00 0
105118 5626.0    0_1_2_3_4_5_6_7_8_9_10_11_12_13_14_15_16_17_18_19_20_21_22_23_24_25_26_27_28_29_30_31_32_33_34_35_36_37_38_39_40_41_42_43_44_45_46_47_48_49_50_51_52_53_54_55_56_57_58_59_60_61_62_63_64_65_66_67_68_69_70_71_72_73_74_75_76_77_78_79_80_81_82_83_84_85_86_87_88_89_90_92_93_94_95_96_97_98_99_100_101_104_105_106_107_108_109_110_112_113_114_115_118_119_120_121_122_123_124_125_126_127_130_131_132_133_134_135_136_138_139_142_143_144_145_147_149_150_151_153_154_155_156_159_160_163_164_165_166_169_170_171_174_175_177_179_186_187_188_192_193_194_208_210_215_216_221_222_236_239_240  1.20e+08  8.64e+07 178708.22  28880.41  16219.92    549.94     84.88      9.18   3032.42   1849.81      0.00 0
105119 5626.0    246_249_252_257_260_261_263_266_267_269_270_273_274_275_276_277_278_280_281_283_284_285_286_287_288_289_290_291_292_294_296  6.17e+08  4.90e+08  40107.71  -1295.48  11833.33    629.33     73.57    358.15  -1795.65 -10284.03      0.00 0
105120 5626.0    18_22_25_26_33_34_38_42_49_50_54_59_60_64_68_71_72_75_76_80_83_84_86_90_95_96_99_100_104_107_108_112_114_118_121_122_125_126_130_133_134_137_138_142_143_146_147_149_152_153_154_155_159_162_163_164_165_169_170_173_174_176_177_178_179_183_185_186_187_188_192_193_199_201_202_203_207_209_212_215_218_224_225_228_229_233_235_241_244_245_248_251_255_256_259_265_268_271_272_282  4.27e+08  3.34e+08  20630.83 -67186.72  13878.15    630.81     78.83    287.07   3862.88      7.31      0.00 0
105121 5626.0    0_1_2_3_4_5_6_7_8_9_10_11_12_13_14_15_16_17_18_19_20_21_22_23_24_25_26_27_28_29_30_31_32_33_34_35_36_37_39_40_41_42_43_44_45_46_47_48_50_51_52_54_55_56_57_58_60_61_62_64_65_66_67_68_69_70_73_74_77_78_79_80_81_82_84_85_87_88_90_91_92_93_94_97_98_101_102_104_105_106_108_109_110_112_113_115_116_118_119_120_123_124_127_128_130_131_132_135_136_138_139_140_142_144_145_148_149_150_151_156_157_159_160_161_166_167_169_171_172_174_175_180_181_183_184_189_190_192_195_196_198_201_204_205_207_211_213_217_219_223_225_230_234_237_242_252_254_257_263_266_269_273_278_280_283_285_290_292  6.31e+08  4.98e+08 -36002.41 -106425.72  15050.62    653.23     82.37    251.31  -2260.50  -1438.99      0.00 0
105122 5626.0    0_1_2_3_4_5_6_7_8_9_10_11_12_13_14_15_16_17_18_19_20_21_22_23_24_25_26_27_28_29_30_31_32_33_34_35_36_37_38_39_40_41_42_43_44_45_46_47_48_49_50_51_52_53_54_55_56_57_58_59_60_61_62_63_64_65_66_67_68_69_70_71_72_73_74_75_76_77_78_80_81_82_83_84_85_86_87_88_90_92_93_94_95_96_97_98_99_100_101_104_105_106_108_109_112_113_114_115_118_119_120_122_123_124_126_127_130_131_132_133_134_135_138_139_142_143_144_145_147_149_150_151_153_155_156_159_160_163_164_165_166_169_170_174_175_177_179_186_188_192_193_194_208_210_216_221_222_236_240  3.98e+08  3.00e+08 144709.67  31472.46  15695.83    618.40     83.95     12.27  -3837.08    751.36      0.00 0
105123 5626.0    17_21_25_29_33_41_45_49_53_55_59_63_67_79_83_89_91_103_116_117_129_148  3.24e+08  2.57e+08  -7998.32 -20346.55   9738.24    610.54     65.99    248.54    740.98  -3154.49      0.00 0
105124 5626.0    41_45_53_55_59_63_67_79_83_89_91_95_99_102_103_107_111_116_117_121_125_128_129_133_137_146_148_154_157_167  7.08e+08  5.73e+08 -24222.87 -14977.87  10388.22    653.31     69.96    211.73   1309.11  -3229.32      0.00 0
105125 5626.0    198_211_217_219_223_230_234_237_242_249_252_254_257_260_263_266_269_273_275_276_277_278_280_283_285_286_287_288_289_290_292_293_294_295_296_297_298  5.01e+08  3.88e+08  47409.25 -49941.48  13897.25    619.26     78.59    313.51  -3048.75  -9683.26      0.00 0
105126 5626.0    0_1_2_3_4_5_6_7_8_9_10_11_12_13_14_16_17_18_20_21_22_24_25_26_28_29_30_32_33_34_35_38_40_41_42_44_45_46_48_49_50_52_53_54_55_58_59_60_62_63_64_66_67_68_71_72_75_76_78_79_82_83_84_86_88_89_90_91_94_95_96_99_100_102_103_106_107_108_110_111_114_116_117_120_122_126_128_134_136_138_140_147_148_151_153_155_157_161_163_165_167_172_177_179_181_184_186_188_190_196_198_210_211_213_217_219_223_234_237_242_254_257_263_278  4.17e+08  3.30e+08 -43133.96 -48361.49  13372.79    660.76     78.34    228.27   -629.12  -2792.94      0.00 0
105127 5626.0    92_101_115_118_127_139_149_156_160_166_171_195  5.75e+08  4.57e+08  20867.49  -4588.02   9535.07    627.92     65.95    347.60  -1670.33   4763.04      0.00 0
105128 5626.0    50_60_71_72_75_76_84_86_95_96_99_100_108_114_122_125_126_133_138  5.62e+08  4.48e+08  -3676.11  22848.55   9981.05    604.79     66.67     99.14   3209.15    755.12      0.00 0
105129 5626.0    38_50_54_60_64_71_72_75_76_84_86_90_95_96_99_100_108_112_114_121_122_125_126_133_134_143_146_152_154_164_176_178_185_187_193_202_203_209_215_218_228_229_232_233_241_245_247_248_251_256_262_265_268_282  1.15e+08  8.46e+07 -24601.91  39264.46  12849.89    568.68     74.50    122.07   5449.38  -2760.26      0.00 0
105130 5626.0    120_136_145_151_161_172_175_184_196_198_211_217_219_223_234_237_242_254_257_263_269_273_278_283_285_290_292  1.29e+08  9.88e+07  -1635.86 -49054.07  12720.72    612.12     75.47    268.09  -4255.99 -10173.87      0.00 0
105131 5626.0    0_1_2_3_4_5_6_7_8_9_10_11_12_13_14_15_16_17_18_19_20_21_22_23_24_25_26_27_28_29_30_32_33_34_35_36_38_39_40_41_42_43_44_45_46_49_50_52_54_55_56_58_60_62_64_66_68_72_76_77_78_79_80_82_84_88_90_92_96_102_104_108_110_112_118_122_130_138_142_153_159_163_169_174_186_192  9.55e+08  7.78e+08 -23795.66 -48125.70  12800.00    646.14     76.59    243.69   2549.05   4710.85      0.00 0
105132 5626.0    0_1_2_3_4_5_6_7_8_9_10_11_12_13_14_15_16_17_18_19_20_21_22_23_24_25_26_27_28_29_30_31_32_34_35_36_37_39_40_41_42_43_44_45_46_47_48_51_52_54_55_56_57_58_61_62_64_65_66_67_68_69_70_73_74_77_78_79_80_81_82_85_87_88_90_91_92_93_94_97_98_101_102_103_104_105_106_109_110_113_115_116_117_118_120_124_127_128_130_135_136_139_140_145_148_149_151_156_157_159_161_166_167_169_172_175_180_181_182_183_184_189_190_192_196_198_200_201_204_205_207_211_213_217_219_223_225_226_230_234_237_242_249_252_254_257_260_263_266_269_273_276_278_280_283_285_288_290_292_294_296  7.94e+08  6.28e+08  18274.72  84026.80  14251.15    667.73     80.59     77.73  -2816.57  -7308.32      0.00 0
105133 5626.0    0_1_2_3_4_5_6_7_8_9_10_11_12_13_14_15_16_17_18_19_20_21_22_23_24_25_26_27_28_29_30_31_32_33_34_35_36_37_38_39_40_41_42_43_44_45_46_47_48_49_50_51_52_53_54_55_56_57_58_59_60_61_62_63_64_65_66_67_68_69_70_71_72_73_74_75_76_77_78_79_80_81_82_83_84_85_86_87_88_89_90_92_93_94_95_96_97_98_99_100_101_102_104_105_106_108_110_112_113_114_118_119_120_122_123_124_126_130_131_132_133_134_136_138_140_142_143_145_147_151_153_155_161_163_164_165_169_170_174_175_177_179_184_186_188_194_208_210_216_217_222_240  7.76e+08  6.18e+08 -103388.90 -47619.18  14844.31    683.85     82.57    204.73   6177.04   3304.37      0.00 0
105134 5626.0    157_161_167_172_181_182_184_190_196_198_200_205_206_211_213_217_219_223_226_227_230_231_234_237_238_246_249_250_253_258_261_267_270_274_281_284  4.90e+08  3.88e+08 -31969.87  18644.28  11470.42    637.43     72.78    149.75   -909.15  -7194.10      0.00 0
105135 5626.0    10_14_18_19_22_27_30_34_36_39_42_43_46_50_51_54_56_60_61_64_65_68_72_76_77_80_81_84_86_87_90_92_93_96_100_101_104_105_108_109_112_114_115_118_119_122_126_127_130_134_135_138_139_142_143_144_147_149_150_153_155_156_159_160_163_165_166_169_170_171_174_177_179_180_183_186_188_189_192_193_194_195_201_204_207_208_210_216_221_222_225_236_240  9.12e+08  7.32e+08 115718.45 -30595.75  14442.28    753.80     83.12    345.19   2046.62   4182.49      0.00 0
105136 5626.0    0_1_2_3_4_5_6_7_8_9_10_11_12_13_14_15_16_17_18_19_20_21_22_23_24_25_26_27_28_29_30_31_32_33_34_35_36_37_38_39_40_41_42_43_44_45_46_47_48_49_50_51_52_53_54_55_56_57_58_59_60_61_62_63_64_65_66_67_68_69_70_71_72_73_74_75_76_77_78_79_80_81_82_83_84_85_86_87_88_89_90_91_92_93_94_95_96_97_98_99_100_101_102_103_104_105_106_107_108_109_110_111_112_113_114_115_116_117_118_119_120_121_122_123_124_125_126_127_128_129_130_131_132_133_134_135_136_137_138_139_140_141_142_143_144_145_146_147_148_149_150_151_152_153_154_155_156_157_158_159_160_161_162_163_164_165_166_167_168_169_170_171_172_173_174_175_176_177_178_179_180_181_182_183_184_185_186_187_188_189_190_191_192_193_194_195_196_197_198_199_200_201_202_203_204_205_206_207_208_209_210_211_212_213_214_215_216_217_218_219_220_221_222_223_224_226_227_228_229_230_231_232_233_234_235_236_237_238_239_240_241_242_243_244_245_246_247_248_249_250_251_252_253_254_255_256_257_258_259_260_261_262_263_264_265_266_267_268_269_270_271_272_273_274_275_276_277_278_279_280_281_282_283_284_285_286_287_288_289_291  3.16e+08  2.36e+08 320646.69 -40734.52  11852.08    593.21     87.90    352.76  -2259.81  -1772.06      0.00 0
105137 5626.0    0_1_2_3_4_5_6_7_8_9_10_11_12_13_14_15_16_17_18_19_20_21_22_23_24_25_26_27_28_29_30_31_32_33_34_35_36_37_39_40_41_42_43_44_45_46_47_48_51_52_53_54_55_56_57_58_60_61_62_63_64_65_66_67_68_69_70_73_74_77_78_79_80_81_82_84_85_87_88_89_90_91_92_93_94_97_98_101_102_103_104_105_106_109_110_112_113_115_116_117_118_119_120_123_124_127_128_130_131_132_135_136_139_140_144_145_148_149_150_151_156_157_158_159_160_161_166_167_169_171_172_175_180_181_182_183_184_189_190_192_195_196_198_200_201_204_205_206_207_211_213_217_219_223_225_226_227_230_234_237_242_246_249_252_254_257_260_261_263_266_269_273_275_276_278_280_283_285_286_287_288_290_292_293_294_296_297  8.13e+08  6.44e+08 -22239.85 -211243.48  14480.73    699.49     86.10    263.99  -3458.02  -1250.11      0.00 0
105138 5626.0    0_1_2_3_4_5_6_7_8_9_10_11_12_13_14_15_16_17_18_19_20_21_22_23_24_25_26_27_28_29_30_31_32_33_34_35_36_37_38_39_40_41_42_43_44_45_46_47_48_49_50_51_52_53_54_55_56_57_58_59_60_61_62_63_64_65_66_67_68_69_70_71_72_73_74_75_76_77_78_79_80_81_82_83_84_85_86_87_88_89_90_91_92_93_94_95_96_97_98_99_100_101_102_103_104_105_106_107_108_109_110_111_112_113_114_115_116_117_118_119_120_121_122_123_124_125_126_127_128_129_130_131_132_133_134_135_136_137_138_139_140_141_143_144_145_146_147_148_149_150_151_152_154_155_156_157_158_160_161_162_164_165_166_167_168_170_171_172_173_175_176_178_181_182_184_185_187_189_190_191_193_194_195_196_197_198_199_200_202_203_205_206_208_209_211_212_213_214_215_217_218_219_220_221_223_224_226_227_228_229_230_231_232_233_234_235_236_237_238_239_241_243_244_245_246_247_248_249_250_251_253_255_256_258_259_261_262_264_265_267_268_270_271_272_274_279_281_282_284_291  2.88e+08  2.16e+08 -260454.19 166759.61  12097.01    630.90     87.76    147.37   3484.12  -4320.75      0.00 0
105139 5626.0    5_8_9_13_16_17_20_21_28_29_32_33_35_40_41_44_45_49_52_53_55_58_59_62_63_66_67_74_75_78_79_82_83_88_89_91_94_95_99_102_103_106_107_110_111_116_117_120_121_124_125_129_133_136_137_141_145_146_151_152_154_162_164_176_178_185_187_193_202_203_209_215_221_228_229_232_239_245_247  5.75e+08  4.56e+08 -52891.20    609.29  12904.12    624.70     76.29    179.34   3801.41  -2487.78      0.00 0
105140 5626.0    90_92_101_104_108_112_115_118_122_127_130_138_139_142_147_149_153_156_159_163_166_169_174_177_179_186_210  1.41e+08  1.06e+08  40510.53  -5549.25  11902.53    629.54     73.77    352.20   3768.01   3838.40      0.00 0
105141 5626.0    40_44_52_55_58_62_66_74_78_79_82_88_91_94_102_103_106_110_116_117_128_129_140_148_157_158_167_168_173_181_182_190_191_197_200_206_212_214_220_227_231_235_238_243_250_253_255_258_264_267_270_271_274_279_281_284  6.76e+08  5.44e+08  32464.82 -39257.18  12578.58    649.93     76.13    309.59   2346.28  -7552.44      0.00 0
105142 5626.0    272_279_282  2.19e+08  1.74e+08 -21513.98 -25083.06  10980.00    646.97     71.62    229.38   5930.50 -10297.98      0.00 0
105143 5626.0    83_95_107_121_125_137_146_152_154_176_178_202_203_209_228_229_245_247  8.51e+08  6.95e+08 -21681.22   8768.59   9406.36    695.95     68.09    157.98   4910.05  -2975.78      0.00 0
105144 5626.0    103_111_117_129_137_141_152_158_162_168_173_185_199_203_218  4.68e+08  3.73e+08  23157.25   -958.43   9671.42    649.75     67.35    357.63   2955.10  -4516.19      0.00 0
105145 5626.0    28_35_40_44_45_52_55_58_62_63_66_67_78_79_82_88_89_91_94_98_102_103_106_107_110_111_116_117_120_121_124_128_129_132_136_137_140_141_145_148_151_152_157_158_161_162_167_168_172_173_175_176_181_182_184_185_190_191_196_197_198_199_202_203_211_212_214_217_218_220_223_224_228_233_235_241_244_245_248_251_256_262_265_268  1.35e+08  1.02e+08  71581.63 -12583.12  14114.24    615.21     79.01    350.03  -3859.46  -3519.66      0.00 0
105146 5626.0    107_111_121_129_137_141_152_158_162_168_173_182_191_197_199_206_212_214_220_227_231_238_246_250_253_258_260_261_267_270_275_277_281_286_287_289_293_295_297_298  5.37e+08  4.28e+08 -10972.65 -32908.28  10824.47    697.35     72.67    251.56   1624.75  -7891.76      0.00 0
105147 5626.0    242_254_257_263_269_273_278_280_283_285  2.19e+08  1.70e+08 -18377.78  16116.88   9856.07    650.39     68.04    138.75  -4068.30  -8692.34      0.00 0
105148 5626.0    12_17_21_25_26_33_34_38_49_50_53_59_60_63_71_72_75_76_83_86_89_95_99_107_111_121_125_137_141_146_152_162_168_173_176_185_197_199_203_212_218_220_224_233_235_241_243_244_255_256_259_264_271_272_279  8.71e+08  7.03e+08  15234.99 -39482.39  11903.52    647.36     74.29    291.10   4116.21  -5335.48      0.00 0
105149 5626.0    0_1_2_3_4_5_6_7_8_9_10_11_12_13_14_15_16_17_18_19_20_21_22_23_24_25_26_27_28_29_30_31_32_34_35_36_37_38_39_40_42_43_44_45_46_47_48_50_51_52_54_55_56_57_58_60_61_62_64_65_66_68_69_70_73_74_76_77_78_80_81_82_84_85_87_88_90_92_94_98_102_104_106_108_110_112_118_120_124_128_130_136_138_140_142_145_151_159_161_163_167_169_172_174_175_184_196_198_211_217_223_234_254  4.27e+08  3.37e+08 -32795.34 -47433.20  13271.00    618.34     77.04    235.34  -1605.62  -1285.80      0.00 0
105150 5626.0    9_13_21_28_29_33_35_40_41_44_45_49_53_55_59_62_63_66_67_71_75_78_79_83_88_89_91_95_99_102_103_106_107_110_111_116_117_128_136_140_151_157_161_167_172_184_196_198_211_217_223_234  2.57e+08  2.02e+08 -36141.45 -20899.93  11774.54    658.48     74.25    210.04  -2070.12  -4125.64      0.00 0
105151 5626.0    141_152_162_168_173_176_178_185_191_197_199_202_203_206_209_212_214_218_220_224_226_227_228_231_233_235_238_243_246_250_253_260_261_267  6.92e+08  5.52e+08  25327.47  25638.81  11425.41    629.83     72.41     45.35   3095.81  -6040.84      0.00 0
105152 5626.0    129_141_148_152_158_162_168_173_181_182_185_191_197_199_200_205_206_212_213_214_220_226_227_230_231_237_246_249_250_252_257_260_261_266_269_273_276_280_283_285_290_292  1.20e+08  8.97e+07  32474.12  29311.75  12676.39    563.22     73.84     42.07   -442.17  -7973.67      0.00 0
105153 5626.0    0_1_2_3_4_5_6_7_9_10_12_14_15_17_18_19_21_22_25_26_27_30_31_33_34_36_38_39_42_43_46_49_50_51_53_54_56_59_60_61_65_71_72_75_76_77_80_81_83_86_87_95_99_105_109_121_125  1.17e+08  9.08e+07 -24040.33  20157.94  11381.73    567.26     70.06    140.02    855.07    456.52      0.00 0
105154 5626.0    190_196_205_213_219_230_237_242_252_254_257_263_269_273_278_283_285_292  3.31e+08  2.57e+08 -19358.89 -33009.63  11750.69    616.24     72.93    239.61  -4295.70 -10644.36      0.00 0
105155 5626.0    196_211_213_219_223_230_234_237_242  2.19e+08  1.71e+08  18291.49  -8397.68   9257.43    638.28     65.30    335.34  -3484.58  -6871.76      0.00 0
105156 5626.0    0_1_2_3_4_5_6_7_8_9_11_12_13_15_16_17_18_20_21_23_24_25_26_28_29_31_32_33_35_37_38_40_41_44_45_47_48_49_52_53_55_57_58_59_62_63_66_69_70_71_73_74_75_82_83_85_94_97_98_113_124_131_132  1.51e+08  1.17e+08  42477.24  -1676.36  12093.34    623.54     74.12    357.74  -3700.62   -615.58      0.00 0
105157 5626.0    0_1_2_3_4_5_6_7_8_9_10_11_12_13_14_15_16_17_18_19_20_21_22_23_24_25_26_27_28_29_30_31_32_33_34_35_36_38_39_40_41_42_43_44_45_46_49_50_51_52_53_54_55_56_59_60_61_62_63_64_65_66_67_68_71_72_75_76_77_78_79_80_83_84_86_87_88_89_90_91_92_95_96_99_100_101_102_103_104_107_108_111_112_114_115_116_117_118_121_122_125_126_127_128_129_130_133_134_137_138_141_142_143_146_147_148_149_152_153_154_155_156_157_158_159_162_163_168_169_173_174_176_177_180_181_182_183_185_186_189_190_191_192_197_199_200_201_204_205_206_207_212_214_218_220_224_225_226_227_231_235_238_243_244_246_249_250_253_255_258_260_261_264_267_270_271_274_275_276_277_279_281_284_286_287_289_291_293_294_295_297_298  4.90e+08  3.81e+08   -891.60 111052.18  15331.25    615.27     82.14     90.46   1867.66  -1087.50      0.00 0
105158 5626.0    0_1_2_3_4_5_6_7_8_9_10_11_12_13_14_15_16_17_18_19_20_21_22_23_24_25_26_27_28_29_30_31_32_33_34_35_36_37_38_39_40_41_42_43_44_45_46_47_48_49_50_51_52_53_54_55_56_57_58_59_60_61_62_63_64_65_66_67_68_69_70_71_72_73_74_75_76_77_78_79_80_81_82_83_84_85_86_87_88_89_90_91_92_93_94_95_96_97_98_99_100_101_102_103_104_105_106_107_108_109_110_111_112_113_114_115_116_117_118_119_120_121_123_124_125_127_128_129_131_132_133_135_136_137_139_140_141_144_146_148_149_150_152_154_156_157_158_160_162_166_167_168_171_173_176_178_180_181_182_185_187_189_190_191_195_197_199_200_202_203_204_206_209_212_214_218_220_224_227_228_229_231_233_235_238_241_243_244_245_248_250_251_253_255_256_258_259_262_264_265_267_268_270_271_272_274_279_281_282_284  5.50e+08  4.29e+08  95665.83 -124629.09  15405.03    654.30     84.40    307.51    347.81  -1356.68      0.00 0
105159 5626.0    0_1_2_3_4_5_6_7_8_9_10_11_12_13_14_15_16_17_18_19_20_21_22_23_24_25_26_27_28_29_30_31_32_33_34_35_36_37_38_39_40_41_42_43_44_45_46_47_48_49_50_51_52_53_54_55_56_57_58_59_60_61_62_63_64_65_66_67_68_69_70_71_72_73_74_75_76_77_78_79_80_81_82_83_84_85_86_87_88_89_90_91_92_93_94_95_96_97_98_99_100_101_102_103_104_105_106_108_109_110_112_113_114_115_116_117_118_119_120_122_123_124_126_127_128_130_131_132_134_135_136_138_139_140_142_145_147_148_149_151_153_155_156_157_159_161_163_167_169_172_174_175_177_179_180_181_183_184_186_190_192_196_198_201_207_210_211_213_217_219_223_234_237_242_254_257_263_273_278  1.91e+08  1.42e+08  93520.09 115446.47  15746.74    612.60     83.95     50.99   -347.29    515.03      0.00 0
105160 5626.0    0_1_2_3_4_5_6_7_8_9_10_11_12_14_15_16_17_18_19_22_23_24_25_26_27_30_31_32_33_34_36_37_38_39_42_43_46_47_48_49_50_51_54_56_57_60_61_64_65_68_69_70_71_72_73_74_75_76_77_80_81_84_85_86_87_90_92_93_96_97_98_99_100_101_104_105_108_109_112_113_114_115_118_119_122_123_126_127_130_131_132_133_134_135_138_139_142_143_144_147_149_150_153_155_156_159_160_163_164_165_166_169_170_171_174_177_179_180_183_186_188_189_192_193_194_195_201_204_207_208_210_216_221_222_225_236_240  7.76e+08  6.13e+08 249933.14   7767.12  13629.98    694.81     86.88      1.78   3698.21   4758.83      0.00 0
105161 5626.0    0_1_2_3_4_5_6_7_8_9_10_11_12_13_14_15_16_17_18_19_20_21_22_23_24_25_26_27_28_29_30_31_32_33_34_35_36_37_38_39_40_41_42_43_44_45_46_47_48_49_50_51_52_53_54_55_56_57_58_59_60_61_62_63_64_65_66_67_68_69_70_71_72_73_74_75_76_77_78_79_80_81_82_83_84_85_86_87_88_89_90_91_92_93_94_96_97_98_100_101_102_103_104_105_106_107_108_109_110_111_112_113_115_116_117_118_119_120_122_123_124_126_127_128_129_130_131_132_135_136_138_139_140_142_144_145_147_148_149_150_151_153_156_157_158_159_160_161_163_166_167_169_171_172_174_175_177_180_181_182_183_184_186_189_190_192_195_196_198_200_201_204_205_207_211_213_217_219_223_225_226_230_234_237_242_249_252_254_257_263_266_269_273_278_280_283_285_290_292_296  6.31e+08  4.84e+08 -93810.73 -206708.69  14679.42    639.07     86.30    245.59    -85.07   4531.45      0.00 0
105162 5626.0    12_17_18_22_25_26_33_34_38_42_49_50_54_60_64_71_72_76_84_90_96_108_112_122_138_142_163  9.33e+08  7.51e+08  -6584.47 -21795.05   9994.43    595.13     66.30    253.19   2206.10   1671.59      0.00 0
105163 5626.0    0_1_2_3_5_8_9_11_13_15_16_17_20_21_23_24_28_29_32_33_35_37_40_41_44_45_47_48_52_53_55_58_59_62_63_66_67_69_70_73_74_78_79_82_83_85_88_89_91_94_95_97_98_102_103_106_107_110_111_113_116_117_121_124_129_131_132_137_141_146_152_158_162_168_173_176_185_191_197_199_202_203_212_218_220_224_228_233_235_241_244_245_248_251_255_256_259_262_265_268_272_282  3.02e+08  2.33e+08 -56571.83  34980.41  14040.78    586.39     78.08    148.27   4775.42  -5242.40      0.00 0
105164 5626.0    0_1_2_3_4_5_6_8_9_13_16_20_28_29_35_40_44_45_52_55_62_66_78_79_88_91_102_116  1.02e+08  7.76e+07   3649.00  21016.08   9878.68    579.99     65.15     80.15   -433.26  -2037.55      0.00 0
105165 5626.0    117_148_158_181_182_191_200_205_206_226_227_230_231_246_249_250_260_261_266_267_275_276_277_280_286_287_288_293_294_295_296_297_298  4.90e+08  3.84e+08  -4865.30 -38458.86  11822.18    613.21     73.04    262.79   -161.16 -10476.55      0.00 0
105166 5626.0    0_1_2_3_4_5_6_7_8_9_10_11_12_13_14_15_16_17_18_19_20_21_22_23_24_25_26_27_28_29_30_31_32_33_34_35_36_37_38_39_40_41_42_43_44_45_46_47_48_49_50_51_52_53_54_55_56_57_58_59_60_61_62_63_64_65_66_67_68_69_70_71_72_73_74_75_76_77_78_79_80_81_82_83_84_85_86_87_88_89_90_91_92_93_94_95_96_97_98_99_100_101_102_103_104_105_106_107_108_109_110_111_112_113_114_115_116_117_118_119_120_121_122_123_124_125_126_127_128_129_130_131_132_133_134_135_136_137_138_139_140_141_142_143_144_145_146_147_148_149_150_151_152_153_154_155_156_157_158_159_160_161_162_163_164_165_166_167_168_169_170_171_172_173_174_176_177_178_179_180_181_182_183_185_186_187_188_189_190_191_192_193_194_195_196_197_199_200_201_202_203_204_205_206_207_208_209_211_212_213_214_215_218_219_220_224_225_226_227_228_229_230_231_232_233_235_237_238_241_243_244_245_246_247_248_249_250_251_252_253_255_256_258_259_260_261_262_264_265_266_267_268_270_271_272_274_275_276_277_279_281_282_284_286_287_289_291_293_294_295_297_298  2.00e+08  1.49e+08 107422.27 -259340.31  13090.55    642.80     87.33    292.50   1274.31  -1912.88      0.00 0
105167 5626.0    86_96_99_100_114_122_125_126_133_134_143_146_147_153_154_155_163_164_165_177_179_186  1.32e+08  1.01e+08   -827.43  30382.27  11285.14    564.52     69.63     91.56   4381.89    872.11      0.00 0
105168 5626.0    117_129_141_148_158_162_168_173_191_197_199_212_218_220_224_233_235_241_244_251_256_265_268_282  7.24e+08  5.82e+08 -27607.69   6903.85  10459.17    642.54     69.82    165.96   4123.77  -5886.42      0.00 0
105169 5626.0    94_98_106_110_120_124_128_131_132_136_140_145_151_157_161_167_172_175_181_184_190_196_198_200_205_211_213_217_219_223_226_227_230_234_237_242_246_249_250_252_254_257_260_261_263_266_267_269_273_275_276_277_278_280_281_283_285_286_287_288_289_290_291_292_293_294_295_296_297_298  1.15e+08  8.40e+07 -141554.67 214028.06  14436.26    581.89     86.78    123.48  -3452.08 -10919.23      0.00 0
105170 5626.0    158_168_173_181_182_190_191_197_199_200_205_206_212_213_214_218_219_220_224_226_227_230_231_233_235_237_238_241_242_243_244_245_246_248_250_251_253_255_256_258_259_262_264_265_268_271_272_282  3.55e+08  2.76e+08 -50894.66  -4434.81  12936.62    603.64     75.79    184.98   5066.15  -6571.83      0.00 0
105171 5626.0    0_1_2_3_4_5_6_7_8_9_10_11_12_13_14_15_16_17_18_19_20_21_22_23_24_25_26_27_28_29_30_31_32_33_34_35_36_37_38_39_40_41_42_43_44_45_46_47_48_50_51_52_54_55_56_57_58_60_61_62_64_65_66_68_69_70_73_74_77_78_79_80_81_82_84_85_87_88_90_91_92_93_94_97_98_101_102_104_105_106_108_109_110_112_113_115_116_118_119_120_123_124_127_128_130_131_132_135_136_138_139_140_142_144_145_149_150_151_156_157_159_160_161_163_166_167_169_171_172_174_175_180_183_184_189_190_192_195_196_198_201_204_207_211_213_217_219_223_225_234_237_242_254_257_263_273_278_283_285_292  4.07e+08  3.17e+08  55760.56 126187.45  15352.61    654.57     83.65     66.16  -1056.70   2997.59      0.00 0
105172 5626.0    127_135_139_144_150_160_166_171  6.76e+08  5.52e+08 -18751.91  -7337.47   9121.55    658.93     65.63    201.37  -3833.38   3856.56      0.00 0
105173 5626.0    35_41_44_45_53_55_62_63_66_67_78_79_83_88_89_91_95_102_103_106_107_110_111_116_117_120_121_125_128_129_136_137_140_141_146_148_151_152_154_157_158_161_162_167_168_172_173_175_176_178_181_182_184_185_187_190_191_196_197_198_199_202_203_209_211_212_215_217_218_221_223_224_228_229_232_233_239_241_245_247_248_251_262_265  1.70e+08  1.30e+08  68982.84   6873.24  13688.89    649.60     78.83      5.69   4974.68  -3680.82      0.00 0
105174 5626.0    0_1_2_3_4_5_6_7_8_9_10_11_12_13_14_15_16_17_18_19_20_21_22_23_24_25_26_27_28_29_30_31_32_33_34_35_36_37_38_39_40_41_42_43_44_45_46_47_48_49_50_51_52_53_54_55_56_57_58_59_60_61_62_63_64_65_66_67_68_69_70_71_72_73_74_75_76_77_78_79_80_81_82_83_84_85_86_87_88_89_90_91_92_93_95_96_97_99_100_101_102_103_104_105_107_108_109_111_112_114_115_116_117_118_119_121_122_125_126_127_129_130_133_134_135_137_138_139_141_142_143_146_147_148_149_150_152_153_154_155_156_158_159_160_162_163_164_165_166_168_169_170_171_173_174_176_177_178_179_180_182_183_185_186_187_188_189_191_192_193_194_195_197_199_201_202_203_204_206_207_208_209_210_212_214_215_216_218_220_221_222_224_225_228_229_231_232_233_235_236_238_239_240_241_243_244_245_247_248_251_253_255_256_258_259_262_264_265_268_270_271_272_274_279_282_284  7.41e+08  5.83e+08 -127873.47 236793.28  13114.82    686.36     87.21    118.37   5710.30  -3706.20      0.00 0
105175 5626.0    146_154_176_178_202_203_218_228_233_248_251_265_268  6.61e+08  5.35e+08  -8894.91  17997.47   9148.96    653.19     65.50    116.30   5782.94  -4064.21      0.00 0
105176 5626.0    246_249_250_253_258_260_261_266_267_270_274_275_276_277_279_281_284_289_291  4.57e+08  3.65e+08 -28089.96   2769.09  10385.19    648.94     69.80    174.37   1944.84  -9896.57      0.00 0
105177 5626.0    94_98_106_110_113_120_124_128_132_136_140_145_151_161_167_172_175_184_190_196_198_205_211_213_219_223_230_234_237_242_249_252_257_260_266_269_273_276_280_283_288_290_294_296  5.13e+08  4.05e+08  -9219.22  38608.56  11818.22    625.79     73.42    103.43  -2720.92  -6322.99      0.00 0
105178 5626.0    152_185_199_203_218_233_241_248_251_256_265_268_282  1.95e+08  1.53e+08 -15051.65  13311.89   9327.21    627.28     65.10    138.51   5675.67  -5282.03      0.00 0
105179 5626.0    0_1_2_3_5_8_9_11_13_15_16_17_20_21_23_24_28_29_32_33_35_37_40_41_44_45_47_48_52_53_55_58_59_62_63_66_67_69_70_73_74_78_79_82_83_85_88_89_91_94_95_97_98_102_103_107_111_113_117_121_129_131_137_141_146_152_158_162_168_173_176_185_197_199_202_203_212_218_224_228_233_235_241_244_248_251_255_256_259_262_265_268_272_282  3.47e+08  2.71e+08 -46279.97  31676.69  13019.86    638.07     76.93    145.61   4250.56  -4921.80      0.00 0
105180 5626.0    0_2_3_4_5_6_8_9_10_12_13_14_17_18_21_22_25_26_28_29_30_33_34_35_38_41_42_44_45_46_49_50_53_54_55_59_60_63_64_66_67_68_71_72_75_76_78_79_83_84_86_89_90_91_95_96_99_100_102_103_104_107_108_111_112_114_116_117_121_122_125_126_128_129_130_137_138_141_142_148_153_157_158_162_163_168_169_173_174_181_182_190_191_197_200_205_206_212_213_214_220_226_227_230_231_237_238_246_249_250_252_253_258_260_261_266_267_269_270_275_276_277_280_281_283_286_287_288_289_290_291_293_294_295_296_297_298  1.02e+08  7.63e+07 -15949.37 -82746.10  14707.33    601.37     80.10    259.09    -92.15 -10548.27      0.00 0
105181 5626.0    111_121_125_129_137_141_146_152_154_158_162_164_168_173_176_178_182_185_187_191_193_197_199_200_202_203_205_206_212_214_218_220_224_226_227_230_231_235_238_246_249_250_252_253_260_261_266_267_269_275_276_277_280_283_286_288_290_294_296  3.89e+08  3.08e+08  26756.44  34185.16  11485.94    724.26     75.18     51.95   1679.66  -6674.62      0.00 0
105182 5626.0    200_206_226_227_231_246_250_261_267_275_277_281_287_289  5.01e+08  4.00e+08  -4922.72  20379.22   9475.03    627.08     65.68    103.58    811.48  -9156.43      0.00 0
105183 5626.0    0_1_2_3_4_5_6_7_8_9_10_11_12_13_14_15_16_17_18_19_20_21_22_23_24_25_26_27_28_29_30_31_32_33_34_35_36_37_38_39_40_41_42_43_44_45_46_47_48_49_50_51_52_53_54_55_56_57_58_59_60_61_62_63_64_65_66_67_68_69_70_71_72_73_74_75_76_77_78_79_80_81_82_83_84_85_86_87_89_90_92_93_95_96_97_98_99_100_101_103_104_105_107_108_109_111_112_113_114_115_118_119_121_122_123_125_126_127_130_131_133_134_135_137_138_139_141_142_143_144_146_147_149_150_152_153_154_155_156_159_160_162_163_164_165_166_169_170_171_176_177_178_179_180_183_185_187_188_189_193_194_195_199_202_203_204_208_209_210_215_216_218_221_222_228_229_232_233_236_239_240_245_247_248_251_262_265_282  1.82e+08  1.37e+08 139227.20 -75342.70  15856.84    600.71     84.28    331.58  -1850.18   2734.49      0.00 0
105184 5626.0    0_1_2_3_4_5_6_7_8_9_11_13_14_15_16_17_19_20_21_23_24_27_28_29_31_32_35_37_39_40_41_43_44_45_47_48_51_52_53_55_57_58_61_62_63_65_66_67_69_70_73_74_78_79_81_82_85_87_88_89_91_93_94_97_102_103_105_106_109_110_111_116_117_119_123_128_129_135_141_148_150_157_158_160_168_173_181_182_191_197_200_206_212_214_220_227_231_235_238_243_250_253_255_258_264_270_274_279_284  7.08e+08  5.67e+08  25530.24 -47001.29  12762.26    649.45     76.58    298.51    312.49  -3386.39      0.00 0
105185 5626.0    60_76_84_86_96_100_114_126_133_134_143_164_165_170_193  1.23e+08  9.34e+07  17335.85 -12210.98   9574.29    618.58     65.70    324.84   4357.87    308.89      0.00 0
105186 5626.0    91_103_111_116_117_128_129_148_157_158_167_172_181_182_190_196_200_205_211_213_219_226_230_234_237_242_252_254_257_263_269_273_278_283_285  1.29e+08  9.71e+07  32780.41  32325.87  12880.09    562.13     74.37     44.60  -3175.07  -7975.41      0.00 0
105187 5626.0    91_116_117_148_158_168_182_191_197_206_214_220_231_238_243_253_258_264_270_274  2.95e+08  2.34e+08  16454.45 -22572.95  10644.47    607.03     69.14    306.09   1626.30  -6688.02      0.00 0
105188 5626.0    121_137_141_146_152_162_173_185_197_199_212_214_218_220_224_235_238_243_244_253_255_258_264_267_270_271_274_279_281_284_289_291  8.71e+08  6.98e+08  -2479.09 -41121.63  11665.14    667.08     74.19    266.55   3465.33  -9355.98      0.00 0
105189 5626.0    226_227_231_238_243_246_249_250_252_253_255_257_258_260_261_263_264_266_267_269_270_271_273_274_275_276_277_278_279_280_281_283_284_285_286_287_288_289_290_291_292_296  1.05e+08  7.77e+07  52944.43   4520.32  13228.85    585.43     76.02      4.88   -166.52  -9866.87      0.00 0
105190 5626.0    91_102_103_110_111_116_117_128_129_136_137_140_141_148_151_152_157_158_161_162_167_168_172_173_175_176_181_182_184_185_190_191_196_197_198_199_200_202_203_205_206_211_212_213_214_217_218_219_220_223_224_226_227_228_229_230_231_233_234_235_237_238_241_242_243_244_245_246_247_248_249_250_251_252_253_254_255_256_257_258_259_260_261_262_263_264_265_266_267_268_269_270_271_272_273_274_275_276_277_278_279_280_281_282_283_284_285_286_287_288_289_290_291_292_293_294_295_296_297_298  9.77e+08  7.67e+08 -276819.09   -773.03  13248.21    640.33     87.26    180.16   -508.26  -9267.37      0.00 0
105191 5626.0    212_214_218_220_224_231_233_235_238_241_243_244_251_255  2.14e+08  1.68e+08 -19884.38  -9771.40   9799.50    608.57     66.14    206.17   3886.05  -6711.16      0.00 0
105192 5626.0    19_31_39_43_47_51_57_61_65_69_70_73_77_81_85_87_92_93_97_98_101_105_109_113_115_118_119_123_127_131_132_135_139_149_156_159_180_183_192_207  4.57e+08  3.66e+08 -22805.17 -26579.07  11176.87    649.78     72.30    229.37  -2036.87   2563.29      0.00 0
105193 5626.0    37_47_57_61_69_70_73_74_81_85_87_93_94_97_98_105_109_113_119_120_123_124_127_131_132_135_139_144_145_150_151_156_160_166_171_175_184_189_195_204_217  4.37e+08  3.42e+08  -9547.42 -52225.12  12991.20    615.07     76.25    259.64  -3370.28   3679.62      0.00 0
105194 5626.0    0_1_2_3_4_5_6_7_8_9_10_11_12_13_14_15_16_17_18_19_20_21_22_23_24_25_26_27_28_29_30_31_32_33_34_35_36_37_39_40_41_42_43_44_45_46_47_48_51_52_53_54_55_56_57_58_61_62_63_64_65_66_67_68_77_78_79_80_82_87_88_89_90_91_92_101_102_103_104_110_115_116_117_118_128_130_148_149_157_158_159_167_180_181_182_183_190_200_205_213_226_227_230_246_249_260  1.38e+08  1.04e+08   4150.18  48609.16  12771.47    602.64     75.33     85.12   -274.52  -1516.73      0.00 0
105195 5626.0    196_198_205_211_213_217_219_223_226_227_230_234_237_242_246_249_250_252_253_254_257_260_261_263_266_267_269_270_273_275_276_277_278_280_281_283_284_285_286_287_288_289_290_291_292_293_294_295_296_297_298  2.34e+08  1.81e+08  92377.54 -56964.47  15001.74    649.96     82.13    328.34  -4033.51  -8765.57      0.00 0
105196 5626.0    146_154_164_176_178_185_187_199_202_203_209_218_224_228_229_233_235_241_244_248_251_255_256_259_264_268_271_272_279  1.91e+08  1.46e+08    243.38 -38734.19  11643.15    637.24     73.27    270.36   5664.51  -6633.32      0.00 0
105197 5626.0    0_1_2_3_4_5_6_7_8_9_10_11_12_13_14_15_16_17_18_19_21_22_23_25_26_27_29_30_31_33_34_36_38_39_41_42_43_46_47_49_50_51_53_54_56_57_59_60_61_63_64_65_67_68_71_72_73_75_76_77_80_81_83_84_86_87_89_90_92_93_95_96_99_100_101_104_105_107_108_109_112_114_115_118_119_121_122_125_126_127_130_133_134_135_137_138_139_142_143_144_146_147_149_150_152_153_154_155_156_159_160_162_163_164_165_166_169_170_171_174_176_177_178_179_180_183_185_186_187_188_189_192_193_194_195_201_202_203_204_207_208_209_210_215_216_218_221_222_225_228_229_232_233_236_239_240_241_245_247_248_251_262_265_268_282  1.29e+08  9.34e+07 142706.50 -122530.46  15893.77    576.67     85.17    319.35   4251.96   1076.71      0.00 0
105198 5626.0    235_238_243_244_250_253_255_256_258_259_260_261_264_267_270_271_274_275_276_277_279_281_284_286_287_288_289_290_291_293_294_295_296_297_298  1.82e+08  1.39e+08  34485.84  26827.17  12281.20    612.30     74.30     37.88    667.75 -11063.84      0.00 0
105199 5626.0    0_1_2_3_4_5_6_8_9_10_11_12_13_16_17_18_20_21_24_25_26_28_29_32_33_34_35_38_40_41_44_45_48_49_50_52_53_55_58_59_60_62_63_66_67_70_71_72_74_75_76_78_79_82_83_86_88_89_91_94_95_96_98_99_100_102_103_106_107_110_111_114_116_117_120_121_124_125_126_128_133_134_136_137_140_143_145_146_151_154_155_161_164_165_170_172_175_184_187_188_193_194_198_208_210_215_216_217_221_222_236_240  1.66e+08  1.26e+08 -61686.71 -22476.52  13811.53    608.96     78.12    200.02   1827.14  -1242.29      0.00 0
