#event_number primary_type du_ids energy_primary em_energy Xmax_pos(x, y, z), Xmax_grams zenith azimuth shower_core_pos_x shower_core_pos_y shower_core_pos_z, N_tested_cores, units are degrees, GeV and meters
102500 5626.0    20_28_35_40_44_45_52_55_62_66_67_78_79_88_89_91_103_111_117_129_137_141_158_162_168_173_197_199_212_224  1.62e+09  1.32e+09 -22202.78  16190.55  10334.16    642.15     69.39    143.90   1622.08  -3857.49      0.00 0
102501 5626.0    199_212_220_224_235_238_243_253_255_258_264_270_274_281_284  4.68e+09  3.94e+09   7275.16  20487.58   9372.13    661.12     66.68     70.45   3229.00  -8069.39      0.00 0
102502 5626.0    0_1_2_3_4_5_6_7_8_9_10_11_12_13_14_15_16_17_18_19_20_21_22_23_24_25_26_27_28_29_30_31_32_33_34_35_36_37_38_39_40_41_42_43_44_45_46_47_48_49_50_51_52_53_54_55_56_57_58_59_60_61_62_63_64_66_67_68_69_70_71_72_73_74_75_76_78_79_81_82_83_84_85_86_88_89_91_93_94_95_96_97_98_99_100_102_103_106_107_110_111_113_114_120_121_123_124_125_126_131_132_133_134_136_137_143_145_146_147_151_152_154_155_164_165_170_175_176_178_179_187_188_193_194_202_208_209_210_215_216_221_222_229_232_236_239_240_247  1.38e+09  1.11e+09 -90857.16  -4777.52  14475.36    659.77     80.96    183.01   4945.92   -479.35      0.00 0
102503 5626.0    12_17_18_21_22_25_26_29_33_34_38_41_42_45_49_50_53_54_59_60_63_64_67_71_72_75_76_79_83_84_86_89_90_95_96_99_100_103_107_108_111_112_114_117_121_122_125_126_129_130_133_134_137_138_141_142_143_146_147_148_152_153_154_155_158_162_163_164_165_168_169_170_173_174_176_177_178_179_182_185_186_187_188_191_193_194_197_199_200_202_203_206_208_209_210_212_214_215_216_218_220_221_222_224_226_227_228_229_231_232_233_235_236_238_239_240_241_243_244_245_246_247_248_250_251_253_255_256_258_259_260_261_262_264_265_267_268_270_271_272_274_275_276_277_279_281_282_284_286_287_289_291_293_294_295_297_298  3.80e+09  3.11e+09  27948.26 168456.80  14999.59    699.85     84.98     80.58   4979.80  -2177.31      0.00 0
102504 5626.0    0_1_2_3_4_5_6_7_8_9_10_11_12_13_14_15_16_17_18_19_20_21_22_23_24_25_26_27_28_29_30_31_32_33_34_35_36_37_38_39_40_41_42_43_44_45_46_47_48_49_50_51_52_53_54_55_56_57_58_59_60_61_63_64_65_66_67_68_69_70_71_72_73_75_76_77_78_79_80_81_83_84_86_87_89_90_91_92_93_95_96_97_99_100_101_103_104_105_107_109_111_114_115_118_119_121_123_125_127_129_133_135_137_139_141_144_146_150_152_154_156_160_162_166_168_171_173_176_178_185_187_189_195_197_199_202_203_209_212_218_220_224_228_229_233_235_241_244_245_248_251_255_256_259_262_265_268_271_272_282  2.00e+10  1.71e+10 -50368.44  56951.19  13050.52    790.51     80.26    131.49   3387.10  -3016.03      0.00 0
102505 5626.0    0_1_3_4_5_6_7_9_10_12_13_14_17_18_21_22_25_26_27_29_30_33_34_36_38_41_42_43_45_46_49_50_53_54_56_59_60_63_64_65_67_68_71_72_75_76_77_79_80_83_84_86_89_90_92_95_96_99_100_101_103_104_107_108_111_112_114_115_118_121_122_125_126_127_129_130_133_134_137_138_141_142_143_146_147_149_152_153_154_155_156_158_159_162_163_164_165_168_169_170_173_174_176_177_178_179_180_183_185_186_187_188_189_191_192_193_194_197_199_201_202_203_204_207_208_209_210_212_214_215_218_220_221_224_225_228_229_232_233_235_238_241_243_244_245_247_248_251_253_255_256_258_259_262_264_265_268_270_271_272_274_279_282_284  5.25e+09  4.32e+09  31875.91 -112422.38  14554.94    731.16     82.90    285.83   4277.62  -3092.32      0.00 0
102506 5626.0    0_1_2_3_4_5_6_7_8_9_10_11_12_13_14_15_16_17_18_19_21_22_23_24_25_26_27_29_30_31_33_34_36_38_39_41_42_43_46_47_49_50_51_53_54_56_57_59_60_61_63_64_65_67_68_71_72_73_75_76_77_80_81_83_84_86_87_89_90_92_93_95_99_101_105_107_109_115_119_121_125_127_135_137_139_144_146_150_152_156_160_166_171_195  5.13e+09  4.22e+09 -40043.22  40169.22  12771.74    678.37     77.31    134.91  -3118.63   4253.00      0.00 0
102507 5626.0    0_1_2_3_4_5_6_7_8_9_10_11_12_13_14_15_16_17_18_19_20_21_22_23_24_25_26_27_28_29_30_31_32_33_34_35_36_37_39_40_41_42_43_44_45_46_47_48_51_52_54_55_56_57_58_61_62_64_65_66_67_68_69_70_73_74_77_78_79_80_81_82_85_87_88_90_91_92_93_94_97_98_101_102_103_104_105_106_109_110_113_115_116_117_118_119_120_123_124_127_128_130_131_132_135_136_139_140_144_145_148_149_150_151_156_157_158_159_160_161_166_167_171_172_175_180_181_182_183_184_189_190_192_195_196_198_200_201_204_205_206_207_211_213_217_219_223_225_226_227_230_234_237_242_246_249_252_254_257_260_261_263_266_269_273_275_276_278_280_283_285_286_287_288_290_292_293_294_296_297  6.61e+10  5.76e+10  -3138.24 -109608.88  13969.17    801.52     82.74    268.36  -1979.95   3898.54      0.00 0
102508 5626.0    0_1_2_3_4_5_6_7_8_9_10_11_12_13_14_15_16_17_18_19_20_21_22_23_24_25_26_27_28_29_30_31_32_33_34_35_36_37_38_39_40_41_42_43_44_45_46_47_48_49_50_51_52_53_54_55_56_57_58_59_60_61_62_63_64_65_66_67_68_69_70_71_72_73_74_75_76_77_78_79_80_81_82_83_84_85_86_87_88_89_90_91_92_93_94_96_97_98_100_101_102_103_104_105_106_108_109_110_112_113_115_116_117_118_119_120_122_123_124_126_127_128_130_131_132_135_136_138_139_140_142_144_145_147_148_149_150_151_153_156_157_159_160_161_163_166_167_169_171_172_174_175_177_180_181_183_184_186_189_190_192_195_196_198_201_204_205_207_211_213_217_219_223_225_230_234_237_242_249_252_254_257_263_266_269_273_278_280_283_285_290_292  1.51e+09  1.21e+09 -97434.54 -191887.94  14897.83    642.05     86.04    243.08  -3044.04  -1443.36      0.00 0
102509 5626.0    21_25_29_33_35_38_41_44_45_49_53_55_59_63_66_67_71_72_75_78_79_83_86_88_89_91_95_99_100_102_103_107_110_111_114_116_117_121_125_128_129_133_134_137_140_141_143_146_148_152_154_155_157_158_161_162_164_165_167_168_170_172_173_176_178_179_181_182_185_187_188_190_191_193_194_196_197_198_199_200_202_203_205_206_208_209_210_211_212_213_214_215_216_218_219_220_221_222_223_224_226_227_228_229_230_231_232_233_234_235_236_237_238_239_240_241_242_243_244_245_246_247_248_249_250_251_252_253_254_255_256_257_258_259_260_261_262_263_264_265_266_267_268_269_270_271_272_273_274_275_276_277_278_279_280_281_282_283_284_285_286_287_288_289_290_291_292_293_294_295_296_297_298  6.76e+09  5.65e+09 -197784.94 -152314.91  13519.87    710.15     86.90    217.60   -258.26  -8831.66      0.00 0
102510 5626.0    0_1_2_3_4_5_6_8_9_10_11_12_13_14_16_17_18_20_21_22_25_26_28_29_30_32_33_34_35_38_40_41_42_44_45_46_49_50_52_53_54_55_58_59_60_62_63_64_66_67_68_71_72_75_76_78_79_82_83_84_86_88_89_90_91_95_96_99_100_102_103_106_107_108_110_111_112_114_116_117_121_122_125_126_128_129_133_134_136_137_138_140_141_142_143_146_147_148_152_153_154_155_157_158_161_162_163_164_165_167_168_170_172_173_176_177_178_179_181_182_186_187_188_190_191_193_194_196_197_198_200_205_206_208_210_211_213_214_216_219_222_223_226_227_230_231_234_237_240_242_246_249_250_252_254_257_260_263_266_269_273_276_278_280_283_285_288_290_292_296  1.20e+10  1.01e+10  63928.83  84682.56  14609.90    695.34     82.16     52.95    844.50  -3200.00      0.00 0
102511 5626.0    63_67_79_83_89_91_95_99_102_103_107_111_116_117_121_125_128_129_133_137_141_148_157_158_167_168_172_181_182_190_191_196_200_205_206_211_213_219_226_227_230_234_237_242_246_249_252_254_257_263_266_269_273_278_280_283_285_290_292  9.77e+10  8.51e+10 -40719.41 -41219.95  12294.59    763.58     78.02    225.35  -4046.18  -9493.79      0.00 0
102512 5626.0    7_14_19_22_27_30_31_36_39_42_43_46_51_54_56_57_61_64_65_68_73_77_80_81_84_87_90_92_93_96_97_101_104_105_108_112_118_122_130_138_142_147_153_163_174_177_179_186  7.41e+10  6.49e+10 -32564.77 -10323.90  10444.39    750.26     73.00    197.59   2084.41   3154.06      0.00 0
102513 5626.0    0_3_4_5_8_9_12_13_17_18_21_22_25_26_28_29_33_34_35_38_40_41_44_45_49_50_53_54_55_59_60_63_64_66_67_71_72_75_76_78_79_83_84_86_88_89_91_95_96_99_100_102_103_107_108_110_111_114_116_117_121_122_125_126_128_129_133_134_137_138_140_141_143_146_147_148_152_153_154_155_157_158_162_163_164_165_167_168_170_172_173_176_177_178_179_181_182_185_186_187_188_190_191_193_194_196_197_199_200_202_203_205_206_208_209_210_211_212_213_214_215_216_218_219_220_221_222_224_226_227_228_229_230_231_232_233_234_235_236_237_238_239_240_241_242_243_244_245_246_247_248_249_250_251_252_253_254_255_256_257_258_259_260_261_263_264_266_267_269_270_273_274_275_276_277_278_280_281_283_284_285_286_287_288_289_290_291_292_293_294_295_296_297_298  9.12e+10  7.93e+10 -95327.72 -132467.31  14622.84    756.74     84.88    234.26   5216.41   -500.18      0.00 0
102514 5626.0    0_1_2_3_4_5_6_7_8_9_10_11_12_13_14_15_16_17_18_19_20_21_22_23_24_25_26_27_28_29_30_31_32_33_34_35_36_37_38_39_40_41_43_44_45_47_48_49_50_51_52_53_55_57_58_59_61_62_63_65_66_67_69_70_71_72_73_74_75_78_79_81_82_83_85_86_88_89_91_93_94_95_97_98_99_102_103_105_106_107_110_111_113_116_117_119_120_121_123_124_125_128_129_131_132_133_136_137_140_141_144_145_146_148_150_151_152_154_157_158_161_162_167_168_173_175_176_178_182_185_187_191_197_199_202_203_209_212_214_218_220_224_228_229_232_233_235_241_243_244_245_247_248_251_255_256_259_262_265_268_272_282  2.57e+09  2.11e+09  98594.39 -48921.24  14490.24    723.54     82.50    333.61  -1680.29  -1343.89      0.00 0
102515 5626.0    121_125_133_137_143_146_152_154_162_164_170_173_176_178_185_187_193_199  3.39e+09  2.83e+09 -11676.86 -19705.22   9408.09    683.94     67.67    239.35   4804.22  -2427.14      0.00 0
102516 5626.0    122_126_147_153_155_177_179_186  6.03e+10  5.31e+10  14805.83  19122.00   9104.61    767.96     69.37     52.25   5884.95   4603.26      0.00 0
102517 5626.0    213_219_226_230_234_237_242_246_249_252_254_257_260_261_263_266_267_269_275_276_277_281_287_289  3.47e+09  2.89e+09  24992.53 -14598.61  10466.10    650.56     70.12    329.71  -1554.16  -8820.93      0.00 0
102518 5626.0    31_37_47_48_51_57_61_69_70_73_74_81_85_87_93_94_97_98_105_109_113_119_120_123_124_127_131_132_135_139_150_160_166_171_189_195  3.98e+10  3.47e+10   6600.41  26892.33   9604.93    764.02     70.87     76.21  -2951.01   1560.09      0.00 0
102519 5626.0    0_1_2_3_4_5_6_7_8_9_11_12_13_15_16_17_19_20_21_23_24_25_28_29_31_32_33_35_37_40_41_44_45_47_48_49_51_52_53_55_57_58_59_62_63_66_67_69_70_73_74_78_79_81_82_83_85_88_89_91_93_95_97_103_107_111_117_121_123_129_137_141_152_158_162_168_173_176_185_197_199_203_212_218_220_224_233_235_241_244_248_251_255_256_259_265_268_271_272_282  9.77e+09  8.25e+09 -36395.20  33643.38  11944.77    728.99     76.45    137.25   3253.13  -4467.09      0.00 0
102520 5626.0    34_50_54_60_76_84_96_100_122_126_134_147_155_165_177_179_188_210_216  3.47e+09  2.89e+09 -23716.94  -8194.19   9823.58    669.45     68.62    199.06   4942.14   2186.67      0.00 0
102521 5626.0    34_38_42_50_54_60_64_68_71_72_75_76_80_84_86_90_92_95_96_99_100_104_108_112_114_115_118_121_122_125_126_130_133_134_138_142_143_146_147_149_152_153_154_155_156_159_163_164_165_169_170_174_176_177_178_179_180_183_186_187_188_189_192_193_194_201_202_203_204_207_208_209_210_215_216_221_222_225_228_229_232_233_236_239_245_247_248_251_262_265_268_282  7.24e+10  6.31e+10 -38296.19  61837.70  12877.65    795.61     79.96    121.77   4274.19   1395.73      0.00 0
102522 5626.0    0_1_2_3_4_5_6_7_8_9_10_11_12_13_14_15_16_17_18_19_20_21_22_23_24_25_26_27_28_29_30_31_32_33_34_35_36_37_38_39_40_41_42_43_44_45_46_47_48_49_50_51_52_53_54_55_56_57_58_59_60_61_62_63_64_65_66_67_68_69_70_71_72_73_74_75_76_77_78_79_80_81_82_83_84_85_86_88_89_90_91_94_95_96_97_98_99_100_102_103_104_106_107_108_110_111_112_113_114_116_117_120_121_122_124_125_126_128_129_132_133_134_136_137_138_140_141_142_143_145_146_147_148_151_152_153_154_155_157_161_163_164_165_167_170_172_175_177_178_179_184_186_187_188_190_193_194_196_198_208_210_211_215_216_217_219_221_222_223_234_236_240  9.12e+10  7.91e+10 110665.68  58051.53  14194.07    801.99     83.52     27.68   5148.33   1398.08      0.00 0
102523 5626.0    197_199_200_206_212_214_218_220_224_226_227_228_230_231_233_235_237_238_241_243_244_245_246_247_248_249_250_251_252_253_255_256_257_258_259_260_261_262_263_264_265_266_267_268_269_270_271_272_273_274_275_276_277_278_279_280_281_282_283_284_285_286_287_288_289_290_291_292_293_294_295_296_297_298  5.62e+09  4.63e+09 -183641.91 -76254.79  14846.49    681.79     85.73    202.55   3412.82 -10714.02      0.00 0
102524 5626.0    0_2_3_5_8_9_11_12_13_16_17_20_21_24_25_26_28_29_32_33_35_38_40_41_44_45_48_49_52_53_55_58_59_62_63_66_67_70_71_72_74_75_78_79_82_83_86_88_89_91_94_95_98_99_102_106_107_110_114_120_124_125_132_133_136_143_145_151_154_164_175  3.89e+10  3.38e+10 -35302.41  -6485.57  10523.12    767.93     73.66    190.41   -935.79  -1815.44      0.00 0
102525 5626.0    0_1_2_3_4_5_6_7_8_9_10_11_12_13_14_15_16_17_18_19_20_21_22_23_24_25_26_27_28_29_30_31_32_33_34_35_36_37_38_39_40_41_42_43_44_45_46_47_48_49_50_51_52_53_54_55_56_57_58_59_60_61_62_63_64_65_66_67_68_69_70_71_72_73_74_75_76_77_78_79_80_82_83_84_85_86_88_89_90_91_92_94_95_96_98_99_100_102_103_104_106_107_108_110_111_112_114_116_117_118_120_121_122_124_125_126_128_129_130_133_134_136_137_138_140_141_142_143_145_146_147_148_151_152_153_154_155_157_158_159_161_162_163_164_165_167_168_169_170_172_173_174_175_176_177_178_179_181_182_184_185_186_187_188_190_191_193_194_196_197_198_199_200_202_203_205_206_208_209_210_211_212_213_214_215_216_217_218_219_220_221_222_223_226_227_230_231_234_236_237_238_240_242_246_249_250_252_253_254_257_260_261_263_266_267_269_273_275_276_278_280_283_285_286_288_290_292_294_296  1.48e+10  1.23e+10 116111.74 147551.70  14743.98    713.81     85.51     51.80   -345.76  -4190.62      0.00 0
102526 5626.0    0_1_2_3_4_5_6_7_8_10_11_12_14_15_16_18_19_20_22_23_24_26_27_30_31_32_34_36_37_39_42_43_46_47_48_50_51_52_54_56_57_58_60_61_64_65_68_69_70_73_74_76_77_80_81_82_84_85_87_90_92_93_94_96_97_98_101_104_105_108_109_112_113_115_118_119_122_123_124_126_130_131_132_135_138_142_144_145_147_153_163_169_174_177_179_186  1.70e+09  1.39e+09 -60515.23 -29790.31  13453.44    668.91     78.72    206.21  -3181.85    468.45      0.00 0
102527 5626.0    45_55_63_67_78_79_83_89_91_102_103_107_110_111_116_117_128_140_148_157_161_167_172_196_198_211  4.47e+10  3.89e+10 -21246.03 -11733.28   9268.05    741.05     69.10    208.91   -651.82  -4023.11      0.00 0
102528 5626.0    99_114_121_125_133_134_143_146_152_154_164_176_178_185_203  9.12e+09  7.79e+09   3020.67 -19289.57   8615.47    724.31     66.19    278.90   4590.03  -2033.83      0.00 0
102529 5626.0    0_2_3_4_5_8_9_12_13_16_17_20_21_25_26_28_29_32_33_35_38_40_41_44_45_49_50_52_53_55_58_59_62_66_71_72_75_78_82_88_106_110  3.09e+10  2.70e+10  18208.92  10760.15   8665.85    763.60     67.72     30.58   -157.41  -1426.41      0.00 0
102530 5626.0    0_1_2_3_4_5_6_7_8_9_10_11_12_13_14_15_16_17_18_19_20_21_22_23_24_25_26_27_28_29_30_31_32_33_34_35_36_37_38_39_40_41_42_43_44_45_46_47_48_49_50_51_52_53_54_55_56_57_58_59_60_62_63_64_66_67_68_69_70_71_72_73_74_75_76_78_79_80_82_83_84_85_86_88_89_90_91_94_95_96_98_99_100_102_103_106_107_108_110_111_112_114_116_117_120_121_122_124_125_126_128_129_132_133_134_136_137_138_140_141_143_145_146_147_148_151_152_153_154_155_157_158_161_163_164_165_167_170_172_175_177_179_181_182_184_186_187_188_190_193_194_196_198_205_208_210_211_213_216_217_219_221_222_223_234_236_237_240_242_254_257_263_278  3.80e+09  3.12e+09 -101504.72 -73882.92  15081.63    674.96     83.15    216.05  -3912.93  -4790.04      0.00 0
102531 5626.0    0_1_2_3_4_5_6_7_8_9_10_11_12_13_14_15_16_17_18_19_20_21_22_23_24_25_26_27_28_29_30_31_32_33_34_35_36_37_38_39_40_41_42_43_44_45_46_47_48_49_50_51_52_53_54_55_56_57_58_59_60_61_62_63_64_65_66_67_68_69_70_71_72_73_74_75_76_77_78_79_80_81_82_83_85_86_87_88_89_91_93_94_95_97_98_99_101_102_103_105_106_107_109_110_111_113_114_116_117_119_120_121_123_124_125_128_129_131_132_133_135_136_137_139_140_141_144_145_146_148_150_151_152_154_157_158_160_162_168_171_173_176_178_182_185_187_191_197_199_202_203_209_212_214_218_220_224_228_229_232_233_235_238_241_243_244_245_247_248_251_255_256_259_262_264_265_268_271_272_282  1.66e+10  1.40e+10 -102568.59  72086.41  14704.99    726.12     83.31    144.90  -3905.74   1165.36      0.00 0
102532 5626.0    112_122_130_138_142_153_159_163_169_174_183_192_207  1.32e+09  1.08e+09  11043.76 -17116.88   9154.81    659.94     65.80    302.83   2199.19   5087.20      0.00 0
102533 5626.0    3_4_5_9_12_13_17_18_21_22_25_26_29_33_34_35_38_41_44_45_49_50_53_54_55_59_60_63_64_67_71_72_75_76_78_79_83_84_86_89_90_91_95_96_99_100_103_107_108_111_112_114_116_117_122_126_129_134_138_142_147_148_153_155_163_177_179_186  8.71e+09  7.37e+09  23590.70  41375.69  11839.80    722.45     76.04     60.31   3872.88   2448.84      0.00 0
102534 5626.0    24_32_37_40_47_48_52_57_58_62_66_69_70_73_74_78_82_85_88_93_94_97_98_102_106_110_113_116_119_120_123_124_128_131_132_135_136_140_144_145_148_150_151_157_160_161_167_172_175_181_182_184_190_196_198_200_205_206_211_213_217_219_223_226_227_230_234_237_242_246_249_250_252_254_257_260_261_263_266_267_269_273_275_276_277_278_280_281_283_285_286_287_288_289_290_291_292_293_294_295_296_297_298  2.75e+10  2.35e+10 -36748.48 103602.08  14608.75    706.35     82.43    109.53  -2044.43  -8668.32      0.00 0
102535 5626.0    9_17_21_25_29_33_35_38_41_44_45_49_53_55_59_63_66_67_71_72_75_78_79_83_86_88_89_91_95_99_102_103_107_110_111_114_116_117_121_125_128_129_133_134_137_140_143_146_154_157_164_165_167_170_172_187_188_193_194_208_216_221_222_236_240  1.78e+10  1.52e+10 -33588.98 -18557.42  10931.25    740.30     74.10    208.92   2900.02  -1653.92      0.00 0
102536 5626.0    96_100_122_126_134_138_147_153_155_163_177_186  4.79e+10  4.20e+10   3289.29  20933.28   8803.25    740.04     67.44     81.07   4186.48   3789.67      0.00 0
102537 5626.0    106_110_120_124_128_132_136_140_145_151_157_161_167_172_175_184_190_196_198_205_211_213_217_219_223_226_230_234_237_242_246_249_252_257_260_261_266_269_275_276_277_280_286_287_288_293_294_295_297_298  9.33e+09  7.91e+09 -18292.19  38247.25  11360.09    730.41     75.00    115.56  -2333.82  -7013.22      0.00 0
102538 5626.0    0_3_4_5_6_9_10_12_13_17_18_21_22_25_26_29_30_33_34_35_38_41_42_45_46_49_50_53_54_55_59_60_63_64_67_68_71_72_75_76_79_80_83_84_86_89_90_91_95_96_99_100_103_104_107_108_111_112_114_117_118_121_122_125_126_129_130_133_134_137_138_141_142_143_146_147_148_152_153_154_155_158_159_162_163_164_165_168_169_170_173_174_176_177_178_179_182_183_185_186_187_188_191_192_194_197_199_200_202_203_206_207_210_212_214_218_220_224_227_231_233_235_238_241_243_244_246_250_253_255_258_259_261_264_267_270_271_274_275_277_279_281_284_287_289_291_293_295_298  1.29e+09  1.03e+09   7111.22  96375.82  14408.13    691.37     81.52     85.78   3340.67   1406.89      0.00 0
102539 5626.0    4_6_7_10_12_14_18_19_22_25_26_27_30_31_34_36_38_39_42_43_46_49_50_51_54_56_57_60_61_64_65_68_71_72_75_76_77_80_81_84_86_87_90_92_93_96_99_100_101_104_105_108_109_112_114_115_118_119_122_126_127_130_133_134_135_138_139_142_143_144_147_149_150_153_154_155_156_159_160_163_164_165_166_169_170_171_174_177_179_180_183_186_187_188_189_192_193_194_195_201_204_207_208_210_215_216_221_222_225_232_236_239_240  2.95e+09  2.40e+09 -113839.21  47270.17  15265.88    647.63     82.94    157.45   4474.13   2372.34      0.00 0
102540 5626.0    177_179_186_188_194_208_210_216_222  3.16e+09  2.63e+09   9537.84 -25227.84  10309.87    635.82     69.08    290.71   5959.71   3221.36      0.00 0
102541 5626.0    15_19_23_27_31_37_39_43_47_51_56_57_61_65_69_70_73_77_81_85_87_92_93_101_105_109_115_118_149  1.07e+09  8.83e+08  12028.84  19575.56   9615.77    653.49     67.29     58.43  -1465.03   2154.23      0.00 0
102542 5626.0    3_4_5_8_9_12_13_17_18_21_25_26_28_29_33_34_35_38_40_41_44_45_49_50_53_55_59_60_62_63_66_67_71_72_75_76_78_79_83_84_86_88_89_91_95_96_99_100_102_103_107_110_111_114_116_117_121_122_125_126_128_129_133_134_136_137_140_141_143_146_147_148_152_153_154_155_157_158_161_162_164_165_167_168_170_172_173_176_177_178_179_181_182_185_187_188_190_191_193_194_196_197_198_199_200_202_203_205_206_208_209_210_211_212_213_214_215_216_218_219_220_221_222_223_224_226_227_228_229_230_231_232_233_234_235_236_237_238_239_240_241_242_243_244_245_246_247_248_249_250_252_253_254_255_257_258_260_261_263_266_267_269_270_273_275_276_277_278_280_283_285_286_287_288_290_292_293_294_296  1.35e+10  1.14e+10 -106186.83 -107154.95  14818.24    731.65     84.39    225.26   2556.81  -3736.12      0.00 0
102543 5626.0    28_35_40_44_45_52_55_58_62_66_67_74_78_79_82_88_89_91_94_98_102_103_106_110_111_116_117_120_124_128_129_132_136_137_140_141_145_148_151_157_158_161_162_167_168_173_175_181_182_185_190_191_197_199_200_206_212_214_218_220_224_231_233_235_238_241_243_244_251_255_256_258_259_264_265_268_271_272_279_282  3.89e+09  3.25e+09 -57426.02  32702.11  13337.00    675.31     78.59    150.34   4493.40  -6818.42      0.00 0
102544 5626.0    0_1_2_3_4_5_6_7_8_9_10_11_12_13_14_15_16_17_18_19_20_21_22_23_24_25_26_27_28_29_30_31_32_33_34_35_36_37_38_39_40_41_42_43_44_45_46_47_48_49_50_51_52_53_54_55_56_57_58_59_60_61_62_63_64_65_66_67_68_69_70_71_72_73_74_75_76_77_78_79_80_81_82_83_84_85_86_87_88_89_90_91_92_93_94_95_96_97_98_99_100_101_102_103_104_105_106_107_108_109_110_111_112_113_114_115_116_117_118_119_120_121_122_123_124_125_126_127_128_129_131_132_133_134_135_136_137_139_140_141_143_144_145_146_148_150_151_152_154_155_156_157_158_160_161_162_164_165_166_167_168_170_171_172_173_175_176_178_181_182_184_185_187_190_191_193_194_195_196_197_198_199_200_202_203_205_206_208_209_212_214_215_218_220_221_224_228_229_231_232_233_235_236_238_239_241_243_244_245_247_248_251_255_256_258_259_262_264_265_268_271_272_279_282  9.55e+09  7.91e+09 204975.73 -106840.07  14056.69    703.01     86.52    332.47  -1394.51   -614.04      0.00 0
102545 5626.0    0_1_2_3_4_5_6_7_8_9_10_11_12_13_14_15_16_17_18_19_20_21_22_23_24_25_26_27_28_29_30_31_32_33_34_35_36_37_38_39_40_41_42_43_44_45_46_47_48_49_50_51_52_53_54_55_56_57_58_59_60_61_62_63_64_65_66_67_68_69_70_71_72_73_74_75_76_77_78_79_80_81_82_83_84_85_86_87_88_89_90_91_92_93_94_95_96_97_98_99_100_101_102_103_104_105_106_107_108_109_110_111_112_113_114_115_116_117_118_119_120_121_122_123_124_125_126_127_128_129_130_131_132_133_134_135_136_137_138_139_140_141_142_143_144_145_146_147_148_149_150_151_152_153_154_155_156_157_158_159_160_161_162_163_164_165_166_167_168_169_170_171_172_173_174_175_176_177_178_179_180_181_182_183_184_185_186_187_188_189_190_191_192_194_195_196_197_198_199_200_201_203_204_205_206_207_210_211_212_213_214_217_218_219_220_223_224_225_226_227_230_231_234_235_237_238_242_243_244_246_249_250_252_253_254_255_257_258_260_261_263_264_266_267_269_270_271_273_274_275_276_277_278_279_280_281_283_284_285_286_287_288_289_290_291_292_293_294_295_296_297_298  7.08e+09  5.84e+09 -44342.77 -294244.84  11795.47    722.27     87.73    261.43  -1740.42 -11283.00      0.00 0
102546 5626.0    0_1_2_3_4_5_6_7_8_9_10_11_12_13_14_15_16_17_18_19_20_21_22_23_24_25_26_27_28_29_30_31_32_33_34_35_36_37_38_39_40_41_42_43_44_45_46_47_48_49_50_51_52_53_54_55_56_57_58_59_60_61_62_63_64_65_66_67_68_69_70_71_72_73_74_75_76_77_78_79_80_81_82_83_84_85_86_87_88_89_90_91_92_93_94_95_96_97_98_99_100_101_102_103_104_105_106_107_108_109_110_111_112_113_114_115_116_117_118_119_120_121_123_124_125_127_128_129_130_131_132_133_135_136_137_139_140_141_143_144_145_146_148_149_150_151_152_154_156_157_158_159_160_161_162_164_166_167_168_171_172_173_175_176_178_180_181_182_184_185_187_189_190_191_195_196_197_198_199_200_202_203_204_205_206_209_211_212_213_214_218_219_220_224_226_227_228_229_230_231_233_235_237_238_241_243_244_245_246_248_249_250_251_252_253_255_256_258_259_260_261_262_264_265_266_267_268_270_271_272_274_275_277_279_281_282_284_287_289_291_295  1.38e+10  1.15e+10 145057.33 -185932.31  13845.25    715.57     86.64    307.96   5459.86  -9384.00      0.00 0
102547 5626.0    1_2_7_11_15_16_19_20_23_24_27_31_32_37_39_40_43_47_48_51_52_57_58_61_62_65_69_70_73_74_77_81_82_85_87_88_93_94_97_98_101_105_106_109_110_115_120_124_127_136_140_151_161  2.63e+10  2.28e+10   7949.39  28130.04   9797.81    764.26     71.47     74.22  -2156.36   -312.11      0.00 0
102548 5626.0    0_1_2_3_4_5_6_7_8_9_10_11_12_13_14_15_16_17_18_19_20_21_22_23_24_27_28_29_30_31_32_35_36_37_39_40_41_42_43_44_45_46_47_48_51_52_55_56_57_58_61_62_65_66_67_69_70_73_74_77_78_79_80_81_82_85_87_88_91_92_93_94_97_98_101_102_103_105_106_109_110_113_115_116_117_118_119_120_123_124_127_128_131_132_135_136_139_140_144_145_148_149_150_151_156_157_158_160_161_166_167_171_172_175_180_181_182_183_184_189_190_195_196_198_200_201_204_205_206_211_213_217_219_223_225_226_227_230_234_237_242_246_249_250_252_254_257_260_261_263_266_269_273_275_276_277_278_280_283_285_286_287_288_290_292_293_294_295_296_297_298  4.90e+10  4.19e+10    581.04 -128042.14  14633.99    740.43     83.48    270.26  -2633.96 -10450.39      0.00 0
102549 5626.0    0_1_2_3_4_5_6_7_8_9_10_11_12_13_14_16_17_18_20_21_22_25_26_28_29_30_32_33_34_35_36_38_40_41_42_44_45_46_49_50_52_53_54_55_59_60_62_63_64_66_67_68_71_72_75_76_78_79_80_83_84_86_88_89_90_91_96_100_102_103_108_110_112_116_117_122_126_128_138_140_142_147_148_153_157_163_167_172_174_177_181_186_190_196_213_219  1.48e+09  1.20e+09 -22885.13 -41150.27  12133.39    671.58     75.55    240.92   1255.54   -153.88      0.00 0
102550 5626.0    0_1_2_3_4_5_6_7_9_10_11_12_14_15_16_17_18_19_22_23_24_25_26_27_30_31_33_34_36_37_38_39_42_43_46_47_49_50_51_54_56_57_60_61_65_69_70_71_72_73_75_76_81_85_86_87_93_97_105_119_123_131_144  2.14e+10  1.85e+10  29315.76  -6434.76  10089.05    730.48     71.42    347.62  -1096.06    921.56      0.00 0
102551 5626.0    94_98_106_110_113_120_124_128_131_132_136_140_145_151_157_161_167_172_175_184_190_196_198_205_211_213_217_219_223_226_230_234_237_242_246_249_252_254_257_260_261_263_266_269_273_275_276_280_286_287_288_293_294_297_298  1.32e+10  1.12e+10 -22879.55  47838.99  12213.40    725.54     77.03    115.56  -3973.08  -3930.86      0.00 0
102552 5626.0    38_49_50_59_60_71_72_75_76_83_84_86_95_96_99_100_107_108_111_112_114_121_122_125_126_133_134_137_138_141_142_143_146_147_152_153_154_155_162_163_164_165_168_169_170_173_174_176_177_178_179_185_186_187_188_193_194_197_199_202_203_208_209_210_212_214_215_216_218_220_221_222_224_228_229_232_233_235_236_238_239_240_241_243_244_245_247_248_251_253_255_256_258_259_262_264_265_268_270_271_272_274_279_281_282_284_291  1.15e+09  9.29e+08  -6427.25 123050.07  14954.63    688.03     83.08     92.99   5693.25  -9225.22      0.00 0
102553 5626.0    226_230_246_249_252_260_266_269_276_280_283_288_290_296  9.12e+10  8.05e+10   7285.62  19621.88   8452.34    797.17     68.01     69.63  -1579.23 -10244.09      0.00 0
102554 5626.0    0_1_2_3_4_5_6_7_8_9_10_11_12_13_14_15_16_17_18_19_20_21_22_23_24_25_26_27_28_29_30_31_32_33_34_35_36_37_38_39_40_41_42_43_44_45_46_47_48_49_50_51_52_53_54_55_56_57_58_59_60_61_62_63_64_65_66_67_68_69_70_71_72_73_74_75_76_77_78_79_80_81_82_83_84_85_86_87_88_89_90_91_92_93_95_96_99_100_101_102_103_104_105_106_107_108_109_110_111_112_114_115_116_117_118_119_121_122_125_126_127_128_129_130_133_134_135_137_138_139_141_142_143_146_147_148_149_150_152_153_154_155_156_157_158_159_160_162_163_164_165_166_168_169_170_171_173_174_176_177_178_179_180_181_182_183_185_186_187_188_189_190_191_192_193_194_195_197_199_200_201_202_203_204_205_206_207_209_212_214_215_218_220_224_225_226_227_228_229_231_233_235_238_241_243_244_245_246_248_250_251_253_255_256_258_259_260_261_262_264_265_267_268_270_271_272_274_275_277_279_281_282_284_287_289_291_293_295_298  2.24e+09  1.81e+09 -48023.20 182017.72  15112.88    665.89     85.41    104.78   1666.26    314.13      0.00 0
102555 5626.0    0_2_3_4_5_8_9_10_12_13_16_17_18_20_21_22_25_26_28_29_33_34_35_38_40_41_44_45_49_50_52_53_54_55_59_60_62_63_64_66_67_71_72_75_76_78_79_82_83_84_86_88_89_91_95_96_99_100_102_103_106_107_108_110_111_114_116_117_121_122_125_126_128_129_133_134_136_137_138_140_141_143_146_147_148_152_153_154_155_157_158_161_162_164_165_167_168_170_172_173_177_179_181_182_186_188_190_191_194_196_198_200_205_206_208_210_211_213_216_217_219_222_223_226_227_230_234_237_240_242_246_249_252_254_257_263_266_269_273_278_280_283_285_290_292  6.92e+10  6.00e+10  54197.18  64065.62  13531.16    762.09     80.84     49.77   -875.78  -5130.16      0.00 0
102556 5626.0    39_43_46_51_56_57_61_65_68_77_80_81_87_90_92_93_97_101_104_105_109_112_115_118_119_123_127_130_131_135_138_139_142_144_149_150_153_156_159_160_163_166_169_171_174_180_183_186_189_192_195_201_204_207_225  5.62e+10  4.88e+10 112678.12  36676.58  14066.98    809.17     83.23     18.03  -4185.16   4471.40      0.00 0
102557 5626.0    9_12_17_21_25_26_29_33_34_38_41_45_49_50_53_59_60_63_67_71_72_75_76_83_86_96_99_100_114_122_126_134_147_155_177_179  4.17e+09  3.49e+09  16718.53  18705.22   9846.93    665.76     68.57     48.21   3051.99    665.27      0.00 0
102558 5626.0    121_129_137_141_146_152_154_158_162_164_168_173_176_178_182_185_187_191_193_197_199_200_202_203_205_206_208_209_212_214_215_218_220_221_224_226_227_228_229_230_231_232_233_235_236_238_239_241_243_244_245_246_247_248_249_250_251_252_253_255_258_260_261_266_267_269_275_276_277_280_283_286_288_290_292  6.76e+09  5.72e+09 -42306.61 -38240.37  12496.65    722.35     77.64    222.11   4845.46  -4390.12      0.00 0
102559 5626.0    162_173_176_178_185_187_197_199_202_203_209_212_215_218_220_221_224_228_229_232_233_235_238_239_241_243_244_245_247_248_253_255_258  1.91e+10  1.65e+10  18992.01  24966.72  10132.01    750.45     72.10     52.74   5407.94  -4579.01      0.00 0
102560 5626.0    63_67_79_83_89_91_102_103_107_111_116_117_128_129_148_157_158_167_181_182_190_196_200_205_213_219_230_237_242_252_257_263  1.02e+09  8.27e+08 -19455.36 -23727.52  10817.57    630.92     70.58    230.65   -724.38  -5481.70      0.00 0
102561 5626.0    86_96_99_100_114_122_125_126_133_134_138_143_146_147_153_154_155  1.82e+10  1.57e+10  -3319.75  22700.56   9283.15    705.08     67.97     98.32   4028.94    566.11      0.00 0
102562 5626.0    0_1_2_3_4_5_6_7_8_9_10_11_12_13_14_15_16_17_18_19_20_21_22_23_24_25_26_27_28_29_30_31_32_33_34_35_36_37_38_39_40_41_42_43_44_45_46_47_48_49_50_51_52_53_54_55_56_57_58_59_60_61_62_63_64_65_66_67_68_69_70_71_72_73_74_75_76_77_78_79_80_81_82_83_84_85_86_87_88_89_90_91_92_93_94_95_96_97_98_99_100_101_102_103_104_105_106_107_108_109_110_111_112_113_114_115_116_117_118_119_120_121_122_123_124_125_126_127_128_129_130_131_132_133_134_135_136_137_138_139_140_141_142_143_144_145_146_148_149_150_151_152_154_156_157_158_159_160_161_162_164_166_167_168_170_171_172_173_175_176_178_180_181_182_183_184_185_187_189_190_191_193_195_196_197_198_199_200_201_202_203_204_205_206_209_212_213_214_215_218_220_224_225_226_227_228_229_230_231_232_233_235_238_241_243_244_245_246_247_248_249_250_251_253_255_256_258_259_260_261_262_264_265_267_268_270_271_272_274_277_279_281_282_284_289_291  1.00e+10  8.38e+09 151226.22 -181765.22  13592.13    746.93     86.71    309.76   -535.76   -769.65      0.00 0
102563 5626.0    117_129_141_148_157_158_162_167_168_172_173_181_182_185_190_191_196_197_199_200_202_203_205_206_211_212_213_214_218_219_220_223_224_226_227_228_229_230_231_233_234_235_237_238_241_242_243_244_245_246_247_248_249_250_251_252_253_254_255_256_257_258_259_260_261_262_263_264_265_266_267_268_269_270_271_272_273_274_275_276_277_278_279_280_281_282_283_284_285_286_288_290_292  1.70e+09  1.36e+09 101918.98  20587.50  14909.29    649.07     81.84     11.42    766.85  -7689.12      0.00 0
102564 5626.0    157_181_190_196_205_213_219_230_237_242_249_252_257_263_266_269_273_278_280_283_285_290_292  2.95e+09  2.47e+09  16916.50  29007.20  10742.44    691.40     72.26     59.75  -3328.83  -9720.88      0.00 0
102565 5626.0    0_1_2_5_8_9_11_13_15_16_19_20_23_24_28_29_31_32_35_37_40_41_44_45_47_48_51_52_55_57_58_62_63_66_67_69_70_73_74_78_79_81_82_85_88_89_91_93_94_97_98_102_103_105_106_110_111_113_116_117_119_120_123_124_128_129_131_132_135_136_140_141_144_145_148_150_151_157_158_160_161_167_168_172_173_175_181_182_184_190_191_196_197_198_200_205_206_211_212_213_214_217_219_220_223_224_226_227_230_231_234_235_237_238_242_243_244_246_249_250_252_253_254_255_257_258_259_260_261_263_264_266_267_269_270_271_273_274_275_276_277_278_279_280_281_283_284_285_286_287_288_289_290_291_292_293_294_295_296_297_298  1.15e+10  9.61e+09 138166.20 -180191.89  13848.17    742.74     86.51    307.48  -4217.50  -3441.14      0.00 0
102566 5626.0    0_1_2_3_4_5_6_7_8_9_10_11_12_13_14_15_16_17_18_20_21_22_23_24_25_26_27_28_29_30_32_33_34_35_36_38_40_41_42_44_45_46_48_49_50_52_53_54_55_58_59_60_62_63_64_66_67_68_71_72_74_76_78_79_82_84_88_89_90_91_94_96_102_103_106_108_110_112_116_117_120_128_136_138_140_148_151_157_161_167_172_181_184_190_196_198_205_211_213_217_219_223_230_234_237_242_252_254_257_263_273_278_285  1.35e+10  1.14e+10  33091.09  52163.35  12916.53    701.91     78.19     57.61  -3653.71  -6735.00      0.00 0
102567 5626.0    1_6_7_10_14_15_18_19_22_23_27_30_31_34_36_39_42_43_46_47_51_54_56_57_60_61_64_65_68_69_73_76_77_80_81_84_87_90_92_93_96_97_100_101_104_105_108_109_112_113_115_118_119_122_123_126_127_130_131_135_138_139_142_144_147_149_150_153_155_156_159_160_163_166_169_177_179_186_188_210_216  1.48e+10  1.25e+10  61729.34   3667.39  12873.62    708.87     78.24      3.40  -3137.82   2612.48      0.00 0
102568 5626.0    0_1_2_3_4_5_6_7_8_9_10_11_12_13_14_15_16_17_18_19_20_21_22_23_24_25_26_27_28_29_30_31_32_33_34_35_36_37_38_39_40_41_42_43_44_45_46_47_48_49_50_51_52_53_54_55_56_57_58_59_60_61_62_63_64_65_66_67_68_69_70_71_72_73_74_75_76_77_78_79_80_81_82_83_84_85_86_87_88_89_90_91_92_93_94_95_96_97_98_99_100_101_102_103_104_105_106_107_108_109_110_111_112_113_114_115_116_117_118_119_120_121_122_123_124_125_126_127_128_129_130_131_132_133_134_135_136_137_138_139_140_141_142_143_144_145_146_147_149_150_151_152_153_154_155_156_159_160_161_162_163_164_165_166_169_170_171_175_176_177_178_179_184_185_186_187_188_193_194_202_203_208_209_210_215_216_221_222_228_229_232_236_239_240_245_247  3.16e+09  2.57e+09 201559.44 -10422.17  14927.63    666.16     85.77    357.04   3206.23    166.29      0.00 0
102569 5626.0    202_203_218_228_233_241_244_248_251_255_256_259_265_268_271_272_279  3.80e+10  3.31e+10  -3014.88 -25664.46   9333.89    768.59     70.14    263.30   5915.95  -7943.01      0.00 0
102570 5626.0    82_94_106_120_124_145  1.00e+10  8.56e+09  18137.78    322.93   8459.13    708.98     65.00      1.02  -4369.60  -2062.65      0.00 0
102571 5626.0    83_89_95_99_103_107_111_114_117_121_125_129_133_134_137_141_143_146_148_152_154_155_158_162_164_165_168_170_173_176_178_181_182_185_187_188_190_191_193_194_197_199_200_202_203_205_206_208_209_210_212_213_214_215_216_218_220_221_222_224_226_227_228_229_230_231_232_233_235_236_237_238_239_240_241_243_244_245_246_247_248_249_250_252_253_255_257_258_260_261_264_266_267_269_270_273_275_276_277_280_281_283_285_286_287_288_289_290_292_293_294_296_297  4.37e+09  3.63e+09 -55064.05 -67107.68  13811.04    734.47     80.96    230.63   4948.16  -2877.64      0.00 0
102572 5626.0    0_1_2_3_4_5_6_7_8_9_10_11_12_13_14_15_16_17_18_19_20_21_22_23_24_25_26_27_28_29_30_31_32_34_35_36_37_39_40_41_42_43_44_45_46_47_48_51_52_54_55_56_57_58_61_62_64_65_66_67_68_69_70_73_74_77_78_79_80_81_82_84_85_87_88_90_91_92_93_94_97_98_101_102_104_105_106_109_110_112_113_115_116_117_118_120_124_127_128_130_132_136_140_145_148_149_151_156_157_159_161_167_169_172_175_180_181_183_184_189_190_192_196_198_201_204_205_207_211_213_217_219_223_225_230_234_237_242_249_252_254_257_263_266_269_273_278_280_283_285_290_292_296  1.35e+09  1.08e+09  26239.59  82717.68  14397.43    651.82     80.58     72.40  -3586.40  -7546.00      0.00 0
102573 5626.0    111_117_129_137_141_146_148_152_157_158_162_167_168_173_176_178_181_182_185_187_190_191_196_197_199_200_202_203_205_206_209_211_212_213_214_215_218_219_220_223_224_226_227_228_229_230_231_232_233_234_235_237_238_239_241_242_243_244_245_246_247_248_249_250_251_252_253_254_255_256_257_258_259_260_261_262_263_264_265_266_267_268_269_270_271_272_273_274_275_276_277_278_279_280_281_282_283_284_285_286_287_288_289_290_291_292_293_294_295_296_297_298  1.26e+10  1.05e+10 144425.14  60118.38  14953.05    712.96     84.54     22.60   3227.23  -7572.82      0.00 0
102574 5626.0    71_72_75_76_86_95_96_99_100_107_114_121_122_125_126_133_134_137_138_143_146_147_152_153_154_155_162_163_164_165_173_176_177_178_179_185_186_199  3.55e+10  3.08e+10   2111.37  33466.09  10348.02    755.13     72.85     86.39   4088.61    167.20      0.00 0
102575 5626.0    129_141_158_168_173_191_197_206_212_214_220_231_235_238_243_253_255_258_264_270_271_274_279_281_284_291  1.45e+09  1.18e+09 -12578.66  38371.03  11616.97    663.19     73.95    108.15   3664.40  -9934.88      0.00 0
102576 5626.0    0_1_2_3_4_5_6_7_9_10_11_12_14_15_17_18_19_21_22_23_25_27_30_31_36_39_43_46_47_51_56_57_61_65_77_81_87_93_101_105_109_119_127_135_139_150_160_166_171_195  1.62e+10  1.38e+10 -21342.60  28425.67  10711.69    729.92     73.23    126.90  -2594.64   3979.81      0.00 0
102577 5626.0    23_24_32_37_40_47_48_52_57_58_62_66_69_70_73_74_81_82_85_88_93_94_97_98_102_105_106_110_113_116_119_120_123_124_128_131_132_135_136_140_144_145_150_151_157_160_161_167_171_172_175_181_184_190_196_198_200_205_211_213_217_219_223_226_230_234_237_242_246_249_252_254_257_260_261_263_266_269_273_275_276_278_280_283_285_286_287_288_290_292_293_294_295_296_297_298  3.63e+10  3.13e+10  17493.50 -90586.98  13739.06    771.94     81.53    280.93  -2683.66  -9067.40      0.00 0
102578 5626.0    110_120_128_136_140_151_157_161_167_172_181_190_196_198_200_205_211_213_219_226_227_230_237_246_249_250_252_257_260_261_266_267_269_275_276_277_280_281_286_287_288_289_293_294_295_297_298  5.01e+09  4.19e+09 -18568.19  37935.89  11610.04    689.12     74.63    116.08   -604.98  -9184.65      0.00 0
102579 5626.0    17_21_25_29_33_38_41_45_49_50_53_59_63_67_71_72_75_76_79_83_86_89_91_95_99_100_103_107_111_117_129_148_158  6.61e+10  5.82e+10   9446.14  21107.22   9076.38    745.03     68.57     65.89   1741.89  -2061.22      0.00 0
102580 5626.0    0_1_2_3_4_5_6_7_8_9_10_11_12_13_14_15_16_17_18_19_20_21_22_23_24_25_26_27_28_29_30_31_32_33_34_35_36_37_38_39_40_41_42_43_44_45_46_47_48_49_50_51_52_53_54_55_56_57_58_59_60_61_62_63_64_65_66_67_68_69_70_71_72_73_74_75_76_77_78_79_80_81_82_83_84_85_86_87_88_89_90_91_92_94_95_96_99_100_101_102_103_104_106_107_108_109_110_111_112_114_115_116_117_118_120_121_122_126_127_128_129_130_136_137_138_140_141_142_148_149_153_156_157_158_159_161_163_167_168_169_172_173_174_180_181_182_183_186_189_190_191_192_196_197_198_200_201_204_205_206_207_211_213_214_219_225_226_227_230_231_234_237_238_242_246_249_250_252_253_254_257_260_261_263_266_267_269_273_275_276_277_278_280_281_283_285_286_287_288_289_290_292_293_294_295_296_297_298  1.41e+09  1.13e+09 -22473.23 -113498.12  15109.16    653.28     82.56    258.80  -1052.45  -7680.68      0.00 0
102581 5626.0    238_253_258_264_270_274_279_284  3.72e+09  3.11e+09  13176.94 -17055.12   9095.25    700.24     67.12    307.69   4285.72 -10485.29      0.00 0
102582 5626.0    17_21_25_26_33_38_49_50_53_59_71_72_75_76_86_96_99_100_114_126_134_155  7.76e+09  6.58e+09 -14750.11 -13435.69   9017.07    670.25     65.68    222.33   3084.14    345.47      0.00 0
102583 5626.0    21_29_33_35_41_44_45_49_53_55_59_63_66_67_75_78_79_83_88_89_91_95_99_102_103_106_107_110_111_114_116_117_121_125_128_129_133_136_137_140_141_143_146_148_151_152_154_157_158_161_162_164_167_168_170_172_173_176_178_181_182_184_185_187_190_191_193_194_196_197_198_199_200_202_203_205_206_208_209_211_212_213_214_215_217_218_219_220_221_222_223_224_226_227_228_229_230_231_232_233_234_235_236_237_239_240_241_242_245_247_248_249_252_254_257_262_263_278  5.13e+09  4.22e+09  91530.42  36331.89  14401.43    699.14     81.68     21.65   5533.21  -2744.48      0.00 0
102584 5626.0    0_1_2_3_4_5_6_7_8_9_10_11_12_13_14_15_16_17_18_19_20_21_22_23_24_25_26_27_28_29_30_31_32_33_34_35_36_37_38_39_40_41_42_43_44_45_47_48_49_50_51_52_53_54_55_57_58_59_60_61_62_63_65_66_67_69_70_71_72_73_74_75_76_78_79_81_82_83_85_86_87_88_89_91_93_94_95_97_98_99_102_103_105_106_107_111_113_114_117_119_121_123_124_125_129_131_132_133_137_141_143_144_146_150_152_154_162_164_168_173_176_178_185_187_193_199_202_203_209_212_215_218_224_228_229_232_233_239_241_245_247_248_251_256_262_265_268_282  8.51e+09  7.23e+09 -75153.84  36136.80  13685.61    735.41     80.68    154.32   4954.62  -3345.12      0.00 0
102585 5626.0    1_4_6_7_10_14_15_19_27_30_31_36_39_43_51_56_57_61_65_77_81_87_93_101_105_109_119_127_135_139_150_160_171  1.15e+09  9.28e+08  24762.87 -23804.88  11359.93    614.14     71.70    316.13  -3168.74   3961.94      0.00 0
102586 5626.0    11_15_16_19_23_24_27_31_32_37_39_43_47_48_51_52_57_58_61_62_65_69_70_73_74_77_81_82_85_87_88_93_94_97_98_101_105_106_109_110_113_120_124_127_132_136_140_145_151_161_172_175_184_198_211_217_223_234_254  1.48e+09  1.23e+09 -12804.25 -38401.48  11416.51    694.50     74.25    251.56  -3280.33  -1947.99      0.00 0
102587 5626.0    57_69_73_81_93_97_105_109_119_123_135_139_150_160_171_195  1.23e+09  1.01e+09   5851.67 -25165.94   9613.95    719.77     69.59    283.09  -3434.65   4449.93      0.00 0
102588 5626.0    0_1_2_3_4_5_6_8_9_10_11_12_13_16_17_18_20_21_22_24_25_26_28_29_32_33_34_35_38_40_41_44_45_48_49_50_52_53_54_55_58_59_60_62_63_66_67_71_72_74_75_76_78_79_82_83_84_86_88_94_96_99_100_106_114_120_124_126_133_134_143_155_165_170_179_188_194_210_216  1.32e+10  1.13e+10 -33428.23 -13723.55  10799.97    725.41     73.36    202.32   1851.59   -199.06      0.00 0
102589 5626.0    10_14_18_22_26_27_30_34_36_38_39_42_43_46_50_54_56_60_61_64_65_68_72_76_77_80_84_86_87_90_92_96_100_101_104_105_108_109_112_114_115_118_119_122_126_127_130_133_134_135_138_139_142_143_147_149_150_153_155_156_159_160_163_164_165_166_169_170_171_174_177_179_180_183_186_188_189_193_194_195_204_208_210_215_216_221_222_236_239_240  2.29e+10  1.97e+10 -59963.21  28909.92  12879.33    747.34     79.05    154.26  -1034.11   4262.91      0.00 0
102590 5626.0    22_30_36_42_46_56_64_68_80_90_92_104_115_118_130_149_159_180_183_201  6.92e+10  6.05e+10  -2336.55  19920.14   8716.74    722.49     66.51     96.69    461.33   4206.83      0.00 0
102591 5626.0    0_1_2_3_4_5_6_7_8_9_10_11_12_13_14_15_16_17_19_21_23_24_27_29_30_31_36_39_43_47_51_56_57_61_65_73_77_81_87_93_101_105_109_119_127_135_139_150_160_166_171_195  4.07e+10  3.52e+10  17828.77 -27453.90  10497.46    715.41     72.22    303.00  -2204.98   3130.31      0.00 0
102592 5626.0    0_1_2_3_4_5_6_7_8_9_10_11_12_13_14_15_16_17_18_19_20_21_22_23_24_25_26_27_28_29_30_31_32_33_34_35_36_37_38_39_41_42_43_45_46_47_49_50_51_53_54_56_57_59_60_61_63_65_67_69_71_72_73_75_76_77_81_83_86_87_89_93_95_99_105_107_114_119_121_123_125_133_135_137_144_146_150_152_154_176_178_185_187_202_203_209_228_229_233_245_248_262  1.05e+09  8.54e+08 -37574.72  24823.04  12260.74    630.28     74.77    146.55   1960.28   -992.79      0.00 0
102593 5626.0    111_121_125_137_141_146_152_154_162_176_178_187  3.39e+10  2.95e+10  14741.84  10082.61   8275.20    731.91     65.14     34.37   4292.60  -2743.51      0.00 0
102594 5626.0    2_5_8_11_13_15_16_20_23_24_28_29_31_32_35_37_40_41_44_45_47_48_52_55_57_58_62_66_67_69_70_73_74_78_79_81_82_85_88_89_91_93_94_97_98_102_103_106_110_111_113_116_117_119_120_123_124_128_129_131_132_136_140_141_144_145_148_150_151_157_158_161_167_168_172_173_175_181_182_184_190_191_196_197_198_200_205_206_211_212_213_214_217_219_220_223_224_226_227_230_231_234_235_237_238_242_243_244_246_249_250_252_253_255_257_258_259_260_261_264_266_267_269_270_271_274_275_276_277_279_281_284_286_287_289_291_293_295_298  8.91e+10  7.79e+10  75889.78 -94219.35  14233.48    788.21     83.29    308.85   1951.42  -8980.66      0.00 0
102595 5626.0    100_126_134_143_155_165_170_188_194_208_216_222_236  2.19e+09  1.82e+09 -21061.27   3827.48   9312.13    662.05     66.49    169.70   6039.73    861.92      0.00 0
102596 5626.0    74_85_94_97_98_106_110_113_120_123_124_128_131_132_136_140_144_145_151_157_161_167_172_175_181_184_190_196_198_200_205_211_213_217_219_223_226_230_234_237_242_246_249_252_254_257_260_261_263_266_269_273_275_276_277_278_280_283_285_286_287_288_289_290_292_293_294_295_296_297_298  1.32e+10  1.12e+10  33542.12 -81097.93  13695.89    756.86     81.13    292.47  -3488.43  -6536.81      0.00 0
102597 5626.0    60_64_72_76_84_86_90_96_99_100_104_108_112_114_118_122_125_126_130_133_134_138_142_143_146_147_149_153_154_155_159_163_164_165_169_170_174_176_177_178_179_183_186_187_188_192_193_194_201_202_203_207_208_209_210_215_216_221_222_225_228_229_232_236_239_245_247_248_262_265_282  2.88e+10  2.50e+10  28934.08 -52783.54  12312.20    782.97     78.44    298.73   3992.66   2818.19      0.00 0
102598 5626.0    60_71_72_76_84_86_90_96_99_100_108_112_114_121_122_125_126_130_133_134_138_142_143_146_147_152_153_154_155_159_163_164_165_169_170_174_176_177_178_179_183_185_186_187_188_192_193_194_202_203_207_208_209_210_215_216_218_221_222_228_229_232_233_236_239_240_241_245_247_248_251_256_259_262_265_268_272_282  2.40e+10  2.04e+10 -36163.38  97500.75  14337.50    727.37     82.15    110.35   5705.96   1102.33      0.00 0
102599 5626.0    242_252_254_257_260_263_266_269_273_275_276_277_278_280_283_285_286_287_288_289_290_291_292_293_294_295_296_297_298  1.78e+10  1.51e+10 -57451.75  31051.09  13156.14    695.33     78.61    151.61  -3213.64 -10447.26      0.00 0
