#event_number primary_type du_ids energy_primary em_energy Xmax_pos(x, y, z), Xmax_grams zenith azimuth shower_core_pos_x shower_core_pos_y shower_core_pos_z, N_tested_cores, units are degrees, GeV and meters
105900 5626.0    3_5_8_9_12_13_16_17_20_21_25_28_29_32_33_35_38_40_41_44_45_49_52_53_55_58_59_62_63_66_67_71_72_74_75_78_79_82_83_86_88_89_91_94_95_99_102_103_106_107_110_111_114_116_117_120_121_124_125_128_129_133_134_136_137_140_141_143_145_146_148_151_152_154_157_158_161_162_164_165_167_168_170_172_173_175_176_178_181_182_184_185_187_190_191_193_194_196_197_198_199_200_202_203_205_206_208_209_211_212_213_214_215_217_218_219_220_221_222_223_224_226_227_228_229_230_231_232_233_234_235_236_237_238_239_241_242_243_244_245_246_247_248_249_251_252_254_256_257_262_263_265_268_273_278  1.38e+08  1.01e+08 -148023.98 -38916.21  15843.61    602.30     84.09    194.73  -3404.02  -5427.30      0.00 0
105901 5626.0    271_274_279_281_284_287_289_291_293_295_298  3.31e+08  2.61e+08  25319.94  13457.18  10578.38    629.46     69.75     27.99   3762.12 -10704.35      0.00 0
105902 5626.0    1_2_5_7_8_11_13_15_16_19_20_23_24_27_28_31_32_35_37_39_40_44_47_48_51_52_55_57_58_61_62_65_66_69_70_73_74_78_81_82_87_88_91_102_106_110_116_128_157  7.76e+08  6.22e+08  -3330.39  27805.65  10581.98    616.86     69.30     96.83  -1350.81  -1203.61      0.00 0
105904 5626.0    0_1_2_3_4_5_6_8_9_10_12_13_14_17_18_20_21_22_25_26_28_29_30_33_34_35_36_38_40_41_42_44_45_46_49_50_53_54_55_59_60_63_64_66_67_68_71_72_75_76_78_79_80_83_84_86_88_89_90_91_95_96_99_100_102_103_104_107_108_111_112_114_116_117_121_122_125_126_128_129_130_133_134_137_138_141_142_143_146_147_148_152_153_154_155_157_158_162_163_165_167_168_169_173_174_177_179_181_182_185_186_190_191_196_197_199_200_205_206_212_213_214_220_226_227_230_231_237_238_243_246_249_250_252_253_257_258_260_261_266_267_269_270_273_275_276_277_280_281_283_286_287_288_289_290_291_292_293_294_295_296_297_298  1.66e+08  1.23e+08 -27623.40 -99203.23  15151.28    615.85     81.63    254.44   -436.90 -10379.70      0.00 0
105905 5626.0    0_1_2_3_4_5_6_7_8_9_10_11_12_13_14_15_16_17_18_19_20_21_22_23_24_27_28_29_30_31_32_35_36_37_39_40_41_42_43_44_45_46_47_48_51_52_55_56_57_58_61_62_65_66_68_69_70_73_74_77_78_79_80_81_82_87_88_91_92_93_101_102_104_105_106_109_110_115_116_117_118_127_128_135_139_148_149_156_157_166_171_180_181_183_189_195_201_204_225  3.02e+08  2.33e+08  -2147.06  48785.02  12383.67    655.20     75.77     92.52  -1033.23   2486.79      0.00 0
105906 5626.0    3_4_5_8_9_12_13_17_18_21_25_26_28_29_33_34_35_38_40_41_44_45_49_50_53_54_55_59_60_62_63_66_67_71_72_75_76_78_79_83_84_86_88_89_91_95_96_99_100_102_103_107_108_110_111_114_116_117_121_122_125_126_128_129_133_134_137_140_141_143_146_147_148_152_153_154_155_157_158_162_164_165_167_168_170_172_173_176_177_178_179_181_182_185_186_187_188_190_191_193_194_196_197_198_199_200_202_203_205_206_208_209_210_211_212_213_214_215_216_218_219_220_221_222_223_224_226_227_228_229_230_231_232_233_234_235_236_237_238_239_240_241_242_243_246_247_249_250_252_253_254_257_258_260_261_263_266_267_269_270_273_275_276_277_278_280_283_285_286_287_288_290_292_293_294_296  1.51e+08  1.13e+08 -94545.18 -109415.77  15683.59    618.49     83.81    229.17   4826.24   -905.89      0.00 0
105907 5626.0    95_99_114_121_125_133_134_137_141_143_146_147_152_154_155_162_164_165_168_170_173_176_177_178_179_185_187_188_193_194_197_199_202_203_208_209_210_212_214_215_216_218_220_221_222_224_228_229_231_232_233_235_236_238_239_240_241_243_244_245_247_248_250_251_253_255_256_258_259_261_262_264_265_267_268_270_271_272_274_277_279_281_282_284_287_289_291_293_295_297_298  2.34e+08  1.79e+08 -38117.32 -118792.80  15495.26    621.74     82.92    252.21   5461.52  -6182.12      0.00 0
105908 5626.0    200_206_214_220_224_226_227_230_231_235_237_238_241_242_243_244_246_249_250_251_252_253_255_256_257_258_259_260_261_263_264_265_266_267_268_269_270_271_272_273_274_275_276_277_278_279_280_281_282_283_284_285_286_287_288_290_292_296  8.13e+08  6.48e+08 -59497.66 -17454.71  13292.75    650.30     77.90    196.35  -2817.44 -10003.89      0.00 0
105909 5626.0    135_139_144_150_160_166_171_195  1.00e+09  8.12e+08 -12235.38 -16693.06   9405.97    630.63     65.56    233.76  -3471.26   4536.35      0.00 0
105910 5626.0    3_5_8_9_13_16_17_20_21_28_29_32_35_40_41_44_45_52_55_58_62_66_78_82_88_102_106_110_120_128_136_140_151_161_172_184_198_217  1.45e+08  1.11e+08  22469.30  18338.58  10613.59    630.40     69.90     39.22  -2103.49  -3060.24      0.00 0
105911 5626.0    226_227_230_246_249_252_260_266_269_280_283_290_292  4.57e+08  3.66e+08  13586.47  13686.44   8703.46    702.33     65.71     45.21  -1654.91  -9305.79      0.00 0
105912 5626.0    22_30_34_36_42_43_46_50_54_56_60_64_65_68_76_77_80_84_87_90_92_96_100_101_104_108_109_112_115_118_122_126_127_130_134_135_139_149_156_160_166_171_180_189_195  1.41e+08  1.08e+08  37184.09 -23515.89  12002.95    653.92     74.74    327.69  -1776.53   4578.23      0.00 0
105913 5626.0    66_88_102_110_128_140_157_167_172_190_196_213_219  2.63e+08  2.05e+08  -6187.26 -20339.15   9688.48    603.90     65.50    253.08  -1976.43  -4790.56      0.00 0
105914 5626.0    0_1_2_3_4_5_6_7_8_9_10_11_12_13_14_15_16_17_18_19_20_21_22_23_24_25_26_27_28_29_30_31_32_33_34_35_36_37_38_39_40_41_42_43_44_45_46_47_48_50_51_52_54_55_56_57_58_60_61_62_64_65_66_68_69_70_73_74_76_77_78_79_80_81_82_84_85_87_88_90_91_92_93_94_96_97_98_101_102_104_105_106_108_109_110_112_113_115_118_119_120_122_123_124_127_128_130_131_132_135_136_138_139_140_142_145_149_151_153_156_159_161_163_166_167_169_172_174_175_180_183_184_189_192_196_198_201_204_207_211_217_219_223_225_234_242_254_263_278  2.51e+08  1.92e+08 -52291.35 -87580.47  15153.54    612.70     81.55    239.16  -2385.35  -1052.47      0.00 0
105915 5626.0    0_1_2_3_4_5_6_7_8_9_10_11_12_13_14_15_16_17_18_19_20_21_22_23_24_25_26_27_28_29_30_31_32_33_34_35_36_37_38_39_40_41_42_43_44_45_46_47_48_49_50_51_52_53_54_55_56_57_58_59_60_61_62_63_64_65_66_67_68_69_70_71_72_73_74_75_76_77_78_79_80_81_82_83_84_85_86_87_88_89_90_91_92_93_94_95_96_97_98_99_100_101_102_103_104_105_106_107_108_109_110_111_112_113_114_115_116_117_118_119_120_121_122_123_124_125_126_127_128_129_130_131_132_133_135_136_137_138_139_140_141_142_144_146_148_149_150_152_154_156_157_158_159_160_161_162_166_167_168_169_171_172_173_176_178_180_181_182_183_185_189_190_191_192_195_196_197_199_200_201_202_203_204_205_206_207_212_213_214_218_220_224_225_226_227_228_230_231_233_235_238_241_243_244_246_249_250_251_253_255_256_258_259_260_261_264_267_268_270_271_272_274_275_276_277_279_281_284_286_287_289_291_293_295_298  6.17e+08  4.82e+08  68140.27 -167977.42  15413.00    638.27     85.14    292.08    153.88   -921.02      0.00 0
105916 5626.0    206_212_214_220_224_226_227_230_231_235_237_238_241_243_244_246_248_249_250_251_252_253_255_256_257_258_259_260_261_262_263_264_265_266_267_268_269_270_271_272_273_274_275_276_277_278_279_280_281_282_283_284_285_286_287_288_289_290_291_292_293_294_295_296_297_298  4.07e+08  3.11e+08 -103463.12 -28965.30  14889.58    661.55     82.11    195.64   3933.73  -9459.51      0.00 0
105917 5626.0    0_1_2_3_4_5_6_7_8_9_10_11_12_13_14_15_16_17_18_19_20_21_22_23_24_25_26_27_28_29_30_31_32_33_34_35_36_37_38_39_40_41_42_43_44_45_46_47_48_49_50_51_52_53_54_55_56_57_58_59_60_62_63_64_66_67_68_69_70_71_72_73_74_75_76_78_79_80_82_83_84_85_86_88_89_90_91_94_95_96_98_99_100_102_103_104_106_107_108_110_111_112_114_116_117_120_122_124_125_126_128_132_133_134_136_138_140_142_143_145_147_151_153_155_157_161_163_164_165_167_170_172_175_177_179_184_186_188_190_194_196_198_210_211_216_217_219_222_223_234_240_254  8.51e+08  6.79e+08 -78029.48 -57486.27  14657.60    658.67     81.40    216.38  -1424.49  -2103.23      0.00 0
105918 5626.0    5_8_9_13_16_17_20_21_28_29_32_33_35_40_41_44_45_48_49_52_53_55_58_59_62_63_66_67_74_75_78_79_82_83_88_89_91_94_95_98_99_102_103_106_107_110_111_116_117_120_121_124_125_128_129_132_133_136_137_140_141_145_146_148_151_152_154_157_158_161_162_164_167_168_172_173_175_176_178_181_182_184_185_187_190_191_193_196_197_198_199_200_202_203_205_206_209_211_212_213_214_215_217_218_219_220_221_223_224_226_227_228_229_230_231_232_233_234_235_237_238_239_241_242_243_244_245_246_247_248_249_250_251_252_253_254_255_256_257_258_259_262_263_264_265_268_271_272_282  3.02e+08  2.30e+08 -165198.72  -2681.67  15617.93    626.31     84.60    180.93   1127.98  -4754.39      0.00 0
105919 5626.0    0_1_2_3_4_5_6_7_8_9_10_11_12_13_14_15_16_17_18_19_20_21_22_23_24_25_26_27_28_29_30_31_32_33_34_35_36_37_38_39_40_41_42_43_44_45_46_47_48_49_50_51_52_53_54_55_56_57_58_59_60_61_62_63_64_65_66_67_68_69_70_71_72_73_74_75_76_77_78_79_80_81_82_83_84_85_86_87_88_89_90_91_92_93_94_95_97_98_99_101_102_103_104_105_106_107_108_109_110_111_112_113_115_116_117_118_119_120_121_123_124_125_127_128_129_130_131_132_135_136_137_139_140_141_144_145_148_149_150_151_152_156_157_158_159_160_161_162_166_167_168_171_172_173_175_180_181_182_183_184_185_189_190_191_192_195_196_197_198_199_200_201_204_205_206_207_211_212_213_214_217_218_219_220_223_224_225_226_227_230_231_234_235_237_238_242_243_244_246_249_250_252_253_255_257_258_259_260_261_263_264_266_267_269_270_271_273_274_275_276_277_279_280_281_283_284_286_287_288_289_290_291_293_294_295_296_297_298  1.10e+08  7.99e+07  62667.05 -192640.48  15587.46    589.10     85.60    288.02  -2725.92   3205.10      0.00 0
105920 5626.0    0_1_2_3_4_5_6_7_8_9_10_12_13_14_17_18_21_22_25_26_27_28_29_30_33_34_35_36_38_39_41_42_43_45_46_49_50_53_54_55_56_59_60_63_64_65_67_68_71_72_75_76_77_79_80_83_84_86_89_90_91_92_95_96_99_100_101_103_104_107_108_111_112_114_115_117_118_121_122_125_126_129_130_133_134_137_138_141_142_143_146_147_149_152_153_154_156_158_159_162_163_168_169_173_174_176_178_180_182_183_185_191_192_197_199_201_202_203_204_206_207_212_214_218_220_224_225_231_233_235_238_241_243_244_250_251_253_255_256_258_259_264_267_270_271_272_274_279_281_284_291  2.34e+08  1.79e+08  19629.62 -88106.73  14668.56    631.74     80.77    282.56   3495.00  -5925.65      0.00 0
105921 5626.0    230_237_249_252_257_266_269_273_276_280_283_288_290_292_296  6.31e+08  5.08e+08  -8121.90 -27955.76  10595.78    634.85     70.00    253.80  -2527.28 -11246.95      0.00 0
105922 5626.0    0_2_3_4_5_6_8_9_10_12_13_17_18_20_21_22_25_26_28_29_33_34_35_38_40_41_42_44_45_49_50_52_53_54_55_59_60_62_63_64_66_67_71_72_75_76_78_79_83_84_86_88_89_91_95_96_99_100_102_103_108_110_114_116_122_126_128_134_138_140_147_153_155_163_165_167_177_179_186_188_210  2.45e+08  1.90e+08  32835.16  36879.29  12770.13    608.65     75.50     48.32   2817.12    796.51      0.00 0
105923 5626.0    0_1_2_3_4_5_6_7_9_10_12_14_15_17_18_19_21_22_25_26_27_29_30_33_34_36_38_39_41_42_43_46_49_50_51_53_54_56_59_60_61_63_64_65_68_71_72_75_76_77_80_83_84_86_87_89_90_92_95_96_99_100_101_104_105_107_108_109_112_114_115_118_121_122_125_126_127_130_133_134_135_137_138_139_143_146_149_152_154_156_159_160_162_164_166_170_171_176_178_180_183_185_187_189_193_195_199_202_203_204_209_215_218_224_228_229_232_233_241_245_247_248_251_256_262_265_268_272_282  4.79e+08  3.77e+08 -45865.28  54990.64  13906.06    635.46     79.01    129.83   3746.21  -1305.90      0.00 0
105924 5626.0    73_85_93_97_98_105_113_119_123_124_131_132_135_144_150_160  1.17e+08  9.00e+07  -1966.44 -27036.17  10579.71    600.93     68.68    265.84  -3840.64   1570.43      0.00 0
105925 5626.0    105_119_135_144_150_160  2.57e+08  2.00e+08 -18408.24  10440.34   9769.62    590.76     65.22    150.44  -4233.12   3620.93      0.00 0
105926 5626.0    42_46_50_54_60_64_68_72_76_80_84_86_90_92_96_99_100_104_108_112_114_115_118_122_125_126_127_130_133_134_138_142_143_147_149_153_154_155_156_159_163_164_165_166_169_170_174_177_178_179_180_183_186_187_188_189_192_193_194_195_201_202_204_207_208_209_210_215_216_221_222_225_228_229_232_236_239_240_245_247_248_262  5.37e+08  4.16e+08 -151385.50 166545.59  14712.19    640.20     86.26    132.27   5680.89   4161.04      0.00 0
105927 5626.0    89_95_99_103_107_111_114_116_117_121_125_129_133_137_141_143_146_148_152_154_157_158_162_164_165_168_170_173_176_178_181_182_185_187_188_190_191_193_194_197_199_200_202_203_205_206_208_209_212_213_214_215_216_218_219_220_221_222_224_226_227_228_229_230_231_232_233_235_236_237_238_239_240_241_242_243_244_245_246_247_248_249_250_252_253_255_257_258_260_261_263_266_267_269_270_273_275_276_277_278_280_281_283_285_286_287_288_290_292_293_294_296  2.00e+08  1.55e+08 -63288.56 -64066.54  14698.71    627.07     80.73    225.35   2542.06  -5613.67      0.00 0
105928 5626.0    235_241_243_244_248_251_253_255_256_258_259_261_262_264_265_267_268_270_271_272_274_275_276_277_279_281_282_284_286_287_288_289_291_293_294_295_296_297_298  8.32e+08  6.66e+08 -60207.53 -40259.79  13790.16    656.00     79.22    213.77   4047.24 -10096.17      0.00 0
105929 5626.0    0_1_2_3_4_6_7_10_11_12_14_15_17_18_19_22_23_25_26_27_30_31_34_36_37_38_39_42_43_46_47_49_50_51_54_56_57_60_61_64_65_68_69_71_72_73_75_76_77_80_81_84_86_87_90_93_96_97_99_100_105_108_114_119_122_123_126_133_134_143_144_155_164_165_170_188_194_208_222_236  8.91e+08  7.26e+08  39813.32  -5772.66  11459.71    684.42     74.10    351.75   1416.96   1181.33      0.00 0
105930 5626.0    6_7_10_14_15_19_22_27_30_31_34_36_39_42_43_46_51_54_56_60_64_65_68_77_80_84_90_96_104_108_112_122_126_130_138_142_147_153_163_174_177_179_186  1.29e+08  9.69e+07 -42688.86 -22860.80  12839.58    590.47     75.15    208.17   5595.91   4625.14      0.00 0
105931 5626.0    36_39_42_43_46_56_61_64_65_68_77_80_84_87_90_92_96_101_104_105_108_109_112_115_118_119_122_126_127_130_135_138_139_142_144_147_149_150_153_155_156_159_160_163_166_169_171_174_177_179_180_183_186_188_189_192_195_201_204_207_210_216_225_240  3.09e+08  2.36e+08 103546.91  -4720.15  15213.94    610.21     81.65    357.39    862.66   4925.21      0.00 0
105932 5626.0    0_1_2_3_4_5_6_7_8_9_10_11_12_13_14_15_16_17_18_19_20_21_22_23_24_25_26_27_28_29_30_31_32_33_34_35_36_37_38_39_40_41_42_43_44_45_46_47_48_49_50_51_52_53_54_55_56_57_58_59_60_61_62_63_64_65_66_67_68_77_78_79_80_81_82_83_84_87_88_89_90_91_92_101_102_103_104_105_109_110_112_115_116_117_118_127_128_129_130_139_148_149_156_157_158_159_166_169_180_181_182_183_189_192_195_200_201_204_205_206_207_225_226_227  5.50e+08  4.34e+08   -680.57  62890.70  13713.19    602.12     77.70     90.62   -120.92   3351.85      0.00 0
105933 5626.0    140_157_161_167_172_181_182_190_196_200_205_206_213_226_227_230_231_246_249_250_253_261_267_270_281_284  1.45e+08  1.10e+08 -24261.82  21555.80  11429.00    577.28     70.60    138.38   -427.22  -7081.49      0.00 0
105934 5626.0    23_24_31_32_37_47_48_51_52_57_58_61_62_69_70_73_74_81_82_85_93_94_97_98_106_110_120_124_136_140_151_161_172_198  3.24e+08  2.56e+08   5954.38  26166.04  10134.74    658.84     69.31     77.18  -2813.47  -1695.62      0.00 0
105935 5626.0    0_1_2_3_4_5_6_7_8_9_10_12_13_14_15_17_18_19_21_22_25_26_27_29_30_33_34_35_36_38_39_41_42_43_45_46_49_50_53_54_56_59_60_61_63_64_65_67_68_71_72_75_76_77_79_80_83_84_86_87_89_90_92_95_96_99_100_101_103_104_107_108_109_111_112_115_118_121_127_129_130_137_141_142_149_152_156_159_162_166_168_169_173_180_183_189_192_195_197_199_201_204_207_212_225  3.63e+08  2.83e+08 -16474.78  56780.55  13378.02    616.28     77.25    106.18    327.07   3836.61      0.00 0
105936 5626.0    11_15_16_19_20_23_24_28_31_32_37_40_44_47_48_51_52_57_58_61_62_66_69_70_73_74_78_81_82_85_87_88_91_93_94_97_98_102_105_106_109_110_113_116_119_120_123_124_128_131_132_135_136_139_140_144_145_148_150_151_157_160_161_166_167_171_172_175_181_182_184_190_195_196_198_200_205_211_213_217_219_223_226_227_230_234_237_242_246_249_250_252_254_257_260_261_263_266_269_273_275_276_277_278_280_283_285_286_287_288_289_290_292_293_294_295_296_297_298  9.33e+08  7.40e+08 -41165.46 199834.11  15126.25    638.28     85.76    101.64  -3609.79 -10465.34      0.00 0
105937 5626.0    16_20_24_28_32_35_37_40_44_48_52_55_58_62_66_69_70_73_74_78_79_82_85_88_91_94_97_98_102_103_106_110_113_116_117_120_123_124_128_129_131_132_136_140_144_145_148_151_157_158_167_168_181_182_190_191_197_200_205_206_214_220_226_227_231_238_243_246_250_253_258_264_267_270_274_279_281_284_291  9.33e+08  7.51e+08 -31816.79  41917.07  12740.96    644.14     76.39    127.20   -333.27  -4815.02      0.00 0
105938 5626.0    78_79_88_91_102_103_106_110_111_116_117_128_129_136_137_140_141_148_151_157_161_167_184  1.62e+08  1.25e+08  29127.06   -406.72  10769.70    610.98     69.71    359.20   -919.22  -3835.34      0.00 0
105939 5626.0    181_182_190_191_200_205_206_214_220_226_227_231_238_243_250_253_255_258_264_267_270_271_274_279_284  2.40e+08  1.85e+08  32830.25 -19146.04  11742.78    613.82     72.83    329.75   3380.34  -8774.80      0.00 0
105940 5626.0    33_38_49_53_59_63_67_71_75_83_89_95_103_107_111_121_129_137_141_152_158_162_168_173_191_197_199_206_212_214_220_224_231_235_238_243_250_253_255_258_264_267_270_271_274_279_281_284_289_291  5.13e+08  4.07e+08  -5123.55  51060.86  12937.62    605.64     75.85     95.73   3006.54  -8567.28      0.00 0
105941 5626.0    0_1_2_3_4_5_6_7_8_9_10_11_12_13_14_15_16_17_18_19_20_21_22_23_24_25_26_27_28_29_30_31_32_33_34_35_36_37_38_39_40_41_42_43_44_45_46_47_48_49_50_51_52_53_54_55_56_57_58_59_60_61_62_63_64_65_66_67_68_69_70_71_72_73_74_75_76_77_78_79_80_81_82_83_84_85_86_87_88_89_90_91_92_93_94_95_96_97_98_99_100_101_102_103_104_105_106_107_108_109_110_111_112_113_114_115_116_117_118_119_120_121_123_124_125_127_128_129_130_131_132_135_136_137_139_140_141_142_144_146_148_149_150_151_152_156_157_158_159_160_161_162_166_167_168_169_171_172_173_176_180_181_182_183_185_189_190_191_192_195_196_197_199_200_201_203_204_205_206_207_212_213_214_218_220_224_225_226_227_230_231_235_237_238_241_243_244_246_249_250_252_253_255_256_258_259_260_261_264_266_267_270_271_272_274_275_276_277_279_281_284_286_287_288_289_291_293_294_295_297_298  2.00e+08  1.48e+08 -54298.13 160232.70  15843.54    598.50     84.65    108.72   1056.44  -4924.44      0.00 0
105942 5626.0    0_1_2_3_4_5_6_7_8_9_10_11_12_13_14_15_16_17_18_19_20_21_22_23_24_25_26_27_28_29_30_31_32_33_34_35_36_37_38_39_40_41_42_43_44_45_46_47_48_49_50_51_52_53_54_55_56_57_58_59_60_61_62_63_64_65_66_67_68_69_70_71_72_73_74_75_76_77_78_79_80_81_82_83_84_85_86_87_88_89_90_91_92_93_94_95_96_97_98_99_100_101_102_103_104_106_107_108_110_111_112_113_114_115_116_117_118_120_121_122_124_125_126_128_129_130_132_133_134_136_137_138_140_141_142_143_145_146_147_148_149_151_152_153_154_155_157_158_159_161_163_164_165_167_168_169_170_172_174_175_177_179_181_182_184_186_188_190_191_192_194_196_198_200_205_206_208_210_211_213_216_217_219_222_223_226_230_234_237_240_242_249_252_254_257_263_266_269_273_278_280_283_285_292  1.29e+08  9.34e+07 119743.41 134349.86  16061.68    567.18     84.90     48.29  -3845.33  -5730.64      0.00 0
105943 5626.0    110_116_128_136_140_145_148_151_157_158_161_167_172_175_181_182_184_190_191_196_197_198_200_205_206_211_213_214_217_219_220_223_226_227_230_231_234_235_237_238_243_246_250_253_255_258_264_270_271_274_279  1.74e+08  1.32e+08  48203.51 -22816.58  13207.92    589.70     76.09    334.67  -2042.99  -5729.31      0.00 0
105944 5626.0    24_32_37_47_48_52_58_62_69_70_73_74_82_85_88_94_98_106_110_120_124_128_136_140_151_161_167_172_184_190_196_198_211_213_219_223_234_237_242_257_263_273  4.17e+08  3.26e+08   2659.88  36048.45  11668.02    598.70     72.11     85.78  -2787.19  -4469.85      0.00 0
105945 5626.0    270_274_275_277_279_281_284_286_287_289_291_293_295  1.74e+08  1.36e+08 -29138.66  -4328.81  10768.61    616.78     69.92    188.45   3495.06 -10836.58      0.00 0
105946 5626.0    220_227_231_235_238_243_244_246_249_250_251_253_255_256_258_259_260_261_264_265_266_267_268_269_270_271_272_274_275_276_277_279_280_281_282_283_284_286_287_288  1.86e+08  1.44e+08  48542.28  12075.96  12834.11    606.65     75.61     13.97   4679.49  -8487.85      0.00 0
105947 5626.0    11_15_16_19_20_23_24_31_32_37_39_40_47_48_51_52_57_58_61_62_65_66_69_70_73_74_81_82_85_87_88_93_94_97_98_102_105_106_109_110_113_119_120_123_124_127_128_131_132_135_136_139_140_144_150_151_157_160_161_166_167_171_172_190_195_196_213  1.41e+08  1.06e+08  -7125.54  53761.28  13310.48    584.75     76.21     97.55  -3041.22   1919.09      0.00 0
105948 5626.0    0_1_2_3_4_5_6_7_8_9_10_12_13_14_17_18_19_21_22_25_26_27_28_29_30_33_34_35_36_38_39_41_42_43_45_46_49_50_53_54_55_56_59_60_63_64_65_67_68_71_72_75_76_77_79_80_83_84_86_89_90_91_92_95_96_99_100_101_103_104_107_108_111_112_114_115_117_118_121_122_125_126_127_129_130_133_134_137_138_141_142_143_146_147_149_152_153_154_155_156_158_159_162_163_164_168_169_173_174_176_178_180_183_185_187_189_191_192_197_199_201_202_203_204_206_207_212_214_218_220_224_225_228_231_233_235_238_241_243_244_248_251_253_255_256_258_259_264_268_270_271_272_274_279_281_284_291  6.76e+08  5.31e+08 -23945.03  93124.75  14765.15    641.94     81.27    104.42   3275.33  -3316.73      0.00 0
105949 5626.0    148_157_167_172_181_182_190_191_196_197_198_200_205_206_211_212_213_214_217_219_220_223_224_226_227_230_231_234_235_237_238_242_243_244_246_249_250_252_253_254_255_256_257_258_259_260_261_263_264_266_267_268_269_270_271_272_273_274_275_276_277_278_279_281_282_284  2.75e+08  2.09e+08 -73582.66  12076.00  14156.99    620.70     79.25    170.68    608.86  -8004.12      0.00 0
105950 5626.0    0_1_2_3_4_5_6_7_8_9_10_11_12_13_14_15_16_17_18_19_20_21_22_23_24_25_26_27_28_29_30_31_32_33_34_35_36_37_38_39_40_41_42_43_44_45_46_47_48_49_50_51_52_53_54_55_56_57_58_59_60_61_62_63_64_65_66_67_68_69_70_73_74_77_78_79_80_81_82_84_85_87_88_89_90_91_92_93_94_97_98_101_102_103_104_105_106_108_109_110_112_113_115_116_117_118_119_120_123_124_127_128_129_130_131_132_135_136_139_140_142_144_145_148_149_150_151_156_157_158_159_160_161_166_167_169_171_172_175_180_181_182_183_184_189_190_192_195_196_198_200_201_204_205_206_207_211_213_217_219_223_225_226_227_230_234_237_242_246_249_252_254_257_260_261_263_266_269_273_275_276_278_280_283_285_286_288_290_292_293_294_296_297  4.17e+08  3.19e+08  24856.07 129807.72  15432.41    639.07     83.34     79.16  -3611.98 -11166.30      0.00 0
105951 5626.0    8_11_13_16_20_23_24_28_32_35_37_40_44_45_47_48_52_55_58_62_66_69_70_74_78_79_82_88_91_102_103_106_110_116_117_128_129_148_157_158_167_168_181_182_190_191_197_200_205_206_214_220_226_227_231_238_243_246_249_250_253_258_260_261_264_267_270_274_275_277_281_284_287_289_291_295  6.46e+08  5.11e+08  22508.02 -54312.35  13130.69    646.33     77.41    292.51   1690.11  -9205.68      0.00 0
105952 5626.0    200_226_227_230_246_249_252_260_266_269_276_280_283_290_292  4.17e+08  3.32e+08  15670.39  17428.18   9842.46    630.52     67.22     48.04  -1556.53  -9178.86      0.00 0
105953 5626.0    0_1_2_3_4_5_6_7_8_9_10_11_12_13_14_15_16_18_19_20_22_23_24_27_28_30_31_32_34_35_36_37_39_40_42_43_44_46_47_48_51_52_54_56_57_58_61_62_64_65_66_68_69_70_73_74_77_78_80_81_82_84_85_87_88_90_92_93_94_97_98_101_102_104_105_106_109_110_112_113_115_118_119_120_123_124_127_128_130_131_132_135_136_139_140_142_145_149_151_156_159_161_166_167_169_172_174_175_180_183_184_189_192_196_198_201_204_207_211_217_219_223_225_234_242_254_263_278  3.80e+08  2.94e+08 -39797.05 -75898.74  14633.51    616.77     80.31    242.33  -2226.70    -37.14      0.00 0
105954 5626.0    45_55_63_67_78_79_89_91_102_103_110_111_116_117_128_140_148_157_167_172_190_196_211_219_234  8.13e+08  6.50e+08  22353.66  15698.76  10174.83    662.49     69.57     35.08   -951.82  -4380.56      0.00 0
105955 5626.0    110_120_124_128_132_136_140_145_151_157_161_167_172_175_181_184_190_196_198_200_205_211_213_217_219_223_226_227_230_234_237_242_246_249_250_252_254_257_260_261_263_266_267_269_270_273_275_276_277_278_280_281_283_284_285_286_287_288_289_290_291_292_293_294_295_296_297_298  8.91e+08  7.01e+08 -104422.02 140553.12  15165.09    674.79     85.05    126.61  -2187.38 -10850.67      0.00 0
105956 5626.0    0_1_2_3_4_5_6_7_8_9_10_11_12_13_14_15_16_17_18_19_20_21_22_23_24_25_26_27_28_29_30_31_32_33_34_35_36_37_38_39_40_41_42_43_44_45_46_47_48_49_50_51_52_53_54_55_56_57_58_59_60_61_62_63_64_65_66_67_68_69_70_71_72_73_74_75_76_77_78_79_80_81_82_83_84_85_86_87_88_89_90_91_92_93_94_95_96_97_98_99_100_101_102_103_104_105_106_107_108_109_110_111_112_113_114_115_116_117_118_119_120_121_122_123_124_125_126_127_128_129_130_131_132_133_134_135_136_137_138_139_140_141_142_143_145_146_147_148_149_151_152_153_154_155_156_157_158_159_161_162_163_164_165_166_167_168_169_170_172_173_174_175_176_177_178_179_180_181_182_183_184_185_186_187_188_189_190_191_192_193_194_196_197_198_199_200_201_202_203_204_205_206_207_208_209_210_211_212_213_214_215_216_217_218_219_220_221_222_223_224_225_226_227_228_229_230_231_232_233_234_235_236_237_238_239_240_241_242_243_244_246_249_250_252_253_254_255_257_258_260_261_263_264_266_267_269_270_273_274_275_276_277_278_280_281_283_284_285_286_287_288_289_290_292_293_294_295_296_297_298  5.50e+08  4.27e+08 -155388.27 -258201.03  12630.42    608.18     87.60    238.96  -2661.70  -7758.81      0.00 0
105957 5626.0    0_1_2_3_4_5_6_7_8_9_10_11_12_13_14_15_16_17_18_19_20_21_22_23_24_25_26_27_28_29_30_31_32_33_34_35_36_37_38_39_40_41_42_43_44_45_46_47_48_49_50_51_52_53_54_55_56_57_58_59_60_61_62_63_64_65_66_67_68_69_70_71_72_73_74_75_76_77_78_79_80_81_82_83_84_85_86_87_88_89_90_91_92_93_94_96_97_98_99_100_101_102_103_104_105_106_108_109_110_112_113_114_115_116_117_118_119_120_122_123_124_126_127_128_130_131_132_134_135_136_138_139_140_142_144_145_147_148_149_150_151_153_155_156_157_159_160_161_163_166_167_169_171_172_174_175_177_179_180_181_183_184_186_189_190_192_195_196_198_201_204_205_207_211_213_217_219_223_225_230_234_237_242_252_254_257_263_269_273_278_283_285_292  1.00e+09  7.79e+08 -114736.49 -191786.67  14726.49    642.49     86.23    239.11  -1778.19    617.40      0.00 0
105958 5626.0    0_1_2_3_4_5_6_7_8_9_10_11_12_13_14_15_16_17_18_19_20_21_22_23_24_25_26_27_28_29_30_31_32_33_34_35_36_37_38_39_40_41_42_43_44_45_46_47_48_49_50_51_52_53_54_55_56_57_58_59_60_61_62_63_64_65_66_67_68_69_70_71_72_73_74_75_76_77_78_79_80_81_82_83_84_85_86_87_88_89_90_91_92_93_94_95_96_97_98_99_100_101_102_103_104_105_106_107_108_109_110_111_112_113_114_115_116_117_118_119_120_121_122_123_124_125_126_127_128_129_130_131_132_133_134_135_136_137_138_139_140_141_142_143_144_145_146_148_149_150_151_152_153_154_156_157_158_159_160_161_162_163_166_167_168_169_171_172_173_174_175_176_178_180_181_182_183_184_185_189_190_191_192_195_196_197_198_199_200_201_202_203_204_205_206_207_211_212_213_214_217_218_219_220_223_224_225_226_227_230_231_233_234_235_237_238_241_242_243_244_246_249_250_251_252_253_254_255_256_257_258_259_260_261_263_264_266_267_268_269_270_271_272_273_274_275_276_277_278_279_280_281_283_284_285_286_287_288_289_290_291_292_293_294_295_296_297_298  6.92e+08  5.39e+08 -93568.50 310501.38  11324.57    644.37     88.00    106.77  -4203.49  -2092.72      0.00 0
105959 5626.0    7_11_14_15_19_23_24_27_31_32_36_37_39_43_47_48_51_56_57_58_61_65_69_70_73_74_77_80_81_85_87_92_93_94_97_98_101_104_105_109_113_115_118_120_124_127_149_156_159_180_183_192_201_207  5.62e+08  4.46e+08  16987.95  33894.60  11461.21    651.58     73.18     63.38  -1274.77   2635.38      0.00 0
105960 5626.0    0_1_2_3_4_5_6_7_8_9_11_12_13_15_16_17_19_20_21_23_24_25_28_29_31_32_33_35_37_40_41_44_45_47_49_53_55_57_59_63_67_75_79_83_89_95_103_107_111_121_125_137_141_146_152_162_176_185_199_203_218_228_233_241_251  4.17e+08  3.32e+08  29385.04 -22991.16  11535.26    632.64     72.82    321.96   2504.89  -2614.98      0.00 0
105961 5626.0    0_1_2_3_4_5_6_7_8_9_10_11_12_13_14_15_16_17_18_19_20_21_22_23_24_25_26_27_28_29_30_31_32_33_34_35_36_37_38_39_40_41_42_43_44_45_46_47_48_49_50_51_52_53_54_55_56_57_58_59_60_61_62_63_64_65_66_67_68_69_70_71_72_73_74_75_76_78_79_81_82_83_84_85_86_88_89_93_94_95_96_97_98_99_100_106_107_113_114_120_121_123_124_125_126_131_132_133_134_143_145_146_154_155_164_165_170_187_188_193_194_208_215_216_221_222_236_239_240  1.02e+08  7.61e+07  67757.55    827.85  13564.90    655.75     78.68      0.70    742.04   -180.81      0.00 0
105962 5626.0    20_32_40_48_52_58_62_70_74_82_94_98_124_132  5.01e+08  4.03e+08  19608.24    164.27   9110.48    646.85     65.08      0.48  -3398.90  -1404.49      0.00 0
105963 5626.0    0_1_2_3_4_5_6_7_8_9_10_11_12_13_14_16_17_18_20_21_22_25_26_27_28_29_30_33_34_35_36_38_40_41_42_43_44_45_46_49_50_53_54_55_56_59_60_63_64_66_67_68_76_78_79_80_83_84_88_89_90_91_102_103_104_108_112_116_117_128_129_130_148_157_158_181_182_190_200_205  4.68e+08  3.72e+08   6753.99  39223.86  11993.92    603.68     73.23     80.23    462.14  -1347.37      0.00 0
105964 5626.0    15_19_23_27_31_36_37_39_43_46_47_51_56_57_61_65_69_70_73_77_80_81_85_87_92_93_97_98_101_104_105_109_112_113_115_118_119_123_127_130_131_132_135_139_142_144_149_156_159_166_169_174_180_183_192_201_207  1.32e+08  9.96e+07  36920.42  36907.54  13141.86    587.99     75.87     44.99   -919.05   3525.98      0.00 0
105965 5626.0    0_1_3_4_5_6_7_9_10_12_14_17_18_21_22_25_26_27_29_30_33_34_36_38_39_41_42_43_46_49_50_53_54_56_59_60_63_64_65_67_68_71_72_75_77_80_83_84_89_90_92_101_104_115_118_127_149_156_180_189_204  4.07e+08  3.22e+08 -10146.96  32379.00  11373.15    606.19     71.47    107.40    473.67   2112.81      0.00 0
105966 5626.0    241_244_251_255_256_259_268_271_272_279  6.31e+08  5.08e+08   2801.27  28724.43  10327.94    669.61     70.31     84.43   5675.12  -9736.67      0.00 0
105967 5626.0    0_1_2_3_4_5_6_7_8_9_10_11_12_13_14_15_16_17_18_19_20_21_22_23_24_25_26_27_28_29_30_31_32_33_34_35_36_37_38_39_40_41_42_43_44_45_46_47_48_49_50_51_52_53_54_55_56_57_58_60_61_62_64_65_66_68_69_70_71_72_73_74_76_77_78_80_81_82_84_85_86_87_88_90_92_93_94_96_97_98_100_101_102_104_105_106_108_109_110_112_113_115_118_119_120_122_123_124_126_127_130_131_132_135_136_138_139_140_142_144_145_147_149_150_151_153_155_156_159_160_161_163_166_169_171_172_174_175_177_179_180_183_184_186_189_192_195_198_201_204_207_217_223_225  1.70e+08  1.28e+08 -200307.62 -180737.98  13667.23    620.01     87.10    222.06   -313.66   4726.07      0.00 0
105968 5626.0    0_1_2_3_4_5_6_7_8_9_10_11_12_13_14_15_16_17_18_19_20_21_22_23_24_25_26_27_28_29_30_31_32_33_34_35_36_37_38_39_40_41_42_43_44_45_46_47_48_49_50_51_52_53_54_55_56_57_58_59_60_61_62_63_64_65_66_67_68_69_70_71_72_73_74_75_76_77_78_79_80_81_82_83_84_85_86_87_88_89_90_91_92_93_94_95_97_98_99_101_102_103_104_105_106_107_109_110_111_113_114_115_116_117_119_120_121_123_124_125_127_128_129_131_132_133_135_136_137_139_140_141_144_145_146_148_150_151_152_154_156_157_158_160_161_162_166_167_168_171_172_173_176_178_181_182_185_189_190_191_195_197_199_200_202_203_205_206_212_214_218_220_224_226_227_228_229_231_233_235_238_241_243_244_245_246_248_250_251_253_255_256_258_259_262_264_265_267_268_270_271_272_274_279_281_282_284_291  2.04e+08  1.52e+08 -107092.14 124550.07  15585.02    630.59     84.58    130.69  -1167.93   -608.92      0.00 0
105969 5626.0    100_114_122_126_133_134_143_147_153_155_163_165_177_179_186  2.57e+08  2.02e+08   2819.04  28494.76  10382.27    657.09     70.07     84.35   4599.37   3221.14      0.00 0
105970 5626.0    87_92_101_105_109_115_118_119_127_135_139_149_156_159_183  5.75e+08  4.67e+08 -16000.15 -12892.06   9243.15    651.01     65.78    218.86  -1046.02   4123.72      0.00 0
105971 5626.0    178_202_203_209_218_228_229_233_241_244_245_248_251_256_259_265_268_271_272  1.35e+08  1.03e+08   -925.39 -28495.82  10427.85    648.07     69.91    268.14   6224.13  -6449.51      0.00 0
105972 5626.0    61_65_81_87_92_93_101_105_109_115_118_127_135_139_149_156_159_166_180_183_189_201_204_207  1.15e+08  8.72e+07 -14632.94 -25498.92  10997.79    585.21     69.49    240.15   -784.52   4855.59      0.00 0
105973 5626.0    35_40_41_44_45_52_55_62_63_66_67_78_79_82_83_88_89_91_94_102_103_106_107_110_111_116_117_120_121_124_128_129_136_137_140_141_145_146_148_151_152_158_162_168_173_176_178_185_197_199_202_203_209_212_218_224_228_229_233_241_245_247_248_251_262_265_268_282  8.32e+08  6.73e+08 -49983.38   9788.23  12595.16    647.54     76.11    168.92   4156.95  -4222.38      0.00 0
105974 5626.0    102_106_110_116_117_120_128_129_136_140_145_148_151_157_158_161_167_168_172_173_175_181_182_184_190_191_196_197_198_200_205_206_211_212_213_214_217_220_224_226_227_231_235_238_241_243_244_250_253_255_256_258_259_264_268_270_271_272_274_279  8.71e+08  6.97e+08 -51684.13  25319.80  13117.97    637.58     77.16    153.90   2510.33  -7132.89      0.00 0
105975 5626.0    0_1_2_3_4_5_6_7_8_9_10_11_12_13_14_15_16_17_18_19_20_21_22_23_24_27_28_29_30_31_32_33_35_36_37_39_40_41_42_43_44_45_46_47_48_51_52_53_55_56_57_58_61_62_63_65_66_67_68_69_70_73_74_77_78_79_80_81_82_85_87_88_89_91_92_93_94_97_98_101_102_103_105_106_109_110_113_115_116_117_118_119_120_123_127_128_129_135_136_139_140_144_148_149_150_156_157_158_160_166_167_168_171_172_180_181_182_189_190_191_195_196_200_201_204_205_206_213_214_225_226_227_230_231_237_246_249_250_252_253_260_261_266_267_275_276_277_281_286_287_289_293_294_295_297_298  1.10e+08  8.10e+07 -13365.77  78192.95  14630.81    587.54     79.55     99.70  -1519.29    631.14      0.00 0
105976 5626.0    253_258_261_264_267_270_274_275_277_279_281_284_287_289  1.10e+08  8.16e+07 -19842.78  -9464.52  10139.59    560.22     65.24    205.50   2127.44  -9880.64      0.00 0
105977 5626.0    83_89_95_99_103_107_111_114_117_121_125_129_133_134_137_141_143_146_148_152_154_158_162_164_165_168_170_173_176_178_181_182_185_187_188_191_193_194_197_199_200_202_203_205_206_208_209_210_212_214_215_216_220_221_222_226_227_230_231_236_240_246_249_250_252_260_266_269_280  4.37e+08  3.42e+08  36577.67  41826.51  12868.88    654.05     76.96     48.83   4190.13  -2607.01      0.00 0
105978 5626.0    197_199_212_214_218_220_224_231_235_238_243_250_253_255_258_264_267_270_274_277_281_289  9.12e+08  7.38e+08 -12863.21 -23120.12  10267.52    631.94     68.79    240.91   2877.83  -7974.96      0.00 0
105979 5626.0    111_129_141_158_168_182_191_197_200_206_214_227_231_246  6.61e+08  5.34e+08  -7763.55 -20130.18   9484.40    640.23     66.27    248.91   1266.60  -6053.79      0.00 0
105980 5626.0    0_1_2_3_4_5_6_7_8_9_10_11_12_13_14_15_16_17_18_19_20_21_22_23_24_25_26_27_28_29_30_31_32_33_34_35_36_37_38_39_40_41_42_43_44_45_46_47_48_49_50_51_52_53_54_55_56_57_58_59_60_61_62_63_64_65_66_67_68_69_70_71_72_73_74_75_76_77_78_79_80_81_82_83_84_85_86_87_88_89_90_91_92_93_94_95_96_97_98_99_100_101_102_103_104_105_106_107_108_109_110_111_112_113_114_115_116_117_118_119_120_121_122_123_124_125_126_127_128_129_130_131_132_133_134_135_136_137_138_139_140_141_142_143_144_145_146_148_149_150_151_152_154_156_157_158_159_160_161_162_163_166_167_168_169_171_172_173_174_175_176_178_180_181_182_183_184_185_189_190_191_192_195_196_197_198_199_200_201_202_203_204_205_206_207_211_212_213_214_218_219_220_224_225_226_227_228_230_231_233_234_235_237_238_241_242_243_244_246_249_250_251_252_253_255_256_257_258_259_260_261_264_266_267_268_269_270_271_272_274_275_276_277_279_280_281_284_286_287_288_289_290_291_293_294_295_296_297_298  4.37e+08  3.37e+08 -80344.37 227769.47  14306.90    641.57     86.61    109.43  -2479.71   4888.74      0.00 0
105981 5626.0    31_37_47_48_51_57_61_69_70_73_81_85_93_97_105_109_119_123_135_139_150_160_171  2.29e+08  1.78e+08  -6688.12  28969.41  11151.63    570.93     69.44    103.00  -3168.68   3257.61      0.00 0
105982 5626.0    36_39_42_43_46_51_56_61_64_65_68_77_80_81_87_90_92_93_101_104_105_108_109_112_115_118_119_122_123_127_130_135_138_139_142_144_147_149_150_153_156_159_160_163_169_174_177_186_192  9.77e+08  7.95e+08  48576.03  12925.08  12495.50    654.60     76.04     14.90   2550.10   4309.48      0.00 0
105983 5626.0    181_182_190_191_196_200_205_206_211_213_214_219_220_223_226_227_230_231_234_237_238_242_254  4.47e+08  3.54e+08 -33801.87   1115.42  11204.63    627.42     71.67    178.11  -2137.56  -6962.80      0.00 0
105984 5626.0    158_181_182_191_200_205_206_226_227_230_246_249_252_260_266_269_276_280_283_288_290_292  5.75e+08  4.61e+08 -16144.18 -24225.49  10815.09    604.52     69.62    236.32   -905.27  -8656.63      0.00 0
105985 5626.0    162_173_176_178_185_187_193_197_199_202_203_209_212_214_215_218_220_221_224_227_228_229_231_232_233_235_236_238_239_241_243_244_245_246_247_248_250_251_253_255_256_258_259_260_261_262_264_265_267_268_270_271_272_274_275_276_277_279_281_282_284_286_287_288_289_290_291_293_294_295_296_297_298  4.57e+08  3.56e+08 109172.88 127870.21  15419.89    648.49     84.76     49.51   3662.02 -10865.68      0.00 0
105986 5626.0    0_3_4_5_6_7_9_10_12_14_17_18_21_22_25_26_27_29_30_33_34_36_38_39_41_42_43_46_49_50_53_54_56_59_60_63_64_65_67_68_71_72_75_76_77_80_83_84_86_87_89_90_92_95_96_99_100_101_104_107_108_111_112_114_115_118_121_122_125_126_127_130_133_134_137_138_141_142_143_146_147_149_152_153_154_155_156_159_162_163_164_165_166_169_170_173_174_176_177_178_179_180_183_185_186_187_188_189_192_193_194_195_199_201_202_203_204_207_208_209_212_215_218_221_224_225_228_229_232_233_235_239_241_244_245_247_248_251_255_256_259_262_265_268_271_272_282  4.07e+08  3.14e+08  50555.33 -96130.57  15090.71    638.88     82.09    297.74   5115.91  -3112.25      0.00 0
105987 5626.0    82_88_94_98_102_106_110_113_116_117_120_124_128_132_136_140_145_148_151_157_158_161_167_172_175_181_182_184_190_191_196_198_200_205_206_211_213_214_217_219_223_226_227_230_231_234_237_238_242_243_246_249_250_252_253_258_260_261_264_266_267_270_274_275_276_277_279_281_284_286_287_289_291_295  4.17e+08  3.21e+08 -50209.83  58477.46  14201.64    628.96     79.56    130.65   1234.38  -9131.69      0.00 0
105988 5626.0    243_250_253_255_256_258_259_260_261_264_266_267_268_270_271_272_274_275_276_277_279_280_281_282_283_284_285_286_287_288_289_290_291_292_293_294_295_296_297_298  1.48e+08  1.10e+08 -131224.33 -42764.01  16017.89    576.38     83.38    198.05   6361.98 -10877.75      0.00 0
105989 5626.0    62_66_78_82_88_91_94_102_106_110_116_117_120_128_136_140_148_157_158_167_168_181_182_190_191_197_200_205_206_214_220_227_231_238_243_250_253_258_264_267_270_274_279_284  2.63e+08  2.05e+08 -26016.60  31538.22  12063.92    607.85     73.56    129.52    738.80  -6274.03      0.00 0
105990 5626.0    0_1_2_3_4_5_6_7_8_9_10_11_12_13_14_15_16_17_18_19_20_21_22_23_24_25_26_27_28_29_30_31_32_33_34_35_36_37_38_39_40_41_42_43_44_45_46_47_48_49_50_51_52_53_54_55_56_57_58_59_60_61_62_63_64_65_66_67_68_69_70_71_72_73_74_75_76_77_78_79_80_81_82_83_84_85_86_87_88_89_90_91_92_93_94_95_96_97_98_99_100_101_102_103_104_105_106_107_108_109_110_111_112_113_114_115_116_117_118_119_120_121_122_123_124_125_126_127_128_129_131_132_133_134_135_136_137_139_140_141_143_144_145_146_148_150_151_152_154_155_156_157_158_160_161_162_164_165_166_167_168_170_171_172_173_175_176_178_181_182_184_185_187_190_191_193_194_195_196_197_198_199_200_202_203_205_206_208_209_212_214_215_218_220_221_224_227_228_229_231_232_233_235_236_238_239_241_243_244_245_247_248_251_253_255_256_258_259_262_264_265_268_271_272_274_279_282  5.25e+08  4.07e+08 -202436.91 112952.77  14422.21    656.22     86.44    150.84  -2972.85    241.40      0.00 0
105991 5626.0    0_1_2_3_4_5_6_7_8_9_10_11_12_13_14_15_16_17_19_20_21_23_24_25_27_28_29_31_32_33_35_37_39_40_41_43_44_45_47_48_51_52_53_55_57_58_59_61_62_63_65_66_67_69_70_73_74_78_79_81_82_83_85_87_88_89_91_93_94_97_98_103_105_107_109_111_113_119_123_129_131_135_137_141_144_150_160_162  7.41e+08  5.86e+08  43020.42 -39063.30  13042.24    652.64     77.35    317.76  -4050.26   2267.24      0.00 0
105992 5626.0    200_205_213_219_226_227_230_231_237_246_249_250_252_253_258_261_267_270  2.14e+08  1.67e+08  23661.04  -6053.12   9743.81    666.89     68.25    345.65     31.91  -8226.04      0.00 0
105993 5626.0    0_1_2_3_4_5_6_7_8_9_10_11_12_13_14_15_16_17_18_19_20_21_22_23_24_25_26_27_28_29_30_31_32_33_34_35_36_37_38_39_40_41_42_43_44_45_46_47_48_49_50_51_52_53_54_55_56_57_58_59_60_61_62_63_64_65_66_67_68_69_70_71_72_73_74_75_76_77_78_79_80_81_82_83_84_85_86_87_88_89_90_91_92_93_94_95_96_97_98_99_100_101_102_103_104_105_106_107_108_109_110_111_112_113_114_115_116_117_118_119_120_121_122_123_124_125_126_127_128_129_130_131_132_133_134_136_138_140_142_143_145_147_148_149_151_153_155_156_157_158_159_161_163_165_167_169_172_174_175_177_179_180_181_182_183_184_186_188_190_192_196_198_200_201_205_207_210_211_213_217_219_223_226_230_234_237_242_249_252_254_257_263_266_269_273_278_283_285_292  1.74e+08  1.30e+08 -91946.15 -132589.23  15621.56    627.27     84.47    235.26    103.12    146.43      0.00 0
105994 5626.0    117_129_141_158_168_173_191_197_199_212_214_218_220_224_235_241_243_244_251_255_256_259_268_272  6.31e+08  5.03e+08  28592.72 -13229.86  11014.42    617.20     70.73    335.17   4492.95  -6565.33      0.00 0
105995 5626.0    26_34_38_50_60_72_76_86_96_100_126_134_147_155_165_179_188_210_216  3.63e+08  2.87e+08 -22519.39  -6897.76  10050.69    603.78     66.89    197.03   4332.32   1432.89      0.00 0
105996 5626.0    46_56_64_68_77_80_84_90_92_96_101_104_108_112_118_122_126_130_138_142_147_153_155_163_177_179_188_210  8.13e+08  6.56e+08 -28504.52   2779.82  10503.33    639.53     69.86    174.43   2858.10   2967.59      0.00 0
105997 5626.0    1_4_6_7_10_12_14_15_18_19_22_25_26_27_30_31_34_36_38_39_42_43_46_49_50_51_54_56_57_60_61_64_65_68_71_72_76_77_80_81_84_86_87_90_92_93_96_99_100_101_104_105_108_109_112_114_115_118_119_122_123_126_127_130_133_134_135_138_139_142_143_144_147_149_150_153_155_156_160_164_165_166_170_171_177_179_188_193_194_208_210_215_216_221_222_236_239_240  2.14e+08  1.64e+08 -61401.50  19843.98  13433.70    650.39     78.24    162.09    915.14   2395.43      0.00 0
105998 5626.0    0_1_2_3_4_5_6_7_8_9_10_11_12_13_14_15_16_17_18_19_20_21_22_23_24_25_26_27_28_29_30_31_32_33_34_35_36_37_38_39_40_41_42_43_44_45_46_47_48_49_50_51_52_53_54_55_56_57_58_59_60_61_62_63_64_65_66_67_68_69_70_71_72_73_74_75_76_77_78_79_80_81_82_83_84_85_86_87_88_89_90_91_92_93_94_95_96_97_98_101_102_103_104_105_106_107_108_109_110_111_112_113_115_116_117_118_119_120_123_124_127_128_129_130_135_136_137_138_139_140_141_142_148_149_150_156_157_158_159_160_161_166_167_168_169_171_172_173_174_180_181_182_183_189_190_191_192_195_196_197_200_201_204_205_206_207_211_213_214_219_220_225_226_227_230_231_237_238_242_246_249_250_252_253_257_258_260_261_266_267_269_270_273_275_276_277_280_281_283_284_286_287_288_289_290_291_293_294_295_296_297_298  4.07e+08  3.16e+08  -2580.31 119208.02  15295.63    636.84     82.69     91.24   -474.53   2372.65      0.00 0
105999 5626.0    20_32_40_44_48_52_58_62_66_69_70_74_78_82_85_88_94_97_98_106_113_124_131_132  4.90e+08  3.92e+08 -22355.90  15958.08  10450.27    625.32     69.17    144.48  -3448.19   -746.00      0.00 0
