#event_number primary_type du_ids energy_primary em_energy Xmax_pos(x, y, z), Xmax_grams zenith azimuth shower_core_pos_x shower_core_pos_y shower_core_pos_z, N_tested_cores, units are degrees, GeV and meters
103900 5626.0    0_1_2_3_4_5_6_7_8_9_11_12_13_15_16_17_19_20_21_23_24_25_28_29_31_32_33_35_37_40_41_44_45_47_48_49_51_52_53_55_57_58_59_62_63_66_67_69_70_73_74_75_78_79_81_82_83_85_88_89_91_93_94_95_97_98_102_103_106_107_110_111_113_116_117_119_120_121_123_124_125_128_129_131_132_136_137_140_141_144_145_146_148_151_152_157_158_162_168_173_176_182_185_191_197_199_202_203_212_214_218_220_224_228_233_235_241_243_244_245_248_251_255_256_259_262_265_268_271_272_282  4.37e+09  3.65e+09  68189.22 -41851.93  13575.51    732.87     80.37    328.46    384.61  -2919.47      0.00 0
103901 5626.0    0_1_2_3_4_5_6_7_8_9_10_11_12_13_14_15_16_17_18_19_21_25_27_28_29_30_33_35_36_39_41_43_45_53_55_56_63_65_67_77_79_89  1.78e+09  1.48e+09  -7979.58  19819.82   9069.26    699.58     67.00    111.93    255.16   -301.42      0.00 0
103902 5626.0    1_4_6_7_10_14_15_18_19_22_23_27_30_31_34_36_39_42_43_46_47_50_51_54_56_57_60_64_68_73_76_81_84_96  2.45e+09  2.04e+09 -18602.74  -2538.34   8743.02    681.09     65.03    187.77    222.78   1252.32      0.00 0
103903 5626.0    0_1_2_6_7_10_11_14_15_19_27_30_31_36_39_43_46_51_56_61_65_77_80_87_92_101_109_115_118_127_149_156_166_180_189_204  4.07e+10  3.54e+10  -3160.45  24103.55   9283.04    739.43     69.10     97.47   -850.06   3544.11      0.00 0
103904 5626.0    0_1_2_3_4_5_6_7_8_9_10_11_12_13_14_15_16_18_19_20_22_23_24_27_28_30_31_32_34_35_36_37_39_40_42_43_44_46_47_48_51_52_54_56_57_58_60_61_62_64_65_66_68_69_70_73_74_77_80_81_82_84_85_87_88_90_92_93_94_97_98_101_104_105_106_108_109_110_112_113_115_118_119_120_123_124_127_130_131_132_135_136_138_139_140_142_144_145_149_150_151_156_159_160_161_163_166_169_171_172_174_175_180_183_184_189_192_195_198_201_204_207_211_217_223_225_234_254  3.31e+09  2.72e+09 -64093.72 -91842.02  14684.81    701.19     82.53    235.09  -3474.54   -455.73      0.00 0
103905 5626.0    5_8_9_13_16_17_20_21_28_29_32_33_35_40_41_44_45_48_52_53_55_58_59_62_63_66_67_74_75_78_79_82_83_88_89_91_94_95_98_99_102_103_106_107_110_111_116_117_120_121_124_125_128_129_132_133_136_137_140_141_145_146_148_151_152_154_157_158_161_162_167_168_172_173_175_176_178_182_184_185_187_191_197_198_199_202_203_209_212_215_217_218_224_228_229_232_233_239_241_245_247_248_251_262_265  7.76e+10  6.80e+10 -70286.29   6396.55  12927.79    771.06     79.62    174.80   2449.95  -3444.65      0.00 0
103906 5626.0    20_28_35_40_44_52_55_58_62_66_78_82_88_94_106_110_120_124_136_145_151_175  4.79e+09  4.06e+09  19357.73   5208.62   8958.71    682.05     65.92     15.06  -2712.42  -2498.36      0.00 0
103907 5626.0    256_259_264_268_271_272_274_279_284_291  1.95e+10  1.68e+10 -17196.14 -22394.26  10076.22    696.37     70.36    232.48   4428.48 -10363.58      0.00 0
103908 5626.0    172_181_182_190_191_196_197_198_200_205_206_211_212_213_214_217_219_220_223_224_226_227_230_231_234_235_237_238_242_243_244_246_249_250_252_253_254_255_256_257_258_259_260_261_263_264_266_267_268_269_270_271_272_273_274_275_276_277_278_279_280_281_282_283_284_285_286_287_288_289_290_291_292_293_294_295_296_297_298  2.69e+09  2.19e+09 -148776.16  16793.10  15234.50    675.56     84.19    173.56   3044.36 -10059.02      0.00 0
103909 5626.0    0_1_2_3_4_5_6_7_8_9_10_11_12_14_15_16_17_18_19_22_23_24_25_26_27_30_31_32_33_34_36_37_38_39_42_43_46_47_48_49_50_51_54_56_57_60_61_64_65_68_69_70_71_72_73_75_76_77_80_81_84_85_86_87_90_93_96_97_99_100_108_113_114_122_123_126_131_133_134_143_147_155_164_165_170_179_188_194_208_210_216_222_236_240  1.45e+09  1.18e+09 -47792.24  -2956.59  11770.20    736.67     76.19    183.54   4219.55   1180.40      0.00 0
103910 5626.0    182_200_206_226_227_231_246_250_261_267_277  8.51e+10  7.51e+10  -2597.12  17132.18   7977.28    768.14     65.28     98.62    708.04  -7918.02      0.00 0
103911 5626.0    22_30_34_36_42_46_50_54_56_60_64_68_72_76_77_80_84_86_90_92_96_100_101_104_108_112_114_115_118_122_126_127_134_138_143_155_165_170  8.13e+10  7.13e+10  24313.52 -14568.64   9770.75    749.56     70.98    329.07   2023.42   2211.02      0.00 0
103912 5626.0    0_1_2_3_4_5_6_7_8_9_10_11_12_13_14_15_16_17_18_19_20_21_22_23_24_25_26_27_28_29_30_31_32_33_34_35_36_37_38_39_40_41_42_43_44_45_46_47_48_49_50_51_52_53_54_55_56_57_58_59_60_61_62_63_64_65_66_67_68_69_70_71_72_73_74_75_76_77_78_79_80_81_82_83_84_85_86_87_88_89_90_91_92_93_94_95_96_98_99_100_101_102_103_104_105_106_107_108_109_110_111_112_114_115_116_117_118_120_121_122_125_126_127_128_129_130_133_134_136_137_138_140_141_142_143_146_147_148_149_151_152_153_154_155_156_157_158_159_161_162_163_164_165_166_167_168_169_172_173_174_177_179_180_181_182_183_184_185_186_188_189_190_191_192_196_197_198_199_200_201_204_205_206_207_210_211_212_213_214_219_220_223_225_226_227_230_231_234_237_238_242_243_246_249_250_252_253_254_257_258_260_261_263_266_267_269_270_273_275_276_277_278_280_281_283_284_285_286_287_288_289_290_291_292_293_294_295_296_297_298  8.13e+10  7.05e+10  39350.31 153370.44  14493.50    777.73     84.77     75.61   1387.06    770.85      0.00 0
103913 5626.0    0_1_2_3_4_5_6_7_8_9_11_12_13_15_16_17_18_19_20_21_23_24_25_26_28_29_31_32_33_35_37_38_40_41_44_45_47_48_49_52_53_55_57_58_59_62_63_66_67_69_70_71_73_74_75_78_79_82_83_85_88_89_91_93_94_95_97_98_99_102_103_106_107_111_113_117_121_123_124_125_129_131_132_133_137_141_146_152_154_162_168_173_176_178_185_187_199_202_203_209_212_218_224_228_229_232_233_241_245_247_248_251_256_262_265_268_282  1.91e+10  1.62e+10 -60679.05  27143.05  12945.17    736.27     78.98    155.90   5596.37  -4114.25      0.00 0
103914 5626.0    0_1_2_3_4_5_6_7_8_9_10_11_12_13_14_15_16_17_18_19_20_21_22_23_24_25_26_27_28_29_30_31_32_33_34_35_36_37_38_39_40_41_42_43_44_45_46_47_48_49_50_51_52_53_54_55_56_57_58_59_60_61_62_63_64_65_66_67_68_69_70_71_72_73_74_75_76_77_78_79_80_81_82_83_84_85_86_87_88_89_90_91_92_93_94_95_96_97_98_99_100_101_102_103_104_105_106_107_108_109_110_111_112_113_114_115_116_117_118_119_120_121_122_123_124_125_126_127_128_129_130_131_132_133_134_135_136_137_138_139_140_141_142_143_144_145_146_147_148_149_150_151_153_154_155_156_157_158_159_160_161_163_164_165_166_167_169_170_171_172_174_175_177_179_180_181_182_183_184_186_188_189_190_192_194_195_196_198_201_204_205_207_208_210_211_213_216_217_219_222_223_225_230_234_237_240_242_254_257_263_273_278  1.62e+09  1.29e+09 -227046.02 -208999.03  11855.01    661.19     87.80    222.63  -4101.97  -1786.29      0.00 0
103915 5626.0    202_203_209_215_218_221_224_228_229_232_233_235_236_239_241_243_244_245_247_248_251_255_256_258_259_262_264_265_268_270_271_272_274_279_281_282_284_289_291_295_298  1.55e+09  1.24e+09 -73453.73 -124948.91  15285.00    667.52     83.98    239.55   6400.54  -9660.69      0.00 0
103916 5626.0    121_125_133_134_137_143_146_152_154_162_164_165_170_173_176_178_185_187_188_193_194_197_199_202_203_208_209_210_212_215_216_218_220_224_228_233_235_238_241_243_244_253_255_258_259_264_270_271_274_279_284_291  3.24e+10  2.80e+10 -10301.46 -38231.94  10928.72    760.16     74.57    254.92   4611.07  -4404.00      0.00 0
103917 5626.0    108_112_122_126_130_138_142_147_153_155_163_169_177_179_186_188_194_210_216_222_240  4.79e+10  4.19e+10 -22082.76  11329.51   9117.03    782.36     69.83    152.84   4649.46   2925.25      0.00 0
103918 5626.0    5_8_9_13_16_17_20_21_28_29_32_33_35_40_41_44_45_48_49_52_53_55_58_59_62_63_66_67_74_75_78_79_82_83_88_89_91_94_95_98_99_102_103_106_107_110_111_116_117_120_121_124_125_128_129_132_133_136_137_140_141_145_146_148_151_152_154_157_158_161_162_164_167_168_172_173_175_176_178_181_182_184_185_187_190_191_193_196_197_198_199_200_202_203_205_206_209_211_212_213_214_215_217_218_219_220_221_223_224_226_227_228_229_230_231_232_233_234_235_236_237_238_239_241_242_243_244_245_246_247_248_249_250_251_252_253_254_255_256_257_258_259_260_261_262_263_264_265_266_267_268_269_270_271_272_273_274_275_276_277_278_279_280_281_282_283_284_285_286_287_288_289_290_291_292_293_294_295_296  6.46e+09  5.33e+09 269382.41  17042.49  13106.90    684.08     87.22      3.62  -3721.43  -6643.91      0.00 0
103919 5626.0    148_157_158_181_182_191_197_200_206_212_214_220_231_235_238_243_244_255_258_259_264_271  1.07e+10  9.01e+09 -23367.38  10379.40   9671.87    704.07     69.28    156.05   2161.17  -6914.45      0.00 0
103920 5626.0    0_1_2_3_4_5_6_7_8_10_11_13_14_15_16_18_19_20_22_23_24_27_28_30_31_32_36_37_39_40_42_43_44_46_47_48_51_52_56_57_58_61_62_64_65_66_68_69_70_73_74_77_80_81_82_85_87_88_90_92_93_94_97_98_101_104_105_106_109_110_112_113_115_118_119_120_123_124_127_130_131_132_135_136_139_140_142_145_149_151_156_159_161_166_169_172_174_175_180_183_184_189_192_198_201_204_207_211_217_223_225_234  2.19e+10  1.88e+10  29758.14  62165.71  13035.24    741.39     79.29     64.42    -83.59   4493.89      0.00 0
103921 5626.0    1_7_11_15_16_19_20_23_24_27_31_32_36_37_39_43_47_48_51_52_56_57_58_61_62_65_69_70_73_74_77_81_82_85_87_92_93_94_98_101_105_106_109_115_120_127_149_156  5.75e+09  4.88e+09  -7139.48 -28152.97  10199.57    693.06     70.65    255.77  -1698.87   1351.97      0.00 0
103922 5626.0    197_212_220_235_238_243_255_258_264_270_271_274_279_284  1.91e+09  1.57e+09   6028.88 -29474.85  10488.52    668.31     70.78    281.56   4034.12 -10027.15      0.00 0
103923 5626.0    116_128_140_148_157_158_161_167_172_181_182_184_190_191_196_198_211_217_223  1.07e+09  8.73e+08 -25365.33   3271.88   9884.15    670.62     68.87    172.65  -2108.40  -5409.66      0.00 0
103924 5626.0    0_1_2_3_4_5_6_8_9_10_11_12_13_15_16_17_18_20_21_23_24_25_26_28_29_32_33_34_35_37_38_40_41_44_45_48_49_50_52_53_55_58_59_60_62_63_66_67_69_70_71_72_74_75_76_78_79_82_83_85_86_88_89_91_94_95_98_99_100_102_103_106_107_110_111_114_116_117_120_121_124_125_128_132_133_134_136_137_140_143_145_146_151_152_154_155_161_164_165_170_175_176_178_184_187_188_193_194_208_209_215_216_217_221_222_232_236_239_240  1.55e+10  1.31e+10 -65908.66 -13110.05  13037.99    727.71     79.02    191.25    515.44  -1687.49      0.00 0
103925 5626.0    0_1_2_3_4_5_6_7_9_10_11_12_13_14_15_17_18_19_21_22_25_26_27_29_30_31_33_34_36_38_39_41_42_43_46_49_50_51_53_54_56_59_60_61_63_64_65_67_68_71_72_75_76_77_80_81_83_84_86_87_89_90_92_95_99_100_101_104_105_107_109_114_115_121_125_127_133_135_137_139_146_152_154_156_160_162_166_171_176_178_185_202_203_218_228_233  5.62e+09  4.76e+09  27911.32 -31581.32  11183.11    756.02     75.14    311.47   1411.87    260.26      0.00 0
103927 5626.0    0_1_2_3_4_5_6_7_8_9_10_11_12_13_14_15_16_17_18_19_20_21_22_23_24_25_26_27_28_29_30_31_32_33_34_35_36_37_38_39_40_41_42_43_44_45_46_47_49_50_51_52_53_54_55_56_57_59_60_61_62_63_64_65_66_67_68_71_72_75_76_77_78_79_80_81_83_84_86_87_88_89_90_91_92_95_96_99_100_101_102_103_104_107_108_109_111_112_114_115_116_117_118_121_122_125_126_127_129_130_133_134_137_138_139_141_142_143_146_148_149_152_153_154_156_157_158_159_162_163_166_168_169_173_174_176_178_180_181_182_183_185_189_191_192_195_197_199_200_201_203_204_206_207_212_214_218_220_224_225_226_227_231_233_235_238_241_243_244_246_250_253_255_256_258_259_260_261_264_267_270_271_272_274_275_277_279_281_284_287_289_291_295_298  3.89e+09  3.21e+09  21358.01 -112388.80  14756.48    697.15     82.65    280.76   3024.05  -8269.03      0.00 0
103928 5626.0    3_4_6_10_12_14_17_18_22_25_26_27_30_33_34_36_38_42_43_46_49_50_53_54_56_59_60_64_65_68_71_72_75_76_77_80_83_84_86_90_92_95_99_101_104_115_118_121_125_127_156  1.15e+10  9.81e+09 -15908.52  24366.42  10173.53    698.31     70.73    123.14   1316.84   1298.12      0.00 0
103929 5626.0    220_238_243_253_258_267_270_274_277_281_284_289_291_295  2.00e+09  1.65e+09  -5951.53 -23729.09   9735.43    669.10     68.30    255.92   2363.65 -10181.05      0.00 0
103930 5626.0    0_1_2_3_4_5_6_8_9_10_11_12_13_16_17_18_20_21_22_23_24_25_26_28_29_32_33_34_35_37_38_40_41_44_45_48_49_50_52_53_54_55_58_59_60_62_63_66_67_70_71_72_74_75_76_78_79_82_83_84_86_88_89_91_94_95_96_98_99_100_102_103_106_107_110_111_114_116_117_120_121_122_124_125_126_128_129_133_134_136_137_140_141_143_145_146_147_148_151_152_154_155_157_158_161_164_165_167_170_172_175_178_179_181_184_187_188_190_193_194_196_198_208_210_211_213_215_216_217_219_221_222_223_234_236_240_254  8.91e+09  7.49e+09 -77775.02 -40452.61  13884.97    727.71     81.00    207.48  -2417.65  -3687.81      0.00 0
103931 5626.0    0_1_2_3_4_5_6_7_8_9_10_11_12_13_14_15_16_17_18_19_21_22_23_25_26_27_28_29_30_31_33_34_35_36_38_39_41_42_43_44_45_46_49_50_51_53_54_55_56_57_59_60_61_63_64_65_67_68_71_72_75_76_77_79_80_81_83_84_86_87_89_90_92_95_96_99_100_101_103_104_105_107_108_109_111_112_114_115_117_118_121_122_125_126_127_129_130_133_134_135_137_138_139_141_142_143_146_147_149_152_153_154_155_156_158_159_162_163_164_165_166_168_169_170_171_173_174_176_177_178_179_180_183_185_186_187_188_189_191_192_193_194_195_197_199_201_202_203_204_207_208_209_210_212_214_215_216_218_220_221_222_224_225_228_229_232_233_235_236_238_239_240_241_243_244_245_247_248_251_255_256_258_259_262_264_265_268_271_272_274_279_282  1.20e+10  1.01e+10 -73839.03 159948.92  14576.68    752.32     85.27    114.78   3786.92    -98.43      0.00 0
103932 5626.0    251_256_259_265_268_271_272_279  3.31e+10  2.91e+10   7549.25  20234.43   8800.32    752.17     67.83     69.54   6180.23  -8796.59      0.00 0
103933 5626.0    89_95_99_107_111_121_125_133_137_143_146_152_154_164_170_178_187_193_194_208_215_221_222_236  5.75e+09  4.86e+09 -23462.79 -13815.12   9888.63    705.43     70.04    210.49   4928.42  -1440.68      0.00 0
103934 5626.0    0_1_2_3_4_5_6_7_8_9_10_11_12_13_14_15_16_17_18_19_20_21_22_23_24_25_26_27_28_29_30_31_32_33_34_35_36_37_38_39_40_41_42_43_44_45_46_47_48_49_50_51_52_53_54_55_56_57_58_59_60_61_62_63_64_65_66_67_68_69_70_71_72_73_74_75_76_77_78_79_80_81_82_83_84_85_87_88_89_90_91_92_93_94_95_97_98_101_102_103_104_105_106_107_108_109_110_111_112_113_115_116_117_118_119_120_123_124_127_128_129_130_131_132_135_136_137_139_140_141_142_144_145_148_149_150_151_156_157_158_159_160_161_166_167_168_169_171_172_173_175_180_181_182_183_184_189_190_191_192_195_196_197_198_200_201_204_205_206_207_211_213_214_217_219_220_223_225_226_227_230_231_234_237_238_242_243_246_249_250_252_253_254_257_258_260_261_263_266_267_269_270_273_274_275_276_277_278_280_281_283_284_285_286_287_288_289_290_291_292_293_294_295_296_297_298  1.20e+09  9.61e+08 -23417.09 250526.64  13803.36    668.25     86.86     95.34  -2609.56  -2158.36      0.00 0
103935 5626.0    0_1_2_3_4_5_6_7_8_9_10_11_12_13_14_15_16_17_18_19_20_21_22_23_24_25_26_27_28_29_30_31_32_33_34_35_36_37_38_39_40_41_42_43_44_45_46_47_48_49_50_51_52_53_54_55_56_57_58_59_60_61_62_63_64_65_66_67_68_69_70_71_72_73_74_75_76_77_78_79_80_81_82_83_84_85_86_87_88_89_90_91_92_93_94_95_96_97_98_99_100_101_102_103_104_105_106_107_108_109_110_111_112_113_114_115_116_117_118_119_120_121_122_123_124_125_126_127_128_129_130_132_133_134_135_136_137_138_139_140_141_142_143_145_146_147_148_149_150_151_152_153_154_155_156_157_158_159_160_161_162_163_164_165_166_167_168_169_170_171_172_173_174_175_176_177_178_179_180_181_182_183_184_185_186_187_188_189_190_191_192_193_194_195_196_197_198_199_200_201_202_203_204_205_206_207_208_209_210_211_212_213_214_215_216_217_218_219_220_221_222_223_224_225_226_227_228_229_230_231_233_234_235_237_238_241_242_243_244_246_249_250_251_252_253_254_255_256_257_258_259_260_261_263_264_266_267_269_270_271_272_273_274_275_276_277_278_279_280_281_283_284_285_286_287_288_289_290_291_292_293_294_295_296_297_298  3.72e+10  3.19e+10  37684.18 268476.94  12548.07    750.06     87.35     82.01   1516.59     12.12      0.00 0
103936 5626.0    111_129_141_148_158_168_181_182_191_197_200_205_206_214_226_227_230_231_246_249_250_260_261_266_275_276_280_286_288_296  3.31e+10  2.87e+10  12550.12  25105.78   9571.49    778.79     71.17     63.44    290.51  -7735.67      0.00 0
103937 5626.0    100_114_133_134_143_164_165_170_187_193_194_208_215_221_232_239  7.59e+09  6.41e+09 -22665.11  13425.47   9676.66    720.84     69.83    149.36   6496.67   -806.03      0.00 0
103938 5626.0    137_141_152_162_168_173_176_178_185_199_202_203_209_229  7.08e+10  6.23e+10  17365.14   8364.74   8420.94    751.09     66.40     25.72   4565.93  -3974.86      0.00 0
103939 5626.0    7_14_19_27_30_31_36_39_42_43_46_47_51_56_57_61_64_65_68_69_73_77_80_81_84_87_90_92_93_97_101_104_105_108_109_112_113_115_118_119_122_123_127_130_131_135_138_142_144_150_153_163  1.00e+10  8.42e+09 -37164.47  -9923.44  11328.61    678.98     73.59    194.95  -1842.51   2339.49      0.00 0
103940 5626.0    111_137_141_162_168_173_191_197_212_214_220_235_238_243_253_258_264_270_274  4.57e+09  3.85e+09  -2320.70  22767.81   9381.47    687.68     67.71     95.82   2831.99  -6406.63      0.00 0
103941 5626.0    254_257_263_269_273_278_280_283_285_288_290_292_294_296_297  8.91e+09  7.56e+09 -26398.81  33595.14  11392.53    729.80     75.07    128.16  -4283.37 -10093.52      0.00 0
103942 5626.0    96_100_114_122_126_133_134_138_142_143_146_147_153_154_155_163_164_165_169_170_174_176_177_178_179_186_187_188_193_194_202_203_208_209_210_215_216_221_222_228_229_232_233_239_245_247_248_262_265_282  2.04e+10  1.76e+10  16348.90 -41334.76  11363.35    758.63     75.66    291.58   5518.46    309.45      0.00 0
103943 5626.0    142_153_163_169_174_177_179_186_192_210  9.12e+09  7.81e+09  17502.46 -11783.35   8813.08    735.76     67.33    326.05   4211.77   4384.45      0.00 0
103944 5626.0    167_172_190_196_205_213_219_226_230_237_246_249_252_260_261_266_275_276_280_286_287_288_293  1.74e+10  1.50e+10 -10006.69  23863.26   9505.29    739.16     69.83    112.75  -1111.83  -8726.46      0.00 0
103945 5626.0    0_1_2_3_4_5_6_7_8_9_10_11_12_13_14_15_16_17_18_19_20_21_23_24_27_28_29_30_31_32_33_35_36_37_39_40_41_43_44_45_47_48_51_52_53_55_56_57_58_61_62_63_65_66_67_69_70_73_74_77_78_79_81_82_83_85_87_88_89_91_93_94_97_98_101_102_103_105_106_107_109_110_111_113_116_117_119_120_123_124_127_128_129_131_132_135_136_139_140_141_144_145_148_150_151_157_158_160_161_166_167_168_171_172_173_175_181_182_184_189_190_191_195_196_197_198_200_205_206_211_212_213_214_217_219_220_223_226_227_230_231_234_235_237_238_242_243_246_249_250_252_253_254_255_257_258_260_261_263_264_266_267_269_270_271_273_274_275_276_277_278_279_280_281_283_284_285_286_287_288_289_290_291_292_293_294_295_296_297_298  2.14e+10  1.82e+10 -107050.58 227494.05  13352.51    725.10     86.96    115.20     27.85 -10675.93      0.00 0
103946 5626.0    178_187_193_202_203_208_209_215_218_221_222_224_228_229_232_233_235_236_239_240_241_244_245_247_248_251_255_256_259_262_264_265_268_271_272_274_279_282_284  7.59e+10  6.61e+10 -21177.46 -74294.84  13219.17    771.28     80.29    254.09   6400.00  -9383.92      0.00 0
103947 5626.0    211_213_219_223_226_230_234_237_242_246_249_252_254_257_260_261_263_266_267_269_273_275_276_277_278_280_281_283_285_286_287_288_289_290_291_293_295  4.27e+09  3.57e+09 -38796.72  22853.02  11753.88    703.50     75.37    149.50  -2661.34  -8866.97      0.00 0
103948 5626.0    20_28_40_44_52_55_58_62_66_74_78_79_82_88_91_94_98_102_103_106_110_120_124_132  3.31e+10  2.88e+10 -19666.66   9397.37   8903.87    739.38     67.78    154.46  -1834.91  -2237.45      0.00 0
103949 5626.0    0_1_2_3_4_5_6_7_8_9_10_11_12_13_14_15_16_17_18_19_20_21_22_23_24_25_26_27_28_29_30_31_32_33_34_35_36_37_38_39_40_41_42_43_44_45_46_47_48_49_50_51_52_53_54_55_56_57_58_59_60_61_62_63_64_65_66_67_68_69_70_73_74_77_78_79_80_81_82_83_84_85_87_88_89_90_91_92_93_94_97_98_101_102_103_104_105_106_108_109_110_111_112_113_115_116_117_118_119_120_123_124_127_128_129_130_131_132_135_136_139_140_142_144_145_148_149_150_151_156_157_158_159_160_161_166_167_169_171_172_175_180_181_182_183_184_189_190_191_192_195_196_198_200_201_204_205_206_207_211_213_217_219_223_225_226_227_230_231_234_237_242_246_249_250_252_254_257_260_261_263_266_269_273_275_276_277_278_280_283_285_286_287_288_290_292_293_294_295_296_297_298  1.29e+09  1.02e+09  13440.55 137324.08  15525.74    633.20     83.58     84.41  -1961.29  -3694.53      0.00 0
103950 5626.0    191_197_200_206_212_214_220_224_227_231_235_238_241_243_244_251_255_256_259_268  2.69e+10  2.35e+10 -20734.29   -883.53   8296.45    822.29     68.21    182.44   3260.96  -6884.04      0.00 0
103951 5626.0    112_122_126_130_138_142_147_149_153_155_159_163_165_169_174_177_179_180_183_186_188_192_194_201_204_207_208_210_216_221_222_225_236_240  1.62e+09  1.31e+09 -70853.80  56764.59  14671.94    633.42     80.82    141.30   5642.92   4348.90      0.00 0
103952 5626.0    0_1_2_3_4_5_6_7_8_9_11_12_13_15_16_17_19_20_21_23_24_25_28_29_31_32_33_35_37_40_41_44_45_47_48_49_51_52_53_55_57_58_59_62_63_66_67_69_70_71_73_74_75_78_79_81_82_83_85_88_89_91_93_94_95_97_98_99_102_103_106_107_110_111_113_116_117_120_121_123_124_125_128_129_131_132_136_137_140_141_144_145_146_148_151_152_154_157_158_161_162_167_168_172_173_175_176_178_181_182_184_185_190_191_196_197_198_199_200_202_203_205_206_209_211_212_213_214_217_218_219_220_223_224_226_227_228_229_230_231_232_233_234_235_237_238_241_242_243_244_245_246_247_248_249_250_251_252_253_254_255_256_257_258_259_260_261_262_263_264_265_266_267_268_269_270_271_272_273_274_275_276_277_278_279_280_281_282_283_284_286_287_288_289_291_295  1.10e+10  9.14e+09 -243503.09 107042.48  13148.79    694.63     87.17    156.27   -282.84  -5484.08      0.00 0
103953 5626.0    0_1_2_3_4_5_6_7_8_9_10_11_12_13_14_15_16_17_18_19_20_21_22_23_24_25_26_27_28_29_30_31_32_33_34_35_36_37_38_39_40_41_42_43_44_45_46_47_48_49_50_51_52_53_54_55_56_57_58_59_60_61_62_63_64_65_66_67_68_69_70_71_72_73_74_75_76_77_78_79_80_81_82_83_84_85_86_87_88_89_90_91_92_93_94_95_96_97_98_99_100_101_102_103_104_105_106_107_108_109_110_111_112_113_114_115_116_117_118_119_120_121_122_123_124_125_126_127_128_129_130_131_132_133_134_135_136_137_138_139_140_141_142_143_144_145_146_147_148_149_150_151_152_153_154_155_156_157_158_159_160_161_162_163_164_165_166_167_168_169_170_171_172_173_174_175_176_177_178_179_180_181_182_183_184_185_186_187_188_189_190_191_192_193_194_195_196_197_198_199_200_201_202_203_204_205_206_207_208_209_210_211_212_213_214_215_216_217_218_219_220_221_222_223_224_225_226_227_228_229_230_231_232_233_234_235_236_237_238_239_240_241_242_245_246_247_249_250_252_254_257_260_261_263_266_269_273_276_278_280_283_285_290_292  4.17e+09  3.44e+09 250322.45 179015.06  11553.46    701.10     87.85     35.57   -844.71    822.25      0.00 0
103954 5626.0    0_1_2_3_4_5_6_8_9_11_12_13_15_16_17_20_21_23_24_25_28_29_31_32_33_35_37_40_41_44_45_47_48_49_52_53_55_57_58_59_62_63_66_67_69_70_71_73_74_75_78_79_82_83_85_88_89_91_95_97_98_99_103_107_111_113_121_125_129_131_137_141_146_152_154_162_173_176_178_185_199_202_203_209_218_224_228_229_233_241_245_247_248_251_256_262_265_268_282  2.45e+09  2.02e+09 -48340.99  25855.07  12455.01    706.94     77.20    151.86   5152.00  -4132.16      0.00 0
103955 5626.0    3_9_12_13_17_18_21_25_26_28_29_33_34_35_38_41_44_45_49_50_53_54_55_59_60_63_66_67_71_72_75_76_78_79_83_84_86_89_91_95_96_99_100_102_103_107_108_111_114_116_117_121_122_125_126_128_129_133_134_137_138_141_143_146_147_148_152_153_154_155_157_158_162_163_164_165_167_168_170_173_176_177_178_179_181_182_185_186_187_188_190_191_193_194_196_197_199_200_205_206_208_210_212_213_214_216_219_222_226_227_230_231_237_240_242_246_249_250_252_257_260_261_263_266_269_273_275_276_278_280_283_285_286_288_290_292_294_296  2.63e+10  2.26e+10  40402.75  66112.46  13230.08    771.01     80.31     58.57   3102.22  -1233.20      0.00 0
103956 5626.0    24_32_37_47_48_52_57_58_62_66_69_70_73_74_82_85_88_93_94_97_98_102_105_106_110_113_116_119_120_123_124_128_131_132_135_136_140_144_145_150_151_157_160_161_167_172_175_181_184_190_196_198_200_205_211_213_217_219_223_226_227_230_234_237_242_246_249_252_254_257_260_261_263_266_269_273_275_276_277_278_280_283_285_286_287_288_290_292_293_294_295_296_297_298  2.34e+10  1.99e+10  42137.78 -160164.02  14751.54    737.11     84.91    284.74  -3599.00  -9824.49      0.00 0
103957 5626.0    3_4_9_10_12_17_18_21_22_25_26_29_33_34_35_38_41_42_45_49_50_53_54_55_59_60_63_64_67_68_71_72_75_76_79_83_84_86_89_90_91_95_96_99_100_103_107_108_111_112_114_116_117_121_122_125_126_129_130_133_134_137_138_141_142_143_146_147_148_152_153_154_155_158_162_163_164_165_168_169_170_173_174_176_177_178_179_181_182_185_186_187_188_191_193_194_197_199_200_202_203_205_206_208_209_210_212_214_215_216_218_220_221_222_224_226_227_228_229_231_232_233_235_236_238_239_240_241_243_244_245_246_247_248_249_250_251_253_255_256_258_259_260_261_262_264_265_266_267_268_270_271_272_274_275_276_277_279_281_284_286_287_288_289_291_293_294_295_296_297_298  2.09e+10  1.78e+10  35067.34 158571.39  14694.06    746.99     84.83     77.53   5993.44   5084.43      0.00 0
103958 5626.0    110_116_128_136_140_145_148_151_157_161_167_172_175_181_182_184_190_191_196_198_200_205_206_211_213_214_219_226_227_230_231_238_243_246_249_250_253_258_260_261_264_267_270_274_277_279_281_284_289_291  2.40e+09  1.99e+09 -38194.45  34149.78  12395.04    679.06     76.40    138.20   2164.36  -9140.79      0.00 0
103959 5626.0    0_1_2_3_5_6_7_8_9_11_13_15_16_19_20_21_23_24_28_29_31_32_35_37_39_40_41_44_45_47_48_51_52_53_55_57_58_61_62_63_66_67_69_70_73_74_78_79_81_82_85_87_88_89_91_93_94_97_98_102_103_105_106_110_111_113_116_117_119_120_123_124_128_129_131_132_135_136_140_141_144_145_148_150_151_157_158_160_161_162_167_168_172_173_175_181_182_184_190_191_196_197_198_199_200_205_206_211_212_213_214_217_219_220_223_224_226_227_230_231_234_235_237_238_242_243_244_246_249_250_252_253_255_257_258_259_260_261_264_266_267_269_270_271_274_275_276_277_279_281_284_286_287_289_291_293_295_298  3.09e+10  2.64e+10 -79105.14 108321.30  14689.74    740.13     83.75    126.14  -1334.43  -4388.60      0.00 0
103960 5626.0    0_1_2_3_4_5_6_7_8_9_10_11_12_13_14_15_16_17_18_19_20_21_22_23_24_25_26_27_28_29_30_31_32_33_34_35_36_37_38_39_40_41_42_43_44_46_47_48_49_50_51_52_53_54_56_57_58_59_60_61_62_64_65_68_69_70_71_72_73_74_75_76_77_80_81_82_84_85_86_87_90_92_93_94_96_97_98_99_100_101_104_105_108_109_112_113_114_118_119_120_122_123_124_126_130_131_132_133_134_135_138_142_143_144_145_147_150_153_155_163_164_165_170_177_179_186_188_194_208_210_216_222_236_240  7.94e+10  6.90e+10  83059.02  16250.37  13495.54    771.70     80.94     11.07    182.62   1184.01      0.00 0
103961 5626.0    78_88_91_102_103_106_110_111_116_117_120_124_128_129_136_140_141_145_148_151_157_158_161_162_167_168_172_173_175_181_182_184_185_190_191_196_197_198_199_200_203_205_206_211_212_213_214_217_218_219_220_223_224_226_227_230_231_233_234_235_237_238_241_242_243_244_246_248_249_250_251_252_253_254_255_256_257_258_259_260_261_262_263_264_265_266_267_268_269_270_271_272_273_274_275_276_277_278_279_280_281_282_283_284_285_286_287_288_289_290_291_292_293_294_295_296_297_298  1.23e+09  9.62e+08 257402.69 -70803.84  13710.62    625.34     87.06    344.62  -3042.71  -7911.34      0.00 0
103962 5626.0    196_198_205_211_213_217_219_223_226_227_230_234_237_242_246_249_250_252_254_257_260_261_263_266_267_269_270_273_275_276_277_278_280_281_283_284_285_286_287_288_289_290_291_292_293_294_295_296_297_298  1.26e+10  1.06e+10 -52567.69  37940.91  13130.82    695.31     78.55    144.18   -750.81 -10057.39      0.00 0
103963 5626.0    33_38_49_53_59_63_71_72_75_83_86_89_95_99_107_111_121_125_129_137_141_146_152_158_162_168_173_185_191_197_199_212_214_218_220_224_231_235_238_243_244_253_255_258_259_264_267_270_271_274_279_281_284_289_291  1.48e+09  1.20e+09  -5880.72  54666.04  12845.17    651.99     76.85     96.14   3549.15  -9302.90      0.00 0
103964 5626.0    0_1_2_3_4_5_6_7_8_9_10_11_12_14_15_16_17_18_19_21_22_23_24_25_26_27_30_31_33_34_36_37_38_39_42_43_46_47_48_49_50_51_53_54_56_57_59_60_61_64_65_68_69_70_71_72_73_75_76_77_80_81_84_85_86_87_90_92_93_95_96_97_99_100_101_104_105_108_109_112_113_114_115_118_119_122_123_125_126_127_130_131_133_134_135_138_139_142_143_144_147_149_150_153_154_155_156_159_160_163_164_165_166_169_170_171_174_177_179_180_183_186_187_188_189_193_194_195_208_209_210_215_216_221_222_232_236_239_240  2.69e+09  2.18e+09 -114424.06  30232.14  15140.06    654.75     82.71    165.20  -2720.85   3345.71      0.00 0
103965 5626.0    0_1_2_3_4_5_6_7_8_9_10_11_12_13_14_15_16_17_18_19_20_21_22_23_24_25_26_27_28_29_30_31_32_33_34_35_36_37_38_39_40_41_42_43_44_45_46_47_48_49_50_51_52_53_54_55_56_57_58_59_60_61_62_63_64_65_66_67_68_69_70_71_72_73_74_75_76_77_78_79_80_81_82_83_84_85_86_87_88_89_90_91_92_93_94_95_97_98_101_102_103_104_105_106_107_109_110_111_113_115_116_117_118_119_120_121_123_124_127_128_129_131_132_135_136_137_139_140_141_144_148_149_150_152_156_157_158_160_162_166_167_168_171_173_180_181_182_185_189_190_191_195_197_199_200_204_205_206_212_213_214_218_220_224_226_227_230_231_235_238_241_243_244_246_249_250_253_255_256_258_259_260_261_264_267_270_271_272_274_275_277_279_281_284_287_289_291_295  1.74e+10  1.47e+10 -48431.57 108932.55  14447.55    752.00     83.09    113.97   2857.61  -8596.00      0.00 0
103966 5626.0    0_1_2_3_4_5_6_7_8_9_10_11_12_13_14_15_16_17_18_19_20_21_22_23_24_25_26_27_28_29_30_31_32_33_34_35_36_37_38_39_40_41_42_43_44_45_46_47_48_49_50_51_52_53_54_55_56_57_58_59_60_61_62_63_64_65_66_67_68_69_70_71_72_73_74_75_76_77_78_79_80_81_82_83_84_85_86_87_88_89_90_91_92_93_94_95_96_97_98_99_100_101_102_103_104_105_106_107_108_109_110_111_113_114_116_117_119_120_121_123_124_125_126_127_128_129_131_132_133_134_135_136_137_139_140_141_143_144_145_146_148_150_151_152_154_157_158_160_161_162_164_165_167_168_170_171_172_173_175_176_178_181_182_184_185_187_190_191_193_196_197_198_199_200_202_203_205_206_208_209_212_214_215_217_218_220_221_224_227_228_229_231_232_233_235_238_239_241_243_244_245_247_248_251_253_255_256_258_259_262_264_265_268_271_272_274_279_282  3.09e+09  2.51e+09 191010.52 -104791.94  14623.53    668.55     86.16    331.25  -1754.59  -1005.88      0.00 0
103967 5626.0    0_1_2_3_4_5_6_7_8_9_10_11_12_13_14_15_16_17_18_19_20_21_22_23_24_25_26_27_28_29_30_32_33_34_35_36_38_40_41_42_43_44_45_46_48_49_50_52_53_54_55_56_58_59_60_62_63_64_66_67_68_71_72_74_75_76_78_79_80_82_83_84_86_88_90_91_94_96_100_102_104_106_108_110_112_116_122_126_128_130_136_138_140_142_147_153_155_161_163_167_169_172_174_177_179_186_198_211  2.75e+09  2.26e+09  33618.85  43076.64  12534.92    693.19     77.08     52.03   2110.56   1743.26      0.00 0
103968 5626.0    0_1_2_3_4_5_6_7_8_9_10_11_12_13_14_15_16_17_18_19_20_21_22_23_24_25_26_27_28_29_30_31_32_33_34_35_36_37_38_39_40_41_42_43_44_45_46_47_48_49_50_51_52_53_54_55_56_57_58_59_60_61_62_63_64_65_66_67_68_69_70_71_72_73_74_75_76_77_78_79_80_81_82_83_84_85_86_87_88_89_90_91_92_93_94_95_96_97_98_99_100_101_102_103_104_105_106_107_108_109_110_111_112_113_114_115_116_117_118_119_120_121_122_123_124_125_126_127_128_129_130_131_132_133_134_135_136_137_138_139_140_141_142_143_144_145_146_147_148_150_151_152_153_154_155_157_158_161_162_163_164_165_167_168_170_172_173_175_176_177_178_179_181_182_184_185_186_187_188_190_191_193_194_196_197_198_199_202_203_208_209_210_211_212_215_216_217_218_221_222_223_224_228_229_232_233_236_239_240_241_245_247_248_251_262_265  3.63e+10  3.11e+10 219504.83  10812.39  13480.26    817.86     86.49      2.82  -1087.14  -1030.67      0.00 0
103969 5626.0    69_70_73_74_85_93_94_97_98_105_113_119_120_123_124_131_132_135_144_145_150_151_160_175_184  4.47e+10  3.88e+10   2720.00  26918.05   9543.54    760.21     70.57     84.23  -3876.02   -157.19      0.00 0
103970 5626.0    38_49_50_59_60_71_72_75_76_83_86_95_96_99_100_107_111_114_121_125_126_133_134_137_141_143_146_152_154_162_168_173_176_178_185_197_199_202_203_212_214_218_220_224_233_235_238_241_243_244_251_255_256_258_259_264_270_271_272_274_279_284  1.20e+10  1.02e+10   8846.85 -55605.57  12482.51    717.48     77.50    279.04   4652.08  -8389.76      0.00 0
103971 5626.0    0_1_2_3_4_5_6_7_8_9_10_11_12_13_14_15_16_17_18_19_20_21_22_23_24_25_26_27_28_29_30_31_32_33_34_35_36_37_38_39_40_41_42_43_44_46_47_48_49_50_51_52_53_54_56_57_58_59_60_62_64_68_69_70_71_72_73_74_75_76_82_84_85_86_90_94_96_98_99_100_108_113_114_122_124_126_132_133_134_143_147_153_155_165_170_177_179_188_194_210_216_222_240  2.14e+09  1.76e+09  50672.38  16249.62  12628.32    665.57     76.65     17.78   3685.78   1262.76      0.00 0
103972 5626.0    5_8_9_13_17_20_21_28_29_33_35_40_41_44_45_53_55_59_63_67_75_79_83_89_95_107_121_125_146  9.77e+10  8.62e+10  19055.62  -4472.97   8405.42    763.33     66.76    346.79   1901.37  -1946.87      0.00 0
103973 5626.0    217_223_234_242_254_257_263_269_273_278_283_285_290_292_296  5.89e+09  4.95e+09 -11856.16  30662.19  10504.27    716.82     72.28    111.14  -4041.05  -9963.86      0.00 0
103974 5626.0    0_1_2_3_4_5_6_7_8_9_10_11_12_13_14_15_16_17_18_19_20_21_22_23_24_25_26_27_28_29_30_31_32_33_34_35_36_37_38_39_40_41_42_43_44_45_46_47_48_50_51_52_54_55_56_57_58_60_61_62_64_65_66_68_69_70_73_74_76_77_78_80_81_82_84_85_87_88_90_92_93_94_96_97_98_101_102_104_105_106_108_109_110_112_113_115_118_119_120_122_123_124_127_128_130_131_132_135_136_138_139_140_142_144_145_149_150_151_153_156_159_160_161_163_166_167_169_171_172_174_175_180_183_184_186_189_192_195_196_198_201_204_207_211_217_219_223_225_234_242_254_263  1.95e+10  1.65e+10 100159.71 143842.94  14441.36    772.75     85.29     55.15  -1478.57   3009.40      0.00 0
103975 5626.0    101_105_109_115_118_119_123_127_135_139_144_149_150_156_159_160_166_169_171_180_183_189_192_195_201_204_207_225  2.51e+10  2.16e+10  42422.16  19935.22  11625.88    747.41     76.07     25.17  -2785.40   4580.05      0.00 0
103976 5626.0    0_1_2_3_4_5_6_7_8_9_10_11_12_13_14_15_16_17_18_19_20_21_22_23_24_25_26_27_28_29_30_31_32_33_34_35_36_37_38_39_40_41_42_43_44_45_46_47_48_49_51_52_53_55_56_57_58_59_61_62_63_65_66_67_69_70_73_74_75_77_78_79_80_81_82_83_85_87_88_89_91_92_93_94_95_97_98_101_102_103_105_106_107_109_110_111_113_115_116_117_119_120_121_123_124_127_128_129_131_132_135_136_137_139_140_141_144_145_148_150_151_152_156_157_158_160_161_162_166_167_168_171_172_173_175_181_182_184_185_189_190_191_195_196_197_198_199_200_205_206_211_212_213_214_217_218_219_220_223_224_226_227_230_231_234_235_237_238_241_242_243_244_246_249_250_252_253_254_255_256_257_258_259_260_261_263_264_266_267_269_270_271_272_273_274_275_276_277_279_280_281_283_284_286_287_288_289_290_291_293_294_295_296_297_298  8.91e+09  7.42e+09 -109559.96 177947.94  14392.78    719.04     86.06    121.62    508.12  -7002.16      0.00 0
103977 5626.0    0_1_2_3_4_5_6_7_8_9_10_11_12_13_14_15_16_17_18_19_20_21_22_23_24_25_26_27_28_29_30_31_32_33_34_35_36_37_38_39_40_41_42_43_44_45_46_47_48_49_50_51_52_53_54_55_56_57_58_59_60_61_62_63_64_65_66_67_68_69_70_71_72_73_74_75_76_77_78_79_80_81_82_83_84_85_86_87_88_89_90_91_92_93_94_95_97_98_99_100_101_102_103_104_105_106_107_109_110_111_113_114_115_116_117_119_120_121_123_124_125_127_128_129_131_132_133_135_136_137_139_140_141_144_145_146_148_150_151_152_154_156_157_158_160_161_162_164_166_167_168_171_172_173_175_176_178_181_182_184_185_187_189_190_191_195_196_197_198_199_200_202_203_205_206_209_211_212_213_214_217_218_219_220_223_224_226_227_228_229_230_231_233_234_235_237_238_241_242_243_244_245_246_247_248_249_250_251_252_253_254_255_256_257_258_259_260_261_262_263_264_265_266_267_268_269_270_271_272_273_274_275_276_277_278_279_280_281_282_283_284_285_286_287_288_289_290_291_292_293_294_295_296_297_298  1.38e+09  1.11e+09 223157.38 -222224.52  11713.20    646.87     87.87    315.12    748.09  -9277.42      0.00 0
103978 5626.0    83_95_107_121_125_146_152_154_176_178_187_202_209_215_232  3.89e+09  3.26e+09 -21825.03     19.05   9318.17    671.53     66.88    179.95   4814.79  -2333.32      0.00 0
103979 5626.0    0_1_2_3_4_5_6_7_8_9_10_11_12_13_14_15_16_17_18_19_20_21_22_23_24_25_26_27_28_29_30_31_32_33_34_35_36_37_38_39_40_41_42_43_44_45_46_47_48_49_50_51_52_53_54_55_56_57_58_59_60_61_62_63_64_65_66_67_68_69_70_71_72_73_74_75_76_77_78_79_80_81_82_83_84_85_86_87_88_89_90_91_92_93_94_95_96_97_98_99_100_101_102_103_104_105_106_107_108_109_110_111_112_113_114_115_116_117_118_119_121_122_123_125_126_127_128_129_130_131_132_133_134_135_137_138_139_141_142_143_144_146_147_148_149_150_152_153_154_155_156_157_158_159_160_162_163_164_165_166_168_169_170_171_173_174_176_177_178_179_180_181_182_183_185_186_187_188_189_191_192_193_194_195_197_199_200_201_202_203_204_206_207_208_209_210_212_214_215_216_218_220_221_222_224_225_228_229_231_232_233_235_236_238_239_241_243_244_245_247_248_251_253_255_256_258_259_262_264_265_268_270_271_272_274_279_282_284  2.19e+09  1.75e+09 150859.77 -196178.58  13922.76    667.90     86.78    307.56    655.29   1468.03      0.00 0
103980 5626.0    102_116_117_128_148_157_158_168_181_182_191_197_200_206_214_220_227_231_235_238_243_250_253_255_258_264_267_270_271_274_279_284  8.51e+10  7.43e+10  28335.44 -28874.64  11105.31    743.79     74.65    314.46   3458.04  -8931.53      0.00 0
103981 5626.0    0_1_2_3_4_5_6_7_8_9_10_11_12_13_14_15_16_17_18_19_20_21_23_24_25_27_28_29_30_31_32_33_35_36_37_39_40_41_43_44_45_47_48_51_52_53_55_56_57_58_59_61_62_63_65_66_67_69_70_73_74_77_78_79_81_82_83_85_87_88_89_91_93_94_97_98_101_102_103_105_106_107_109_110_111_113_116_117_119_120_123_124_127_128_129_131_132_135_136_137_139_140_141_144_145_148_150_151_157_158_160_161_162_166_167_168_171_172_173_181_182_190_191_195_196_197_199_200_205_206_212_213_214_220_224_226_227_230_231_235_238_243_244_246_249_250_253_255_258_259_260_261_264_267_270_271_274_275_277_279_281_284_287_289_291_295  5.50e+10  4.76e+10 -55296.25  96357.60  14172.69    773.69     82.73    119.85  -2069.61  -1113.89      0.00 0
103982 5626.0    3_5_8_9_12_13_17_20_21_25_26_28_29_33_35_38_40_41_44_45_49_50_52_53_55_59_62_63_66_67_71_72_75_76_78_79_82_83_86_88_89_91_94_95_99_100_102_103_106_107_110_111_114_116_117_120_121_125_126_128_129_133_134_136_137_140_141_143_145_146_148_151_152_154_155_157_158_161_162_164_165_167_168_170_172_173_175_176_178_181_182_184_185_187_188_190_191_193_194_196_197_198_199_200_202_203_205_206_208_209_210_211_212_213_214_215_216_217_218_219_221_222_223_226_227_228_229_230_232_234_236_237_239_240_242_245_247_252_254_257_263_273_278  3.39e+10  2.93e+10 -93937.45 -47863.52  13954.81    790.33     82.46    207.00   2880.92  -2702.61      0.00 0
103983 5626.0    112_118_122_130_138_142_147_149_153_159_163_169_174_177_179_180_183_186_192_210  3.47e+10  3.00e+10 -23218.60  10703.92   9381.54    753.33     69.85    155.25   3031.68   4240.87      0.00 0
103984 5626.0    0_1_2_3_4_5_6_7_8_9_10_11_12_13_14_15_16_17_18_19_20_21_22_23_24_25_26_27_28_29_30_31_32_33_34_35_36_37_38_39_40_41_42_43_44_45_46_47_48_49_50_51_52_53_54_55_56_57_58_59_60_61_62_63_64_65_66_67_68_69_70_71_72_73_74_75_76_77_78_79_80_82_83_84_85_86_88_89_90_91_92_94_96_98_100_102_103_104_106_108_110_112_116_118_120_122_124_126_128_130_136_138_140_142_145_147_151_153_157_159_161_163_167_169_172_174_175_177_184_186_190_196_198_211_213_217_219_223_234_242_254_263_278  5.50e+10  4.77e+10 -40207.45 -54416.66  12882.27    755.65     79.22    233.54   -588.32  -1097.38      0.00 0
103985 5626.0    199_202_203_212_214_218_220_224_228_229_231_232_233_235_238_239_241_243_244_245_246_247_248_250_251_253_255_256_258_259_260_261_262_264_265_267_268_270_271_272_274_275_276_277_279_280_281_282_284_286_287_288_289_290_291_293_294_295_296_297_298  2.69e+10  2.30e+10 -131887.30 -119755.98  14333.23    785.06     85.40    222.24   5239.22 -10247.30      0.00 0
103986 5626.0    111_117_121_129_137_141_146_148_152_154_157_158_162_168_173_176_178_181_182_185_187_190_191_193_196_197_199_200_202_203_205_206_209_212_213_214_215_218_219_220_221_224_226_227_228_229_230_231_232_233_234_235_236_237_238_239_241_242_243_244_245_246_247_248_249_250_251_252_253_254_255_256_257_258_259_260_261_262_263_264_265_266_267_268_269_270_271_272_273_274_275_276_277_278_280_281_282_283_285_286_287_288_290_292_294_296  1.70e+09  1.37e+09  91043.55  55268.32  14949.48    651.20     82.01     31.26  -1271.26  -8851.39      0.00 0
103987 5626.0    0_1_2_3_5_6_7_8_9_11_13_16_20_21_28_29_32_35_40_41_44_45_52_55_62_66_67_78_79_88_91_102_103_116_117_128_148_157_158_181_182_200_205_206_226_227  1.58e+09  1.31e+09   2072.38 -28982.07  10295.00    678.40     70.49    274.09   -140.06  -3694.57      0.00 0
103988 5626.0    101_109_115_119_127_135_139_144_149_150_156_159_160_166_171_180_183_189_192  1.00e+10  8.52e+09 -21109.95 -11638.90   9306.53    730.28     68.89    208.87  -1854.34   4543.45      0.00 0
103989 5626.0    0_1_2_3_4_5_6_7_8_9_10_11_12_13_14_15_16_17_18_19_20_21_22_23_24_25_26_27_28_29_30_31_32_33_34_35_36_37_38_39_40_41_42_43_44_45_46_47_48_49_50_51_52_53_54_55_56_57_58_59_60_61_62_63_64_65_66_67_68_69_70_71_72_73_74_75_76_77_78_79_80_81_82_83_84_85_86_87_88_89_90_92_93_94_95_96_97_98_99_100_101_102_104_105_106_108_109_110_112_113_114_115_118_119_120_122_123_124_125_126_127_130_131_132_133_134_135_136_138_142_143_144_145_147_150_151_153_155_159_161_163_164_165_169_170_174_175_177_179_184_186_188_193_194_208_210_216_222_236_240  6.31e+10  5.44e+10 -119241.83 -39782.09  14522.10    753.14     83.41    198.45  -3638.02   -314.56      0.00 0
103990 5626.0    4_6_7_10_12_14_18_19_22_25_26_27_30_34_36_38_39_42_43_46_49_50_51_54_56_60_61_64_65_68_71_72_75_76_77_80_81_84_86_87_90_92_101_105_109_115_127_135_139_160_171  1.78e+10  1.53e+10  21242.94 -17061.46   9466.81    778.57     70.84    321.23   -274.20   2214.50      0.00 0
103991 5626.0    8_16_20_23_24_28_32_35_37_40_44_47_48_52_55_57_58_62_66_69_70_73_74_78_79_82_85_88_91_93_94_97_98_102_103_106_110_113_116_117_119_120_123_124_128_129_131_132_136_140_144_145_148_150_151_157_158_161_167_168_172_175_181_182_184_190_191_196_197_198_200_205_206_211_213_214_217_219_220_223_226_227_230_231_234_237_238_242_243_246_249_250_252_253_254_257_258_260_261_264_266_267_269_270_274_275_276_277_279_280_281_284_286_287_288_289_291_293_294_295_297_298  5.50e+09  4.55e+09  65840.63 -93300.46  14527.14    728.94     82.75    305.21   -609.36  -6973.45      0.00 0
103992 5626.0    0_1_2_3_4_5_6_7_8_9_10_11_12_13_14_15_16_17_18_19_20_21_22_23_24_25_26_27_28_29_30_31_32_33_34_35_36_37_38_39_40_41_42_43_44_45_46_47_48_49_50_51_52_53_54_55_56_57_58_59_60_62_63_64_66_67_68_69_70_71_72_73_74_75_76_78_79_80_82_83_84_85_86_88_89_90_91_94_95_96_98_99_100_102_103_106_107_108_110_111_112_114_116_117_120_121_122_124_125_126_128_129_132_133_134_136_137_138_140_141_142_143_145_146_147_148_151_152_153_154_155_157_158_161_162_163_164_165_167_168_170_172_173_175_176_177_178_179_181_182_184_185_186_187_188_190_191_193_194_196_197_198_199_200_202_203_205_206_208_209_210_211_212_213_214_215_216_217_218_219_220_221_222_223_224_226_227_228_229_230_231_232_233_234_236_237_238_239_240_242_246_247_249_250_252_254_257_260_263_266_269_273_276_278_280_283_285_290_292  1.05e+09  8.33e+08 -162412.05 -120793.84  14828.36    677.30     85.81    216.64    511.52  -3162.51      0.00 0
103993 5626.0    130_142_149_153_159_163_169_174_177_180_183_186_192  4.57e+10  3.96e+10  28843.92  -4429.20   9798.15    763.13     71.44    351.27   3977.33   5050.47      0.00 0
103994 5626.0    88_94_102_106_110_116_117_120_124_128_136_140_148_157  1.12e+10  9.65e+09 -15617.86  12254.77   8718.50    716.25     66.29    141.88  -1762.58  -3596.46      0.00 0
103995 5626.0    0_1_2_3_4_5_6_7_8_9_10_11_12_13_14_15_16_17_18_19_20_21_22_23_24_25_26_28_29_30_31_32_33_34_35_37_38_40_41_44_45_47_48_49_50_52_53_54_55_58_59_60_62_63_66_67_69_70_71_72_73_74_75_76_78_79_82_83_85_86_88_89_91_94_95_96_97_98_99_100_102_103_106_107_110_111_113_114_116_117_120_121_124_125_126_128_129_132_133_134_136_137_140_141_143_145_146_148_151_152_154_155_157_158_161_162_164_165_167_168_170_172_173_175_176_178_181_182_184_185_187_188_190_191_193_194_196_197_198_199_202_203_208_209_211_212_213_215_216_217_218_219_221_222_223_224_228_229_232_233_234_236_239_240_245_247_248_262  1.07e+10  9.03e+09 132399.88  17501.32  14744.23    731.72     83.70      7.53    697.34  -2569.54      0.00 0
103996 5626.0    0_1_2_3_4_5_6_7_8_9_10_11_12_13_14_15_16_17_18_19_20_21_22_23_24_25_26_27_28_29_30_31_32_33_34_35_36_37_38_39_40_41_42_43_44_45_46_47_48_49_50_51_52_53_54_55_56_57_58_59_60_61_62_63_64_65_66_67_68_69_70_71_72_73_74_75_76_77_78_79_80_81_82_83_84_85_86_87_88_89_90_91_92_93_94_95_96_97_98_99_100_101_102_103_104_105_106_107_108_109_110_111_112_113_114_115_116_117_118_119_121_122_123_125_126_127_128_129_130_131_133_134_135_136_137_138_139_140_141_142_143_144_146_147_148_149_150_152_153_154_155_156_157_158_159_160_162_163_164_165_166_167_168_169_170_171_173_174_176_177_178_179_180_181_182_183_185_186_187_188_189_190_191_192_193_194_195_197_199_200_201_202_203_204_205_206_207_208_209_210_212_214_215_216_218_220_221_222_224_225_226_227_228_229_231_232_233_235_236_238_239_241_243_244_245_246_247_248_249_250_251_253_255_256_258_259_260_261_262_264_265_267_268_270_271_272_274_275_277_279_281_282_284_287_289_291_295_298  3.89e+09  3.17e+09  90627.29 -244341.92  13247.41    703.49     87.09    290.35   1903.28     89.04      0.00 0
103997 5626.0    0_1_2_3_4_5_6_7_8_9_10_11_12_13_14_15_16_17_18_19_20_21_22_23_24_25_26_27_28_29_30_31_32_33_34_35_36_37_38_39_40_41_42_43_44_45_46_47_48_49_50_51_52_53_54_55_56_57_58_59_60_61_62_63_64_65_66_67_68_69_70_71_72_73_74_75_76_77_78_79_80_81_82_83_84_85_86_87_88_89_90_91_92_93_94_95_96_97_98_99_100_101_102_103_104_105_106_107_108_109_110_111_112_113_114_116_117_118_119_120_121_122_123_124_125_126_128_129_130_131_132_133_134_136_137_138_140_141_142_143_144_145_146_147_148_151_152_153_154_155_157_158_161_162_163_164_165_167_168_170_172_173_174_175_176_177_178_179_181_182_184_185_186_187_188_190_191_193_194_196_197_198_199_200_202_203_205_206_208_209_210_211_212_213_214_215_216_217_218_219_221_222_223_224_226_228_229_230_232_233_234_236_237_239_240_242_245_247_248_254_257_263_278  9.55e+09  8.06e+09 239523.12  88317.27  13244.99    724.37     87.03     20.24   3533.46   -448.07      0.00 0
103998 5626.0    0_3_4_5_8_9_10_12_13_17_18_20_21_22_25_26_28_29_33_34_35_38_40_41_42_44_45_49_50_53_54_55_59_60_62_63_64_66_67_71_72_75_76_78_79_83_84_86_88_89_90_91_95_96_99_100_102_103_107_108_110_111_114_116_117_121_122_125_126_128_129_133_134_137_138_140_141_143_146_147_148_152_153_154_155_157_158_162_163_164_165_167_168_170_172_173_176_177_178_179_181_182_185_186_187_188_190_191_193_194_196_197_199_200_202_203_205_206_208_209_210_211_212_213_214_215_216_218_219_220_221_222_224_226_227_230_231_234_235_236_237_238_240_242_243_246_249_250_252_253_254_257_258_260_261_263_266_267_269_270_273_275_276_277_278_280_283_285_286_287_288_290_292_293_294_296_297  4.90e+09  4.06e+09  64678.79 101603.59  14788.60    705.62     83.00     57.52    253.51  -6094.37      0.00 0
103999 5626.0    0_1_2_3_4_5_6_7_8_9_10_11_12_13_14_15_16_17_18_19_20_21_22_23_24_25_26_27_28_29_30_31_32_33_34_35_36_37_38_39_40_41_42_43_44_45_46_47_48_49_50_51_52_53_54_55_56_57_58_59_60_61_62_64_65_66_68_69_70_71_72_73_74_75_76_77_78_80_81_82_84_85_86_87_88_90_92_93_94_96_97_98_100_101_104_105_106_108_109_110_112_113_114_115_118_119_120_122_123_124_126_127_130_131_132_134_135_136_138_139_140_142_144_145_147_149_150_151_153_155_156_159_160_161_163_165_166_169_171_174_175_177_179_180_183_184_186_188_189_192_195_198_201_204_207_210_217_225  8.13e+09  6.73e+09 184194.80 121638.68  14235.57    709.84     86.31     33.44    363.46   3836.46      0.00 0
