#event_number primary_type du_ids energy_primary em_energy Xmax_pos(x, y, z), Xmax_grams zenith azimuth shower_core_pos_x shower_core_pos_y shower_core_pos_z, N_tested_cores, units are degrees, GeV and meters
102700 5626.0    0_1_2_3_4_5_6_7_8_9_10_11_12_13_14_15_16_17_18_19_20_21_22_23_24_25_26_27_28_29_30_31_32_33_34_35_36_37_38_39_40_41_42_43_44_45_46_47_48_49_50_51_52_53_54_55_56_57_58_59_60_61_62_63_64_65_66_67_68_69_70_71_72_73_74_75_76_77_78_79_80_81_82_83_84_85_86_87_88_89_90_91_92_93_95_96_97_98_99_100_101_102_103_104_105_107_108_109_111_112_113_114_115_117_118_119_121_122_123_125_126_127_129_130_131_133_134_135_137_138_139_141_142_143_144_146_147_149_150_152_153_154_155_156_158_159_160_162_163_164_165_166_168_169_170_171_173_174_176_177_178_179_180_183_185_186_187_188_189_192_193_194_195_197_199_201_202_203_204_207_208_209_210_212_215_216_218_220_221_222_224_225_228_229_232_233_235_236_239_240_241_243_244_245_247_248_251_255_256_259_262_265_268_271_272_282  3.98e+09  3.26e+09 -185166.83 178751.08  13488.13    685.93     87.00    136.01   1350.65   2303.36      0.00 0
102701 5626.0    0_1_2_3_4_5_6_7_8_9_10_11_12_13_14_15_16_17_18_19_20_21_22_23_24_25_26_27_28_29_30_31_32_33_34_35_36_37_38_39_40_41_42_43_44_45_46_47_48_49_50_51_52_53_54_55_56_57_58_59_60_61_62_63_64_65_66_67_68_69_70_71_72_73_74_75_76_77_78_79_80_81_82_83_84_85_86_87_88_89_90_91_92_93_94_95_96_97_98_99_100_101_102_103_104_105_106_107_108_109_110_111_112_113_114_115_116_117_118_119_120_121_122_123_124_125_126_127_128_129_130_131_132_133_134_135_136_137_138_139_140_141_142_143_144_145_146_147_148_149_150_151_152_153_154_155_156_157_158_159_160_161_162_163_164_165_166_167_168_169_170_171_172_173_174_175_176_177_178_179_180_181_182_183_184_185_187_188_189_190_191_192_193_194_195_196_197_199_200_201_202_203_204_205_206_207_208_209_212_214_215_216_218_220_221_222_224_225_226_227_228_229_231_232_233_235_236_238_239_241_243_244_245_247_248_250_251_253_255_256_258_259_262_264_265_267_268_270_271_272_274_279_282_284  7.59e+09  6.34e+09 -226247.83 184983.95  11993.22    723.42     87.65    140.73  -1180.93    680.50      0.00 0
102702 5626.0    0_1_2_3_4_5_6_7_8_9_10_11_12_13_14_15_16_17_18_19_20_21_22_23_25_26_27_28_29_30_31_33_34_35_36_38_39_41_42_43_44_45_46_49_50_51_53_54_55_56_59_60_61_63_64_65_67_68_71_72_75_76_77_79_80_81_83_84_87_89_90_91_92_95_101_103_104_107_109_111_115_117_118_127_129_137_139_141_149_156_158_162_166_168_173_180_189_191_195_197_204_212_220  4.37e+10  3.79e+10 -14212.59  40927.97  11422.82    733.24     75.23    109.15    453.07    630.03      0.00 0
102703 5626.0    13_20_28_29_35_40_41_44_45_52_53_55_62_63_66_67_78_79_82_83_88_89_91_95_103_107_111_121_129_137_141_146_152_162_176_185_202_203_218_228_233  9.33e+09  7.99e+09 -27589.89   8503.57  10099.04    705.63     70.72    162.87   2431.11  -3132.38      0.00 0
102704 5626.0    30_36_39_42_43_46_54_56_60_61_64_65_68_77_80_84_87_90_92_96_101_104_105_108_109_112_115_118_119_122_126_127_130_135_138_139_142_147_149_150_153_155_156_159_160_166_171_189_195  4.07e+09  3.40e+09 -46661.16  14703.25  12261.35    673.67     75.93    162.51  -3127.07   4441.68      0.00 0
102705 5626.0    0_1_2_3_4_5_6_7_8_9_10_11_12_13_14_15_16_17_18_19_20_21_22_23_24_25_26_27_28_29_30_31_32_33_34_35_36_37_38_39_40_41_42_43_44_45_46_47_48_49_50_51_52_53_54_55_56_58_59_60_61_62_63_64_65_66_67_68_71_72_75_76_77_78_79_80_82_83_84_86_87_88_89_90_91_92_95_96_99_100_101_102_103_104_106_107_108_110_111_112_114_115_116_117_118_121_122_125_126_128_129_130_133_134_137_138_140_141_142_143_146_147_148_149_152_153_154_155_156_157_158_159_162_163_164_165_167_168_169_170_172_173_174_176_177_178_179_180_181_182_183_185_186_187_188_190_191_192_193_194_196_197_199_200_201_202_203_205_206_207_208_209_210_212_213_214_215_216_218_219_220_221_222_224_225_226_227_228_229_230_231_232_233_235_236_237_238_239_240_241_242_243_244_245_246_247_248_249_250_251_252_253_255_256_257_258_259_260_261_264_265_266_267_268_269_270_271_272_273_274_275_276_277_279_280_281_283_284_285_286_287_288_289_290_291_292_293_294_295_296_297_298  2.57e+10  2.18e+10 -42257.10 -227334.58  13899.52    723.05     86.56    259.47   1803.31  -8420.63      0.00 0
102706 5626.0    0_1_2_3_4_5_6_7_8_10_11_13_14_15_16_18_20_23_24_28_32_40_48_52_58_62_66_74_82_88_94_106_120  1.12e+10  9.64e+09 -13820.81 -13864.30   8703.68    710.75     66.03    225.09  -1216.55   -984.84      0.00 0
102707 5626.0    122_126_134_147_153_155_177_179_186  9.55e+10  8.43e+10  -6585.37 -19784.83   8547.78    776.53     67.71    251.59   5072.09   3802.58      0.00 0
102708 5626.0    100_122_126_134_147_153_155_177_179_186  2.45e+10  2.12e+10  10565.37  24497.20   9552.27    749.87     70.30     66.67   5634.62   4499.60      0.00 0
102709 5626.0    116_117_128_129_140_141_148_157_158_162_167_168_172_173_181_182_190_191_196_197_199_200_205_206_212_214_218_220_224_233_235_241_244_251_256_265_268  1.82e+09  1.50e+09 -33444.44   3002.49  10871.60    671.65     72.06    174.87   1923.21  -5758.04      0.00 0
102710 5626.0    5_9_13_21_28_29_35_40_41_44_45_55_66_67_78_79_88_91_102_103_110_116_117_128_140_148_157_167_172_181_182_190_196_200_205_211_213_219_226_230_234_237_242_249_252_254_257_263_266_269_273_276_278_280_283_285_288_290_292_296  2.00e+10  1.69e+10 -17039.35 -45164.84  11981.92    708.03     76.06    249.33  -2564.57  -8937.11      0.00 0
102711 5626.0    0_1_2_3_4_5_6_7_8_9_10_11_12_13_14_15_16_17_18_19_20_21_22_23_24_25_26_27_28_29_30_31_32_33_34_35_36_37_39_40_41_42_43_44_45_46_47_48_49_51_52_53_55_56_57_58_59_61_62_63_65_66_67_69_70_73_74_77_78_79_80_81_82_83_85_87_88_89_91_92_93_94_97_98_101_102_103_105_106_107_109_110_111_113_115_116_117_119_120_123_124_127_128_129_131_135_136_137_139_140_141_144_148_150_156_157_158_160_162_166_167_168_171_173_181_182_189_190_191_195_196_197_199_200_205_206_212_213_214_220_224_226_227_230_231_235_238_243_246_249_250_253_255_258_260_261_264_267_270_271_274_275_277_279_281_284_287_289_291_293_295_298  1.82e+10  1.55e+10  33674.88 -83306.39  13509.12    797.19     81.45    292.01   1477.63  -7225.29      0.00 0
102712 5626.0    231_238_243_253_255_258_259_264_271_272_274_279  3.09e+09  2.56e+09  29507.44  -8255.28  10550.36    669.12     71.00    344.37   6021.36  -9170.95      0.00 0
102713 5626.0    82_94_98_106_110_113_120_124_131_132_136_145  4.17e+10  3.63e+10 -15533.61  17471.34   9086.59    749.94     68.76    131.64  -4136.90  -1160.71      0.00 0
102714 5626.0    200_205_206_213_214_219_220_226_227_230_231_235_237_238_242_243_244_246_249_250_252_253_255_257_258_259_260_261_264_266_267_270_271_272_274_279  8.13e+10  7.13e+10  35819.89  -1889.78  10557.03    761.63     73.60    356.98   2053.42  -8263.72      0.00 0
102715 5626.0    0_1_4_6_7_10_11_12_14_15_18_19_22_23_26_27_30_31_34_36_37_38_39_42_43_46_47_50_51_54_56_57_60_61_64_65_68_69_71_72_73_76_77_80_81_84_86_87_90_92_93_96_97_100_101_104_105_108_109_112_113_114_115_118_119_122_123_126_127_130_131_134_135_138_139_142_143_144_147_149_150_153_155_156_159_160_163_165_166_169_170_171_177_179_186_188_194_208_210_216_222_236_240  1.20e+09  9.57e+08 -83452.61   7447.95  14472.06    628.34     80.20    174.90  -4148.68   3044.83      0.00 0
102716 5626.0    0_1_2_3_4_5_6_7_8_9_10_11_12_13_14_15_16_17_18_19_20_21_22_23_24_25_26_27_28_29_30_31_32_33_34_35_36_37_38_39_41_42_43_45_46_47_48_49_50_51_53_54_56_57_59_60_61_63_64_65_67_68_69_70_71_72_73_75_76_77_80_81_83_84_85_86_87_89_90_92_93_95_97_99_100_101_105_107_109_114_119_121_123_125_127_133_135_137_139_144_146_150_152_154_160_164_171_176_178_185_187_202_203_209_228_229_245  1.86e+09  1.51e+09  49126.64 -33499.36  12888.56    686.09     77.77    325.71  -1519.69   1734.97      0.00 0
102717 5626.0    254_257_263_269_273_278_280_283_285  1.41e+10  1.21e+10  18134.05  -7956.52   8750.58    709.40     66.16    336.31  -4235.62  -9189.12      0.00 0
102718 5626.0    0_1_2_3_4_5_6_7_8_9_10_11_12_13_14_15_16_17_18_19_20_21_22_23_24_25_26_27_28_29_30_31_32_33_34_35_36_37_38_39_40_41_42_43_44_45_46_47_48_49_50_51_52_53_54_55_56_57_58_59_60_62_63_64_66_67_68_69_70_71_72_73_74_75_76_78_79_80_82_83_84_85_86_88_89_90_91_94_95_96_98_99_100_102_103_106_107_108_110_111_113_114_116_117_120_121_122_124_125_126_128_129_132_133_134_136_137_138_140_141_143_145_146_147_148_151_152_153_154_155_157_158_161_162_164_165_167_168_170_172_175_176_177_178_179_181_184_186_187_188_190_193_194_196_198_208_209_210_211_213_215_216_217_219_221_222_223_232_234_236_239_240_254  1.41e+10  1.19e+10 116816.78  57253.25  14960.20    697.59     83.44     26.11   4740.43    396.94      0.00 0
102719 5626.0    219_226_230_234_237_242_246_249_250_252_254_257_260_261_263_266_267_269_270_273_275_276_277_278_280_281_283_284_285_286_287_288_289_290_291_293_294_295  1.23e+09  9.86e+08  46592.36 -19940.64  12504.53    657.61     76.14    336.83  -1079.25  -9720.66      0.00 0
102720 5626.0    59_63_75_83_89_95_99_103_107_111_114_117_121_125_129_133_137_141_143_158_168  5.37e+09  4.48e+09  13082.20  20463.94   9685.10    672.91     68.26     57.41   2784.20  -2410.28      0.00 0
102721 5626.0    52_62_66_82_88_106_110_136_140_151_161_172_198_211_223  1.12e+09  9.04e+08  11025.03  18844.42   9624.78    625.87     66.21     59.67  -2872.13  -3988.84      0.00 0
102722 5626.0    0_1_2_3_4_5_6_7_8_9_10_11_12_13_14_15_16_17_18_19_20_21_22_23_24_25_26_27_28_29_30_31_32_33_34_35_36_37_38_39_40_41_42_43_44_45_46_47_48_49_50_51_52_53_54_55_56_57_58_59_60_61_62_63_64_65_66_67_68_69_70_71_72_73_74_75_76_77_78_79_80_82_83_84_85_86_88_89_90_91_92_94_95_96_98_99_100_102_103_104_106_107_108_110_111_112_114_116_117_118_120_121_122_124_125_126_128_129_130_133_134_136_137_138_140_141_142_143_145_146_147_148_151_152_153_154_155_157_158_161_162_163_164_165_167_168_169_170_172_173_174_175_177_178_179_181_182_184_186_187_188_190_191_193_194_196_197_198_200_205_206_208_210_211_213_216_217_219_222_223_226_227_230_234_236_237_240_242_246_249_252_254_257_263_266_269_273_278_280_283_285_290_292  2.24e+10  1.91e+10 102250.93 113083.98  14841.11    728.57     84.44     47.88  -1582.90  -4278.80      0.00 0
102723 5626.0    0_1_2_3_4_5_6_7_8_10_11_12_14_15_16_18_19_20_22_23_24_26_27_30_31_32_34_36_37_39_42_43_46_47_48_50_51_52_54_56_57_58_60_61_64_65_68_69_70_73_74_76_77_80_81_84_85_87_90_92_93_94_96_97_98_104_108_112_113_122_124_130_131_132_138_142_147_153_163_177_186  1.35e+09  1.10e+09  39798.49  21689.83  12051.62    662.87     75.11     28.59   -804.01   1141.09      0.00 0
102724 5626.0    114_133_134_143_146_154_155_164_165_170_176_178_179_187_188_193_202_203_209_228  2.82e+09  2.36e+09  -3375.16  23220.97   9205.27    731.44     68.58     98.27   5398.54   -919.19      0.00 0
102725 5626.0    278_283_285_288_290_292_294_296  1.38e+09  1.12e+09  24904.02 -14233.82  10406.37    654.51     70.06    330.25  -4387.11 -10902.62      0.00 0
102726 5626.0    0_1_2_3_4_5_6_7_8_9_10_11_12_13_14_15_16_17_18_19_20_21_22_23_24_25_26_28_29_30_31_32_33_34_35_37_38_40_41_44_45_47_48_49_50_52_53_54_55_58_59_60_62_63_66_67_69_70_71_72_73_74_75_76_78_79_82_83_84_85_86_88_89_91_94_95_96_98_99_100_102_103_106_107_110_111_113_114_116_117_120_121_124_125_126_128_129_132_133_134_136_137_140_141_143_145_146_148_151_152_154_155_157_158_161_162_164_165_167_168_170_172_173_175_176_178_181_182_184_185_187_188_190_191_193_194_196_197_198_199_202_203_205_208_209_211_213_215_216_217_218_219_221_222_223_228_229_232_233_234_236_239_240_245_247_248  6.03e+09  5.01e+09 -130481.12 -26831.40  14800.80    723.35     83.66    191.62  -3385.36  -3362.99      0.00 0
102727 5626.0    105_109_115_119_123_127_131_135_139_144_149_150_156_160_166_171_180_183_189_195_201_204_207_225  1.58e+09  1.29e+09 -40757.02 -34970.02  12754.30    652.62     76.64    220.63  -4083.48   3802.54      0.00 0
102728 5626.0    0_1_2_3_4_5_6_7_8_9_10_11_12_13_14_15_16_17_18_19_20_21_22_23_24_25_26_27_28_29_30_31_32_33_34_35_36_37_38_39_40_41_42_43_44_45_46_47_48_49_50_51_52_53_54_55_56_57_58_59_60_61_62_63_64_65_66_67_68_69_70_71_72_73_74_75_76_77_78_79_80_81_82_83_84_85_86_87_88_89_90_91_92_94_96_98_101_102_103_104_106_108_110_112_115_116_117_118_120_122_128_129_130_136_138_140_142_148_149_151_153_157_158_159_161_163_167_169_172_174_181_182_183_184_190_192_196_198_200_205_207_211_213_217_219_223_226_230_234_237_242_249_252_254_257_260_263_266_269_273_276_278_280_283_285_288_290_292_296  7.94e+09  6.66e+09  35403.54  83730.37  14024.50    722.39     81.23     67.08  -3748.13  -9102.53      0.00 0
102729 5626.0    0_3_4_5_6_8_9_10_12_13_17_18_21_22_25_26_28_29_30_33_34_35_38_41_42_44_45_49_50_53_54_55_59_60_63_64_66_67_68_71_72_75_76_78_79_83_84_86_89_90_91_95_96_99_100_102_103_107_108_111_112_114_116_117_121_122_125_126_128_129_133_134_137_138_141_142_147_148_153_155_157_158_163_167_168_174_177_179_181_182_186_190_200_205_213_226_230_249_252  1.29e+10  1.10e+10 -23693.56 -50718.53  12451.46    719.03     77.46    244.96   2826.62   1102.64      0.00 0
102730 5626.0    0_1_2_3_4_5_6_7_8_9_10_11_12_13_14_15_16_17_18_19_20_21_22_23_24_25_26_27_28_30_31_32_33_34_36_37_38_39_42_47_48_49_50_51_52_54_57_58_60_69_70_71_72_73_74_76_81_82_84_85_86_93_94_97_98_100_113_124_131_132  1.55e+10  1.32e+10 -36748.25  -3693.88  10828.09    734.01     73.66    185.74  -2545.60    -46.17      0.00 0
102731 5626.0    0_1_2_3_4_5_6_8_9_10_12_13_14_17_18_21_22_25_26_28_29_30_33_34_35_36_38_41_42_44_45_46_49_50_53_54_55_60_63_64_67_68_78_79_80_84_90_91_104_112  5.01e+10  4.36e+10   4953.33  21731.93   8757.52    779.87     68.55     77.16    817.88     -2.73      0.00 0
102732 5626.0    1_2_5_8_11_13_15_16_19_20_23_24_28_29_31_32_35_37_40_44_45_47_48_51_52_55_57_58_61_62_66_67_69_70_73_74_78_79_81_82_85_88_91_93_94_97_98_102_103_105_106_110_113_116_117_119_120_123_124_128_129_131_132_135_136_140_144_145_148_150_151_157_158_160_161_167_168_172_181_182_190_191_196_197_198_200_205_206_211_213_214_219_220_226_227_230_231_237_238_243_246_249_250_252_253_258_260_261_264_266_267_270_274_275_276_277_281_284_286_287_289_291_295  1.26e+10  1.06e+10  37343.04 -70588.32  13793.78    699.83     80.20    297.88  -1630.83  -3393.80      0.00 0
102733 5626.0    0_1_2_3_4_5_6_7_10_11_12_14_15_17_18_19_22_23_24_25_26_27_30_31_34_36_37_38_39_42_43_46_47_49_50_51_54_56_57_60_61_64_65_68_69_70_71_72_73_75_76_77_80_81_84_85_86_87_90_92_93_96_97_99_100_101_104_105_108_109_112_113_114_115_118_119_122_123_126_127_130_131_133_134_135_138_139_142_143_144_147_149_150_153_155_156_159_160_163_164_165_166_169_170_171_174_177_179_186_188_193_194_208_210_216_221_222_236_240  1.82e+09  1.48e+09 -95256.42   8417.63  14581.85    663.96     81.33    174.95   2362.02   2416.87      0.00 0
102734 5626.0    1_2_5_7_8_11_13_15_16_19_20_23_24_27_28_31_32_35_37_39_40_43_44_47_48_51_52_55_57_58_61_62_65_66_69_70_73_74_78_81_82_85_87_88_91_93_94_97_98_101_102_105_106_109_110_113_116_117_119_120_123_124_127_128_131_132_135_136_139_140_144_145_148_150_151_157_160_161_166_167_171_172_175_181_182_184_189_190_195_196_198_200_205_211_213_217_219_223_226_227_230_234_237_242_246_249_250_252_254_257_260_261_263_266_269_273_275_276_277_278_280_283_285_286_287_288_290_292_293_294_295_296_297_298  1.91e+10  1.62e+10  15337.69 -91165.64  14047.30    725.89     81.36    279.55  -2857.82  -3094.22      0.00 0
102735 5626.0    137_141_162_168_173_197_199_212_214_220_231_235_238_243_253_258_264_270_274_281_284  9.77e+10  8.61e+10  -2143.99 -21826.87   8687.89    782.51     68.39    264.39   2931.14  -7139.28      0.00 0
102736 5626.0    91_102_103_111_116_117_128_129_137_140_141_148_152_157_158_161_162_167_168_172_173_176_181_182_184_185_190_191_196_197_198_199_200_202_203_205_206_211_212_213_214_217_218_219_220_223_224_226_227_228_229_230_231_233_234_235_237_238_241_242_243_244_245_246_247_248_249_250_251_252_253_254_255_256_257_259_262_263_265_268_282  6.17e+09  5.14e+09  75291.59   9511.54  13791.55    677.05     79.70      7.20  -1526.56  -6331.99      0.00 0
102737 5626.0    0_1_2_3_4_5_6_7_8_9_10_11_12_13_14_15_16_17_18_19_20_21_22_23_24_25_26_27_28_29_30_31_32_33_34_35_36_37_38_39_40_41_42_43_44_45_46_47_48_49_50_51_52_53_54_55_56_57_58_59_60_61_62_63_64_65_66_67_68_69_70_71_72_73_74_75_76_77_78_79_80_81_82_83_84_85_86_87_88_89_90_91_92_93_94_95_96_97_98_99_100_101_102_103_104_105_106_107_108_109_110_111_112_113_114_115_116_117_118_119_120_121_122_123_124_125_126_127_128_129_130_131_132_133_134_135_136_137_138_139_140_141_142_143_144_145_146_148_149_150_151_152_153_154_156_157_158_159_160_161_162_163_164_166_167_168_169_171_172_173_174_175_176_178_180_181_182_183_184_185_187_189_190_191_192_195_196_197_198_199_200_201_202_203_204_205_206_207_209_211_212_213_214_218_219_220_224_225_226_227_228_229_230_231_233_235_237_238_241_243_244_245_246_248_249_250_251_252_253_255_256_258_259_260_261_264_265_266_267_268_270_271_272_274_275_276_277_279_281_282_284_286_287_289_291_293_294_295_297_298  1.32e+09  1.05e+09  99749.27 -219285.31  14017.15    677.77     86.67    294.46    206.01  -1459.15      0.00 0
102738 5626.0    0_1_2_3_5_8_9_11_12_13_16_17_20_21_23_24_25_28_29_32_33_35_37_38_40_41_44_45_48_49_52_53_55_58_59_62_63_66_67_69_70_71_74_75_78_79_82_83_85_88_89_91_94_95_98_99_102_103_106_107_110_111_113_120_121_124_125_132_133_136_145_146_151_154_175  3.24e+10  2.82e+10  44559.18    559.98  11036.41    817.57     76.09      0.72  -3145.69  -1800.88      0.00 0
102739 5626.0    114_121_125_133_134_143_146_152_154_155_162_164_165_170_173_176_178_179_185_187_188_193_194_199_202_203_208_209_210_212_215_216_218_220_221_222_224_228_229_233_235_236_240_241_243_244  4.47e+09  3.77e+09 -15780.50 -45062.04  12125.76    680.26     75.75    250.70   6158.80   -118.72      0.00 0
102740 5626.0    0_1_2_3_4_5_6_7_8_9_10_11_12_13_14_15_16_17_18_19_20_21_22_23_24_25_26_27_28_29_30_31_32_33_34_35_36_37_38_39_40_41_44_45_47_48_49_50_51_52_53_54_55_57_58_59_60_61_62_63_66_67_69_70_71_72_73_74_75_76_78_79_81_82_83_85_86_88_89_91_93_94_95_97_98_99_100_102_103_106_107_110_111_113_114_120_121_123_124_125_129_131_132_133_137_141_143_144_145_146_152_154_162_164_170_176_178_185_187_193_199_202_203_208_209_215_218_221_228_229_232_233_239_245_247_248_262  1.00e+10  8.42e+09 -77857.89  19383.29  13743.55    709.23     80.28    166.02   4217.66  -2177.09      0.00 0
102741 5626.0    0_1_2_3_4_5_6_7_8_9_10_11_12_13_14_15_16_17_18_19_20_21_22_23_24_25_26_27_28_29_30_31_32_33_34_35_36_37_39_40_41_42_43_44_45_46_47_48_51_52_53_54_55_56_57_58_60_61_62_63_64_65_66_67_68_69_70_73_74_77_78_79_80_81_82_84_85_87_88_90_91_92_93_94_97_98_101_102_103_104_105_106_109_110_112_113_115_116_117_118_119_120_123_124_127_128_130_131_132_135_136_139_140_144_145_148_149_150_151_156_157_158_159_160_161_166_167_169_171_172_175_180_181_182_183_184_189_190_192_195_196_198_200_201_204_205_207_211_213_217_219_223_225_226_227_230_234_237_242_246_249_252_254_257_260_263_266_269_273_275_276_278_280_283_285_286_288_290_292_294_296_297  2.24e+10  1.91e+10 -22034.13 -163397.55  14569.82    763.40     84.95    262.32  -2085.55   4963.64      0.00 0
102742 5626.0    32_40_48_52_58_62_66_69_70_74_78_82_85_88_94_97_98_102_106_110_113_120_124_131_132  6.17e+10  5.39e+10  20201.42 -17271.94   9448.50    765.91     70.43    319.47  -3877.16   -580.69      0.00 0
102743 5626.0    211_219_223_234_242_254_263_273_278_285  7.24e+10  6.38e+10  -3756.17 -17917.28   8315.88    739.17     65.57    258.16  -4259.60  -8114.25      0.00 0
102744 5626.0    126_134_143_147_153_155_163_164_165_170_177_178_179_186_187_188_193_194_202_208_209_210_215_216_221_222_228_229_232_236_239_240_245_247_248_262_265  1.35e+10  1.16e+10 -13476.63  51700.59  12207.25    730.78     77.13    104.61   5761.42   4004.99      0.00 0
102745 5626.0    96_108_122_126_147_153_155_177_179_188_210  8.13e+10  7.14e+10 -19612.86  -3320.79   8505.18    754.99     66.85    189.61   5345.66   2915.46      0.00 0
102746 5626.0    0_1_2_3_4_5_6_7_8_9_10_11_12_13_14_15_16_17_18_19_20_21_22_25_26_27_28_29_30_33_34_35_36_38_39_40_41_42_43_44_45_46_49_50_53_54_55_56_59_60_63_64_65_67_68_71_75_77_78_79_80_83_84_89_90_91_92_101_103_104_107_111_115_117_118_129_141_148_158_168_173_182_191_197_206_214_231_238  1.17e+10  9.99e+09  -6577.77  38120.91  11275.43    690.21     73.75     99.79    861.39  -1538.72      0.00 0
102747 5626.0    48_58_69_70_74_82_85_88_94_97_98_106_110_113_120_123_124_128_131_132_136_140_144  1.82e+10  1.56e+10  -9559.04  24033.02   9809.43    688.56     69.23    111.69  -3320.32  -1022.19      0.00 0
102748 5626.0    3_5_8_9_12_13_17_20_21_25_26_28_29_32_33_35_38_40_41_44_45_49_52_53_55_58_59_62_63_66_67_71_72_75_78_79_82_83_86_88_89_91_94_95_99_100_102_103_106_107_110_111_114_116_117_120_121_125_128_129_133_134_136_137_140_141_143_145_146_151_152_154_161_164_165_167_170_172_175_176_178_184_187_193_194_198_208_209_215_216_217_221_222_232_236_239_240  2.51e+10  2.14e+10  55040.05  17639.65  12580.79    716.83     77.72     17.77   4060.87  -1368.65      0.00 0
102749 5626.0    99_114_121_125_133_134_143_146_152_154_162_164_165_170_173_176_178_185_187_199_202_203_209_212_218_220_224_228_233_235_241_243_244_248_251_255_256_258_259_264_268_271_272_274_279_284  3.31e+09  2.75e+09   -730.15  48640.94  12282.33    667.59     75.83     90.86   5011.30  -7040.33      0.00 0
102750 5626.0    145_151_161_167_172_175_184_190_196_198_205_211_213_217_219_223_226_230_234_237_242_246_249_252_254_257_260_261_263_266_269_273_275_276_277_278_280_283_285_286_287_288_289_290_292_293_294_295_296_297_298  1.20e+09  9.75e+08  54310.42 -77047.00  14542.44    664.02     81.23    305.18  -3492.67  -8466.64      0.00 0
102751 5626.0    116_117_148_158_168_182_191_197_206_214_220_238_243  2.14e+09  1.77e+09 -16417.08  13775.56   9362.96    654.91     66.40    140.00   1329.10  -5833.90      0.00 0
102752 5626.0    1_7_11_15_16_19_20_23_24_27_31_32_36_37_39_43_47_48_51_52_56_57_58_61_62_65_69_70_73_74_77_81_82_85_87_92_93_94_97_98_101_105_106_109_113_115_118_119_120_124_127_135_136_139_149_156_166_171_180_183_189_195_201_204_225  1.86e+09  1.53e+09  -9000.95 -40836.69  11840.87    649.87     74.19    257.57  -1607.96   3181.27      0.00 0
102753 5626.0    0_1_2_3_4_5_6_7_8_9_10_11_12_13_14_15_16_17_18_19_20_21_22_23_24_25_26_27_28_29_30_31_32_33_34_35_36_37_38_39_40_41_42_43_44_45_46_47_48_50_51_52_54_55_56_57_58_60_61_62_64_65_66_68_69_70_72_73_74_76_77_78_79_80_81_82_84_85_87_88_90_92_93_94_96_97_98_101_102_104_105_106_108_109_110_112_113_115_118_120_122_124_127_128_130_132_136_138_140_142_145_149_151_153_156_159_161_163_167_169_172_174_175_180_183_184_186_192_196_198_207_211_217_219_223_234_242_254  2.09e+10  1.79e+10  39999.51  63004.84  13320.43    738.00     79.88     57.59    258.03   2089.69      0.00 0
102754 5626.0    173_185_191_197_199_203_206_212_214_218_220_224_228_231_233_235_238_241_244_245_248_251_262  2.82e+09  2.33e+09  26709.67   8668.19  10231.76    669.06     69.98     17.98   4491.09  -5847.77      0.00 0
102755 5626.0    94_98_120_124_132_136_140_145_151_161_167_172_175_184_196_198_211_213_217_219_223_234_237_242_252_254_257_263_269_273_283  1.29e+09  1.05e+09   4299.94 -31636.71  10788.26    656.29     71.33    277.74  -3514.66  -5408.88      0.00 0
102756 5626.0    115_127_135_139_144_149_150_156_160_166_171_180_183_189_192_195_201_204_207_225  7.08e+09  5.95e+09 -48751.64 -24073.39  12682.64    669.08     76.87    206.28  -4142.09   4986.53      0.00 0
102757 5626.0    88_91_94_102_103_106_110_116_117_120_124_128_129_136_140_141_145_148_151_157_158_161_167_168_172_173_175_181_182_184_190_191_196_197_198_199_200_205_206_211_212_213_214_217_219_220_223_224_226_227_230_231_234_235_237_238_241_242_243_244_246_249_250_252_253_255_256_257_258_259_260_261_264_266_267_268_270_271_272_274_275_277_279_281_284_289_291  5.13e+09  4.24e+09  86681.31 -46458.64  14259.58    718.86     81.75    331.81   3892.42  -8701.35      0.00 0
102758 5626.0    253_258_264_270_274_279_284  2.57e+09  2.13e+09  18540.27  -9733.86   9261.91    658.05     66.14    332.30   4482.73 -10014.75      0.00 0
102759 5626.0    91_116_117_128_140_148_157_167_172_181_190_196_211_213_219_223_234_237_242_254_257_263_278  1.12e+10  9.56e+09  21845.43  19395.28  10070.25    717.30     70.98     41.60  -3112.98  -6756.81      0.00 0
102760 5626.0    116_117_128_129_140_141_148_151_157_158_161_162_167_168_172_173_175_181_182_184_185_190_191_196_197_198_199_200_203_205_206_211_212_213_214_217_218_219_220_223_224_226_227_230_231_233_234_235_237_238_241_242_243_244_246_248_249_250_251_252_253_254_255_256_257_258_259_260_261_262_263_264_265_266_267_268_269_270_271_272_273_274_275_276_277_278_279_280_281_282_283_284_285_286_287_288_289_290_291_292_293_294_295_296_297_298  4.47e+09  3.63e+09 -180660.23  13996.21  15152.24    670.06     85.22    175.57   -356.17  -8493.70      0.00 0
102761 5626.0    0_2_3_4_5_8_9_12_13_17_18_20_21_25_26_28_29_33_35_40_41_44_45_55_62_66_67_78_79_88_91_102_110_116_128_140_157_167_196  2.00e+10  1.72e+10  12032.15  21163.21   9393.76    721.36     68.90     60.38   -620.12  -2792.11      0.00 0
102762 5626.0    25_26_33_34_38_49_50_53_59_60_63_71_72_75_76_83_86_95_99_107_111_121_125_137_141_152_162  2.69e+10  2.32e+10  -5439.75  20661.62   9020.83    707.62     67.11    104.75   2761.73  -1896.84      0.00 0
102763 5626.0    61_65_77_81_87_92_93_101_104_105_109_115_118_130_159  2.14e+10  1.86e+10  14886.49  10063.77   8280.05    734.59     65.26     34.06   -869.75   3315.39      0.00 0
102764 5626.0    0_1_2_3_4_5_6_7_8_9_10_11_12_13_14_15_16_17_18_19_20_21_22_23_24_25_26_27_28_29_30_31_32_33_34_35_36_37_38_39_40_41_44_45_47_48_49_50_51_52_53_55_57_58_59_60_61_62_63_66_67_69_70_71_72_73_74_75_76_78_79_81_82_83_85_86_88_89_93_94_95_97_98_99_106_107_113_114_119_121_123_124_125_131_132_133_144_146_152_154_164_178_187_193_209_215_232  6.31e+09  5.24e+09  59645.91 -13004.92  13009.40    682.21     77.97    347.70  -3290.80     15.72      0.00 0
102765 5626.0    0_1_2_3_4_5_6_7_8_9_10_11_12_13_14_15_16_17_19_20_21_23_24_27_28_29_31_32_33_35_36_37_39_40_41_43_44_45_47_48_51_52_53_55_57_58_61_62_63_65_66_67_69_70_73_74_77_78_79_81_82_83_85_87_88_89_91_93_94_97_98_102_103_105_106_107_109_110_111_113_116_117_119_120_123_124_128_129_131_132_135_136_137_139_140_141_144_145_148_150_151_157_158_160_161_162_167_168_171_172_173_175_181_182_184_190_191_196_197_198_199_200_205_206_211_212_213_214_217_219_220_223_224_226_227_230_231_234_235_237_238_242_243_244_246_249_250_252_253_254_255_257_258_259_260_261_263_264_266_267_269_270_271_273_274_275_276_277_279_280_281_283_284_286_287_288_289_290_291_293_294_295_296_297_298  2.82e+10  2.40e+10 -92161.41 147146.00  14732.30    733.30     85.15    122.06   2030.10 -10078.52      0.00 0
102766 5626.0    0_1_2_3_4_5_6_7_8_9_10_11_12_13_14_15_16_17_18_19_20_21_22_23_24_25_26_27_28_29_30_31_32_33_35_36_37_39_40_41_42_43_44_45_46_47_48_51_52_53_55_56_57_58_61_62_63_65_66_67_68_69_70_73_74_77_78_79_80_81_82_85_87_88_89_91_92_93_94_97_98_101_102_103_104_105_106_109_110_113_115_116_117_118_119_120_123_124_127_128_129_131_132_135_136_139_140_144_148_149_150_151_156_157_158_160_161_166_167_171_172_180_181_182_183_189_190_191_195_196_200_201_204_205_206_211_213_219_225_226_227_230_231_237_246_249_250_252_257_260_261_266_267_269_275_276_277_280_286_287_288_289_293_294_295_296_297_298  9.55e+09  8.01e+09  11217.54 -87931.88  14024.06    712.02     81.01    277.27  -2016.07   3612.71      0.00 0
102767 5626.0    0_1_2_3_4_5_6_7_8_9_10_11_12_13_14_15_16_17_18_19_20_21_23_24_25_26_28_29_31_33_35_37_38_41_45_47_49_51_53_57_59_63_67_71_73_75_83_95_107_121  2.34e+09  1.95e+09 -20413.79  11691.09   9418.67    697.28     68.18    150.20    729.22   -657.61      0.00 0
102768 5626.0    0_2_3_4_5_8_9_12_13_16_17_20_21_25_26_28_29_32_33_35_38_40_41_44_45_48_49_50_52_53_55_58_59_62_63_66_67_71_72_74_75_76_78_79_82_83_86_88_89_91_94_95_99_100_102_103_106_107_110_111_114_116_117_120_121_124_125_128_129_133_134_136_137_140_141_143_145_146_148_151_152_154_155_157_158_161_162_164_165_167_168_170_172_173_175_176_178_181_182_184_185_187_188_190_191_193_194_196_197_198_199_200_202_203_205_206_208_209_211_212_213_214_215_216_217_218_219_220_221_222_223_224_226_227_228_229_230_231_232_233_234_235_236_237_238_239_240_241_242_243_244_245_246_247_248_249_250_251_252_253_254_255_256_257_258_259_260_261_262_263_264_265_266_267_268_269_270_271_272_273_274_275_276_277_278_279_280_281_282_283_285_286_288_290_292  9.12e+09  7.56e+09 -216611.47 -71008.82  13902.29    732.77     86.51    198.15   2834.50  -4686.70      0.00 0
102769 5626.0    0_1_2_3_4_5_6_7_8_9_10_11_12_13_14_15_17_18_19_21_22_25_26_27_28_29_30_33_34_35_36_38_39_41_42_43_45_46_49_50_53_54_55_56_59_60_61_63_64_65_67_68_71_72_75_76_77_79_80_83_84_86_87_89_90_92_95_96_99_100_101_103_104_107_108_109_111_112_114_115_117_118_121_122_125_126_127_129_130_133_134_137_138_141_142_143_146_147_149_152_153_154_155_156_158_159_162_163_164_166_168_169_173_174_176_178_180_183_185_187_189_191_192_195_197_199_201_202_203_204_207_212_214_218_220_224_225_228_233_235_238_241_243_244_248_251_253_255_256_258_259_264_268_270_271_272_274_279_284  4.07e+10  3.51e+10 -25716.89  82516.71  13550.23    772.78     81.09    107.31   2155.32    560.13      0.00 0
102770 5626.0    0_1_2_3_4_5_6_7_8_9_10_11_13_14_15_16_19_20_23_24_27_28_29_30_31_32_35_36_37_39_40_41_43_44_45_46_47_48_51_52_55_56_57_58_61_62_65_66_67_69_70_73_74_77_78_79_80_81_82_85_87_88_91_92_93_94_97_98_101_102_103_105_106_109_110_113_115_116_117_118_119_120_123_124_127_128_131_132_135_136_139_140_144_145_148_149_150_151_156_157_158_160_161_166_167_171_172_175_180_181_182_184_189_190_195_196_198_200_201_204_205_206_211_213_217_219_223_225_226_227_230_234_237_242_246_249_250_252_254_257_260_261_263_266_269_273_275_276_277_278_280_283_285_286_287_288_290_292_293_294_295_296_297_298  1.48e+10  1.25e+10  -5280.28  95642.71  13888.65    764.19     81.75     93.16  -2173.10  -4538.48      0.00 0
102771 5626.0    191_197_200_206_212_214_220_224_226_227_230_231_235_238_243_246_249_250_252_253_257_258_260_261_266_267_269_273_276_280_283_285  6.46e+09  5.44e+09  29138.83  15168.72  10699.17    685.55     71.96     27.50    660.70  -8213.55      0.00 0
102772 5626.0    0_1_2_3_4_5_6_7_8_9_10_11_12_13_14_15_16_17_18_19_20_21_22_23_24_25_26_27_28_29_30_31_32_33_34_35_36_37_38_39_40_41_42_43_44_45_46_47_48_49_50_51_52_53_54_55_56_57_58_59_60_61_62_63_64_65_66_67_68_69_70_71_72_73_74_75_76_77_78_79_80_81_82_83_84_85_86_87_88_89_90_91_92_93_94_95_96_97_98_99_100_101_102_103_104_105_106_107_108_109_110_111_112_113_114_115_116_117_118_119_120_121_122_123_124_125_127_128_129_130_131_132_135_136_137_138_139_140_141_142_144_145_148_149_150_151_152_156_157_158_159_160_161_162_163_166_167_168_169_171_172_173_174_175_180_181_182_183_184_189_190_191_192_195_196_197_198_199_200_201_204_205_206_207_211_212_213_214_217_219_220_223_225_226_227_230_231_234_235_237_238_242_243_246_249_250_252_253_254_257_258_260_261_263_264_266_267_269_270_273_274_275_276_277_278_279_280_281_283_284_285_286_287_288_289_290_291_292_293_294_295_296_297_298  4.68e+10  4.02e+10 -15263.03 263907.38  12420.11    798.33     87.31     93.31  -1515.37  -8322.73      0.00 0
102773 5626.0    0_1_2_3_4_5_6_7_8_9_10_11_12_13_14_15_16_17_18_19_20_21_22_23_24_25_26_27_28_29_30_31_32_33_34_35_36_37_38_39_40_41_42_43_44_45_46_47_48_49_50_51_52_53_54_55_56_57_58_59_60_61_62_63_64_65_66_67_68_69_70_71_72_73_74_75_76_77_78_79_80_81_82_83_84_85_86_87_89_90_92_93_94_95_96_97_98_99_100_101_104_105_107_108_109_111_112_113_114_115_118_119_121_122_123_125_126_127_130_131_132_133_134_135_137_138_139_142_143_144_146_147_149_150_152_153_154_155_156_159_160_163_164_165_166_169_170_171_174_176_177_178_179_180_183_185_186_187_188_189_192_193_194_195_202_203_208_209_210_215_216_221_222_228_229_232_236_239_240_245_247_262  1.12e+10  9.45e+09 154903.09 -49048.90  14758.52    737.87     84.81    342.43   -580.14   1996.87      0.00 0
102774 5626.0    86_95_96_99_100_114_121_122_125_126_133_134_137_138_143_146_147_152_153_154_155_162_163_164_165_170_173_176_177_178_179_185_186_187_188_193_194_199_202_203_208_209_210_212_215_216_218_220_221_222_224_228_229_232_233_235_241_243_244_245_248_251_255_256_258_259_264_265_268_271_272_274_279  3.16e+09  2.60e+09    496.91 -67787.12  13484.06    667.05     78.75    270.42   5294.57  -2784.39      0.00 0
102775 5626.0    271_274_279_281_284_287_289_291_293_294_295_297_298  8.13e+09  6.88e+09 -32445.62 -18446.66  11112.25    694.82     73.42    209.62   3424.34 -11193.83      0.00 0
102776 5626.0    0_1_2_3_4_5_6_7_8_9_10_11_12_13_14_15_16_17_18_19_20_21_22_23_24_25_26_27_28_29_30_31_32_33_34_35_36_37_38_39_40_41_42_43_44_45_46_47_48_49_50_51_52_53_54_55_56_57_58_59_60_61_62_63_64_65_66_67_68_69_70_71_72_73_74_75_76_77_78_79_80_81_82_83_84_86_87_88_89_90_91_92_94_95_96_99_100_101_102_103_104_105_106_107_108_109_110_111_112_114_115_116_117_118_121_122_125_126_127_128_129_130_133_134_136_137_138_140_141_142_143_146_147_148_149_152_153_154_155_156_157_158_159_162_163_164_165_166_167_168_169_170_172_173_174_176_177_178_179_180_181_182_183_185_186_187_188_189_190_191_192_193_194_196_197_199_200_201_202_203_204_205_206_207_208_209_210_211_212_213_214_215_216_218_219_220_221_222_224_225_226_227_228_229_230_231_233_235_237_238_241_242_243_244_246_248_249_250_251_252_253_255_256_257_258_259_260_261_264_266_267_269_270_271_272_273_274_275_276_277_279_280_281_283_284_285_286_287_288_289_290_291_292_293_294_295_296_297_298  1.29e+09  1.00e+09  24437.25 218551.61  14799.40    642.68     86.15     83.62   1492.10  -8011.28      0.00 0
102777 5626.0    0_1_2_3_4_5_6_7_8_9_10_11_12_13_14_15_16_17_18_19_20_21_22_23_24_25_26_27_28_29_30_31_32_33_34_35_36_37_38_39_40_41_42_43_44_45_46_47_48_49_50_51_52_53_54_55_56_57_58_59_60_61_62_63_64_65_66_67_68_69_70_71_72_73_74_75_76_77_78_79_80_81_82_83_84_85_86_87_88_89_90_91_92_93_94_95_96_97_99_100_101_102_103_104_105_106_107_108_109_110_111_112_114_115_116_117_118_119_121_122_125_126_127_128_129_130_133_135_137_138_139_141_142_146_148_149_150_152_154_156_157_158_159_160_162_166_167_168_169_171_173_174_176_180_181_182_183_185_189_190_191_192_195_197_199_200_201_203_204_205_206_207_212_214_218_220_224_225_226_227_231_233_235_238_241_243_244_246_249_250_253_255_256_258_259_260_261_264_267_270_271_272_274_275_277_279_281_284_287_289_291_293_295_298  3.98e+09  3.32e+09  34884.43 -123939.26  14783.61    720.14     83.45    285.72   2218.44  -5944.26      0.00 0
102778 5626.0    88_91_102_103_106_110_111_116_117_120_128_129_136_140_141_145_148_151_157_158_161_162_167_168_172_173_175_181_182_184_185_191_197_199_212_218_220_224_233_235_241_244_251  2.63e+09  2.17e+09 -33952.81   8283.08  10751.58    713.27     72.90    166.29    524.73  -4759.64      0.00 0
102779 5626.0    23_24_31_32_37_47_48_51_52_57_58_62_69_70_73_74_81_82_85_88_93_94_98_106_110_120_136_140  7.76e+10  6.84e+10    590.58  21825.64   8879.04    744.80     67.87     88.45  -2393.64  -1480.05      0.00 0
102780 5626.0    50_54_60_64_68_72_76_84_86_90_96_99_100_104_108_112_114_118_122_125_126_130_133_134_138_142_143_147_149_153_154_155_159_163_164_165_169_174_180_183_192_201_204_207_225  7.59e+10  6.65e+10  18044.25 -32312.86  10626.34    769.51     73.98    299.18   2238.26   3596.03      0.00 0
102781 5626.0    9_12_13_17_21_25_26_28_29_33_35_38_41_44_45_49_50_53_55_59_63_66_67_71_72_75_76_78_79_83_86_88_89_91_95_96_99_100_102_103_107_110_111_114_116_117_121_125_126_128_129_133_134_137_140_141_143_146_147_148_152_154_155_157_158_161_162_164_165_167_168_170_172_173_176_177_178_179_181_182_185_187_188_190_191_193_194_196_197_198_199_200_202_203_205_206_208_209_210_211_212_213_214_215_216_218_219_220_221_222_223_224_226_227_228_229_230_231_232_233_234_235_236_237_238_239_240_241_242_243_244_245_246_247_248_249_250_251_252_253_254_255_256_257_258_259_260_261_262_263_264_265_266_267_268_269_270_271_272_273_274_275_276_277_278_279_280_281_282_283_284_285_286_287_288_289_290_291_292_293_294_295_296_297_298  5.25e+09  4.28e+09 167966.91 160288.45  14119.09    692.07     86.52     43.66   3038.57  -5480.73      0.00 0
102782 5626.0    0_1_2_3_4_5_6_7_8_9_10_11_12_13_14_15_16_18_19_20_22_27_28_30_32_35_36_40_42_43_44_46_56_64_68_80  1.17e+09  9.66e+08  -6995.29 -18581.11   9161.34    645.59     65.23    249.37     -3.95    486.57      0.00 0
102783 5626.0    0_1_2_3_4_5_6_7_8_9_10_11_12_13_15_16_17_18_19_20_21_23_24_25_26_28_29_31_32_33_35_37_38_40_41_44_45_47_48_49_51_52_53_55_57_58_59_62_63_66_67_69_70_71_73_74_75_78_79_82_83_85_88_89_93_94_95_97_98_99_103_107_111_113_121_123_125_131_132_133_137_146_152_154_162_176_178_185_187_202_203_209_228_229_245_247  1.20e+09  9.74e+08  43795.57 -16096.27  12206.17    656.30     75.34    339.82   1013.03  -1473.92      0.00 0
102784 5626.0    0_1_2_3_4_5_6_7_8_9_10_11_12_13_14_15_17_18_19_21_22_25_26_27_28_29_30_33_34_35_36_38_39_41_42_43_45_46_49_50_51_53_54_55_56_59_60_61_63_64_65_67_68_71_72_75_76_77_79_80_83_84_86_87_89_90_92_95_99_101_103_104_107_109_111_115_121_125_127_129_137_141_146_152_156_162_166_168_173_185_197_199_212_218_220_224_235_241_243_244_255_256_259_264_271_279  1.48e+10  1.26e+10 -19685.71  40830.91  11545.72    740.37     75.71    115.74   2161.87  -2408.89      0.00 0
102785 5626.0    12_17_18_21_22_25_26_33_34_38_41_49_50_53_54_59_60_63_67_71_72_75_83_89_107_111  1.95e+09  1.62e+09  -2340.48  18871.03   8859.05    669.47     65.02     97.07   1767.91  -1001.25      0.00 0
102786 5626.0    0_1_2_3_4_5_6_7_8_9_10_11_12_13_14_15_16_17_18_19_20_21_22_23_24_25_26_27_30_31_32_33_34_36_37_38_39_42_43_46_47_48_49_50_51_54_56_57_58_59_60_61_64_65_68_69_70_71_72_73_74_75_76_77_80_81_84_85_86_87_90_92_93_96_97_98_99_100_101_104_105_108_109_112_113_114_119_122_123_126_131_132_133_134_135_138_143_144_147_153_155_164_165_170_177_179_186_188_193_194_208_210_216_221_222_236_240  1.48e+10  1.26e+10  73421.55   3257.02  13409.09    717.02     79.66      2.54   5071.00   1575.47      0.00 0
102787 5626.0    0_2_3_5_8_9_13_16_20_28_29_35_40_44_45_52_55_62_66_78_79_82_88_91_102_106_110_116_128_136_140_157_161_167_172_181_190_196_198_205_211_213_219_223_230_234_237_242_252_254_257_263_269_273_278_283_285_292  7.08e+10  6.17e+10  21747.95  40936.41  11574.72    749.10     75.98     62.02  -3627.25  -7875.23      0.00 0
102788 5626.0    103_107_111_117_121_129_137_141_146_152_162_168_173_176_178_185_199_202_203_209_218_228_229_232_233_245_247_248_262  1.95e+10  1.69e+10 -32276.74  -1448.74  10416.92    720.70     72.13    182.57   5594.07  -3816.57      0.00 0
102789 5626.0    41_45_53_55_59_63_67_75_78_79_83_89_91_95_99_102_103_107_110_111_114_116_117_121_125_128_129_133_137_140_141_143_146_148_152_154_157_158_161_162_164_165_167_168_170_172_173_176_178_181_182_185_187_190_191_193_194_196_197_198_199_200_202_203_205_206_208_209_211_212_213_214_215_216_217_218_219_220_221_222_223_224_226_227_228_229_230_231_232_233_234_235_236_237_238_239_240_241_242_243_244_245_246_247_248_249_250_251_252_253_254_255_256_257_258_259_260_261_262_263_264_265_266_267_268_269_270_271_272_273_274_275_276_277_278_279_280_281_282_283_284_285_286_287_288_289_290_291_292_293_294_295_296_297_298  6.61e+10  5.73e+10 -170162.95 -98838.50  13933.15    811.85     85.95    210.15   1680.78  -6956.21      0.00 0
102790 5626.0    213_219_226_230_234_237_242_246_249_252_257_260_261_266_267_269_275_276_277_281_287_289  1.82e+09  1.50e+09  21536.32 -16771.61  10265.52    648.60     69.39    322.09   -966.79  -8969.80      0.00 0
102791 5626.0    21_33_38_41_45_49_53_55_59_63_67_71_72_75_79_83_86_89_91_95_99_100_102_103_107_111_114_116_117_121_125_126_128_129_133_134_137_141_143_146_147_148_152_154_155_157_158_162_164_165_167_168_170_173_176_178_179_181_182_185_187_188_190_191_193_194_196_197_199_200_202_203_205_206_208_209_210_212_213_214_215_216_218_219_220_221_222_224_226_227_229_230_231_232_235_236_237_238_239_240_242_246_249_250_252_253_257_260_261_263_266_267_269_273_275_276_278_280_283_285_286_288_290_292_296  2.40e+09  1.94e+09 -59967.12 -68911.38  14533.81    653.56     80.96    228.97   4396.05  -1888.30      0.00 0
102792 5626.0    0_1_2_5_6_7_8_11_13_14_15_16_19_20_23_24_27_28_31_32_35_37_39_40_43_44_47_48_51_52_55_57_58_61_62_65_66_69_70_73_74_77_78_81_82_85_87_88_94_101_102_105_106_109_110_116_120_128_136_140_157_167_172_190_196_213  1.10e+09  8.85e+08   2378.79  35164.64  10937.12    689.02     72.76     86.13  -1701.78  -1986.56      0.00 0
102793 5626.0    96_99_100_114_122_125_126_133_134_138_143_146_147_153_154_155_163_164_165_170_177_179_186_188  1.70e+10  1.46e+10   1532.09 -30139.85  10068.40    737.31     71.55    272.91   4454.71   2118.47      0.00 0
102794 5626.0    0_3_4_5_6_9_10_12_13_14_17_18_21_22_25_26_29_30_33_34_35_36_38_41_42_44_45_46_49_50_53_54_55_59_60_63_64_67_68_71_72_75_76_78_79_80_83_84_86_89_90_91_95_96_99_100_103_104_107_108_111_112_114_116_117_118_121_122_125_126_129_130_133_134_137_138_141_142_143_146_147_148_152_153_154_155_158_159_162_163_164_165_168_169_173_174_176_177_179_181_182_185_186_188_191_192_197_199_200_206_207_212_214_220_226_227_231_235_238_243_246_249_250_253_258_260_261_267_270_275_276_277_281_284_286_287_289_291_293_295_297_298  6.17e+10  5.34e+10 -13583.14 -82406.07  13512.02    762.86     80.81    260.64   3423.05   3800.76      0.00 0
102795 5626.0    0_1_2_3_4_5_6_7_8_9_10_11_12_13_14_15_16_17_18_19_20_21_22_23_24_25_26_27_28_29_30_31_32_33_34_35_36_37_39_40_41_42_43_44_45_46_47_48_51_52_53_54_55_56_57_58_61_62_64_65_66_67_68_69_70_73_74_77_78_79_80_81_82_85_87_88_90_91_92_93_94_97_98_101_102_103_104_105_106_109_110_113_115_116_117_118_119_120_123_124_127_128_130_132_135_136_139_140_145_148_149_151_156_157_158_159_160_161_166_167_171_172_180_181_182_183_184_189_190_192_195_196_198_200_201_204_205_206_207_211_213_217_219_223_225_226_227_230_234_237_242_246_249_252_254_257_260_261_263_266_269_273_275_276_278_280_283_285_286_287_288_290_292_293_294_296_297  5.50e+09  4.58e+09  10131.94  92514.06  14124.95    717.22     81.37     83.75  -2339.25  -8869.35      0.00 0
102796 5626.0    105_109_119_123_131_135_139_144_150_160  1.32e+10  1.13e+10 -17916.27 -13987.66   9308.30    695.62     67.73    217.98  -4349.07   2449.78      0.00 0
102797 5626.0    0_1_2_4_6_7_10_11_14_15_16_18_19_22_23_24_27_30_31_32_34_36_37_39_42_43_46_47_48_51_54_56_57_58_60_61_64_65_68_69_70_73_74_77_80_81_84_85_87_90_92_93_94_97_98_104_108_112_113_122_124_130_132_138_142_145_153_163_174_186  7.94e+10  6.99e+10 -29391.08 -20779.26  10389.32    793.57     73.90    215.26   -454.21   1496.32      0.00 0
102798 5626.0    87_93_97_101_105_109_115_119_123_127_131_135_139_144_149_150_156_160_166_171_180_183_189_195_201_204_207_225  9.77e+10  8.60e+10 -22562.58 -25439.67  10298.69    772.62     73.15    228.43  -1951.25   4711.22      0.00 0
102799 5626.0    29_35_41_44_45_53_55_59_62_63_66_67_78_79_83_88_89_91_95_99_102_103_106_107_110_111_116_117_120_121_125_128_129_133_136_137_140_141_146_148_151_152_154_157_158_161_162_164_167_168_172_173_175_176_178_181_182_184_185_187_190_191_193_196_197_198_199_200_202_203_205_206_208_209_211_212_213_214_215_217_218_219_220_221_223_224_226_227_228_229_230_231_232_233_234_235_236_237_238_239_241_242_243_244_245_246_247_248_249_250_251_252_253_254_255_256_257_258_259_260_261_262_263_264_265_266_267_268_269_270_271_272_273_274_275_276_278_280_282_283_285  2.57e+09  2.08e+09 152140.44  38356.22  15328.99    663.82     84.42     14.15   5321.48  -4682.90      0.00 0
