#event_number primary_type du_ids energy_primary em_energy Xmax_pos(x, y, z), Xmax_grams zenith azimuth shower_core_pos_x shower_core_pos_y shower_core_pos_z, N_tested_cores, units are degrees, GeV and meters
107100 5626.0    151_161_172_184_196_198_211_213_217_219_223_230_234_237_242_249_252_254_257_263_266_269_273_276_278_280_283_285_286_288_290_292_294_296_297  1.78e+08  1.39e+08   9992.34 -40407.42  11778.57    656.27     74.20    283.89  -2652.50  -9810.23      0.00 0
107101 5626.0    158_162_168_173_176_181_182_185_191_197_199_200_202_203_205_206_212_213_214_218_220_224_226_227_228_229_230_231_232_233_235_237_238_241_242_243_244_245_246_247_248_249_250_251_252_253_255_256_257_258_259_260_261_262_263_264_265_266_267_268_269_271_272_273_278_280_282_283_285  2.04e+08  1.58e+08 -62674.23 -22774.40  13736.75    625.51     78.36    199.97   6194.81  -5666.70      0.00 0
107102 5626.0    0_1_2_3_4_5_6_7_8_9_10_11_12_13_14_15_16_17_18_20_21_22_23_24_25_26_27_28_29_30_32_33_34_35_36_38_40_41_42_44_45_46_48_49_50_52_53_54_55_58_59_60_62_63_64_66_67_68_71_72_74_75_76_78_79_82_83_84_86_88_89_90_91_94_95_96_99_100_102_103_106_107_108_110_111_112_114_116_117_120_121_122_125_126_128_129_133_134_136_137_138_140_141_142_143_146_147_148_151_153_154_155_157_158_161_163_164_165_167_168_170_172_175_177_179_181_182_184_186_188_190_194_196_198_200_205_208_210_211_213_216_217_219_222_223_230_234_237_240_242_252_254_257_263_273_278_285  7.08e+08  5.59e+08  70648.66  72043.34  14828.13    650.02     81.64     45.56   2671.61      6.72      0.00 0
107103 5626.0    0_1_2_4_6_7_10_11_14_15_16_18_19_22_23_24_27_30_31_32_36_37_39_42_43_46_47_48_51_54_56_57_58_61_64_65_68_69_70_73_74_77_80_81_84_85_87_90_92_93_94_97_98_101_104_105_108_109_112_113_115_118_123_124_130_131_132_138_142_145_149_153_159_163_169_174_186_192  3.16e+08  2.43e+08  43290.54  33038.29  13325.62    584.79     76.25     37.35   -262.99   2364.60      0.00 0
107104 5626.0    0_1_2_3_4_5_6_7_8_9_10_11_12_13_14_15_16_17_18_19_20_21_22_23_24_25_26_27_28_29_30_32_33_34_35_36_38_39_40_41_42_43_44_45_46_49_50_52_53_54_55_56_58_59_60_62_63_64_66_67_68_71_72_75_76_77_78_79_80_82_83_84_86_88_89_90_91_92_96_100_102_103_104_106_108_110_111_112_116_117_118_122_128_129_130_138_140_142_148_153_157_158_159_163_167_169_172_174_181_182_186_190_192_196_200_205_211_213_219_226_230_237_242_249_252_257_266_269_273_280_283_292  3.02e+08  2.35e+08 -20162.48 -57704.14  13405.71    628.35     77.63    250.74    566.27   -617.61      0.00 0
107105 5626.0    153_177_186  6.17e+08  4.95e+08 -13811.75 -13393.87   8784.20    687.73     65.46    224.12   5909.11   4811.19      0.00 0
107106 5626.0    172_184_196_198_211_213_217_219_223_230_234_237_242_246_249_252_254_257_260_261_263_266_269_273_275_276_277_280_283_286_287_288_289_293_294_295_298  3.31e+08  2.57e+08  27269.16 -30338.67  11882.26    631.10     73.76    311.95  -2608.73  -8207.51      0.00 0
107107 5626.0    3_9_12_17_18_21_25_26_29_33_34_35_38_41_45_49_50_53_54_55_59_60_63_64_67_71_72_75_76_78_79_83_84_86_89_91_95_96_99_100_103_107_108_111_114_116_117_121_122_125_126_129_133_134_137_138_141_143_146_147_148_152_153_154_155_157_158_162_163_164_165_168_170_173_176_177_178_179_181_182_185_186_187_188_190_191_193_194_197_199_200_205_206_208_210_212_213_214_216_220_226_227_230_231_237_238_246_249_250_252_253_258_260_261_266_267_269_270_275_276_277_280_281_283_286_287_288_289_290_292_293_294_295_296_297_298  5.13e+08  4.01e+08 -34534.46 -78709.01  14491.40    635.85     80.43    246.31   3369.32  -1125.58      0.00 0
107108 5626.0    0_1_2_3_4_5_6_7_8_9_10_11_12_13_14_15_16_17_18_19_20_21_22_23_24_25_26_27_28_29_30_31_32_33_34_35_36_37_38_39_40_41_42_43_44_45_46_47_48_49_50_51_52_53_54_55_56_57_58_59_60_61_62_63_64_65_66_67_68_69_70_71_72_73_74_75_76_77_78_79_80_81_82_83_84_85_86_87_88_89_90_91_92_93_94_95_96_97_98_99_100_101_102_103_104_105_106_107_108_109_110_111_112_113_114_115_116_117_118_119_120_121_122_123_124_125_127_128_129_130_131_132_135_136_137_138_139_140_141_142_144_145_146_148_149_150_151_152_156_157_158_159_160_161_162_166_167_168_169_171_172_173_174_175_176_180_181_182_183_184_185_189_190_191_192_195_196_197_198_199_200_201_204_205_206_207_211_212_213_214_217_218_219_220_223_224_225_226_227_230_231_234_235_237_238_241_242_243_244_246_249_250_252_253_254_255_257_258_259_260_261_263_264_266_267_269_270_271_273_274_275_276_277_278_279_280_281_283_284_285_286_287_288_289_290_291_292_293_294_295_296_297_298  4.37e+08  3.27e+08 -51098.40 229541.88  14753.85    609.37     86.41    102.55  -1748.78   2238.13      0.00 0
107109 5626.0    200_205_211_213_219_223_226_227_230_231_234_237_242_246_249_250_252_253_257_260_261_267_270  4.27e+08  3.37e+08 -26939.65  10867.92  10711.06    617.59     69.76    158.03  -1000.68  -8098.88      0.00 0
107110 5626.0    0_1_2_3_4_5_6_7_8_9_10_11_12_13_14_15_16_17_18_19_20_21_22_23_24_25_26_27_28_29_30_31_32_33_34_35_36_37_38_39_40_41_42_43_44_45_46_47_48_49_50_51_52_53_54_55_56_57_58_59_60_61_62_63_64_65_66_67_68_69_70_71_72_73_74_75_76_78_79_81_82_83_84_85_86_88_89_91_93_94_95_96_97_98_99_100_102_103_106_107_110_111_113_114_116_117_120_121_123_124_125_126_128_129_131_132_133_134_136_137_140_141_143_145_146_148_151_152_154_155_157_158_161_162_164_165_167_168_170_172_173_175_176_178_181_182_184_185_187_188_190_191_193_194_196_197_198_199_200_202_203_205_206_208_209_211_212_213_214_215_216_217_218_219_220_221_222_223_224_228_229_232_233_234_235_236_239_240_241_244_245_247_248_251_256_262_265_268_282  7.08e+08  5.47e+08 202821.03   1734.61  15250.74    626.06     85.70      0.49   4729.49  -2519.86      0.00 0
107111 5626.0    133_134_143_147_154_155_164_165_170_177_178_179_186_187_188_193_194_208_210_216_222  2.34e+08  1.81e+08   6451.07  44220.49  12485.68    596.84     74.39     81.70   6362.65   4035.63      0.00 0
107112 5626.0    140_148_157_161_167_172_175_181_182_184_190_191_196_197_198_200_205_206_211_213_214_217_219_220_223_226_227_230_231_234_235_237_238_242_243_244_246_249_250_252_253_254_255_257_258_259_260_261_263_264_266_267_269_270_271_272_273_274_275_276_277_278_279_280_281_283_284_285_286_287_288_289_290_291_292_293_294_295_296_297_298  1.17e+08  8.68e+07 142508.48 -48208.75  16157.26    567.28     83.87    341.31  -4139.17  -8013.87      0.00 0
107113 5626.0    0_1_2_3_4_5_6_7_8_9_10_11_12_13_14_15_16_17_18_19_20_21_22_23_24_25_26_27_28_29_30_31_32_33_34_35_36_37_39_40_41_42_43_44_45_46_47_48_49_51_52_53_54_55_56_57_58_59_61_62_63_64_65_66_67_68_69_70_73_74_77_78_79_80_81_82_83_85_87_88_89_91_92_93_94_97_101_102_103_104_105_106_109_110_111_115_116_117_118_119_127_128_129_135_139_140_141_148_149_150_156_157_158_160_166_167_168_171_180_181_182_183_189_190_191_195_197_200_201_204_205_206_213_214_225_226_227_230_231_238_246_249_250_253_260_261_267_270_275_277_281_286_287_289_291_293_295_298  2.14e+08  1.67e+08 -13220.60  72676.18  14198.16    611.54     79.12    100.31   -856.29    157.13      0.00 0
107114 5626.0    0_1_2_3_4_5_6_7_8_9_10_11_12_13_14_15_16_17_18_19_21_23_24_25_27_28_29_31_33_35_39_41_43_45_47_49_51_53_57_59_61_63_65_67_81_83_89_105  7.08e+08  5.70e+08 -16539.98  16413.45   9642.38    656.97     67.52    135.22   -151.28     14.61      0.00 0
107115 5626.0    234_237_242_252_254_257_263_266_269_273_276_280_283_286_288_290_294_296_297  2.75e+08  2.17e+08  13698.90 -22691.01  10318.08    625.69     68.73    301.12  -2437.10 -10131.75      0.00 0
107116 5626.0    118_130_138_142_149_153_156_159_163_169_174_177_180_183_186_189_192_201_204_207_210  3.02e+08  2.33e+08  46791.08 -10974.75  12725.16    601.34     75.17    346.80   4883.50   4951.46      0.00 0
107117 5626.0    112_138_142_153_163_177_186  1.45e+08  1.11e+08 -27519.07  -9593.93  11041.48    575.48     69.25    199.22   5660.08   4545.48      0.00 0
107118 5626.0    63_67_79_83_89_91_95_99_103_107_111_116_117_121_125_128_129_133_137_141_143_146_148_152_154_157_158_162_164_167_168_170_173_176_178_181_182_187_190_191_193_196_205_208_209_213_215_221_236  1.82e+08  1.38e+08 -34265.96 -23269.64  12229.92    592.73     73.55    214.18   2660.44  -3299.27      0.00 0
107119 5626.0    242_249_252_257_260_263_266_269_273_275_276_277_280_283_286_287_288_289_290_293_294_295_298  2.95e+08  2.29e+08  26791.06 -17411.62  11139.34    607.36     70.78    326.98   -765.06 -10546.93      0.00 0
107120 5626.0    226_227_230_231_238_243_246_249_250_253_255_258_259_260_261_264_267_270_271_272_274_279_281_284  3.31e+08  2.60e+08 -36781.27   4262.24  11802.71    593.02     72.32    173.39   3738.65  -8978.46      0.00 0
107121 5626.0    0_1_2_3_4_5_6_7_8_10_11_12_14_15_16_18_19_20_22_23_24_27_30_31_32_34_36_37_39_42_43_46_47_48_51_52_54_56_57_58_60_61_64_65_68_69_70_73_74_77_80_81_82_84_85_87_90_92_93_94_96_97_98_101_104_105_108_109_112_113_115_118_119_120_122_123_124_127_130_131_132_135_138_139_142_144_145_147_149_150_153_156_159_160_163_166_169_171_174_175_177_180_183_186_189_192_195_201_204_207_225  2.57e+08  1.96e+08 186213.42 129325.34  14263.80    689.77     86.40     34.78  -1545.76   4794.40      0.00 0
107122 5626.0    44_45_55_62_63_66_67_78_79_83_88_89_91_95_102_103_106_107_110_111_116_117_120_121_128_129_136_137_140_141_145_146_148_151_152_157_158_161_162_167_168_172_173_175_176_178_181_182_184_185_190_191_196_197_198_199_202_203_209_211_217_218_223_228_229_232_233_245_247_248_262  7.24e+08  5.81e+08 -53378.93  -2694.72  12811.73    642.29     76.52    182.89    618.31  -4009.14      0.00 0
107123 5626.0    0_1_2_3_4_5_6_7_8_9_10_11_12_13_14_15_16_17_18_19_20_21_22_23_24_25_26_27_28_29_30_31_32_33_34_35_36_37_38_39_40_41_42_43_44_45_46_47_48_49_50_51_52_53_54_55_56_57_58_59_60_61_62_63_64_65_66_67_68_69_70_71_72_74_75_76_77_78_79_80_82_83_84_86_87_88_89_90_91_92_94_95_96_99_100_101_102_103_104_106_107_108_110_111_112_114_115_116_117_118_120_122_126_128_129_130_134_136_138_140_142_147_148_149_151_153_157_158_159_161_163_167_169_172_174_177_181_182_183_186_190_191_192_196_198_200_205_206_207_211_213_219_223_226_227_230_234_237_242_246_249_252_254_257_260_263_266_269_273_276_278_280_283_285_288_290_292_296  1.26e+08  9.27e+07 -37374.87 -89085.35  15249.34    584.48     81.03    247.24    634.26   -320.35      0.00 0
107124 5626.0    0_1_2_3_4_5_6_7_8_9_10_11_12_13_14_15_16_17_18_19_20_21_22_23_24_25_26_27_28_29_30_31_32_33_34_35_36_37_38_39_40_41_42_43_44_45_46_47_48_49_50_51_52_53_54_55_56_57_58_59_60_61_62_63_64_65_66_67_68_69_70_71_72_73_74_75_76_77_79_80_81_82_83_84_85_86_87_89_90_92_93_94_95_96_97_98_99_100_101_104_105_107_108_109_112_113_114_115_118_119_121_122_123_124_125_126_127_130_131_132_133_134_135_138_139_142_143_144_146_147_149_150_153_154_155_156_159_160_163_164_165_166_169_170_171_174_177_178_179_180_183_186_187_188_189_192_193_194_195_201_202_204_207_208_209_210_215_216_221_222_225_229_232_236_239_240_247  1.70e+08  1.27e+08 308849.31 -42691.56  12032.11    626.46     87.79    352.13    937.36   3717.71      0.00 0
107125 5626.0    238_243_255_258_259_264_271_274_279  3.09e+08  2.43e+08  23766.84 -12834.61  10428.06    619.88     68.89    331.63   6102.35  -9598.52      0.00 0
107126 5626.0    0_1_2_3_4_5_6_7_8_9_10_12_13_14_15_17_18_19_21_22_25_26_27_28_29_30_33_34_35_36_38_39_41_42_43_44_45_46_49_50_53_54_55_56_59_60_63_64_65_67_68_71_72_75_76_77_79_80_83_84_86_89_90_91_92_95_99_101_103_104_107_111_115_117_118_121_125_129_137_141_146_149_152_156_158_162_168_173_185_191_197_199_206_212_214_218_220_224_231_235_238_241_243_244_253_255_256_258_259_264_270_271_274_279_284  3.80e+08  2.95e+08  20712.14 -61902.07  13731.86    616.48     78.12    288.50   3121.20  -5706.19      0.00 0
107127 5626.0    11_16_20_23_24_31_32_37_40_47_48_51_52_57_58_61_62_66_69_70_73_74_78_81_82_85_87_88_93_94_97_98_102_105_106_109_110_113_116_119_120_123_124_128_131_132_135_136_139_140_144_145_150_151_157_160_161_167_171_172_175_181_184_190_195_196_198_200_205_211_213_217_219_223_226_230_234_237_242_246_249_252_254_257_260_261_263_266_269_273_275_276_278_280_283_285_286_287_288_290_292_293_294_296_297_298  1.38e+08  1.02e+08 -19132.52 110880.84  15653.39    580.90     82.08     99.79  -3597.69  -4802.73      0.00 0
107128 5626.0    89_91_103_107_111_116_117_121_125_128_129_137_141_146_148_152_154_157_158_162_167_168_173_176_178_181_182_185_187_191_199_202_203_209_215_218_228_229_232_239_245_247  7.59e+08  6.09e+08  40124.39  11323.81  11813.27    652.20     74.18     15.76   4680.20  -3464.11      0.00 0
107129 5626.0    230_234_237_242_246_249_252_254_257_260_261_263_266_267_269_273_275_276_277_278_280_281_283_284_285_286_287_288_289_290_291_292_293_294_295_296_297_298  1.41e+08  1.07e+08 -67548.69  28979.32  14154.36    614.94     79.10    156.78  -2420.97 -10299.00      0.00 0
107130 5626.0    59_75_83_95_99_114_125_133_143_154_164_170_187_193_208_215_221_236  3.63e+08  2.89e+08  25122.95   4141.06  10256.29    613.98     68.06      9.36   5293.18   -866.81      0.00 0
107131 5626.0    191_197_206_214_220_231_238_250_253_258_261_267_270_274_277_281_284_287_289_291_293_295_298  3.09e+08  2.44e+08   3191.20  35616.21  11247.30    650.85     72.54     84.88   1772.55 -11293.06      0.00 0
107132 5626.0    63_67_79_83_89_91_95_99_102_103_107_111_116_117_121_125_128_129_133_137_141_143_146_148_152_154_157_158_162_164_167_168_170_176_178_185_187_193_194_202_208_209_215_221_222_229_232_236_239  2.69e+08  2.10e+08 -46602.89 -20856.24  12663.69    639.36     76.07    204.11   6362.75  -1502.41      0.00 0
107133 5626.0    0_1_2_3_4_5_6_7_8_9_10_11_12_13_14_15_16_17_18_19_20_21_22_23_24_25_26_27_28_29_30_31_32_33_34_35_36_37_38_39_41_42_43_45_46_47_48_49_50_51_53_54_56_57_59_60_61_63_64_65_68_69_70_71_72_73_75_76_77_81_83_84_85_86_87_93_95_97_99_100_105_107_114_119_121_123_125_133_135_143_144_146_150_152_154_164_170_176_178_187_193_202_209_215_229_232_239_245_247  1.58e+08  1.21e+08 -45401.15  19740.98  12610.05    631.06     75.71    156.50   2170.71   -439.69      0.00 0
107134 5626.0    3_4_5_8_9_12_13_17_18_20_21_25_26_28_29_33_34_35_38_40_41_44_45_49_50_53_55_59_60_62_63_66_67_71_72_75_76_78_79_83_84_86_88_89_91_95_96_99_100_102_103_106_107_110_111_114_116_117_121_122_125_126_128_129_133_134_136_137_140_141_143_146_147_148_152_153_154_155_157_158_161_162_164_165_167_168_170_172_173_176_177_178_179_181_182_184_185_187_188_190_191_193_194_196_197_198_199_200_202_203_205_206_208_209_210_211_212_213_214_215_216_217_218_219_220_221_222_223_224_226_227_228_229_230_231_232_233_234_235_236_237_238_239_240_241_242_243_244_245_246_247_248_249_250_251_252_253_254_255_256_257_258_259_260_261_262_263_264_265_266_267_268_269_270_271_272_273_274_275_276_277_278_279_280_281_282_283_284_285_286_287_288_289_290_291_292_293_294_295_296_297_298  3.09e+08  2.36e+08 -212649.97 -201938.39  12701.27    634.72     87.52    223.52   1802.50  -6895.14      0.00 0
107135 5626.0    63_67_79_89_91_95_102_103_107_111_116_117_121_125_128_129_137_140_141_146_148_152_154_157_158_162_164_167_168_172_173_176_178_181_182_185_187_190_191_193_196_197_198_199_200_202_203_205_206_209_211_212_213_214_215_218_219_221_223_226_227_229_230_232_234_237_239_242_249_252_254_257_263_273_278  1.32e+08  9.80e+07  59308.06  31521.38  14325.23    557.09     77.96     27.99   -990.62  -5958.79      0.00 0
107136 5626.0    23_24_31_32_37_39_47_48_51_52_57_58_61_65_69_70_73_74_81_82_85_87_93_94_97_98_101_105_106_109_110_113_119_120_123_124_127_131_132_135_136_139_140_144_145_150_151_156_160_161_166_171_172_175_184_189_195_198_204_211_217_219_223_234_242_254_263_278  1.86e+08  1.42e+08  10025.27  57919.60  13246.83    630.65     77.30     80.18  -3697.62   -678.57      0.00 0
107137 5626.0    0_1_2_4_6_7_10_11_14_15_16_18_19_22_23_24_27_30_31_32_34_36_37_39_42_43_46_47_48_51_54_56_57_58_60_61_64_65_68_69_70_73_74_77_80_81_84_85_87_90_92_93_94_96_97_98_101_104_105_108_112_113_122_123_124_130_131_132_138_142_147_153_163_177_186  3.98e+08  3.12e+08 -42006.03 -21035.05  12596.64    606.85     74.99    206.60  -1128.76   1222.03      0.00 0
107138 5626.0    0_1_2_5_8_9_11_13_15_16_20_23_24_28_29_31_32_35_37_40_41_44_45_47_48_52_55_57_58_62_66_67_69_70_73_74_78_79_82_88_89_91_102_103_111_116_117_128_129_141_148_157_158_168_173_181_182_191_197_200_206_212_214_220_227_231_238_243_250_253_258_264_267_270_274_279_281_284_291  5.75e+08  4.57e+08 -19186.89  40262.32  12109.29    646.14     74.81    115.48   1151.65  -5558.61      0.00 0
107139 5626.0    154_164_170_176_178_187_193_202_203_209_215_228  1.74e+08  1.34e+08   -659.86 -21114.54   9837.21    580.97     65.03    268.21   5966.94  -2179.97      0.00 0
107140 5626.0    2_8_11_15_16_20_23_24_28_32_35_37_40_44_48_52_55_58_62_66_74_78_82_88_91_102_106_110_116_128_140_157_167_181_190_196_205_213  1.41e+08  1.08e+08    608.53  30052.84  11148.99    576.43     69.65     88.84  -1362.51  -3496.68      0.00 0
107141 5626.0    190_196_198_200_205_211_213_217_219_223_226_227_230_231_234_237_238_242_246_249_250_252_253_254_257_258_260_261_263_264_266_267_269_270_273_274_275_276_277_278_279_280_281_283_284_285_286_287_288_289_290_291_292_293_294_295  1.86e+08  1.40e+08  74901.28 -27885.31  14351.74    624.78     79.82    339.58  -3468.40  -8220.88      0.00 0
107142 5626.0    33_38_49_53_59_71_72_75_83_86_95_99_107_111_121_125_137_141_152_162_173_185_199_212_224_235  1.62e+08  1.24e+08  -7328.64  25881.61  10557.93    600.07     68.57    105.81   3172.02  -3153.77      0.00 0
107143 5626.0    91_103_111_116_117_129_141_158_162_168_173_185_191_197_199_212_218_220_224_233_235_241_244_251_255_256_259_265_268_272_282  1.17e+08  8.91e+07  34595.49 -14870.55  11851.25    594.98     72.53    336.74   4617.40  -5949.23      0.00 0
107144 5626.0    42_54_60_64_68_76_80_84_90_92_96_100_101_104_108_112_114_115_118_122_126_127_130_133_134_138_142_143_147_149_153_155_156_159_163_164_165_166_169_170_171_174_177_179_180_183_186_187_188_189_192_193_194_195_201_204_207_208_209_210_215_216_221_222_225_232_236_239_240_247  1.86e+08  1.38e+08 -83217.95  67701.77  15325.36    606.69     81.87    140.87   4082.10   3568.47      0.00 0
107145 5626.0    148_157_158_167_168_172_181_182_190_191_196_197_198_200_205_206_211_212_213_214_217_219_220_223_224_226_227_230_231_234_235_237_238_241_242_243_244_246_249_250_251_252_253_254_255_256_257_258_259_260_261_263_264_265_266_267_268_269_270_271_272_273_274_275_276_277_278_279_280_281_282_283_284_285_286_287_289_291  2.88e+08  2.19e+08 -99411.43  11010.25  15055.08    618.61     81.44    173.68   4766.02  -8749.66      0.00 0
107146 5626.0    17_21_25_26_29_33_35_38_41_45_49_50_53_55_59_60_63_67_71_72_75_76_78_79_83_86_89_91_95_96_99_100_102_103_107_111_114_116_117_121_122_125_126_128_129_133_134_137_141_143_146_147_148_152_153_154_155_157_158_162_164_165_167_168_170_173_177_179_181_182_186_187_188_190_191_193_194_200_205_206_208_210_213_216_222_226_230_237_240_249_252_257  2.75e+08  2.16e+08 -37148.52 -49387.37  13079.44    678.42     78.05    233.05   4472.95    337.62      0.00 0
107147 5626.0    0_1_2_3_4_5_6_7_8_9_10_11_12_13_15_16_17_18_20_21_22_23_24_25_26_28_29_32_33_34_35_37_38_40_41_44_45_47_48_49_50_52_53_55_58_59_60_62_63_66_67_69_70_71_72_74_75_76_78_79_82_83_85_86_88_89_94_95_98_99_100_106_107_114_120_121_124_125_132_133_134_143_145_154_164_165_170_187_193_194_208_215_221_222_236  9.55e+08  7.61e+08 -48806.93  -5716.23  12635.43    623.95     75.58    186.68   2326.80   -697.32      0.00 0
107148 5626.0    110_116_128_136_140_145_148_151_157_158_161_167_172_175_181_182_184_190_191_196_198_200_205_206_211_217_223  2.04e+08  1.60e+08 -33903.37  11502.04  11535.92    611.39     72.14    161.26  -3159.66  -4746.97      0.00 0
107149 5626.0    9_13_17_21_25_29_33_35_38_41_44_45_49_53_55_59_63_66_67_71_72_75_78_79_83_86_88_89_91_95_99_100_102_103_107_110_111_114_116_117_121_125_128_129_133_134_136_137_140_141_143_146_148_152_154_155_157_158_161_162_164_165_167_168_170_172_173_176_178_181_182_185_187_188_190_191_193_194_196_197_198_199_200_202_203_205_206_208_209_210_211_213_214_215_216_217_219_221_222_223_226_227_229_230_232_234_236_237_239_240_242_249_252_254_257_263_269_273_278_285  4.57e+08  3.62e+08 -70919.30 -47925.77  14415.78    644.01     80.44    214.05   2523.80  -3066.12      0.00 0
107150 5626.0    0_1_2_3_4_5_6_7_8_9_10_11_12_13_14_15_16_17_18_19_20_21_22_23_24_25_26_27_28_29_30_31_32_33_34_35_36_37_38_39_40_41_42_43_44_45_46_47_48_49_50_51_52_53_54_55_56_57_59_60_61_63_64_65_67_68_69_70_71_72_73_75_76_77_78_79_80_81_83_84_86_87_89_90_92_93_95_96_97_99_100_101_103_104_105_107_108_109_111_112_114_115_118_119_121_122_123_125_126_127_129_130_133_134_135_137_138_139_141_142_143_144_146_147_149_150_152_153_154_155_156_159_160_162_163_164_165_166_168_169_170_171_173_174_176_177_178_179_180_183_185_186_187_188_189_192_193_194_195_199_201_202_203_204_207_208_209_210_212_215_216_218_221_222_224_225_228_229_232_233_235_236_239_240_241_244_245_247_248_251_255_256_259_262_265_268_271_272_282  1.26e+08  9.28e+07 131310.84 -147483.70  15610.49    594.66     85.48    311.68   4115.61   -494.38      0.00 0
107151 5626.0    0_1_2_3_5_8_9_11_13_15_16_19_20_21_23_24_28_29_31_32_35_37_40_41_44_45_47_48_51_52_53_55_57_58_62_63_66_67_69_70_73_74_78_79_81_82_83_85_88_89_91_93_94_97_98_102_103_105_106_107_110_111_113_116_117_119_120_123_124_128_129_131_132_136_137_140_141_144_148_150_157_158_162_167_168_173_181_182_191_197_199_200_206_212_214_218_220_224_227_231_235_238_241_243_244_250_253_255_256_258_259_264_267_270_271_272_274_279_281_284  6.76e+08  5.32e+08 -51587.07  63500.52  14499.65    615.51     79.95    129.09   4177.18  -8574.76      0.00 0
107152 5626.0    181_182_191_197_200_206_214_220_231_238_243_255_258_264  5.50e+08  4.43e+08  20647.57 -10538.63   9859.09    622.60     66.96    332.96   2069.93  -7152.44      0.00 0
107153 5626.0    0_1_2_3_4_5_6_7_8_9_10_11_12_13_14_15_16_17_18_19_21_22_25_26_27_28_29_30_33_35_36_39_41_42_43_45_46_51_53_55_56_61_63_65_67_68_77_79_80_87_92_101_115_127  5.89e+08  4.69e+08  -6089.97  26108.16  10248.10    641.62     69.08    103.13    -24.36    917.49      0.00 0
107154 5626.0    35_41_44_45_53_55_59_63_66_67_75_78_79_83_88_89_91_95_99_102_103_107_110_111_116_117_121_125_128_129_133_136_137_140_141_146_148_151_152_154_157_158_161_162_164_167_168_170_172_173_176_178_181_182_184_185_187_190_191_193_196_197_198_199_200_202_203_205_206_208_209_211_212_213_214_215_217_218_219_221_223_226_228_229_230_232_233_234_236_237_239_242_245_247_254_257_263  1.02e+08  7.52e+07  74517.52  29323.18  14451.85    612.99     79.77     21.48   -287.43  -4839.88      0.00 0
107155 5626.0    196_200_205_206_211_213_214_219_220_223_226_227_230_231_234_235_237_238_242_243_246_249_250_252_253_254_255_257_258_259_260_261_263_264_266_267_269_270_271_272_273_274_275_276_277_278_279_280_281_283_284_285_286_287_288_289_290_291_292_293_294_295_296_297_298  7.94e+08  6.21e+08 -122707.42  19083.84  15401.73    632.22     82.93    171.16   4112.78 -10679.90      0.00 0
107156 5626.0    53_59_63_67_71_75_83_86_89_95_99_100_103_107_111_114_117_121_125_129_133_134_137_143_154_155_164_165_170_188_194  1.02e+08  7.58e+07 -21196.48 -22571.96  11361.95    563.63     69.85    226.80   3428.54  -1240.17      0.00 0
107157 5626.0    1_6_7_11_14_15_16_19_23_24_27_30_31_32_36_37_39_43_46_47_48_51_56_57_58_61_65_68_69_70_73_74_77_80_81_82_85_87_92_93_94_97_98_101_104_105_106_109_113_115_118_119_120_123_124_127_130_131_132_135_139_142_144_145_149_151_156_159_166_169_174_175_180_183_184_189_192_201_204_207_217_225  2.95e+08  2.26e+08 -36755.62 -51892.61  13714.02    606.96     77.83    234.69  -1696.42   2438.42      0.00 0
107158 5626.0    25_33_38_49_50_53_59_60_63_67_71_72_75_76_83_86_89_95_96_99_100_103_107_108_111_114_117_121_122_125_126_129_133_134_137_138_141_143_146_147_152_153_154_155_158_162_163_164_165_168_170_173_176_177_178_179_182_185_186_187_188_191_197_199_200_203_206_210_212_214_218_220_224_227_231_235_238_243_244_246_250_253_255_258_261_264_267_270_274_275_277_279_281_284_286_287_289_291_293_295_297_298  2.75e+08  2.11e+08  13661.05  69759.84  14126.77    604.19     78.76     78.92   2821.49  -6062.71      0.00 0
107159 5626.0    68_77_80_90_92_101_104_108_109_112_115_118_122_127_130_135_138_139_142_147_149_150_153_155_156_159_160_163_166_169_171_174_177_179_180_183_186_188_189_192_195_201_204_207_210_216_225_240  1.86e+08  1.43e+08  79478.53 -10972.01  14118.24    656.84     80.02    352.14   4704.55   4606.85      0.00 0
107160 5626.0    89_95_103_107_111_116_117_121_125_129_133_137_141_146_148_152_154_157_158_162_164_168_170_173_176_178_181_182_185_187_190_191_193_196_197_199_200_202_203_205_206_208_209_212_213_214_215_218_219_220_221_222_224_226_227_228_229_230_232_233_236_237_239_242_247_249_252_257  4.68e+08  3.67e+08  51488.85  33783.27  13359.62    637.99     77.76     33.27   5722.66  -2478.19      0.00 0
107161 5626.0    0_1_2_3_4_5_6_7_8_9_10_11_12_13_14_15_16_17_18_19_20_21_22_23_24_25_26_27_28_29_30_31_32_33_34_35_36_37_38_39_40_41_42_43_44_45_46_47_48_49_50_51_52_53_54_55_56_57_58_59_60_61_62_63_64_65_66_67_68_69_70_71_72_73_74_75_76_77_78_79_80_81_82_83_84_85_86_87_88_89_90_91_92_93_94_95_96_97_98_99_100_101_102_103_104_105_106_107_108_109_110_111_112_113_114_115_116_117_118_119_120_121_122_123_124_125_126_127_128_129_130_131_132_133_134_135_136_137_138_139_140_141_142_143_144_145_146_147_148_149_150_151_152_153_154_155_156_157_158_159_160_161_162_163_164_165_166_167_168_169_171_172_173_174_175_176_177_179_180_181_182_183_184_185_186_188_189_190_191_192_195_196_197_198_199_200_201_204_205_206_207_210_211_212_213_214_217_219_220_223_224_225_226_227_230_231_234_235_237_238_242_243_246_249_250_252_253_254_257_258_260_261_263_264_266_267_269_270_273_274_275_276_277_278_280_281_283_284_285_286_287_288_289_290_291_292_293_294_295_296_297_298  3.39e+08  2.61e+08  51403.90 238761.00  14039.54    664.50     86.71     77.85   1044.59   3603.86      0.00 0
107162 5626.0    226_227_230_237_242_246_249_250_252_253_254_257_258_260_261_263_266_267_269_270_273_274_275_276_277_278_279_280_281_283_284_285_286_287_289_291  1.12e+08  8.38e+07  42432.12  -6515.77  12602.27    563.48     73.64    351.27   -494.07  -9384.16      0.00 0
107163 5626.0    23_31_37_47_48_51_57_58_61_69_70_73_74_81_82_85_87_93_94_97_98_105_106_109_113_119_120_123_124_127_131_132_135_136_139_144_145_150_151_160_161_166_171_175_184_189_195_198_217_223  3.24e+08  2.54e+08  -5650.40 -46829.48  12436.21    630.09     75.23    263.12  -3339.22   1763.67      0.00 0
107164 5626.0    102_106_110_116_120_124_128_132_136_140_145_148_151_157_161_167_172_175_181_182_184_190_196  2.82e+08  2.18e+08  26544.55 -20701.59  11269.87    616.06     71.49    322.05  -3447.20  -3484.73      0.00 0
107165 5626.0    25_26_33_34_38_49_50_53_54_59_60_63_64_71_72_75_76_83_84_86_89_90_95_96_99_100_107_108_111_112_114_121_122_125_126_130_133_134_137_138_141_142_143_146_147_152_153_154_155_162_163_164_165_168_169_170_173_174_176_177_178_179_185_186_187_188_192_193_197_199_202_203_209_212_214_218_220_224_228_229_233_235_238_241_243_244_248_251_253_255_256_258_259_264_265_268_270_271_272_274_279_284_291  6.31e+08  5.09e+08  -8575.26  76813.21  13767.52    688.75     79.90     96.37   4677.01  -6371.73      0.00 0
107166 5626.0    105_109_119_135_139_150_160_171  2.29e+08  1.80e+08  12605.20 -21710.18  10260.19    606.44     67.77    300.14  -4070.47   5099.34      0.00 0
107167 5626.0    181_182_191_197_199_200_205_206_212_213_214_218_219_220_224_226_227_230_231_233_234_235_237_238_241_242_243_244_246_248_249_250_251_252_253_254_255_256_257_258_259_260_261_262_263_264_265_266_267_268_269_270_271_272_273_274_275_276_277_278_279_280_281_282_283_284_285_286_287_288_289_290_291_292_293_294_296  4.68e+08  3.66e+08 -99205.59 -14596.33  14950.21    632.44     81.52    188.37   5950.77  -8166.37      0.00 0
107168 5626.0    58_74_82_94_106_110_120_136_140_151_161_172_184_198_211_217_223_234_254  6.31e+08  5.10e+08  12248.72  25749.33  10666.69    614.28     69.49     64.56  -3775.14  -4576.43      0.00 0
107169 5626.0    94_98_106_120_124_132_136_140_145_151_161_167_172_175_184_196_198_211_213_217_219_223_234_237_242_254_257_263_269_273  2.24e+08  1.75e+08  -1400.15  33130.16  11243.31    612.05     71.27     92.42  -3454.36  -5266.31      0.00 0
107170 5626.0    214_220_227_231_235_238_243_244_246_250_253_255_256_258_259_260_261_264_267_270  3.72e+08  2.91e+08  25727.02  10693.32  10700.35    598.23     68.99     22.57   2717.77  -8162.08      0.00 0
107171 5626.0    0_1_2_3_4_5_6_7_8_9_10_11_12_13_14_15_16_17_18_19_20_21_22_23_24_25_26_27_28_29_30_31_32_33_34_35_36_37_38_39_40_41_42_43_44_45_46_47_48_49_50_51_52_53_54_55_56_57_58_59_60_61_62_63_64_65_66_67_68_69_70_71_72_73_74_75_76_77_78_79_80_81_83_84_85_86_87_89_90_91_92_93_95_96_97_99_100_101_103_104_105_107_108_109_111_114_115_119_121_123_125_127_129_133_134_135_137_139_141_143_144_146_150_152_154_156_160_162_164_166_168_171_173_176_178_185_187_195_197_199_202_203_209_212_215_218_224_228_229_232_233_235_241_244_245_247_248_251_255_256_259_262_265_268_272_282  2.40e+08  1.84e+08  70623.32 -65972.62  14736.81    647.34     81.33    316.95   4909.10  -3893.45      0.00 0
107172 5626.0    172_181_182_190_196_198_200_205_206_211_213_214_217_219_220_223_226_227_230_231_234_237_238_242_243_246_249_250_252_253_254_255_257_258_259_260_261_263_264_266_267_269_270_271_272_273_274_275_276_277_278_279_280_281_283_284_285_286_287_288_289_290_291_292_293_294_295_296_298  9.77e+08  7.81e+08 107601.16 -25515.16  15128.59    639.07     82.21    346.66  -3254.88  -8692.04      0.00 0
107173 5626.0    0_1_2_3_4_5_6_7_8_9_10_11_12_13_14_15_16_17_18_19_20_21_22_23_24_25_26_27_28_29_30_31_32_33_34_35_36_37_38_39_40_41_42_43_44_45_46_47_48_49_50_51_52_53_54_55_56_57_58_59_60_61_62_63_64_65_66_67_68_69_70_71_72_73_74_75_76_77_78_79_80_81_82_83_84_85_86_87_88_89_90_91_92_93_94_95_96_97_98_99_100_101_102_103_104_105_106_107_108_109_110_111_112_113_114_115_118_119_120_121_122_123_124_125_126_127_129_130_131_132_133_134_135_137_138_139_141_142_143_144_145_146_147_149_150_152_153_154_155_156_159_160_162_163_164_165_166_169_170_171_174_176_177_178_179_180_183_185_186_187_188_189_192_193_194_195_199_201_202_203_204_208_209_210_215_216_218_221_222_228_229_232_233_236_239_240_245_247_248_251_262_265  1.05e+08  7.65e+07 -221250.86  71462.08  14831.73    607.79     86.35    162.10  -3145.17   2509.87      0.00 0
107174 5626.0    0_1_2_3_4_5_6_7_8_9_10_12_13_14_17_18_20_21_22_25_26_28_29_30_33_34_35_36_38_40_41_42_44_45_46_49_50_53_54_55_56_59_60_63_64_66_67_68_71_72_75_76_78_79_80_83_84_86_89_90_91_95_96_99_100_102_103_104_107_108_111_112_114_116_117_118_121_122_125_126_128_129_130_133_134_137_138_141_142_143_146_147_148_152_153_154_155_157_158_159_162_163_165_168_169_173_174_177_179_181_182_186_190_191_192_197_199_200_205_206_207_212_213_214_220_226_227_230_231_238_246_249_250_252_253_258_260_261_266_267_270_275_276_277_280_281_286_287_288_289_290_293_294_295_296_297_298  2.09e+08  1.59e+08 -19918.21 -89035.95  14891.53    607.88     80.73    257.39   2544.95    845.78      0.00 0
107175 5626.0    0_1_2_3_4_5_6_7_8_9_10_11_12_13_14_15_16_17_18_19_20_21_22_23_24_25_26_27_28_29_30_31_32_33_34_35_36_37_39_40_41_42_43_44_45_46_48_52_54_55_56_58_62_64_66_67_68_74_78_79_80_82_88_90_91_94_102_104_106_110_116_117_128_136_140_148_157_161_167_172_181_190_196_198_205_211_213_219_223_226_230_234_237_242_249_252_254_257_263_266_269_273_278_280_283_285_290_292  2.69e+08  2.07e+08 -20038.20 -55933.76  13553.24    596.37     77.15    250.29  -2427.04  -6451.41      0.00 0
107176 5626.0    0_1_2_3_4_5_6_7_8_9_10_11_12_13_14_15_16_17_18_19_20_21_22_23_24_25_26_27_28_29_30_31_32_33_34_35_36_37_38_39_40_41_42_43_44_45_46_47_48_49_50_51_52_53_54_55_56_57_58_59_60_61_62_63_64_65_66_67_68_69_70_71_72_73_74_75_76_77_78_79_80_81_82_83_84_85_86_87_88_89_90_91_92_93_94_95_96_97_98_99_100_101_102_103_104_105_106_107_108_109_110_111_112_113_114_115_116_117_118_119_120_121_122_123_124_125_126_127_128_129_130_131_132_134_135_136_137_138_139_140_141_142_144_145_147_148_149_150_151_153_156_157_158_159_160_161_162_163_166_167_168_169_171_172_173_174_175_177_180_181_182_183_184_186_189_190_191_192_195_196_197_198_200_201_204_205_206_207_211_213_214_217_219_220_223_225_226_227_230_231_234_237_238_242_246_249_250_252_253_254_257_260_261_263_266_267_269_270_273_275_276_277_278_280_281_283_285_286_287_288_289_290_292_293_294_295_296_297_298  4.37e+08  3.35e+08 -52779.99 -260819.75  13759.79    622.94     87.04    258.56  -2996.88  -8169.68      0.00 0
107177 5626.0    196_200_205_211_213_217_219_223_226_227_230_231_234_237_238_242_246_249_250_252_253_254_257_258_260_261_263_264_266_267_269_270_273_274_275_276_277_278_279_280_281_283_284_286_287_288_289_291_293_295  1.23e+08  9.19e+07 -65302.03  29567.36  14024.85    620.60     78.93    155.64   3627.09 -10990.45      0.00 0
107178 5626.0    120_124_132_136_140_145_151_161_167_172_175_184_190_196_198_205_211_213_217_219_223_226_230_234_237_242_246_249_252_254_257_260_263_266_269_273_275_276_278_280_283_285_286_287_288_290_292_293_294_295_296_297_298  1.02e+08  7.55e+07  32258.36 -73591.25  14399.51    620.88     79.84    293.67  -2920.19  -8932.57      0.00 0
107179 5626.0    66_78_88_102_106_110_128_136_140_151_161_167_172_184_198_211_217_223  7.41e+08  5.96e+08  22064.34  15034.35  10195.57    647.11     69.10     34.27  -3610.84  -4860.10      0.00 0
107180 5626.0    37_47_48_57_58_69_70_73_74_85_93_94_97_98_106_113_120_124_132_136_145_151_161_175_184_198_217_223  3.98e+08  3.16e+08  13714.72  31511.61  11405.66    608.25     71.64     66.48  -4358.18  -3082.55      0.00 0
107181 5626.0    109_119_127_135_139_144_149_150_156_160_166_171_180_183_189_195_201_204_207_225  3.89e+08  3.08e+08  30169.50  26682.34  11899.68    622.19     73.54     41.49  -2659.76   5173.12      0.00 0
107182 5626.0    7_14_19_27_36_39_43_51_56_61_65_77_81_87_101_105_109_127_135_139_166_171_195  1.02e+08  7.75e+07  10908.46 -22747.35  10521.94    574.22     67.36    295.62  -1767.81   3689.52      0.00 0
107183 5626.0    10_14_18_22_26_27_30_34_36_39_42_43_46_50_54_56_60_61_64_65_68_72_76_77_80_84_86_87_90_92_96_100_101_104_105_108_109_114_126_127_134_135_139_160  3.09e+08  2.43e+08 -27525.71  12382.10  10884.21    613.23     70.17    155.78    454.15   2249.82      0.00 0
107184 5626.0    96_100_108_112_122_126_130_134_138_142_143_147_155  2.88e+08  2.29e+08 -14081.89  16693.20   9700.73    615.27     66.05    130.15   3170.05   2508.46      0.00 0
107185 5626.0    0_1_2_3_5_6_7_8_9_11_13_15_16_19_20_21_23_24_28_29_31_32_35_37_40_41_44_45_47_48_51_52_55_58_62_66_67_78_79_82_88_89_91_102_103_110_111_116_117_128_129_148_157_158_168_181_182_190_191_197_200_205_206_214_220_226_227_230_231_238_246_249_250_253_258_260_261_267_270_274_275_277_281_284_286_287_289_291_293_295_298  4.90e+08  3.82e+08 -14734.18  60396.24  13497.90    624.24     77.75    103.71   1410.47  -9624.12      0.00 0
107186 5626.0    0_3_4_6_7_10_12_14_17_18_19_22_25_26_27_30_33_34_36_38_39_42_43_46_49_50_51_53_54_56_59_60_61_64_65_68_71_72_75_76_77_80_83_84_86_87_90_92_95_96_99_100_101_104_105_108_109_112_114_115_118_121_122_125_126_127_130_133_134_135_138_139_143_146_149_152_154_155_156_160_164_165_166_170_171_176_178_187_193_194_195_202_203_208_209_215_221_228_229_232_239_245_247_248_262_265  2.29e+08  1.77e+08 -53214.62  41218.02  13621.11    645.04     78.56    142.24   5988.17  -1813.83      0.00 0
107187 5626.0    162_168_173_176_182_185_191_197_199_200_202_203_205_206_209_212_214_218_220_224_226_227_228_229_230_231_232_233_235_238_241_243_244_245_246_247_248_249_250_251_252_253_255_256_258_259_260_262_265_266_268  2.57e+08  1.98e+08 -50576.26 -23166.30  13427.35    582.03     76.43    204.61   6165.40  -5170.09      0.00 0
107188 5626.0    0_2_3_4_5_6_8_9_10_12_13_17_18_20_21_22_25_26_28_29_30_33_34_35_38_40_41_42_44_45_49_50_53_54_55_59_60_63_64_66_67_71_72_75_76_78_79_83_84_86_88_89_90_91_96_100_102_108_116_122_126_128_138_147_153_163_177_186  3.47e+08  2.75e+08  21544.60  30361.06  11325.09    661.39     73.08     54.64   2075.93    594.31      0.00 0
107189 5626.0    40_44_52_55_58_62_66_74_78_79_82_88_91_94_98_102_103_106_110_113_116_117_120_124_128_129_132_136_140_141_145_148_151_157_158_161_167_168_172_173_175_181_182_190_191_197_200_206_212_214_220_231_235_238_243_255  2.51e+08  1.94e+08  41257.92 -29865.75  12935.35    602.34     75.75    324.10  -1927.66  -3340.30      0.00 0
107190 5626.0    250_253_258_260_261_264_266_267_270_271_274_275_276_277_279_280_281_283_284_285_286_287_288_289_290_291_292_293_294_295_296  3.24e+08  2.52e+08  55813.08   6615.79  13151.45    621.65     76.83      6.76   4921.04 -10339.86      0.00 0
107191 5626.0    0_1_2_3_4_5_6_7_8_9_10_11_12_13_14_15_16_17_18_19_20_21_22_23_24_25_26_27_28_29_30_31_32_33_34_35_36_37_39_40_41_42_43_44_45_46_47_48_51_52_53_54_55_56_57_58_61_62_63_64_65_66_67_68_70_74_77_78_79_80_81_82_87_88_89_90_91_92_101_102_103_104_106_110_115_116_117_118_127_128_129_130_140_148_149_156_157_158_159_167_172_180_181_182_183_190_196_200_201_205_206_213_219_226_227_230_237_246_249_252_257_260_261_266_269_275_276_280_286_288_290_294_296  7.94e+08  6.41e+08   5159.30  55510.18  13034.86    633.13     76.84     84.69   -588.42  -2991.40      0.00 0
107192 5626.0    9_12_13_17_21_25_26_29_33_34_35_38_41_44_45_49_50_53_55_59_60_63_67_71_72_75_76_78_79_83_86_89_91_95_96_99_100_102_103_107_111_114_116_117_121_122_125_126_128_129_133_134_137_141_143_146_147_148_152_153_154_155_157_158_162_164_165_167_168_170_173_177_178_179_181_182_186_187_188_190_191_193_194_196_197_200_205_206_208_210_213_214_216_219_222_226_227_230_231_237_240_242_246_249_250_252_257_260_263_266_269_273_276_278_280_283_285_288_290_292_296  7.76e+08  6.22e+08 -41718.26 -59293.06  13738.12    663.55     79.27    234.87   1825.18  -3195.46      0.00 0
107193 5626.0    40_44_45_55_62_66_67_78_79_82_88_89_91_94_102_103_106_107_110_111_116_117_120_121_124_128_129_136_137_140_141_145_148_151_152_157_158_161_162_167_168_172_173_175_176_181_182_184_185_190_191_196_197_198_199_200_202_203_205_206_211_212_213_214_217_218_219_220_223_224_226_227_228_229_231_233_234_235_238_241_243_244_245_248_251_255_256_258_259_262_264_265_268_271_272_282  4.68e+08  3.63e+08 -88727.62  18455.37  14873.17    607.75     80.68    168.25   2535.44  -5493.12      0.00 0
107194 5626.0    43_61_65_77_87_101_105_109_127_135_139_160_166_171_195  1.17e+08  8.87e+07 -20242.54  19934.00  11002.38    568.51     68.83    135.44  -3166.88   4723.58      0.00 0
107195 5626.0    23_24_31_37_47_48_51_57_58_61_69_70_73_74_81_82_85_87_93_94_97_98_105_106_109_113_119_120_123_124_131_132_135_136_145_151_161_172_175_184_198_211_217_223_234_254  3.89e+08  2.99e+08 -12922.01 -42772.78  12374.64    611.13     74.52    253.19  -3978.48  -2554.27      0.00 0
107196 5626.0    0_1_2_3_4_5_6_7_8_9_10_11_12_13_14_15_16_17_18_19_20_21_22_23_24_25_26_27_28_29_30_31_32_33_34_35_36_37_38_39_40_41_42_43_44_45_46_47_48_49_50_51_52_53_54_55_56_57_58_59_60_61_62_63_64_65_66_67_68_69_70_71_72_73_74_75_76_77_78_79_80_81_82_83_84_85_86_87_88_89_90_91_92_93_94_95_96_97_98_99_100_101_102_103_104_105_106_107_108_109_110_111_112_113_114_115_116_117_118_119_120_121_122_123_124_125_126_127_128_129_130_131_132_133_134_135_136_137_138_139_140_141_142_143_144_145_146_147_148_149_150_151_152_153_154_155_157_158_159_160_161_162_163_164_165_167_169_170_172_174_175_176_177_178_179_184_185_186_187_188_193_194_196_198_202_208_209_210_211_215_216_217_221_222_223_229_232_236_239_240_247  4.79e+08  3.67e+08 -220609.84 -52760.16  14946.83    609.37     86.23    193.45   -796.52   -371.66      0.00 0
107197 5626.0    20_24_28_32_35_37_40_44_48_52_55_58_62_66_69_70_73_74_78_79_82_85_88_91_94_97_98_102_103_106_110_113_116_117_120_123_124_128_129_131_132_136_140_144_145_148_151_157_158_161_167_168_172_173_175_181_182_184_190_191_196_197_198_200_205_206_211_212_213_214_217_219_220_223_226_227_230_231_234_235_237_238_242_243_246_249_250_252_253_254_255_257_258_260_261_263_264_266_267_269_270_271_273_274_275_276_277_278_279_280_281_283_284_285_286_287_288_289_290_291_292_293_294_295_296_297_298  2.19e+08  1.64e+08 -166218.41 184798.73  14505.65    598.69     86.66    131.97  -2377.52  -7366.95      0.00 0
107198 5626.0    102_106_110_116_117_120_124_128_136_140_145_148_151_157_158_161_167_168_172_175_181_182_184_190_191_196_197_198_200_205_206_211_212_213_214_217_219_220_223_226_227_230_231_234_235_237_238_242_243_244_246_249_250_252_253_254_255_257_258_259_260_261_264_266_267_270_271_272_274_275_277_279_281_284_289_291  1.51e+08  1.11e+08 -83226.91  49043.96  15334.89    574.65     80.98    149.49   4324.60  -9676.72      0.00 0
107199 5626.0    55_67_78_79_88_89_91_102_103_107_110_111_116_117_121_128_129_136_137_140_141_146_148_151_152_154_157_158_161_162_167_168_172_173_175_176_178_181_182_184_185_187_190_191_196_197_198_199_200_202_203_205_206_209_211_212_213_214_215_217_218_219_220_223_224_226_227_228_229_230_231_232_233_234_235_237_238_239_241_242_243_244_245_246_247_248_249_250_251_252_253_254_255_256_257_258_259_260_261_262_263_264_265_266_267_268_269_270_271_272_273_274_276_278_279_280_282_283_285  5.01e+08  3.89e+08 137941.73  18944.73  15691.71    614.34     83.57      7.82    931.24  -6151.50      0.00 0
