#event_number primary_type du_ids energy_primary em_energy Xmax_pos(x, y, z), Xmax_grams zenith azimuth shower_core_pos_x shower_core_pos_y shower_core_pos_z, N_tested_cores, units are degrees, GeV and meters
103500 5626.0    7_14_15_19_27_30_31_36_39_42_43_46_47_51_56_57_61_64_65_68_73_77_80_81_87_93_97_105_109_119_123_131_135_144_150  3.72e+09  3.09e+09  31656.86   1659.07  10736.13    660.06     71.29      3.00  -3454.92   1878.88      0.00 0
103501 5626.0    89_95_107_121_125_137_146_152_154_176_178_187_202_209_215_229_232_239  2.57e+09  2.12e+09 -25292.82  -2030.57   9877.68    667.26     68.73    184.59   5154.43  -2356.45      0.00 0
103502 5626.0    95_99_114_121_125_133_134_137_143_146_152_154_155_164_165_170_179_188_194_210_216  7.76e+09  6.54e+09  11167.28  22835.60   9686.60    698.30     69.14     63.94   5026.78   -190.25      0.00 0
103503 5626.0    1_2_8_11_13_15_16_19_20_23_24_28_31_32_35_37_39_40_44_47_48_51_52_55_57_58_61_62_66_69_70_73_74_78_81_82_85_87_88_91_93_94_97_98_102_105_106_109_110_113_116_117_119_120_123_124_128_131_132_135_136_139_140_144_145_148_150_151_157_158_160_161_167_171_172_175_181_182_184_190_191_196_198_200_205_206_211_213_217_219_223_226_227_230_231_234_237_242_246_249_250_252_253_254_257_260_261_263_266_267_269_270_273_275_276_277_278_280_281_283_285_286_287_288_289_290_291_292_293_294_295_296_297_298  2.19e+10  1.85e+10 -31865.27  97549.56  14075.73    761.78     82.19    108.09  -2711.17  -4080.92      0.00 0
103504 5626.0    0_1_2_3_4_5_6_7_8_9_10_11_12_13_14_15_16_17_18_19_21_22_23_24_25_26_27_29_30_31_33_34_35_36_38_39_41_42_43_45_46_47_49_50_51_53_54_56_57_59_60_61_63_64_65_67_68_71_72_73_75_76_77_80_81_83_84_86_87_89_90_92_93_95_96_99_100_101_104_105_107_108_109_111_112_114_115_118_119_121_122_125_126_127_130_133_134_135_137_138_139_142_143_146_147_149_150_152_153_154_155_156_159_160_162_163_164_165_166_169_170_171_174_176_178_179_180_183_185_187_188_189_192_193_194_195_199_201_202_203_204_207_208_209_215_218_221_222_225_228_229_232_233_236_239_241_245_247_248_251_256_262_265_268_272_282  4.68e+10  4.04e+10  80274.58 -75673.41  14386.79    739.28     82.57    316.69   3043.85    243.23      0.00 0
103505 5626.0    0_1_2_3_4_5_6_7_8_9_11_12_13_15_16_17_20_21_25_28_29_33_35_41_44_45_49_53_55_59_63_67_79_83_89_95_103_107_111_121_129_137_141_152_162_168_173_185_197_199_212_218_220_224_235_241_243_244_255_259_271  8.32e+10  7.26e+10  18927.92 -27203.30  10252.33    764.30     72.81    304.83   2394.34  -3847.65      0.00 0
103506 5626.0    0_3_4_5_6_9_10_12_13_14_17_18_21_22_25_26_29_30_33_34_35_36_38_41_42_45_46_49_50_53_54_55_56_59_60_63_64_67_68_71_72_75_76_79_80_83_84_86_89_90_91_92_95_96_99_100_103_104_107_108_111_112_114_117_118_121_122_125_126_129_130_133_134_137_138_141_142_143_146_147_148_149_152_153_154_155_158_159_162_163_164_165_168_169_170_173_174_176_177_178_179_182_183_185_186_187_188_191_192_193_194_197_199_200_201_202_203_206_207_208_209_210_212_214_215_216_218_220_221_222_224_227_228_229_231_232_233_235_236_238_239_240_241_243_244_245_246_247_248_250_251_253_255_256_258_259_261_262_264_265_267_268_270_271_272_274_275_277_279_281_282_284_287_289_291_293_295_298  3.55e+09  2.88e+09    -28.93 165812.05  15031.72    699.01     84.82     90.01   4156.70   4214.81      0.00 0
103507 5626.0    2_5_8_9_11_13_15_16_20_23_24_28_29_31_32_35_37_40_41_44_45_47_48_52_55_57_58_62_66_67_69_70_73_74_78_79_82_85_88_89_91_93_97_98_103_111_113_123_131  1.74e+09  1.42e+09  21189.81 -18813.19  10302.36    663.34     70.02    318.40  -1327.61  -1059.35      0.00 0
103508 5626.0    0_1_2_3_4_5_6_7_8_9_10_11_12_13_14_15_16_17_18_19_20_21_22_23_24_25_26_27_28_29_30_31_32_33_34_35_36_37_38_39_40_41_42_43_44_45_46_47_48_49_50_51_52_53_54_55_56_57_58_59_60_61_62_63_64_65_66_67_68_69_70_71_72_73_74_75_76_77_78_79_80_81_82_83_84_85_86_87_88_89_90_91_92_93_94_95_96_97_98_99_100_101_102_103_104_105_106_107_108_109_110_111_112_113_114_115_116_117_118_119_120_121_122_123_124_125_126_127_128_129_130_131_132_133_134_135_136_137_138_139_140_141_142_143_144_145_146_147_148_149_150_151_152_153_154_155_156_157_158_159_160_161_162_163_164_165_166_167_168_169_170_171_172_173_174_175_176_177_178_179_180_181_182_183_184_185_186_187_189_190_191_192_193_195_196_197_198_199_200_201_202_203_204_205_206_207_209_211_212_213_214_218_219_220_223_224_225_226_227_228_229_230_231_233_234_235_237_238_241_242_243_244_245_246_248_249_250_251_252_253_255_256_257_258_259_260_261_264_265_266_267_268_269_270_271_272_273_274_275_276_277_279_280_281_282_283_284_286_287_288_289_290_291_293_294_295_296_297_298  3.55e+09  2.92e+09 -86149.58 272733.56  12537.77    684.97     87.49    107.53  -1552.45   4474.99      0.00 0
103509 5626.0    35_44_45_55_67_78_79_89_91_103_111_117_129_141_158_162_168_173_197_199_212_220_224_235  4.68e+09  3.95e+09 -16848.35  16270.26   9254.50    721.94     68.44    136.00   1945.09  -4491.42      0.00 0
103510 5626.0    0_1_2_3_4_5_6_7_8_9_10_11_12_13_14_15_16_17_18_19_20_21_22_23_24_25_26_27_28_29_30_31_32_33_34_35_36_37_38_39_40_41_42_43_44_45_46_47_48_49_50_51_52_53_54_55_56_57_59_60_61_63_64_65_67_68_69_71_72_73_75_76_77_78_79_80_81_83_84_86_87_89_90_91_92_93_95_96_99_100_101_103_104_105_107_108_109_111_112_114_115_117_118_119_121_122_125_126_127_129_130_133_134_135_137_138_139_141_142_143_146_147_149_150_152_153_154_155_156_159_160_162_163_164_165_166_168_169_170_171_173_174_176_177_178_179_180_183_185_186_187_188_189_192_193_194_195_197_199_201_202_203_204_207_208_209_210_212_215_216_218_220_221_222_224_225_228_229_232_233_235_236_239_240_241_243_244_245_247_248_251_255_256_259_262_264_265_268_271_272_279_282  8.91e+09  7.44e+09 119114.22 -165887.12  14423.89    725.69     85.96    305.68   4706.53  -1388.47      0.00 0
103511 5626.0    0_1_2_3_4_5_6_7_8_9_10_11_12_13_14_15_16_17_18_19_20_21_22_23_24_25_26_27_28_29_30_31_32_33_34_35_36_37_38_39_40_41_42_43_44_45_46_47_48_49_50_51_52_53_54_55_56_57_58_59_60_61_62_63_64_65_66_67_68_69_70_71_73_74_75_77_78_79_80_81_82_83_84_85_87_88_89_90_91_92_93_94_95_97_98_101_102_103_104_105_106_107_109_110_111_113_115_116_117_118_119_120_123_124_127_128_129_131_132_135_136_137_139_140_141_144_145_148_149_150_151_156_157_158_159_160_161_162_166_167_168_171_172_173_175_180_181_182_183_184_189_190_191_195_196_197_198_199_200_201_204_205_206_211_212_213_214_217_219_220_223_225_226_227_230_231_234_235_237_238_242_243_246_249_250_252_253_254_255_257_258_260_261_263_264_266_267_269_270_271_273_274_275_276_277_278_279_280_281_283_284_285_286_287_288_289_290_291_292_293_294_295_296_297_298  1.23e+10  1.03e+10 -68652.14 241324.84  13105.21    760.03     87.01    105.88   -977.41  -8657.27      0.00 0
103512 5626.0    87_92_101_105_109_115_118_127_130_135_139_149_156_159_169_183_192  9.33e+10  8.25e+10  18147.62  10300.91   8342.11    816.83     68.21     29.58   -309.58   4467.81      0.00 0
103513 5626.0    243_253_255_258_259_264_270_271_272_274_279  4.17e+09  3.52e+09  22469.82   -639.42   9311.07    688.94     67.50    358.37   5423.72  -8799.80      0.00 0
103514 5626.0    0_1_2_3_4_5_6_7_8_9_10_11_12_13_14_15_16_17_18_19_20_21_22_23_24_25_26_27_28_29_30_31_32_33_34_35_36_37_38_39_41_42_43_45_46_47_48_49_50_51_53_54_56_57_59_60_61_63_64_65_67_68_69_70_71_72_73_75_76_77_80_81_83_84_85_86_87_89_90_92_93_95_96_97_99_100_101_104_105_107_108_109_112_114_115_118_119_121_122_123_125_126_127_130_131_133_134_135_137_138_139_142_143_144_146_147_149_150_152_153_154_155_156_159_160_163_164_165_166_169_170_171_174_176_177_178_179_180_183_185_186_187_188_189_192_193_194_195_201_202_203_204_208_209_210_215_216_221_222_228_229_232_233_236_239_240_245_247_248_262_265  9.77e+09  8.20e+09 108126.34 -65922.91  14854.11    707.25     83.31    328.63   1241.09   1817.65      0.00 0
103515 5626.0    2_8_11_16_20_24_32_37_48_52_58_62_70_74_82_85_94_98_120_124_132_145  3.39e+09  2.84e+09 -21989.53  -7064.30   9317.48    703.28     68.03    197.81  -3554.25  -1469.22      0.00 0
103516 5626.0    1_7_11_15_19_23_24_27_31_32_37_39_43_47_48_51_57_58_69_70_73_74_81_85_94_97_98_113_124_132_145  4.79e+09  4.04e+09  22075.79  16293.52  10002.72    691.55     69.97     36.43  -3701.42   -832.06      0.00 0
103517 5626.0    0_3_4_5_6_8_9_10_12_13_14_17_18_21_22_25_26_28_29_30_33_34_35_38_41_42_44_45_46_49_50_53_54_55_59_60_63_64_67_68_71_72_75_76_78_79_80_83_84_86_89_90_91_95_96_99_100_102_103_104_107_108_111_112_114_116_117_121_122_125_126_129_130_133_134_137_138_141_142_143_147_148_153_155_157_158_162_163_165_168_169_173_174_177_179_181_182_186_188_190_191_197_200_205_206_214_226_227_230_231_246_249_250_260_261_266_275_276  1.41e+09  1.14e+09 -23219.01 -70372.55  13761.14    670.40     79.48    251.74   3595.28   3353.49      0.00 0
103518 5626.0    112_122_138_142_153_163_177_186  1.48e+09  1.21e+09 -26537.62  -9863.98  10528.97    629.86     69.60    200.39   5594.17   4599.78      0.00 0
103519 5626.0    48_58_69_70_73_74_82_85_88_93_94_97_98_106_110_113_119_120_123_124_128_131_132_136_140_144_145_150_151_160_161_167_172_175_184_190_196_198_205_211_213_217_219_223_230_234_237_242_249_252_254_257_263_266_269_273_276_278_280_283_285_288_290_292_294_296  1.35e+10  1.14e+10  10206.01 -62461.09  13025.99    698.35     78.37    279.28  -3736.27  -4616.58      0.00 0
103520 5626.0    111_116_117_128_129_137_140_141_148_152_157_158_162_167_168_172_173_176_181_182_185_190_191_196_197_198_199_200_202_203_205_206_209_211_212_213_214_217_218_219_220_223_224_226_227_228_229_230_231_232_233_234_235_237_238_241_242_243_244_245_246_247_248_249_250_251_252_253_254_255_256_257_258_259_260_261_262_263_264_265_266_267_268_269_270_271_272_273_274_275_276_277_278_279_280_281_282_283_284_285_286_287_288_289_290_291_292_293_294_295_296_297_298  9.33e+10  8.09e+10 -224824.09 -44434.82  13695.69    756.89     86.58    191.18  -4277.11 -10164.51      0.00 0
103521 5626.0    161_172_175_184_196_198_205_211_213_217_219_223_226_230_234_237_242_246_249_252_254_257_260_261_263_266_269_275_276_280_286_287  3.09e+10  2.67e+10 -21889.95  24551.49  10270.21    756.42     72.66    131.72  -3300.38  -6822.65      0.00 0
103522 5626.0    7_14_15_19_23_27_30_31_36_37_39_42_43_46_47_51_56_57_61_64_65_68_69_70_73_77_80_81_85_87_90_92_93_97_101_104_105_108_109_112_113_115_118_119_123_127_130_131_132_135_138_142_144_149_159_163_169_174  1.05e+10  8.94e+09 -37132.34 -19751.93  11348.36    727.54     74.90    208.01  -1938.70   2154.16      0.00 0
103523 5626.0    96_99_100_108_114_122_125_126_133_134_138_142_143_146_147_153_154_155_163_164_165_170_174_176_177_178_179_186_187_188_193_194_202_203_209_215_228_229_232_233_245_248_251_262_265_268  1.05e+10  8.87e+09 -12507.86  35419.30  10962.82    722.21     73.73    109.45   5090.56   -280.64      0.00 0
103524 5626.0    3_4_10_12_14_17_18_21_22_25_26_30_33_34_36_38_42_46_49_50_53_54_56_59_60_63_64_68_71_72_75_76_77_80_83_84_86_90_92_95_96_99_100_104_107_108_112_114_115_118_121_125_130_133_137_146_149_152_156_159_162_176_180_183_185_199_201  5.01e+09  4.21e+09  14825.60 -36954.37  11417.45    684.98     74.00    291.86   1992.44    868.74      0.00 0
103525 5626.0    24_32_37_47_48_52_57_58_69_70_73_74_81_82_85_93_94_97_98_105_106_109_110_113_119_120_123_124_131_132_135_136_139_144_150_160_171  3.72e+10  3.24e+10   7003.29 -35696.07  10761.43    735.76     73.52    281.10  -3703.52   2490.20      0.00 0
103526 5626.0    3_9_12_13_17_21_25_26_28_29_33_35_38_41_44_45_49_53_55_59_63_66_67_78_79_83_89_91_102_103_116_117_128_148_157_167_181_190_205_213  7.76e+10  6.80e+10 -10291.83 -23989.51   9485.60    747.98     70.03    246.78     74.24  -3601.49      0.00 0
103527 5626.0    0_1_2_4_6_7_10_11_14_15_16_18_19_22_23_24_27_30_31_32_34_36_37_39_42_43_46_47_48_51_54_56_57_58_61_64_65_68_69_70_73_74_77_80_81_84_85_87_90_92_93_94_97_98_101_104_105_108_109_112_113_115_118_119_120_122_123_124_127_130_131_132_135_138_139_142_144_145_149_150_153_156_159_160_163_166_169_171_174_175_177_180_183_186_189_192_201_207  1.51e+10  1.28e+10 -69170.93 -49814.27  13836.62    722.68     80.78    215.76   -480.65   3214.05      0.00 0
103528 5626.0    0_1_2_3_4_5_6_7_8_9_10_11_12_13_14_15_16_17_18_19_20_21_22_23_24_25_26_27_28_29_30_31_32_33_34_35_36_37_38_39_40_41_42_43_44_45_46_47_48_49_50_51_52_53_54_55_56_57_58_59_60_61_62_63_64_65_66_67_68_69_70_71_72_73_74_75_76_77_78_79_80_81_82_83_84_85_86_87_88_89_90_91_92_93_94_95_96_97_98_99_100_101_102_103_104_105_106_107_108_110_111_112_113_114_116_118_119_120_121_122_123_124_125_126_128_130_131_132_133_134_136_138_140_142_143_145_147_151_153_154_155_161_163_164_165_167_169_170_172_174_175_177_179_184_186_188_193_194_198_208_210_216_217_221_222_223_236_240  5.13e+09  4.23e+09 117595.16  55612.09  14797.98    719.93     83.51     25.31   2519.89   1157.61      0.00 0
103529 5626.0    94_106_120_136_140_151_161_172_184_198_217_223  1.58e+09  1.30e+09  10452.84  18581.12   9300.96    661.61     66.43     60.64  -3885.85  -4446.77      0.00 0
103530 5626.0    10_12_14_18_22_25_26_30_34_36_38_42_43_46_49_50_54_56_60_64_65_68_71_72_75_76_77_80_84_86_90_92_95_96_99_100_101_104_108_109_112_114_115_118_122_125_126_127_130_133_134_138_139_142_143_146_147_149_153_154_155_156_159_163_164_165_166_169_170_171_174_176_177_178_179_180_183_186_187_188_189_192_193_194_195_201_202_203_204_207_208_209_210_215_216_221_222_225_228_229_232_236_239_240_245_247_248_262_265  7.76e+10  6.76e+10  62141.14 -64687.08  13517.69    795.00     81.43    313.85   1828.41   3843.91      0.00 0
103531 5626.0    176_178_185_187_193_202_203_208_209_215_218_221_224_228_229_232_233_235_239_241_244_245_248_251_255_256_259_264_271_272_279  5.75e+09  4.86e+09  -8555.44 -31663.92  10707.82    683.32     71.92    254.88   5858.19  -4893.27      0.00 0
103532 5626.0    0_1_2_3_4_5_6_7_8_9_10_11_12_13_14_15_16_17_18_19_20_21_22_23_24_25_26_27_28_29_30_31_32_33_35_36_37_39_40_41_43_44_45_46_47_48_49_51_52_53_55_56_57_58_59_61_62_63_65_66_67_69_70_73_74_77_78_79_80_81_82_83_85_87_88_89_91_92_93_94_97_98_101_102_103_105_106_107_109_110_111_113_115_116_117_119_120_123_124_127_128_129_131_132_135_136_137_139_140_141_144_145_148_150_151_156_157_158_160_161_162_166_167_168_171_172_173_181_182_189_190_191_195_196_197_199_200_205_206_212_213_214_220_224_226_227_230_231_235_238_243_244_246_249_250_253_255_258_259_260_261_264_266_267_270_271_274_275_276_277_279_281_284_286_287_289_291_293_295_298  2.24e+09  1.83e+09  51345.38 -105413.68  15062.13    662.60     82.68    295.97   1850.95  -7975.95      0.00 0
103533 5626.0    3_4_9_10_12_17_18_21_22_25_26_30_33_34_38_41_49_50_53_54_59_60_63_71_72_75_76_83_86_89_95_99_107_111_121_125_137_141_146_152_154_162_173_176_178_185_199_202_203_212_218_224_228_233_235_241_244_248_251_256_259_265_268_272_282  5.89e+10  5.16e+10  24610.31 -34123.05  10911.89    802.11     75.46    305.80   5291.51  -5200.59      0.00 0
103534 5626.0    50_60_71_72_75_76_84_86_95_96_99_100_108_114_121_122_125_126_133_134_137_138_143_146_152_154_162_164_176_178_185_187_199_202_203_218_224_228_233_241_244_251_256_259  3.72e+10  3.23e+10   9157.17 -33427.12  10279.54    788.49     73.48    285.32   4412.80  -2270.44      0.00 0
103535 5626.0    63_67_89_103_111_117_129_148_158_168_181_182_191_200_206_226_227_246  1.35e+10  1.15e+10   7218.21  23492.33   9537.44    703.07     68.79     72.92    787.84  -5397.41      0.00 0
103536 5626.0    88_91_94_102_103_106_110_116_117_120_124_128_129_132_136_140_141_145_148_151_157_158_161_167_168_172_173_175_181_182_184_190_191_196_197_198_199_200_205_206_211_212_213_214_217_219_220_223_224_226_227_230_231_234_235_237_238_241_242_243_244_246_249_250_252_253_254_255_256_257_258_259_260_261_263_264_266_267_268_269_270_271_272_273_274_275_276_277_278_279_280_281_282_283_284_285_286_287_288_289_290_291_292_293_294_295_296_297_298  2.88e+09  2.34e+09 169127.80 -81541.18  15205.62    655.22     85.37    334.26   -986.26  -7798.11      0.00 0
103537 5626.0    0_1_2_3_4_5_6_7_8_9_10_11_12_13_14_15_16_17_18_19_20_21_22_23_24_25_26_27_28_29_30_31_32_33_34_35_36_37_38_39_40_41_42_43_44_45_46_47_48_49_50_51_52_53_54_55_56_57_58_59_60_61_62_63_64_65_66_67_68_69_70_71_72_73_74_75_76_77_78_79_80_81_82_83_84_85_86_87_88_89_90_91_92_93_94_95_96_98_99_100_101_102_103_104_105_106_107_108_109_110_111_112_114_115_116_117_118_120_121_122_126_127_128_129_130_136_137_138_139_140_141_142_148_149_153_156_157_158_159_161_162_163_166_167_168_169_172_173_174_180_181_182_183_189_190_191_192_195_196_197_200_201_204_205_206_207_211_212_213_214_219_220_225_226_227_230_231_234_237_238_242_243_246_249_250_252_253_257_258_260_261_263_266_267_269_270_273_275_276_277_280_281_283_284_285_286_287_288_289_290_291_292_293_294_295_296_297_298  4.68e+10  4.02e+10  10645.94 125465.98  14613.62    740.10     83.38     85.15   -496.30 -10191.90      0.00 0
103538 5626.0    0_1_2_3_4_5_6_7_8_9_10_11_12_13_14_15_16_17_18_19_20_21_22_23_24_25_26_27_28_29_30_31_32_33_34_35_36_37_38_39_40_41_42_43_44_45_46_47_48_49_50_51_52_53_54_55_56_57_58_59_60_61_62_63_64_65_66_67_68_69_70_71_72_73_74_75_76_77_78_79_80_81_82_83_84_85_86_88_89_90_91_93_94_95_96_97_98_99_100_102_104_106_107_108_110_112_113_114_120_122_124_125_126_128_131_132_133_134_136_138_140_143_145_147_151_153_154_155_161_163_164_165_170_175_177_179_184_186_188_193_194_198_208_210_216_217_222_236_240  2.69e+09  2.18e+09 -87622.97 -38482.04  14439.22    683.51     81.42    203.71   4295.13   1525.19      0.00 0
103539 5626.0    0_1_2_3_4_5_6_7_8_9_10_11_12_13_14_15_16_17_18_19_20_21_22_23_24_25_26_27_28_29_30_31_32_33_34_35_36_37_38_39_40_41_42_43_44_45_46_47_48_49_50_51_52_53_54_55_56_57_58_59_60_61_62_63_64_65_66_67_68_69_70_71_72_73_74_75_76_77_78_79_80_81_82_83_84_85_86_87_89_90_91_92_93_95_96_97_98_99_100_101_103_104_105_107_108_109_111_112_113_114_115_118_119_121_122_123_125_126_127_129_130_131_133_134_135_137_138_139_141_142_143_144_146_147_149_150_152_153_154_155_156_159_160_162_163_164_165_166_169_170_171_173_174_176_177_178_179_180_183_185_186_187_188_189_192_193_194_195_199_201_202_203_204_207_208_209_210_215_216_218_221_222_224_225_228_229_232_233_236_239_240_241_245_247_248_251_256_262_265_268_272_282  8.13e+09  6.73e+09 154871.62 -104501.59  14835.15    703.19     85.46    325.99    284.88   2075.15      0.00 0
103540 5626.0    0_1_2_3_4_5_6_7_8_9_10_11_12_13_14_15_16_17_18_19_20_21_22_23_24_25_26_27_28_29_31_32_33_34_35_37_38_39_40_41_44_45_47_48_49_50_51_52_53_55_57_58_59_62_63_66_67_69_70_71_72_73_74_75_78_79_81_82_83_85_86_88_89_91_93_94_95_97_98_99_102_103_106_107_110_111_113_114_116_117_120_121_123_124_125_128_129_131_132_133_136_137_140_141_144_145_146_148_151_152_154_157_158_161_162_164_167_168_172_173_175_176_178_181_182_184_185_187_190_191_193_196_197_198_199_200_202_203_205_206_209_211_212_213_214_215_217_218_219_220_221_223_224_226_227_228_229_230_231_232_233_234_235_237_238_239_241_243_244_245_246_247_248_250_251_253_255_256_258_259_262_264_265_268_271_272_274_279_282  2.57e+09  2.08e+09 -185106.39  56239.62  14987.92    673.45     85.57    163.10   1607.04  -4098.66      0.00 0
103541 5626.0    3_4_9_10_12_13_17_18_21_22_25_26_29_30_33_34_35_38_41_42_45_46_49_50_53_54_55_59_60_63_64_67_68_71_72_75_76_79_83_84_86_89_90_91_95_96_99_100_103_104_107_108_111_112_114_117_121_122_125_126_129_130_133_134_137_138_141_142_143_146_147_148_152_153_154_155_158_162_163_168_169_173_174_176_177_178_181_182_185_186_191_192_197_199_200_206_212_214_218_220_224_226_227_231_235_238_243_244_246_250_253_255_258_260_261_264_267_270_271_274_275_277_279_281_284_286_287_289_291_293_294_295_297_298  5.37e+10  4.65e+10  -4997.01 -79870.06  13391.79    761.34     80.50    266.42   2251.51  -8658.75      0.00 0
103542 5626.0    0_1_2_3_4_5_6_7_8_9_10_11_12_13_14_15_16_17_18_19_20_21_22_23_24_25_26_27_28_29_30_31_32_33_34_35_36_37_38_39_40_41_42_43_44_45_46_47_48_49_50_51_52_53_54_55_56_57_58_59_60_61_62_63_64_65_66_67_68_69_70_71_72_73_74_75_76_77_78_79_80_81_82_83_84_85_86_87_88_89_90_91_92_93_94_95_96_97_98_99_100_101_102_103_104_105_106_107_109_110_111_113_114_115_116_117_118_119_120_121_123_124_125_127_128_129_131_132_133_135_136_137_139_140_141_143_144_145_146_148_150_151_152_154_156_157_158_160_161_162_164_166_167_168_171_172_173_175_176_178_181_182_184_185_187_189_190_191_195_196_197_198_199_200_202_203_205_206_209_211_212_213_214_217_218_219_220_224_226_227_228_229_230_231_232_233_235_237_238_241_243_244_245_246_247_248_249_250_251_253_255_256_258_259_260_261_262_264_265_267_268_270_271_272_274_277_279_281_282_284_289_291  1.35e+10  1.13e+10 165828.39 -160979.72  13811.65    735.01     86.58    315.85  -4237.95   1411.19      0.00 0
103543 5626.0    0_1_2_3_4_5_6_7_8_9_10_11_12_13_14_15_16_17_18_19_20_21_22_23_24_25_26_27_28_29_31_32_33_34_35_37_38_40_41_44_45_47_48_49_50_51_52_53_55_57_58_59_62_63_66_67_69_70_71_72_73_74_75_76_78_79_81_82_83_85_86_88_89_91_93_94_95_97_98_99_103_107_111_113_114_121_123_124_125_131_132_133_137_141_143_146_152_154_162_164_176_178_185_187_193_202_203_209_215_218_221_228_229_232_233_239_245_247_248_262_265  1.78e+09  1.45e+09  63791.45 -20530.33  13342.02    681.43     78.74    342.16   4815.11  -2530.69      0.00 0
103544 5626.0    162_168_173_181_182_185_191_197_199_200_203_205_206_212_214_218_220_224_226_227_230_231_235_237_238_246_249_250_252_253_257_260_261_266_269_273_276_278_280_283_285_292  4.37e+10  3.80e+10  30124.95  18309.06  10408.79    776.46     73.55     31.29    346.54  -7740.58      0.00 0
103545 5626.0    29_35_40_41_44_45_53_55_59_62_63_66_67_78_79_83_88_89_91_95_99_102_103_106_107_110_111_116_117_120_121_125_128_129_133_136_137_140_141_145_146_148_151_152_154_157_158_161_162_164_167_168_172_173_175_176_178_181_182_184_185_187_190_191_193_196_197_198_199_200_202_203_205_206_209_211_212_213_214_215_217_218_219_220_221_223_224_226_227_228_229_230_231_232_233_234_235_236_237_238_239_241_242_243_244_245_246_247_248_249_250_251_252_253_254_255_256_257_258_259_260_261_262_263_264_265_266_267_268_269_270_271_272_273_274_275_276_277_278_279_280_281_282_283_284_285_286_287_288_289_290_291_292_293_294_295_296_297_298  6.76e+09  5.61e+09 -296758.03 -59405.84  11785.17    698.36     87.77    191.32  -1203.39  -8194.83      0.00 0
103546 5626.0    0_1_2_3_4_5_6_7_8_9_10_11_12_13_14_15_16_17_18_19_20_21_22_23_24_25_26_27_28_29_30_31_32_33_34_35_36_37_38_39_40_41_42_43_44_45_46_47_48_49_50_51_52_53_54_55_56_57_58_59_60_61_62_64_65_66_68_69_70_71_72_73_74_75_76_77_78_80_81_82_84_85_86_87_88_90_92_93_94_96_97_98_100_101_102_104_106_108_110_112_113_114_118_120_122_124_126_130_132_134_136_138_140_142_145_147_151_153_155_159_161_163_169_174_175_177_179_184_186_188_198_210_217  2.24e+10  1.91e+10 -66651.96 -51384.53  13615.83    750.26     80.81    217.63   4938.97   4520.25      0.00 0
103547 5626.0    0_1_2_3_4_5_6_7_8_9_10_11_12_13_14_15_16_17_18_19_21_22_25_26_27_28_29_30_33_34_35_36_38_39_41_42_43_44_45_46_49_50_53_54_55_56_59_60_63_64_65_67_68_71_72_75_76_77_78_79_80_83_84_86_89_90_91_92_95_96_99_100_101_103_104_107_108_111_112_114_115_116_117_118_121_122_125_126_129_130_133_134_137_138_141_142_143_146_147_148_149_152_153_154_155_156_158_159_162_163_164_165_168_169_173_174_176_177_178_179_180_181_182_183_185_186_187_191_192_197_199_200_201_202_203_204_206_207_212_214_218_220_224_225_226_227_231_233_235_238_241_243_244_246_250_251_253_255_256_258_259_261_264_267_270_271_272_274_275_277_279_281_284_287_289_291_293_295_298  1.12e+10  9.41e+09  -9784.85 114605.45  14653.09    712.98     82.74     94.88   3267.17  -9288.76      0.00 0
103548 5626.0    95_99_107_111_114_121_125_129_133_137_141_143_146_152_154_162_168_173_176_185_191_197_199_206_212_214_218_220_224_227_231_235_238_243_250_253_255_258_261_264_267_270_274_277_281_284_287_289_291_293_295_298  4.27e+10  3.70e+10 -10006.76 -39927.06  11121.76    751.69     74.88    255.93   2729.88  -6932.86      0.00 0
103549 5626.0    158_168_182_191_197_200_205_206_214_226_227_230_231_246_249_250_252_260_261_266_269_275_276_280_283_286_288_290_292_294_296  6.61e+10  5.75e+10  20183.71  29400.46  10610.94    748.74     73.43     55.53   -868.06  -9797.49      0.00 0
103550 5626.0    37_47_48_57_58_69_70_73_74_81_82_85_93_94_97_98_105_106_109_110_113_119_120_123_124_131_132_135_136_139_140_144_145_150_151_160_161_171_172_175_184_198_211_217_223_234  6.31e+09  5.27e+09  -2164.91 -37095.74  11112.85    692.18     73.35    266.66  -3440.81   -478.72      0.00 0
103551 5626.0    0_1_2_3_4_5_6_7_8_9_10_11_12_13_14_15_16_17_18_19_20_21_22_23_24_25_26_27_28_29_30_31_32_33_34_35_36_37_38_39_40_41_43_44_45_47_48_49_51_52_53_55_56_57_58_59_61_62_63_65_66_67_69_70_71_73_74_75_77_78_79_81_82_83_85_87_88_89_91_93_94_95_97_98_102_103_105_106_107_109_110_111_113_116_117_119_120_121_123_124_125_128_129_131_132_135_136_137_139_140_141_144_145_146_148_150_151_152_157_158_160_161_162_167_168_172_173_175_176_181_182_184_185_190_191_196_197_198_199_200_202_203_205_206_211_212_213_214_217_218_219_220_224_226_227_228_230_231_233_235_237_238_241_243_244_246_248_249_250_251_253_255_256_258_259_260_261_262_264_265_267_268_270_271_272_274_277_279_281_282_284_289_291  9.77e+10  8.54e+10 -118090.85 108172.41  14151.79    829.44     84.95    137.51  -1673.80  -2371.50      0.00 0
103552 5626.0    12_17_18_21_22_25_26_33_34_38_42_49_50_53_54_59_60_63_64_68_71_72_75_76_83_84_86_89_90_95_96_99_100_104_107_108_111_112_114_121_122_125_126_130_133_134_137_138_141_142_143_146_152_154_162_168_173_176_178_185_197_199_202_203_212_218_220_224_228_233_235_241_243_244_251_255_256_259_264_268_271_272_274_279  9.12e+09  7.70e+09  16334.30 -52443.39  12288.00    733.86     77.39    287.30   4543.33  -5351.16      0.00 0
103553 5626.0    152_162_176_185_202_203_218_228_233_245_248_262  7.94e+10  6.97e+10  18328.97  -4224.84   8303.86    757.59     66.18    347.02   6091.39  -4588.43      0.00 0
103554 5626.0    0_1_2_3_4_5_6_7_8_9_10_11_12_13_14_15_16_17_18_19_20_21_22_23_24_25_26_27_28_29_30_31_32_33_34_35_36_37_38_39_40_41_42_43_44_45_46_47_48_49_50_51_52_53_54_55_56_57_58_59_60_62_63_64_65_66_67_68_69_70_71_72_74_75_76_77_78_79_80_82_83_84_86_88_89_90_91_92_94_96_100_102_104_106_108_110_112_116_118_120_122_126_128_130_134_136_138_140_142_147_151_153_155_157_159_161_163_167_169_172_174_177_179_184_186_196_198_211_217_219_223_234_254  1.55e+10  1.31e+10 -43798.07 -55717.43  13096.79    746.36     79.53    231.83   3537.26   3958.44      0.00 0
103555 5626.0    167_172_181_184_190_196_198_200_205_206_211_213_217_219_223_226_227_230_231_234_237_238_242_246_249_250_252_253_254_257_258_260_261_264_266_267_269_270_274_275_276_277_279_281_284_287_289_291  1.62e+09  1.32e+09  43253.98 -25948.53  12361.35    675.56     76.23    329.04    -18.73  -8548.53      0.00 0
103556 5626.0    21_25_26_33_38_41_45_49_50_53_59_60_63_67_71_72_75_76_79_83_86_89_91_95_96_99_100_103_107_111_114_117_121_122_125_126_129_133_134_137_141_143_147_148_153_155_158_168_177_179_182_191_200_206  1.62e+10  1.39e+10  14765.75  32855.30  10799.91    723.48     73.31     65.80   2677.39  -1397.63      0.00 0
103557 5626.0    116_117_128_129_148_157_158_167_168_173_181_182_191_197_199_206_212_214_220_224_235_244  9.77e+09  8.35e+09 -22275.02   6118.83   9048.20    749.38     68.61    164.64   1693.76  -5785.98      0.00 0
103558 5626.0    91_116_117_148_157_158_181_182_190_200_205_206_226_227_230_246_249_252_260_261_266_275_276_280_286_288_294  3.72e+10  3.20e+10   4609.60  27694.31   9864.85    727.58     70.64     80.55   -424.54  -7792.10      0.00 0
103559 5626.0    0_1_2_3_4_5_6_7_8_9_10_11_12_13_14_15_16_17_18_19_20_21_22_23_24_25_26_27_28_29_30_31_32_33_34_35_36_37_38_39_40_41_42_43_44_45_46_47_48_49_50_51_52_53_54_55_56_57_58_59_60_61_62_63_64_65_66_67_68_69_70_71_72_73_74_75_76_77_78_79_80_81_82_83_84_85_86_87_88_89_90_92_93_94_95_96_97_98_99_100_101_102_104_105_106_108_109_110_112_113_114_115_118_119_120_122_123_124_125_126_127_130_131_132_133_134_135_136_138_139_142_143_144_145_147_149_150_151_153_155_156_159_160_161_163_164_165_166_169_170_171_174_175_177_179_180_183_184_186_188_189_192_193_194_195_201_204_207_208_210_216_222_225_236_240  6.31e+09  5.21e+09 288033.19 101602.03  11733.36    690.90     87.80     19.43  -4044.94   2080.16      0.00 0
103560 5626.0    41_45_63_67_79_89_91_102_103_111_116_117_128_129_148_157_158_167_181_182_190_196_200_205_213_219_226_230_234_237_242_249_252_254_257_263_266_269_273_278_280_283_285_292  5.01e+09  4.19e+09 -22431.07 -32735.24  11341.48    694.65     74.05    235.58  -2088.38  -7523.04      0.00 0
103561 5626.0    8_13_16_20_28_35_40_44_52_55_62_66_78_82_88_91_102_106_110_116_128_136_140_157_167_172_181_190_196_205_211_213_219_230_234_237_242_252_257_263_269_273_278_283_285_292  2.04e+10  1.76e+10  -9281.43 -30877.86  10227.96    751.15     72.40    253.27  -2162.47  -5967.70      0.00 0
103562 5626.0    146_152_154_162_164_170_173_176_178_185_187_193_194_197_199_202_203_208_209_212_214_215_216_218_220_221_222_224_228_229_231_232_233_235_236_238_239_240_241_243_244_245_247_248_250_251_253_255_256_258_259_261_262_264_265_267_268_270_271_272_274_275_277_279_281_282_284_286_287_289_291_293_294_295_297_298  7.94e+10  6.93e+10  57539.20  98901.92  14292.55    764.20     82.88     59.81   3456.07 -10687.46      0.00 0
103563 5626.0    147_153_163_177_179_186_188_210_216_240  5.25e+09  4.42e+09 -18198.97   7146.76   8770.59    698.88     65.84    158.56   5864.97   3014.03      0.00 0
103564 5626.0    173_182_185_191_197_199_200_202_203_205_206_212_214_218_220_224_226_227_228_229_230_231_233_235_237_238_241_243_244_245_246_247_248_249_250_251_252_253_255_256_257_258_259_260_261_262_263_264_265_266_267_268_269_270_271_272_273_274_275_276_277_278_279_280_281_282_283_284_285_286_287_288_289_290_291_292_293_294_295_296_297_298  1.95e+10  1.67e+10 102913.02  52708.59  14319.97    763.01     82.94     27.12   -634.93 -10760.38      0.00 0
103565 5626.0    9_12_17_18_21_25_26_33_34_38_49_50_53_54_59_60_71_72_75_76_84_86_96_100_108_114_122_126_134_138_147_153_155_177_179_186_188_210  4.79e+10  4.18e+10 -23824.84 -24723.10  10320.43    775.04     73.27    226.06   4982.65   3004.43      0.00 0
103566 5626.0    0_1_2_3_4_5_6_7_8_9_10_11_12_13_14_15_16_17_18_19_21_22_23_24_25_26_27_28_29_30_31_33_34_35_36_37_38_39_41_42_43_45_46_47_49_50_51_53_54_56_57_59_60_61_63_64_65_67_68_69_71_72_73_75_76_77_80_81_83_84_86_87_89_92_93_95_97_99_100_101_105_107_109_114_119_121_123_125_127_133_135_139_144_146_150_152_154_160_171_176_178_187_202_203_209_228_229  8.51e+10  7.41e+10 -41259.67  28793.85  11884.33    747.53     76.71    145.09  -1167.87   1708.56      0.00 0
103567 5626.0    2_5_8_9_13_16_20_21_24_28_29_32_35_37_40_41_44_45_48_52_53_55_58_59_62_63_66_67_69_70_74_78_79_82_83_85_88_89_91_94_95_98_102_103_106_107_110_111_113_116_117_120_121_124_128_129_131_132_136_137_140_141_145_146_148_151_152_157_158_161_162_167_168_172_173_175_176_178_181_182_184_185_190_191_196_197_198_199_200_202_203_205_206_211_212_214_217_218_220_224_228_229_231_233_235_238_241_243_244_245_247_248_251_255_256_259_262_265_268_271_272_282  2.75e+10  2.38e+10 -89277.88  28526.54  14023.97    734.87     81.49    162.28   -236.06  -3809.63      0.00 0
103568 5626.0    107_111_121_125_129_137_141_146_152_158_162_168_173_182_191_197_199_206_212_214_220_227_231_238_246_250_253_260_261_267_275_277  3.63e+10  3.15e+10  11705.59  26254.18   9690.68    772.65     71.37     65.97   2108.71  -6222.66      0.00 0
103569 5626.0    60_72_76_84_86_96_100_108_112_114_122_126_138_142_153_163_169_174  1.55e+09  1.27e+09  -1640.78  23523.22   9685.45    656.81     67.67     93.99   3020.31   2901.77      0.00 0
103570 5626.0    242_254_257_263_266_269_273_276_278_280_283_285_286_287_288_290_292_293_294_295_296_297_298  1.29e+10  1.09e+10  48967.00 -43720.08  13033.71    716.15     78.77    318.24  -3936.98 -10470.54      0.00 0
103571 5626.0    63_75_83_89_95_99_103_107_111_114_121_125_129_133_134_137_141_143_146_152_154_164_165_170_187_188_193_194_208_210_216_222_236_240  3.80e+09  3.17e+09  26875.00  23585.35  11164.33    662.88     72.66     41.27   5225.68   -434.69      0.00 0
103572 5626.0    202_203_209_215_218_224_228_229_232_233_235_239_241_243_244_245_247_248_251_255_256_258_259_262_264_265_268_270_271_272_274_279_284  1.91e+09  1.56e+09 -18558.76 -30487.82  11212.63    654.84     72.56    238.67   5703.73  -6032.05      0.00 0
103573 5626.0    5_8_9_13_17_20_21_25_28_29_32_33_35_40_41_44_45_49_52_53_55_58_59_62_63_66_67_71_74_75_78_79_82_83_88_89_91_94_95_99_102_103_106_107_110_111_116_117_120_121_124_125_128_129_133_136_137_140_141_145_146_151_152_154_161_162_164_175_176_178_184_185_187_193_202_209_215_221_229_232_239_247  1.38e+09  1.12e+09 -51205.70  -6250.99  12356.10    688.47     76.53    186.96    971.65  -2603.20      0.00 0
103574 5626.0    0_1_2_3_4_5_6_7_8_9_10_11_12_13_14_15_16_17_18_19_20_21_22_23_24_25_26_27_28_29_30_31_32_33_34_35_36_37_38_39_40_41_42_43_44_45_46_47_48_49_50_51_52_53_54_55_56_57_58_59_60_61_62_63_64_65_66_67_68_69_70_71_72_73_74_75_76_77_78_79_80_81_82_83_84_85_86_87_88_89_90_91_92_93_94_95_96_97_98_99_100_101_102_103_104_105_106_107_108_109_110_111_112_113_114_115_116_117_118_119_120_121_122_123_124_125_126_127_128_129_130_131_132_133_134_135_136_137_138_139_140_141_142_143_144_145_146_147_150_151_152_153_154_155_157_159_160_161_162_163_164_165_167_169_170_172_174_175_176_177_178_179_184_185_186_187_188_193_194_198_202_208_209_210_215_216_217_221_222_229_232_236_239_240_247  6.03e+09  4.93e+09 -204321.27 -33275.83  14693.63    684.71     85.94    189.25   5758.15    965.04      0.00 0
103575 5626.0    20_28_32_35_40_44_45_52_55_58_62_66_67_74_78_79_82_88_89_91_94_98_102_103_106_110_111_116_117_120_124_128_129_132_136_141_148_157_158_162_168_173_182_191_197_199_212_214_220_224_235_241_243_244_255_256_259  9.77e+09  8.27e+09  33098.62 -22082.38  11229.11    713.72     74.24    326.29    751.23  -4288.16      0.00 0
103576 5626.0    0_1_2_3_4_5_6_7_8_9_10_11_12_13_14_15_16_17_18_19_20_21_22_23_24_25_26_27_28_29_30_31_32_33_34_35_36_37_38_39_40_41_42_43_44_45_46_47_48_49_50_51_52_53_54_55_56_58_59_60_62_63_64_65_66_67_68_69_70_71_72_74_75_76_77_78_79_80_82_83_84_86_88_89_90_91_92_94_95_96_99_100_102_103_104_106_107_108_110_111_112_114_116_117_118_120_121_122_125_126_128_129_130_133_134_136_137_138_140_141_142_143_145_146_147_148_151_152_153_154_155_157_158_159_161_162_163_164_165_167_168_169_170_172_173_174_175_176_177_178_179_181_182_184_186_187_188_190_191_192_193_194_196_197_198_200_205_206_208_210_211_213_214_216_217_219_222_223_226_227_230_231_234_237_240_242_246_249_250_252_254_257_260_261_263_266_269_273_275_276_278_280_283_285_286_288_290_292_294_296  4.17e+10  3.55e+10 -80356.29 -122844.07  14781.14    735.94     84.25    236.81  -2897.64  -7914.35      0.00 0
103577 5626.0    21_29_33_41_45_49_53_55_59_63_67_71_75_78_79_83_86_89_91_95_99_102_103_107_110_111_114_116_117_121_125_128_129_133_134_137_140_141_143_146_148_152_154_157_158_162_164_165_167_168_170_172_173_181_182_187_188_190_191_193_194_196_200_205_206_208_211_213_216_219_223_226_227_230_234_237_242_249_252_254_257_263_266_269_273_278_283_285_292  6.61e+09  5.57e+09  43884.04  41877.92  12794.01    710.59     78.09     43.66  -1363.91  -6313.12      0.00 0
103578 5626.0    69_70_73_74_85_93_94_97_98_113_119_120_123_124_131_132_135_136_144_145_150_151_160  3.02e+09  2.51e+09  -2214.50  30743.31  10613.20    662.95     71.00     94.12  -3987.71    506.08      0.00 0
103579 5626.0    110_116_117_120_128_136_140_145_148_151_157_158_161_167_168_172_175_181_182_184_190_191_196_197_198_200_205_206_211_212_213_214_217_219_220_223_226_227_230_231_234_235_237_238_242_243_244_246_249_250_252_253_254_255_257_258_259_260_261_263_264_266_267_269_270_271_272_274_275_276_277_279_281_284_289_291  1.62e+09  1.31e+09 -82279.86  37479.75  14465.81    658.65     80.91    155.51  -1793.76  -6711.22      0.00 0
103580 5626.0    96_100_114_126_133_134_143_164_165_170_193_194_208_215_221_236_239  2.95e+10  2.55e+10  20950.77 -10259.15   9212.58    726.68     68.45    333.91   6123.00   -179.85      0.00 0
103581 5626.0    58_62_66_70_74_82_85_88_91_94_97_98_102_106_110_113_116_117_120_124_128_131_132_136_140_145_148_151_157_158_161_167_172_175_181_182_184_190_191_196_198_200_205_206_211_213_214_217_219_223_226_227_230_231_234_237_238_242_246_249_250_252_253_257_258_260_261_266_267_269_270_274_275_276_277_280_281_284_286_287_288_289_291_293_294_295_297_298  9.77e+09  8.24e+09  50603.47 -70917.27  13923.25    719.39     80.92    305.51   -305.01  -8240.70      0.00 0
103582 5626.0    21_33_38_41_45_49_53_55_59_63_67_71_72_75_79_83_86_89_91_95_99_100_102_103_107_111_114_116_117_121_125_126_128_129_133_134_137_141_143_146_147_148_152_154_155_157_158_162_164_165_167_168_170_173_176_178_179_181_182_185_187_188_190_191_193_194_196_197_199_200_205_206_208_209_210_212_213_214_215_216_219_221_222_226_227_230_231_236_237_240_242_246_249_252_257_260_263_266_269_273_278_280_283_285_290_292  1.38e+09  1.12e+09 -45316.71 -52296.59  13651.62    653.79     78.84    229.09   3323.95  -2323.95      0.00 0
103583 5626.0    0_1_2_3_4_5_6_7_8_9_10_11_12_13_14_15_16_17_18_19_20_21_22_23_24_25_26_27_28_29_30_32_33_34_35_36_38_39_40_41_42_43_44_45_46_49_50_52_53_54_55_56_59_60_62_63_64_65_66_67_68_71_72_75_76_77_78_79_80_83_84_86_88_89_90_91_92_95_96_99_100_102_103_104_107_108_110_111_112_114_115_116_117_118_121_122_125_126_128_129_130_133_134_137_138_141_142_143_146_147_148_149_152_153_154_155_157_158_159_162_163_164_165_167_168_169_170_173_174_176_177_178_179_180_181_182_183_185_186_188_190_191_192_197_199_200_201_205_206_207_210_212_213_214_218_220_224_226_227_230_231_235_237_238_243_246_249_250_252_253_255_258_260_261_264_266_267_269_270_274_275_276_277_280_281_283_284_286_287_288_289_290_291_293_294_295_296_297_298  1.07e+10  9.02e+09 -20421.06 -121510.24  14452.54    759.14     83.31    260.46   2746.65   2227.55      0.00 0
103584 5626.0    227_231_238_250_253_258_264_267_270_274_279_281_284  1.23e+09  1.01e+09 -21482.99  13818.32   9606.22    714.29     69.39    147.25   3860.36 -10002.10      0.00 0
103585 5626.0    173_176_185_191_197_199_200_202_203_206_209_212_214_218_220_224_226_227_228_229_231_232_233_235_238_239_241_243_244_245_246_247_248_249_250_251_252_253_255_256_258_259_260_261_262_264_265_266_267_268_269_270_271_272_274_275_276_277_279_280_281_282_283_284_285_286_287_288_289_290_291_292_293_294_295_296_297_298  2.63e+09  2.16e+09 -66740.50 -49115.50  14194.16    660.21     80.28    216.35   3172.78  -8291.33      0.00 0
103586 5626.0    32_48_58_74_82_94_98_106_120_124_145_151_175_184  1.86e+09  1.54e+09  17822.40  15029.13   9718.74    645.82     67.37     40.14  -4214.97  -2785.96      0.00 0
103587 5626.0    279_284_289_291_295_298  3.47e+10  3.01e+10  30292.50  14945.18  10327.15    763.39     73.00     26.26   6031.60 -10248.18      0.00 0
103588 5626.0    249_252_266_269_273_280_283_285_290_292  7.76e+09  6.55e+09  17759.87  15536.64   9228.41    730.86     68.64     41.18  -3736.44 -11096.03      0.00 0
103589 5626.0    0_1_2_3_4_5_6_7_8_9_10_11_12_13_14_15_16_17_18_19_20_21_22_23_24_25_26_27_28_29_30_31_32_33_34_35_36_37_38_39_40_41_42_43_44_45_46_47_48_49_50_51_52_53_54_55_56_57_58_59_60_61_62_63_64_65_66_67_68_69_70_71_72_74_75_76_77_78_79_80_81_82_83_84_86_87_88_89_90_91_92_94_95_96_99_100_101_102_103_104_106_107_108_110_111_112_114_115_116_117_118_120_121_122_125_126_128_129_130_133_134_136_137_138_140_141_142_143_147_148_149_151_153_155_157_158_159_161_162_163_165_167_168_169_172_173_174_177_179_181_182_183_184_186_188_190_191_192_196_197_198_200_205_206_207_211_213_214_219_223_226_227_230_231_234_237_242_246_249_250_252_254_257_260_261_263_266_269_273_275_276_277_278_280_283_285_286_287_288_290_292_293_294_296_297  2.57e+10  2.19e+10 -44742.53 -110242.77  14503.08    743.31     83.05    247.91    -96.98  -3478.64      0.00 0
103590 5626.0    167_172_196_211_219_223_234_242_254  3.63e+10  3.17e+10 -15572.32 -13733.67   8817.74    725.38     66.99    221.41  -4119.38  -7023.16      0.00 0
103591 5626.0    270_274_279_281_284  2.19e+09  1.80e+09 -28988.04   4285.75  10607.59    636.60     70.10    171.59   6182.90 -10592.37      0.00 0
103592 5626.0    3_4_9_10_12_13_17_18_21_22_25_26_29_33_34_35_38_41_42_45_49_50_53_54_55_59_60_63_64_67_68_71_72_75_76_78_79_83_84_86_89_90_91_95_96_99_100_103_107_108_111_112_114_116_117_121_122_125_126_129_133_134_137_138_141_142_143_146_147_148_152_153_154_155_157_158_162_163_164_165_168_169_170_173_174_176_177_178_179_181_182_185_186_187_188_190_191_193_194_197_199_200_202_203_205_206_208_209_210_212_214_215_216_218_220_221_222_224_226_227_228_229_230_231_232_233_235_236_238_240_241_243_244_246_249_250_252_253_255_256_258_259_260_261_264_266_267_269_270_271_274_275_276_277_279_280_281_284_286_287_288_289_290_291_293_294_295_296_297_298  3.39e+10  2.90e+10 -39355.77 -123317.91  14542.54    755.81     83.59    252.30   5443.59   3325.88      0.00 0
103593 5626.0    22_30_34_36_42_43_46_50_54_56_60_64_65_68_71_72_76_77_80_84_86_87_90_92_96_99_100_101_104_108_109_112_114_115_118_122_126_127_130_133_134_138_139_142_143_147_149_153_154_155_156_159_160_163_164_165_166_169_170_171_174_177_179_180_183_186_187_188_189_192_193_194_195_201_204_207_208_209_210_215_216_221_222_225_229_232_236_239_240_247  1.20e+10  1.01e+10 114610.79 -82872.96  14865.30    721.54     84.00    324.13   3685.43   3943.27      0.00 0
103594 5626.0    4_6_7_10_12_14_18_19_22_25_26_27_30_34_36_38_39_42_43_46_49_50_51_54_56_57_60_61_64_65_68_71_72_76_77_80_81_84_86_87_90_92_93_96_99_100_101_104_105_108_109_112_114_115_118_119_122_126_127_130_133_134_135_138_139_142_143_144_147_149_150_153_154_155_156_159_160_163_164_165_166_169_170_171_174_177_179_180_183_186_187_188_189_192_193_194_195_201_204_207_208_210_215_216_221_222_225_232_236_239_240  3.02e+10  2.57e+10 -157508.08  68846.33  14857.68    717.81     85.06    156.39   1373.78   4724.36      0.00 0
103595 5626.0    7_10_14_18_19_22_27_30_34_36_39_42_43_46_51_54_56_60_61_64_65_68_76_77_80_84_90_96_100_104_108_112_122_126_138_147_153_155_177_179_186_188_210_216  1.35e+10  1.15e+10 -32949.28  -6416.63  10616.25    711.15     72.45    191.02   4071.48   2592.94      0.00 0
103596 5626.0    94_98_106_110_116_120_124_128_132_136_140_145_148_151_157_161_167_172_175_181_182_184_190_196_198_200_205_206_211_213_217_219_226_227_230_231_246_249_250_267  3.72e+10  3.21e+10 -31519.01  33342.07  11618.41    735.83     75.79    133.39  -4345.33  -3005.17      0.00 0
103597 5626.0    89_103_111_117_129_141_148_158_168_182_191_197_200_206_214_220_227_231_238_246_250_253_258_261_267_270_275_277_281_284_287_289_291_293_295_298  1.10e+10  9.27e+09   -187.28  37000.81  11185.44    678.73     73.18     90.29   1520.81  -8761.59      0.00 0
103598 5626.0    0_1_2_3_4_5_6_7_8_9_10_11_12_13_14_15_16_17_18_19_20_21_22_23_24_25_27_28_29_30_31_32_33_35_36_37_39_40_41_42_43_44_45_46_47_48_51_52_53_55_56_57_58_61_62_63_65_66_67_69_70_73_74_77_78_79_80_81_82_85_87_88_89_91_92_93_94_97_98_101_102_103_105_106_109_110_111_115_116_117_119_120_127_128_129_135_136_139_140_148_149_156_157_158_160_166_167_168_171_172_180_181_182_189_190_191_195_196_200_204_205_206_213_214_219_226_227_230_231_237_238_246_249_250_252_253_260_261_266_267_269_270_275_276_277_280_281_286_287_288_289_290_291_293_294_295_296_297_298  1.41e+09  1.13e+09  -8792.67  76225.90  14138.22    635.25     79.56     96.58   -341.89  -6634.11      0.00 0
103599 5626.0    0_1_2_3_4_5_6_7_8_9_10_11_12_13_14_15_16_17_18_19_20_21_22_23_24_25_26_27_28_29_30_31_32_33_34_35_36_37_38_39_40_41_42_43_44_45_46_47_48_49_50_51_52_53_54_55_56_57_58_59_60_61_62_63_64_65_66_67_68_69_70_71_72_73_74_75_76_77_78_79_80_81_82_83_84_85_86_87_88_89_90_91_92_93_94_95_96_97_98_99_100_101_102_103_104_105_106_107_108_109_110_112_113_114_115_116_117_118_119_120_122_123_124_126_127_128_130_131_132_134_135_136_138_139_140_142_143_144_145_147_148_149_150_151_153_155_156_157_159_160_161_163_165_166_167_169_171_172_174_175_177_179_180_183_184_186_188_189_190_192_196_198_201_204_207_210_211_213_216_217_219_223_225_234_242_254_263_278  2.69e+10  2.30e+10 130657.28 131894.52  14709.11    721.62     85.47     45.27   -926.21    614.74      0.00 0
