#event_number primary_type du_ids energy_primary em_energy Xmax_pos(x, y, z), Xmax_grams zenith azimuth shower_core_pos_x shower_core_pos_y shower_core_pos_z, N_tested_cores, units are degrees, GeV and meters
5000 14.0      231_238_246_250_253_258_261_264_267_270_271_274_279  1.41e+08  1.18e+08  20016.91  -2838.14   8527.57    760.90     67.13    351.93   3186.72  -9040.85      0.00 0
5001 14.0      57_61_65_73_81_85_87_92_93_97_101_105_109_113_115_118_119_123_127_131_132_135_139_144_149_150_156_159_160_166_171_180_183_189_192_195_201_204_207_225  1.15e+08  9.77e+07 -50889.11 -55264.00  13314.22    742.27     79.95    227.36  -4369.91   2647.52      0.00 0
5002 14.0      0_1_2_3_4_5_6_7_8_9_10_11_12_13_14_15_16_17_18_19_20_21_22_23_24_25_26_27_28_29_30_31_32_33_34_35_36_37_38_39_40_42_43_44_46_47_48_49_50_51_52_54_56_57_58_59_60_61_62_64_65_66_68_69_70_71_72_73_74_75_76_80_81_82_84_85_86_90_94_96_97_98_100_106_108_112_113_114_120_122_124_126_132_134_138_145_147_153_155_165_177_179_186_188_210_216  5.25e+08  4.49e+08  43994.95  18421.54  11547.69    771.09     76.39     22.72    946.71    779.18      0.00 0
5003 14.0      46_56_64_65_68_77_80_87_90_92_101_104_108_112_118_122_130_138_142_153_163_174_177_186  8.51e+08  7.75e+08 -22417.86  -5576.94   8545.37    845.63     69.70    193.97   2723.69   3717.51      0.00 0
5004 14.0      74_82_88_94_98_102_106_110_113_116_120_124_128_131_132_136_140_145_148_151_157_161_167_172_175_181_182_184_190_196_198_200_205_206_211_213_217_219_223_226_227_230_231_234_237_242_246_249_250_252_253_254_257_258_260_261_263_266_267_269_270_273_274_275_276_277_280_281_283_284_286_287_288_289_290_291_293_294_295_296_297_298  3.16e+08  2.66e+08 -54201.65  77580.76  14515.65    669.05     81.28    124.94  -1617.18  -7533.42      0.00 0
5005 14.0      0_1_2_3_4_5_6_7_8_9_10_11_12_13_14_15_16_17_18_19_20_21_22_23_24_27_28_29_30_31_32_35_36_37_39_40_41_42_43_44_45_46_47_48_51_52_54_55_56_57_58_61_62_64_65_66_67_68_69_70_73_74_77_78_79_80_81_82_85_87_88_90_91_92_93_94_97_98_101_102_103_104_105_106_109_110_113_115_116_117_118_119_120_123_124_127_128_130_131_132_135_136_139_140_144_145_148_149_150_151_156_157_158_159_160_161_166_167_171_172_175_180_181_182_183_184_189_190_192_195_196_198_200_201_204_205_207_211_213_217_219_223_225_226_227_230_234_237_242_246_249_252_254_257_260_261_263_266_269_273_275_276_278_280_283_285_286_287_288_290_292_293_294_296_297  2.04e+08  1.73e+08  -4990.32 -121085.87  14923.03    688.67     82.98    267.64  -2200.79   2905.53      0.00 0
5006 14.0      60_64_84_90_96_108_112_122_138_142_153_163_174_186  5.13e+08  4.74e+08  10988.94  21290.68   9020.05    777.49     69.37     62.70   3739.98   4758.85      0.00 0
5007 14.0      0_1_2_3_4_5_6_7_8_9_10_11_12_13_14_15_16_17_18_19_20_21_22_23_24_25_26_27_28_29_30_31_32_33_35_36_37_39_40_41_43_44_45_46_47_48_51_52_53_55_56_57_58_59_61_62_63_65_66_67_69_70_73_74_77_78_79_80_81_82_83_85_87_88_89_91_92_93_97_101_102_103_105_107_109_111_115_117_119_127_129_135_139_141_150_156_158_160_166_168_171_173_191_195_197  2.82e+08  2.42e+08  22822.02 -44790.71  12347.44    675.77     76.20    297.00  -1286.80   1251.62      0.00 0
5008 14.0      258_264_267_270_274_277_281_284_287_289_291_293_295_297_298  1.82e+08  1.65e+08   8056.56   8576.37   4583.03   1402.50     68.72     46.79   1628.09 -11279.48      0.00 0
5009 14.0      116_117_128_148_157_158_167_172_181_190_196_211  3.31e+08  3.02e+08  15963.29   4502.11   7663.81    801.20     65.20     15.75  -1399.92  -5273.25      0.00 0
5010 14.0      162_168_173_176_178_185_191_197_199_200_202_203_206_209_212_214_215_218_220_224_226_227_228_229_231_232_233_235_238_239_241_243_244_245_246_247_248_249_250_251_252_253_255_256_258_259_260_261_262_264_265_266_267_268_269_270_271_272_274_275_276_277_279_280_281_283_284_286_287_288_289_290_291_292_293_294_295_296_297_298  7.94e+08  6.78e+08  49195.77  41868.89  12416.71    806.76     79.12     40.40   2246.95  -8403.50      0.00 0
5011 14.0      96_100_114_122_126_133_134_138_142_143_147_153_154_155_163_164_165_169_170_174_177_178_179_186_187_188_193_194_202_208_209_210_215_216_221_222_229_232_239_245_247  6.76e+08  5.81e+08  16679.37 -44492.60  12032.28    691.51     75.79    290.55   4756.26   3067.33      0.00 0
5012 14.0      254_257_263_266_269_273_276_278_280_283_285_288  4.07e+08  3.55e+08 -20929.18   9982.71   8678.88    821.24     69.48    154.50  -4293.14  -9106.68      0.00 0
5013 14.0      61_81_87_93_101_105_109_127_135_139_156_166_171_180_189_195_204  1.82e+08  1.57e+08  -5451.62 -21278.92   9067.26    715.85     67.57    255.63  -1820.43   4655.34      0.00 0
5014 14.0      146_152_154_162_164_170_176_178_185_187_193_194_199_202_203_208_209_212_215_216_218_220_221_222_224_228_229_232_233_235_236_239_240_241_243_244_255  4.17e+08  3.53e+08  15341.47  34882.66  11302.34    677.66     73.48     66.26   6145.59  -2461.41      0.00 0
5015 14.0      9_13_20_21_28_29_33_35_40_41_44_45_52_53_55_59_62_63_66_67_75_78_79_82_83_88_89_91_94_95_99_102_103_106_107_110_116_120_125_128_136_140_145_151_161_175_184  1.35e+08  1.15e+08  31624.25   9211.64  10455.05    726.04     72.39     16.24  -1223.50  -2869.24      0.00 0
5016 14.0      88_91_94_98_102_106_110_116_117_120_124_128_132_136_140_145_148_151_157_158_161_167_168_172_175_181_182_184_190_191_196_197_198_200_205_206_213_214_220_226_227_231_238_243_250_253_258_264_270_274_279  1.32e+08  1.08e+08 -36823.47  28583.81  11882.14    703.52     75.70    142.18  -1891.86  -4494.06      0.00 0
5017 14.0      138_142_147_153_155_163_169_174_177_179_186_188_192_210_216  3.72e+08  3.14e+08 -18289.24  15943.48   9670.12    674.67     68.27    138.92   4102.60   4043.97      0.00 0
5019 14.0      0_1_2_3_4_5_6_7_8_9_10_11_12_13_14_15_16_17_18_19_20_21_22_23_24_25_26_27_28_29_30_31_32_33_34_35_36_37_38_39_40_41_42_43_44_45_46_47_48_49_50_51_52_53_54_55_56_57_58_59_60_61_62_63_64_65_66_67_68_69_70_71_72_73_74_75_76_77_78_79_80_81_82_83_84_85_86_87_88_89_90_91_92_93_94_95_96_97_98_99_100_101_102_103_104_105_106_107_108_109_110_111_112_113_114_115_116_117_118_119_120_121_122_123_124_125_126_127_128_129_130_131_133_134_135_136_137_138_139_140_141_142_143_144_146_147_148_149_150_152_153_154_155_156_157_158_159_160_162_163_164_165_166_167_168_169_170_171_173_174_176_177_178_179_180_181_182_183_185_186_187_188_189_190_191_192_193_194_195_196_197_199_200_201_202_203_204_205_206_207_208_209_212_213_214_215_218_220_221_224_225_226_227_228_229_230_231_232_233_235_238_241_243_244_245_246_247_248_249_250_251_253_255_256_258_259_260_261_262_264_265_267_268_270_271_272_274_275_276_277_279_281_282_284_286_287_289_291_293_295_298  5.75e+08  4.86e+08 -79719.53 231260.08  13461.96    735.74     86.85    109.02   4588.44  -9484.21      0.00 0
5020 14.0      64_68_80_84_90_92_96_104_108_112_115_118_122_130_138_142_149_156_159_169_180_183_189_192_201_204_225  3.98e+08  3.42e+08  19157.73 -23878.57  10065.30    746.69     71.80    308.74    217.00   5132.69      0.00 0
5021 14.0      0_1_2_3_4_5_6_7_8_9_10_11_12_13_14_15_16_17_18_19_20_21_22_23_24_25_26_27_28_29_30_31_32_33_34_35_36_37_38_39_40_41_42_43_44_45_46_47_48_49_50_51_52_53_54_55_56_58_59_60_61_62_63_64_65_66_67_68_71_72_74_75_76_77_78_79_80_82_83_84_86_87_88_89_90_91_92_95_96_99_100_101_102_103_104_106_107_108_110_111_112_114_115_116_117_118_121_122_125_126_128_129_130_133_134_136_137_138_140_141_142_143_146_147_148_149_152_153_154_155_157_158_159_162_163_164_165_167_168_169_170_172_173_174_176_177_178_179_180_181_182_183_185_186_187_188_190_191_192_193_194_196_197_199_200_201_202_203_205_206_207_208_209_210_211_212_213_214_215_216_218_219_220_221_222_224_226_227_228_229_230_231_232_233_234_235_236_237_238_239_240_241_242_243_244_245_246_247_248_249_250_251_252_253_255_256_257_258_259_260_261_262_263_264_265_266_267_268_269_270_271_272_273_274_275_276_277_278_279_280_281_282_283_284_285_286_287_288_289_290_291_292_293_294_295_296_297_298  2.57e+08  2.19e+08 -71545.85 -281095.53  11954.17    739.13     87.64    255.72   4320.21    448.46      0.00 0
5022 14.0      0_1_2_3_4_5_6_7_8_9_10_11_12_13_14_15_16_17_18_19_20_21_22_23_24_25_26_27_28_29_30_31_32_33_34_35_36_37_38_39_40_41_42_43_44_45_46_47_48_49_50_51_52_53_54_55_56_57_58_59_60_61_62_63_64_65_66_67_68_69_70_71_72_73_74_75_76_77_78_79_80_81_82_83_84_85_86_87_88_89_90_91_92_93_94_96_97_98_100_101_102_103_104_105_106_108_109_110_112_113_115_116_117_118_119_120_122_123_124_126_127_128_130_131_132_135_136_138_139_140_142_144_145_147_148_149_150_151_153_156_157_159_160_161_163_166_167_169_171_172_174_175_177_180_181_183_184_186_189_190_192_195_196_198_201_204_205_207_211_213_217_219_223_225_230_234_237_242_249_252_254_257_263_266_269_273_278_280_283_285_290_292  1.10e+08  9.06e+07  89677.55 173375.69  14060.26    796.28     85.88     62.65  -3743.70  -3083.81      0.00 0
5023 14.0      0_1_2_4_6_7_10_11_14_15_16_18_19_22_23_24_27_30_31_32_34_36_37_39_42_43_46_47_48_51_54_56_57_58_60_61_64_65_68_69_70_73_74_77_80_81_84_85_87_90_92_93_94_96_97_98_101_104_105_108_109_112_113_115_118_119_122_123_124_127_130_131_132_138_142_147_149_153_159_163_169_174_177_186_192  3.55e+08  3.02e+08  53299.80  36290.55  12990.05    713.39     78.61     34.25   3084.03   4693.85      0.00 0
5024 14.0      182_191_197_200_205_206_214_220_226_227_231_235_238_243_255  3.24e+08  2.86e+08  17266.38   -642.18   7302.20    906.45     67.09    357.87   1891.00  -7194.05      0.00 0
5025 14.0      0_1_2_3_4_5_6_7_8_9_10_11_12_13_14_15_16_17_18_19_20_21_22_23_24_25_26_27_28_29_30_31_32_33_34_35_36_37_38_39_40_41_42_43_44_45_46_47_48_49_50_51_52_53_54_55_56_57_58_59_60_61_62_63_64_65_66_67_68_69_70_71_72_73_74_75_76_77_78_79_80_81_82_83_84_85_86_87_88_89_90_91_92_93_94_95_96_97_98_99_100_101_102_103_104_105_106_107_108_110_111_112_113_114_115_116_117_118_120_121_122_124_125_126_128_129_130_132_133_134_136_137_138_140_141_142_143_145_146_147_148_151_153_154_155_157_158_159_161_163_164_165_167_168_169_170_172_174_175_177_179_181_182_184_186_188_190_192_193_194_196_198_200_205_208_210_211_213_216_217_219_222_223_230_234_237_240_242_252_254_257_263_273_278_285  1.74e+08  1.39e+08 -123036.33 -116308.99  15646.76    620.84     84.72    223.39  -2184.41  -3143.73      0.00 0
5026 14.0      10_14_18_22_26_27_30_34_36_38_39_42_43_46_50_54_56_60_64_65_68_71_72_76_77_80_84_86_87_90_92_96_99_100_101_104_108_109_112_114_115_118_122_126_127_130_133_134_138_139_143_154_155_156_164_165_166_170_171_187_193_208_215_221_239  2.34e+08  1.95e+08  34368.37 -22678.98  11682.89    664.25     74.16    326.58   2212.11   1697.49      0.00 0
5027 14.0      86_95_99_100_107_114_121_122_125_126_133_134_137_141_143_146_147_152_153_154_155_162_164_165_170_173_176_177_178_179_185_186_187_188_193_194_197_199_202_203_208_209_210_212_216_218_220_222_224_235_238_243  1.58e+08  1.30e+08  15192.21  56658.56  13542.73    591.88     77.00     74.99   5611.84   2000.86      0.00 0
5028 14.0      1_6_7_10_11_14_15_19_23_24_27_30_31_32_36_37_39_42_43_46_47_48_51_56_57_58_61_64_65_68_69_70_73_74_77_80_81_85_87_90_92_93_94_97_98_101_104_105_109_112_113_115_118_119_120_123_124_127_130_131_132_135_138_139_142_144_145_149_150_156_159_160_163_166_169_171_174_175_180_183_189_192_195_201_204_207_225  3.39e+08  3.02e+08  62325.97  57392.03  13980.60    699.14     80.63     42.64  -3711.82   1100.29      0.00 0
5029 14.0      102_110_116_117_128_129_136_140_141_148_151_157_158_161_162_167_168_172_173_175_181_182_184_185_190_191_196_197_198_199_200_203_205_206_211_212_213_214_217_218_219_220_223_224_226_227_228_230_231_233_234_235_237_238_241_242_243_244_246_248_249_250_251_253_254_255_256_258_259_262_264_265_268_271_272_282  1.95e+08  1.65e+08  65689.59  -5169.88  13047.11    716.09     78.80    355.50   1237.06  -6259.10      0.00 0
5030 14.0      11_15_16_19_20_23_24_31_32_37_39_40_47_48_51_52_57_58_61_62_69_70_73_74_81_82_85_87_93_97_105_109_119_123_135_139_150_160_171  3.02e+08  2.50e+08  -9046.80  28313.24  10537.31    654.41     70.48    107.72  -2709.99   2067.25      0.00 0
5031 14.0      0_1_2_3_4_5_6_7_8_9_10_11_12_13_14_15_16_17_18_19_20_22_23_24_25_26_27_28_30_31_32_33_34_36_37_38_42_47_48_49_50_52_54_58_60_64_69_70_71_72_74_76_82_84_85_86_94_96_98_100_126_134_155  1.29e+08  1.07e+08 -26576.28  -8954.24   9766.02    743.73     70.80    198.62    521.40    358.78      0.00 0
5032 14.0      1_2_5_8_9_11_13_15_16_19_20_23_24_28_29_31_32_35_37_40_41_44_45_47_48_51_52_55_57_58_62_66_67_69_70_73_74_78_79_81_82_85_88_89_91_93_94_97_98_102_103_105_106_110_111_113_116_117_119_120_123_124_128_129_131_132_135_136_140_141_144_145_148_150_151_157_158_161_167_168_172_173_175_181_182_184_190_191_196_197_198_200_205_206_211_212_213_214_217_219_220_223_226_227_230_231_234_235_237_238_242_243_244_246_249_250_252_253_255_257_258_259_260_261_264_266_267_270_271_274_275_276_277_279_281_284_286_287_289_291_293_295_298  1.10e+08  8.95e+07  76629.34 -98968.16  14903.09    698.24     83.21    307.75  -2942.71  -2619.52      0.00 0
5033 14.0      3_4_9_10_12_17_18_21_22_25_26_29_30_33_34_38_41_42_45_46_49_50_53_54_59_60_63_64_67_68_71_72_75_76_83_84_86_89_90_95_96_100_103_104_107_108_111_112_122_130_138_142_163_169_174  6.17e+08  5.20e+08  -3250.79 -31190.96  10225.77    734.32     71.94    264.05   2079.65   1328.75      0.00 0
5034 14.0      55_66_78_79_88_91_102_103_110_111_116_117_129_137_141_148_158_162_168_173_185_191_197_199_212_214_218_220_224_233_235_241_244_251_255_256_259_268_272_282  1.07e+08  1.02e+08 -32496.50  18131.92  11022.92    707.06     73.50    150.84   3613.25  -5696.94      0.00 0
5035 14.0      22_30_42_46_54_60_64_68_76_84_90_96_100_108_122_126_138_147_153_155_177_179_188_210_216  6.46e+08  5.34e+08 -29178.83  -6720.37  10205.01    709.94     71.18    192.97   5056.87   2755.14      0.00 0
5036 14.0      21_29_33_35_41_44_45_49_53_55_59_62_63_66_67_75_78_79_83_88_89_91_95_99_102_103_106_107_110_111_114_116_117_121_125_128_129_133_136_137_140_141_143_146_148_151_152_154_157_158_161_162_164_165_167_168_170_172_173_175_176_178_181_182_184_185_187_190_191_193_194_196_197_198_199_200_202_203_205_206_208_209_211_212_213_214_215_217_218_219_220_221_222_223_224_226_227_228_229_230_231_232_233_234_235_236_237_238_239_240_241_242_243_244_245_246_247_248_249_250_251_252_253_254_255_256_257_258_259_260_261_262_263_264_265_266_267_268_269_270_271_272_273_274_275_276_277_278_279_280_281_282_283_284_285_286_287_288_289_290_291_292_293_294_295_296_297_298  9.77e+08  8.61e+08 -251105.69 -106950.29  12584.77    737.10     87.36    203.07   2674.80  -6801.62      0.00 0
5037 14.0      100_114_122_126_133_134_138_143_147_153_154_155_163_164_165_170_174_177_179_186_187_188_193_194  6.46e+08  5.37e+08   7390.63 -28352.76   9889.07    749.74     71.35    284.61   4689.45   2480.41      0.00 0
5038 14.0      109_119_123_131_135_139_144_150_160_166_171_189_195_204_225  4.17e+08  3.41e+08 -23151.46 -39115.82  11814.39    699.59     75.43    239.38  -4015.25   4173.00      0.00 0
5039 14.0      69_70_73_74_85_93_97_98_113_119_123_131_144_150  4.37e+08  3.75e+08  -5259.56  18091.74   8467.37    729.26     65.80    106.21  -3619.07   1097.60      0.00 0
5040 14.0      2_5_8_9_11_13_16_20_21_23_24_28_29_32_35_37_40_41_44_45_47_48_52_53_55_58_62_63_66_67_69_70_73_74_78_79_82_83_85_88_89_91_94_97_98_102_103_106_107_110_111_113_116_117_120_124_128_129_131_132_136_137_140_141_145_148_151_152_157_158_161_162_167_168_172_173_175_181_182_184_185_190_191_196_197_199_200_203_205_206_212_214_218_220_224_227_231_233_235_238_241_243_244_248_251_253_255_256_258_259_264_265_268_270_271_272_274_279_282  3.02e+08  2.44e+08  76769.46 -49626.40  14494.75    658.97     80.99    327.12   2614.59  -5832.63      0.00 0
5041 14.0      49_53_59_63_75_83_89_95_107_111_121_137_141_152_162_173_185_199_212_218_224  1.05e+08  8.75e+07   9716.13 -20563.93   9392.88    682.41     67.56    295.29   3296.19  -3822.79      0.00 0
5042 14.0      23_24_31_32_37_47_48_51_52_57_58_61_62_69_70_73_74_81_82_85_87_88_93_94_97_98_105_106_109_110_113_119_120_123_124_128_131_132_135_136_139_140_144_145_150_151_160_161_166_167_171_172_175_184_190_195_196_198_211_213_217_219_223_230_234_237_242_252_254_257_263_269_273_278_280_283_285_290_292_296  2.24e+08  1.91e+08    385.57 -66942.98  11683.62    969.31     80.10    270.33  -4202.45  -2112.18      0.00 0
5043 14.0      55_66_78_79_91_102_103_116_117_129_141_148_158_168_173_182_191_197_206_212_214_220_231_235_238_243_244_253_255_258_259_264_270_271_274_279  6.03e+08  5.10e+08 -24728.97  30646.95  11724.62    634.54     73.42    128.90   3123.24  -7361.76      0.00 0
5044 14.0      133_143_154_164_165_170_176_178_187_193_194_202_203_209_215_228_229_233  6.17e+08  5.64e+08  -1446.90  21556.62   8896.17    735.40     67.62     93.84   5817.51  -1743.91      0.00 0
5045 14.0      4_10_12_14_17_18_22_25_26_30_33_34_36_38_42_43_46_49_50_53_54_56_59_60_64_65_68_71_72_75_76_77_80_83_84_86_90_92_95_96_99_100_101_104_107_108_112_114_115_118_121_122_125_126_127_130_133_134_137_138_142_143_146_147_149_152_153_154_155_156_159_163_164_165_166_169_170_174_176_177_178_179_180_183_185_186_187_188_189_192_193_194_195_201_202_203_204_207_208_209_215_218_221_222_225_228_229_232_233_236_239_241_245_247_248_251_256_262_265_268_272_282  2.34e+08  2.01e+08  52971.90 -71954.45  14151.69    697.04     81.00    306.36   5771.14  -1975.64      0.00 0
5046 14.0      257_263_266_269_273_278_280_283_285  1.45e+08  1.19e+08  21173.22   1028.14   9120.60    686.84     66.72      2.78  -4252.74  -9756.14      0.00 0
5047 14.0      7_11_15_19_23_24_27_31_32_37_39_43_47_48_51_56_57_58_61_65_69_70_73_74_77_81_82_85_87_92_93_94_97_98_101_105_113_120_124_132_145_151_175_184  1.26e+08  1.08e+08 -18004.38 -26632.38  10191.51    755.59     72.41    235.94  -3402.45   -788.53      0.00 0
5048 14.0      121_125_129_137_141_146_152_154_158_162_164_168_170_173_176_178_181_182_185_187_191_193_197_199_200_202_203_205_206_208_209_212_214_215_218_220_221_222_224_226_227_228_229_230_231_232_233_235_236_238_239_240_241_243_244_245_246_247_248_249_250_251_252_253_255_256_257_258_259_260_261_262_264_265_266_267_268_269_270_271_272_273_274_275_276_277_279_280_281_282_283_284_285_286_287_288_289_290_291_292_293_294_295_296_297_298  5.89e+08  5.03e+08 138290.58 138532.12  14786.74    695.00     85.68     45.05   2942.77  -9632.23      0.00 0
5049 14.0      91_102_116_128_140_157_167_172_190_196_198_211  1.86e+08  1.53e+08  16639.30  11794.37   9106.23    668.09     65.94     35.33  -1970.35  -4968.23      0.00 0
5050 14.0      0_1_2_3_4_5_6_7_8_9_10_11_12_13_14_15_16_17_18_19_20_21_22_23_24_25_26_27_28_29_31_32_33_34_35_37_38_39_40_41_44_45_47_48_49_50_51_52_53_55_57_58_59_62_63_66_67_69_70_71_72_73_74_75_76_78_79_81_82_83_85_86_88_89_91_93_94_95_97_98_99_102_103_106_107_110_111_113_114_116_117_120_121_123_124_125_128_129_131_132_133_136_137_140_141_143_144_145_146_148_151_152_154_157_158_161_162_164_167_168_172_173_175_176_178_181_182_184_185_187_190_191_193_196_197_198_199_200_202_203_205_206_209_211_212_213_214_215_217_218_219_220_221_223_224_226_227_228_229_231_232_233_234_235_238_239_241_243_244_245_247_248_251_253_255_256_258_259_262_264_265_268_271_272_282  1.82e+08  1.56e+08 172709.61 -46277.42  15140.15    674.24     85.16    345.00   5605.29  -4750.96      0.00 0
5051 14.0      121_137_152_162_185_199_203_218_224_233_241_244_251_256_259_268_272  2.19e+08  1.92e+08 -14424.73  19472.57   9687.73    671.26     68.21    126.53   4921.75  -5452.72      0.00 0
5052 14.0      95_99_107_111_114_117_121_125_129_133_134_137_141_143_146_148_152_154_155_158_162_164_165_168_170_173_176_178_179_181_182_185_187_188_191_193_194_197_199_200_202_203_205_206_208_209_210_212_214_215_216_218_220_221_222_224_226_227_228_229_230_231_232_233_235_236_238_239_240_241_243_244_245_246_247_248_249_250_251_252_253_255_256_258_259_260_261_262_264_265_266_267_268_269_270_271_272_274_275_276_277_279_280_281_282_283_284_286_287_288_289_290_291_292_293_294_295_296_297_298  1.02e+08  8.40e+07 154246.36 216245.44  13362.78    670.17     87.12     54.50   2938.19 -10942.65      0.00 0
5053 14.0      0_1_2_3_4_5_6_7_8_9_10_12_13_14_16_17_18_20_21_22_25_26_27_28_29_30_33_34_35_36_38_40_41_42_43_44_45_46_49_50_53_54_55_56_59_60_63_64_66_67_68_71_72_75_76_77_78_79_80_83_84_86_89_90_91_92_95_96_99_100_102_103_104_107_108_111_112_114_116_117_118_121_122_125_126_128_129_130_133_134_137_138_141_142_143_146_147_148_149_152_153_154_155_157_158_159_162_163_164_165_168_169_170_173_174_176_177_178_179_181_182_183_185_186_187_188_190_191_192_193_194_197_199_200_202_203_205_206_207_208_209_210_212_214_216_218_220_224_226_227_230_231_233_235_238_241_243_244_246_249_250_252_253_255_258_259_260_261_264_266_267_270_271_274_275_276_277_279_280_281_284_286_287_288_289_290_291_293_294_295_296_297_298  4.68e+08  3.89e+08  19167.46 121982.96  14134.23    808.78     83.47     81.07   2921.96   -862.60      0.00 0
5054 14.0      0_1_2_3_4_5_6_8_9_10_11_12_13_16_17_18_20_21_22_25_26_28_29_30_32_33_34_35_38_40_41_42_44_45_49_50_52_53_54_55_58_59_60_62_63_64_66_67_71_72_75_76_78_79_82_83_84_86_88_89_91_94_95_96_99_100_102_103_106_107_108_110_111_114_116_117_120_121_122_125_126_128_129_133_134_136_137_138_140_141_143_146_147_148_151_152_153_154_155_157_158_161_162_164_165_167_168_170_172_173_176_177_178_179_181_182_184_185_186_187_188_190_191_193_194_196_197_198_199_200_202_203_205_206_208_209_210_211_212_213_214_215_216_217_219_221_222_223_226_227_230_231_232_234_236_237_239_240_242_246_249_252_254_257_260_263_266_269_273_278_280_283_285_290_292  6.76e+08  6.20e+08 -93699.68 -85051.12  14440.22    766.71     83.49    222.23   2924.26  -1686.90      0.00 0
5055 14.0      0_1_2_3_4_5_6_7_8_9_10_11_12_13_14_15_16_17_18_19_21_22_23_24_25_26_27_29_30_31_33_34_36_37_38_39_41_42_43_46_47_49_50_51_53_54_56_57_59_60_61_63_64_65_68_69_71_72_73_75_76_77_80_81_83_84_86_87_90_92_93_95_96_97_99_100_101_104_105_107_108_109_112_114_115_118_119_121_122_123_125_126_127_130_133_134_135_138_139_142_143_144_146_147_149_150_153_154_155_156_159_160_163_164_165_166_169_170_171_176_177_178_179_180_183_187_188_189_193_194_195_202_204_208_209_210_215_216_221_222_228_229_232_236_239_240_245_247_262  1.20e+08  1.00e+08  97291.55 -50538.93  14901.18    665.92     82.26    332.55   -494.00   2758.71      0.00 0
5056 14.0      162_168_173_182_185_191_197_199_200_203_206_212_214_218_220_224_226_227_231_235_238_246_249_250_252_253_260_261_266  3.72e+08  3.04e+08 -23646.27 -18282.51  10519.97    659.99     70.61    217.71   1544.30  -7141.58      0.00 0
5057 14.0      202_203_209_212_215_218_220_224_228_229_232_233_235_238_239_241_243_244_245_247_248_251_253_255_256_258_259_262_264_265_267_268_270_271_272_274_277_279_281_282_284_287_289_291_293_295_297_298  1.00e+08  8.23e+07 -45613.04 -59122.93  13961.20    646.74     79.41    232.35   6396.43  -6649.76      0.00 0
5058 14.0      106_110_128_136_140_161_167_172_190_196_198_211_213_219_234_237_242_252_254_257_263_269_273_278_283_285  1.74e+08  1.42e+08   5438.77  27543.50  10174.21    677.75     70.08     78.83  -2869.49  -6654.36      0.00 0
5059 14.0      8_13_20_28_29_32_35_40_44_45_52_55_58_62_66_78_82_88_94_106_120_124_136_145_151  1.35e+08  1.13e+08 -17749.73  -3014.89   7709.07    846.39     66.82    189.64  -2307.66  -2192.72      0.00 0
5060 14.0      128_136_140_145_151_157_161_167_172_175_181_184_190_196_198_205  2.40e+08  2.02e+08 -16903.69  13359.31   9114.45    696.92     67.07    141.68  -2800.05  -4879.99      0.00 0
5061 14.0      185_199_202_203_209_212_215_218_220_224_228_229_232_233_235_238_239_241_243_244_245_247_248_251_253_255_256_258_259_262_264_265_270  2.29e+08  1.92e+08 -25279.03 -26713.14  10650.20    761.38     73.85    226.58   6347.87  -4914.37      0.00 0
5062 14.0      121_137_141_146_152_154_158_162_168_173_176_178_182_185_187_191_193_197_199_200_202_203_206_209_212_214_215_218_220_224_226_227_231_235_238_243_246_249_250_252_253_258_260_261_266_267_269_270_275_276_277_280_281_283_286_287_288_289_290_292_293_294_295_296_297  1.02e+08  8.36e+07 -29663.08 -38657.68  10972.15    891.38     77.31    232.50    346.35  -9418.93      0.00 0
5063 14.0      0_1_2_3_4_5_6_7_8_9_10_11_12_13_14_15_16_17_18_19_20_21_22_23_24_25_26_27_28_29_30_31_32_33_34_35_36_37_38_39_40_41_42_43_44_45_46_47_48_49_50_51_52_53_54_55_56_57_58_59_60_61_62_63_64_65_66_67_68_69_70_71_72_73_74_75_76_77_78_79_80_81_82_83_84_85_86_87_88_89_90_91_92_93_94_95_96_97_98_99_100_101_102_103_104_105_106_107_108_109_110_111_112_113_114_115_116_117_118_119_120_121_122_123_124_125_126_127_128_129_130_131_132_133_134_135_136_137_138_139_140_141_142_143_144_145_146_147_148_149_150_151_152_153_154_155_156_157_158_159_160_161_162_163_164_165_166_167_168_169_170_171_172_173_174_175_176_177_178_179_181_182_184_185_186_187_188_190_191_193_194_196_197_198_199_200_202_203_205_206_208_209_210_211_212_213_214_215_216_217_218_219_220_221_222_223_224_228_229_232_233_234_235_236_239_240_241_244_245_247_248_251_256_262_265_268_282  1.05e+08  9.05e+07 -291852.88   8865.93  12288.97    688.03     87.59    178.26   5541.33  -1080.76      0.00 0
5064 14.0      77_87_92_101_104_105_109_115_118_119_127_130_135_139_144_149_150_156_160  6.31e+08  5.32e+08 -26252.64  -4059.43  10122.81    655.15     69.14    188.79  -1740.52   3686.65      0.00 0
5065 14.0      172_181_182_190_191_196_198_200_205_206_211_213_214_217_219_220_223_226_227_230_231_234_235_237_238_242_243_244_246_249_250_252_253_254_255_257_258_259_260_261_263_264_266_267_269_270_271_272_273_274_275_276_277_278_279_280_281_283_284_285_286_287_288_289_290_291_292_293_294_295_296_297_298  8.71e+08  7.61e+08 -249669.66  57181.98  13333.78    709.76     87.02    167.10  -1733.93 -11241.20      0.00 0
5066 14.0      197_200_205_206_212_213_214_219_220_224_226_227_230_231_234_235_237_238_241_242_243_244_246_249_250_252_253_254_255_256_257_258_259_260_261_263_264_266_267_268_269_270_271_272_273_274_275_276_277_278_279_281_282_284  1.23e+08  1.01e+08  51081.69   1676.71  12147.65    714.85     76.63      1.88   2987.96  -8266.00      0.00 0
5067 14.0      40_44_52_55_62_66_78_79_82_88_91_94_102_103_106_117_129  9.12e+08  8.18e+08  14389.60  -6823.45   7297.97    849.50     65.38    334.63   -538.00  -2822.88      0.00 0
5068 14.0      231_238_243_246_250_253_258_260_261_266_267_270_275_276_277_280_281_286_287_288_290_292_293_294_296  4.07e+08  3.60e+08 -24121.90 -18177.15  10018.23    746.39     71.65    217.00   -266.13 -10523.03      0.00 0
5069 14.0      0_1_2_3_4_5_6_7_8_9_10_11_12_13_14_15_16_17_18_20_21_22_23_24_25_26_28_29_32_33_34_35_37_38_40_41_44_45_48_49_50_52_53_54_55_58_59_60_62_63_66_67_70_71_72_74_75_76_78_79_82_83_84_86_88_89_91_94_95_96_98_99_100_102_106_110_114_120_124_126_128_133_134_136_140_143_145_147_151_155_161_165_172_175_179_184_188_194_198_210_216_217_223  2.00e+08  1.77e+08 -43926.29 -23661.76  11610.67    788.38     76.90    208.31  -1320.54  -2033.21      0.00 0
5070 14.0      173_197_199_212_220_224_235_243_244_255_256_259_264_271_272_279  2.00e+08  1.67e+08  22103.42 -23041.18  10652.30    676.64     71.55    313.81   5939.30  -8783.36      0.00 0
5071 14.0      0_1_2_3_4_5_6_7_8_9_10_11_12_13_14_15_16_17_18_19_20_21_22_23_24_25_26_27_28_29_30_31_32_33_34_36_37_38_39_40_42_43_46_47_48_49_50_51_52_53_54_56_57_58_59_60_61_64_65_68_69_70_71_72_73_74_75_76_77_80_81_82_84_85_86_87_90_92_93_94_96_97_98_99_100_101_104_105_108_109_112_113_114_119_122_123_124_126_131_132_133_134_138_143_144_147_153_155_163_165_170_177_179_186_188_194_208_210_216_222_236_240  1.07e+08  9.02e+07  75638.34  12413.37  14164.76    631.36     79.53      9.32   2588.41   1501.63      0.00 0
5072 14.0      90_92_101_104_108_112_115_118_122_126_127_130_138_139_142_147_149_153_155_156_159_163_165_166_169_171_174_177_179_180_183_186_188_189_192_194_195_201_204_207_210_216_222_225_236_240  7.08e+08  6.10e+08 -74342.79  25758.03  13222.76    779.94     80.46    160.89   6375.82   3767.73      0.00 0
5073 14.0      58_62_82_88_94_106_110_120_136_140_151_161_167_172_184_196_198_211_217_219_223_234_237_242_254_257_263_273_278_285  5.62e+08  4.66e+08 -12953.99 -37177.91  11527.53    662.41     73.68    250.79  -4179.52  -7123.76      0.00 0
5074 14.0      95_99_114_121_125_133_134_137_141_143_146_152_154_155_162_164_165_170_173_176_178_179_185_187_188_193_194_210_216  4.37e+08  3.75e+08 -11205.79 -27173.82  10426.16    664.86     70.47    247.59   4701.60  -1277.48      0.00 0
5075 14.0      0_1_2_3_4_5_6_7_8_9_10_11_12_13_14_15_17_18_19_21_22_25_26_27_28_29_30_34_35_36_39_42_43_45_46_54_56_64_65_68_77_80_84_90_92_101_104_112_115_118_130_149_156_159_169_180_183_192_201_207  2.63e+08  2.29e+08   3021.47  32945.54  10272.79    759.64     72.75     84.76    561.87   3776.21      0.00 0
5076 14.0      3_4_9_10_12_17_18_22_25_26_34_38_49_50_54_60_64_71_72_76_84_86_96_100_108_122_126_134_147_153_155_177_179_186_210  1.91e+08  1.62e+08 -22025.60 -16603.51   9827.17    723.25     70.39    217.01   3787.26   2113.58      0.00 0
5077 14.0      63_67_79_83_89_91_95_99_103_107_111_114_116_117_121_125_128_129_133_137_141_143_146_148_152_154_157_158_162_164_165_167_168_170_173_176_178_181_182_185_187_190_191_193_194_196_197_199_200_202_203_205_206_208_209_211_212_213_214_215_216_218_219_220_221_222_224_226_227_228_229_230_231_232_233_234_235_236_237_238_239_240_241_242_243_244_245_246_247_248_249_250_251_252_253_254_255_257_258_260_261_263_264_266_267_269_270_273_275_276_277_278_280_281_283_285_286_287_288_290_292_293_294_296  8.91e+08  7.49e+08  86789.12  72669.99  14581.04    718.76     82.66     39.94  -3868.34 -10761.78      0.00 0
5078 14.0      106_110_120_124_128_132_136_140_145_148_151_157_161_167_172_175_181_182_184_190_196_198_200_205_206_211_213_214_217_219_223_226_227_230_231_234_237_238_242_246_249_250_252_253_254_257_258_260_261_263_266_267_269_270_273_274_275_276_277_278_279_280_281_283_284_285_286_287_288_289_290_291_292_293_294_295_296_297_298  7.08e+08  6.39e+08 131293.00 -127276.20  14712.41    725.13     85.40    315.89  -1303.24 -10286.90      0.00 0
5079 14.0      1_2_5_8_9_11_13_15_16_20_23_24_28_29_31_32_35_37_40_41_44_45_47_48_51_52_55_57_58_62_63_66_67_69_70_73_74_78_79_81_82_85_88_89_91_93_94_97_98_102_103_105_106_110_111_113_116_117_119_120_123_124_128_129_131_132_136_140_141_144_145_148_150_151_157_158_161_162_167_168_172_173_175_181_182_190_191_196_197_199_200_205_206_212_213_214_220_224_226_227_230_231_235_238_243_244_246_249_250_253_255_258_259_260_261_264_267_270_271_274_275_277_279_281_284_289_291  2.63e+08  2.15e+08  61047.15 -78221.17  14899.88    635.36     81.46    307.97   2351.20  -8056.94      0.00 0
5080 14.0      103_111_129_137_141_152_162_173_185_199_203_218_233  5.25e+08  4.42e+08 -13799.09   4226.71   6347.19   1002.00     66.26    162.97   2998.98  -4102.42      0.00 0
5081 14.0      23_24_31_32_37_47_48_51_57_58_61_69_70_73_74_81_82_85_87_93_94_97_98_105_106_109_113_119_120_123_124_127_135_139_150_160_166_171_195  1.55e+08  1.30e+08  -1531.55 -33215.59  11151.41    626.02     71.46    267.36  -2665.08   1966.78      0.00 0
5082 14.0      91_102_103_110_111_116_117_128_129_136_137_140_141_148_151_152_157_158_161_162_167_168_172_173_175_181_182_184_185_190_191_196_197_198_199_203_211_212_217_218_224_228_233_241_248  8.71e+08  7.71e+08  35563.25  -2038.11   9912.23    878.15     74.45    356.72    270.45  -4737.15      0.00 0
5083 14.0      0_1_2_3_4_5_6_7_8_9_10_11_12_13_14_15_16_17_18_19_20_21_22_23_24_25_26_27_28_29_30_31_32_33_34_35_36_37_38_39_40_41_42_43_44_45_46_47_48_49_50_51_52_53_54_55_56_57_58_59_60_61_62_63_64_65_66_67_68_69_70_71_72_73_74_75_76_77_78_79_80_81_82_83_84_85_86_87_88_89_90_91_92_93_94_95_96_97_98_99_100_101_102_103_104_105_106_107_108_109_110_111_112_113_114_115_116_117_118_119_120_121_122_123_124_125_126_127_128_129_130_131_132_133_134_135_136_137_138_139_140_141_142_143_144_145_146_147_148_149_150_151_152_153_154_155_156_157_158_159_160_161_162_163_164_165_166_167_168_169_170_171_172_173_174_176_177_178_179_180_181_182_183_185_186_187_188_189_190_191_192_193_194_195_196_197_199_200_201_202_203_204_205_206_207_208_209_212_213_214_215_218_220_221_224_225_226_227_228_229_230_231_232_233_235_238_241_243_244_245_246_247_248_249_250_251_253_255_256_258_259_260_261_262_264_265_266_267_268_270_271_272_274_275_276_277_279_281_282_284_286_287_289_291_293_295_298  1.66e+08  1.48e+08 -124916.85 238032.45  12724.20    736.88     87.29    117.69   5543.58 -10003.64      0.00 0
5084 14.0      91_102_110_116_117_128_129_136_140_141_148_151_157_158_161_162_167_168_172_173_175_181_182_184_185_190_191_196_197_198_199_200_205_206_211_212_213_214_217_218_219_220_223_224_226_227_230_231_233_234_235_237_238_241_242_243_244_246_248_249_250_251_253_254_255_256_258_259_262_264_265_267_268_270_271_272_274_279_282  2.82e+08  2.38e+08 -78216.55  17325.87  13463.74    750.60     80.46    167.51   6336.29  -7667.23      0.00 0
5085 14.0      102_106_110_116_117_120_128_129_136_140_145_148_151_157_158_161_167_168_172_173_175_181_182_184_190_191_196_197_198_200_205_206_211_212_213_214_217_219_220_223_224_226_227_230_231_234_235_237_238_241_242_243_244_246_249_250_252_253_255_256_258_259_261_264_267_268_270_271_272_274_279_281_284  7.41e+08  6.36e+08 -67603.14  29802.44  13533.00    701.33     79.62    156.21   2320.97  -7550.45      0.00 0
5086 14.0      111_129_141_158_168_173_182_191_197_206_214_220_227_231_238_246_250_253_261_267_270_275_277_281_287_289_295  5.13e+08  4.72e+08   2634.55  23524.65   8373.29    900.27     70.52     83.61   1519.20  -7952.52      0.00 0
5087 14.0      92_101_104_109_115_118_127_130_135_139_150_156_160_166_171  7.59e+08  6.57e+08  20257.81  -1989.86   8456.43    778.40     67.44    354.39  -1659.28   4102.65      0.00 0
5088 14.0      182_191_197_200_205_206_214_226_227_230_231_237_246_249_250_252_257_260_263_266_269_273_276_278_280_283_285_290_292  8.32e+08  7.45e+08 -26244.04 -18437.78  10149.63    761.41     72.44    215.09  -2228.80  -9292.27      0.00 0
5089 14.0      3_4_6_10_12_14_17_18_21_22_25_26_27_30_33_34_36_38_42_43_46_49_50_53_54_56_59_60_63_64_68_71_72_75_76_77_80_83_84_86_90_92_95_96_99_100_101_104_107_108_112_114_115_118_121_122_125_126_127_130_133_134_137_138_142_146_149_152_154_156_159_162_166_169_176_178_180_183_185_189_192_199_201_203_204_207_218_225_241  4.17e+08  3.54e+08  23193.85 -49852.92  12471.93    706.02     77.22    294.95   1149.84   3294.94      0.00 0
5090 14.0      117_129_148_157_158_181_182_190_200_205_213_226_230_237_249_252_257_266_269_273_280_283_285_292  1.38e+08  1.15e+08 -15651.41 -21781.24   9624.59    740.61     70.26    234.30  -1149.27  -7478.79      0.00 0
5091 14.0      10_12_18_22_25_26_30_34_36_38_42_46_49_50_54_56_59_60_64_68_71_72_75_76_77_80_84_86_90_92_95_96_99_100_101_104_108_112_114_115_118_121_122_125_126_127_130_133_134_138_142_143_146_147_149_152_153_154_155_156_159_163_164_165_166_169_170_174_176_177_178_179_180_183_185_186_187_188_189_192_193_194_195_201_202_203_204_207_208_209_210_215_216_218_221_222_225_228_229_232_233_236_239_240_241_245_247_248_251_256_262_265_268_272_282  4.68e+08  3.98e+08  90791.71 -138480.38  15332.14    660.66     84.71    303.25   3488.61   4303.22      0.00 0
5092 14.0      0_1_2_3_4_5_6_7_9_10_11_12_14_15_17_18_19_21_22_23_25_26_27_30_31_33_34_36_37_38_39_42_43_46_47_49_50_51_53_54_56_57_59_60_61_64_65_68_69_71_72_73_75_76_77_80_81_83_84_86_87_90_92_93_95_96_97_99_100_101_104_105_108_109_112_114_115_118_119_121_122_123_125_126_127_130_133_134_135_138_139_142_143_144_146_147_149_150_153_154_155_156_159_160_164_165_166_170_171_178_179_180_187_188_189_193_194_195_202_208_209_215_216_221_222_229_232_236_239_247  9.55e+08  8.50e+08 -74933.66  37132.21  13724.80    730.81     80.68    153.64   -751.09   2787.74      0.00 0
5093 14.0      91_102_103_116_117_128_129_141_148_157_158_162_168_173_182_191_197_199_212_214_218_220_224_235_241_244_251_256_259_268  6.61e+08  6.14e+08  25816.57 -10034.33   9493.97    784.34     71.08    338.76   2734.63  -5563.53      0.00 0
5094 14.0      0_1_2_3_4_5_6_7_8_9_10_11_12_13_14_15_16_17_18_19_20_21_22_23_24_25_26_27_28_29_30_31_32_33_34_35_36_37_38_39_40_41_42_43_44_45_46_47_48_49_50_51_52_53_54_55_56_57_58_59_60_61_62_63_64_65_66_67_68_69_70_71_72_73_74_75_76_77_78_79_80_81_82_83_84_85_86_87_88_89_90_91_92_93_95_96_97_99_100_101_102_103_104_105_107_108_109_111_112_114_115_116_117_118_119_121_122_123_125_126_127_129_130_133_134_135_137_138_139_141_142_143_144_146_147_148_149_150_152_153_154_155_156_158_159_160_162_163_164_165_166_168_169_170_171_173_174_176_178_180_182_183_185_187_189_191_192_193_195_197_199_201_202_203_204_206_207_209_212_214_215_218_220_224_225_228_229_231_232_233_235_238_241_243_244_245_247_248_251_253_255_256_258_259_262_264_265_268_270_271_272_274_279_282  1.07e+08  8.70e+07 -71192.45 120860.79  14446.01    781.63     84.12    120.50   2828.36  -1805.05      0.00 0
5095 14.0      8_9_13_16_20_21_24_28_29_32_35_40_41_44_45_48_52_53_55_58_62_63_66_67_70_74_78_79_82_83_85_88_89_91_94_95_98_102_103_106_107_110_111_113_116_117_120_121_124_128_129_132_136_137_140_141_145_146_148_151_152_157_158_161_162_167_168_172_173_175_176_178_181_182_184_185_190_191_196_197_198_199_200_202_203_205_206_211_212_213_214_217_218_219_220_223_224_226_227_228_229_230_231_233_234_235_237_238_241_242_243_244_245_246_247_248_249_250_251_252_253_254_255_256_257_258_259_260_261_262_263_264_265_266_267_268_269_270_271_272_273_274_275_276_277_279_281_282_284_289_291  9.77e+08  8.28e+08 -170204.09  55729.93  14063.68    824.57     85.51    161.87  -2286.73  -5067.70      0.00 0
5096 14.0      59_71_75_83_86_89_95_99_100_107_111_114_121_125_133_134_137_143_154_155_164_165_170_179_188_194_210_216  2.04e+08  1.69e+08  15311.62  20252.94   9276.17    767.79     69.93     52.91   4255.15   -404.40      0.00 0
5097 14.0      33_38_41_49_53_59_63_67_71_72_75_76_79_83_86_89_95_99_100_103_107_111_114_117_121_125_126_129_133_134_137_141_143_146_147_148_152_154_155_158_162_164_165_168_170_177_179_181_182_188_191_193_194_208_210_216_222_240  5.01e+08  4.28e+08  29441.24  41107.92  12326.00    682.04     76.30     54.39   5226.29   1041.38      0.00 0
5098 14.0      102_110_116_128_148_157_167_181_182_190_200_206_227_231  1.41e+08  1.21e+08  11482.26 -17560.10   8931.82    712.04     66.94    303.18   -441.42  -5469.22      0.00 0
5099 14.0      3_4_6_9_10_12_14_17_18_21_22_25_26_30_33_34_36_38_41_42_43_46_49_50_53_54_56_59_60_63_64_67_68_71_72_75_76_77_80_83_84_86_89_90_92_95_96_99_100_104_107_108_111_112_114_115_118_121_122_125_126_130_133_134_137_138_141_142_143_146_147_149_152_153_154_155_156_159_162_163_164_165_168_169_170_173_174_176_178_180_183_185_187_189_192_193_197_199_201_202_203_204_207_209_212_218_220_224_225_228_229_233_235_241_243_244_245_248_251_255_256_259_262_264_265_268_271_272_279_282  1.17e+08  1.10e+08  29991.90 -71243.47  13032.53    802.20     80.43    292.83   5503.42  -5922.34      0.00 0
