#event_number primary_type du_ids energy_primary em_energy Xmax_pos(x, y, z), Xmax_grams zenith azimuth shower_core_pos_x shower_core_pos_y shower_core_pos_z, N_tested_cores, units are degrees, GeV and meters
105700 5626.0    197_212_214_220_227_231_238_243_246_250_253_258_260_261_267_270_275_276_277_281_286_287_288_289_293_294_296_297  1.51e+08  1.18e+08 -19597.77 -27802.21  11321.96    614.30     71.59    234.82    454.49 -10177.27      0.00 0
105701 5626.0    0_2_3_4_5_6_8_9_10_12_13_17_18_20_21_22_25_26_28_29_30_33_34_35_38_40_41_42_44_45_49_50_53_54_55_59_60_62_63_64_66_67_68_71_72_75_76_78_79_83_84_86_88_89_90_91_95_96_99_100_102_103_107_108_110_111_112_114_116_117_121_122_125_126_128_129_133_134_137_138_140_141_142_143_146_147_148_152_153_154_155_157_158_162_163_164_165_167_168_170_172_173_174_176_177_178_179_181_182_185_186_187_188_190_191_193_194_196_197_199_200_202_203_205_206_208_209_210_211_212_213_214_215_216_218_219_220_221_222_224_226_227_228_229_230_231_232_233_234_235_236_237_238_239_240_241_242_243_244_245_246_247_248_249_250_251_252_253_254_255_256_257_258_259_260_261_262_263_264_265_266_267_268_269_270_271_272_273_274_275_276_277_278_279_280_281_282_283_284_285_286_287_288_289_290_291_292_293_294_295_296_297_298  1.55e+08  1.13e+08 -151612.64 -261335.27  12610.16    607.05     87.61    239.88   4258.30  -4518.51      0.00 0
105702 5626.0    89_91_95_99_103_107_111_116_117_121_125_128_129_133_137_141_143_146_148_152_154_157_158_162_164_167_168_170_173_176_178_181_182_185_187_190_191_193_194_196_197_199_200_202_203_205_206_208_209_211_212_213_214_215_218_219_220_221_222_224_226_227_228_229_230_231_232_233_234_235_236_237_238_239_240_241_242_243_244_245_246_247_248_249_250_251_252_253_254_255_256_257_258_259_260_261_262_263_264_265_266_267_268_269_270_271_272_273_274_275_276_277_278_279_280_281_282_283_284_285_286_287_288_289_290_291_292_293_294_295_296_297_298  2.14e+08  1.60e+08 -150335.97 -106168.29  15810.60    590.09     85.09    215.23    995.17  -8247.09      0.00 0
105703 5626.0    190_196_198_200_205_211_213_217_219_223_226_227_230_234_237_242_246_249_250_252_253_254_257_260_261_263_266_267_269_270_273_274_275_276_277_278_280_281_283_284_285_286_287_288_289_290_291_293_294_295_298  4.07e+08  3.15e+08  60525.91 -37017.71  14099.67    606.73     78.76    328.55   -466.66  -9686.12      0.00 0
105704 5626.0    0_1_2_3_5_6_7_8_9_11_13_14_15_16_19_20_23_24_27_28_29_31_32_35_37_39_40_41_43_44_45_47_48_51_52_55_57_58_61_62_65_66_67_69_70_73_74_77_78_79_81_82_85_87_88_91_93_94_97_98_101_102_103_105_106_109_110_113_116_117_119_120_123_124_127_128_129_131_132_135_136_139_140_144_145_148_150_151_157_158_160_161_166_167_168_171_172_175_181_182_184_190_191_195_196_197_198_200_205_206_211_213_214_217_219_223_226_227_230_231_234_237_238_242_246_249_250_252_253_254_257_258_260_261_263_266_267_269_270_273_274_275_276_277_278_280_281_283_284_285_286_287_288_289_290_291_292_293_294_295_296_297_298  1.38e+08  1.01e+08 -56625.82 165390.50  15540.37    629.37     84.92    108.90  -1902.63  -7114.34      0.00 0
105705 5626.0    0_3_4_6_7_10_12_14_17_18_19_21_22_25_26_27_30_33_34_36_38_39_42_43_46_49_50_53_54_56_59_60_61_64_65_68_71_72_75_76_77_80_83_84_86_87_90_92_95_96_99_100_101_104_107_108_109_112_114_115_118_121_122_125_126_127_130_133_134_135_138_139_142_143_146_147_149_152_153_154_155_156_159_160_163_164_165_166_169_170_171_176_178_180_183_185_187_188_189_192_193_194_195_201_202_203_204_207_208_209_215_218_221_225_228_229_232_233_239_245_247_248_251_262_265_268_282  1.32e+08  9.78e+07 -58624.51  62691.37  14763.97    601.35     80.24    133.08   3590.08    261.26      0.00 0
105706 5626.0    191_197_200_206_214_226_227_230_231_246_249_252  4.47e+08  3.56e+08 -18476.34  -9795.11   9622.95    605.02     65.29    207.93    350.06  -7545.22      0.00 0
105707 5626.0    0_1_2_3_4_5_6_7_8_9_10_11_12_13_14_15_16_17_18_19_20_21_22_23_24_25_26_27_28_29_30_31_32_33_34_35_36_37_38_39_40_41_42_43_44_45_46_47_48_49_50_51_52_53_54_55_56_57_58_59_60_61_62_63_64_65_66_67_68_69_70_71_72_74_75_76_77_78_79_80_81_82_83_84_86_87_88_89_90_91_92_95_96_99_100_101_102_103_104_106_107_108_110_111_112_114_115_116_117_118_121_122_125_126_127_128_129_130_133_134_136_137_138_140_141_142_143_146_147_148_149_152_153_154_155_156_157_158_159_161_162_163_164_165_167_168_169_170_172_173_174_176_177_178_179_180_181_182_183_185_186_188_190_191_192_196_197_199_200_201_204_205_206_207_210_211_212_213_214_218_219_220_224_225_226_227_230_231_234_235_237_238_242_243_246_249_250_252_253_255_257_258_260_261_263_264_266_267_269_270_273_274_275_276_277_278_280_281_283_284_285_286_287_288_289_290_291_292_293_294_295_296_297_298  5.89e+08  4.60e+08 -29384.75 -156111.77  15379.77    657.15     84.47    259.34    208.44  -8141.50      0.00 0
105708 5626.0    38_49_50_54_60_64_71_72_75_76_84_86_90_95_96_99_100_108_112_114_121_122_125_126_130_133_134_137_138_142_143_146_147_152_153_154_155_159_162_163_164_165_169_170_174_176_177_178_179_185_186_187_192_193_199_202_203_207_209_218_224_228_229_233_241_244_248_251_256_259_265_268_272  6.31e+08  4.99e+08 -14583.26  49517.77  12612.38    652.04     76.27    106.41   4162.62   -164.59      0.00 0
105709 5626.0    103_107_111_117_121_129_137_141_146_148_152_154_157_158_162_168_173_176_178_181_182_185_187_191_197_199_202_203_209_215_218_221_228_229_232_239_247  7.94e+08  6.37e+08 -34615.02 -14814.57  11403.66    656.13     73.15    203.17   4443.49  -3533.94      0.00 0
105710 5626.0    91_102_103_116_117_128_148_157_167_172_181_190_196_200_205_211_213_219_230_234_237_242_252_254_257_263_269_273_278_283_285_292  9.12e+08  7.35e+08 -28049.82 -35364.70  12356.88    618.54     74.69    231.58  -3608.90  -8715.56      0.00 0
105711 5626.0    0_1_2_3_4_5_6_7_8_9_10_11_12_13_14_15_16_17_18_19_20_21_22_23_24_25_26_27_28_29_30_31_32_33_34_35_36_37_38_39_40_41_42_43_44_45_46_47_48_49_50_51_52_53_54_55_56_57_58_59_60_61_62_64_65_66_68_69_70_71_72_73_74_75_76_77_78_80_81_82_84_85_86_87_88_90_92_93_94_96_97_98_100_101_104_105_106_108_109_110_112_113_114_115_118_120_122_123_124_126_130_131_132_134_136_138_142_145_147_151_153_155_159_161_163_165_169_174_175_177_179_184_186_188_210_216_217  1.45e+08  1.08e+08  84482.91  52606.43  15246.91    594.03     81.29     31.91   1840.87   2135.94      0.00 0
105712 5626.0    0_1_2_3_4_5_6_7_8_9_10_11_12_13_14_15_16_17_18_19_20_21_22_23_24_25_26_27_28_29_30_31_32_33_34_35_36_37_38_39_40_41_42_43_44_45_46_47_48_49_50_51_52_53_54_55_56_57_58_59_60_61_62_63_64_65_66_67_68_69_70_71_72_73_74_75_76_77_78_79_80_81_82_83_84_85_86_87_88_89_90_91_92_93_94_95_96_97_98_99_100_101_102_103_104_105_106_107_108_109_110_111_112_113_114_115_116_117_118_119_120_121_122_123_124_125_126_127_128_129_130_131_132_133_134_135_136_137_138_139_140_141_142_143_144_145_146_147_148_149_150_151_152_153_154_155_156_157_158_159_160_161_162_163_164_165_166_167_168_169_170_171_172_173_174_175_176_177_178_179_180_181_182_183_184_185_186_187_188_189_190_191_192_193_194_195_196_197_198_199_200_201_202_203_204_205_206_207_208_209_210_211_212_213_214_215_216_217_218_219_220_221_222_223_224_225_226_227_228_229_230_231_232_233_234_235_236_237_238_239_240_241_242_243_244_245_246_247_248_249_250_251_252_253_254_255_256_257_258_259_260_261_262_263_264_265_266_267_268_269_270_271_272_273_274_275_276_277_278_279_280_281_282_283_284_285_286_287_288_289_290_291_292_293_294_295_296_297_298  4.27e+08  3.26e+08 -166154.30 -275328.47  11735.57    612.90     87.91    238.89   4861.71   2576.70      0.00 0
105713 5626.0    15_19_23_24_31_32_37_39_47_48_51_57_58_61_65_69_70_73_74_81_82_85_87_93_94_97_98_105_106_120_124_136_151  1.35e+08  1.03e+08  -7954.20 -25506.63  10416.95    615.94     68.70    252.68  -2564.84   -159.53      0.00 0
105714 5626.0    0_1_2_3_4_5_6_7_8_9_10_11_12_13_14_15_16_17_18_19_20_22_23_24_25_26_27_30_31_32_33_34_36_37_38_39_42_43_46_47_48_49_50_51_52_54_56_57_58_60_61_64_65_68_69_70_71_72_73_74_76_77_80_81_84_85_86_90_93_96_97_98_100_108_112_113_114_122_126_131_132_134_138_143_147_153_155_165_177_179_188_194_210_216_222_240  5.89e+08  4.69e+08  51434.88  14090.29  12724.66    653.15     76.58     15.32   3069.33   1678.17      0.00 0
105715 5626.0    34_38_42_49_50_54_60_64_68_71_72_75_76_84_86_90_95_96_99_100_104_108_112_114_118_121_122_125_126_130_133_134_138_142_143_146_147_152_153_154_155_159_163_164_165_169_170_176_178_183_185_187_192_193_202_203_209_215_218_228_229_232_233_241_245_247_248_251_256_262_265_268_272_282  3.31e+08  2.59e+08 -24953.31  47288.15  13123.13    601.52     76.21    117.82   4890.25  -1732.59      0.00 0
105716 5626.0    0_1_2_3_4_5_6_7_8_9_10_11_12_13_14_15_16_17_18_19_20_21_22_23_24_25_26_27_28_29_30_31_32_33_34_35_36_37_38_39_40_41_42_43_44_45_46_47_48_49_50_51_52_53_54_55_56_57_58_59_60_61_62_63_64_65_66_67_68_69_70_71_72_73_74_75_76_77_78_79_80_81_82_83_84_85_86_87_88_89_90_91_92_93_94_95_96_97_98_99_100_101_102_103_104_105_106_107_108_109_110_111_112_113_114_115_116_117_118_119_120_121_122_123_124_125_126_127_128_129_130_131_132_133_134_135_136_137_138_139_140_141_142_143_144_145_146_147_148_149_150_151_152_153_154_155_156_157_158_159_160_161_162_163_164_165_166_167_168_169_170_171_172_173_174_175_176_177_178_179_180_181_182_183_184_185_186_187_188_189_190_191_192_193_194_195_196_197_198_199_200_201_202_203_204_205_206_207_208_209_210_211_212_213_214_216_217_218_219_220_222_223_224_225_226_227_230_231_234_235_237_238_240_242_243_244_246_249_250_252_253_254_255_257_258_260_261_263_264_266_267_269_270_273_274_275_276_277_278_280_281_283_284_285_286_287_288_289_290_291_292_293_294_295_296_297_298  6.61e+08  5.11e+08 109276.02 304526.03  11580.90    620.10     87.95     70.26  -3808.28  -3564.32      0.00 0
105717 5626.0    162_173_176_178_185_187_197_199_202_203_206_209_212_214_215_218_220_221_224_227_228_229_231_232_233_235_238_239_241_243_244_245_246_247_248_250_251_253_255_256_258_259_260_261_262_264_265_267_268_270_271_274_275_276_277_281_284_286_287_288_289_293_294_295_296  1.78e+08  1.36e+08  39529.17  41177.46  13461.62    589.51     76.73     46.17   4851.35  -5894.10      0.00 0
105718 5626.0    0_1_2_3_4_5_6_7_8_9_10_11_12_13_14_15_16_17_18_19_20_21_23_24_27_28_29_30_31_32_35_36_37_39_40_41_43_44_45_46_47_48_51_52_53_55_56_57_58_61_62_63_65_66_67_69_70_73_74_77_78_79_80_81_82_85_87_88_89_91_92_93_94_97_98_101_102_103_105_106_109_110_113_115_116_117_119_120_123_124_127_128_129_131_132_135_136_139_140_144_145_148_150_151_156_157_158_160_161_166_167_168_171_172_175_180_181_182_184_189_190_191_195_196_197_198_200_204_205_206_211_213_214_219_223_226_227_230_231_234_237_238_242_246_249_250_252_253_257_258_260_261_263_266_267_269_270_273_275_276_277_280_281_283_284_286_287_288_289_290_291_292_293_294_295_296_297_298  8.51e+08  6.69e+08  21734.96 -115360.09  15433.81    616.46     82.51    280.67   -157.97 -11036.74      0.00 0
105719 5626.0    0_1_2_3_4_5_6_7_8_9_10_11_12_13_14_15_16_17_18_19_20_21_22_23_24_25_26_27_28_29_30_31_32_33_34_35_36_37_38_39_40_41_42_43_44_45_46_47_48_49_50_51_52_53_54_55_56_57_58_59_60_61_62_63_64_65_66_67_68_69_70_71_72_73_74_75_76_77_78_79_80_81_82_83_84_85_86_87_88_89_90_91_92_93_94_95_96_97_98_99_100_101_102_103_104_105_106_107_108_109_110_111_112_113_114_115_116_117_118_119_121_122_123_125_127_128_129_130_133_135_136_137_138_139_140_141_142_144_146_148_149_150_152_154_156_157_158_159_160_162_166_167_168_169_171_173_176_180_181_182_183_185_189_190_191_192_195_197_199_200_201_203_204_205_206_207_212_213_214_218_220_224_225_226_227_230_231_233_235_238_241_243_244_246_249_250_253_255_256_258_259_260_261_264_267_270_271_272_274_275_277_279_281_284_286_287_289_291_293_295_298  1.32e+08  9.63e+07  48125.90 -145946.38  15989.36    586.02     84.06    288.25   1428.84  -3914.03      0.00 0
105720 5626.0    0_1_2_3_4_5_6_7_8_9_10_11_12_13_14_15_16_17_18_19_20_21_22_23_24_25_26_27_28_29_30_31_32_33_34_35_36_38_39_40_41_42_43_44_45_46_49_50_51_52_53_54_55_56_59_60_61_62_63_64_65_66_67_68_71_72_75_76_77_78_79_80_83_84_86_87_88_89_90_91_92_95_96_99_100_101_102_103_104_107_108_110_111_112_114_115_116_117_118_121_122_125_126_128_129_130_133_134_137_138_141_142_143_146_147_148_149_152_153_154_155_156_157_158_159_162_163_164_165_167_168_169_170_173_174_176_177_178_179_180_181_182_183_185_186_187_188_190_191_192_197_199_200_201_202_203_204_205_206_207_212_213_214_218_220_224_225_226_227_230_231_235_238_241_243_244_246_249_250_252_253_255_258_259_260_261_264_266_267_270_271_274_275_276_277_279_280_281_284_286_287_288_289_291_293_294_295_296_297_298  2.04e+08  1.54e+08  -5551.47 -146508.47  15953.22    588.43     83.79    267.83   1751.85  -9995.00      0.00 0
105721 5626.0    265_268_272_282  5.25e+08  4.17e+08 -20580.27 -33941.95  11825.71    624.77     73.41    238.77   6336.25 -10566.09      0.00 0
105722 5626.0    92_101_109_115_127_135_139_156_160_166_171_195  2.40e+08  1.89e+08  23224.08  -6725.25   9985.30    625.92     67.56    343.85  -2858.30   4769.83      0.00 0
105723 5626.0    1_6_7_11_14_15_19_23_24_27_30_31_32_36_37_39_42_43_46_47_48_51_56_57_58_61_65_68_69_70_73_74_77_80_81_85_87_90_92_93_94_97_98_101_104_105_109_112_113_115_118_119_120_123_124_127_130_131_132_135_139_142_144_145_149_150_151_156_159_160_166_169_171_174_175_180_183_189_192_195_201_204_207_225  4.27e+08  3.28e+08 104066.38 113131.73  15830.77    603.82     84.12     47.39  -3898.89   2545.41      0.00 0
105724 5626.0    88_91_94_102_106_110_116_117_120_124_128_136_140_145_151  1.70e+08  1.31e+08  24785.09 -11917.61  10567.84    609.69     68.98    334.32  -2913.21  -2902.85      0.00 0
105725 5626.0    3_5_9_12_13_17_18_21_25_26_28_29_33_34_35_38_40_41_44_45_49_50_53_55_59_60_63_66_67_71_72_75_76_78_79_83_84_86_88_89_91_95_96_99_100_102_103_107_110_111_114_116_117_121_122_125_126_128_129_133_134_137_140_141_143_147_148_153_155_157_158_167_168_172_177_179_181_182_190_191_196_200_205_206_211_213_219_226_227_230_234_237_242_246_249_252_254_257_260_263_266_269_273_276_278_280_283_285_290_292  1.86e+08  1.41e+08 -37928.09 -56741.96  13774.20    631.17     78.59    236.24  -1868.98  -7186.88      0.00 0
105726 5626.0    0_1_2_3_4_5_6_7_8_9_10_11_12_13_14_15_16_17_18_19_20_21_22_23_24_25_26_27_28_29_30_31_32_33_34_35_36_37_38_39_40_41_42_43_44_45_46_47_48_49_50_51_52_53_54_55_56_57_58_59_60_61_62_63_64_65_66_67_68_69_70_71_72_73_74_75_76_77_78_79_80_81_82_83_84_85_86_87_88_89_90_91_92_93_94_95_96_97_98_99_100_101_102_103_104_105_106_107_108_109_110_111_112_113_114_115_116_117_118_119_120_121_122_123_124_125_126_127_128_129_130_131_132_133_134_135_136_137_138_139_140_141_142_143_144_146_147_148_149_150_152_153_154_155_156_157_158_159_160_162_163_164_165_166_167_168_169_170_171_173_174_176_177_178_179_180_181_182_183_185_186_187_188_189_190_191_192_193_194_195_197_199_200_201_202_203_204_205_206_207_208_209_210_212_214_215_216_218_220_221_222_224_225_226_227_228_229_231_232_233_235_236_238_239_240_241_243_244_245_246_247_248_250_251_253_255_256_258_259_261_262_264_265_267_268_270_271_272_274_277_279_281_282_284_289_291  7.24e+08  5.67e+08 143936.92 -254511.20  12817.31    625.56     87.49    299.49   1717.55    448.84      0.00 0
105727 5626.0    1_6_7_10_11_14_15_19_22_23_24_27_30_31_36_37_39_42_43_46_47_48_51_54_56_57_61_64_65_68_69_70_73_74_77_80_81_84_85_87_90_92_93_97_98_101_104_105_108_109_112_113_115_118_119_123_124_127_130_131_132_138_142_149_153_159_163_169_174_183_186_192  3.72e+08  2.92e+08  41163.66  32369.35  12601.02    661.06     76.47     38.18   1086.78   3710.07      0.00 0
105728 5626.0    147_155_165_177_179_186_188_194_210  7.24e+08  5.88e+08  -3285.42  29950.68  10616.48    650.14     70.59     96.26   5455.67   5102.30      0.00 0
105729 5626.0    0_1_2_3_4_5_6_8_9_10_12_13_14_17_18_21_22_25_26_28_29_30_33_34_35_36_38_40_41_42_44_45_46_49_50_53_54_55_59_60_63_64_66_67_68_71_72_75_76_78_79_80_83_84_86_89_90_91_95_96_99_100_102_103_104_107_108_111_112_114_116_117_122_126_128_129_130_138_141_142_147_148_153_157_158_163_168_169_174_181_182_186_190_191_192_200_205_206_226_227_230_246_249  1.95e+08  1.52e+08 -15221.25 -53012.96  12946.62    639.70     76.79    253.98   1852.25    476.91      0.00 0
105730 5626.0    0_1_2_3_4_5_6_7_8_9_10_11_12_13_14_15_16_17_18_19_20_21_22_23_24_25_26_27_28_29_30_31_32_33_34_35_36_37_38_39_40_41_42_43_44_45_46_47_48_49_50_51_52_53_54_55_56_57_58_59_60_61_62_63_64_65_66_67_68_69_70_71_72_73_74_75_76_77_78_79_80_81_82_83_84_85_87_88_89_90_91_92_93_94_95_97_98_101_102_103_104_105_106_107_109_110_111_112_115_116_117_118_119_120_127_128_129_130_135_136_137_139_140_141_148_149_150_156_157_158_159_160_162_166_167_168_171_172_173_180_181_182_183_189_190_191_192_195_196_197_200_201_204_205_206_207_212_213_214_220_225_226_227_230_231_235_237_238_243_246_249_250_252_253_258_260_261_264_266_267_269_270_274_275_276_277_280_281_284_286_287_288_289_291_293_294_295_296_297_298  3.02e+08  2.31e+08  16487.76 -106504.49  15050.64    641.73     82.05    278.80    501.66  -6247.90      0.00 0
105731 5626.0    0_1_2_3_4_5_6_7_8_9_10_11_12_13_14_15_16_17_18_19_20_21_22_23_24_25_26_27_28_29_30_31_32_33_34_35_36_37_38_39_40_41_42_43_44_45_46_47_48_49_50_51_52_53_54_55_56_57_58_59_60_61_62_63_64_65_66_67_68_69_70_71_72_73_74_75_76_77_78_79_80_81_82_83_84_85_86_87_88_89_90_91_92_93_94_95_96_97_98_99_100_101_102_103_104_105_106_107_108_109_110_111_112_113_114_115_116_117_118_119_120_121_122_123_124_125_126_127_128_129_130_131_132_133_134_135_136_137_138_139_140_141_142_143_144_145_146_147_149_150_151_152_153_154_155_156_159_160_161_162_163_164_165_166_169_170_171_174_175_176_177_178_179_184_185_186_187_188_193_194_202_203_208_209_210_215_216_221_222_228_229_232_236_239_240_245_247  1.07e+08  7.97e+07 -213841.11   4255.31  14656.12    674.03     86.08    178.86   3331.32    434.30      0.00 0
105732 5626.0    116_117_129_141_148_157_158_162_167_168_172_173_181_182_185_190_191_196_197_198_199_200_203_205_206_211_212_213_214_217_218_219_220_223_224_226_227_228_230_231_233_234_235_237_238_241_242_243_244_245_246_248_249_250_251_252_253_254_255_256_257_258_259_260_261_262_263_264_265_266_267_268_269_270_271_272_273_278_282  1.35e+08  1.00e+08  76577.80   5556.34  14632.51    574.72     79.21      4.15    253.69  -6985.44      0.00 0
105733 5626.0    60_71_72_76_84_86_90_95_96_99_100_108_112_114_121_122_125_126_130_133_134_138_142_143_146_147_152_153_154_155_159_163_164_165_169_170_174_176_177_178_179_183_185_186_187_188_192_193_194_201_202_203_207_208_209_210_215_216_218_221_222_228_229_232_233_236_239_240_241_244_245_247_248_251_256_259_262_265_268_272_282  1.48e+08  1.11e+08  35817.50 -105394.09  14931.57    666.19     82.36    288.77   4523.76   4290.35      0.00 0
105734 5626.0    0_1_2_3_4_5_6_7_8_9_10_11_12_13_14_15_16_17_18_19_20_21_22_23_24_25_26_27_28_29_30_31_32_33_34_35_36_37_38_39_40_41_42_43_44_45_46_47_48_49_51_52_53_55_56_57_58_59_61_62_63_65_66_67_68_75_77_78_79_80_81_82_83_87_88_89_91_92_101_102_103_105_107_109_111_115_116_117_127_129_137_141_148_157_158_162_168_173_181_182_191_197_199_200_206_212_214_220_224_227_231_235_238_243_246_250_253_255_258_261_264_267_270_271_274_277_279_281_284_289_291_295  2.00e+08  1.50e+08  22927.68 -70480.42  14379.82    590.64     79.02    288.02   2468.32  -8111.71      0.00 0
105735 5626.0    2_3_5_8_9_13_16_17_20_21_24_28_29_32_33_35_40_41_44_45_48_49_52_53_55_58_59_62_63_66_67_70_74_75_78_79_82_83_88_89_91_94_95_98_99_102_103_106_107_110_111_117_120_121_124_125_129_132_133_136_137_141_145_146_152_154_162_176_178_185_187_202_203_209_215_228_229_232_245_247  1.00e+09  8.05e+08 -46980.97   5269.76  12349.62    643.06     75.36    173.60   1399.06  -2370.76      0.00 0
105736 5626.0    30_36_42_43_46_54_56_60_64_65_68_76_77_80_84_87_90_92_96_100_101_104_108_109_112_118_122_126_130_134_138_142_147_153_155_163_165_177_179_186_188_194_210_216_222_240  4.57e+08  3.60e+08 -48279.76   4878.54  12612.85    620.69     75.43    174.23   6160.79   2402.25      0.00 0
105737 5626.0    0_1_2_3_4_5_6_7_8_9_10_11_12_13_14_15_16_17_18_19_20_21_22_23_24_25_26_27_28_29_30_31_32_33_34_35_36_37_38_39_40_41_42_43_44_45_46_47_48_49_50_51_52_53_54_55_56_57_58_59_60_61_62_63_64_65_66_67_68_69_70_71_72_73_74_75_76_77_78_79_81_82_83_84_85_86_87_88_89_91_93_94_95_96_97_98_99_100_102_103_105_106_107_110_111_113_114_119_120_121_123_124_125_126_129_131_132_133_134_136_137_141_143_144_145_146_151_152_154_155_162_164_165_170_175_176_178_185_187_188_193_194_202_203_208_209_215_216_221_222_228_229_232_236_239_240_245_247  5.50e+08  4.31e+08 104756.45 -10345.29  14869.12    658.07     81.96    354.36   2426.34  -1034.34      0.00 0
105738 5626.0    92_101_109_115_118_127_139_156_160_166_171_195  3.80e+08  3.03e+08 -26601.20   9071.33  10457.89    636.16     69.59    161.17  -2974.06   4992.94      0.00 0
105739 5626.0    0_1_2_3_4_5_6_7_8_9_10_11_12_13_14_15_16_17_18_19_20_21_22_23_24_25_26_27_28_29_30_31_32_33_34_35_36_37_38_39_40_41_42_43_44_45_46_47_48_49_50_51_52_53_54_55_56_57_58_59_60_61_62_63_64_65_66_67_68_69_70_71_72_73_74_75_76_77_78_79_80_81_82_83_84_85_86_87_88_89_90_91_92_93_94_95_96_97_98_99_100_101_102_103_104_105_106_107_108_109_110_111_112_113_114_115_116_117_118_119_120_121_122_123_124_125_126_127_128_129_130_131_132_133_134_135_136_137_138_139_140_141_142_143_144_145_146_147_148_149_150_151_152_153_154_155_156_157_158_159_160_161_162_163_164_165_166_167_168_169_170_171_172_173_174_175_176_177_178_179_180_181_182_183_184_185_186_187_188_189_190_191_192_193_194_195_196_197_198_199_200_201_202_203_204_205_206_207_209_211_212_213_214_215_218_219_220_223_224_225_226_227_228_229_230_231_233_234_235_237_238_241_242_243_244_245_246_248_249_250_251_252_253_255_256_257_258_259_260_261_264_265_266_267_268_269_270_271_272_273_274_275_276_277_279_280_281_282_283_284_286_287_288_289_290_291_293_294_295_296_297_298  1.95e+08  1.49e+08  59460.47 -286619.88  12678.16    639.56     87.52    281.72   2248.36  -8080.92      0.00 0
105740 5626.0    0_1_2_4_5_6_7_8_10_11_14_15_16_19_20_23_24_27_28_30_31_32_36_37_39_40_42_43_46_47_48_51_52_56_57_58_61_62_65_66_68_69_70_74_77_80_82_88_92_94_104_106_120_136  2.45e+08  1.93e+08  13742.91  24833.73  10352.93    656.71     69.96     61.04  -1266.01   -133.62      0.00 0
105741 5626.0    58_69_70_74_82_85_94_97_98_106_110_113_120_123_124_128_131_132_136_140_145_151_161_167_172_175_184_190_196_198_211_213_217_219_223_230_234_237_242_249_252_254_257_263_266_269_273_276_278_280_283_285_288_290_292_296  1.74e+08  1.34e+08  -4832.25  50093.19  12706.33    626.37     75.83     95.51  -3187.86  -6554.30      0.00 0
105742 5626.0    62_74_82_88_94_98_102_106_110_113_116_120_124_128_131_132_136_140_145_148_151_157_161_167_172_175_181_182_184_190_196_198_200_205_206_211_213_219_226_227_230_231_237_246_249_250_252_253_260_261_266_267_270_275_276_277_281_284_286_287_289_291_293_295_298  1.32e+08  9.86e+07  32934.66 -52932.33  13877.97    578.10     77.45    301.89  -1140.93  -6738.63      0.00 0
105743 5626.0    0_1_2_3_4_5_6_7_8_9_10_11_12_13_14_15_16_17_18_19_20_21_22_23_24_25_26_27_28_29_30_31_32_33_34_35_36_37_38_39_40_41_42_43_44_45_46_47_48_49_50_51_52_53_54_55_56_57_58_59_60_61_62_63_64_65_66_67_68_69_70_71_72_73_75_76_77_78_79_80_81_83_84_87_89_90_91_92_93_95_101_103_104_105_107_109_111_115_117_118_119_121_127_129_135_137_139_141_149_150_152_156_158_160_162_166_168_171_173_180_185_189_191_195_197_199_204_212_214_220_224_235_238_243_244_255_258_264_271_274_279  1.10e+08  8.24e+07  29454.60 -61808.36  14116.71    589.51     78.35    295.48   -266.95    912.70      0.00 0
105744 5626.0    116_117_128_129_140_141_148_157_158_161_162_167_168_172_173_175_181_182_184_185_190_191_196_197_198_199_200_203_205_206_211_212_213_214_217_218_219_220_223_224_226_227_228_230_231_233_234_235_237_238_241_242_243_244_245_246_248_249_250_251_252_253_254_255_256_257_258_259_260_261_262_263_264_265_266_267_268_269_270_271_272_273_274_275_276_277_278_279_280_281_282_283_284_285_286_287_288_289_290_291_292_293_294_295_296_297_298  9.55e+08  7.57e+08 270652.12  -4015.49  13001.80    693.83     87.25    359.15   5645.15  -9598.66      0.00 0
105745 5626.0    0_1_2_3_4_5_6_7_8_9_10_11_12_13_14_15_16_17_18_19_20_21_22_23_24_25_26_27_28_29_30_31_32_33_34_35_36_37_38_39_40_41_42_43_44_45_46_47_48_49_50_51_52_53_54_55_56_57_58_59_60_61_62_63_64_65_66_67_68_69_70_71_72_73_74_75_76_77_78_79_80_81_82_83_84_85_86_87_88_89_90_92_93_94_95_96_97_98_99_100_101_102_104_105_106_108_110_112_113_114_118_119_120_122_123_124_125_126_130_131_132_133_134_136_138_142_143_145_147_151_153_155_161_163_164_165_170_174_175_177_179_184_186_188_193_194_208_210_216_222_236_240  3.24e+08  2.48e+08 -109820.11 -40471.23  15408.62    618.81     82.50    200.23   1391.92    870.20      0.00 0
105746 5626.0    0_1_2_3_4_5_6_8_9_11_12_13_16_17_18_20_21_23_24_25_26_28_29_32_33_34_35_37_38_40_41_44_45_48_49_50_52_53_55_58_59_60_62_63_66_67_70_71_72_74_75_76_78_79_82_83_86_88_89_91_94_95_98_99_100_102_103_106_107_110_111_114_120_121_124_125_132_133_134_136_137_143_145_146_151_152_154_155_164_165_170_175_176_178_187_188_193_194_202_208_209_215_216_221_222_232_236_239_240  1.23e+08  9.31e+07  72004.59  11765.39  14155.46    611.66     79.02      9.28   6083.66   -762.30      0.00 0
105747 5626.0    137_152_162_185_199_203_218_224_233_241_244_248_251_256_265_268_272_282  3.47e+08  2.75e+08  21533.33 -16392.12  10388.37    626.43     69.00    322.72   5862.64  -5824.64      0.00 0
105748 5626.0    0_1_2_3_4_5_6_7_8_9_10_11_12_14_15_16_17_18_19_22_23_24_25_26_27_30_31_34_36_37_38_39_42_43_46_47_48_49_50_51_54_56_57_60_61_64_65_69_70_71_72_73_76_81_84_85_86_87_93_97_100_105_113_119_123_131_144  1.51e+08  1.15e+08 -38409.50   3596.95  11875.38    603.74     72.89    174.65  -2086.62    984.13      0.00 0
105749 5626.0    63_67_79_83_89_91_95_99_102_103_107_111_116_117_121_125_128_129_133_137_141_146_148_152_154_157_158_162_164_167_168_170_172_173_176_178_181_182_185_187_190_191_193_196_200_205_208_211_213_215_219_221_230_234_237_242_254_257_263  5.50e+08  4.32e+08  39372.98  26397.74  12559.90    616.08     75.16     33.84    957.73  -4437.70      0.00 0
105750 5626.0    0_1_3_4_5_6_7_9_10_12_14_17_18_21_22_25_26_27_29_30_33_34_36_38_39_41_42_43_46_49_50_53_54_56_59_60_63_64_65_67_68_71_72_75_76_77_80_83_84_86_89_90_92_95_96_99_100_101_104_107_108_111_112_115_118_121_125_127_130_137_141_142_149_152_156_159_162_166_169_180_183_189_192_201_204_207_225  2.95e+08  2.30e+08 -17430.71  48415.66  12887.13    613.50     75.94    109.80    642.38   3230.02      0.00 0
105751 5626.0    162_185_199_203_218_233_241_248_251_265_268_282  7.76e+08  6.35e+08 -18840.48   8769.46   9439.99    627.73     65.57    155.04   5682.27  -5282.91      0.00 0
105752 5626.0    1_7_11_15_19_23_27_31_39_47_51_57_61_73_81_87_93_105_119_135_150  2.57e+08  2.05e+08 -13138.12  15274.47   9356.41    624.37     65.09    130.70  -2217.81   1922.37      0.00 0
105753 5626.0    110_116_128_136_140_148_151_157_161_167_172_175_181_184_190_198  1.23e+08  9.40e+07 -21954.68   7252.32  10034.33    597.12     66.54    161.72  -2559.35  -4560.70      0.00 0
105754 5626.0    211_213_217_219_223_226_230_234_237_242_246_249_250_252_254_257_260_261_263_266_267_269_270_273_275_276_277_278_280_281_283_284_285_286_287_288_289_290_291_293_294_295_298  2.51e+08  1.93e+08  54021.38 -29735.36  13354.85    639.27     77.78    331.17  -3071.21  -8628.20      0.00 0
105755 5626.0    249_252_257_260_261_263_266_269_273_275_276_278_280_283_285_290_292  3.02e+08  2.37e+08  31678.35  -2654.54  10784.85    654.41     71.26    355.21  -4106.76  -9676.95      0.00 0
105756 5626.0    0_1_2_3_4_5_6_7_8_9_11_13_15_16_17_19_20_21_23_24_27_29_31_32_37_39_47_48_51_57_61_69_70_73_81_85_93_97_105_119_123_144  3.24e+08  2.53e+08  23519.75 -14509.08  10635.75    602.88     68.95    328.33  -2148.45    901.22      0.00 0
105757 5626.0    3_4_5_8_9_12_13_17_18_21_25_26_28_29_33_34_35_38_40_41_44_45_49_50_53_55_59_60_63_66_67_71_72_75_76_78_79_83_84_86_89_95_96_99_100_114_122_126_133_134_143_147_155_165_170_177_179_188_194_210_216_240  4.37e+08  3.42e+08  37469.36  27766.37  12618.32    600.50     74.86     36.54   4796.52   1459.05      0.00 0
105758 5626.0    22_30_34_36_38_42_46_50_54_56_60_64_68_71_72_76_77_80_84_86_90_92_96_99_100_101_104_108_112_114_115_118_122_126_127_130_133_134_138_139_142_143_147_149_153_154_155_156_159_163_164_165_166_169_170_171_177_179_180_187_188_189_193_194_195_208_209_210_215_216_221_222_232_236_239_247  1.45e+08  1.08e+08  53181.93 -35454.53  13830.95    594.67     77.79    326.31   6074.46     55.63      0.00 0
105759 5626.0    0_1_2_3_4_5_6_7_8_9_10_11_12_13_14_15_16_17_18_19_20_21_22_24_25_26_27_28_29_30_32_33_34_35_36_38_40_41_42_43_44_45_46_49_50_52_53_54_55_56_59_60_62_63_64_66_67_68_71_72_75_76_77_78_79_80_82_83_84_86_88_89_90_91_92_95_96_99_100_102_103_104_106_107_108_110_111_112_114_116_117_118_121_122_125_126_128_129_130_133_134_137_138_140_141_142_143_146_147_148_152_153_154_155_157_158_159_162_163_164_165_167_168_169_170_172_173_174_176_177_178_179_181_182_185_186_187_188_190_191_192_193_194_196_197_199_200_202_203_205_206_208_209_210_211_212_213_214_215_216_218_219_220_221_222_224_226_227_228_229_230_231_232_233_234_235_236_237_238_239_240_241_242_243_244_245_246_247_248_249_250_251_252_253_255_256_257_258_259_260_261_263_264_266_267_269_270_271_273_274_275_276_277_278_279_280_281_283_284_285_286_287_288_289_290_291_292_293_294_295_296_297_298  1.07e+08  7.90e+07  77136.14 203169.16  15310.80    591.31     85.97     69.21   5662.26   4624.28      0.00 0
105760 5626.0    14_19_22_27_30_36_39_42_43_46_51_54_56_57_60_61_64_65_68_77_80_81_84_87_90_92_93_96_101_104_105_108_109_112_115_118_119_122_123_126_127_130_135_138_139_142_144_147_149_150_153_155_159_163_169_174_177_179_186_188_210  1.66e+08  1.25e+08  59998.77   9631.73  13516.22    611.31     77.46      9.12   4362.59   3802.99      0.00 0
105761 5626.0    110_128_136_140_157_167_172_190_196_205_213_219_230_237  1.51e+08  1.17e+08  -1490.92  21057.02   9664.79    603.77     65.40     94.05  -2075.72  -5590.71      0.00 0
105762 5626.0    139_150_160_166_171_189_195_204  7.24e+08  5.84e+08  19404.50  14590.50   9485.10    704.55     68.66     36.94  -3653.18   4903.57      0.00 0
105763 5626.0    15_19_23_24_31_37_39_43_47_48_51_57_58_61_65_69_70_73_74_77_81_82_85_87_92_93_94_97_98_101_105_106_109_113_115_119_120_123_124_127_131_132_135_136_139_144_145_149_150_151_156_160_161_166_171_175_180_183_184_189_195_198_201_204_207_217_223_225_254  6.61e+08  5.19e+08  41395.60 111547.72  15073.00    664.64     82.78     69.64  -3974.31   3141.66      0.00 0
105764 5626.0    0_1_2_3_4_5_6_7_8_9_10_11_12_13_14_15_16_17_18_19_20_21_22_24_25_26_27_28_29_30_32_33_34_35_36_38_39_40_41_42_43_44_45_46_49_50_52_53_54_55_56_59_60_62_63_64_66_67_68_71_72_75_76_77_78_79_80_83_84_86_88_89_90_91_92_95_96_99_100_102_103_104_107_108_110_111_112_114_116_117_118_121_122_125_126_128_129_130_134_137_138_140_141_142_147_148_149_152_153_157_158_159_162_163_167_168_169_173_174_181_182_183_186_190_191_192_196_197_200_205_206_207_212_213_214_219_220_226_227_230_231_237_238_246_249_250_252_253_257_258_260_261_266_267_269_270_273_275_276_277_280_281_283_286_287_288_289_290_291_292_293_294_295_296_297_298  1.70e+08  1.27e+08 -19011.66 -102278.84  15232.08    609.10     81.67    259.47   -438.30 -10432.12      0.00 0
105765 5626.0    90_96_100_104_108_112_122_126_130_134_138_147_153_155_165_170_179_188_194_208_216_222_236  2.00e+08  1.55e+08  26613.22 -14383.71  11010.65    597.41     70.00    331.61   4698.85   1880.04      0.00 0
105766 5626.0    237_242_249_252_254_257_260_261_263_266_269_273_275_276_277_278_280_281_283_285_286_287_288_289_290_291_292_293_294_295_296_297_298  8.51e+08  6.73e+08 -87699.16  43553.32  14634.01    665.37     81.50    153.59  -3274.34 -10958.88      0.00 0
105767 5626.0    2_3_5_8_9_12_13_16_17_20_21_25_28_29_32_33_35_38_40_41_44_45_48_49_52_53_55_58_59_62_63_66_67_71_72_74_75_78_79_82_83_86_88_89_91_94_95_99_102_103_106_107_110_111_114_116_117_120_121_124_125_128_129_133_136_137_140_141_143_145_146_148_151_152_154_157_158_161_162_164_165_167_168_170_172_173_175_176_178_181_182_184_185_187_190_191_193_194_196_197_198_199_200_202_203_205_206_208_209_211_212_213_214_215_217_218_219_220_221_222_223_224_226_227_228_229_230_231_232_233_234_235_236_237_238_239_241_242_243_244_245_246_247_248_249_250_251_252_253_254_255_256_257_258_259_260_261_262_263_264_265_266_267_268_269_271_272_273_278_282_283_285  5.62e+08  4.33e+08 182455.67  41720.89  15223.32    653.87     85.35     12.88  -4241.11  -5977.85      0.00 0
105768 5626.0    0_1_2_3_4_5_6_7_8_9_10_11_12_13_14_15_16_17_18_19_20_21_22_23_24_25_26_27_28_29_30_31_32_33_34_35_36_37_38_39_40_41_42_43_44_45_46_47_48_49_50_51_52_53_54_55_56_57_58_59_60_61_62_63_64_65_66_67_68_69_70_73_74_77_78_79_80_81_82_83_84_85_87_88_89_90_91_92_93_94_97_98_101_102_103_104_105_106_109_110_111_112_115_116_117_118_120_127_128_129_130_135_136_139_140_148_149_156_157_158_159_161_166_167_168_169_171_172_180_181_182_183_189_190_191_192_195_196_200_201_204_205_206_207_211_213_214_219_225_226_227_230_231_237_242_246_249_250_252_257_260_261_266_267_269_273_275_276_277_280_283_286_287_288_289_290_292_293_294_295_296_297_298  4.27e+08  3.33e+08   2038.18  83397.21  14424.50    632.71     80.19     88.60   -736.27  -2667.84      0.00 0
105769 5626.0    0_1_2_3_4_5_6_7_8_9_10_11_12_13_14_15_16_17_18_19_20_21_22_23_24_25_26_27_28_29_30_31_32_33_34_35_36_37_38_39_40_41_42_43_44_45_46_47_48_49_50_51_52_53_54_55_56_57_58_60_62_64_66_67_68_69_70_72_74_76_77_78_79_80_82_84_85_88_90_91_94_96_98_102_104_106_108_110_112_116_120_122_124_128_130_136_138_140_142_145_151_153_161_163_167_172_174_175_184_196_198_211_217_219_223_234_242_254  1.82e+08  1.40e+08  37631.12  47122.81  13225.76    645.86     77.63     51.39  -2854.26  -3472.80      0.00 0
105770 5626.0    9_13_17_21_25_26_29_33_35_38_41_44_45_49_50_53_55_59_63_66_67_71_72_75_76_78_79_83_86_89_91_95_99_100_102_103_107_111_114_116_117_121_125_126_128_129_133_134_140_143_148_155_157_165_167_181_190_196_213  4.79e+08  3.77e+08  27421.53  28755.22  11883.03    617.54     73.35     46.36   1368.25  -2256.59      0.00 0
105771 5626.0    63_67_79_89_91_95_102_103_107_111_116_117_121_125_128_129_133_137_140_141_146_148_152_154_157_158_162_164_167_168_172_173_176_178_181_182_185_187_190_191_193_196_197_199_200_202_203_205_208_209_211_213_215_218_219_221_223_228_229_232_234_236_239_247  1.05e+08  7.80e+07  51668.84  21719.58  13507.74    575.69     76.45     22.80   3909.66  -3374.00      0.00 0
105772 5626.0    61_65_87_105_109_135_139_150_160_171  7.59e+08  6.10e+08 -15962.64  20306.77  10195.41    629.80     68.46    128.17  -3522.40   4703.66      0.00 0
105773 5626.0    59_63_67_75_79_83_86_89_91_95_99_103_107_111_114_116_117_121_125_129_133_134_137_141_143_146_148_152_154_155_157_158_162_164_165_168_170_173_176_178_179_181_182_185_187_188_190_191_193_194_196_197_199_200_202_203_205_206_208_209_210_212_213_214_215_216_218_219_220_221_222_224_226_227_228_229_230_231_232_233_235_236_237_238_239_240_241_242_243_244_245_246_247_248_249_250_251_252_253_255_256_257_258_259_260_261_262_263_264_265_266_267_268_269_270_271_272_273_274_275_276_277_278_279_280_281_282_283_284_285_286_287_288_289_290_291_292_293_294_295_296_297_298  5.89e+08  4.65e+08 133850.56 155286.44  14947.20    657.64     85.83     49.24   1281.54  -9401.75      0.00 0
105774 5626.0    0_1_2_3_4_5_6_7_8_9_10_11_12_13_14_15_16_17_18_19_20_21_22_23_24_25_26_27_28_29_30_31_32_33_34_35_36_37_38_39_40_41_42_43_44_45_46_47_48_49_50_51_52_53_54_55_56_57_58_59_60_61_62_63_64_65_66_67_68_69_70_71_72_73_74_75_76_77_78_79_80_81_82_83_84_85_86_87_88_89_90_91_93_94_95_96_97_98_99_100_102_103_105_106_107_108_110_111_113_114_116_117_119_120_121_123_124_125_126_128_129_131_132_133_134_135_136_137_140_141_143_144_145_146_148_150_151_152_154_155_157_158_161_162_164_165_167_168_170_172_173_175_176_178_181_182_184_185_187_188_190_191_193_194_196_197_198_199_200_202_203_205_206_208_209_211_212_214_215_217_218_220_221_222_223_224_228_229_232_233_235_236_239_241_243_244_245_247_248_251_255_256_259_262_265_268_272_282  4.68e+08  3.60e+08 202495.56 -38444.99  14918.99    658.85     85.86    349.25   2766.08  -2600.95      0.00 0
105775 5626.0    0_1_2_3_4_5_6_7_8_9_10_11_12_13_14_15_16_17_18_19_20_22_23_24_26_27_28_30_31_32_34_35_36_37_39_40_42_43_44_46_47_48_51_52_54_56_57_58_60_61_62_64_65_66_68_69_70_73_74_77_78_80_82_84_85_88_90_92_94_98_104_106_108_110_112_118_120_124_130_136_138_140_142_145_151_161_169_172_174_175_184_198_217_223  1.86e+08  1.43e+08 -24939.57 -35262.55  12311.32    602.66     74.09    234.73   -970.91   -169.66      0.00 0
105776 5626.0    12_18_22_25_26_30_33_34_38_42_46_49_50_53_54_59_60_64_68_71_72_75_76_80_83_84_86_90_92_95_96_99_100_104_107_108_112_114_115_118_121_122_125_126_130_133_134_137_138_142_143_146_147_149_152_153_154_155_159_162_163_164_165_169_170_174_176_177_178_179_180_183_185_186_187_188_192_193_194_199_201_202_203_204_207_208_209_212_215_218_221_224_225_228_229_232_233_235_239_241_244_245_247_248_251_255_256_259_262_265_268_271_272_282  1.23e+08  9.18e+07  36498.73 -81746.99  14243.44    684.98     80.96    294.06   5736.32  -3418.33      0.00 0
105777 5626.0    0_1_2_3_4_5_6_7_8_9_10_11_12_13_14_15_16_17_18_19_20_21_22_23_24_25_26_27_28_29_30_31_32_33_34_35_36_37_38_39_40_41_42_43_44_45_46_47_48_49_50_51_52_53_54_55_56_57_58_59_60_61_62_63_64_65_66_67_68_69_70_71_72_73_74_75_76_77_78_79_80_81_82_83_84_85_86_87_88_89_90_91_92_93_94_95_97_98_99_101_102_103_104_105_106_107_109_110_111_113_115_116_117_118_119_120_121_123_124_125_127_128_129_131_132_135_136_137_139_140_141_144_146_148_150_152_156_157_158_160_162_166_167_168_171_173_176_178_181_182_185_189_190_191_195_197_199_200_202_203_205_206_212_214_218_220_224_227_228_231_233_235_238_241_243_244_248_250_251_253_255_256_258_259_264_265_267_268_270_271_272_274_279_281_282_284_291  3.72e+08  2.85e+08 -78432.52 117515.71  15797.78    603.39     83.62    123.72   6356.81 -10862.24      0.00 0
105778 5626.0    182_191_200_206_214_226_227_231_246_249_250_260_261_266_275_276_280_286_288_294_296  7.08e+08  5.65e+08  11475.45  26154.21  10655.79    616.63     69.54     66.31    -43.35  -9145.36      0.00 0
105779 5626.0    22_26_34_38_42_46_50_54_60_64_68_71_72_75_76_80_84_86_90_92_95_96_99_100_104_108_112_114_115_118_122_125_126_130_133_134_138_142_143_146_147_149_153_154_155_156_159_163_164_165_169_170_174_176_177_178_179_180_183_186_187_188_189_192_193_194_201_202_203_204_207_208_209_210_215_216_221_222_225_228_229_232_233_236_239_245_247_248_251_262_265_282  2.09e+08  1.57e+08 -43523.43  62785.55  14269.48    616.63     79.42    124.73   3261.21   2509.89      0.00 0
105780 5626.0    138_142_147_153_163_177_179_186_188_210_216_240  2.69e+08  2.11e+08 -24089.22   8167.81  10199.54    621.39     68.15    161.27   5611.34   3152.30      0.00 0
105781 5626.0    71_72_75_76_86_95_96_99_100_107_108_112_114_121_122_125_126_133_134_137_138_142_143_146_147_152_153_154_155_162_163_164_165_169_170_173_174_176_177_178_179_185_186_187_188_193_194_199_202_203_208_209_210_212_215_216_218_220_221_222_224_228_229_232_233_235_236_239_240_241_243_244_245_247_248_251_255_256_259_262_264_265_268_271_272_274_279_282  4.90e+08  3.80e+08   8542.00 -120048.41  15374.74    629.13     82.72    274.07   5459.56   5108.81      0.00 0
105782 5626.0    91_102_103_110_116_117_128_129_136_140_141_148_157_158_161_167_168_173_181_182_191_197_199_206_212_214_220_224_235_241_243_244_255_256_259_272  2.88e+08  2.26e+08  34187.70 -12945.74  11400.14    640.83     72.68    339.26   1654.07  -5488.87      0.00 0
105783 5626.0    0_1_2_3_4_5_6_7_8_9_10_11_12_13_14_15_16_17_18_19_20_21_22_23_24_25_26_27_28_29_30_31_32_33_34_35_36_37_38_39_40_41_42_43_44_45_46_47_48_49_51_52_53_54_55_56_57_58_59_61_62_63_65_66_67_68_69_70_73_74_77_78_79_80_81_82_83_85_87_88_89_91_92_93_94_97_98_101_102_103_105_106_107_109_110_111_113_115_116_117_118_119_120_123_124_127_128_129_131_132_135_136_137_139_140_141_144_145_148_149_150_151_156_157_158_160_161_162_166_167_168_171_172_173_175_180_181_182_184_189_190_191_195_196_197_198_200_204_205_206_211_212_213_214_217_219_220_223_226_227_230_231_234_235_237_238_242_243_246_249_250_252_253_254_255_257_258_260_261_263_264_266_267_269_270_271_273_274_275_276_277_278_279_280_281_283_284_285_286_287_288_289_290_291_292_293_294_295_296_297_298  7.08e+08  5.48e+08 -71386.63 199484.86  14778.47    663.66     86.01    109.69  -3566.96    468.51      0.00 0
105784 5626.0    0_1_2_3_4_5_6_7_8_10_11_12_13_14_15_16_18_19_20_22_23_24_27_28_30_31_32_34_36_37_39_40_42_43_46_47_48_51_52_54_56_57_58_61_62_64_65_66_68_69_70_73_74_77_80_81_82_84_85_87_88_90_92_93_94_97_98_101_104_105_106_108_109_110_112_113_115_118_119_120_123_124_127_130_131_132_135_136_138_139_140_142_144_145_149_150_151_156_159_160_161_163_166_169_171_174_175_180_183_184_189_192_195_198_201_204_207_217_223_225  6.76e+08  5.25e+08 -141780.03 -182913.52  14438.57    655.37     86.43    232.22  -1786.89   5183.58      0.00 0
105785 5626.0    9_12_17_21_25_26_29_33_35_38_41_44_45_49_50_53_55_59_63_67_71_72_75_76_78_79_83_86_89_91_95_102_103_107_111_116_117_128_129_148_157_158_167_181_182_190_200_205_213_226_230_237_249_252_266_269  5.37e+08  4.31e+08 -16213.88 -33406.00  11395.19    649.86     72.94    244.11    253.41  -4323.82      0.00 0
105786 5626.0    0_1_2_3_4_5_6_7_8_9_10_11_12_13_14_15_16_17_18_19_20_21_22_23_24_25_26_27_28_29_30_31_32_33_34_35_36_37_38_39_40_41_42_43_44_45_46_47_48_49_50_51_52_53_54_55_56_57_58_59_60_61_63_64_65_67_68_69_70_71_72_73_74_75_76_77_79_80_81_83_84_85_86_87_89_92_93_95_97_99_100_101_105_107_109_111_114_119_121_123_125_127_131_133_135_137_139_144_146_150_152_154_160_162_164_171_176_178_185_187_202_203_209_228_229_233_245_248_262  2.00e+08  1.53e+08  54796.34 -37900.34  13603.73    642.60     78.46    325.33  -1937.33   1869.85      0.00 0
105787 5626.0    44_45_55_62_63_66_67_78_79_88_89_91_102_103_106_107_110_111_116_117_120_121_128_129_136_137_140_141_145_146_148_151_152_157_158_161_162_167_168_172_173_175_176_178_181_182_184_185_190_191_196_197_198_199_200_202_203_205_206_209_211_212_213_214_217_218_219_220_223_224_226_227_228_229_230_231_232_233_234_235_238_241_243_244_245_247_248_251_255_256_259_262_265_268_272_282  1.23e+08  9.09e+07  94627.92    214.71  15072.29    598.57     80.95      0.13   5284.32  -4882.31      0.00 0
105788 5626.0    2_3_5_8_9_11_13_16_17_20_21_24_25_28_29_32_33_35_37_40_41_44_45_48_49_52_53_55_58_59_62_63_66_67_69_70_74_75_78_79_82_83_85_88_89_91_94_95_98_99_102_103_106_107_110_111_113_116_117_120_121_124_125_128_129_132_133_136_137_140_141_145_146_148_151_152_154_157_158_161_162_167_168_172_173_175_176_178_181_182_184_185_187_190_191_196_197_198_199_200_202_203_205_206_209_211_212_213_214_215_217_218_219_220_223_224_226_227_228_229_230_231_232_233_234_235_237_238_239_241_242_243_244_245_246_247_248_249_250_251_253_254_255_256_258_259_262_264_265_268_271_272_279_282  2.88e+08  2.21e+08 -162353.39  26208.28  15574.55    631.75     84.59    170.83   4546.43  -5185.28      0.00 0
105789 5626.0    128_148_157_158_167_172_181_182_190_191_196  6.03e+08  4.80e+08  20307.50  -3474.87   9463.10    620.16     65.33    350.29   -421.15  -5560.33      0.00 0
105790 5626.0    0_1_2_3_4_5_6_7_8_9_10_11_12_13_14_15_16_17_18_19_20_21_22_23_24_25_26_27_28_29_30_31_32_33_34_35_36_37_38_39_40_41_42_43_44_45_46_47_48_49_50_51_52_53_54_55_56_57_58_59_60_61_62_63_64_65_66_67_68_69_70_73_74_76_77_78_79_80_81_82_83_84_85_87_88_89_90_91_92_94_101_102_103_104_105_106_108_109_110_112_115_116_117_118_120_127_128_129_130_136_140_142_148_149_156_157_158_159_161_167_169_172_180_181_182_183_189_190_191_192_196_198_200_201_204_205_206_207_211_213_219_225_226_227_230_234_237_242_246_249_250_252_254_257_260_261_263_266_269_273_275_276_278_280_283_285_286_287_288_290_292_293_294_296_297  2.57e+08  1.99e+08 -13432.71 -80877.54  14087.67    670.16     80.25    260.57  -1329.82  -5633.52      0.00 0
105791 5626.0    94_97_98_106_113_120_123_124_131_132_136_140_144_145_151_161_167_172_175_184_196_198_211_213_217_219_223_230_234_237_242_249_252_254_257_263_266_269_273_276_278_280_283_285_286_288_290_292_294_296_297  3.39e+08  2.61e+08 -18484.30  88479.35  14737.06    623.61     80.74    101.80  -3578.40 -10766.34      0.00 0
105792 5626.0    0_1_2_3_4_5_6_7_8_9_10_11_12_13_14_15_16_17_18_19_20_21_22_23_24_25_26_27_28_29_30_31_32_33_34_35_36_37_38_39_40_41_42_43_44_45_46_47_48_49_50_51_52_53_54_55_56_57_58_59_60_61_62_63_64_65_66_67_68_69_70_71_72_73_74_75_76_77_78_79_80_81_82_83_84_85_86_87_88_89_90_91_92_93_94_95_96_97_98_99_100_101_102_103_104_105_106_107_108_109_110_111_112_113_114_115_116_117_118_119_120_121_122_123_124_125_126_127_128_129_130_131_132_133_134_135_136_137_138_139_140_141_142_143_144_145_146_147_148_149_150_151_152_153_154_155_156_157_158_159_160_161_162_163_164_165_166_167_168_169_170_171_172_173_174_176_177_178_180_181_182_183_185_186_187_189_190_191_192_195_196_197_199_200_201_202_203_204_205_206_207_209_211_212_213_214_218_219_220_224_225_226_227_228_229_230_231_233_235_237_238_241_243_244_246_248_249_250_251_252_253_255_256_258_259_260_261_264_265_266_267_268_270_271_272_274_275_276_277_279_280_281_282_284_286_287_288_289_291_293_294_295_297_298  7.76e+08  6.03e+08 -73815.30 233543.61  14294.22    632.75     86.66    107.54   -892.73   3873.11      0.00 0
105793 5626.0    0_1_2_3_4_5_6_7_9_10_11_12_14_15_17_18_19_21_22_23_25_26_27_30_31_33_34_36_38_39_42_43_46_47_49_50_51_53_54_56_57_59_60_61_64_65_68_71_72_73_75_76_77_80_81_84_86_87_90_92_93_95_96_99_100_101_104_105_108_109_112_114_115_118_119_122_123_125_126_127_133_134_135_139_143_144_149_150_154_156_160_164_165_166_170_171_178_187_189_193_195_209_215_221_232_239  2.69e+08  2.03e+08  65364.02 -37905.43  14550.52    578.06     79.10    329.89  -3571.38   4196.83      0.00 0
105794 5626.0    212_220_235_238_243_253_258_264_270_274_279_284_291  6.17e+08  4.94e+08   -615.91  24332.07  10096.84    613.61     67.47     91.45   3304.23  -8915.08      0.00 0
105795 5626.0    0_1_2_3_4_5_6_7_8_9_10_11_12_13_14_15_16_17_18_19_21_22_23_24_25_26_27_28_29_30_31_33_34_35_36_37_38_39_41_42_43_45_46_47_49_50_51_53_54_56_57_59_60_61_63_64_65_67_68_71_72_73_75_76_77_80_81_83_84_86_87_89_90_92_93_95_96_99_100_101_104_105_107_108_109_111_112_114_115_118_119_121_122_125_126_127_130_133_134_135_137_138_139_143_144_146_149_150_152_154_156_159_160_162_164_165_166_170_171_176_178_180_183_185_187_189_193_195_199_202_203_204_209_215_218_228_229_232_233_239_241_245_247_248_251_256_262_265_268_282  7.24e+08  5.69e+08 -64402.30  62453.77  14546.14    645.15     80.79    135.88   -175.80   2414.61      0.00 0
105796 5626.0    91_102_103_110_116_117_128_129_136_140_141_148_151_157_158_161_162_167_168_172_173_181_182_184_190_191_196_198_217  7.59e+08  6.12e+08 -30776.09    365.28  10754.27    641.52     70.74    179.32  -1147.07  -4703.57      0.00 0
105797 5626.0    0_1_2_3_4_5_6_7_8_9_10_11_12_13_14_15_16_17_18_19_20_21_22_23_24_25_26_27_28_29_30_31_32_33_34_35_36_37_38_39_40_41_42_43_44_45_46_47_48_49_50_51_52_53_54_55_56_57_58_59_60_61_62_63_64_65_66_67_68_69_70_71_72_73_74_75_76_77_78_79_80_81_82_83_84_85_86_87_88_89_90_91_92_93_94_95_96_97_98_99_100_101_102_103_104_105_106_107_108_109_110_111_112_113_114_115_116_117_118_119_120_121_122_123_124_125_126_127_128_129_130_131_132_133_134_135_136_137_138_139_140_141_142_143_144_146_147_148_149_150_151_152_153_154_155_156_157_158_159_160_161_162_163_164_165_166_167_168_169_170_171_172_173_174_176_177_178_179_180_181_182_183_185_186_187_188_189_190_191_192_193_194_195_196_197_199_200_201_202_203_204_205_206_207_208_209_210_211_212_213_214_215_216_218_219_220_221_222_224_225_226_227_228_229_230_231_232_233_235_237_238_239_241_243_244_245_246_247_248_249_250_251_252_253_255_256_258_259_260_261_262_264_265_266_267_268_269_270_271_272_274_275_276_277_279_280_281_282_284_286_287_288_289_291_293_294_295_296_297_298  9.55e+08  7.47e+08 -63797.62 284713.81  12739.11    636.77     87.50    102.63   1161.13   1479.59      0.00 0
105798 5626.0    271_272_274_279_282_284_291_295_298  1.58e+08  1.20e+08  36852.92  31519.88  12903.18    583.22     75.10     40.54   4780.45 -11118.49      0.00 0
105799 5626.0    0_1_2_3_4_5_6_7_8_9_10_11_12_13_14_15_16_17_18_19_20_21_22_23_24_25_26_27_28_29_30_31_32_33_34_35_36_37_38_39_40_41_42_43_44_45_46_47_48_49_50_51_52_53_54_55_56_57_58_59_60_61_62_63_64_65_66_67_68_69_70_71_72_74_75_76_77_78_79_80_81_82_83_84_86_87_88_89_90_91_92_94_95_96_99_100_101_102_103_104_106_107_108_110_111_112_114_115_116_117_118_121_122_126_127_128_129_130_136_137_138_140_141_142_147_148_149_153_156_157_158_159_161_163_167_168_169_172_174_180_181_182_183_186_190_191_192_196_197_200_201_205_206_207_211_213_214_219_225_226_227_230_231_234_237_242_246_249_250_252_253_257_260_261_263_266_267_269_273_275_276_277_278_280_283_285_286_287_288_290_292_293_294_295_296_297_298  3.72e+08  2.81e+08  22060.93 102295.14  15434.25    586.99     81.61     77.83     92.81  -2818.51      0.00 0
