#event_number primary_type du_ids energy_primary em_energy Xmax_pos(x, y, z), Xmax_grams zenith azimuth shower_core_pos_x shower_core_pos_y shower_core_pos_z, N_tested_cores, units are degrees, GeV and meters
2300 14.0      212_218_220_224_235_238_243_244_253_255_258_264_267_270_274_277_281_284_289_291_295  4.07e+10  3.72e+10  -9522.57 -18600.73   7925.35    906.63     69.23    242.89   3062.08  -8885.88      0.00 0
2301 14.0      0_1_2_3_4_5_6_7_8_9_10_12_13_14_17_18_21_22_25_26_27_28_29_30_33_34_35_36_38_41_42_43_44_45_46_49_50_53_54_55_56_59_60_63_64_67_68_71_72_75_76_77_78_79_80_83_84_86_89_90_91_92_95_96_99_100_103_104_107_108_111_112_114_115_116_117_118_121_122_125_126_129_130_133_134_137_138_141_142_143_146_147_148_149_152_153_154_155_158_159_162_163_164_165_168_169_170_173_174_176_177_178_179_180_181_182_183_185_186_187_188_191_192_193_194_197_199_200_201_202_203_206_207_208_209_210_212_214_215_216_218_220_221_222_224_225_226_227_228_229_231_232_233_235_236_238_239_240_241_243_244_245_246_247_248_250_251_253_255_256_258_259_260_261_262_264_265_267_268_270_271_272_274_275_277_279_281_282_284_286_287_289_291_293_295_298  4.79e+09  4.16e+09   6424.47 -259168.80  12996.88    741.16     87.13    271.42   5450.17 -11278.37      0.00 0
2302 14.0      0_1_2_6_7_10_11_14_15_16_19_22_23_24_27_30_31_32_36_37_39_42_43_46_47_48_51_52_56_57_58_61_64_65_68_69_70_73_74_77_80_81_82_85_87_90_92_93_94_97_98_101_104_105_106_109_112_113_115_118_119_120_123_124_127_130_131_132_135_138_139_142_144_145_149_150_151_156_159_160_163_166_169_171_174_175_180_183_184_189_192_195_201_204_207_217_225  1.48e+09  1.25e+09 -106615.98 -121915.19  14539.82    769.42     84.87    228.83  -2900.10   3594.23      0.00 0
2303 14.0      181_182_191_197_199_200_205_206_212_213_214_218_220_224_226_227_230_231_235_237_238_241_243_244_251_255_256_259_265_268  3.55e+10  3.23e+10 -28302.06  -3414.90   9510.76    800.30     71.55    186.88   2487.19  -6907.60      0.00 0
2304 14.0      42_46_54_56_60_64_68_76_77_80_84_90_92_96_100_101_104_108_112_118_122_126_130_134_138_143_147_153_155_165_170_177_179_188_194_208_210_216_222_236_240  4.47e+09  3.89e+09 -29178.23   9323.19   9634.58    825.66     72.54    162.28   4472.75   1954.11      0.00 0
2305 14.0      0_1_2_5_8_9_11_13_15_16_19_20_21_23_24_28_29_31_32_35_37_40_41_44_45_47_48_51_52_55_57_58_62_63_66_67_69_70_73_74_78_79_81_82_85_88_89_91_93_94_97_98_102_103_106_110_111_113_116_117_119_120_123_124_128_129_131_132_137_141_144_148_150_157_158_162_168_173_181_182_191_197_199_200_206_212_214_220_224_227_231_235_238_243_244_250_253_255_258_259_264_270_271_274_279_284  2.14e+09  1.83e+09 -35066.22  44995.92  12011.13    802.14     78.11    127.93   1818.67  -5756.79      0.00 0
2306 14.0      110_116_117_128_129_136_140_148_151_157_158_161_167_168_172_181_182_184_190_191_196_197_198_211_217_223  1.58e+10  1.44e+10  26606.87  -2942.12   9107.71    835.22     71.21    353.69  -1852.32  -5039.22      0.00 0
2307 14.0      177_186_210  3.31e+09  2.91e+09  -8786.16  14868.43   7987.36    764.24     65.18    120.58   5216.25   4991.39      0.00 0
2308 14.0      0_1_2_3_4_5_6_7_8_9_10_11_12_13_14_15_16_17_18_19_20_21_22_25_26_27_28_29_30_33_34_35_36_38_39_40_41_42_43_44_45_46_49_50_53_54_55_56_59_60_63_64_65_66_67_68_71_72_75_76_77_78_79_80_83_84_86_89_90_91_92_95_96_99_100_102_103_104_107_108_111_112_114_115_116_117_118_121_122_125_126_129_130_133_137_138_141_142_146_148_149_152_153_157_158_159_162_163_168_169_173_174_181_182_183_185_190_191_192_197_199_200_201_205_206_207_212_214_220_224_226_227_230_231_235_238_243_246_249_250_253_255_258_260_261_264_266_267_270_274_275_276_277_279_281_284_286_287_288_289_291_293_294_295_297_298  8.91e+10  8.19e+10   1240.45 -84604.49  12751.29    900.42     81.43    270.84   1747.25 -11049.84      0.00 0
2309 14.0      0_1_2_3_4_5_6_8_9_10_12_13_14_17_18_21_22_25_26_28_29_30_33_34_35_36_38_41_42_44_45_46_49_50_53_54_55_56_59_60_63_64_67_68_71_72_75_76_78_79_80_83_84_86_89_90_91_92_95_96_99_100_103_104_107_108_111_112_114_116_117_118_121_122_125_126_129_130_133_134_137_138_141_142_143_146_147_148_149_152_153_154_155_158_159_162_163_164_165_168_169_173_174_176_177_179_181_182_183_185_186_191_192_197_199_200_206_207_212_214_218_220_224_226_227_231_235_238_243_246_250_253_255_258_260_261_264_267_270_274_275_277_279_281_284_286_287_289_291_293_295_297_298  8.32e+09  7.81e+09   5630.68  74021.68  12129.92    945.19     80.72     85.65   2608.25    482.48      0.00 0
2310 14.0      116_117_128_129_141_148_157_158_167_168_172_173_181_182_190_191_196_198_200_205_206_211_213_219_223_230_234_237_242_254_263  4.07e+10  3.71e+10 -32588.56 -10437.95  10097.27    813.52     73.56    197.76  -2959.99  -6601.23      0.00 0
2311 14.0      140_161_167_172_196_211_213_219_230_237_252  7.94e+09  6.89e+09   5119.27 -17020.25   8231.32    736.85     65.15    286.74  -2582.87  -6556.77      0.00 0
2312 14.0      0_1_2_3_4_5_6_7_8_9_10_11_12_13_14_15_16_17_18_19_20_21_22_23_24_25_26_27_28_29_30_31_32_33_34_35_36_37_38_39_40_41_42_43_44_45_46_47_48_49_50_51_52_53_54_55_56_57_58_59_60_61_62_63_64_65_66_67_68_69_70_71_72_73_74_75_76_77_79_80_81_82_83_84_85_86_87_89_90_92_93_94_95_96_97_98_99_100_101_104_105_107_108_109_112_113_114_115_118_119_121_122_123_124_125_126_127_130_131_132_133_134_135_138_139_142_143_144_146_147_149_150_153_154_155_156_159_160_163_164_165_166_169_170_171_174_177_178_179_180_183_186_187_188_189_192_193_194_195_201_202_204_207_208_209_210_215_216_221_222_225_229_232_236_239_240_247  1.58e+09  1.39e+09 276509.12 -42114.33  12065.14    775.15     87.53    351.34    874.19   3521.50      0.00 0
2313 14.0      0_1_2_3_4_5_6_7_8_9_10_11_12_13_15_16_17_18_20_21_22_23_24_25_26_28_29_32_33_34_35_37_38_40_41_44_45_48_49_50_52_53_54_55_58_59_60_62_63_66_67_70_71_72_74_75_76_78_79_82_83_84_86_88_89_91_94_95_96_98_99_100_102_103_106_107_110_111_114_116_117_120_121_124_125_126_128_129_132_133_134_136_137_140_141_143_145_146_147_148_151_152_154_155_157_158_161_162_164_165_167_168_170_172_173_175_176_178_179_181_182_184_185_187_188_190_191_193_194_196_197_198_199_200_202_203_205_206_208_209_210_211_212_213_214_215_216_217_218_219_220_221_222_223_224_226_227_228_229_230_231_232_233_234_235_236_237_238_239_240_241_242_243_244_245_246_247_248_249_250_251_252_254_256_257_260_262_263_265_266_269_273_278_283_285  2.69e+10  2.42e+10 -164549.20 -63263.39  13595.84    905.20     85.59    201.03   -948.70  -4514.03      0.00 0
2314 14.0      3_4_6_9_10_12_14_17_18_21_22_25_26_30_33_34_36_38_41_42_46_49_50_53_54_56_59_60_63_64_68_71_72_75_76_80_83_84_86_89_90_95_99_100_107_111_114_121_125_133_137_141_146_152_154_162_173_176_178_185_199_202_203_212_218_224_228_233_235_241_244_245_248_251_255_256_259_262_265_268_271_272_282  1.17e+09  1.01e+09 -29230.45  45443.83  11988.71    772.96     77.49    122.75   5892.87  -6069.98      0.00 0
2315 14.0      39_61_65_81_87_105_109_119_135_150_160  4.68e+10  4.20e+10 -15864.50   9307.65   8077.94    786.15     66.29    149.60  -3280.77   3313.74      0.00 0
2316 14.0      0_1_2_3_4_5_6_7_8_9_10_11_12_13_14_15_16_17_18_19_20_21_22_23_24_25_26_27_28_29_30_31_32_33_34_35_36_37_38_39_40_41_42_43_44_45_46_47_48_49_50_51_52_53_54_55_56_57_58_59_60_61_62_63_64_65_66_67_68_69_70_71_72_73_74_75_76_77_78_79_80_81_82_83_84_85_86_87_88_89_90_91_92_93_94_95_97_98_99_101_102_103_104_105_106_107_109_110_111_113_115_116_117_118_119_120_121_123_124_125_127_128_129_131_132_135_136_137_139_140_141_144_145_146_148_149_150_151_152_156_157_158_160_161_162_166_167_168_171_172_173_176_180_181_182_183_185_189_190_191_195_196_197_199_200_201_203_204_205_206_212_213_214_218_219_220_224_225_226_227_230_231_233_235_237_238_241_243_244_246_249_250_251_252_253_255_256_258_259_260_261_264_266_267_268_270_271_272_274_275_276_277_279_281_284_286_287_289_291_293_295_298  1.51e+10  1.33e+10 -77152.74 143228.31  14118.78    833.26     85.04    118.31  -1086.87   -719.60      0.00 0
2317 14.0      202_203_209_218_228_229_232_233_241_244_245_248_251_255_256_259_262_265_268_271_272_279  9.33e+09  8.05e+09   4805.26  32818.55  10140.62    784.69     73.00     81.67   6115.42  -7830.33      0.00 0
2318 14.0      0_1_2_3_4_5_6_7_8_9_10_11_12_13_14_15_16_17_18_19_20_21_22_23_24_25_26_27_28_29_30_31_32_33_34_35_36_37_38_39_40_41_42_43_44_45_46_47_48_49_50_51_52_53_54_55_56_57_58_59_60_62_64_66_68_69_70_71_72_73_74_75_76_78_80_82_84_85_86_88_90_94_96_98_100_106_108_112_114_120_122_124_126_132_134_136_138_145_147_151_153_155_163_165_175_177_179_186_188_210_216  3.31e+10  3.05e+10 -43052.57 -23541.30  11247.20    843.00     77.09    208.67   2571.61   1350.73      0.00 0
2319 14.0      0_1_2_3_4_5_6_7_8_9_10_11_12_13_14_15_16_17_18_19_20_21_22_23_24_25_26_27_28_29_30_31_32_33_34_35_36_37_38_39_40_41_42_43_44_45_46_47_48_49_50_51_52_53_54_55_56_57_58_59_60_61_62_63_64_65_66_67_68_71_72_75_76_77_78_79_80_82_83_84_86_87_88_89_90_91_92_95_96_99_100_101_102_103_104_106_107_108_110_111_112_114_115_116_117_118_121_122_125_126_127_128_129_130_133_134_137_138_140_141_142_143_146_147_148_149_152_153_154_155_156_157_158_159_162_163_164_165_167_168_169_170_173_174_176_177_178_179_180_181_182_183_185_186_187_188_190_191_192_194_196_197_199_200_201_202_203_204_205_206_207_210_212_213_214_218_219_220_224_225_226_227_230_231_235_237_238_241_243_244_246_249_250_252_253_255_257_258_259_260_261_264_266_267_269_270_271_274_275_276_277_279_280_281_283_284_286_287_288_289_290_291_292_293_294_295_296_297_298  5.89e+10  5.31e+10  18175.73 141491.91  13836.59    881.52     84.46     82.68   1835.44  -3007.60      0.00 0
2320 14.0      181_182_190_191_197_200_205_206_212_213_214_220_224_226_227_231_235_238_241_243_244_253_255_256_258_259_264_268_271_272_282  1.86e+09  1.59e+09  32171.59  -3313.26  10209.73    756.23     72.48    354.12   3266.89  -7219.85      0.00 0
2321 14.0      176_178_187_193_202_203_209_215_218_221_224_228_229_232_233_235_236_239_241_243_244_245_247_248_251_255_256_258_259_262_264_265_268_271_272_274_279_282_284_291  2.19e+09  1.95e+09 -16149.86 -40665.41  11161.13    783.35     75.69    248.34   5852.45  -6759.49      0.00 0
2322 14.0      0_1_2_3_4_5_6_7_8_9_10_11_12_13_14_15_16_17_18_19_20_21_22_23_24_25_26_27_28_29_30_31_32_33_34_35_36_37_38_39_40_41_42_43_44_45_46_47_48_49_50_51_52_53_54_55_56_57_58_59_60_61_62_63_64_65_66_67_68_69_70_71_72_73_74_75_76_77_78_79_80_81_82_83_84_85_86_87_88_89_90_91_92_93_94_95_96_97_98_99_100_101_102_103_104_105_106_107_108_109_110_111_112_113_114_115_116_117_118_119_120_121_122_124_125_126_127_128_129_130_132_133_134_135_136_137_138_139_140_141_142_143_145_146_147_148_149_151_152_153_154_155_156_157_158_159_161_162_163_164_165_166_167_168_169_170_172_173_174_175_176_177_178_179_180_181_182_183_184_185_186_188_189_190_191_192_194_196_197_198_199_200_201_204_205_206_207_210_211_212_213_214_216_217_219_220_223_225_226_227_230_231_234_237_238_242_246_249_250_252_253_254_257_258_260_261_263_266_267_269_270_273_275_276_277_278_280_281_283_285_286_287_288_289_290_292_293_294_295_296_297_298  2.69e+09  2.42e+09 -80664.96 -194934.86  13901.38    781.73     86.23    247.52  -2362.68  -8082.71      0.00 0
2323 14.0      21_25_33_38_41_45_49_50_53_59_63_67_71_72_75_76_79_83_86_89_91_95_96_99_100_103_107_111_114_116_117_121_122_125_126_129_133_134_137_141_143_146_147_148_152_153_154_155_157_158_162_164_165_168_170_173_176_177_178_179_181_182_185_186_187_188_190_191_193_194_197_199_200_202_203_205_206_208_209_210_212_213_214_215_216_218_220_221_222_224_226_227_230_231_235_237_238_240_243_246_249_250_252_253_260_261_266_267_269_275_276_277_280_283_286_287_288_290_292_293_294_296_297  5.37e+10  4.85e+10  30429.43  54514.07  10997.19   1072.10     80.01     60.83   3552.18  -2091.75      0.00 0
2324 14.0      4_6_7_10_14_18_19_22_26_27_30_34_36_39_42_43_46_51_54_56_61_65_68_77_80_81_87_101_105_109_127_135_139_160  4.27e+09  3.84e+09 -14643.31  11502.47   7842.75    841.50     67.16    141.85  -1024.85   2494.35      0.00 0
2325 14.0      158_168_182_191_197_200_206_214_226_227_231_246_249_250_260_261_266_276  2.57e+10  2.35e+10   9776.88  16439.99   7887.68    850.65     67.59     59.26    589.60  -7441.51      0.00 0
2326 14.0      220_235_243_244_255_256_259_268_271_272  1.58e+10  1.40e+10 -18315.56   5905.18   8176.52    796.05     66.98    162.13   5337.35  -7620.08      0.00 0
2327 14.0      121_137_146_152_162_173_176_185_197_199_212_218_220_224_235_243_244_255_264  9.77e+09  8.65e+09   -844.51 -21983.23   8946.47    737.51     67.87    267.80   3845.53  -5596.94      0.00 0
2328 14.0      40_44_52_55_58_62_66_74_78_79_82_88_91_94_102_103_106_110_116_117_128_129_141_148_158_168_173_182_191_197_212_214_220  1.41e+10  1.27e+10  18715.25 -17161.38   8842.57    851.57     70.80    317.48    264.45  -4057.87      0.00 0
2329 14.0      63_67_79_83_89_91_95_102_103_107_111_116_117_128_129_137_141_148_157_158_167_168_181_182_190_196_200_205_211_213_219_226_230_234_237_242_249_252_254_257_263_269_273_278_283_285  6.03e+10  5.45e+10 -25537.95 -28065.84  10444.87    818.71     74.61    227.70  -1804.39  -6913.00      0.00 0
2330 14.0      43_56_61_65_68_77_80_81_87_90_92_101_104_105_109_112_115_118_119_127_130_135_138_142_159_163_169_174_186  3.55e+10  3.16e+10 -23069.24  -7620.49   8890.82    811.24     69.90    198.28    625.33   3721.91      0.00 0
2331 14.0      63_67_79_83_89_91_95_103_107_111_117_121_125_129_137_141_146_152_154_162_176_178_185_187_193_202_209_215_229_232_239  1.29e+10  1.17e+10  26123.44   5063.69   8815.77    891.52     71.67     10.97   4408.68  -2707.20      0.00 0
2332 14.0      0_1_2_3_4_5_6_7_9_10_11_12_13_14_15_17_18_19_21_22_25_26_27_29_30_31_33_34_36_38_39_41_42_43_46_49_50_51_53_54_56_59_60_61_63_64_65_67_68_71_72_75_76_77_80_81_83_86_87_89_92_95_99_101_105_107_109_121_125_127_137_139_152  3.24e+10  2.99e+10  18740.56 -22270.90   9367.57    842.35     72.16    310.08    778.60    327.86      0.00 0
2333 14.0      0_1_2_3_4_5_6_7_8_9_10_11_12_13_14_15_16_17_18_19_20_21_22_23_24_25_26_27_28_29_30_31_32_33_34_35_36_37_38_39_40_41_42_43_44_45_46_47_49_50_51_53_54_55_56_57_59_60_61_63_64_65_67_68_71_72_73_75_76_77_78_79_80_81_83_84_86_87_89_90_91_92_95_96_99_100_101_103_104_105_107_108_109_111_112_114_115_117_118_121_125_127_129_130_133_135_137_139_141_146_149_152_154_156_158_159_160_162_166_168_171_173_176_178_180_183_185_189_195_197_199_201_202_203_204_212_218_220_224_225_233_235_241_243_244_251_255_256_259_264_268_271_272_279  1.38e+10  1.21e+10  37453.44 -69384.41  13392.71    753.95     80.36    298.36     11.70   2418.98      0.00 0
2334 14.0      96_104_108_112_118_122_126_130_134_138_142_147_149_153_155_159_163_165_169_170_174_177_179_180_183_186_188_192_194_208_210_216_222  1.23e+09  1.06e+09  25480.20 -19850.09  10482.32    709.90     72.02    322.08   3528.58   3282.70      0.00 0
2335 14.0      3_4_5_9_12_13_17_18_21_22_25_26_29_33_34_35_38_41_44_45_49_50_53_55_59_60_63_67_78_79_83_89_91_103_116_117  4.90e+10  4.49e+10   5046.02  17655.69   7677.48    866.92     67.31     74.05    778.08  -1847.92      0.00 0
2336 14.0      79_89_91_102_103_107_111_116_117_128_129_148_157_167  1.23e+10  1.09e+10  16343.17   8234.06   8056.11    787.18     66.24     26.74    296.24  -3960.92      0.00 0
2337 14.0      0_1_2_3_4_5_6_7_8_9_10_11_12_13_14_15_16_17_18_19_20_21_22_23_24_25_26_27_28_29_30_31_32_33_34_35_36_37_38_39_40_41_43_44_45_47_48_49_50_51_52_53_55_57_58_59_61_62_63_65_66_67_69_70_71_72_73_74_75_78_79_81_82_83_85_87_88_89_91_93_95_97_98_99_103_105_107_109_111_113_117_119_121_123_125_129_131_135_137_141_144_146_150_152_158_160_162_168_173_176_178_185_197_199_202_203_212_218_224_228_233_235_241_244_245_248_251_255_256_259_262_265_268_272_282  1.86e+10  1.69e+10 -44819.79  38605.57  11873.84    849.51     78.65    139.26   3099.43  -3524.65      0.00 0
2338 14.0      0_1_2_3_4_5_6_7_8_9_10_11_12_13_14_15_16_17_18_19_20_21_22_23_24_25_26_27_28_29_30_31_32_33_34_35_36_37_38_39_40_41_42_43_44_45_46_47_48_49_50_51_52_53_54_55_56_57_58_59_60_61_62_63_64_65_66_67_68_69_70_71_72_73_74_75_76_77_78_79_80_81_82_83_84_85_86_87_88_89_90_91_92_93_94_95_96_97_98_99_100_101_102_103_104_105_106_107_108_110_111_112_113_114_115_116_117_118_120_121_122_123_124_125_126_128_129_130_131_132_133_134_136_137_138_140_141_142_143_145_146_147_148_151_152_153_154_155_157_158_159_161_162_163_164_165_167_168_169_170_172_173_174_175_176_177_178_179_181_182_184_185_186_187_188_190_191_192_193_194_196_197_198_200_205_206_208_209_210_211_213_215_216_217_219_221_222_223_226_230_234_236_237_239_240_242_249_252_254_257_263_269_273_278_285  4.79e+10  4.37e+10 -149382.27 -118059.70  13548.02    886.98     85.93    218.32   4081.96   1624.93      0.00 0
2339 14.0      0_1_2_3_4_5_6_7_8_9_10_11_12_13_14_15_16_17_18_19_20_21_22_23_24_25_26_27_28_29_30_31_32_33_34_35_36_37_38_39_40_41_42_43_44_45_46_47_48_49_50_51_52_53_54_55_56_57_58_59_60_61_62_63_64_65_66_67_68_69_70_71_72_73_74_75_76_77_78_79_80_81_82_83_84_85_86_87_88_89_90_91_92_93_95_96_97_99_100_101_102_103_104_105_107_108_109_110_111_112_114_115_116_117_118_119_121_122_123_125_126_127_128_129_130_133_134_135_137_138_139_141_142_143_144_146_148_149_150_152_154_156_157_158_159_160_162_164_166_168_169_171_173_176_178_180_181_182_183_185_187_189_191_192_195_197_199_200_201_202_203_204_206_207_209_212_214_218_220_224_225_227_228_229_231_233_235_238_241_243_244_248_250_251_253_255_256_258_259_264_265_267_268_270_271_272_274_279_281_282_284_291  1.29e+09  1.10e+09  59985.39 -123042.79  14387.29    787.80     84.00    295.99   4970.17  -8596.56      0.00 0
2340 14.0      0_1_2_3_4_5_6_7_8_9_10_11_12_13_14_15_16_17_18_19_20_21_22_23_24_25_26_27_28_29_30_31_32_33_34_35_36_37_38_39_40_41_42_43_44_45_46_47_48_49_50_51_52_53_54_55_56_57_59_60_61_63_64_65_67_68_69_71_72_73_75_76_77_78_79_80_81_83_84_86_87_89_91_92_93_95_99_101_103_105_107_109_111_115_117_119_121_125_127_129_133_135_137_139_141_146_150_152_154_158_160_162_166_168_171_173_176_178_185_197_199_202_203_212_218_220_224_228_233_235_241_243_244_248_251_255_256_259_262_264_265_268_271_272_279_282  6.46e+10  5.94e+10  39315.78 -50448.82  11611.87    952.94     79.71    307.93   5092.41  -5880.80      0.00 0
2341 14.0      0_1_2_3_4_5_6_7_8_9_10_11_12_13_14_15_16_17_18_19_20_21_22_23_24_25_26_27_28_29_30_31_32_33_34_35_36_37_38_39_40_41_42_43_44_45_46_47_48_49_50_51_52_53_54_55_56_57_58_59_60_61_62_63_64_65_66_67_68_69_70_71_72_73_74_75_76_77_78_79_80_81_83_84_85_86_87_89_90_92_93_95_96_97_99_100_101_103_104_105_107_108_109_111_113_114_115_118_119_121_123_125_126_127_131_133_134_135_137_139_141_143_144_146_150_152_154_156_160_162_164_165_166_170_171_173_176_178_185_187_193_195_199_202_203_209_215_218_221_224_228_229_232_233_239_241_245_247_248_251_256_262_265_268_282  4.68e+10  4.14e+10 -75952.52  53123.29  13604.18    795.50     81.65    145.03   5036.36  -2671.18      0.00 0
2343 14.0      0_1_2_3_4_5_6_7_8_9_10_11_12_13_14_15_16_17_18_20_21_22_24_25_26_27_28_29_30_32_33_34_35_36_38_40_41_42_44_45_46_49_50_52_53_54_55_56_58_59_60_62_63_64_66_67_68_71_72_75_76_78_79_80_82_83_84_86_88_89_90_91_95_96_99_100_102_103_104_106_107_108_110_111_112_114_116_117_121_122_125_126_128_129_130_133_134_136_137_138_140_141_142_143_146_147_148_152_153_154_155_157_158_161_162_163_164_165_167_168_169_170_172_173_174_176_177_178_179_181_182_185_186_187_188_190_191_193_194_196_197_198_199_200_202_203_205_206_208_209_210_211_212_213_214_215_216_218_219_220_221_222_223_224_226_227_230_231_234_235_236_237_238_240_242_243_246_249_250_252_253_254_257_258_260_261_263_266_267_269_270_273_275_276_277_278_280_281_283_285_286_287_288_289_290_292_293_294_295_296_297_298  2.45e+10  2.20e+10 -77351.06 -125144.33  14088.31    841.21     84.53    238.28   1362.81  -3534.26      0.00 0
2344 14.0      263_269_273_276_278_280_283_285_286_287_288_290_292_293_294_295_296_297_298  6.92e+10  6.24e+10 -26749.77  14193.17   9559.48    832.28     72.48    152.05  -2077.02 -11276.80      0.00 0
2345 14.0      1_2_5_7_8_11_13_15_16_19_20_23_24_27_28_31_32_35_37_39_40_44_47_48_51_52_55_57_58_61_62_65_66_69_70_73_74_78_81_82_85_87_88_91_93_94_97_98_101_102_105_106_109_110_113_116_117_119_120_123_124_127_128_131_132_135_136_139_140_144_145_148_150_151_157_160_161_166_167_171_172_181_182_184_190_195_196_198_200_205_206_211_213_219_226_227_230_237_246_249_250_252_260_261_266_275_276_277_286_287_293  7.76e+10  7.03e+10  18250.15 -66986.86  12279.59    874.59     79.97    285.24  -3850.82   3160.66      0.00 0
2346 14.0      148_157_158_168_173_181_182_190_191_196_197_199_200_205_206_211_212_213_214_218_219_220_223_224_226_227_228_230_231_233_234_235_237_238_241_242_243_244_245_246_248_249_250_251_252_253_254_255_256_257_258_259_260_261_262_263_264_265_266_267_268_269_270_271_272_273_274_275_276_277_278_279_280_281_282_283_284_285_286_287_288_289_290_291_292_293_294_295_296  4.57e+10  4.04e+10 -119931.76 -14662.03  14215.02    790.78     83.29    186.97   -176.53  -8939.04      0.00 0
2347 14.0      76_86_95_96_99_100_108_114_121_122_125_126_133_134_138_142_143_146_147_152_153_154_155_162_163_164_165_170_174_176_177_178_179_185_186_187_188_193_194_199_202_203_208_209_210_215_216_218_224_228_229_233_241_244_251_256_259  1.48e+10  1.35e+10   3599.53 -51997.24  11660.13    807.28     77.39    273.96   4712.13   2381.06      0.00 0
2348 14.0      3_4_6_7_10_12_14_17_18_19_22_25_26_27_30_33_34_36_38_39_42_43_46_49_50_51_54_56_59_60_61_64_65_68_71_72_75_76_77_80_81_84_86_87_90_92_95_96_99_100_101_104_105_108_109_114_122_125_126_127_133_134_135_139_143_154_155_164_165_170_178_187_193_208_209_215_221_229_232_239_247  2.24e+10  2.00e+10  37133.94 -20958.06  11210.26    758.66     75.27    330.56   3587.25    244.97      0.00 0
2349 14.0      73_85_93_97_98_105_109_113_119_123_131_132_135_139_144_150_160_166_171_195  1.91e+10  1.74e+10  -4177.26 -24776.35   8661.40    881.98     70.98    260.43  -3386.46   3365.57      0.00 0
2350 14.0      0_1_2_3_4_5_6_7_8_9_10_11_12_13_14_15_16_17_18_19_20_21_22_25_26_27_28_29_30_33_34_35_36_38_39_40_41_42_43_44_45_46_49_50_52_53_54_55_56_59_60_62_63_64_66_67_68_71_72_75_76_77_78_79_80_83_84_86_88_89_90_91_92_95_96_99_100_102_103_104_107_108_111_112_114_115_116_117_118_121_122_126_128_129_130_137_138_141_142_148_149_153_157_158_159_162_163_168_169_173_174_181_182_183_190_191_192_197_200_205_206_207_213_214_220_226_227_230_231_238_246_249_250_252_253_260_261_266_267_270_275_276_277_280_281_286_287_288_289_293_294_295_296_297_298  1.82e+09  1.65e+09   8938.32  68821.27  13062.95    740.70     79.34     82.60   1131.30  -2356.81      0.00 0
2351 14.0      0_1_2_3_4_5_6_7_8_9_10_11_12_13_14_15_16_17_18_19_20_21_22_23_24_25_26_27_28_29_30_31_32_33_34_35_36_37_38_39_40_41_42_43_44_45_46_47_48_49_50_51_52_53_54_55_56_57_58_59_60_61_62_63_64_65_66_67_68_69_70_71_72_73_74_75_76_77_78_79_80_81_82_83_84_85_86_87_88_89_90_91_92_93_94_95_96_97_98_101_102_103_104_105_106_107_108_109_110_111_112_113_115_116_117_118_119_120_122_123_124_127_128_129_130_131_132_135_136_138_139_140_141_142_144_145_148_149_150_151_156_157_158_159_160_161_163_166_167_168_169_171_172_174_175_180_181_182_183_184_189_190_191_192_195_196_198_200_201_204_205_206_207_211_213_214_217_219_223_225_226_227_230_231_234_237_242_246_249_250_252_254_257_260_261_263_266_267_269_273_275_276_277_278_280_283_285_286_287_288_289_290_292_293_294_295_296_297_298  3.98e+10  3.60e+10  40336.25 257288.19  12190.50    850.56     87.32     81.09  -3902.86  -7147.32      0.00 0
2352 14.0      21_25_33_38_41_45_49_53_55_59_63_67_71_72_75_76_79_83_86_89_91_95_99_100_103_107_111_114_116_117_121_125_126_129_133_134_137_141_143_146_147_148_152_154_155_157_158_162_164_165_168_170_173_176_177_178_179_181_182_185_187_188_190_191_193_194_196_197_199_200_202_203_205_206_208_209_210_212_213_214_215_216_219_220_221_222_226_227_230_231_236_237_238_240_242_246_249_250_252_257_260_261_266_269_273_275_276_280_283_285_288_290_292_296  1.51e+10  1.33e+10  43227.55  57888.69  13090.55    757.36     79.73     53.25   3906.74  -1738.52      0.00 0
2353 14.0      9_12_17_18_21_25_26_29_33_34_38_41_45_49_50_53_54_55_59_60_63_64_67_71_72_75_76_79_83_84_86_89_91_95_96_99_100_103_107_108_111_112_114_116_117_121_122_125_126_129_133_134_137_138_141_142_143_146_147_148_152_153_154_155_158_162_163_164_165_168_173_174_176_177_179_181_182_185_186_188_191_197_199_200_205_206_212_214_220_224_226_227_231_235_238_243_246_249_250_253_258_260_261_266_267_270_274_275_276_277_281_284_286_287_288_289_291_293_294_295_296_297_298  2.82e+09  2.42e+09  16992.31  66180.67  13170.13    716.28     79.09     75.60   1978.32  -5269.35      0.00 0
2354 14.0      22_30_36_42_43_46_54_56_64_68_77_80_90_92_101_104_115_118_127_149_156_166_180_189_195_204  1.10e+09  1.01e+09  12691.30 -20373.57   8670.07    847.01     70.14    301.92  -1051.52   5025.01      0.00 0
2355 14.0      133_134_143_154_155_164_165_170_176_178_179_187_188_193_194_202_203_208_209_210_215_228_229_232_233_248_251  3.24e+10  2.90e+10  -2498.07  25661.75   9049.31    820.76     70.66     95.56   5942.38  -1081.33      0.00 0
2356 14.0      0_1_2_3_4_5_6_7_8_9_10_11_12_13_14_15_16_17_18_19_20_21_22_23_24_25_26_27_28_29_30_31_32_33_34_35_36_37_38_40_41_42_44_47_48_49_50_51_52_53_54_57_58_59_60_62_69_70_71_72_73_74_75_76_82_85_86_94_97_98_99_100_113_114_124_131_132_134_143  4.37e+10  3.92e+10  36302.20   4039.86  10425.47    796.72     74.07      6.35  -1433.70   -291.01      0.00 0
2357 14.0      91_102_103_110_111_116_117_128_129_140_141_148_157_158_167_168  7.08e+10  6.42e+10 -17824.14  -1546.87   7550.15    876.17     67.12    184.96     -7.13  -4320.99      0.00 0
2358 14.0      0_1_2_3_4_5_6_7_8_9_10_11_12_13_14_15_16_17_18_19_21_22_23_25_26_27_29_30_31_33_34_36_38_39_41_42_43_46_47_49_50_51_53_54_56_57_59_60_61_63_64_65_68_71_72_73_75_76_77_80_81_83_84_86_87_92_93_95_99_101_105_107_109_115_119_121_125_127_135_139_144_150_156_160_166_171_195  6.61e+10  5.88e+10 -32563.85  32067.50  11081.96    826.05     76.37    135.44  -2815.14   3927.39      0.00 0
2359 14.0      126_133_134_143_147_154_155_164_165_170_187_193  5.25e+10  4.78e+10   4443.51 -16011.91   7523.84    830.73     65.64    285.51   5198.98    249.40      0.00 0
2360 14.0      0_1_2_3_4_5_6_7_8_9_10_11_12_13_14_15_16_17_18_19_20_21_22_23_24_25_26_27_28_29_30_31_32_33_34_35_36_37_38_39_40_41_42_43_44_45_46_47_48_49_50_51_52_53_54_55_56_57_58_59_60_61_62_63_64_65_66_67_68_69_70_71_72_73_74_75_76_77_78_79_80_81_82_83_84_85_86_87_88_89_90_91_92_93_94_95_96_97_98_99_100_101_102_103_104_105_106_107_108_109_110_111_112_113_114_115_116_117_118_119_120_121_122_123_124_125_126_127_128_129_130_131_132_133_134_135_136_137_138_139_140_141_142_143_144_145_146_147_148_149_150_151_152_153_154_155_156_157_158_159_161_162_163_164_165_167_168_169_170_172_173_174_175_176_177_178_179_180_181_182_183_184_185_186_187_188_190_191_192_193_194_196_197_198_199_200_202_203_205_206_207_208_209_210_211_212_213_214_215_216_217_218_219_220_221_222_223_224_226_227_228_229_230_231_232_233_234_235_236_237_238_239_240_241_242_243_244_245_246_247_248_249_250_251_252_253_254_255_256_257_258_259_260_261_262_263_264_265_266_267_268_269_270_271_272_273_274_275_276_277_278_279_280_281_282_283_284_285_286_287_288_289_290_291_292_293_294_295_296_297_298  3.24e+09  2.76e+09 -253784.97 -161118.97  10812.73    840.01     87.94    212.41  -4208.82  -7451.47      0.00 0
2361 14.0      0_1_2_3_4_5_6_7_8_9_10_11_12_13_14_15_16_17_18_19_20_21_22_23_24_25_26_27_28_29_30_31_32_33_34_35_36_37_38_39_40_41_42_43_44_45_46_47_48_49_50_51_52_53_54_55_56_57_58_59_60_61_62_63_64_65_66_67_68_69_70_71_72_73_74_75_76_77_78_79_80_81_82_83_84_85_86_87_88_89_91_92_93_94_95_97_98_99_100_101_102_103_105_106_107_109_110_111_113_114_116_117_119_120_121_123_124_125_127_128_129_131_132_133_135_136_137_139_140_141_144_145_146_148_150_151_152_154_157_158_160_161_162_164_166_167_168_171_172_173_175_176_178_181_182_184_185_187_190_191_196_197_199_200_202_203_205_206_209_212_214_218_220_224_226_227_228_229_231_232_233_235_238_241_243_244_245_247_248_250_251_253_255_256_258_259_262_264_265_267_268_270_271_272_274_279_282_284  6.61e+10  6.20e+10 126618.20 -101658.16  13378.42    960.58     85.29    321.24   2152.32  -4046.80      0.00 0
2362 14.0      0_1_2_3_4_5_6_7_8_9_10_11_12_13_14_15_16_17_18_19_20_21_22_23_24_25_26_27_28_29_30_31_32_33_34_35_36_37_38_40_41_42_44_45_46_47_48_49_50_52_53_54_55_56_58_59_60_62_63_64_66_67_68_70_71_72_74_75_76_78_79_80_82_84_86_88_90_91_94_96_100_102_106_108_110_112_116_120_122_124_126_128_136_138_140_145_147_151_153_157_161_163_167_172_175_184_186_190_196_198_211_217_219_223_234_242_254_263  1.15e+09  9.88e+08 -39694.18 -45534.37  12740.77    716.41     78.09    228.92  -3410.30  -4516.54      0.00 0
2363 14.0      0_1_2_5_8_9_11_13_15_16_19_20_21_23_24_28_29_31_32_35_37_40_41_44_45_47_48_51_52_55_57_58_62_63_66_67_69_70_73_74_78_79_81_82_85_88_89_91_93_94_97_98_102_103_105_106_110_111_113_116_117_119_120_123_124_128_129_131_132_136_137_140_141_144_145_148_150_151_157_158_161_162_167_168_172_173_175_181_182_184_190_191_196_197_198_199_200_205_206_211_212_213_214_217_219_220_223_224_226_227_230_231_234_235_237_238_241_242_243_244_246_249_250_252_253_254_255_256_257_258_259_260_261_263_264_266_267_269_270_271_272_274_275_276_277_279_280_281_284_286_287_288_289_291_293_295_298  2.00e+10  1.76e+10  95903.98 -106400.06  13288.25    981.63     84.70    312.03   1922.15  -8627.13      0.00 0
2364 14.0      0_1_2_3_4_5_6_7_8_9_10_12_13_14_15_17_18_19_21_22_25_26_27_29_30_33_34_35_36_38_39_41_42_43_45_46_49_50_53_54_55_56_59_60_61_63_64_65_67_68_71_72_75_76_77_79_80_83_84_87_89_90_92_95_101_103_104_107_108_111_112_115_118_127_129_130_137_141_149_156_159_166_180_183_189_192_201_204_207_225  2.04e+09  1.77e+09  -9653.07  42215.21  11320.42    749.74     75.35    102.88    354.41   2951.14      0.00 0
2365 14.0      79_91_102_103_110_116_117_128_140_148_157_167_172_190_196_211_213_219_223_234_242_254  1.15e+10  1.03e+10  17766.57  15913.07   9060.20    767.26     69.20     41.85  -1967.76  -5301.87      0.00 0
2366 14.0      0_1_2_3_4_5_6_8_9_10_12_13_14_17_18_21_22_25_26_28_29_30_33_34_35_36_38_41_42_44_45_46_49_50_53_54_55_56_59_60_63_64_67_68_71_72_75_76_78_79_80_83_84_86_89_90_91_95_96_99_100_102_103_104_107_108_111_112_114_116_117_118_121_122_125_126_129_130_133_134_137_138_141_142_143_146_147_148_152_153_154_155_157_158_159_162_163_164_165_168_169_173_174_176_177_178_179_181_182_185_186_188_190_191_192_197_199_200_205_206_207_212_214_218_220_224_226_227_230_231_235_238_243_246_249_250_253_255_258_260_261_264_266_267_270_274_275_276_277_280_281_284_286_287_288_289_291_293_294_295_296_297_298  1.70e+10  1.53e+10 -13818.91 -88145.09  13350.20    820.32     81.49    261.09   2032.36  -4349.96      0.00 0
2367 14.0      0_3_4_5_6_8_9_10_12_13_14_17_18_21_22_25_26_28_29_30_33_34_35_38_41_42_44_45_46_49_50_53_54_55_59_60_63_64_66_67_68_71_72_75_76_78_79_80_83_84_86_89_90_91_95_96_99_100_102_103_104_107_108_111_112_114_116_117_121_122_125_126_128_129_130_133_134_137_138_141_142_143_146_147_148_152_153_154_155_157_158_162_163_164_165_168_169_170_173_174_176_177_178_179_181_182_185_186_187_188_190_191_192_193_194_197_199_200_202_203_205_206_208_209_210_212_213_214_215_216_218_220_222_224_226_227_230_231_233_235_238_241_243_244_246_249_250_252_253_255_258_259_260_261_264_266_267_269_270_271_274_275_276_277_279_280_281_284_286_287_288_289_290_291_293_294_295_296_297_298  2.40e+09  2.06e+09  29176.89 113966.76  13903.07    833.94     83.26     75.64   3125.75  -1769.61      0.00 0
2368 14.0      0_1_2_3_4_5_6_7_8_9_10_11_12_13_14_15_16_17_18_20_21_22_23_24_25_26_28_29_30_32_33_34_37_38_40_42_48_49_50_52_54_58_60_64_71_72_74_75_76_82_84_86_96_100_108_114_122_126_134_147_153_155_165_177_179_188_210_216  3.98e+10  3.70e+10 -28796.25 -12688.65   9518.69    867.89     73.17    203.78   3149.20   1251.41      0.00 0
2369 14.0      255_256_258_259_264_265_268_270_271_272_274_279_281_282_284  1.10e+09  9.57e+08 -21867.37 -12437.55   9037.24    806.37     70.24    209.63   5356.05  -8507.63      0.00 0
2370 14.0      0_1_2_3_5_6_7_8_9_11_13_14_15_16_19_20_23_24_27_28_29_31_32_35_36_37_39_40_43_44_45_47_48_51_52_55_56_57_58_61_62_65_66_69_70_73_74_77_78_79_81_82_85_87_88_91_93_94_97_98_101_102_105_106_109_110_113_115_116_117_119_120_123_124_127_128_131_132_135_136_139_140_144_145_148_150_151_156_157_158_160_161_166_167_171_172_181_182_184_189_190_195_196_198_200_204_205_206_211_213_219_223_226_227_230_234_237_242_246_249_250_252_257_260_261_263_266_269_273_275_276_277_280_283_286_287_288_290_292_293_294_295_296_297_298  7.41e+10  6.74e+10   7748.61 -65960.78  12057.56    888.96     79.71    276.70  -1942.15  -3473.08      0.00 0
2371 14.0      96_100_108_112_114_118_122_126_130_134_138_142_143_147_149_153_155_159_163_164_165_169_170_174_177_179_180_183_186_187_188_192_193_194_201_204_207_208_209_210_215_216_221_222_225_229_232_236_239_240_247  3.39e+09  2.98e+09 -70672.91  82426.38  14294.32    747.98     82.50    130.61   6347.13   2804.68      0.00 0
2372 14.0      197_199_203_212_214_218_220_224_228_231_233_235_238_241_243_244_245_248_251_255_256_262_265  6.76e+10  6.09e+10 -22251.51 -10546.76   8875.06    823.50     70.18    205.36   5070.99  -6053.73      0.00 0
2373 14.0      55_67_78_79_88_89_91_102_103_106_107_110_111_116_117_121_128_129_136_137_140_141_146_148_151_152_154_157_158_161_162_167_168_172_173_175_176_178_181_182_184_185_187_190_191_196_197_198_199_200_202_203_205_206_209_211_212_213_214_215_217_218_219_220_223_224_226_227_228_229_230_231_232_233_234_235_237_238_239_241_242_243_244_245_246_247_248_249_250_251_252_253_254_255_256_257_258_259_260_261_262_263_264_265_266_267_268_269_270_271_272_273_274_278_279_282_283_285  5.62e+10  5.18e+10 -117768.80 -13064.22  13395.63    925.10     83.55    186.33   4671.57  -5736.93      0.00 0
2374 14.0      2_5_8_9_11_13_16_20_23_24_28_29_31_32_35_37_40_41_44_45_47_48_52_55_57_58_62_63_66_67_69_70_73_74_78_79_82_85_88_89_91_93_94_97_98_102_103_106_107_110_111_113_116_117_119_120_123_124_128_129_131_132_136_137_140_141_144_145_148_151_157_158_161_162_167_168_172_173_175_181_182_184_185_190_191_196_197_198_199_200_205_206_211_212_213_214_217_218_219_220_223_224_226_227_230_231_234_235_237_238_241_242_243_244_246_249_250_251_252_253_254_255_256_257_258_259_260_261_264_266_267_268_269_270_271_272_274_275_276_277_279_281_284_286_287_289_291_295  7.41e+10  6.70e+10 -102409.02  89526.12  13241.40    985.33     84.44    138.84   2556.89  -8305.65      0.00 0
2375 14.0      26_34_38_42_49_50_54_60_64_68_71_72_75_76_84_86_90_95_96_99_100_104_108_112_114_118_121_122_125_126_130_133_134_138_142_143_146_147_149_152_153_154_155_159_163_164_165_169_170_174_176_178_183_185_187_192_193_202_203_207_209_215_218_228_229_232_233_241_245_247_248_251_256_262_265_268_272_282  2.45e+10  2.17e+10  23997.78 -46375.63  11825.03    779.83     77.24    297.36   5177.78  -2209.46      0.00 0
2376 14.0      212_214_218_220_224_231_233_235_238_241_243_244_245_248_250_251_253_255_256_258_259_262_264_265_268_271_272_282  3.09e+10  2.75e+10 -32738.29 -12626.09  10373.75    779.64     73.53    201.09   6336.72  -6562.58      0.00 0
2377 14.0      181_182_190_191_197_200_205_206_212_214_220_224_226_227_231_235_238_243_244_250_253_255_256_258_259_264_268_270_271_272_274_279  1.29e+10  1.19e+10  38657.95 -12085.03  10271.38    899.21     75.77    342.64   6281.34  -8687.97      0.00 0
2378 14.0      17_21_25_26_29_33_34_38_41_45_49_50_53_59_60_63_67_71_72_75_76_79_83_84_86_89_91_95_96_99_100_103_107_108_111_114_116_117_121_122_125_126_129_133_134_137_138_141_143_146_147_148_152_153_154_155_158_162_163_164_165_168_170_173_176_177_178_179_181_182_185_186_187_188_191_193_194_197_199_200_202_203_205_206_208_209_210_212_214_215_216_218_220_221_222_224_226_227_228_229_230_231_232_233_235_236_238_239_240_241_243_244_245_246_247_248_249_250_251_252_253_255_256_258_259_260_261_262_264_265_266_267_268_269_270_271_272_274_275_276_277_279_280_281_284_286_287_288_289_290_291_293_294_295_296_297_298  5.25e+10  4.64e+10 -51637.26 -143271.08  14476.33    781.26     84.57    250.18   1559.45 -11181.98      0.00 0
2379 14.0      0_1_2_3_4_5_6_7_8_9_10_11_12_13_14_15_16_17_18_19_20_21_22_23_24_25_26_27_28_29_30_31_32_33_34_35_36_37_38_39_41_42_43_45_46_47_48_49_50_51_53_54_56_57_59_60_61_63_64_65_67_68_69_70_71_72_73_75_76_77_80_81_83_84_85_86_87_89_90_92_93_95_96_97_99_100_101_104_105_107_108_109_112_114_115_118_119_121_122_123_125_126_127_130_131_133_134_135_137_138_139_142_143_144_146_147_149_150_152_153_154_155_156_159_160_163_164_165_166_169_170_171_174_176_177_178_179_180_183_185_186_187_188_189_192_193_194_195_201_202_203_204_207_208_209_210_215_216_221_222_225_228_229_232_233_236_239_240_245_247_248_262_265  6.46e+09  5.82e+09 -126606.55  69171.53  13917.06    868.61     84.49    151.35   2203.66   1719.59      0.00 0
2380 14.0      102_106_110_116_120_128_136_140_145_148_151_157_158_161_167_172_175_181_182_184_190_191_196_197_198_200_205_206_211_213_214_220_226_227_231_238_243_250_253_258_264_270_274_279  6.61e+10  5.95e+10 -27891.30  19828.65   9767.58    878.32     74.07    144.59   -589.66  -5906.47      0.00 0
2381 14.0      128_136_140_145_148_151_157_161_167_172_175_181_182_184_190_191_196_197_198_200_205_206_211_213_214_217_219_220_223_226_227_230_231_234_235_237_238_242_243_246_249_250_252_253_254_255_257_258_259_260_261_263_264_266_267_269_270_271_273_274_275_276_277_278_279_280_281_283_284_285_286_287_288_289_290_291_292_293_294_295_296_297_298  6.46e+09  5.95e+09 -98888.84  51018.48  13426.21    899.18     83.12    152.71   3135.29 -10593.00      0.00 0
2382 14.0      21_25_33_38_41_49_50_53_59_63_67_71_72_75_76_83_86_89_95_96_99_100_107_114_122_125_126_133_134_143_147_155_165_170_177_179_188_194_210_216  9.12e+09  8.20e+09 -26396.87 -29296.12  10824.98    775.46     74.65    227.98   5883.98   2604.10      0.00 0
2383 14.0      0_1_2_3_4_5_6_7_8_9_10_11_12_13_14_15_16_17_18_19_20_21_22_23_24_25_26_27_28_29_30_31_32_33_34_35_36_37_38_39_40_41_42_43_44_45_46_47_48_49_50_51_52_53_54_55_56_57_58_59_60_61_62_63_64_65_66_67_68_69_70_71_72_73_74_75_76_77_78_79_80_81_82_83_84_85_86_87_88_89_90_91_92_93_94_95_96_97_98_99_100_101_102_103_104_105_106_107_108_109_110_111_113_114_119_120_121_122_123_124_125_126_129_131_132_133_134_135_137_139_141_143_144_145_146_150_152_154_155_160_162_164_165_170_176_178_185_187_188_193_194_202_203_208_209_215_216_221_222_228_229_232_233_236_239_245_247_248_262  7.24e+10  6.54e+10 -109119.23  26378.56  13764.19    842.98     83.01    166.41  -2685.30    523.30      0.00 0
2384 14.0      77_92_101_109_115_127_139_156_166_171_189_195  5.37e+09  4.69e+09   8608.07 -13770.45   7469.37    826.72     65.30    302.01  -1811.24   4903.93      0.00 0
2385 14.0      0_1_2_3_4_5_6_7_8_9_10_11_12_13_14_15_16_17_18_19_20_21_22_23_24_25_26_28_29_30_31_32_33_34_35_37_38_40_41_44_45_47_48_49_50_52_53_54_55_58_59_60_62_63_66_67_69_70_71_72_73_74_75_76_82_83_85_86_94_95_96_98_99_100_113_114_124_125_126_132_133_134_143_154_155_164_165_170_187_188_193_194_208_221_222_236  3.16e+09  2.71e+09  44844.87   3860.33  11749.59    703.94     75.37      4.92   2188.75   -354.73      0.00 0
2386 14.0      266_275_276_277_280_281_283_286_287_288_289_290_291_293_294_295  1.15e+10  1.02e+10  22278.39  -3464.80   8999.59    743.07     68.24    351.16   -104.95 -10998.97      0.00 0
2387 14.0      19_23_31_37_39_43_47_48_51_57_61_65_69_70_73_74_77_81_85_87_92_93_94_97_98_101_105_109_113_115_119_120_123_124_127_131_132_135_139_144_145_149_150_151_156_160_166_175_180_183_184_189_201_204  1.86e+10  1.65e+10 -19783.47 -36482.16  11120.16    757.03     75.00    241.53  -3170.34   1155.83      0.00 0
2388 14.0      200_205_213_219_226_227_230_231_234_237_238_242_243_246_249_250_252_253_254_257_258_260_261_263_264_266_267_269_270_271_273_274_275_276_277_278_279_280_281_283_284_286_287_289_291  3.24e+10  2.93e+10  47442.27 -13165.83  11095.63    874.30     77.30    344.49   3194.83 -10049.15      0.00 0
2389 14.0      25_38_49_59_71_72_75_86_95_99_114_125_133_143_154_164_170_187_193_208_209_215_221_232_236_239  1.95e+10  1.76e+10 -24380.04   3448.09   8782.27    842.07     70.37    171.95   5931.34  -1004.97      0.00 0
2390 14.0      0_2_3_4_5_6_8_9_10_12_13_16_17_18_21_22_25_26_29_33_34_38_49_50_53_59_60_71_72_75_76_86_96_99_100_114_126_133_134_143_155_164_165_170_179_188_194_208_210_216_222_236_240  2.51e+09  2.24e+09 -36685.59 -10304.95  10969.76    729.69     73.94    195.69   5570.43    952.58      0.00 0
2391 14.0      140_151_157_161_167_172_175_181_182_184_190_196_198_200_205_206_211_213_214_217_219_223_226_227_230_231_234_237_238_242_246_249_250_252_253_254_257_258_260_261_263_264_266_267_269_270_273_274_275_276_277_278_279_280_281_283_284_285_286_287_288_289_290_291_292_293_294_295_296_297_298  2.69e+09  2.35e+09 173444.52 -112034.58  14366.20    728.34     86.02    327.14  -1124.36 -10941.66      0.00 0
2392 14.0      168_173_182_191_197_200_205_206_212_214_226_227_230  8.32e+09  7.31e+09 -16673.92  -8208.20   8395.26    733.94     65.69    206.21   1174.02  -6560.68      0.00 0
2393 14.0      0_1_2_3_4_5_6_7_8_9_10_11_12_13_14_15_16_17_18_19_20_21_22_23_24_25_26_27_28_29_30_31_32_33_34_35_36_37_38_39_40_41_42_43_44_45_46_47_48_49_50_51_52_53_54_55_56_57_58_59_60_61_62_63_64_65_66_67_68_69_70_71_72_73_74_75_76_77_78_79_80_81_82_83_84_85_86_87_88_89_90_91_92_93_94_95_96_97_98_99_100_101_102_103_104_105_106_107_108_109_110_111_112_113_114_115_116_117_118_119_120_121_122_123_124_125_127_128_129_130_131_132_133_135_136_137_138_139_140_141_142_144_145_146_148_149_150_151_152_154_156_157_158_159_160_161_162_166_167_168_169_171_172_173_176_180_181_182_183_185_189_190_191_192_195_196_197_199_200_201_203_204_205_206_207_211_212_213_214_218_219_220_224_225_226_227_230_231_233_235_237_238_241_243_244_246_249_250_251_252_253_255_256_258_259_260_261_264_266_267_270_271_272_274_275_276_277_279_280_281_284_286_287_288_289_291_293_294_295_297_298  6.03e+09  5.28e+09  59368.64 -171253.09  14487.67    758.51     85.43    289.12   1410.83  -5908.93      0.00 0
2394 14.0      102_110_116_117_120_128_136_140_145_148_151_157_158_161_167_168_172_173_175_181_182_184_190_191_196_197_198_200_205_206_211_212_213_214_217_219_220_223_224_226_227_230_231_234_235_237_238_242_243_244_246_249_250_252_253_254_255_256_257_258_259_260_261_263_264_266_267_269_270_271_272_273_274_275_276_277_278_279_280_281_283_284_285_286_287_288_289_290_291_292_293_294_295_296_297_298  2.19e+09  1.95e+09 138039.70 -61199.61  14167.15    829.08     84.64    336.09   2844.47  -9907.74      0.00 0
2395 14.0      0_1_2_3_4_5_6_7_8_9_10_11_12_13_14_15_16_17_18_19_20_21_22_23_24_25_26_27_28_29_30_31_32_33_34_35_36_37_38_39_40_41_42_43_44_45_46_47_48_49_50_51_52_53_54_55_56_57_58_59_60_61_62_63_64_65_66_67_68_69_70_71_72_73_74_75_76_77_78_79_80_81_82_83_84_85_86_87_88_89_90_91_92_93_94_95_96_97_98_99_100_101_102_103_104_105_106_107_108_109_110_111_112_113_114_115_116_117_118_119_120_121_123_124_125_127_128_129_130_131_132_133_135_136_137_139_140_141_144_145_146_148_149_150_151_152_154_156_157_158_159_160_161_162_166_167_168_171_172_173_175_176_178_180_181_182_183_184_185_189_190_191_195_196_197_198_199_200_201_202_203_204_205_206_211_212_213_214_218_219_220_224_225_226_227_228_230_231_233_235_237_238_241_243_244_246_248_249_250_251_252_253_255_256_258_259_260_261_264_265_266_267_268_270_271_272_274_275_276_277_279_281_282_284_286_287_289_291_293_295_298  8.91e+09  7.80e+09 -97784.90 184605.59  14131.81    754.50     86.13    117.91  -2178.58   1451.96      0.00 0
2396 14.0      9_13_17_21_25_28_29_33_35_38_40_41_44_45_49_53_55_59_62_63_66_67_71_72_75_78_79_83_86_88_89_91_95_99_102_103_107_110_111_114_116_117_121_125_128_129_133_134_136_137_140_143_148_157_158_161_164_165_167_170_172_181_190_196_198_211_213_217_219_223_234_242_254  2.24e+10  2.02e+10  32475.36  23361.71  10495.17    845.63     75.30     35.73   -380.29  -3691.48      0.00 0
2397 14.0      0_1_2_3_4_5_6_7_8_9_10_11_12_13_14_15_16_17_18_19_21_22_23_25_26_27_28_29_30_31_33_34_35_36_38_39_41_42_43_45_46_49_50_51_53_54_55_56_57_59_60_61_63_64_65_67_68_71_72_75_76_77_79_80_81_83_84_86_87_89_90_92_95_96_99_100_101_103_104_105_107_108_109_111_112_114_115_118_121_122_125_126_127_129_130_133_134_135_137_138_139_141_142_143_146_147_149_152_153_154_155_156_159_160_162_163_164_165_166_168_169_170_171_173_174_176_178_180_183_185_187_189_192_193_195_197_199_201_202_203_204_207_209_212_215_218_220_224_225_228_229_232_233_235_241_243_244_245_247_248_251_255_256_259_262_264_265_268_271_272_279_282  1.95e+09  1.76e+09  56630.19 -93030.52  13855.25    817.71     82.75    301.33   6248.57  -6106.09      0.00 0
2398 14.0      226_230_246_249_252_257_260_266_269_273_276_280_283_285_288_290_292  9.55e+10  8.64e+10  20224.50  19025.31   9113.14    860.19     71.83     43.25  -3540.01 -11046.76      0.00 0
2399 14.0      140_151_161_167_172_175_181_184_190_196_198_200_205_211_213_217_219_223_226_227_230_231_234_237_242_246_249_250_252_253_257_260_261_266_267_269_270_275_276_277_281_284_286_287_289_291_293_295  3.02e+10  2.83e+10 -29880.23  30215.87  10681.90    851.77     75.89    134.68    -28.62  -9103.75      0.00 0
