#event_number primary_type du_ids energy_primary em_energy Xmax_pos(x, y, z), Xmax_grams zenith azimuth shower_core_pos_x shower_core_pos_y shower_core_pos_z, N_tested_cores, units are degrees, GeV and meters
3200 14.0      126_134_143_147_153_155_165_170_177_179_186_188  4.47e+09  3.96e+09   3433.51 -19217.34   8310.59    779.43     66.94    280.13   4976.10   2554.42      0.00 0
3201 14.0      211_217_219_223_230_234_237_242_249_252_254_257_260_263_266_269_273_275_276_278_280_283_285_286_287_288_290_292_293_294_295_296_297_298  1.91e+10  1.69e+10 -30970.54  30615.82  10866.02    833.66     75.99    135.33  -4019.08  -8245.15      0.00 0
3202 14.0      0_1_2_3_4_5_6_7_8_9_10_11_12_13_14_15_16_17_18_19_20_21_22_23_24_25_26_27_28_29_30_31_32_33_34_35_36_37_38_39_40_41_42_43_44_45_46_47_48_49_50_51_52_53_54_55_56_57_58_59_60_61_62_63_64_65_66_67_68_69_70_71_72_73_74_75_76_77_78_79_80_81_82_83_84_85_86_87_88_89_90_91_92_93_94_95_96_97_98_99_100_101_102_103_104_105_106_107_108_109_110_111_112_113_114_115_116_117_118_120_121_122_123_124_125_126_128_129_130_131_132_133_134_136_137_138_140_141_142_143_145_146_147_148_149_151_152_153_154_155_157_158_159_161_162_163_164_165_167_168_169_170_172_173_174_175_176_177_178_179_181_182_183_184_185_186_187_188_190_191_192_193_194_196_197_198_200_205_206_208_209_210_211_213_214_215_216_217_219_221_222_223_226_227_230_234_236_237_240_242_246_249_252_254_257_263_266_269_273_278_280_283_285_290_292  2.63e+09  2.27e+09 -152755.11 -149902.55  14027.65    755.74     86.25    224.46  -1867.73  -3448.32      0.00 0
3203 14.0      76_86_96_99_100_108_114_121_122_125_126_133_134_138_143_146_147_152_153_154_155_163_164_165_170_176_178_185_187_202_203_209_218_228_233_241  4.07e+09  3.62e+09   8495.26 -29013.92   9491.54    844.54     72.57    286.32   4639.72   -894.81      0.00 0
3204 14.0      89_91_95_99_103_107_111_116_117_121_125_129_133_137_141_143_146_148_152_154_157_158_162_164_167_168_170_173_176_178_181_182_185_187_190_191_193_194_196_197_199_200_202_203_205_206_208_209_211_212_213_214_215_216_218_219_220_221_222_224_226_227_228_229_230_231_232_233_234_235_236_237_238_239_240_241_242_243_244_245_246_247_248_249_250_251_252_253_254_255_256_257_258_259_260_261_262_263_264_265_266_267_268_269_270_271_272_273_274_275_276_277_278_279_280_281_282_283_284_285_286_287_288_289_290_291_292_293_294_295_296_297_298  6.76e+09  5.93e+09 100345.59  77639.85  14029.51    831.74     83.69     37.73   1664.72  -7097.71      0.00 0
3205 14.0      0_1_2_3_4_5_6_7_8_9_10_11_12_13_14_15_16_17_18_19_20_21_22_23_24_25_26_27_28_29_30_31_32_33_34_35_36_37_38_39_40_41_42_43_44_45_46_47_48_49_50_51_52_53_54_55_56_57_58_59_60_61_62_63_64_65_66_67_68_69_70_71_72_73_74_75_77_78_79_80_81_82_83_84_87_88_89_90_91_92_93_95_101_102_103_104_105_107_109_111_115_116_117_118_127_128_129_135_137_139_141_148_149_156_157_158_160_162_166_168_171_173_180_181_182_189_191_195_197_199_200_204_206_212_214_220_226_227_231_235_238_243_246_250_253_255_258_261_264_267_270_274_277_279_281_284_289_291  4.07e+09  3.60e+09  17406.46 -60385.17  12272.54    815.42     78.95    286.08    781.75  -3135.65      0.00 0
3206 14.0      0_1_2_3_4_5_6_7_8_9_10_11_12_13_14_15_16_17_18_19_20_21_22_23_24_27_28_29_30_31_32_33_35_36_37_39_40_41_42_43_44_45_46_47_48_51_52_53_55_56_57_58_61_62_63_65_66_67_68_69_70_73_74_77_78_79_80_81_82_85_87_88_89_91_92_93_94_97_98_101_102_103_105_106_109_110_113_115_116_117_118_119_120_123_124_127_128_129_131_132_135_136_139_140_144_145_148_149_150_151_156_157_158_160_161_166_167_168_171_172_175_180_181_182_183_184_189_190_191_195_196_198_200_201_204_205_206_211_213_214_217_219_223_225_226_227_230_231_234_237_238_242_246_249_250_252_253_254_257_260_261_263_266_267_269_270_273_275_276_277_278_280_281_283_285_286_287_288_289_290_291_292_293_294_295_296_297_298  8.13e+10  7.17e+10  44021.51 -289031.25  11538.12    783.02     87.74    278.66  -4052.46  -6356.13      0.00 0
3207 14.0      92_101_104_109_112_115_118_127_130_135_138_139_142_149_150_156_159_160_163_166_169_171_174_180_183_186_189_192_195_201_204_207  1.07e+10  9.39e+09  56911.41   3470.88  12536.04    716.19     77.60      3.49  -2382.34   5198.31      0.00 0
3208 14.0      258_259_261_264_267_270_271_272_274_275_277_279_281_284_286_287_289_291_293_295  5.75e+09  5.15e+09  37441.45  10025.41  10669.12    791.86     74.61     14.99   5842.50  -9594.05      0.00 0
3209 14.0      17_21_25_33_38_49_53_59_71_72_75_83_86_95_99_100_114_125_133_134_143_154_164_165_170_193_194_208_222_236  1.12e+10  9.92e+09  21663.57   5707.59   8233.76    889.80     69.82     14.76   5000.48   -160.76      0.00 0
3210 14.0      0_1_2_3_4_5_6_7_8_9_10_12_13_14_15_17_18_19_21_22_25_26_27_28_29_30_33_34_35_36_38_39_41_42_43_44_45_46_49_50_53_54_55_56_59_60_63_64_65_67_68_71_72_75_76_77_79_80_83_84_86_89_90_91_92_95_96_99_100_101_103_104_107_108_111_112_114_115_117_118_121_122_125_126_127_129_130_133_134_137_138_141_142_143_146_147_148_149_152_153_154_155_156_158_159_162_163_164_165_168_169_170_173_174_176_177_178_179_180_182_183_185_186_187_188_189_191_192_193_194_197_199_201_202_203_204_206_207_208_209_210_212_214_215_216_218_220_221_222_224_225_227_228_229_231_232_233_235_236_238_239_240_241_243_244_245_247_248_250_251_253_255_256_258_259_262_264_265_267_268_270_271_272_274_277_279_281_282_284_289_291  1.66e+10  1.47e+10 -37283.58 201950.88  13532.25    852.53     86.23    100.46   3922.40   2615.22      0.00 0
3211 14.0      114_134_143_155_165_179_188_194_210_216  9.77e+10  9.33e+10   9088.22  11561.51   6754.64    914.77     65.33     51.83   5861.32   1793.16      0.00 0
3212 14.0      102_106_110_116_117_120_128_129_136_140_145_148_151_157_158_161_167_168_172_173_175_181_182_184_190_191_196_197_198_200_205_206_211_212_213_214_217_219_220_223_224_226_227_230_231_234_235_237_238_241_242_243_244_246_249_250_252_253_254_255_256_257_258_259_260_261_263_264_266_267_268_269_270_271_272_273_274_275_276_277_278_279_280_281_283_284_285_286_287_288_289_290_291_292_293_294_295_296_297_298  2.29e+09  2.01e+09 144390.33 -62632.94  14434.37    786.85     84.76    336.55   1466.16  -9118.23      0.00 0
3213 14.0      148_158_168_173_181_182_190_191_196_197_199_200_205_206_211_212_213_214_218_219_220_223_224_226_227_230_231_233_234_235_237_238_241_242_243_244_245_246_248_249_250_251_252_253_254_255_256_257_258_259_260_261_262_263_264_265_266_267_268_269_270_271_272_273_274_275_276_277_278_279_280_281_282_283_284_285_286_287_288_289_290_291_292_293_294_295_296_297_298  2.82e+10  2.51e+10 162224.28  23290.16  13733.23    896.11     85.21      8.17   -872.23 -10084.24      0.00 0
3214 14.0      258_264_267_270_271_274_275_277_279_281_284_286_287_289_291  3.09e+09  2.76e+09 -18173.78  -6849.18   7823.18    875.34     68.06    200.65   2944.22 -10030.88      0.00 0
3215 14.0      234_242_254_257_263_273_278_283_285_292  6.76e+10  6.16e+10   1137.15  21341.71   8371.29    827.17     68.61     86.95  -4147.43 -10429.45      0.00 0
3216 14.0      116_128_136_140_148_151_157_158_161_167_168_172_175_181_182_184_190_191_196_197_198_200_205_206_211_212_213_214_217_219_220_223_224_226_227_230_231_234_235_237_238_242_243_244_246_249_250_252_253_254_255_256_257_258_259_260_261_263_264_266_267_268_269_270_271_272_273_274_275_276_277_278_279_280_281_283_284_285_286_287_288_289_290_291_292_293_294_295_296_297_298  2.57e+09  2.25e+09 -160748.30  53754.43  14203.36    814.54     85.21    161.51  -2997.51  -8329.32      0.00 0
3217 14.0      70_74_85_94_98_106_120_124_136_145_151_161_175_184_198_217  1.91e+09  1.65e+09  10389.50  19063.61   8758.55    762.99     68.03     61.41  -4202.53  -3177.12      0.00 0
3218 14.0      0_1_2_3_4_5_6_7_8_9_10_11_12_13_14_15_16_17_18_19_20_21_22_23_24_25_26_27_28_29_30_31_32_33_34_35_37_38_40_42_44_47_48_49_50_52_54_57_58_60_62_66_69_70_71_72_73_74_76_82_84_85_86_94_96_98_100_106_113_120_124_132_145  3.55e+10  3.15e+10 -34383.61 -10328.66  10308.14    806.69     73.98    196.72  -2548.54   -902.42      0.00 0
3219 14.0      0_1_2_3_4_5_6_7_9_10_11_12_14_15_17_18_19_21_22_23_25_26_27_30_31_33_34_36_38_39_42_43_46_49_50_51_53_54_56_57_59_60_61_64_65_68_71_72_75_76_77_80_81_83_84_86_87_90_92_93_95_96_99_100_101_104_105_108_109_112_114_115_118_119_121_122_125_126_127_130_133_134_135_138_139_142_143_144_146_147_149_150_153_154_155_156_159_160_163_164_165_166_169_170_171_174_176_177_178_179_180_183_186_187_188_189_192_193_194_195_201_202_203_204_207_208_209_210_215_216_221_222_225_228_229_232_236_239_240_245_247_248_262  2.45e+10  2.17e+10 152243.69 -100653.30  14203.47    798.12     85.55    326.53    -41.16   5156.26      0.00 0
3220 14.0      88_91_102_103_106_110_111_116_117_120_128_129_136_137_140_141_145_148_151_152_157_158_161_162_167_168_172_173_175_181_182_184_185_190_191_196_197_198_199_200_203_205_206_211_212_213_214_217_218_219_220_223_224_226_227_228_230_231_233_234_235_237_238_241_242_243_244_245_246_248_249_250_251_252_253_254_255_256_257_258_259_260_261_262_263_264_265_266_267_268_269_270_271_272_273_274_275_276_277_278_279_280_281_282_283_284_285_287_289_291  3.63e+09  3.29e+09 -131356.42  21722.36  13899.65    862.41     84.04    170.61   4351.39  -7708.01      0.00 0
3221 14.0      0_3_4_5_8_9_10_12_13_17_18_20_21_22_25_26_28_29_33_34_35_38_40_41_44_45_49_50_53_54_55_59_60_62_63_64_66_67_71_72_75_76_78_79_83_84_86_88_89_91_95_96_99_100_102_103_107_108_110_111_114_116_117_122_126_128_138_140_147_148_153_157_167_177_181_190_196_213_219  8.51e+09  7.67e+09  20220.34  31363.81  10573.69    784.11     74.18     57.19    942.08  -1687.15      0.00 0
3222 14.0      0_1_2_3_4_5_6_7_8_9_10_11_12_13_14_15_16_17_18_19_20_21_22_23_24_25_26_28_29_30_31_32_33_34_35_37_38_40_41_44_45_47_48_49_50_52_53_54_55_58_59_60_62_63_66_67_69_70_71_72_74_75_76_78_79_82_83_84_85_86_88_89_91_94_95_96_98_99_100_102_103_106_107_110_113_114_120_121_124_125_126_128_132_133_134_136_140_143_145_151_154_155_161_164_165_170_175_184_188_193_194_198_208_216_217_222_236_240  4.07e+10  3.62e+10 -60777.60 -18825.44  12229.47    830.50     79.12    197.21  -3595.09  -2392.61      0.00 0
3223 14.0      91_102_103_111_116_117_128_129_137_141_148_157_158_162_168_173_185_199  2.40e+10  2.19e+10  20448.54  -2463.68   8254.66    825.56     68.16    353.13   1574.81  -4494.08      0.00 0
3224 14.0      116_117_128_140_148_157_158_167_168_173_181_182_190_191_197_200_206_212_214_220_224_227_231_235_238_243_244_253_255_256_258_259_264_271_272_274_279  5.37e+10  4.80e+10 -36561.45  19735.72  10551.85    861.23     75.75    151.64   5143.23  -8343.34      0.00 0
3225 14.0      226_227_230_231_237_242_246_249_250_252_253_254_257_258_260_261_263_264_266_267_269_270_271_273_274_275_276_277_278_279_280_281_283_284_285_286_287_288_289_290_291_292_293_294_295_296_297_298  2.40e+09  2.14e+09  84750.64  -9266.74  13274.49    811.30     81.15    353.76  -2133.43 -10512.30      0.00 0
3226 14.0      0_1_2_3_4_5_6_7_8_9_10_11_12_13_14_15_16_17_18_19_20_21_23_24_25_26_27_28_29_31_32_33_35_37_38_39_40_41_44_45_47_48_49_51_52_53_55_57_58_59_61_62_63_66_67_69_70_73_74_75_78_79_81_83_85_89_93_95_97_103_105_107_111_119_121_123_137_141_144_146_152_162_176_185_199_203_218  4.27e+10  3.94e+10  25867.63 -19113.10   9258.99    940.21     73.94    323.54    552.11  -1248.25      0.00 0
3227 14.0      89_103_107_111_129_137_141_158_162_168_173_182_191_197_200_206_212_214_220_227_231_238_246_250_253_258_260_261_267_270_275_277_281_286_287_289_291_293_294_295_297_298  1.95e+09  1.70e+09   5606.51  30191.18   8596.75   1061.80     74.36     79.48   1363.60  -8665.33      0.00 0
3228 14.0      0_1_2_3_4_6_7_10_11_12_14_15_17_18_19_22_23_24_25_26_27_30_31_34_36_37_38_39_42_43_46_47_49_50_51_54_56_57_60_61_64_65_68_69_71_72_73_76_77_80_81_84_85_86_87_90_93_96_97_100_104_105_108_112_114_122_123_126_131_134_138_143_147_153_155_165_170_177_179_188_194_208_210_216_222_236_240  2.04e+09  1.76e+09  50775.78   3675.29  12212.68    702.68     76.51      4.14   4541.31   1730.34      0.00 0
3229 14.0      0_1_2_3_4_5_6_7_8_9_10_11_12_13_14_15_16_17_18_19_20_21_22_23_24_25_26_27_28_29_30_31_32_33_34_35_36_37_38_39_40_41_42_43_44_45_46_47_48_49_50_51_52_53_54_55_56_57_58_59_60_62_63_64_66_67_68_69_70_71_72_74_75_76_77_78_79_80_82_83_84_85_86_88_89_90_91_94_96_98_100_102_103_104_106_108_110_112_114_116_120_122_124_126_128_134_136_138_140_142_145_147_151_153_155_157_161_163_167_172_174_175_177_179_184_186_190_196_198_211_213_217_219_223_234_242_254_263  2.45e+09  2.14e+09  50141.87  52050.54  12496.80    858.54     80.19     46.07  -4124.62  -4954.86      0.00 0
3230 14.0      80_90_92_101_104_108_112_118_122_130_138_142_147_153_163_174_177_186  7.41e+10  6.65e+10 -23435.78  -3072.90   8677.76    834.64     69.84    187.47   3394.74   3881.96      0.00 0
3231 14.0      92_101_105_109_115_118_119_127_130_135_139_144_149_150_156_159_160_166_169_171_174_180_183_189_192  4.27e+10  3.81e+10 -24998.36  -7400.10   8931.07    852.23     71.09    196.49  -1518.73   4439.25      0.00 0
3232 14.0      0_1_2_3_4_5_6_7_8_9_10_11_12_13_14_15_16_17_18_19_20_21_22_23_24_25_26_27_28_29_30_31_32_33_34_35_36_37_38_39_40_41_42_43_44_45_46_47_48_49_50_51_52_53_54_55_56_57_58_59_60_61_62_63_64_65_66_67_68_71_72_74_75_76_77_78_79_80_81_82_83_84_86_87_88_89_90_91_92_95_96_99_100_101_102_103_104_106_107_108_110_111_112_114_115_116_117_118_121_122_125_126_127_128_129_130_133_134_137_138_140_141_142_143_146_147_148_149_152_153_154_155_156_157_158_159_162_163_164_165_167_168_169_173_174_176_177_179_180_181_182_183_185_186_189_190_191_192_196_197_199_200_201_204_205_206_207_212_213_214_218_219_220_224_225_226_227_230_231_235_237_238_243_244_246_249_250_252_253_255_257_258_260_261_264_266_267_269_270_274_275_276_277_279_280_281_283_284_286_287_288_289_290_291_292_293_294_295_296_297_298  2.88e+10  2.71e+10  12757.49 122614.46  13413.87    932.66     83.79     84.06   1265.25  -4026.94      0.00 0
3233 14.0      0_1_2_3_4_5_6_7_8_9_10_11_12_13_14_15_16_17_18_19_20_21_22_23_24_25_26_27_28_29_30_31_32_33_34_35_36_37_38_39_40_41_42_43_44_45_46_47_48_49_50_51_52_53_54_55_56_57_58_59_60_62_63_64_65_66_67_68_69_70_71_72_73_74_75_76_77_78_79_80_82_83_84_85_86_88_89_90_91_94_95_96_98_99_100_102_103_104_106_107_108_110_111_112_114_116_117_120_121_122_124_125_126_128_129_130_132_133_134_136_137_138_140_141_142_143_145_146_147_148_151_152_153_154_155_157_158_161_162_163_164_165_167_168_170_172_173_174_175_176_177_178_179_181_182_184_185_186_187_188_190_191_193_194_196_197_198_199_200_202_203_205_206_208_209_210_211_212_213_214_215_216_217_218_219_220_221_222_223_226_227_230_231_232_234_236_237_239_240_242_246_249_250_252_254_257_260_263_266_269_273_276_278_280_283_285_288_290_292  1.17e+10  1.06e+10 131618.97 122607.89  13904.04    848.57     85.58     42.97  -3122.81  -6183.22      0.00 0
3234 14.0      9_13_17_21_25_28_29_33_35_38_41_44_45_49_50_53_55_59_63_66_67_71_72_75_76_78_79_83_86_88_89_91_95_99_100_102_103_107_110_111_114_116_117_121_125_126_128_129_133_134_137_140_141_143_146_148_152_154_155_157_158_161_162_164_165_167_168_170_172_173_176_178_179_181_182_185_187_188_190_191_193_194_196_197_198_199_200_202_203_205_206_208_209_210_211_212_213_214_215_216_218_219_220_221_222_223_226_227_229_230_231_232_234_236_237_239_240_242_246_249_250_252_254_257_260_263_266_269_273_278_280_283_285_290_292  4.07e+09  3.53e+09  70002.84  58926.97  13707.86    773.31     81.48     40.09   1650.25  -3913.47      0.00 0
3235 14.0      0_1_2_3_4_5_6_7_8_9_10_11_12_13_14_15_16_17_18_19_20_21_22_23_24_25_26_27_28_29_30_31_32_33_34_35_36_37_38_39_40_41_42_43_44_45_46_47_48_49_50_51_52_53_54_55_56_57_59_60_61_62_63_64_65_66_67_68_71_72_73_75_76_77_78_79_80_81_83_84_86_87_89_90_91_92_95_96_99_100_101_103_104_105_107_108_109_111_112_114_115_116_117_118_121_122_125_126_127_129_130_133_134_135_137_138_139_141_142_143_146_147_148_149_152_153_154_155_156_158_159_160_162_163_164_165_166_168_169_170_171_173_174_176_177_178_179_180_182_183_185_186_187_188_189_191_192_193_194_195_197_199_201_202_203_204_206_207_208_209_210_212_214_215_216_218_220_221_222_224_225_228_229_231_232_233_235_236_238_239_240_241_243_244_245_247_248_251_253_255_256_258_259_262_264_265_267_268_270_271_272_274_279_281_282_284_291  2.88e+10  2.57e+10 -105621.56 265955.56  11343.34    844.74     87.73    111.66   5243.05  -1743.98      0.00 0
3236 14.0      0_1_2_3_4_5_6_7_8_9_10_11_12_13_14_15_16_17_18_19_21_22_25_26_27_28_29_30_31_33_34_35_36_38_39_41_42_43_45_46_49_50_51_53_54_55_56_59_60_61_63_64_65_67_68_71_72_75_76_77_79_80_81_83_84_86_87_89_90_92_95_96_99_100_101_103_104_107_108_109_111_112_114_115_118_121_122_125_126_127_129_130_133_134_137_138_139_141_142_143_146_147_149_152_153_154_155_156_158_159_162_163_164_165_166_168_169_170_171_173_174_176_177_178_179_180_183_185_186_187_189_191_192_193_195_197_199_201_202_203_204_207_209_212_214_215_218_220_224_225_228_229_232_233_235_238_241_243_244_245_247_248_251_255_256_258_259_262_264_265_268_271_272_274_279_282  1.91e+10  1.70e+10 -45389.38 101469.23  14003.16    800.50     82.82    114.10   4011.00  -2970.24      0.00 0
3237 14.0      95_99_107_114_121_125_126_133_134_137_141_143_146_147_152_154_155_162_164_165_168_170_173_176_177_178_179_185_187_188_191_193_194_197_199_202_203_206_208_209_210_212_214_215_216_218_220_221_222_224_228_229_231_232_233_235_236_238_239_240_241_243_244_245_247_248_250_251_253_255_256_258_259_261_262_264_265_267_268_270_271_272_274_275_277_279_281_282_284_287_289_291_293_295_297_298  6.31e+10  5.64e+10 -42989.56 -135111.08  14102.09    836.63     84.32    252.35   5095.56  -8066.82      0.00 0
3238 14.0      0_1_2_3_4_5_6_7_8_9_10_11_12_13_14_15_16_17_18_19_20_21_22_23_24_25_26_27_28_29_30_31_32_33_34_35_36_37_38_39_40_41_42_43_44_45_46_47_48_49_50_51_52_53_54_55_56_57_58_59_60_61_62_63_64_65_66_67_68_69_70_71_72_73_74_75_76_77_78_79_80_81_82_83_84_85_86_87_88_89_90_91_92_93_94_95_96_97_98_99_100_101_102_103_104_106_107_108_110_111_112_113_114_115_116_117_118_120_121_122_124_125_126_128_129_130_132_133_134_136_137_138_140_141_142_143_145_146_147_148_151_152_153_154_155_157_158_159_161_162_163_164_165_167_168_169_170_172_173_174_175_176_177_178_179_181_182_184_185_186_187_188_190_191_192_193_194_196_197_198_199_200_202_203_205_206_208_209_210_211_212_213_214_215_216_217_218_219_220_221_222_223_224_226_227_228_229_230_231_232_233_234_235_236_237_238_239_240_241_242_243_244_245_246_247_248_249_250_251_252_253_254_255_257_258_260_261_263_264_266_267_269_270_273_275_276_277_278_280_281_283_285_286_287_288_289_290_292_293_294_296_297  1.05e+09  9.21e+08 -198297.03 -209327.02  11883.34    756.97     87.64    226.55   -546.89  -4550.50      0.00 0
3239 14.0      249_252_260_261_266_267_269_270_273_275_276_277_280_281_283_284_286_287_288_289_291_295  3.31e+09  3.04e+09  26669.52  -5878.31   9408.80    790.81     70.99    347.57    677.36 -10472.60      0.00 0
3240 14.0      0_1_2_3_4_5_6_7_8_9_10_11_12_13_14_15_16_17_18_19_20_21_22_23_24_25_26_27_28_30_31_32_33_34_36_37_38_39_40_42_47_48_49_50_51_52_54_57_58_60_64_69_70_71_72_73_74_76_82_84_85_86_94_96_97_98_100_113_124_131_132  1.05e+09  9.40e+08 -30156.01  -6718.56   9104.72    943.10     73.58    192.56  -2431.83   -284.64      0.00 0
3241 14.0      206_214_220_226_227_230_231_235_237_238_242_243_244_246_249_250_252_253_254_255_256_257_258_259_260_261_263_264_266_267_268_269_270_271_272_273_274_275_276_277_278_279_280_281_282_283_284_285_286_287_288_289_290_291_292_293_294_295_296_297_298  4.27e+10  3.76e+10 -88834.24  -6523.58  13232.66    839.62     81.55    184.20   3192.87 -10023.31      0.00 0
3242 14.0      86_95_99_100_107_111_114_121_125_126_133_134_137_141_143_146_147_152_153_154_155_162_164_165_168_170_173_176_177_178_179_185_186_187_188_191_193_194_197_199_202_203_208_209_210_212_214_215_216_218_220_221_222_224_228_229_231_232_233_235_236_238_239_240_241_243_244_245_247_248_250_251_253_255_256_258_259_261_262_264_265_267_268_270_271_272_274_277_279_281_282_284_287_289_291_293_295_298  3.31e+09  2.89e+09 -23185.32 -100426.66  13807.18    805.77     82.37    257.00   4430.82  -8307.76      0.00 0
3243 14.0      133_143_146_152_154_162_164_165_170_176_178_179_185_187_188_193_194_199_202_203_208_209_210_212_215_216_218_220_221_222_224_228_229_232_233_235_236_239_240_241_243_244_245_247_248_251_255_256_258_259_264_265_268_271_272_274_279_284  5.50e+10  4.92e+10  10920.75  49219.68  11658.14    786.70     76.98     77.49   5839.40  -4077.46      0.00 0
3244 14.0      0_1_2_3_4_5_6_7_8_9_10_11_12_13_14_15_16_17_18_19_20_21_22_23_24_25_26_27_28_29_30_31_32_33_34_35_36_37_38_39_40_42_43_44_46_47_48_49_50_51_52_54_56_57_58_60_61_62_64_65_68_69_70_71_72_73_74_75_76_77_80_81_82_84_85_86_87_90_92_93_94_96_97_98_100_101_104_105_106_108_109_112_113_114_115_118_119_120_122_123_124_126_127_130_131_132_134_135_138_139_142_144_145_147_149_150_153_155_156_159_163_165_169_174_175_177_179_186_188_192_194_210_216_240  1.62e+10  1.42e+10 -88888.62 -35175.55  12840.09    946.13     82.35    201.59   3556.27   3279.20      0.00 0
3245 14.0      3_5_8_9_13_17_20_21_25_28_29_33_35_40_41_44_45_53_55_62_63_66_67_78_79_88_91_102_106_110_116_128_136_140_157_161_167_172_190_196_198_211_213_217_219_223_234_242_254_263  4.37e+10  4.00e+10 -21096.48 -23988.28   9657.01    850.78     73.18    228.67  -2623.81  -5063.95      0.00 0
3246 14.0      0_1_3_4_6_7_9_10_12_14_17_18_19_21_22_25_26_27_30_33_34_36_38_39_42_43_46_49_50_51_53_54_56_59_60_61_63_64_65_68_71_72_75_76_77_80_83_84_86_87_90_92_95_96_99_100_101_104_107_108_109_114_115_118_121_125_127_133_135_139_143_146_152_154_156_164_166_171_176_178_185_187_195_202_203_209_228_229_233_245_248  5.25e+09  4.73e+09  30757.42 -32017.56  11275.54    772.80     75.75    313.85   2022.05    421.12      0.00 0
3247 14.0      158_162_168_173_182_185_191_197_199_206_212_214_218_224  4.68e+09  4.12e+09  17464.01   5329.28   8386.64    725.14     65.33     16.97   2837.13  -5542.82      0.00 0
3248 14.0      146_152_154_162_164_165_170_173_176_178_185_187_188_193_194_197_199_202_203_208_209_210_212_214_215_216_218_220_221_222_224_228_229_231_232_233_235_236_238_239_240_241_243_244_245_247_248_250_251_253_255_256_258_259_261_262_264_265_267_268_270_271_272_274_275_277_279_281_282_284_286_287_289_291_293_295_297_298  7.24e+09  6.36e+09  58199.98 120768.77  13806.55    879.42     84.12     64.27   5156.70  -9226.68      0.00 0
3249 14.0      255_259_271  2.82e+09  2.56e+09  11989.38 -12665.13   8113.85    746.80     65.05    313.43   6272.91  -9424.26      0.00 0
3250 14.0      116_117_128_148_157_158_167_168_172_173_181_182_190_191_196_197_199_200_205_206_212_214_218_220_224_227_231_235_238_241_243_244_251_255_256_259_264_265_268_271_272_282  3.02e+10  2.78e+10  36456.18  -8235.82  10336.88    828.70     74.54    347.27   3960.40  -6789.07      0.00 0
3251 14.0      243_253_255_258_261_264_267_270_274_275_277_281_284_286_287_289_291_293_294_295_297_298  2.24e+09  1.94e+09 -17679.87 -18539.75   9172.70    792.72     70.30    226.36   1185.39 -10891.38      0.00 0
3252 14.0      226_227_230_237_246_249_250_252_253_260_261_266_267_270_277_281_284  1.95e+09  1.73e+09  19092.07  -7298.19   8146.24    842.59     68.27    339.08    254.37  -8933.82      0.00 0
3253 14.0      219_237_242_252_257_263_266_269_273_280_283_285_288_290_292_296  2.45e+09  2.06e+09   2072.88 -23410.80   9276.80    720.20     68.46    275.06  -2815.60  -9721.02      0.00 0
3254 14.0      218_224_228_229_233_235_238_241_243_244_245_247_248_251_253_255_256_258_259_262_264_265_267_268_270_271_272_274_277_279_281_282_284_287_289_291_293_295_297_298  1.45e+10  1.34e+10  25406.33  30407.20  10535.79    831.23     75.11     50.12   4344.78  -8670.51      0.00 0
3255 14.0      0_1_2_5_6_7_8_10_11_13_14_15_16_19_20_23_24_27_28_30_31_32_36_37_39_40_43_44_46_47_48_51_52_56_57_58_61_62_65_66_77_80_81_82_87_88_92_101_115_118_127_149_156  3.39e+09  3.05e+09  -4190.52 -25930.39   9441.10    759.75     70.23    260.82   -781.01   1672.98      0.00 0
3256 14.0      37_48_58_69_70_74_82_85_94_98_106_110_120_124_136_140_145_151_161_172_184_198_211  2.82e+10  2.53e+10   3934.04  20467.65   8294.16    825.65     68.30     79.12  -3222.60  -2971.16      0.00 0
3257 14.0      103_111_116_117_121_128_129_137_141_146_148_152_157_158_162_167_168_172_173_176_178_181_182_185_187_190_191_196_197_198_199_200_202_203_205_206_209_211_212_213_214_215_218_219_220_223_224_226_227_228_229_230_231_232_233_234_235_237_238_239_241_242_243_244_245_246_247_248_249_250_251_252_253_254_255_256_257_258_259_260_261_262_263_264_265_266_267_268_269_270_271_272_273_274_275_276_277_278_279_280_281_282_283_285_286_288_290_292  6.46e+09  5.65e+09 100069.23  33094.73  13595.52    849.58     82.65     18.30   3682.71  -6251.97      0.00 0
3258 14.0      214_220_238_243_255_258_264_271_274_279  3.16e+10  2.83e+10 -16205.36   9239.63   8064.73    797.79     66.62    150.31   4465.34  -8644.19      0.00 0
3259 14.0      0_1_3_4_6_7_10_12_14_15_17_18_19_22_25_26_27_30_31_33_34_36_38_39_42_43_46_49_50_51_54_56_60_61_65_71_72_75_81_87  3.98e+10  3.58e+10  15076.01  -9416.88   7888.10    801.36     66.07    328.01    446.19    798.62      0.00 0
3260 14.0      0_1_2_3_4_5_6_7_8_9_10_11_12_13_14_15_16_17_18_19_20_21_22_23_24_25_26_27_28_29_30_31_32_33_34_35_36_37_38_39_40_41_42_43_44_45_46_47_48_49_50_51_52_53_54_55_56_57_58_59_60_61_62_63_64_65_66_67_68_69_70_71_72_73_74_75_76_77_78_79_80_81_82_84_86_88_90_91_92_94_96_100_102_104_106_108_110_112_116_118_120_122_126_128_130_136_138_140_142_147_151_153_159_161_163_167_169_172_174_177_184_186_192_196_198_211_217_219_223_234_254  1.38e+09  1.19e+09  36097.01  54433.38  12601.24    781.88     79.08     56.45   2382.96   3691.18      0.00 0
3261 14.0      125_133_143_146_152_154_162_164_165_170_173_176_178_179_185_187_188_193_194_199_202_203_208_209_210_212_215_216_218_220_221_222_224_228_229_232_233_235_236_238_239_240_241_243_244_245_247_248_251_255_256_258_259_264_270_271_274_279_284  4.57e+10  4.14e+10 -16318.99 -48240.11  11513.95    818.52     77.26    251.31   6440.79  -1337.04      0.00 0
3262 14.0      0_1_2_3_4_5_6_7_8_9_10_11_12_13_14_15_16_17_18_19_20_21_22_23_24_25_26_27_28_29_30_31_32_33_34_35_36_37_38_39_40_42_43_46_47_48_49_50_51_52_53_54_56_57_58_59_60_61_62_64_65_68_69_70_71_72_73_74_75_76_77_80_81_82_84_85_86_87_90_92_93_94_96_97_98_99_100_101_104_105_108_109_112_113_114_115_118_119_122_123_124_126_127_130_131_132_133_134_135_138_139_142_143_144_145_147_149_150_153_155_156_159_160_163_165_166_169_170_171_174_177_179_180_183_186_188_189_192_194_208_210_216_222_236_240  1.82e+09  1.61e+09 125179.70  26790.51  13771.20    877.17     83.86     12.08   5719.60   3532.77      0.00 0
3263 14.0      129_141_148_157_158_162_168_173_181_182_190_191_197_199_206_212_214_218_220_224_233_235_241_244_251  6.03e+10  5.46e+10 -23994.46     50.25   8842.53    812.21     69.77    179.88   2501.91  -5672.36      0.00 0
3264 14.0      2_8_11_13_15_16_20_23_24_28_31_32_35_37_40_44_45_47_48_51_52_55_57_58_62_66_69_70_73_74_78_79_81_82_85_88_91_93_94_97_98_102_103_105_106_110_113_116_117_119_120_123_124_128_129_131_132_135_136_140_144_148_150_151_157_158_161_167_168_172_181_182_190_191_196_197_200_205_206_213_214_226_227_230_231_238_246_249_250_253_258_260_261_267_270_274_275_276_277_281_284_286_287_289_291_293_295_298  3.31e+10  2.98e+10 -22797.13  49360.13  11140.85    935.73     78.42    114.79     -1.32  -6552.91      0.00 0
3265 14.0      0_3_4_6_7_9_10_12_14_17_18_21_22_25_26_27_30_33_34_36_38_39_41_42_43_46_49_50_53_54_56_59_60_63_64_65_68_71_72_75_76_77_80_83_84_86_87_89_90_92_95_96_99_100_101_104_107_108_112_114_115_118_121_125_127_130_137_138_142_146_149_152_156_159_162_166_169_180_183_189_192_195_201_204_207_225  6.17e+10  5.58e+10 -19482.19  44635.42  11261.63    835.29     76.98    113.58   -110.64   4935.61      0.00 0
3266 14.0      271_272_274_279_282_284_291  8.13e+10  7.23e+10 -23448.46 -15245.07   8748.75    945.05     72.63    213.03   6433.44  -9349.11      0.00 0
3267 14.0      9_17_21_25_29_33_35_41_44_45_49_53_55_59_63_66_67_71_75_78_79_83_88_89_91_102_103_110_116_117_128_140_148_157_167_172_181_190_196_211_213_219_234_242  4.68e+09  4.17e+09 -18804.32 -21731.29   9911.99    733.83     70.97    229.13   -560.19  -3946.58      0.00 0
3268 14.0      2_8_11_15_16_19_20_23_24_28_31_32_35_37_40_44_47_48_51_52_55_57_58_61_62_66_69_70_73_74_78_81_82_85_87_88_91_93_94_97_98_102_105_106_109_110_113_116_117_119_120_123_124_128_131_132_135_136_139_140_144_145_148_150_151_157_160_161_167_171_172_181_182_190_196_198_200_205_206_211_213_219_226_227_230_237_242_246_249_250_252_257_260_261_266_267_269_275_276_277_280_283_286_287_288_289_290_293_294_295_296_297_298  1.45e+09  1.27e+09 -11507.96  58119.45  12151.06    800.99     78.41    101.20  -1223.70  -7195.71      0.00 0
3269 14.0      89_103_111_117_129_141_158_168_173_182_191_197_206_214_220_227_231_238_243_250_253_258_267_270_274_281_284_289_291  3.47e+09  3.08e+09  -4525.43  28475.96   9563.63    797.97     71.65     99.03   2069.12  -7502.06      0.00 0
3270 14.0      152_162_173_176_178_185_187_193_197_199_202_203_209_212_214_215_218_220_221_224_228_229_231_232_233_235_236_238_239_241_243_244_245_247_248_250_251_253_255_256_258_259_261_264_267_268_270_271_272_274_275_277_279_281_284_287_289_291_293_295_297_298  8.71e+10  7.81e+10 -23795.33 -42058.11  11200.65    841.41     76.95    240.50   3735.03  -8246.55      0.00 0
3271 14.0      0_1_2_3_4_5_6_7_8_9_10_11_12_13_15_16_17_18_20_21_23_24_25_26_28_29_31_32_33_34_35_37_38_40_41_44_45_47_48_49_50_52_53_55_58_59_62_63_66_67_69_70_71_72_73_74_75_76_78_79_82_83_85_86_88_89_91_94_95_97_98_99_100_102_103_106_107_110_111_113_114_116_117_120_121_124_125_128_129_131_132_133_134_136_137_140_141_143_145_146_148_151_152_154_157_158_161_162_164_165_167_168_170_172_173_175_176_178_181_182_184_185_187_190_191_193_194_196_197_198_199_200_202_203_205_206_208_209_211_212_213_214_215_217_218_219_220_221_222_223_224_226_227_228_229_230_231_232_233_234_235_236_237_238_239_241_242_243_244_245_246_247_248_249_250_251_252_253_254_255_256_257_258_259_260_261_262_263_264_265_266_267_268_269_270_271_272_273_274_275_276_277_278_279_280_281_282_283_284_285_286_287_288_289_290_291_292  6.17e+10  5.55e+10 272647.47   9282.85  11624.73    874.94     87.56      1.95  -3421.81  -5275.82      0.00 0
3272 14.0      182_200_206_214_227_231_238_243_250_253_258_264_270_274_279  1.55e+09  1.34e+09  17566.38 -11447.01   9055.83    691.17     66.64    326.91   2107.81  -8019.38      0.00 0
3273 14.0      107_111_121_125_129_133_137_141_146_148_152_154_158_162_164_168_170_173_176_178_181_182_185_187_191_193_194_197_199_200_202_203_205_206_208_209_212_214_215_218_220_221_222_224_226_227_228_229_230_231_232_233_235_236_237_238_239_240_241_243_244_245_246_247_248_249_250_251_252_253_255_257_258_260_261_264_266_267_269_270_273_274_275_276_277_280_281_283_285_286_287_288_289_290_292_293_294_295_296_297  1.41e+09  1.20e+09 -49769.21 -55605.21  13373.41    729.90     79.84    228.17    630.49  -8566.49      0.00 0
3274 14.0      0_1_2_3_4_5_6_7_8_9_10_11_12_13_14_15_16_17_18_19_20_21_22_23_24_25_26_27_28_29_30_31_32_33_34_35_36_37_38_39_40_41_42_43_44_45_46_47_48_49_50_51_52_53_54_55_56_57_58_59_60_61_62_63_64_65_66_67_68_69_70_71_72_73_74_75_76_77_78_79_80_81_82_83_84_85_86_87_88_89_90_91_92_93_94_95_96_97_98_99_100_101_102_103_104_105_106_107_108_109_110_111_112_113_114_115_116_117_118_120_121_122_124_125_126_127_128_129_130_131_132_133_134_136_137_138_140_141_142_143_145_146_147_148_149_151_152_153_154_155_157_158_159_161_162_163_164_165_167_168_169_170_172_173_174_175_176_177_178_179_181_182_183_184_185_186_187_188_190_191_192_193_194_196_197_198_199_200_202_203_205_206_207_208_209_210_211_212_213_214_215_216_217_218_219_220_221_222_223_224_226_227_228_229_230_231_232_233_234_235_236_237_238_239_240_242_243_246_249_250_252_253_254_257_260_261_263_266_267_269_273_275_276_277_278_280_283_285_286_287_288_290_292_294_296  9.77e+10  9.06e+10 -163711.12 -180484.91  11533.90   1048.20     87.29    227.79  -1607.71  -4697.15      0.00 0
3275 14.0      47_51_57_61_65_69_70_73_74_81_85_87_93_94_97_98_101_105_109_113_115_119_120_123_124_127_131_132_135_139_144_145_149_150_151_156_160_166_171_175_180_183_189_195_201_204_207_225  1.26e+09  1.10e+09  28713.87  58149.21  12946.99    722.93     78.71     63.72  -3849.96   2189.78      0.00 0
3276 14.0      29_35_44_45_55_78_79_91_102_116_117_128_148_157_181_190  5.50e+10  4.98e+10   4491.29  15240.45   7344.86    838.02     65.19     73.58   -350.12  -4037.23      0.00 0
3277 14.0      260_266_269_276_280_283_285_288_290_292  1.26e+09  1.12e+09 -15166.27 -10678.82   7915.50    823.85     66.89    215.15  -3025.19 -11107.64      0.00 0
3278 14.0      0_1_2_3_4_5_6_7_8_9_10_11_12_13_14_15_16_17_18_19_20_21_22_23_24_25_26_27_28_29_30_31_32_33_34_35_36_37_38_39_40_41_42_43_44_45_46_47_48_49_50_51_52_53_54_55_56_57_58_59_60_61_62_63_64_65_66_67_68_71_72_75_76_77_78_79_80_81_82_83_84_86_87_88_89_90_91_92_95_96_99_100_101_102_103_104_107_108_109_110_111_112_114_115_116_117_118_121_122_125_126_127_128_129_130_133_134_137_138_141_142_146_148_149_152_153_156_157_158_159_162_163_166_167_168_169_173_174_180_181_182_183_185_189_190_191_192_197_199_200_201_204_205_206_207_212_213_214_218_220_224_225_226_227_230_231_235_238_243_244_246_249_250_252_253_255_258_260_261_264_266_267_270_271_274_275_276_277_279_281_284_286_287_288_289_291_293_294_295_297_298  8.32e+10  7.48e+10  -5997.71 109681.09  13876.65    817.10     82.80     93.13   1719.59  -9573.64      0.00 0
3279 14.0      76_96_100_108_122_126_138_147_153_163_174_177_186  1.55e+10  1.39e+10   9044.70  24012.11   8955.52    836.00     70.76     69.36   4499.41   5046.51      0.00 0
3280 14.0      42_54_60_64_68_76_80_84_90_92_96_100_101_104_108_112_114_115_118_122_126_127_130_134_138_142_143_147_149_153_155_156_159_166_169_180_183_189_192_195_201_204_225  2.95e+09  2.57e+09 -28079.06  25585.84  10806.76    754.94     74.12    137.66    125.70   4902.51      0.00 0
3281 14.0      0_1_2_3_4_5_6_7_8_10_11_12_14_15_16_18_19_20_22_23_24_26_27_30_31_32_34_36_37_39_42_43_46_47_48_51_52_54_56_57_58_60_61_64_65_68_69_70_73_74_77_80_81_82_84_85_87_90_92_93_94_96_97_98_101_104_105_108_109_112_113_115_118_119_120_122_123_124_127_130_131_132_135_138_139_142_144_145_147_149_150_153_156_159_163_169_174_175_177_183_186_192  6.92e+09  5.99e+09 -62450.09 -42329.59  13343.56    739.86     79.97    214.13  -1227.01   1932.70      0.00 0
3282 14.0      95_99_100_107_114_121_125_126_133_134_137_141_143_146_147_152_154_155_162_164_165_168_170_173_176_177_178_179_185_187_188_191_193_194_197_199_202_203_208_209_210_212_214_215_216_218_220_221_222_224_228_229_231_232_233_235_236_238_239_240_241_243_244_245_248_250_251_253_255_256_258_259_261_264_267_268_270_271_272_274_277_279_281_284_287_289_291_293_295_298  2.34e+10  2.08e+10  17809.95  76715.64  13264.01    773.76     80.44     76.93   3553.77  -9541.59      0.00 0
3283 14.0      142_159_163_169_174_186_192  2.29e+09  1.99e+09  28354.19  -3055.22  10003.74    713.93     70.67    353.85   5006.58   5101.14      0.00 0
3284 14.0      176_178_185_187_202_203_209_215_218_224_228_229_233_241_244_248_251_255_256_259_268_271_272_279  7.08e+10  6.45e+10   3978.51  22517.28   8259.35    899.47     70.14     79.98   5791.42  -5418.34      0.00 0
3285 14.0      25_38_49_50_60_71_72_75_76_86_96_100_122_126_147_153_177  5.62e+09  4.89e+09   9038.40  15473.57   8057.30    773.74     65.79     59.71   3338.70   1620.92      0.00 0
3286 14.0      0_1_2_3_4_5_6_7_8_9_10_11_12_13_14_15_16_17_18_19_20_21_22_24_25_26_27_28_29_30_32_33_34_35_36_38_40_41_42_43_44_45_46_49_50_52_53_54_55_56_59_60_62_63_64_66_67_68_78_79_80_84_88_89_90_91_102_103_104_110_112_116_117_128_130_148_157_167_181_182_190_196_200_205_213_226_230  1.51e+10  1.34e+10   9027.78  35546.96  10474.96    790.46     74.06     75.75    -63.67  -1961.85      0.00 0
3287 14.0      158_168_173_181_182_185_191_197_199_200_203_205_206_212_213_214_218_220_224_226_227_228_230_231_233_235_237_238_241_242_243_244_245_246_248_249_250_251_252_253_255_256_257_259_262_265_268  1.17e+10  1.05e+10 -34521.09  -9275.73  10162.16    831.17     74.13    195.04   3224.71  -6470.67      0.00 0
3288 14.0      88_91_102_103_106_110_116_117_120_128_129_136_140_141_145_148_151_157_158_161_162_167_168_172_173_181_182_190_191_197_199_200_205_206_212_214_218_220_224_227_231_235_238_241_243_244_251_253_255_256_258_259_264_268_271_272_274_279_282  2.51e+10  2.25e+10  48446.37 -25640.20  11311.33    906.67     78.34    332.11   6003.89  -8324.41      0.00 0
3289 14.0      25_33_38_41_49_50_53_59_63_67_71_72_75_76_83_86_89_95_96_99_100_107_114_126_134_147_155  6.17e+09  5.54e+09 -11845.03 -18607.31   8952.17    738.11     67.91    237.52   3126.63   -106.75      0.00 0
3290 14.0      0_1_2_3_4_5_6_7_8_9_10_11_12_13_14_15_16_17_18_19_20_21_22_24_25_26_27_28_29_30_32_33_34_35_36_38_40_41_42_43_44_45_46_49_50_52_53_54_55_56_59_60_62_63_64_66_67_68_71_72_75_76_77_78_79_80_83_84_86_88_89_90_91_92_95_96_99_100_102_103_104_107_108_110_111_112_114_116_117_118_121_122_125_126_128_129_130_133_134_137_138_140_141_142_143_146_147_148_149_152_153_154_155_157_158_159_162_163_164_165_167_168_169_170_173_174_176_177_178_179_181_182_183_185_186_187_188_190_191_192_194_196_197_199_200_205_206_207_210_212_213_214_216_218_219_220_224_226_227_230_231_235_237_238_243_246_249_250_252_253_257_258_260_261_266_267_269_270_273_274_275_276_277_280_281_283_284_285_286_287_288_289_290_291_292_293_294_295_296_297_298  1.95e+09  1.77e+09  33226.79 117499.24  14149.85    803.63     83.39     74.21   3278.30   2491.95      0.00 0
3291 14.0      62_66_78_82_88_91_94_102_103_106_110_116_117_120_124_128_129_132_136_140_141_145_148_151_157_158_161_167_168_172_173_175_181_182_184_190_191_196_197_198_206_212_214_220_224_235  7.59e+09  6.66e+09  44295.82 -17717.07  11559.31    769.26     76.38    338.20  -3944.19  -3197.88      0.00 0
3292 14.0      0_1_2_5_6_7_8_11_13_15_16_19_20_23_24_27_28_29_31_32_35_37_39_40_43_44_45_47_48_51_52_55_57_58_61_62_65_66_69_70_73_74_78_79_81_82_85_87_88_91_93_94_97_98_101_102_105_106_109_110_113_116_117_119_120_123_124_127_128_131_132_135_136_139_140_144_145_148_150_151_157_158_160_161_166_167_171_172_181_182_190_195_196_200_205_206_213_226_227_230_231_246_249_250_260_261_267_275_277_287_289  2.04e+09  1.76e+09 -22120.86  69818.31  13256.94    738.35     79.74    107.58  -3772.45   3369.61      0.00 0
3293 14.0      0_1_2_3_4_5_6_7_8_9_10_11_12_13_14_15_16_17_18_19_20_21_22_23_24_25_26_27_28_29_30_31_32_33_34_35_36_37_38_39_40_41_42_43_44_45_46_47_48_49_50_51_52_53_54_55_56_57_58_59_60_61_62_63_64_65_66_67_68_69_70_71_72_73_74_76_77_78_79_80_81_82_84_85_87_88_90_91_92_93_94_96_97_98_101_102_104_105_106_108_109_110_112_113_115_116_118_119_120_122_123_124_126_127_128_130_131_132_135_136_138_139_140_142_144_145_147_149_150_151_153_156_157_159_160_161_163_166_167_169_171_172_174_175_177_180_183_184_186_189_190_192_195_196_198_201_204_207_211_213_217_219_223_225_234_237_242_254_257_263_273_278  7.59e+10  6.86e+10 -149029.80 -226187.33  11731.70    868.59     87.52    236.62  -2965.99   2363.54      0.00 0
3294 14.0      14_19_27_30_31_36_39_42_43_46_51_54_56_57_61_64_65_68_73_77_80_81_84_87_90_92_93_97_101_104_105_108_109_112_115_118_119_122_123_127_130_131_135_138_139_142_144_147_149_150_153_156_159_160_163_166_169_171_174_177_183_186_192  4.90e+10  4.42e+10  54973.36  12066.56  12004.20    795.09     77.96     12.38  -1672.06   3218.28      0.00 0
3295 14.0      0_1_2_3_4_5_6_7_8_9_10_11_12_13_14_15_16_17_18_19_20_21_22_23_24_25_26_27_28_29_30_31_32_33_34_35_36_37_38_39_40_41_42_43_44_45_46_47_48_49_50_51_52_53_54_55_56_57_58_59_60_61_62_63_64_65_66_67_68_69_70_71_72_73_74_75_76_77_78_79_80_81_82_83_84_85_86_87_88_89_90_91_92_93_95_97_99_101_102_103_104_105_106_107_109_110_111_115_116_117_118_119_121_123_125_127_128_129_135_137_139_141_144_146_148_149_150_152_156_157_158_160_162_166_168_171_173_176_180_181_182_185_189_191_195_197_199_200_203_204_206_212_214_218_220_224_227_231_233_235_238_241_243_244_250_251_253_255_256_258_259_264_267_268_270_271_272_274_279_281_284_291  4.17e+10  3.73e+10 -49166.79  89954.02  13423.40    868.73     82.54    118.66   5548.54 -10397.98      0.00 0
3296 14.0      89_103_107_111_117_129_141_148_158_168_181_182_191_200_205_206_226_227_231_246_249_250_260_266  7.08e+10  6.47e+10   9460.75  22495.24   8723.38    847.80     70.33     67.19    704.05  -6093.70      0.00 0
3297 14.0      81_87_93_101_105_109_115_119_127_135_139_149_156_166_180_183_189_201_204_225  8.13e+09  7.16e+09  10902.62  18296.57   8077.83    886.73     69.23     59.21  -1600.39   4441.06      0.00 0
3298 14.0      146_152_162_176_178_185_187_193_199_202_203_209_212_215_218_220_221_224_228_229_232_233_235_238_241_243_244_255_258_264_270_274  1.05e+09  8.84e+08 -14615.37 -28365.33  10392.58    717.22     71.96    242.74   4896.41  -5263.58      0.00 0
3299 14.0      181_182_190_191_196_197_198_200_205_206_211_212_213_214_217_219_220_223_224_226_227_230_231_234_235_237_238_241_242_243_244_246_249_250_251_252_253_254_255_256_257_258_259_260_261_263_264_265_266_267_268_269_270_271_272_273_274_275_276_277_278_279_280_281_282_283_284_285_286_287_288_289_290_291_292  8.13e+10  7.51e+10 -81179.17   4240.21  11960.35   1038.60     81.63    177.01   4815.98  -8766.03      0.00 0
