#event_number primary_type du_ids energy_primary em_energy Xmax_pos(x, y, z), Xmax_grams zenith azimuth shower_core_pos_x shower_core_pos_y shower_core_pos_z, N_tested_cores, units are degrees, GeV and meters
103600 5626.0    107_111_121_125_129_133_137_141_143_146_152_154_158_162_164_165_168_170_173_176_178_181_182_185_187_191_193_194_197_199_200_202_203_205_206_208_209_212_214_215_216_218_220_221_222_224_226_227_228_229_230_231_232_233_235_236_238_239_240_241_243_244_245_246_247_248_249_250_251_252_253_255_256_258_259_260_261_264_266_267_269_270_274_275_276_277_280_281_283_284_286_287_288_289_290_292_293_294_295_296_297_298  8.13e+10  7.09e+10  48056.71  57536.38  13205.02    758.25     80.01     50.13   4263.01  -4780.13      0.00 0
103601 5626.0    0_1_2_3_4_5_6_7_8_9_10_11_12_13_14_15_16_17_18_19_20_21_22_23_24_25_26_27_28_29_30_31_32_33_34_35_36_37_38_39_40_41_42_43_44_45_46_47_48_49_50_51_52_53_54_55_56_57_58_59_60_61_62_63_64_65_66_67_68_69_70_71_72_73_75_76_77_78_79_80_81_82_83_84_86_87_88_89_90_91_92_93_95_96_99_100_101_102_103_104_105_107_108_109_111_112_114_115_116_117_118_119_121_122_125_126_127_129_130_133_134_135_137_138_139_141_142_143_146_147_148_149_150_152_153_154_155_156_158_159_160_162_163_164_165_166_168_169_170_171_173_174_176_177_178_179_180_182_183_185_186_187_188_189_191_192_193_194_195_197_199_201_202_203_204_206_207_208_209_210_212_214_215_216_218_220_221_222_224_225_228_229_231_232_233_235_236_238_239_241_243_244_245_247_248_251_253_255_256_258_259_262_264_265_268_270_271_272_274_279_282_284  1.32e+10  1.11e+10  91176.30 -190897.81  14348.13    718.76     86.12    295.53   2596.90    669.46      0.00 0
103602 5626.0    1_2_7_8_11_15_16_19_20_23_24_27_28_31_32_37_39_40_44_47_48_51_52_57_58_61_62_65_66_69_70_73_74_78_81_82_85_87_88_93_94_97_98_101_102_105_106_109_110_113_116_119_120_123_124_127_128_131_132_135_136_139_140_145_151_157_161_166_167_171_172_175_181_184_190_196_198_205_211_213_217_219_223_230_234_237_242_249_252_254_257_263_266_269_273_276_278_280_283_285_288_290_292_296  5.25e+10  4.58e+10   5456.71  62748.82  12642.95    754.64     78.65     85.03  -3181.24  -7605.38      0.00 0
103603 5626.0    106_110_120_124_128_132_136_140_145_151_157_161_167_172_175_181_184_190_196_198_200_205_206_211_213_219_226_227_230_231_237_242_246_249_250_252_253_257_260_261_266_267_269_270_275_276_277_280_281_284_286_287_288_289_291_293_294_295_297_298  5.62e+10  4.91e+10 -26346.44  45104.59  12021.14    747.45     77.04    120.29    268.88 -10014.13      0.00 0
103604 5626.0    8_13_16_20_24_28_29_32_35_37_40_41_44_45_48_52_55_58_62_63_66_67_69_70_74_78_79_82_85_88_89_91_94_98_102_103_106_111_116_117_129_141_158_168_173_197  3.80e+10  3.30e+10  21591.88 -18124.17   9574.82    781.01     71.24    319.99   -105.99  -2728.63      0.00 0
103605 5626.0    9_12_17_21_25_26_29_33_35_38_41_44_45_49_50_53_55_59_60_63_67_71_72_75_76_78_79_83_86_89_91_95_96_99_100_102_103_107_111_114_116_117_121_122_125_126_128_129_133_134_137_141_143_147_148_153_155_157_158_165_167_168_177_179_181_182_190_191_196_200_205_206_213_219_226_227_230_237_242_246_249_252_257_260_263_266_269_273_276_278_280_283_285_288_290_292_296  6.17e+09  5.22e+09 -26606.59 -45604.77  12044.04    750.06     77.15    239.74    284.63  -5141.08      0.00 0
103606 5626.0    0_1_2_3_4_5_6_7_8_9_10_11_12_13_14_15_16_17_18_19_20_21_22_23_24_25_26_27_28_29_30_31_32_33_34_35_36_37_38_39_40_41_42_43_44_45_46_47_48_49_50_51_52_53_54_55_56_57_58_59_60_61_62_63_64_65_66_67_68_69_71_72_73_75_76_77_78_79_80_81_83_84_86_87_89_90_91_92_93_95_96_99_100_101_103_104_105_107_108_109_111_112_114_115_117_118_119_121_122_125_126_127_129_130_133_134_135_137_138_139_141_142_143_146_147_148_149_150_152_153_154_155_156_158_159_160_162_163_164_165_166_168_169_170_171_173_174_176_177_178_179_180_182_183_185_186_187_188_189_191_192_193_194_195_197_199_201_202_203_204_206_207_208_209_210_212_214_215_216_218_220_221_222_224_225_228_229_231_232_233_235_236_238_239_240_241_243_244_245_247_248_251_253_255_256_258_259_262_264_265_268_270_271_272_274_279_282_284  1.20e+10  1.01e+10 -101417.68 207019.22  13978.46    714.93     86.53    116.10   2891.40   1273.00      0.00 0
103607 5626.0    246_249_250_252_253_257_258_260_261_266_267_269_270_274_275_276_277_279_280_281_284  6.17e+09  5.19e+09  26293.49  -2272.64   9862.14    691.68     69.51    355.06    793.80  -9516.26      0.00 0
103608 5626.0    0_1_2_3_4_5_6_7_8_9_10_11_12_13_14_15_16_17_18_19_20_22_23_24_25_26_27_28_29_30_31_32_34_35_36_37_38_39_40_42_43_44_46_47_48_50_51_52_54_56_57_58_60_61_62_64_65_66_68_69_70_72_73_74_76_77_80_81_82_84_85_87_88_90_92_93_94_96_97_98_100_101_104_105_106_108_109_112_113_115_118_119_120_122_123_124_126_127_130_131_132_135_136_138_139_142_144_145_147_149_150_151_153_155_156_159_160_163_166_169_171_174_175_177_179_180_183_184_186_189_192_201_207_217  3.02e+09  2.48e+09 -101034.55 -71934.30  14679.48    727.50     83.25    215.45    171.67   3018.41      0.00 0
103609 5626.0    182_191_197_200_206_214_226_227_231_246_249_250  3.31e+10  2.88e+10 -14750.53 -12337.74   8465.47    741.68     66.24    219.91    814.48  -7399.59      0.00 0
103610 5626.0    89_107_111_121_137_141_152_162_176_185_199_203_218_224_233_241  2.69e+09  2.24e+09 -13926.95  12570.72   8192.67    776.74     66.41    137.93   3887.57  -4094.68      0.00 0
103611 5626.0    47_51_57_61_65_69_73_81_85_87_92_93_97_98_101_105_109_113_115_118_119_123_124_127_131_132_135_139_144_145_149_150_156_159_160_166_171_180_183_189_192_195_201_204_207_225  2.75e+09  2.25e+09  50606.32  74074.95  14257.01    683.92     80.97     55.66  -3443.87   3975.90      0.00 0
103612 5626.0    230_234_237_242_246_249_252_254_257_260_261_263_266_267_269_270_273_275_276_277_278_280_281_283_284_285_286_287_288_289_290_291_292_293_294_295_296_297_298  2.09e+10  1.78e+10  96329.87 -42245.76  14390.02    723.59     82.21    336.32  -4358.06 -10171.52      0.00 0
103613 5626.0    0_1_2_3_5_6_7_8_9_11_13_15_16_19_20_21_23_24_27_28_29_31_32_35_37_39_40_41_44_45_47_48_51_52_55_57_58_61_62_65_66_67_69_70_73_74_78_79_81_82_85_87_88_89_91_93_94_97_98_102_103_105_106_109_110_111_113_116_117_119_120_123_124_128_129_131_132_135_136_139_140_141_144_145_148_150_151_157_158_160_161_167_168_171_172_173_181_182_190_191_196_197_198_200_205_206_211_213_214_219_220_226_227_230_231_237_238_243_246_249_250_252_253_258_260_261_264_266_267_270_274_275_276_277_279_281_284_286_287_289_291_293_294_295_297_298  2.40e+09  1.96e+09 -41667.89  89971.30  14765.24    652.37     81.53    114.85   1160.85  -8904.10      0.00 0
103614 5626.0    95_99_114_121_125_133_134_143_154_155_164_165_188  2.95e+10  2.56e+10   8046.81  15477.56   8090.01    751.30     65.12     62.53   4435.76   -353.76      0.00 0
103615 5626.0    94_98_106_120_124_132_136_145_151  1.82e+09  1.50e+09  12059.77 -16423.39   9135.80    662.99     65.85    306.29  -4144.93  -1605.86      0.00 0
103616 5626.0    273_278_280_283_285_288_290_292_294_296  2.75e+09  2.30e+09  17144.64 -10338.23   9064.82    664.65     65.64    328.91  -3414.11 -10621.43      0.00 0
103617 5626.0    3_4_6_10_12_14_17_18_22_25_26_30_33_34_38_49_50_54_60_71_72_75_76_86_99_114_133  8.71e+10  7.66e+10  16804.05  -5743.49   8081.78    763.58     65.53    341.13   2325.57     62.42      0.00 0
103618 5626.0    12_17_21_25_26_33_34_38_41_49_50_53_54_59_60_63_67_71_72_75_76_79_83_84_86_89_95_96_99_100_103_107_108_111_114_117_121_122_125_126_129_133_134_137_138_141_142_143_146_147_152_153_154_155_158_162_163_165_168_173_174_177_179_182_186_191_197_199_200_206_212_214_220_227_231_238_250_253_261_267  9.33e+10  8.20e+10 -10753.26 -46136.42  11714.86    739.25     76.11    256.88   2914.26  -1363.03      0.00 0
103619 5626.0    136_140_151_161_172_184_198_211_217_223_234_254  4.27e+10  3.72e+10   8154.04  17614.64   8147.43    807.40     67.23     65.16  -4181.67  -5770.37      0.00 0
103620 5626.0    0_1_2_3_4_5_6_7_8_9_10_11_12_13_14_15_16_17_18_19_20_21_22_23_24_25_26_27_28_29_30_31_32_33_34_35_36_37_38_39_40_41_42_43_44_45_46_47_48_49_50_51_52_53_54_55_56_57_58_59_60_61_62_63_64_65_66_67_68_69_70_71_72_73_74_75_76_77_78_79_80_81_82_83_84_85_86_87_88_89_90_91_92_93_94_95_96_97_98_99_100_101_102_103_104_105_106_107_108_109_110_111_112_113_114_115_116_117_118_119_120_121_122_123_124_125_126_127_128_129_130_131_132_133_134_135_136_137_138_139_140_141_142_143_145_146_147_148_149_150_151_152_153_154_155_156_157_158_159_160_161_162_163_164_165_166_167_168_169_170_171_172_173_174_175_176_177_178_179_180_181_182_183_184_185_186_187_188_189_190_191_192_194_195_196_197_198_199_200_201_204_205_206_207_210_211_212_213_214_216_217_219_220_223_224_225_226_227_230_231_234_235_237_238_242_243_246_249_250_252_253_254_257_258_260_261_263_266_267_269_270_273_275_276_277_278_280_281_283_284_285_286_287_288_289_290_291_292_293_294_295_296_297_298  7.59e+10  6.58e+10 -76624.05 -224695.92  13480.64    758.83     86.75    251.17   2403.76   4925.41      0.00 0
103621 5626.0    100_114_126_133_134_143_155_164_165_170_187_193_194_208_209_215_221_232_239_247  6.76e+09  5.75e+09 -19097.23  18793.02   9900.52    694.20     69.72    135.46   6354.63   -860.99      0.00 0
103622 5626.0    157_181_190_196_205_213_219_230_237_242_249_252_257_263_266_269_273_280_283_285_292  3.55e+10  3.08e+10  11356.52  22365.57   9493.33    722.39     69.27     63.08  -2465.50  -8632.86      0.00 0
103623 5626.0    200_205_213_219_226_227_230_231_234_237_238_242_243_246_249_250_252_253_254_255_257_258_259_260_261_263_264_266_267_269_270_271_272_273_274_275_276_277_278_279_280_281_283_284_285_286_287_288_289_290_291_292_293_294_295_296  3.39e+10  2.90e+10  76393.95  -4926.79  13512.08    721.43     79.99    356.31   3313.25  -9973.77      0.00 0
103624 5626.0    99_100_114_121_122_125_126_133_134_137_143_146_147_152_153_154_155_162_164_165_170_173_176_177_178_179_185_186_187_188_193_194_199_202_203_208_209_210_212_215_216_218_221_222_224_228_229_232_233_235_236_240_241_243_244_245_248_251_255_256_259_264_268_271_272_274_279  3.55e+10  3.06e+10  -4487.91 -58458.99  12515.89    734.80     77.95    265.61   5588.65   -220.21      0.00 0
103625 5626.0    0_1_2_3_4_5_6_7_8_10_11_13_14_15_16_18_19_20_22_23_24_27_28_30_31_32_36_37_39_40_42_43_44_46_47_48_51_52_56_57_58_61_62_64_65_66_68_70_74_77_80_82_88_90_92_94_104_106_110_118_130_136  1.07e+10  9.14e+09  11862.97  26582.20   9932.25    738.26     71.16     65.95   -652.50    550.55      0.00 0
103626 5626.0    0_1_2_3_4_5_6_7_8_9_11_13_15_16_17_19_20_21_23_24_28_29_31_32_35_37_39_40_41_44_45_47_48_51_52_53_55_57_58_61_62_63_66_67_69_70_73_74_78_79_81_82_83_85_88_89_91_93_94_97_98_102_103_105_106_107_110_111_113_116_117_119_123_129_131_135_137_141_144_148_150_158_162_168_173_182_191_197_199_206_212_214_220_224_235_238_243_244_255_258_259_264_271_279  1.17e+10  9.97e+09  29806.52 -38082.07  11985.76    708.46     76.08    308.05    222.97  -2770.48      0.00 0
103627 5626.0    91_102_103_110_111_116_117_120_128_129_136_140_141_145_148_151_157_158_161_162_167_168_172_173_175_181_182_184_185_190_191_196_197_198_199_200_203_205_206_211_212_213_214_217_218_219_220_223_224_226_227_228_230_231_233_234_235_237_238_241_242_243_244_245_246_248_249_250_251_252_253_254_255_256_257_258_259_260_261_262_263_264_265_266_267_268_269_270_271_272_273_274_275_276_277_278_279_280_281_282_284  2.14e+10  1.82e+10 121304.08 -16681.30  14557.41    742.26     83.22    352.17  -2638.26  -6530.88      0.00 0
103628 5626.0    112_130_138_142_153_163_174_186  1.91e+09  1.57e+09  19930.23  12084.44   9578.19    666.90     67.66     31.23   4273.98   5135.17      0.00 0
103629 5626.0    0_1_2_3_4_5_6_7_8_9_10_11_12_13_14_15_16_17_18_19_20_21_22_23_24_25_26_27_28_29_30_31_32_33_34_35_36_37_38_39_40_41_43_44_45_47_48_49_51_52_53_55_56_57_58_59_61_62_63_65_66_67_69_70_71_73_74_75_77_78_79_81_82_83_85_87_88_89_91_93_94_95_97_98_102_103_105_106_107_109_110_111_113_116_117_119_120_121_123_124_125_128_129_131_132_135_136_137_139_140_141_144_145_146_148_150_151_152_157_158_160_161_162_167_168_171_172_173_175_176_181_182_184_185_190_191_196_197_198_199_200_203_205_206_212_213_214_218_220_224_226_227_228_230_231_233_235_238_241_243_244_246_248_250_251_253_255_256_258_259_261_264_265_267_268_270_271_272_274_277_279_281_282_284_291  2.24e+10  1.90e+10 102343.05 -105499.25  14670.92    751.76     84.30    314.13   6109.04  -9709.75      0.00 0
103630 5626.0    238_243_250_253_255_258_259_261_264_267_270_271_272_274_279  1.00e+09  8.10e+08  24942.15   5070.00   9714.17    694.59     69.11     11.49   4255.54  -8671.65      0.00 0
103631 5626.0    8_16_20_23_24_28_32_35_37_40_44_45_47_48_52_55_58_62_66_69_70_73_74_78_79_82_85_88_91_93_94_97_98_102_103_106_110_113_116_117_120_123_124_128_129_131_132_136_140_141_144_145_148_151_157_158_161_167_168_172_173_175_181_182_184_190_191_196_197_198_200_205_206_211_212_213_214_217_219_220_223_226_227_230_231_234_235_237_238_242_243_244_246_249_250_252_253_254_255_257_258_259_260_261_263_264_266_267_269_270_271_273_274_275_276_277_278_279_280_281_283_284_285_286_287_288_289_290_291_292_293_294_295_296_297_298  1.20e+09  9.45e+08 178522.25 -196399.88  13630.92    639.82     87.06    312.27  -2306.36  -7417.76      0.00 0
103632 5626.0    0_1_2_3_4_5_6_7_8_9_10_11_12_13_14_15_16_17_18_19_20_21_22_23_24_25_26_27_28_29_30_31_32_33_34_35_36_37_38_39_40_41_42_43_44_45_46_47_48_49_50_51_52_53_54_55_56_57_58_59_60_61_62_63_64_65_66_67_68_69_70_71_72_73_74_75_76_77_78_79_80_81_82_83_84_85_86_87_88_89_90_91_92_93_94_95_96_99_100_101_102_103_104_105_106_107_108_109_110_111_112_114_115_116_117_118_120_121_122_125_126_127_128_129_130_133_134_136_137_138_139_140_141_142_143_146_147_148_149_152_153_154_155_156_157_158_159_161_162_163_164_165_166_167_168_169_170_172_173_174_176_177_178_179_180_181_182_183_185_186_187_188_189_190_191_192_193_194_196_197_199_200_201_202_203_204_205_206_207_208_209_210_211_212_213_214_215_216_218_219_220_221_222_224_225_226_227_228_229_230_231_232_233_234_235_236_237_238_239_240_241_242_243_244_245_246_247_248_249_250_251_252_253_255_256_257_258_259_260_261_262_263_264_265_266_267_268_269_270_271_272_273_274_275_276_277_279_280_281_282_283_284_285_286_287_288_289_290_291_292_293_294_295_296_297_298  2.24e+10  1.90e+10 -34828.72 -282029.16  12307.81    721.78     87.52    262.96   2676.92  -2551.64      0.00 0
103633 5626.0    35_44_45_55_62_63_66_67_78_79_88_89_91_102_106_110_128_136_140_161  1.23e+09  1.00e+09  20436.35   6644.12   9648.65    614.65     65.82     18.01  -1090.10  -3150.12      0.00 0
103635 5626.0    95_121_125_137_141_146_152_162_168_173_176_185_197_199_212_214_218_220_224_235_238_241_243_244_253_255_258_259_264_270_271_274_279_281_284_291  3.72e+10  3.21e+10  -1204.66  46943.38  11673.34    740.74     76.04     91.47   3957.14  -9897.16      0.00 0
103636 5626.0    158_168_181_182_191_200_205_206_213_226_227_230_237_246_249_252_257_266_269_273  1.35e+10  1.16e+10 -19008.96 -15747.95   9589.47    697.13     68.77    219.64   -737.63  -7591.48      0.00 0
103637 5626.0    25_26_34_38_49_50_60_71_72_75_76_86_99_100_114_125_133_143_154_164_178_187_209  9.77e+10  8.67e+10 -16502.58  10065.31   8308.79    773.54     66.74    148.62   3830.48   -656.15      0.00 0
103638 5626.0    0_1_2_3_4_5_6_7_8_9_10_11_12_13_14_15_16_17_18_19_20_21_22_23_24_25_26_27_28_29_30_31_32_33_34_35_36_37_38_39_40_41_42_43_44_45_46_47_48_49_50_51_52_53_54_55_56_57_58_59_60_61_62_63_64_65_66_67_68_69_70_71_72_73_74_75_76_77_78_79_80_81_82_83_84_85_86_87_88_89_90_91_92_93_94_95_97_98_99_101_102_103_104_105_106_107_109_110_111_113_115_116_117_119_120_121_123_124_125_127_128_129_131_132_133_135_136_137_139_140_141_144_145_146_148_150_151_152_154_156_157_158_160_161_162_166_167_168_171_172_173_175_176_178_181_182_184_185_189_190_191_195_196_197_198_199_200_202_203_205_206_211_212_213_214_217_218_219_220_223_224_226_227_228_230_231_233_234_235_237_238_241_242_243_244_246_248_249_250_251_252_253_254_255_256_257_258_259_260_261_262_263_264_265_266_267_268_269_270_271_272_273_274_275_276_277_278_279_280_281_282_283_284_286_287_288_289_290_291_293_294_295_296_297_298  2.24e+10  1.90e+10 -183829.11 226524.61  12074.10    715.69     87.63    129.06   1129.58  -6568.94      0.00 0
103639 5626.0    63_67_79_89_91_95_102_103_107_111_116_117_121_125_128_129_133_137_140_141_146_148_152_154_157_158_162_164_167_168_170_172_173_176_178_181_182_185_187_190_191_193_196_197_198_199_200_202_203_205_206_208_209_211_212_213_214_215_218_219_220_221_222_223_224_226_227_228_229_230_231_232_233_234_235_236_237_238_239_241_242_243_244_245_246_247_248_249_250_251_252_253_254_255_256_257_258_259_260_261_262_263_264_265_266_267_268_269_270_271_272_273_274_275_276_277_278_280_281_282_283_285_286_287_288_290_292_296  9.77e+09  8.19e+09 -117295.10 -60514.59  15061.18    686.37     83.49    207.29    531.95  -6940.49      0.00 0
103640 5626.0    0_1_2_3_4_5_6_7_8_9_10_11_12_13_14_15_16_17_18_19_20_21_22_23_24_25_26_27_28_29_30_31_32_33_34_35_36_37_38_39_40_41_42_43_44_45_46_47_48_49_50_51_52_53_54_55_56_57_58_59_60_61_62_63_64_65_66_67_68_69_70_71_72_73_74_75_77_78_79_80_81_82_83_85_86_87_88_89_91_92_93_95_97_99_101_102_103_105_107_109_111_115_116_117_119_121_125_127_129_135_137_139_141_146_148_150_152_156_158_160_162_166_168_171_173_176_182_185_191_195_197_199_203_206_212_214_218_220_224_231_233_235_238_241_243_244_251_253_255_256_258_259_264_268_270_271_272_274_279  1.74e+10  1.47e+10 -40066.05  63353.73  13284.91    745.70     79.95    122.31   3628.09  -5913.72      0.00 0
103641 5626.0    23_31_37_47_48_51_57_58_61_69_70_73_74_81_82_85_87_93_94_97_98_105_106_109_113_119_120_123_124_127_131_132_135_136_139_144_145_150_151_156_160_161_166_171_172_175_184_189_195_198_204_211_217_223_234_254_278  3.55e+09  2.93e+09 -12288.41 -57762.85  13016.61    664.31     77.57    257.99  -4143.18   -634.73      0.00 0
103642 5626.0    0_1_2_3_4_5_6_7_8_9_10_11_12_13_14_15_16_17_18_19_20_21_22_23_24_25_26_27_28_29_30_31_32_33_34_35_36_37_39_40_41_42_43_44_45_46_48_52_53_54_55_56_58_62_64_66_67_68_77_78_79_80_82_88_90_91_102_103_104_106_110_116_117_128_136_140_148_157_161_167_172_181_182_190_196_200_205_211_213_219_226_230_234_237_242_249_252_257_263_266_269_273_278_280_283_285_288_290_292_296  3.80e+10  3.30e+10 -12567.14 -46000.83  11712.95    743.50     76.20    254.72  -1462.83  -5107.36      0.00 0
103643 5626.0    5_8_9_13_16_20_21_24_28_29_32_35_40_41_44_45_48_52_53_55_58_62_63_66_67_70_74_78_79_82_83_85_88_89_94_98_102_106_107_120_124_132_145  3.98e+10  3.46e+10  30453.74  -3173.95  10072.83    745.52     71.79    354.05  -2398.72  -1733.36      0.00 0
103644 5626.0    95_107_111_121_137_141_152_162_168_173_185_197_199_212_214_218_220_224_235_238_241_243_244_253_255_258_259_264_270_271_274_279_284_291  1.48e+09  1.21e+09  -9632.61  51570.94  12682.40    650.63     76.41    100.58   4420.38 -10670.32      0.00 0
103645 5626.0    9_13_17_21_25_28_29_33_35_38_41_45_49_53_55_59_63_67_71_72_75_83_86_89_95_99_107_114_121_125_133_143_146_154_164_170_187_193_208_215_221_236_239  1.20e+09  9.74e+08  33066.55   4142.10  10976.03    652.06     71.77      7.14   4680.58   -982.22      0.00 0
103646 5626.0    0_2_3_4_5_8_9_12_13_16_17_18_20_21_25_26_28_29_32_33_34_35_38_40_41_44_45_49_50_52_53_55_58_59_60_62_63_66_67_71_72_75_76_78_79_82_83_86_88_89_91_94_95_99_100_102_103_106_107_110_114_116_117_120_126_128_133_134_136_140_143_145_151_155_157_161_165_167_172_175_184_188_196_198_211_217_223_234  5.13e+09  4.28e+09  43254.45  27407.76  12255.85    699.41     76.54     32.36  -1680.29  -3190.92      0.00 0
103647 5626.0    23_24_31_32_37_47_48_52_57_58_62_69_70_73_74_81_82_85_88_93_94_97_98_105_106_110_113_119_123_131_135_144_150_160  3.80e+09  3.17e+09  -8868.61  28456.35  10449.70    669.02     70.68    107.31  -3050.36    669.26      0.00 0
103648 5626.0    16_20_23_24_28_32_35_37_40_44_47_48_52_55_58_62_66_69_70_73_74_78_79_82_85_88_91_93_94_97_98_102_103_106_110_113_116_117_120_123_124_128_129_131_132_136_140_144_145_148_151_157_158_167_168_181_182_190_191_197_200_205_206_214_220_227_231_238_243_250_253_258_270_274  1.70e+10  1.44e+10 -30280.46  38369.23  11987.61    714.27     76.22    128.28  -2194.38  -2279.24      0.00 0
103649 5626.0    0_1_2_3_4_5_6_7_8_9_10_11_12_13_14_15_16_17_18_19_20_21_22_23_24_25_26_27_28_29_30_31_32_33_34_35_36_37_38_39_40_41_42_43_44_45_46_47_48_49_50_51_52_53_54_55_56_57_58_59_60_61_62_63_64_65_66_67_68_69_70_71_72_73_74_75_76_77_78_79_80_81_82_83_84_85_86_87_88_89_90_91_92_93_94_95_96_97_98_99_100_101_102_103_104_105_106_107_108_109_110_112_113_114_115_118_119_120_121_122_123_124_125_126_127_130_131_132_133_134_135_136_138_139_140_142_143_144_145_146_147_149_150_151_153_154_155_156_159_160_161_163_164_165_166_169_170_171_174_175_177_178_179_180_183_184_186_187_188_189_192_193_194_195_201_204_207_208_210_215_216_221_222_236_239_240  5.62e+10  4.89e+10 212834.36  47691.13  13684.23    792.86     86.41     12.63   5288.91   2846.68      0.00 0
103650 5626.0    230_246_249_252_260_261_266_267_275_276_277_281_287_289_291  2.14e+10  1.84e+10 -15092.93  12854.18   8562.57    742.64     66.64    139.58    243.23  -9870.34      0.00 0
103651 5626.0    79_89_91_102_103_107_110_111_116_117_121_125_128_129_137_140_141_146_148_152_154_157_158_161_162_167_168_172_173_176_178_181_182_184_185_187_190_191_196_197_198_199_200_202_203_205_206_209_211_212_213_214_215_217_218_219_220_221_223_224_226_227_228_229_230_231_232_233_234_235_237_238_239_241_242_243_244_245_246_247_248_249_250_251_252_253_254_255_256_257_262_263_265_266_268_269_273_278  1.51e+10  1.29e+10  84661.02  24724.53  13764.05    748.56     81.13     16.28    908.56  -5771.89      0.00 0
103652 5626.0    55_62_66_78_79_88_89_91_94_102_103_106_110_111_116_117_120_124_128_129_136_137_140_141_145_148_151_152_157_158_161_162_167_168_172_173_175_176_181_182_184_185_190_191_196_197_198_199_200_202_203_205_206_211_212_213_214_217_218_219_220_223_224_226_227_228_230_231_233_234_235_237_238_241_242_243_244_245_246_248_249_250_251_252_253_254_255_256_257_258_259_260_261_262_263_264_265_266_267_268_269_270_271_272_273_274_275_277_279_281_282_284  3.80e+10  3.29e+10 -127855.05  26012.40  14312.32    792.06     83.74    168.50   1687.57  -6669.69      0.00 0
103653 5626.0    106_110_116_120_128_136_140_148_151_157_161_167_172_181_182_190_191_196_200_205_206_213_214_226_227_230_231_238_246_249_250_253_258_260_261_267_270_274_275_277_281_284_287_289_291  1.95e+10  1.66e+10  30272.42 -37423.38  11876.43    722.81     76.14    308.97   1454.58  -9145.86      0.00 0
103654 5626.0    115_127_139_156_160_166_171_195  1.32e+09  1.08e+09 -22331.48   2067.70   9129.47    717.49     67.85    174.71  -3649.53   4956.06      0.00 0
103655 5626.0    1_7_11_14_15_16_19_23_24_27_31_32_36_37_39_43_46_47_48_51_56_57_58_61_65_69_70_73_74_77_80_81_82_85_87_92_93_94_97_98_101_104_105_109_113_115_118_120_124_127_130_132_145_149_151_159_175_183_192  3.39e+09  2.82e+09  19294.96  30252.05  10990.62    691.00     72.97     57.47  -1711.78   1320.35      0.00 0
103656 5626.0    0_1_2_3_4_5_6_7_8_9_10_11_12_13_14_15_16_17_18_19_20_21_22_23_24_25_26_27_28_29_30_31_32_33_34_35_36_37_38_39_40_41_42_43_44_45_46_47_48_49_50_51_52_53_54_55_56_57_58_59_60_61_62_64_65_66_68_69_70_71_72_73_74_75_76_77_78_80_81_82_84_85_86_87_88_90_92_93_94_96_97_98_100_101_104_105_106_108_109_110_112_113_114_115_118_119_120_122_123_124_126_130_131_132_134_136_138_142_145_147_151_153_155_159_161_163_169_174_175_177_179_184_186_188_192_210_217  6.31e+09  5.27e+09 -77801.48 -54477.19  14296.27    700.59     81.44    215.00   2606.47   2998.73      0.00 0
103657 5626.0    0_1_2_5_7_8_9_11_13_15_16_19_20_23_24_28_29_31_32_35_37_40_41_44_45_47_48_51_52_55_57_58_62_66_67_69_70_73_74_78_79_81_82_88_89_91_102_103_116_117_129_148_157_158_168_181_182_191_200_206_214_231  2.57e+09  2.14e+09  12088.23 -30407.27  10518.48    711.76     72.18    291.68    -50.19  -3270.03      0.00 0
103658 5626.0    0_1_2_3_4_5_6_7_8_9_10_11_12_13_14_15_16_17_18_19_20_21_22_23_24_25_26_27_28_29_30_31_32_33_34_35_36_37_38_39_40_41_42_43_44_45_46_47_48_49_50_51_52_53_54_55_56_57_58_59_60_61_62_63_64_65_66_67_68_69_70_71_72_73_74_75_76_77_78_79_80_81_82_83_84_85_86_87_88_89_90_91_92_93_95_96_97_99_100_101_102_103_104_105_107_108_109_111_112_114_115_116_117_118_119_121_125_127_129_130_133_135_137_139_141_146_148_149_150_152_156_158_159_160_162_166_168_171_173_176_180_182_183_185_189_191_195_197_199_201_203_204_206_212_214_218_220_224_225_231_233_235_238_241_243_244_251_255_256_258_259_264_268_271_272_274_279  1.48e+10  1.25e+10 -43521.46  83532.76  14194.52    711.88     81.43    117.52  -1622.58   4220.04      0.00 0
103659 5626.0    110_116_117_120_128_136_140_145_148_151_157_158_161_167_168_172_175_181_182_184_190_191_196_197_198_200_205_206_211_212_213_214_217_219_220_223_226_227_230_231_234_235_237_238_242_243_244_246_249_250_252_253_254_255_257_258_259_260_261_263_264_266_267_269_270_271_272_273_274_275_276_277_278_279_280_281_283_284_286_287_288_289_291_293_295  3.72e+09  3.02e+09 -109991.25  53670.08  15027.22    676.93     83.00    153.99   2301.01  -9300.21      0.00 0
103660 5626.0    33_38_41_49_53_59_63_67_71_72_75_76_79_83_86_89_91_95_96_99_100_103_107_111_114_116_117_121_122_125_126_129_133_134_137_141_143_146_147_148_152_153_154_155_157_158_162_164_165_168_170_173_176_177_178_179_181_182_185_186_187_188_191_193_194_197_199_200_202_203_205_206_208_209_210_212_214_215_216_218_220_221_222_224_226_227_228_229_230_231_232_233_235_236_238_239_240_241_243_244_245_246_247_248_249_250_251_252_253_255_256_258_259_260_261_262_264_265_266_267_268_269_270_271_272_274_275_276_277_279_280_281_282_283_284_286_287_288_289_290_291_292_293_294_295_296_297_298  4.57e+09  3.77e+09  97318.08 177460.89  14578.77    709.13     85.88     61.26   2939.39  -8615.56      0.00 0
103661 5626.0    12_17_18_21_22_25_26_33_34_38_42_49_50_53_54_59_60_63_64_68_71_72_75_76_83_84_86_89_90_95_96_99_100_104_107_108_111_112_114_118_121_122_125_126_129_130_133_134_137_138_141_142_143_146_147_152_153_154_155_159_162_163_164_165_168_169_170_173_174_176_177_178_179_183_185_186_187_188_192_193_194_197_199_202_203_207_208_209_210_212_214_215_216_218_220_221_222_224_228_229_232_233_235_236_238_239_240_241_243_244_245_247_248_251_253_255_256_258_259_262_264_265_268_270_271_272_274_279_282_284_291  6.03e+10  5.17e+10  22380.39 -177159.03  14649.52    739.30     85.31    277.20   5535.01   1029.61      0.00 0
103662 5626.0    0_1_2_3_4_5_6_7_8_9_10_11_12_13_14_15_16_17_18_19_20_21_22_23_24_25_26_27_28_29_30_31_32_33_34_35_36_37_38_39_40_41_42_43_44_45_46_47_48_49_50_51_52_53_54_55_56_57_58_59_60_61_62_63_64_65_66_67_68_69_70_71_72_73_74_75_76_77_78_79_80_81_82_83_84_85_87_88_89_90_91_92_93_94_96_97_98_101_102_103_104_105_106_108_109_110_112_113_115_116_117_118_119_120_123_124_127_128_129_130_131_132_135_136_138_139_140_142_144_145_148_149_150_151_156_157_158_159_160_161_163_166_167_169_171_172_174_175_180_181_182_183_184_189_190_192_195_196_198_200_201_204_205_206_207_211_213_217_219_223_225_226_227_230_234_237_242_246_249_252_254_257_260_263_266_269_273_275_276_278_280_283_285_286_288_290_292_294_296_297  1.26e+10  1.05e+10 -48064.57 -210536.25  14040.75    748.72     86.28    257.14  -2678.15    289.59      0.00 0
103663 5626.0    121_125_133_137_143_146_152_154_162_164_165_170_178_187_193_194_208  5.13e+09  4.31e+09 -13590.79 -19352.10   9482.35    689.95     68.15    234.92   4834.89  -1465.64      0.00 0
103664 5626.0    266_275_276_277_280_281_283_284_286_287_288_289_290_291_293_294_295  1.62e+10  1.39e+10 -24310.74   4330.40   9399.88    728.81     69.16    169.90    567.69 -11108.60      0.00 0
103665 5626.0    62_66_78_88_91_102_103_110_116_117_128_129_148_157_158_168_173_181_182_191_197_200_206_212_214_220_231_235_238_243_253_255_258_264_270_271_274_279  8.71e+09  7.39e+09  24775.77 -28421.01  11046.86    710.96     73.67    311.08   2393.96  -7030.07      0.00 0
103666 5626.0    0_1_2_3_4_5_6_7_9_10_11_12_13_14_15_17_18_19_21_22_25_26_27_29_30_31_33_36_39_41_42_43_46_51_56_61_65_68_77_80_87_92_101_109_115_127_139_156_166_189  9.55e+10  8.42e+10   9345.03 -23651.09   9210.68    780.81     70.09    291.56   -540.61   2368.61      0.00 0
103667 5626.0    246_250_253_258_260_261_266_267_270_274_275_276_277  3.63e+09  3.04e+09 -18599.90  -2826.25   8677.08    692.90     65.24    188.64    968.34  -9387.50      0.00 0
103668 5626.0    6_7_10_14_15_18_19_22_27_30_31_34_36_39_42_43_46_47_50_51_54_56_57_60_61_64_65_68_73_76_77_80_81_84_87_90_92_93_96_97_100_101_104_105_108_109_112_115_118_119_122_123_126_127_130_131_134_135_138_139_142_144_147_149_150_153_155_156_159_160_163_165_166_169_171_174_177_179_180_183_186_188_189_192_194_195_201_204_207_210_216_222_225_240  2.88e+10  2.46e+10 -130270.52  -1728.07  14613.47    746.54     83.60    180.76   4438.27   4378.00      0.00 0
103669 5626.0    91_102_103_111_116_117_128_129_137_140_141_146_148_152_157_158_162_167_168_172_173_176_178_181_182_185_190_191_196_197_198_199_202_203_211_212_218_224_228_229_233_241_245_247_248_262  6.92e+10  6.02e+10  38102.88   4354.75  10808.85    760.57     74.26      6.52   2766.20  -4600.03      0.00 0
103670 5626.0    122_138_142_153_163_169_174_192  1.17e+09  9.59e+08  -5581.81  18314.43   8891.41    668.01     65.09    106.95   2841.07   4713.99      0.00 0
103671 5626.0    200_205_206_214_220_226_227_230_231_235_237_238_242_243_244_246_249_250_252_253_254_255_256_257_258_259_260_261_263_264_266_267_268_269_270_271_272_273_274_275_276_277_278_279_280_281_282_283_284_285_288_290_292  3.39e+09  2.80e+09  49743.15   9183.44  12284.24    688.43     76.35     10.46   -274.25  -8870.08      0.00 0
103672 5626.0    140_148_157_158_161_167_172_181_182_184_190_191_196_197_198_200_205_206_211_212_213_214_217_219_220_223_226_227_230_231_234_235_237_238_242_243_244_246_249_250_252_253_254_255_256_257_258_259_260_261_263_264_266_267_269_270_271_272_273_274_275_277_279_281_284  2.69e+10  2.31e+10  65769.80 -15208.34  12938.38    745.55     79.15    346.98  -2393.50  -7124.43      0.00 0
103673 5626.0    121_125_133_137_141_143_146_152_154_162_164_165_168_170_173_176_178_185_187_188_191_193_194_197_199_202_203_206_208_209_210_212_214_215_216_218_220_221_222_224_227_228_229_231_232_233_235_236_238_239_240_241_243_244_245_246_247_248_250_251_253_255_256_258_259_260_261_262_264_265_267_268_270_271_272_274_275_276_277_279_281_282_284_286_287_288_289_290_291_293_294_295_296_297_298  1.70e+10  1.43e+10 101398.00 163474.50  14194.15    782.31     85.78     58.19   3951.63 -10430.59      0.00 0
103674 5626.0    66_78_88_102_110_128_136_140_151_161_167_172_184_196_198_211_217_223_234  2.75e+09  2.27e+09 -25454.12 -19397.87  10553.00    693.31     71.75    217.31  -4347.63  -5644.43      0.00 0
103675 5626.0    0_1_2_3_4_5_6_7_8_9_10_11_12_13_14_15_16_17_18_19_20_21_22_23_24_25_26_27_28_29_30_31_32_33_34_35_36_37_38_39_40_41_42_43_44_45_46_47_48_49_50_51_52_53_54_55_56_57_58_59_60_61_62_63_64_65_66_67_68_69_70_71_72_73_74_75_76_77_78_79_80_81_82_83_84_85_86_87_89_90_92_93_94_95_96_97_98_99_100_101_104_105_107_108_109_112_113_114_115_118_119_121_122_123_124_125_126_127_130_131_132_133_134_135_137_138_139_142_143_144_146_147_149_150_152_153_154_155_156_159_160_163_164_165_166_169_170_171_174_176_177_178_179_180_183_186_187_188_189_192_193_194_195_202_208_209_210_215_216_221_222_228_229_232_236_239_240_245_247  2.51e+10  2.13e+10 166119.64 -39483.36  14908.42    711.96     85.01    346.63   -667.18   1989.16      0.00 0
103676 5626.0    0_1_2_3_4_5_6_7_8_9_10_11_12_13_14_15_16_17_18_19_20_21_22_23_24_26_27_28_29_30_32_34_35_36_39_40_42_43_44_45_46_52_54_55_56_58_62_64_66_68_77_78_80_82_88_90_92_102_104_110_112_128_130  7.76e+09  6.57e+09  -9541.29 -26691.83  10026.68    706.60     70.52    250.33   -123.68     -7.78      0.00 0
103677 5626.0    0_1_2_3_4_5_6_7_8_9_10_11_12_13_14_15_16_17_18_19_20_21_22_23_24_25_26_27_28_29_30_31_32_33_34_35_36_37_38_39_40_41_42_43_44_45_46_47_48_49_50_51_52_53_54_55_56_57_58_59_60_61_62_63_64_65_66_67_68_69_70_71_72_73_74_75_76_77_78_79_80_81_82_83_84_85_86_87_88_89_90_91_92_93_94_95_96_97_98_99_100_101_102_103_104_105_106_107_108_109_110_111_112_113_114_115_116_117_118_119_120_121_122_123_124_125_126_127_128_129_130_131_132_133_134_135_136_137_138_139_140_141_142_143_144_145_146_147_148_149_150_151_152_153_154_155_156_157_158_159_161_162_163_164_165_166_167_168_169_170_172_173_174_175_176_177_178_179_180_181_182_183_184_185_186_187_188_190_191_192_193_194_196_197_198_199_200_201_202_203_205_206_207_208_209_210_211_212_213_214_215_216_217_219_221_222_223_226_227_229_230_231_232_234_236_237_239_240_242_246_249_252_254_257_260_263_266_269_273_278_280_283_285_292  9.33e+10  8.14e+10 -219755.83 -180509.48  11720.48    799.48     87.64    219.40   5487.88   3382.16      0.00 0
103678 5626.0    91_102_110_116_117_120_128_129_136_140_141_145_148_151_157_158_161_167_168_172_173_175_181_182_184_190_191_196_197_198_199_200_205_206_211_212_213_214_217_218_219_220_223_224_226_227_230_231_234_235_237_238_241_242_243_244_246_249_250_251_252_253_254_255_256_257_258_259_260_261_263_264_265_266_267_268_269_270_271_272_273_274_275_276_277_278_279_280_281_282_283_284_285_286_287_288_289_290_291_292_293_295  1.41e+09  1.13e+09 146204.00 -45901.63  15268.40    671.65     84.31    342.57   3194.45  -8906.26      0.00 0
103679 5626.0    0_1_2_3_4_5_6_7_8_9_10_11_12_13_14_15_16_17_18_20_21_22_23_24_25_26_28_29_30_32_33_34_35_37_38_40_41_42_44_45_48_49_50_52_53_54_55_58_59_60_62_63_64_66_67_70_71_72_74_75_76_78_79_82_83_84_86_88_89_91_94_95_96_98_99_100_102_106_110_114_120_122_124_126_128_133_134_136_140_143_145_147_151_155_161_165_172_175_179_184_188_194_198_210_216_217  4.17e+09  3.47e+09  44476.57  25917.17  12377.50    684.16     76.48     30.23   -435.33  -1501.75      0.00 0
103680 5626.0    0_1_2_3_4_5_6_7_8_9_10_11_12_13_14_15_16_17_18_19_20_21_22_23_24_25_26_27_28_29_30_31_32_33_34_35_36_37_38_39_40_41_42_43_44_45_46_47_48_49_50_51_52_53_54_55_56_57_58_59_60_61_62_63_64_65_66_67_68_69_70_71_72_73_74_75_76_77_78_79_80_81_82_83_84_85_86_87_88_89_90_91_92_93_94_95_96_97_98_99_100_101_102_103_104_105_106_107_108_109_110_111_112_113_115_116_117_118_119_120_121_123_124_127_128_129_130_131_132_135_136_137_138_139_140_141_142_144_145_148_149_150_151_152_156_157_158_159_160_161_162_166_167_168_169_171_172_173_174_175_180_181_182_183_184_189_190_191_192_195_196_197_198_199_200_201_204_205_206_207_211_212_213_214_217_219_220_223_225_226_227_230_231_234_235_237_238_242_243_246_249_250_252_253_254_257_258_260_261_263_264_266_267_269_270_273_274_275_276_277_278_279_280_281_283_284_285_286_287_288_289_290_291_292_293_294_295_296_297_298  2.45e+10  2.09e+10 -17000.26 166785.28  14726.40    739.24     84.98     95.82    -66.02  -8263.35      0.00 0
103681 5626.0    0_1_2_3_5_8_9_11_13_15_16_17_20_21_23_24_25_28_29_31_32_33_35_37_40_41_44_45_47_48_49_52_53_55_57_58_59_62_63_66_67_69_70_73_74_75_78_79_82_83_85_88_89_91_93_94_95_97_98_102_103_106_107_110_111_113_116_117_120_121_123_124_125_128_129_131_132_136_137_140_141_145_146_148_151_152_157_158_161_162_167_168_172_173_175_176_178_181_182_184_185_190_191_196_197_198_199_200_202_203_205_206_209_211_212_213_214_217_218_219_220_223_224_226_227_228_229_230_231_233_234_235_237_238_241_242_243_244_245_246_247_248_249_250_251_252_253_254_255_256_257_258_259_260_261_262_263_264_265_266_267_268_269_270_271_272_273_274_275_276_277_278_279_280_281_282_283_284_286_287_288_289_291_295  1.91e+09  1.52e+09 -223851.53  98776.96  13765.20    696.52     86.78    156.19  -2996.75  -4424.73      0.00 0
103682 5626.0    67_78_79_88_89_91_102_103_107_110_111_116_117_121_128_129_136_137_140_141_146_148_151_152_157_158_161_162_167_168_172_173_175_176_178_181_182_184_185_187_190_191_196_197_198_199_200_202_203_205_206_209_211_212_213_214_215_217_218_219_220_223_224_226_227_228_229_230_231_232_233_234_235_237_238_239_241_242_243_244_245_246_247_248_249_250_251_252_253_254_255_256_257_258_259_260_261_262_263_264_265_266_267_268_269_270_271_272_273_274_275_276_278_279_280_282_283_285  1.02e+09  8.15e+08 -135660.81 -17739.66  15249.64    666.68     83.64    187.45   -325.24  -6422.94      0.00 0
103683 5626.0    146_152_154_164_176_178_185_187_193_199_202_203_208_209_212_215_218_220_221_224_228_229_232_233_235_241_243_244_255_258_264  2.88e+09  2.41e+09 -13360.24 -29783.47  10568.50    702.35     72.06    245.84   5283.31  -4577.41      0.00 0
103684 5626.0    0_1_2_3_4_5_6_7_8_9_11_13_15_16_17_20_21_28_29_35_40_41_44_45_52_55_62_63_66_67_78_79_88_89_91_102_103_111_116_117_128_129_148_157_158_168_181_182_191_197_200_205_206_214_226_227_231_238_246_250_253_260_261_267_270_275_277_281_287_289_291_295  4.57e+09  3.83e+09   6699.95 -39155.19  11225.86    713.29     74.22    279.71    646.12  -5965.35      0.00 0
103685 5626.0    142_147_153_163_169_174_177_179_186_188_192_210_216  4.07e+10  3.55e+10  18591.96 -18624.44   9324.15    782.16     70.49    314.95   4441.07   4471.36      0.00 0
103686 5626.0    111_129_141_162_168_173_197_199_212_214_220_224_235_238_243_244_255_258_259_264_271_274_279  9.33e+09  7.91e+09 -17780.05  36828.99  11480.02    690.62     74.32    115.77   4949.02  -9785.32      0.00 0
103687 5626.0    0_1_2_3_4_5_6_7_8_9_10_11_12_13_14_15_16_17_18_19_20_21_22_23_24_25_26_27_28_29_30_31_32_33_34_35_36_37_38_39_40_41_42_43_44_45_46_47_48_49_50_51_52_53_54_55_56_57_58_59_60_61_62_63_64_65_66_67_68_69_70_71_72_73_74_75_76_77_78_79_80_81_82_83_84_85_86_87_88_89_90_91_92_93_94_95_96_97_98_99_100_101_102_103_104_105_106_107_108_109_110_111_112_113_114_115_116_117_118_119_120_121_122_123_124_125_126_127_128_129_130_131_132_133_134_135_136_137_138_139_140_141_142_143_144_145_147_148_149_150_151_152_153_155_156_157_158_159_160_161_162_163_165_166_167_168_169_171_172_173_174_175_177_179_180_181_182_183_184_186_189_190_191_192_195_196_197_198_200_201_204_205_206_207_211_213_214_217_219_223_225_226_227_230_231_234_237_238_242_246_249_250_252_253_254_257_260_261_263_266_267_269_273_275_276_277_278_280_283_285_286_287_288_290_292_293_294_295_296_297_298  4.07e+10  3.49e+10 -65273.29 -194292.14  14332.45    736.34     86.00    251.43  -1155.86  -3161.48      0.00 0
103688 5626.0    96_108_112_118_122_126_130_134_138_142_143_147_149_153_155_159_163_165_169_170_174_177_179_180_183_186_188_192_193_194_201_207_208_210_216_221_222_236_239  1.26e+09  1.03e+09 -27667.93  26311.00  11338.70    673.30     73.46    136.44   4077.05   2931.07      0.00 0
103689 5626.0    0_1_2_3_4_5_6_7_8_9_10_11_12_13_14_15_16_17_18_19_20_21_22_23_24_25_26_27_28_29_30_31_32_33_34_35_37_38_40_41_44_45_47_48_49_50_51_52_53_54_55_57_58_59_60_62_63_66_67_69_70_71_72_73_74_75_76_78_79_82_83_85_86_88_89_91_94_95_97_98_99_100_102_103_106_107_110_111_113_114_116_117_120_121_124_125_128_129_131_132_133_134_136_137_140_141_143_145_146_148_151_152_154_157_158_161_162_164_165_167_168_170_172_173_175_176_178_181_182_184_185_187_190_191_193_194_196_197_198_199_200_202_203_205_206_208_209_211_212_213_214_215_217_218_219_220_221_222_223_224_226_227_228_229_230_231_232_233_234_235_236_237_238_239_241_242_243_244_245_246_247_248_249_250_251_252_253_254_255_256_257_258_259_260_261_262_263_264_265_266_267_268_269_270_271_272_273_274_275_276_277_278_279_280_281_282_283_284_285  1.45e+10  1.21e+10 -273440.84   -381.80  12895.15    695.55     87.30    180.08    697.04  -4444.06      0.00 0
103690 5626.0    89_91_102_103_107_110_111_116_117_121_128_129_137_140_141_146_148_152_157_158_162_167_168_173_176_185_199_202_203_218_228_229_233_245_247_248_262  7.59e+09  6.47e+09 -34584.79   -144.87  10738.96    709.13     72.75    180.24   2723.60  -4277.17      0.00 0
103691 5626.0    141_158_162_168_173_182_185_191_197_199_200_203_205_206_212_214_218_220_224_227_233  1.23e+09  1.01e+09  23921.69   9898.91   9829.10    685.98     69.21     22.48   2777.34  -5742.91      0.00 0
103692 5626.0    0_1_2_3_4_5_6_7_8_9_10_12_13_14_17_18_21_22_25_26_27_28_29_30_33_34_35_36_38_39_41_42_43_45_46_49_50_53_54_55_56_59_60_63_64_65_67_68_71_72_75_76_77_79_80_83_84_86_89_90_92_95_96_101_103_104_107_108_111_112_115_117_118_129_130_138_141_142_149_156_158_159_168_169_180_183_192_201_204_207_225  5.13e+10  4.45e+10   4331.79 -43630.07  11322.65    756.97     75.52    275.67    954.22   2661.12      0.00 0
103693 5626.0    128_140_148_157_167_181_182_190_191_200_205_206_214_226_227_231_238_250_253_258_270_274  5.62e+09  4.76e+09 -19317.76  17345.01   9799.87    692.22     69.32    138.08    278.65  -6757.30      0.00 0
103694 5626.0    181_182_190_191_196_197_200_205_206_211_212_213_214_218_219_220_223_224_226_227_230_231_233_234_235_237_238_241_242_243_244_246_248_249_250_251_252_253_254_255_256_257_258_259_260_261_262_263_264_265_266_267_268_269_270_271_272_273_274_275_276_277_278_279_280_281_282_283_284_285_286_287_288_289_290_291_292_293_294_295_296_297_298  3.89e+10  3.33e+10 -171870.00 -13828.33  14630.50    748.66     85.15    184.60   -530.88 -10238.67      0.00 0
103695 5626.0    30_36_42_43_46_54_56_60_61_64_65_68_76_77_80_84_87_90_92_96_100_101_104_105_108_109_112_115_118_119_122_126_127_130_134_135_138_139_142_147_149_150_153_155_156_159_160_163_165_166_169_170_171_174_177_179_180_183_186_188_189_192_194_195_201_204_207_208_210_216_222_225_236_240  4.07e+10  3.52e+10 -86491.18  26228.57  13652.65    776.66     81.41    163.13   -983.99   5180.74      0.00 0
103696 5626.0    0_1_2_3_4_5_6_7_8_9_10_11_12_13_14_15_16_17_18_19_20_21_22_25_26_27_28_29_30_33_34_35_36_38_39_40_41_42_43_44_45_46_49_50_53_54_55_56_59_60_63_64_65_66_67_68_71_72_75_76_77_78_79_80_83_84_86_87_89_90_91_92_95_96_99_100_101_102_103_104_107_108_111_112_114_115_116_117_118_121_122_125_126_127_129_130_133_137_138_141_142_146_148_149_152_153_156_158_159_162_163_168_169_173_174_180_181_182_183_185_189_191_192_197_199_200_201_204_206_207_212_214_218_220_224_225_226_227_231_235_238_243_244_246_250_253_255_258_261_264_267_270_271_274_275_277_279_281_284_287_289_291_295_298  5.25e+09  4.33e+09   9055.89 -85160.14  14269.81    663.55     80.54    276.07   2005.87  -4178.40      0.00 0
103697 5626.0    116_128_136_140_148_151_157_158_161_167_172_181_182_190_191_196_200_206_214  8.91e+09  7.63e+09 -21643.49  10975.62   9495.62    702.57     68.63    153.11   -714.36  -5487.73      0.00 0
103698 5626.0    10_12_18_22_25_26_30_33_34_36_38_42_46_49_50_54_56_59_60_64_68_71_72_75_76_77_80_84_86_90_92_96_104_108_112_115_118_130_142_149_156_159_169_180_183_189_192_201_204_207_225  9.77e+10  8.59e+10 -10234.67  30766.56  10043.17    787.44     72.79    108.40    611.01   4453.16      0.00 0
103699 5626.0    148_181_182_200_205_206_226_227_231_246_249_250_260_261_275_277_287  2.95e+10  2.55e+10   1383.70 -22819.41   9129.99    728.77     68.23    273.47    200.57  -8087.25      0.00 0
