#event_number primary_type du_ids energy_primary em_energy Xmax_pos(x, y, z), Xmax_grams zenith azimuth shower_core_pos_x shower_core_pos_y shower_core_pos_z, N_tested_cores, units are degrees, GeV and meters
106800 5626.0    158_162_168_173_181_182_185_190_191_197_199_200_203_205_206_212_213_214_218_219_220_224_226_227_228_230_231_233_235_237_238_241_242_243_244_245_246_248_249_250_251_252_253_254_257_260_263_266_269_273_278_285  5.89e+08  4.67e+08 -40172.14 -15905.27  11884.75    661.11     74.62    201.60    464.83  -7167.29      0.00 0
106801 5626.0    0_1_2_3_4_5_6_7_8_9_10_11_12_13_14_15_16_17_18_19_20_21_22_23_24_25_26_27_28_29_30_31_32_33_34_35_36_37_38_39_40_41_42_43_44_45_46_47_48_49_50_51_52_53_54_55_56_57_58_59_60_61_62_63_64_65_66_67_68_69_70_71_72_73_74_75_76_77_78_79_80_81_82_83_84_85_86_87_88_89_90_91_92_93_94_95_96_97_98_99_100_101_102_103_104_105_106_107_108_109_110_111_112_113_114_116_117_119_120_121_122_123_124_125_126_128_129_130_131_132_133_134_135_136_137_138_140_141_142_143_144_145_146_147_148_151_152_153_154_155_157_158_161_162_163_164_165_167_168_170_172_173_175_176_177_178_179_181_182_184_185_186_187_188_190_191_193_194_196_197_198_199_200_202_203_205_206_208_209_210_211_212_213_215_216_217_218_219_221_222_223_224_228_229_232_233_234_236_237_239_240_241_242_245_247_248_254_262  3.47e+08  2.66e+08 245397.48  57602.67  14357.56    604.01     86.74     13.21   2323.97  -1046.06      0.00 0
106802 5626.0    254_257_263_266_269_273_276_278_280_283_285_286_288_290_292_293_294_295_296_297_298  5.25e+08  4.15e+08  33134.96 -29161.05  12058.63    647.77     74.72    318.65  -2734.17 -11038.03      0.00 0
106803 5626.0    89_103_107_111_121_125_137_141_146_152_154_162_176_178_185_187_202_203_209_228_229_232_245_247  1.45e+08  1.09e+08  32145.78    280.54  11314.44    587.33     70.61      0.50   5358.43  -3173.40      0.00 0
106804 5626.0    0_1_2_3_4_5_6_7_8_9_10_11_12_13_14_15_16_17_18_19_20_21_22_23_24_25_26_27_28_29_30_31_32_33_34_35_36_37_38_39_40_41_42_43_44_45_46_47_48_50_51_52_54_55_56_57_58_60_61_62_64_65_66_68_69_70_72_73_74_76_77_78_80_81_82_84_85_87_88_90_92_93_94_96_97_98_101_102_104_105_106_108_109_110_112_113_115_118_119_120_122_123_124_127_128_130_131_132_135_136_138_139_140_142_144_145_149_150_151_153_156_159_160_161_163_166_167_169_172_174_175_180_183_184_186_189_192_196_198_201_204_207_211_217_219_223_225_234_254  2.04e+08  1.56e+08  72247.35  97708.02  15243.52    647.49     82.85     53.52  -2126.38    119.75      0.00 0
106805 5626.0    111_117_121_129_137_141_146_148_152_154_157_158_162_164_168_173_176_178_181_182_185_187_190_191_193_196_197_199_200_202_203_205_206_208_209_212_213_214_215_218_219_220_221_224_226_227_228_229_230_231_232_233_234_235_236_237_238_239_241_242_243_244_245_246_247_248_249_250_251_252_253_254_255_256_257_258_259_260_261_262_263_264_265_266_267_268_269_270_271_272_273_274_275_276_277_278_279_280_281_282_283_284_285_286_287_288_289_290_292_293_294_296_297  3.39e+08  2.61e+08  94456.99  64651.83  15293.08    627.57     82.39     34.39  -2332.70 -10070.31      0.00 0
106806 5626.0    28_35_40_41_44_45_55_62_63_66_67_78_79_82_88_89_91_102_103_106_110_120_136_145_151  3.31e+08  2.62e+08 -23218.01  -2473.09   9547.72    672.60     67.76    186.08  -1157.23  -2832.69      0.00 0
106807 5626.0    0_1_2_3_4_5_6_7_8_9_10_11_12_13_14_15_16_17_18_19_20_21_22_23_24_25_26_27_28_29_30_31_32_33_34_35_36_37_38_39_40_41_42_43_44_45_46_47_48_49_50_51_52_53_54_55_56_57_58_59_60_61_62_63_64_65_66_67_68_69_70_71_72_73_74_75_76_77_78_79_80_81_82_83_84_85_86_87_88_89_91_93_94_95_97_98_99_100_103_105_107_109_111_113_114_119_121_123_125_129_131_132_133_135_137_141_143_144_146_150_152_154_160_162_164_173_176_178_185_187_193_199_202_203_209_215_218_224_228_229_232_233_239_241_245_247_248_251_256_262_265_268_282  4.27e+08  3.32e+08  82972.30 -45614.42  14827.13    628.76     81.10    331.20   5691.90  -3529.22      0.00 0
106808 5626.0    116_117_128_129_140_141_148_157_158_161_167_168_172_173_181_182_184_190_191_196_197_198_199_200_205_206_211_212_213_214_217_218_219_220_223_224_226_227_230_231_233_234_235_237_238_241_242_243_244_251_254_255_256_259_265_268_272_282  2.88e+08  2.24e+08  54691.31  -1976.77  12926.84    638.50     76.71    357.93  -1063.08  -6270.71      0.00 0
106809 5626.0    0_1_2_3_4_5_6_7_8_10_11_12_14_15_16_18_19_20_22_23_24_26_27_30_31_32_34_36_37_39_42_43_46_47_48_50_51_52_54_56_57_58_60_61_64_65_68_69_70_73_74_77_80_81_82_84_85_87_90_92_94_96_98_104_108_112_118_122_124_130_132_138_142_153_163_169_174_177_186  4.07e+08  3.19e+08  37271.20  30311.09  12558.43    622.90     75.35     39.12   1515.61   2799.48      0.00 0
106810 5626.0    0_1_2_3_4_5_6_7_8_9_10_11_12_13_14_15_16_17_18_19_20_21_22_23_24_25_26_27_29_30_31_32_33_34_36_37_38_39_41_42_43_46_47_48_49_50_51_53_54_57_59_60_61_63_65_69_70_71_72_73_75_76_81_83_86_93_95_97_99_100_105_114_119_121_123_125_133_143_146_154_164_178_187_193_209_215_232  4.27e+08  3.40e+08  39957.93 -14915.82  12117.30    621.98     74.14    339.53   1897.57   -328.43      0.00 0
106811 5626.0    0_1_2_3_4_5_6_7_8_9_11_12_13_15_16_17_18_20_21_23_24_25_26_28_29_31_32_33_35_37_38_40_41_44_45_47_48_49_52_53_55_57_58_59_62_63_66_67_69_70_71_73_74_75_78_79_82_83_85_86_88_89_91_94_95_97_98_99_102_103_106_107_110_111_113_116_117_120_121_123_124_125_128_129_131_132_133_136_137_140_141_145_146_148_151_152_154_157_158_161_162_164_167_168_172_173_175_176_178_181_182_184_185_187_190_191_197_198_199_202_203_206_209_212_214_215_217_218_220_224_228_229_232_233_235_239_241_244_245_247_248_251_255_256_259_262_265_268_272_282  1.29e+08  9.78e+07 -114131.78  30282.82  15315.09    632.24     82.61    165.14    963.81  -3164.41      0.00 0
106812 5626.0    75_83_95_99_107_114_121_125_133_143_154_164_165_170_193_194_208_216_222_236_240  1.05e+08  7.88e+07 -25338.56 -15369.77  11322.69    548.50     69.09    211.24   5345.64   -317.10      0.00 0
106813 5626.0    121_137_141_146_152_154_162_164_168_173_176_178_185_187_191_193_197_199_202_203_206_209_212_214_215_218_220_224_227_231_233_235_238_241_243_244_246_250_253_255_258_260_261_264_267_270_274_275_276_277_281_284_286_287_288_289_291_293_294_295_296_297_298  1.07e+08  7.85e+07  31761.61  58864.61  14327.07    555.19     77.91     61.65   1118.72 -10480.77      0.00 0
106814 5626.0    0_1_2_3_4_5_6_7_8_9_10_11_12_13_14_15_16_18_19_20_22_23_24_27_28_30_31_32_34_35_36_37_39_40_42_43_44_46_47_48_51_52_54_56_57_58_60_61_62_64_65_66_68_69_70_73_74_77_80_81_82_84_85_87_88_90_92_94_98_101_104_106_108_110_112_115_118_120_124_130_136_138_140_142_145_151_159_161_163_169_174_175_184_192_198_217_223  1.55e+08  1.19e+08 -29200.18 -40621.39  12779.74    613.74     75.67    234.29  -1156.45    242.31      0.00 0
106815 5626.0    0_1_2_3_4_5_6_7_8_9_10_11_12_13_14_15_16_17_18_19_20_21_22_23_24_25_26_27_28_29_30_31_32_33_34_35_36_37_38_39_40_41_42_43_44_45_46_47_48_49_50_51_52_53_54_55_56_57_58_59_60_61_62_63_64_65_66_67_68_69_70_71_72_73_74_75_76_77_78_79_80_81_82_83_84_85_86_87_88_89_90_91_92_93_95_96_97_98_99_100_101_103_104_105_107_108_109_111_112_113_114_115_118_119_121_122_123_125_126_127_129_130_131_133_134_135_137_138_139_141_142_143_144_146_147_149_150_152_153_154_155_156_159_160_162_163_164_165_166_168_169_170_171_173_174_176_177_178_179_180_183_185_186_187_188_189_192_193_194_195_199_201_202_203_204_207_208_209_210_212_215_216_218_221_222_224_225_228_229_232_233_236_239_240_241_244_245_247_248_251_256_259_262_265_268_272_282  2.57e+08  1.98e+08 157562.25 -123677.88  15307.13    623.99     85.63    321.87  -2525.66   4412.44      0.00 0
106816 5626.0    250_261_267_277_281_287_289_291_295  1.26e+08  9.63e+07   6012.29 -20694.44   9839.13    589.96     65.46    286.20   1512.65 -10994.98      0.00 0
106817 5626.0    0_3_4_5_6_8_9_10_12_13_17_18_21_22_25_26_28_29_30_33_34_35_38_41_42_44_45_46_49_50_53_54_55_59_60_63_64_66_67_68_71_72_75_76_78_79_80_83_84_86_89_90_91_95_96_99_100_102_103_104_107_108_111_112_114_116_117_121_122_125_126_128_129_130_133_134_137_138_141_142_143_146_147_148_152_153_154_155_157_158_162_163_164_165_168_169_170_173_174_176_177_178_179_181_182_185_186_187_188_190_191_193_194_197_199_200_202_203_205_206_208_209_210_212_213_214_216_218_220_222_224_226_227_230_231_235_237_238_243_244_246_249_250_252_253_255_258_260_261_264_266_267_269_270_274_275_276_277_280_281_283_284_286_287_288_289_290_291_293_294_295_296_297_298  1.95e+08  1.48e+08  37929.02 117711.44  15645.25    602.31     82.79     72.14   4218.26   2148.90      0.00 0
106818 5626.0    0_1_2_3_4_5_6_7_8_9_10_11_12_13_14_15_16_17_18_19_20_21_22_23_24_25_26_27_28_29_30_31_32_33_34_35_36_37_38_39_40_41_42_43_44_45_46_47_48_49_50_51_52_53_54_55_56_57_58_59_60_61_62_63_64_65_66_67_68_69_70_71_72_73_74_75_76_77_78_79_80_81_82_83_84_85_86_87_88_89_90_91_92_94_95_96_98_99_100_101_102_103_104_106_107_108_110_111_112_114_115_116_117_118_120_121_122_125_126_127_128_129_130_133_134_136_137_138_140_141_142_143_146_147_148_149_151_152_153_154_155_156_157_158_159_161_162_163_164_165_167_168_169_170_172_173_174_176_177_178_179_180_181_182_183_184_185_186_187_188_190_191_192_193_194_196_197_198_199_200_201_202_203_205_206_207_208_209_210_211_212_213_214_215_216_217_218_219_220_221_222_223_224_226_227_228_229_230_231_232_233_234_235_236_237_238_239_240_241_242_243_244_246_249_250_251_252_253_254_255_256_257_258_259_260_261_263_264_266_267_269_270_271_273_274_275_276_277_278_279_280_281_283_284_285_286_287_288_289_290_291_292_293_294_295_296_297_298  6.61e+08  5.16e+08  91220.66 236649.77  14135.30    623.41     86.81     68.92   3527.39   1835.92      0.00 0
106819 5626.0    29_41_45_53_55_63_67_78_79_83_89_91_102_103_116_117_128_148_157_167_181_190_196_213  1.70e+08  1.30e+08  16558.85  21179.12  10812.76    566.76     68.09     51.98   -348.93  -4044.04      0.00 0
106820 5626.0    173_185_191_197_199_202_203_206_209_212_214_218_220_224_226_227_228_229_231_232_233_235_238_239_241_243_244_245_246_247_248_249_250_251_252_253_255_256_258_259_260_261_262_264_265_266_267_268_269_270_271_272_273_274_275_276_277_279_280_281_282_283_284_285_286_287_288_289_290_291_292_293_294_295_296_297_298  6.92e+08  5.43e+08 -142441.27 -100779.41  15204.33    670.41     85.02    215.28   3889.71  -9902.11      0.00 0
106821 5626.0    91_103_111_116_117_129_148_157_158_167_168_181_182_190_191_196_200_205_206_213_219_226_227_230_237_242_246_249_252_257_260_263_266_269_273_278_280_283_285_290_292  3.31e+08  2.61e+08 -29499.54 -37487.22  12345.55    648.30     75.49    231.80  -2968.53  -9375.66      0.00 0
106822 5626.0    145_151_161_172_175_184_196_198_211_217_219_223_234_237_242  1.15e+08  8.69e+07   6853.25 -21842.02  10072.69    587.25     66.25    287.42  -3823.55  -5255.14      0.00 0
106823 5626.0    103_111_129_141_158_168_173_191_197_206_214_220_231_238_243_253_258_270_274_284  2.34e+08  1.85e+08  -6754.29  25672.78  10254.06    635.58     68.88    104.74   2219.00  -6872.82      0.00 0
106824 5626.0    128_136_140_145_148_151_157_161_167_172_175_181_182_184_190_191_196_198_200_205_206_211_213_214_217_219_220_223_226_227_230_231_234_235_237_238_242_243_246_249_250_252_253_254_255_257_258_259_260_261_263_264_266_267_269_270_271_274_275_276_277_279_281_284_287_289_291_295  2.19e+08  1.67e+08 -77012.46  44516.95  14805.88    609.30     80.55    149.97   3724.17 -10205.35      0.00 0
106825 5626.0    220_226_227_230_231_235_238_243_244_246_249_250_252_253_255_256_257_258_259_260_261_263_264_266_267_268_269_270_271_272_273_274_275_276_277_278_279_280_281_282_283_284_285_286_287_288_289_290_291_292_293_294_295_296  7.24e+08  5.70e+08 -74565.37  -8139.90  14335.75    600.86     79.18    186.23   5942.26  -9256.21      0.00 0
106826 5626.0    235_241_243_244_251_255_256_258_259_264_270_271_272_274_279_281_284_289_291_295_298  1.05e+08  8.02e+07  18957.39  33061.31  11433.79    658.34     73.30     60.17   3378.60 -10782.82      0.00 0
106827 5626.0    0_1_4_6_7_10_11_12_14_15_18_19_22_23_24_26_27_30_31_34_36_37_39_42_43_46_47_50_51_54_56_57_60_61_64_65_68_69_70_72_73_76_77_80_81_84_85_87_90_92_93_96_97_100_101_104_105_108_109_112_113_115_118_119_122_123_126_127_130_131_134_135_138_139_142_144_147_149_150_153_155_159_160_163_165_169_174_177_179_186_188_194_210_216_222_240  3.98e+08  3.09e+08  80888.06  13899.10  14265.08    646.82     80.14      9.75   5409.03   3509.76      0.00 0
106828 5626.0    241_244_248_251_255_256_259_262_264_265_268_271_272_274_279_282_284  2.14e+08  1.66e+08 -19635.10 -20205.33  10561.98    622.69     69.45    225.82   5518.64  -7912.24      0.00 0
106829 5626.0    0_1_2_3_4_5_6_7_8_9_10_11_12_13_14_15_16_17_18_19_20_21_22_23_24_25_26_27_28_29_30_31_32_33_34_35_36_37_38_39_40_41_42_43_44_45_46_47_48_49_50_51_52_53_54_55_56_57_58_59_60_61_62_63_64_65_66_67_68_69_70_71_72_73_74_75_76_77_78_79_80_81_82_83_84_85_86_87_89_90_91_92_93_95_96_97_99_100_101_103_104_105_107_108_109_111_112_113_114_115_118_119_121_122_123_125_126_127_129_130_131_133_134_135_137_138_139_141_142_143_144_146_147_149_150_152_153_154_155_156_159_160_162_163_164_165_166_168_169_170_171_173_174_176_177_178_179_180_183_185_186_187_188_189_192_193_194_195_199_201_202_203_204_207_208_209_210_212_215_216_218_221_222_224_225_228_229_232_233_235_236_239_240_241_244_245_247_248_251_256_259_262_265_268_272_282  3.02e+08  2.30e+08 -183961.78 153216.80  14349.41    642.95     86.57    140.21    322.23   3202.33      0.00 0
106830 5626.0    291_298  7.94e+08  6.43e+08  38597.61  25489.12  12005.28    680.66     75.45     33.44   6476.91 -10773.91      0.00 0
106831 5626.0    128_140_148_151_157_161_167_172_175_181_182_184_190_191_196_198_200_205_206_211_213_214_217_219_220_223_226_227_230_231_234_237_238_242_243_246_249_250_252_253_255_257_258_260_261_264_266_267_270_271_274_277_279_281_284_291  6.31e+08  5.02e+08 -52065.86  27509.31  13173.48    641.32     77.39    152.15    261.66  -7761.96      0.00 0
106832 5626.0    62_66_74_82_88_91_94_98_102_106_110_113_116_117_120_124_128_131_132_136_140_145_148_151_157_158_161_167_168_172_175_181_182_184_190_191_196_197_198_200_205_206_211_213_214_217_219_220_223_226_227_230_231_234_237_238_242_243_246_249_250_252_253_254_255_257_258_260_261_263_264_266_267_269_270_271_273_274_275_276_277_278_279_280_281_283_284_285_286_287_288_289_290_291_292_293_294_295_296_297_298  1.55e+08  1.14e+08 -116561.69 115307.14  16191.83    562.96     84.36    135.31  -1926.98  -7295.39      0.00 0
106833 5626.0    40_44_48_52_58_62_66_70_74_78_82_85_88_91_94_98_102_106_110_113_116_117_120_124_128_131_132_136_145_148  2.69e+08  2.07e+08 -31897.18  23740.80  12035.30    597.84     73.16    143.34  -4030.00  -1214.85      0.00 0
106834 5626.0    4_10_12_17_18_21_22_25_26_30_33_34_38_41_42_46_49_50_53_54_59_60_63_64_67_68_71_72_75_76_80_83_84_86_89_90_95_96_99_100_103_104_107_108_111_112_114_118_121_122_125_126_129_130_133_134_137_138_141_142_143_146_147_152_153_154_155_158_159_162_163_164_165_168_169_170_173_174_176_177_178_179_183_185_186_187_188_191_192_193_194_197_199_202_203_207_208_209_210_212_214_215_216_218_220_221_222_224_228_229_231_232_233_235_236_238_239_240_241_243_244_245_247_248_251_253_255_256_258_259_262_264_265_267_268_270_271_272_274_279_281_282_284_291  1.78e+08  1.33e+08  15379.74 -153004.23  15294.61    668.33     84.32    275.74   5537.52  -7987.89      0.00 0
106835 5626.0    0_1_2_3_4_5_6_7_8_9_10_11_12_13_14_15_16_17_18_19_20_21_22_23_24_25_26_27_28_29_30_31_32_33_34_35_36_37_38_39_40_41_42_43_44_45_46_47_48_49_50_51_52_53_54_56_57_58_59_60_61_63_64_65_67_68_69_70_71_72_73_74_75_76_77_80_81_83_84_85_86_87_89_90_93_95_96_97_98_99_100_101_105_107_108_109_113_114_119_121_123_125_126_131_133_134_135_143_144_146_150_152_154_155_164_165_170_176_178_187_188_193_194_202_208_209_215_221_222_229_232_236_239_245_247  4.37e+08  3.43e+08 -74131.75  20670.06  14013.66    652.94     79.68    164.42   4912.78   -797.89      0.00 0
106836 5626.0    20_28_35_40_44_45_52_55_58_62_66_67_74_78_79_82_88_89_91_94_98_102_103_106_110_111_116_117_120_124_128_129_132_136_137_140_141_145_148_151_157_158_161_162_167_168_172_173_175_181_182_184_185_190_191_196_197_198_199_200_205_206_212_214_218_220_224_231_233_235_238_241_243_244_251_255_256_258_259_264_265_268_271_272_282  6.03e+08  4.70e+08 -65012.74  30648.13  14205.49    599.15     78.82    154.76   -235.56  -4408.52      0.00 0
106837 5626.0    237_242_252_257_260_266_269_276_280_286_288  3.80e+08  3.03e+08  13357.97 -17688.06   9868.65    599.31     66.00    307.06  -1781.82  -9740.49      0.00 0
106838 5626.0    75_86_95_99_100_107_111_114_121_125_126_133_134_137_141_143_146_147_152_153_154_155_162_164_165_168_170_173_176_177_178_179_185_186_187_188_191_193_194_197_199_202_203_208_209_210_212_214_215_216_218_220_221_222_224_228_229_231_233_235_238_241_243_244_250_253_255_256_258_259_264_267_270_271_274_277_279_281_284_289_291_295_298  9.33e+08  7.47e+08 -14208.75 -63049.20  13266.72    674.26     78.40    257.30   4286.13  -4117.19      0.00 0
106839 5626.0    21_25_33_38_41_45_49_50_53_55_59_63_67_71_72_75_76_79_83_86_89_91_95_96_99_100_103_107_111_114_116_117_121_122_125_126_129_133_134_137_141_143_146_147_148_152_154_155_157_158_162_164_165_168_170_173_176_177_178_179_181_182_185_187_188_190_191_193_194_197_199_200_202_203_205_206_208_209_210_212_213_214_215_216_218_220_221_222_226_227_230_231_236_237_238_240_246_249_250_252_253_257_260_261_266_269_273_275_276_280_283_285_286_288_290_292_296  1.66e+08  1.23e+08  55309.07  74745.93  15260.07    571.02     80.68     53.50   5847.20    756.75      0.00 0
106840 5626.0    20_32_40_44_48_52_55_58_62_66_70_74_78_82_85_88_91_94_97_98_102_103_106_110_113_116_117_120_124_128_129_131_132_136_140_145_148_151_157_158_167_168_181_182_190_191_197_200_206_214_220_227_231_238_243_253_258  7.59e+08  6.11e+08  29144.82 -31561.83  11833.18    665.47     74.60    312.72  -1498.35  -3398.50      0.00 0
106841 5626.0    212_220_235_243_244_255_259_264_271_279  5.37e+08  4.25e+08 -15227.23  20221.90  10058.28    639.08     68.33    126.98   5460.87  -9012.40      0.00 0
106842 5626.0    0_1_2_3_4_5_6_7_8_9_10_11_12_13_14_15_16_17_18_19_20_21_22_23_24_25_26_27_28_29_30_31_32_33_34_35_36_37_38_39_40_41_42_43_44_45_46_47_48_49_50_51_52_53_54_55_56_57_58_59_60_61_62_63_64_65_66_67_68_69_70_71_72_73_74_75_76_77_78_79_80_81_82_83_84_85_86_87_88_89_90_91_92_93_94_95_96_97_98_99_100_101_102_103_104_105_106_107_108_109_111_113_114_115_117_119_121_123_124_125_126_127_129_131_132_133_134_135_137_139_141_143_144_146_150_152_154_160_162_164_166_168_170_171_173_176_178_185_187_193_195_199_202_203_209_212_215_218_221_224_228_229_232_233_239_241_244_245_247_248_251_256_262_265_268_272_282  4.79e+08  3.70e+08 102903.98 -66775.57  15214.28    653.17     82.93    327.02  -3851.21   2504.54      0.00 0
106843 5626.0    35_40_44_45_55_62_66_67_78_79_82_88_89_91_102_103_106_107_110_111_116_117_129_137_141_152_162_168_173_185_199_218  2.29e+08  1.79e+08 -26927.87   9982.30  10526.56    637.63     69.87    159.66   1335.99  -3650.76      0.00 0
106844 5626.0    158_162_168_173_181_182_185_190_191_197_199_200_205_206_212_213_214_218_219_220_224_226_227_230_231_235_237_238_242_246_249_250_252_257_263_266_269_273_278  1.95e+08  1.51e+08  35563.56  16154.80  11919.72    604.11     73.03     24.43    191.96  -7180.67      0.00 0
106845 5626.0    157_167_190_196_205_213_219_230_237_242_252_257_263_273  7.94e+08  6.49e+08  11552.48  18091.93   9561.65    626.42     65.99     57.44  -2335.95  -7170.63      0.00 0
106846 5626.0    0_1_2_3_4_5_6_7_8_9_10_11_12_13_14_15_16_17_18_19_20_21_22_23_24_25_26_27_28_29_30_31_32_33_34_35_36_37_38_39_40_41_42_43_44_45_46_47_48_49_50_51_52_53_54_55_56_57_58_59_60_61_62_63_64_65_66_67_68_69_70_71_72_73_74_75_76_77_78_79_80_81_82_83_84_85_86_87_88_89_90_91_92_93_94_95_96_97_98_99_100_101_102_103_104_105_106_107_108_109_110_111_112_113_114_115_116_117_118_119_121_122_123_125_126_127_129_130_131_133_134_135_137_138_139_141_142_143_144_146_147_148_149_150_152_153_154_155_156_158_159_160_162_163_164_165_166_168_169_170_171_173_174_176_177_178_179_180_182_183_185_186_187_188_189_191_192_193_194_195_197_199_201_202_203_204_206_207_208_209_210_212_214_215_216_218_220_221_222_224_225_228_229_231_232_233_235_236_238_239_240_241_243_244_245_247_248_251_253_255_256_258_259_262_264_265_268_270_271_272_274_279_282_284  1.15e+08  8.38e+07 149520.86 -228665.97  13840.31    589.51     87.10    303.18   5191.56  -3745.90      0.00 0
106847 5626.0    63_67_79_83_89_91_95_99_102_103_107_111_116_117_121_125_128_129_133_137_140_141_146_148_152_154_157_158_161_162_164_167_168_170_172_173_176_178_181_182_185_187_190_191_193_196_197_198_199_200_202_203_205_206_208_209_211_212_213_214_215_217_218_219_220_221_222_223_224_226_227_228_229_230_231_232_233_234_235_236_237_238_239_241_242_243_244_245_246_247_248_249_250_251_252_253_254_255_256_257_258_259_260_261_262_263_264_265_266_267_268_269_270_271_272_273_274_275_276_277_278_279_280_281_282_283_284_285_286_287_288_289_290_291_292_293_294_295_296_297  2.88e+08  2.16e+08 -170438.92 -85945.60  15492.15    617.29     85.36    206.76   2927.39  -6383.11      0.00 0
106848 5626.0    110_120_128_136_140_148_151_157_161_167_172_181_182_190_196_200_205_206_211_213_219_226_227_230_231_237_246_249_250_252_253_258_260_261_266_267_270_274_275_276_277_281_284_286_287_289_291_295  1.91e+08  1.45e+08  32932.68 -45195.09  13322.26    597.41     76.60    306.08   1653.93 -10400.46      0.00 0
106849 5626.0    173_191_197_206_212_214_220_227_231_238_246_250_253_258_260_261_267_270_275_277_281_286_287_289_293_294_295_297_298  2.88e+08  2.24e+08 -12710.26 -29527.07  11094.04    616.58     70.96    246.71   1271.06  -9384.56      0.00 0
106850 5626.0    1_2_6_7_8_11_14_15_16_19_20_23_24_27_28_31_32_36_37_39_40_43_47_48_51_52_56_57_58_61_62_65_66_69_70_73_74_77_80_81_82_85_87_88_92_93_94_97_98_101_105_106_109_110_113_115_118_119_120_123_124_127_128_131_132_135_136_139_140_144_145_149_150_151_156_159_160_161_166_167_171_172_175_180_183_184_189_195_196_198_201_204_207_211_217_219_223_225_234_237_242_254_257_263_273_278_285  2.63e+08  2.00e+08 -21917.04 -89839.20  15076.91    590.35     80.74    256.29  -2877.53   1519.87      0.00 0
106851 5626.0    111_129_141_162_168_173_191_197_199_212_214_220_224_235_238_243_244_255_258_259_264_271_274_279  1.62e+08  1.23e+08  20052.13 -33280.19  12124.10    575.47     72.67    301.07   4596.89  -8497.29      0.00 0
106852 5626.0    42_46_54_56_60_64_68_76_77_80_84_90_92_96_100_101_104_108_112_115_118_122_126_127  5.50e+08  4.40e+08  22324.48 -12533.04   9981.78    656.37     68.70    330.69   1188.75   2856.14      0.00 0
106853 5626.0    0_1_2_3_4_5_6_8_9_10_11_12_13_16_17_18_20_21_23_24_25_26_28_29_32_33_34_35_37_38_40_41_44_45_48_49_50_52_53_55_58_59_60_62_63_66_67_70_71_72_74_75_76_78_79_82_83_86_88_94_98_100_102_106_110_120_124_136_140_145_151_161_175_184_217  1.15e+08  8.66e+07  41238.63  19643.32  12376.22    621.94     74.84     25.47  -2909.42  -2437.90      0.00 0
106854 5626.0    0_1_2_3_4_5_6_7_9_10_11_12_14_15_17_18_19_21_22_25_26_27_30_31_33_34_36_38_42_49_50_53_54_59_60_71_72_75_76_83_84_86_95_99_100_114_125_133_134_143_146_154_164_165_170_178_187_193_194_208_209_215_221_232_236_239  4.07e+08  3.16e+08  43884.93 -11031.28  12311.16    625.91     74.78    345.89   5811.93   -849.93      0.00 0
106855 5626.0    71_72_75_86_95_99_100_107_114_121_125_133_137_141_146_152_154_162_173_176_185_197_199_203_212_218_220_224_235_241_243_244_255_259_264_271_274_279  3.63e+08  2.85e+08   4609.90 -36905.51  11399.23    650.14     72.96    277.12   4019.96  -4820.79      0.00 0
106856 5626.0    0_1_2_3_4_5_6_7_8_9_10_11_12_13_14_15_16_17_18_19_20_21_22_23_24_25_26_27_28_29_30_31_32_33_34_35_36_37_38_39_40_41_42_43_44_45_46_48_49_50_51_52_53_54_55_56_58_59_60_62_63_64_65_66_67_68_71_72_75_76_77_78_79_80_82_83_84_86_88_89_90_91_92_95_96_99_100_102_103_104_106_107_108_110_111_112_115_116_117_118_122_126_128_129_130_136_137_138_140_141_142_148_149_153_157_158_159_163_167_168_169_172_174_181_182_183_190_191_192_196_197_200_205_206_207_211_213_214_219_226_227_230_231_237_242_246_249_250_252_257_260_261_263_266_267_269_273_275_276_277_278_280_283_285_286_287_288_290_292_293_294_295_296_297_298  9.33e+08  7.42e+08 -21249.10 -86903.59  14473.94    653.55     80.81    256.26   -847.60  -7290.84      0.00 0
106857 5626.0    3_4_6_10_12_14_17_18_22_25_26_27_30_33_34_36_38_42_43_46_49_50_53_54_56_59_60_64_68_71_72_75_76_77_80_83_84_86_90_92_95  1.07e+08  8.13e+07 -12278.77  21004.17  10162.45    604.40     67.33    120.31   1223.42    873.20      0.00 0
106858 5626.0    0_1_2_3_4_5_6_7_8_9_10_11_12_13_14_15_16_17_18_19_20_21_22_23_24_25_26_27_28_29_30_31_32_33_34_35_36_37_38_39_40_41_42_43_44_45_46_47_48_49_50_51_52_53_54_56_57_58_59_60_61_62_63_64_65_67_68_69_70_71_72_73_74_75_76_77_80_81_82_83_84_85_86_87_90_92_93_94_95_96_97_98_99_100_101_104_105_107_108_109_112_113_114_115_118_119_121_122_123_125_126_127_130_131_132_133_134_135_138_139_142_143_144_146_147_149_150_153_154_155_156_159_160_163_164_165_166_169_170_171_174_177_178_179_180_183_186_187_188_189_192_193_194_195_201_204_207_208_209_210_215_216_221_222_229_232_236_239_240_247  3.31e+08  2.52e+08 -187216.73  32102.44  15750.17    589.84     85.26    170.27   1875.69   2197.61      0.00 0
106859 5626.0    214_220_224_226_227_230_231_235_238_241_243_244_246_249_250_251_252_253_255_256_257_258_259_260_261_262_263_264_265_266_267_268_269_270_271_272_273_274_275_276_277_278_279_280_281_282_283_284_285_286_287_288_289_290_291_292_293_294_295_296_297_298  6.31e+08  4.99e+08 167016.17  44751.87  15157.90    677.64     84.99     15.00   5205.47 -10616.80      0.00 0
106860 5626.0    11_16_20_23_24_28_31_32_37_40_44_47_48_52_55_57_58_62_66_69_70_73_74_78_81_82_85_88_91_93_94_97_98_102_105_106_110_113_116_117_119_120_123_124_128_131_132_135_136_140_144_145_148_150_151_157_158_160_167_181_182_190_200_205_206_226_227_231_250  3.89e+08  3.05e+08 -26070.82  47071.74  12878.73    636.58     76.54    118.98  -3510.79    -29.57      0.00 0
106861 5626.0    0_1_2_3_4_5_6_7_8_9_10_11_12_13_15_16_17_18_20_21_23_24_25_26_28_29_32_33_34_35_37_38_40_41_44_45_47_48_49_50_52_53_55_58_59_62_63_66_67_69_70_71_72_74_75_76_78_79_82_83_85_86_88_89_91_94_95_98_99_100_102_103_106_107_111_113_114_120_121_124_125_132_133_134_137_143_145_146_152_154_164_165_170_176_178_187_193_194_208_209_215_221_222_232_236_239  4.47e+08  3.47e+08  60993.11   1373.48  13659.40    595.15     77.38      1.29   3178.19  -1200.89      0.00 0
106862 5626.0    176_178_185_187_199_202_203_209_215_218_221_228_229_232_239  2.29e+08  1.79e+08 -18141.16 -17789.96  10467.38    584.59     67.61    224.44   5969.27  -3289.20      0.00 0
106863 5626.0    91_102_110_116_117_128_129_136_140_148_151_157_158_161_167_168_172_175_181_184_190_196_198_211_217_223  1.32e+08  1.00e+08 -39406.41  -2306.66  12287.18    562.88     72.71    183.35  -3649.37  -4900.63      0.00 0
106864 5626.0    64_68_80_84_90_92_96_100_101_104_108_112_115_118_122_126_127_130_134_138_139_142_147_149_153_155_156_159_163_165_166_169_170_171_174_177_179_180_183_186_188_189_192_194_195_201_204_207_208_210_216_221_222_225_236_240  7.76e+08  6.16e+08 -91752.46  46931.90  14594.05    688.12     81.94    152.91   3418.84   4747.46      0.00 0
106865 5626.0    14_19_22_27_30_34_36_39_42_43_46_51_54_56_60_61_64_65_68_76_77_80_81_84_87_90_92_93_96_100_101_104_105_108_109_112_115_118_119_122_126_127_130_135_138_139_142_144_147_150_153_155_160_177_179_188_210  5.13e+08  4.04e+08 -40777.87   4163.64  12009.58    616.33     73.67    174.17    386.76   2799.24      0.00 0
106866 5626.0    0_1_2_3_4_5_6_7_8_9_11_13_15_16_17_19_20_21_23_24_27_28_29_31_32_35_37_39_40_41_44_45_47_48_51_52_53_55_57_58_61_62_63_66_67_69_70_73_74_78_79_81_82_83_85_87_88_89_91_93_94_97_98_102_103_105_106_107_110_111_113_116_117_119_120_123_124_128_129_131_132_135_136_137_140_141_144_145_148_150_151_157_158_160_161_162_167_168_172_173_175_181_182_184_190_191_196_197_198_199_200_205_206_211_212_213_214_219_220_224_226_227_230_231_235_237_238_243_244_246_249_250_252_253_255_256_258_259_260_261_264_267_270_271_272_274_275_277_279_281_284_287_289_291_295  1.05e+08  7.63e+07  81603.62 -101639.69  15750.37    599.12     83.11    308.76  -1357.18  -3475.11      0.00 0
106867 5626.0    49_59_71_75_83_86_95_99_100_114_125_133_134_143_155_164_165_170_188_193_194_208_210_216_222_236_240  3.16e+08  2.49e+08  30273.26  16096.58  11412.28    606.18     71.59     28.00   6368.26    851.17      0.00 0
106868 5626.0    62_66_78_82_88_91_94_102_106_110_116_120_124_128_132_136_140_145_151_175  1.58e+08  1.22e+08  28615.16  -9391.59  10997.39    596.98     69.94    341.83  -3348.13  -2599.05      0.00 0
106869 5626.0    0_1_2_3_4_5_6_7_8_9_11_12_13_15_16_17_20_21_23_24_25_26_28_29_31_32_33_35_37_38_40_41_44_45_47_48_49_52_53_55_57_58_59_62_63_66_67_69_70_71_73_74_75_78_79_82_83_85_88_89_91_94_95_97_98_99_102_103_106_107_110_111_113_116_117_120_121_123_124_125_128_129_131_132_133_136_137_140_141_145_146_148_151_152_154_157_158_162_168_173_176_178_185_187_191_197_199_202_203_209_212_215_218_224_228_229_232_233_235_241_244_245_247_248_251_256_259_262_265_268_272_282  6.03e+08  4.78e+08  86902.27 -33202.14  14634.49    647.11     81.06    339.09   5764.53  -4558.48      0.00 0
106870 5626.0    0_1_2_3_4_5_6_7_8_9_10_11_12_13_14_15_16_17_18_19_20_21_22_23_24_25_26_27_28_29_30_31_32_33_34_35_36_37_38_39_40_41_42_43_44_45_46_47_48_49_50_51_52_53_54_55_56_57_58_59_60_61_62_63_64_65_66_67_68_69_70_71_72_73_74_76_77_78_79_80_81_82_83_84_85_87_88_89_90_91_92_93_94_97_98_101_102_103_104_105_106_108_109_110_112_113_115_116_117_118_119_120_123_124_127_128_129_130_131_132_135_136_138_139_140_142_144_145_148_149_150_151_156_157_158_159_160_161_166_167_169_171_172_174_175_180_181_182_183_184_189_190_192_195_196_198_200_201_204_205_206_207_211_213_217_219_223_225_226_227_230_234_237_242_246_249_252_254_257_260_261_263_266_269_273_275_276_278_280_283_285_286_288_290_292_293_294_296_297  7.94e+08  6.24e+08  25511.86 131984.92  15625.18    618.12     83.37     79.06  -2054.65  -3564.74      0.00 0
106871 5626.0    4_6_7_10_12_14_18_19_22_25_26_27_30_34_36_38_39_42_43_46_49_50_51_54_56_60_61_64_65_68_71_72_76_77_80_81_84_86_87_90_92_101_105_109_115_127_135_139_160_166_171  2.34e+08  1.81e+08  25911.58 -20826.01  11498.61    579.88     70.92    321.21   -721.40   2622.39      0.00 0
106872 5626.0    39_43_51_56_57_61_65_77_80_81_87_92_93_101_104_105_109_112_115_118_119_123_127_130_142_149_159_163_169_174_183_192  4.27e+08  3.37e+08  31256.52  19071.57  11579.96    616.85     72.45     31.39    739.51   4206.79      0.00 0
106873 5626.0    0_1_2_3_4_5_6_7_8_9_10_11_12_13_14_15_16_17_18_19_20_21_22_23_24_25_26_27_28_29_30_31_32_33_34_35_36_37_38_39_40_41_42_43_44_45_46_47_48_49_50_51_52_53_54_55_56_57_58_59_60_61_62_63_64_65_66_67_68_69_70_71_72_73_74_75_76_77_78_79_80_81_82_83_84_85_86_87_88_89_90_91_92_93_94_95_96_97_98_99_100_101_102_103_104_105_106_107_108_109_110_111_112_113_114_115_116_117_118_119_121_122_123_125_126_127_128_129_130_131_133_134_135_137_138_139_141_142_143_144_146_147_148_149_150_152_153_154_155_156_157_158_159_160_162_163_164_165_166_167_168_169_170_171_173_174_176_177_178_179_180_181_182_183_185_186_187_188_189_190_191_192_193_194_195_197_199_200_201_202_203_204_205_206_207_208_209_210_212_214_215_216_218_220_221_222_224_225_226_227_228_229_231_232_233_235_236_238_239_240_241_243_244_245_246_247_248_250_251_253_255_256_258_259_261_262_264_265_267_268_270_271_272_274_277_279_281_282_284_289_291  1.51e+08  1.12e+08 136830.86 -256908.58  13370.38    572.91     87.37    298.04   3033.04  -1694.66      0.00 0
106874 5626.0    9_13_21_28_29_33_35_40_41_44_45_49_53_55_59_62_63_66_67_75_78_79_82_83_88_89_91_95_99_102_103_106_107_110_111_117_121_125_129_133_136_137_141_146_152_154_162_164_170_176_178_185_187_193_202_203_208_209_215_221_228_229_232_236_239_247  2.04e+08  1.55e+08 -52668.34  -5006.45  12926.38    621.86     76.27    185.43   6042.44  -2131.30      0.00 0
106875 5626.0    122_126_134_138_142_143_147_153_155_163_164_165_169_170_174_177_179_186_187_188_192_193_194_207_208_209_210_215_216_221_222_232_236_239_240_247  5.01e+08  3.91e+08 -45759.32  70141.12  14330.32    646.47     80.29    123.12   5693.63   3754.96      0.00 0
106876 5626.0    37_47_48_57_58_69_70_73_74_81_82_85_93_94_97_98_105_106_109_113_119_120_123_124_131_132_135_136_139_140_144_145_150_151_160_161_166_171_172_175_184_195_198_211_217_219_223_234_242_254_263_278  4.47e+08  3.48e+08   5046.56  51935.41  12816.64    629.62     76.20     84.45  -4176.43  -1520.52      0.00 0
106877 5626.0    0_1_2_4_6_7_10_11_14_15_16_18_19_22_23_24_27_30_31_32_34_36_37_39_42_43_46_47_48_51_54_56_57_58_60_61_64_65_68_69_70_73_74_77_80_81_82_84_85_87_90_92_93_94_97_98_101_104_105_108_109_112_113_115_118_119_120_122_123_124_127_130_131_132_135_138_139_142_144_145_149_150_153_156_159_160_163_166_169_171_174_175_177_180_183_186_189_192_195_201_204_207_225  9.33e+08  7.31e+08 -105841.80 -80922.16  15439.09    639.41     83.39    217.40    781.39   5159.15      0.00 0
106878 5626.0    0_1_2_3_4_5_6_7_8_9_10_11_12_13_14_15_16_17_18_19_20_21_22_23_24_25_26_27_28_29_30_31_32_33_34_35_36_37_38_39_40_42_43_44_46_47_48_49_50_51_52_54_56_57_58_60_61_62_64_65_66_68_69_70_71_72_73_74_76_77_80_81_82_84_85_86_87_88_90_92_93_94_96_97_98_100_101_104_105_106_108_109_112_113_115_118_119_120_122_123_124_126_127_130_131_132_135_136_138_139_142_144_145_147_149_150_151_153_155_156_159_161_163_169_174_175_177_179_180_183_184_186_192_207_210_217  1.86e+08  1.39e+08 -93792.84 -65772.09  15508.92    601.86     82.29    215.04   1451.21   3199.86      0.00 0
106879 5626.0    173_176_185_191_197_199_200_202_203_206_209_212_214_218_220_224_226_227_228_229_231_232_233_235_238_239_241_243_244_245_246_247_248_249_250_251_252_253_255_256_258_259_260_261_262_264_265_266_267_268_269_270_271_272_274_275_276_277_279_280_281_282_283_284_285_286_287_288_289_290_291_292_293_294_295_296_297_298  9.77e+08  7.70e+08  74859.70  55514.68  14544.42    659.58     81.13     36.56   2352.74  -9165.18      0.00 0
106880 5626.0    0_1_2_3_4_5_6_8_9_10_12_13_14_17_18_20_21_22_25_26_28_29_30_33_34_35_38_40_41_42_44_45_46_49_50_53_54_55_59_60_63_64_66_67_68_71_72_75_76_78_79_80_83_84_86_88_89_90_91_95_96_99_100_102_103_104_107_108_111_112_116_117_122_126_128_129_130_137_138_141_142_148_153_157_158_163_167_168_169_174_181_182_190_191_196_200_205_206_213_214_226_227_230_231_237_246_249_250_252_257_260_261_266_269_275_276_280_283_286_287_288_290_292_293_294_296_297  2.51e+08  1.92e+08 -17335.26 -59902.41  13448.61    632.16     77.83    253.86    176.80  -5040.82      0.00 0
106881 5626.0    103_107_111_117_121_129_137_141_148_158_162_168_173_181_182_191_197_200_205_206_213_214_226_227_230_231_237_246_249_250_252_257_260_261_266_269_273_275_276_280_283_285_286_288_290_292_294_296  9.33e+08  7.42e+08 -27258.60 -41862.50  12724.08    620.35     75.71    236.93  -1330.79  -9576.31      0.00 0
106882 5626.0    10_12_14_18_22_25_26_27_30_34_36_38_39_42_43_46_49_50_54_56_60_64_65_68_71_72_75_76_77_80_84_86_87_90_92_95_96_99_100_101_104_108_109_112_114_115_118_122_125_126_127_130_133_134_135_138_139_142_143_146_147_149_153_154_155_156_159_160_163_164_165_166_169_170_171_174_177_178_179_180_183_186_187_188_189_192_193_194_195_201_202_204_207_208_209_210_215_216_221_222_225_228_229_232_236_239_240_245_247_262  1.02e+08  7.40e+07 103207.77 -83218.70  15949.92    579.02     83.14    321.12   6394.72    464.63      0.00 0
106883 5626.0    19_27_31_39_43_47_51_57_61_65_77_81_87_92_101_109_115_127_149_156_180  8.91e+08  7.30e+08   4360.60  19653.19   8996.66    678.29     65.92     77.49  -1127.92   3164.76      0.00 0
106884 5626.0    219_226_227_230_237_242_246_249_250_252_253_257_260_261_266_267_270_274_275_277_281_284  3.39e+08  2.66e+08 -26667.97  10774.56  10799.59    600.61     69.42    158.00    134.49  -9006.81      0.00 0
106885 5626.0    206_214_220_226_227_230_231_238_243_246_249_250_252_253_258_260_261_266  1.20e+08  9.02e+07 -24460.60  -4914.35  10564.70    563.73     67.05    191.36    670.09  -8237.32      0.00 0
106886 5626.0    67_79_89_91_95_102_103_107_111_116_117_121_125_128_129_137_141_146_148_152_154_157_158_162_167_168_172_181_182_190_196_200_205_211_213_219_234_237_242_254  7.41e+08  5.91e+08  31861.51  20620.03  11769.83    609.51     72.77     32.91    255.17  -4750.77      0.00 0
106887 5626.0    1_2_5_8_11_13_15_16_19_20_23_24_28_31_32_35_37_40_44_47_48_51_52_55_57_58_69_70_73_81_85_93_97_119  2.88e+08  2.28e+08 -13838.40  17064.63   9676.41    621.66     66.23    129.04  -1677.97    146.20      0.00 0
106888 5626.0    0_3_4_5_6_9_10_12_13_14_17_18_21_22_25_26_29_30_33_34_36_38_41_42_43_45_46_49_50_53_54_56_59_60_63_64_67_68_71_72_75_76_77_79_80_83_84_86_89_90_92_95_103_104_107_108_111_112_118_121_129_130_137_141_159_162_168_173_197  2.63e+08  2.05e+08  -7118.19  35429.92  11338.78    643.39     72.58    101.36   1544.24   -407.81      0.00 0
106889 5626.0    0_1_2_3_4_5_6_7_8_9_10_11_12_13_14_15_16_17_18_19_20_21_22_23_24_25_26_27_28_29_30_31_32_33_34_35_36_37_38_39_40_41_42_43_44_45_46_47_48_49_50_51_52_53_54_55_56_57_58_59_60_61_62_63_65_66_67_69_70_71_72_73_74_75_77_78_79_80_81_82_83_85_86_87_88_89_91_93_94_95_97_98_99_101_102_103_105_106_107_109_110_111_113_116_117_119_120_121_123_124_125_127_128_129_131_132_135_136_137_139_140_141_144_145_146_148_150_151_152_154_157_158_160_161_162_167_168_171_172_173_175_176_178_181_182_184_185_190_191_196_197_198_199_200_202_203_205_206_211_212_213_214_217_218_219_220_223_224_226_227_228_230_231_233_234_235_237_238_241_242_243_244_245_246_248_249_250_251_252_253_254_255_256_257_258_259_260_261_262_263_264_265_266_267_268_269_270_271_272_273_274_275_276_277_278_279_280_281_282_283_284_285_286_287_288_289_290_291_292_293_294_295_296_297_298  2.00e+08  1.47e+08 227693.48 -221654.36  12207.33    581.48     87.80    315.77   1915.05  -7645.43      0.00 0
106890 5626.0    0_1_2_3_4_5_6_7_8_9_10_11_12_13_14_15_16_17_18_19_20_21_22_23_24_25_26_27_28_29_30_31_32_33_34_35_36_37_38_39_40_41_42_43_44_45_46_47_48_49_50_51_52_53_54_55_56_57_58_59_60_61_62_63_64_65_66_67_68_69_70_71_72_73_74_75_76_77_78_79_80_81_82_83_84_85_86_87_88_89_90_91_92_94_95_96_99_100_101_102_103_104_105_106_107_108_109_110_111_112_114_115_116_117_118_121_122_125_126_127_128_129_130_133_134_136_137_138_139_140_141_142_143_146_147_148_149_152_153_154_155_156_157_158_159_162_163_164_165_166_167_168_169_170_172_173_174_176_177_178_179_180_181_182_183_185_186_187_188_189_190_191_192_193_194_195_196_197_199_200_201_202_203_204_205_206_207_208_209_210_212_213_214_215_216_218_219_220_221_222_224_225_226_227_228_229_230_231_232_233_235_236_237_238_239_240_241_243_244_245_246_247_248_249_250_251_252_253_255_256_257_258_259_260_261_262_264_265_266_267_268_269_270_271_272_274_275_276_277_279_280_281_282_283_284_286_287_288_289_290_291_293_294_295_296_297_298  1.55e+08  1.15e+08   9173.16 266688.53  13938.12    601.10     87.01     88.03   2804.11   -177.70      0.00 0
106891 5626.0    1_2_6_7_10_11_14_15_16_19_22_23_24_27_30_31_32_36_37_39_42_43_46_47_48_51_56_57_58_61_64_65_68_69_70_73_74_77_80_81_82_85_87_90_92_93_94_97_98_101_104_105_108_109_112_113_115_118_119_120_123_124_127_130_131_132_135_138_139_142_144_145_149_150_151_156_159_160_163_166_169_171_174_175_180_183_189_192_195_201_204_207_225  3.98e+08  3.07e+08  89598.71  85832.08  15146.81    664.14     83.04     43.77  -3073.41   2386.28      0.00 0
106892 5626.0    1_4_6_7_10_14_15_18_19_22_27_30_31_36_39_43_46_51_56_57_61_65_73_77_81_87_93_105_109_119_123_135_139_144_150_160  5.62e+08  4.46e+08 -26099.99  15300.53  10790.88    627.34     70.37    149.62  -2736.38   2678.45      0.00 0
106893 5626.0    62_66_78_88_102_106_110_128_136_140_161_167_172_184_198_211_217_223_234  2.63e+08  2.04e+08  18559.56  19065.23  10480.83    605.09     68.50     45.77  -3298.64  -4841.81      0.00 0
106894 5626.0    0_1_2_3_4_5_6_7_8_9_10_11_12_13_14_15_16_17_18_19_20_21_22_23_24_25_26_27_28_29_30_31_32_33_34_35_36_37_38_39_40_41_42_43_44_45_46_47_48_49_50_51_52_53_54_55_56_57_58_59_60_61_62_64_65_66_68_69_70_71_72_73_74_75_76_77_78_80_81_82_84_85_86_88_90_94_96_97_98_100_104_106_108_112_113_114_120_122_124_126_132_134_136_138_142_145_147_151_153_155_163_165_175_177_179_186_188_210_216  4.68e+08  3.67e+08 -61014.60 -35568.39  13702.53    656.34     79.02    210.24   4185.14   2763.59      0.00 0
106895 5626.0    176_178_185_202_203_218_228_233_241_244_248_251_256_259_265_268_272  1.45e+08  1.12e+08   5710.27 -26145.83  10466.42    609.93     68.64    282.32   6122.57  -5997.78      0.00 0
106896 5626.0    29_35_41_44_45_53_55_59_63_66_67_75_78_79_83_88_89_91_95_99_102_103_107_110_111_116_117_121_125_128_129_133_136_137_140_141_143_146_148_151_152_154_157_158_161_162_164_167_168_170_172_173_176_178_181_182_184_185_187_190_191_193_196_197_198_199_200_202_203_205_206_208_209_211_213_215_217_219_221_222_223_228_229_230_232_234_236_237_239_242_247_254_263  4.90e+08  3.84e+08 -63238.92 -27300.43  13626.14    655.11     78.81    203.35    260.02  -4377.78      0.00 0
106897 5626.0    41_45_55_63_67_78_79_83_89_91_95_102_103_107_111_117_121_125_129_137_141_146_152_154_162_176_178_185_187_202_203_209_215_229_232_239_247  2.29e+08  1.78e+08  34887.44   3390.01  11341.68    626.98     72.07      5.55   4343.86  -2795.51      0.00 0
106898 5626.0    0_2_3_4_5_8_9_12_13_16_17_18_20_21_25_26_28_29_32_33_34_35_38_40_41_44_45_49_50_52_53_55_58_59_62_63_66_67_71_72_75_76_78_79_82_83_86_88_89_91_95_99_100_102_103_106_107_110_114_116_120_126_128_134_136_140_143_151_155_161_167_172_184_198_211_217_223  7.41e+08  5.92e+08 -35215.61 -24266.42  12013.15    637.59     74.31    214.57   -580.75  -2552.88      0.00 0
106899 5626.0    0_1_2_3_4_5_6_7_8_9_10_11_12_13_14_15_16_17_18_19_20_21_22_23_24_25_26_27_28_29_30_31_32_33_34_35_36_37_38_39_40_41_42_43_44_45_46_47_48_49_50_51_52_53_54_55_56_57_58_59_60_61_62_63_64_65_66_67_68_69_70_71_72_73_74_75_76_77_78_79_80_81_82_83_84_85_86_87_88_89_90_91_92_93_94_95_96_97_98_99_100_101_102_103_104_105_106_107_108_109_110_111_112_113_114_115_116_117_118_119_120_121_122_123_124_125_126_127_128_129_130_131_132_133_134_135_136_137_138_139_140_141_142_143_144_145_146_147_148_149_150_151_152_153_154_155_156_157_158_159_160_161_162_163_164_165_166_167_168_169_170_171_172_173_174_175_176_177_178_179_180_181_182_183_184_185_186_187_188_189_190_191_192_193_194_195_196_197_198_199_200_201_202_203_204_205_206_207_208_209_210_211_212_213_214_215_216_217_218_219_220_221_222_223_224_225_226_227_228_229_230_231_232_233_234_235_236_237_238_239_240_241_242_243_244_245_246_247_248_249_250_251_252_253_254_255_256_257_258_259_260_261_262_263_264_265_266_267_268_269_270_271_272_273_274_275_276_277_278_279_280_281_282_283_284_285_286_287_288_289_290_291_292_293_294_295_296_297_298  1.23e+08  9.12e+07 251601.03 192293.91  11501.09    662.43     87.92     37.39   6319.23   2342.82      0.00 0
