#event_number primary_type du_ids energy_primary em_energy Xmax_pos(x, y, z), Xmax_grams zenith azimuth shower_core_pos_x shower_core_pos_y shower_core_pos_z, N_tested_cores, units are degrees, GeV and meters
104200 5626.0    140_151_161_167_172_175_181_184_190_196_198_200_205_211_213_217_219_226_227_230_237_246_249  1.07e+10  9.15e+09 -19263.87  18351.14   9741.55    715.95     69.89    136.39  -2457.42  -5886.17      0.00 0
104201 5626.0    58_62_74_82_85_88_94_98_102_106_110_113_116_120_124_128_131_132_136_140_145_148_151_157_161_167_172_175_181_182_184_190_196_198_200_205_206_211_213_219_226_227_230_231_237_246_249_250_252_253_260_261_266_267_270_275_276_277_281_284_286_287_289_291_295  4.47e+10  3.86e+10 -27857.81  44842.62  12139.31    734.65     77.05    121.85   -711.90  -6887.42      0.00 0
104202 5626.0    24_32_37_47_48_52_57_58_62_69_70_73_74_82_85_88_93_94_97_98_106_110_113_119_120_123_124_136_140  8.71e+09  7.36e+09   4662.71 -23700.34   9349.58    724.16     68.84    281.13  -2777.17   -791.09      0.00 0
104203 5626.0    30_42_46_64_68_80_90_104_112_118_130_142_159_169_174_192  2.69e+10  2.34e+10  -6888.74 -20410.53   9033.18    710.27     67.25    251.35   1690.19   4389.53      0.00 0
104204 5626.0    9_17_21_25_29_33_35_41_45_53_55_59_63_67_79_83_89_91_103_111_116_117_129_141_148_158_168_181_182_191_197_200_206_214_226_227_231_238_246_250_253_260_261_267_270_275_277_281_287_289_293_295_298  1.32e+09  1.08e+09    597.14  38011.55  11260.92    682.54     73.50     89.10   1002.42  -6506.46      0.00 0
104205 5626.0    8_13_20_21_28_29_32_35_40_41_44_45_52_53_55_58_59_62_63_66_67_74_78_79_82_83_88_89_91_94_95_98_102_103_106_107_110_111_116_117_120_121_124_125_128_129_132_136_137_140_141_145_146_148_151_152_154_157_158_161_162_167_168_172_173_175_176_178_181_182_184_185_187_190_191_196_197_198_199_200_202_203_205_206_209_211_212_213_214_215_217_218_219_220_223_224_226_227_228_229_230_231_232_233_234_235_237_238_239_241_242_243_244_245_246_247_248_249_250_251_252_253_254_255_256_257_258_259_260_261_262_263_264_265_266_267_268_269_270_271_272_273_274_275_276_277_278_279_280_281_282_283_284_285_286_287_288_289_290_291_292_293_294_295_296_298  4.47e+09  3.67e+09 -273572.62  22780.21  12849.97    696.59     87.32    175.24  -2686.07  -6697.79      0.00 0
104206 5626.0    0_1_2_3_4_5_6_7_8_9_10_11_12_14_15_16_17_18_19_21_23_24_25_26_27_31_33_37_39_47_49_51_57_61_69_73_81_93_97_119_123  2.95e+09  2.48e+09 -18375.28   9033.79   8657.76    745.13     67.08    153.82  -1021.14    703.81      0.00 0
104207 5626.0    114_125_126_133_134_143_146_147_154_155_164_165_170_176_178_179_185_187_188_193_202_203  6.03e+10  5.28e+10    765.62 -23832.34   9105.38    758.89     69.10    271.84   5086.67   -906.21      0.00 0
104208 5626.0    0_1_2_3_4_5_6_7_8_9_10_11_12_13_14_15_16_17_18_19_20_21_22_23_24_25_26_27_28_29_30_31_32_33_34_35_36_37_38_39_40_41_42_43_44_45_46_47_48_49_50_51_52_53_54_55_56_57_58_59_60_61_62_63_64_65_66_67_68_69_70_71_72_73_74_75_76_77_78_79_80_81_82_83_84_85_86_87_88_89_90_91_92_93_94_95_96_97_98_99_101_102_103_104_105_106_107_108_109_110_111_112_113_115_116_117_118_119_120_121_123_127_128_129_130_135_136_137_138_139_140_141_142_148_149_150_156_157_158_159_160_161_162_166_167_168_169_171_172_173_180_181_182_183_189_190_191_192_195_196_197_199_200_201_204_205_206_207_211_212_213_214_219_220_225_226_227_230_231_235_237_238_243_246_249_250_252_253_257_258_260_261_264_266_267_269_270_274_275_276_277_280_281_283_284_286_287_288_289_290_291_293_294_295_296_297_298  1.78e+10  1.51e+10  12164.54 -122304.96  14612.43    735.12     83.22    275.68    306.16  -5749.24      0.00 0
104209 5626.0    2_5_8_9_11_13_16_20_21_23_24_28_29_32_35_37_40_41_44_45_47_48_52_53_55_58_62_63_66_67_69_70_73_74_78_79_82_83_85_88_89_91_94_97_98_102_103_106_107_110_111_113_116_117_120_121_123_124_128_129_131_132_136_137_140_141_145_148_151_152_157_158_161_162_167_168_172_173_175_176_181_182_184_185_190_191_196_197_198_199_200_203_205_206_211_212_213_214_217_218_219_220_223_224_226_227_228_230_231_233_234_235_237_238_241_242_243_244_246_248_249_250_251_252_253_254_255_256_257_258_259_260_261_262_263_264_265_266_267_268_269_270_271_272_273_274_275_276_277_278_279_280_281_282_283_284_285_286_287_288_289_290_291_292_293_294_295_296_297_298  1.29e+10  1.08e+10 224630.19 -127970.94  13141.56    725.12     87.09    330.33   2363.00  -8367.03      0.00 0
104210 5626.0    0_1_2_3_4_5_6_7_8_9_10_11_12_13_14_15_16_17_18_19_20_21_22_23_24_25_26_27_28_29_30_31_32_33_34_35_36_37_38_39_40_41_42_43_44_45_46_47_48_49_50_51_52_53_54_55_56_57_58_59_60_61_62_63_64_65_66_67_68_69_70_71_72_73_74_75_76_77_78_79_80_81_82_83_84_86_87_88_89_90_91_92_95_96_99_101_102_103_104_105_107_108_109_110_111_112_115_116_117_118_121_127_128_129_130_135_137_139_141_148_149_152_156_157_158_159_162_166_167_168_169_171_173_180_181_182_183_189_190_191_192_195_197_199_200_201_204_205_206_207_212_214_220_225_226_227_230_231_235_238_243_246_249_250_253_255_258_260_261_264_267_270_274_275_276_277_279_281_284_286_287_289_291_293_295_298  1.41e+10  1.21e+10 -13598.48  82409.55  13512.97    762.74     80.81     99.37   1094.24  -4751.87      0.00 0
104211 5626.0    94_97_98_106_113_120_123_124_131_132_136_140_144_145_151_161_172_175_184_196_198_211_213_217_219_223_234_237_242_252_254_257_263_269_273_278_280_283_285_290_292_296  2.34e+10  1.99e+10   4747.53 -73414.94  13250.28    741.62     79.79    273.70  -4346.07 -11196.60      0.00 0
104212 5626.0    0_1_2_3_4_5_6_7_8_9_10_11_12_13_14_15_16_17_18_19_20_21_22_23_24_25_26_27_28_29_30_31_32_33_34_35_36_37_38_39_40_41_42_43_44_45_46_47_48_49_50_51_52_53_54_55_56_57_58_59_60_61_62_63_64_65_66_67_68_69_70_71_72_73_74_75_76_77_78_79_80_81_82_83_84_85_86_87_88_89_90_91_92_93_94_95_96_97_98_99_100_101_102_103_104_105_106_107_108_109_110_111_112_113_114_115_116_117_118_119_120_121_123_124_125_127_128_129_130_131_132_133_135_136_137_139_140_141_144_145_146_148_149_150_151_152_154_156_157_158_159_160_161_162_164_166_167_168_171_172_173_175_176_178_180_181_182_184_185_187_189_190_191_195_196_197_198_199_200_202_203_204_205_206_209_211_212_213_214_217_218_219_220_223_224_226_227_228_229_230_231_233_234_235_237_238_241_242_243_244_245_246_248_249_250_251_252_253_255_256_257_258_259_260_261_262_264_265_266_267_268_270_271_272_274_275_276_277_279_281_282_284_286_287_289_291_293_295_298  4.57e+10  3.88e+10 -153453.14 200563.23  13278.95    730.49     86.99    127.42  -1564.92   -978.33      0.00 0
104213 5626.0    102_106_110_116_117_120_124_128_136_140_145_148_151_157_158_161_167_168_172_175_181_182_184_190_191_196_197_198_200_205_206_211_212_213_214_217_219_220_223_226_227_230_231_234_235_237_238_242_243_244_246_249_250_252_253_254_255_256_257_258_259_260_261_263_264_266_267_269_270_271_272_273_274_275_276_277_278_279_280_281_283_284_285_286_287_288_289_290_291_292_293_294_295_296_297_298  2.69e+09  2.19e+09 -205423.77 108491.01  14046.08    700.84     86.54    152.16    184.98  -9979.04      0.00 0
104214 5626.0    202_203_218_224_228_229_232_233_235_241_243_244_245_247_248_251_255_256_258_259_262_264_265_268_271_272_274_279_284_291  7.76e+10  6.80e+10 -14873.55 -35108.02  10760.58    765.19     74.24    247.04   4868.53  -9252.52      0.00 0
104215 5626.0    0_1_2_3_4_5_6_7_8_9_10_11_12_13_14_15_16_17_18_19_20_21_22_23_24_25_26_27_28_29_30_31_32_33_34_35_36_37_38_39_40_41_42_43_44_45_46_47_48_49_50_51_52_53_54_55_56_57_58_59_60_61_62_63_64_65_66_67_68_69_70_71_72_73_74_75_77_78_79_80_81_82_83_85_87_88_89_91_92_93_94_95_97_98_101_102_103_105_106_107_109_110_111_113_115_116_117_119_121_123_127_128_129_131_135_137_139_141_144_148_150_152_156_157_158_160_162_166_168_171_173_181_182_185_189_191_195_197_199_200_206_212_214_218_220_224_227_231_235_238_241_243_244_250_253_255_256_258_259_264_267_270_271_272_274_279_281_284_291  3.89e+10  3.35e+10 -43811.84  76437.91  13639.15    767.45     81.20    119.82  -1228.42    647.54      0.00 0
104216 5626.0    0_1_2_3_4_5_6_7_8_9_10_11_12_13_14_15_16_17_18_19_20_21_22_23_24_25_26_27_28_29_30_31_32_33_34_35_36_37_38_39_40_41_42_43_44_45_46_47_48_49_50_51_52_53_54_55_56_57_58_59_60_61_62_63_64_66_67_68_69_70_71_72_73_74_75_76_78_79_81_82_83_84_85_86_88_89_90_91_93_94_95_96_97_98_99_100_102_103_106_107_108_110_111_113_114_116_117_120_121_122_124_125_126_128_129_131_132_133_134_136_137_140_141_143_145_146_147_148_151_152_154_155_157_158_161_162_164_165_167_168_170_172_173_175_176_178_179_181_182_184_185_187_188_190_191_193_194_196_197_198_199_200_202_203_205_206_208_209_210_211_212_213_214_215_216_217_218_219_220_221_222_223_224_226_227_228_229_230_231_232_233_234_235_236_237_238_239_240_241_242_243_244_245_246_247_248_249_250_251_252_253_254_255_256_257_259_262_263_265_268_272_273_278_282  1.35e+09  1.07e+09 -245019.92 -41661.99  14199.97    632.29     86.73    189.65  -2431.18  -3730.58      0.00 0
104217 5626.0    89_95_103_107_111_117_121_129_137_141_148_157_158_168_173_181_182_190_191_197_200_205_206_213_214_226_227_230_231_237_246_249_250_252_257_260_261_266_269_273_275_276_280_283_285_286_288_290_292_294_296  3.02e+10  2.62e+10 -24141.52 -41098.90  11742.89    738.37     76.16    239.57  -1358.51  -9562.67      0.00 0
104218 5626.0    172_184_190_196_198_200_205_211_213_217_219_223_226_227_230_231_234_237_242_246_249_250_252_253_254_257_258_260_261_263_266_267_269_270_273_274_275_276_277_279_280_281_284_286_287_288_289_291_293_295  9.12e+09  7.66e+09  51715.66 -35053.64  13188.57    668.44     78.08    325.87   1616.94 -10477.10      0.00 0
104219 5626.0    0_1_2_3_4_5_6_7_8_9_10_11_12_13_14_15_16_17_18_19_20_21_22_23_24_25_26_27_28_29_31_32_33_34_35_37_38_39_40_41_44_45_47_48_49_50_51_52_53_55_57_58_59_61_62_63_66_67_69_70_71_72_73_74_75_78_79_81_82_83_85_86_88_89_91_93_94_95_97_98_99_102_103_106_107_111_113_117_119_121_123_124_125_129_131_132_133_137_141_144_146_152_154_162_168_173_176_178_185_187_199_202_203_209_218_224_228_229_232_233_241_245_247_248_251_256_262_265_268_282  1.20e+09  9.76e+08  62642.90 -31355.56  13667.52    657.34     78.96    333.41   2742.55  -2627.35      0.00 0
104220 5626.0    7_14_15_19_23_27_31_36_37_39_43_46_47_51_56_57_61_65_68_69_70_73_77_80_81_85_87_90_92_93_97_101_104_105_109_112_113_118_119_123_131_132_144  1.00e+09  8.11e+08  35258.21  16945.90  11751.18    627.44     73.28     25.67  -3594.17   1137.93      0.00 0
104221 5626.0    137_146_152_162_176_185_202_203_218_228_229_233_245_247_248_262_265  6.17e+10  5.39e+10 -22389.25   6721.36   8763.33    810.09     69.45    163.29   6451.32  -4330.37      0.00 0
104222 5626.0    11_15_16_19_23_24_31_32_37_39_47_48_51_57_61_65_69_70_73_81_87_93_97_105_109_119_123_127_135_139_144_150_160_166_171_195  3.02e+09  2.50e+09  15398.35 -33203.24  11112.97    683.54     73.11    294.88  -3606.04   4627.95      0.00 0
104223 5626.0    2_3_5_8_9_13_16_17_20_21_24_28_29_32_33_35_40_41_44_45_48_52_53_55_58_59_62_63_66_67_70_74_75_78_79_82_83_88_89_94_95_98_106_107_120_124_132_145  3.89e+09  3.26e+09  30756.32  -1423.53  10152.77    735.36     71.75    357.35  -1304.48  -1728.20      0.00 0
104224 5626.0    61_73_81_85_87_93_97_101_105_109_113_115_119_123_127_131_132_135_139_144_149_150_156_160_166_171_180_183_189_195_201_204_207_225  3.55e+09  2.93e+09 -40529.63 -58993.03  13666.41    667.46     79.19    235.51  -3124.47   4352.95      0.00 0
104225 5626.0    90_96_104_108_112_118_122_126_130_134_138_142_147_149_153_155_159_163_169_183  1.78e+10  1.54e+10  17711.29 -15969.72   9130.48    754.50     69.05    317.96   2391.78   3453.47      0.00 0
104226 5626.0    253_258_264_267_270_271_274_279  2.14e+10  1.86e+10 -18292.51    568.47   7946.26    808.74     66.53    178.22   4144.30  -9162.65      0.00 0
104227 5626.0    25_38_49_71_72_75_86_95_99_114_125_133_143_146_154_164_178_187_193_209_215_221_232_239  1.41e+09  1.16e+09 -25262.34   8600.00  10286.59    633.65     68.92    161.20   5232.78  -1335.27      0.00 0
104228 5626.0    249_252_260_266_275_276_280_286_287_288_293_294_297_298  4.47e+09  3.74e+09   8268.69 -16490.63   8586.56    697.00     65.04    296.63   -716.08 -10771.28      0.00 0
104229 5626.0    1_2_5_7_8_11_13_15_16_19_20_23_24_28_29_31_32_35_37_39_40_44_45_47_48_51_52_55_57_58_61_62_66_69_70_73_74_78_79_81_82_85_87_88_91_93_94_97_98_102_103_105_106_109_110_113_116_117_119_120_123_124_128_129_131_132_135_136_139_140_144_145_148_150_151_157_158_160_161_167_168_171_172_175_181_182_184_190_191_196_198_200_205_206_211_213_214_217_219_223_226_227_230_231_234_237_238_242_246_249_250_252_253_257_258_260_261_266_267_269_270_274_275_276_277_280_281_284_286_287_288_289_290_291_293_294_295_296_297_298  4.07e+10  3.50e+10 -35181.27  86684.42  13847.88    760.83     81.58    112.09   -971.37  -6345.88      0.00 0
104230 5626.0    3_9_12_13_17_21_25_26_28_29_33_35_38_40_41_44_45_49_50_53_55_59_60_63_66_67_71_72_75_76_78_79_83_86_88_89_91_95_96_99_100_102_103_107_110_111_114_116_117_121_122_125_126_128_129_133_134_137_140_141_143_146_147_148_152_154_155_157_158_161_162_164_165_167_168_170_172_173_176_177_178_179_181_182_185_187_188_190_191_193_194_196_197_198_199_200_202_203_205_206_208_209_210_211_212_213_214_215_216_218_219_220_221_222_223_224_226_227_228_229_230_231_232_233_234_235_236_237_238_239_240_241_242_243_244_245_246_247_248_249_250_251_252_253_254_255_256_257_258_259_260_261_262_263_264_265_266_267_268_269_270_271_272_273_274_275_276_277_278_279_280_281_282_283_284_285_286_287_288_289_290_291_292_293_294_295_296_297_298  1.91e+10  1.60e+10 -168830.03 -167304.69  13871.36    706.22     86.66    224.74   1599.66  -6852.58      0.00 0
104231 5626.0    154_164_170_176_178_187_193_194_202_203_208_209_215_218_228_229_233_241  1.45e+10  1.24e+10   2217.29  22412.28   9090.21    726.66     68.02     84.35   5974.35  -2559.82      0.00 0
104232 5626.0    0_3_4_5_6_7_9_10_12_13_14_17_18_21_22_25_26_27_29_30_33_34_35_36_38_41_42_43_45_46_49_50_53_54_56_59_60_63_64_67_68_71_72_75_76_77_79_80_83_84_89_90_92_103_104_107_108_111_112_115_118_130_142_149_159_169_180_183_192_201_207  6.92e+10  6.04e+10   3132.11 -35656.85  10800.08    719.69     73.21    275.02   1120.99   2114.17      0.00 0
104233 5626.0    0_1_2_3_4_5_6_7_8_9_10_11_12_13_15_16_17_18_20_21_23_24_25_26_28_29_31_32_33_34_35_37_38_40_41_44_45_47_48_49_50_52_53_55_58_59_62_63_66_67_69_70_71_72_74_75_76_78_79_82_83_85_86_88_89_91_94_95_98_99_100_102_103_106_107_110_111_113_114_116_117_120_121_124_125_128_129_132_133_134_136_137_140_141_143_145_146_148_151_152_154_157_158_161_162_164_165_167_168_170_172_173_175_176_178_181_182_184_185_187_190_191_193_194_196_198_199_202_203_208_209_211_215_217_218_221_222_223_228_229_232_233_236_239_245_247_248_262  9.33e+10  8.08e+10 107483.50   7384.04  14164.69    765.04     82.51      3.93    466.85  -2577.85      0.00 0
104234 5626.0    94_98_120_124_136_145_151_161_172_175_184_198_211_217_219_223_234_242_254_263_278  1.32e+09  1.07e+09   4420.27  29193.22  10682.42    629.96     70.11     81.39  -4133.04  -5417.40      0.00 0
104235 5626.0    182_191_197_200_205_206_214_226_227_230_231_237_246_249_250_252_257_260_261_266_269_273_276_278_280_283_285_288_290_292  1.17e+10  9.99e+09  28346.59  22758.68  10920.03    709.62     73.28     38.76  -1773.65  -9500.42      0.00 0
104236 5626.0    63_83_89_95_103_107_111_117_129_137_141_148_158_181_182  5.37e+09  4.52e+09  11623.70  16110.73   8625.71    732.70     66.53     54.19   1252.08  -4037.38      0.00 0
104237 5626.0    243_250_253_255_258_259_260_261_264_267_270_271_272_274_275_276_277_279_281_284_287_289_291  4.27e+09  3.58e+09  34719.18   6824.22  10912.43    695.08     72.86     11.12   4974.33  -9263.65      0.00 0
104238 5626.0    0_1_2_3_4_5_6_7_8_9_10_11_12_13_14_15_16_17_18_19_20_21_22_23_24_25_26_27_28_29_30_31_32_33_34_35_36_38_39_40_41_42_43_44_45_46_47_49_50_51_53_54_55_56_57_59_60_61_63_64_65_66_67_68_71_72_75_76_77_78_79_80_81_83_84_86_87_89_90_91_92_95_96_99_100_101_103_104_105_107_108_109_111_112_114_115_117_118_121_125_127_129_130_133_135_137_139_141_142_146_148_149_152_154_156_158_159_162_166_168_169_171_173_176_180_182_183_185_189_191_192_195_197_199_201_203_204_206_207_212_214_218_220_224_225_231_233_235_238_241_243_244_251_253_255_256_258_259_264_270_271_272_274_279_284  7.41e+09  6.20e+09 -28449.44  76131.99  13804.82    706.14     80.36    110.49   2143.03  -2482.52      0.00 0
104239 5626.0    0_1_2_3_4_5_6_7_9_10_12_14_15_17_18_19_21_22_25_26_27_29_30_31_33_34_36_38_39_41_42_43_46_49_50_51_53_54_56_59_60_61_63_64_65_68_71_72_75_76_77_80_81_83_84_86_87_90_92_95_96_99_100_101_104_105_107_108_109_112_114_115_118_121_122_125_126_127_130_133_134_135_137_138_139_143_146_147_149_152_154_155_156_159_160_162_164_165_166_170_171_176_178_180_185_187_189_193_195_202_203_208_209_215_218_221_228_229_232_233_239_241_245_247_248_251_262_265_268_282  4.90e+09  4.03e+09  58261.30 -54386.59  13652.21    719.59     80.28    316.97   5814.14  -2536.55      0.00 0
104240 5626.0    143_155_164_165_170_177_179_187_188_193_194_208_209_210_215_216_221_222_229_232_236_239  7.76e+10  6.84e+10  -4195.98  27876.25   9778.29    744.84     70.87     98.56   6327.52    945.54      0.00 0
104241 5626.0    13_21_28_29_33_35_40_41_44_45_49_53_55_59_62_63_66_67_75_78_79_82_83_88_89_91_95_99_102_103_106_107_110_111_116_117_120_121_125_128_129_133_136_137_140_141_143_145_146_148_151_152_154_157_158_161_162_164_167_168_170_172_173_175_176_178_181_182_184_185_187_190_191_193_196_197_198_199_200_202_203_205_206_208_209_211_212_213_214_215_217_218_219_220_221_223_224_226_228_229_230_232_233_234_236_237_239_241_242_245_247_248_251_254_262  1.10e+10  9.25e+09  93820.58  23374.70  14208.76    719.87     81.64     13.99   6420.12  -2854.94      0.00 0
104242 5626.0    0_1_2_3_4_5_6_7_8_9_10_11_12_13_14_15_17_18_19_21_22_23_25_26_27_29_30_31_33_34_36_38_39_41_42_43_45_46_47_49_50_51_53_54_56_57_59_60_61_63_64_65_67_68_71_72_75_76_77_80_81_83_84_86_87_89_90_92_95_96_99_100_101_104_105_107_108_109_111_112_114_115_118_119_121_122_125_126_127_130_133_134_135_137_139_143_146_149_150_152_154_156_159_160_162_164_166_171_176_178_180_183_185_187_189_195_199_202_203_204_209_218_224_228_229_233_241_245_247_248_251_256_262_265_268_272_282  9.12e+10  7.94e+10 -46451.73  53947.95  13065.97    753.54     79.60    130.73   -268.22   2871.61      0.00 0
104243 5626.0    20_28_32_40_44_52_55_62_66_78_82_88_91_102_110_116_128_148_157_181_190  2.57e+10  2.23e+10  -2074.78  19161.01   8472.30    741.82     66.27     96.18   -857.48  -3884.21      0.00 0
104244 5626.0    0_1_2_3_4_5_6_7_8_9_10_11_12_13_14_15_16_17_18_19_20_21_22_23_24_25_26_27_28_29_30_31_32_33_34_35_36_37_38_39_40_41_42_43_44_45_46_47_48_49_50_51_52_53_54_55_56_57_58_59_60_61_62_63_64_65_66_67_68_69_70_71_72_73_74_75_76_77_78_79_80_81_82_83_84_85_86_88_89_90_91_94_95_96_97_98_99_100_102_103_104_106_107_108_110_111_112_113_114_116_117_120_121_122_124_125_126_128_129_132_133_134_136_137_138_140_141_142_143_145_146_147_148_151_152_153_154_155_157_158_161_162_163_164_165_167_168_170_172_173_175_176_177_178_179_181_182_184_185_186_187_188_190_191_193_194_196_198_200_205_208_209_210_211_213_215_216_217_219_221_222_223_230_234_236_237_239_240_242_254_257_263_273_278  2.04e+09  1.64e+09 135906.94  88529.02  15217.96    676.55     84.64     33.08  -1483.78  -3067.40      0.00 0
104245 5626.0    147_153_163_177_186  2.29e+09  1.89e+09  -2594.72 -19369.19   8947.12    670.16     65.40    262.37   4396.46   5128.89      0.00 0
104246 5626.0    65_77_80_87_92_101_104_105_109_112_115_118_119_127_130_135_138_139_142_144_149_150_156_159_160_163_166_169_171_174_186  1.55e+10  1.32e+10 -32793.86  -3834.99  10454.69    727.57     72.43    186.67   -667.72   4064.97      0.00 0
104247 5626.0    148_157_167_172_181_182_190_191_196_197_198_200_205_206_211_212_213_214_217_219_220_223_224_226_227_230_231_234_235_237_238_241_242_243_244_246_249_250_251_252_253_254_255_256_257_258_259_260_261_263_264_266_267_268_269_270_271_272_273_274_275_276_277_278_279_281_282_284_291  1.20e+10  1.01e+10  78834.83 -12542.63  13774.06    702.48     80.21    350.96   5866.50  -8914.93      0.00 0
104248 5626.0    0_1_2_3_4_5_6_7_8_9_10_11_12_13_14_15_16_17_18_19_20_21_22_23_24_25_26_27_28_29_30_31_32_33_34_35_36_37_38_39_40_41_42_43_44_45_46_47_48_49_50_51_52_53_54_55_56_57_58_59_60_61_62_63_64_65_66_67_68_69_70_71_72_73_74_75_76_77_78_79_80_81_82_83_84_85_86_87_88_89_90_91_92_93_94_95_96_97_98_99_100_101_102_103_104_105_106_107_108_109_110_111_112_113_114_115_116_117_118_119_120_121_122_123_124_125_126_127_128_129_130_131_132_133_134_135_136_137_138_139_140_141_142_143_144_145_146_147_148_149_150_151_152_153_154_156_157_158_159_160_161_162_163_166_167_168_169_171_172_173_174_175_176_178_180_181_182_183_184_185_189_190_191_192_195_196_197_198_199_200_201_203_204_205_206_207_211_212_213_214_217_218_219_220_223_224_225_226_227_230_231_233_234_235_237_238_241_242_243_244_246_249_250_252_253_254_255_256_257_258_259_260_261_263_264_266_267_269_270_271_272_273_274_275_276_277_278_279_280_281_283_284_285_286_287_288_289_290_291_292_293_294_295_296_297_298  3.02e+10  2.57e+10  41627.37 -239749.09  13349.00    755.55     86.86    279.85     76.09  -3683.09      0.00 0
104249 5626.0    58_62_70_74_82_85_88_94_97_98_102_106_110_113_116_120_123_124_128_131_132_136_140_144_145_148_151_157_161_167_172_175_181_182_184_190_196_198_200_205_206_211_213_217_219_223_226_227_230_231_234_237_242_246_249_250_252_253_254_257_260_261_263_266_267_269_270_273_275_276_277_278_280_281_283_285_286_287_288_289_290_291_292_293_294_295_296_297_298  5.50e+09  4.55e+09  47604.79 -86271.51  14620.56    669.34     81.56    298.89  -3631.54  -4772.79      0.00 0
104250 5626.0    220_224_231_233_235_238_241_243_244_248_250_251_253_255_256_258_259_260_261_264_265_267_268_270_271_272_274_275_276_277_279_281_284_286_287_288_289  7.59e+09  6.43e+09 -27186.67 -19277.74  10822.45    674.89     72.01    215.34   3088.93  -8597.94      0.00 0
104251 5626.0    106_110_120_136_140_151_161_172_184_198_211_217_223_234  3.63e+09  3.04e+09 -10868.29 -19303.85   9407.98    665.67     66.99    240.62  -3778.09  -4582.66      0.00 0
104252 5626.0    0_2_3_4_5_8_9_11_12_13_16_17_20_21_24_25_26_28_29_32_33_35_38_40_41_44_45_48_49_52_53_55_58_62_66_74_78_82_88_94_102_106_110_120_124_136_140_145_151_161_175_184_217  2.82e+09  2.33e+09 -32037.06 -17416.43  11078.95    686.65     73.10    208.53  -3398.90  -2863.63      0.00 0
104253 5626.0    0_1_2_3_4_5_6_7_8_9_10_12_13_14_17_18_21_22_25_26_27_28_29_30_33_34_35_36_38_41_42_43_44_45_46_49_50_53_54_55_56_59_60_63_64_67_68_71_72_75_76_77_78_79_80_83_84_86_89_90_91_92_95_96_99_100_103_104_107_108_111_112_114_115_116_117_118_121_122_125_126_129_130_133_134_137_138_141_142_146_148_149_152_153_158_159_162_163_168_169_173_174_180_182_183_185_191_192_197_199_200_201_206_207_212_214_220_224_227_231_235_238_243_246_250_253_255_258_261_264_267_270_274_277_279_281_284_287_289_291_295  5.37e+09  4.52e+09   4052.60 -69650.28  13233.27    717.41     79.26    273.33   2028.43  -2035.19      0.00 0
104254 5626.0    0_1_2_3_4_5_6_7_8_9_10_11_12_13_14_15_16_17_18_19_20_21_22_23_24_25_26_27_28_29_30_31_32_33_34_35_36_37_38_39_40_41_42_43_44_45_46_47_48_49_50_51_52_53_54_55_56_57_58_59_60_61_62_63_64_65_66_67_68_69_70_71_72_73_74_75_76_77_78_79_80_81_82_83_84_85_86_87_88_89_90_91_92_93_94_95_96_97_98_99_100_101_102_103_104_105_106_107_108_109_111_112_113_114_115_117_118_119_120_121_122_123_124_125_126_127_129_130_131_132_133_134_135_137_138_139_141_142_143_144_146_147_149_150_152_153_154_155_156_159_160_162_163_164_165_166_168_169_170_171_173_174_176_177_178_179_180_183_185_186_187_188_189_192_193_194_195_199_201_202_203_204_207_208_209_210_215_216_218_221_222_224_225_228_229_232_233_236_239_240_241_245_247_248_251_256_262_265_268_282  1.05e+09  8.22e+08 -235015.83 105817.57  13688.00    660.63     86.96    155.76   5450.11   -438.28      0.00 0
104255 5626.0    0_1_2_3_4_5_6_7_8_9_10_11_12_13_14_15_16_17_18_19_20_21_22_23_24_25_26_27_28_29_30_31_32_33_34_35_36_37_38_39_40_41_42_43_44_45_46_47_48_49_50_51_52_53_54_55_56_57_58_59_60_61_62_63_64_65_66_67_68_69_70_71_72_73_74_75_76_77_78_79_80_81_82_83_84_85_86_87_88_89_90_91_92_93_95_96_99_100_101_102_103_104_105_106_107_108_109_110_111_112_115_116_117_118_119_121_125_127_128_129_130_135_137_139_140_141_142_148_149_152_156_157_158_159_160_162_166_167_168_169_171_173_180_181_182_183_185_189_190_191_192_195_197_199_200_201_204_205_206_207_212_213_214_220_224_225_226_227_230_231_235_238_243_244_246_249_250_253_255_258_260_261_264_266_267_270_271_274_275_276_277_279_281_284_286_287_289_291_293_295_297_298  1.38e+09  1.10e+09 -22041.04 109409.91  14792.56    685.44     82.45    101.39   1825.37  -7749.57      0.00 0
104256 5626.0    31_39_43_47_51_56_57_61_65_69_70_73_77_81_85_87_92_93_97_98_101_105_109_113_115_118_119_123_127_130_131_132_135_139_144_149_156_159_166_169_180_183_192_201_207  1.95e+10  1.67e+10 -25393.23 -29006.46  11163.67    705.55     73.85    228.80  -1922.46   2966.87      0.00 0
104257 5626.0    116_117_129_141_148_157_158_162_167_168_172_173_181_182_185_190_191_196_197_199_200_203_205_206_211_212_213_214_218_219_220_223_224_226_227_228_230_231_233_234_235_237_238_241_242_243_244_245_248_251_255_256_259_262_265_268_272_282  1.86e+10  1.60e+10 -50107.12  -3398.39  11844.27    753.01     76.73    183.88   4617.93  -5922.27      0.00 0
104258 5626.0    0_1_2_3_4_5_6_7_8_9_10_11_12_13_14_15_16_17_18_19_20_21_22_23_24_25_26_27_28_29_30_31_32_33_34_35_36_37_38_39_40_41_42_43_44_45_46_47_48_49_50_51_52_53_54_55_56_57_58_59_60_61_62_63_64_65_66_67_68_69_70_71_72_73_74_75_76_77_78_79_80_81_82_83_84_85_86_87_88_89_90_91_92_93_94_95_96_97_98_99_100_101_102_103_105_106_107_108_109_110_111_113_114_116_117_119_120_121_122_123_124_125_126_128_129_131_132_133_134_135_136_137_140_141_143_144_145_146_148_150_151_152_154_155_158_161_162_164_165_168_170_173_175_176_178_185_187_188_193_194_199_202_203_208_209_212_215_216_218_221_222_224_228_229_232_233_236_239_241_245_247_248_251_262_265_268_282  1.38e+10  1.16e+10 -142445.55  33909.05  14770.13    737.38     84.24    166.61   3811.72  -1790.35      0.00 0
104259 5626.0    38_49_50_54_59_60_64_71_72_75_76_83_84_86_90_95_96_99_100_107_108_112_114_121_122_125_126_130_133_134_137_138_141_142_143_146_147_152_153_154_155_162_163_164_165_169_170_173_174_176_177_178_179_185_186_187_188_192_193_194_197_199_202_203_208_209_210_212_215_218_220_224_228_229_232_233_235_241_243_244_245_248_251_255_256_258_259_262_264_265_268_271_272_274_279_282  3.98e+10  3.43e+10 -12229.10  72456.59  13089.03    766.41     79.90     99.58   5158.47  -4633.23      0.00 0
104260 5626.0    220_224_233_235_238_241_243_244_248_250_251_253_255_256_258_259_261_262_264_265_267_268_270_271_272_274_275_277_279_281_284_287_289  2.29e+10  1.97e+10  24959.31  18958.89  10250.65    729.85     71.89     37.22   3945.12  -8002.36      0.00 0
104261 5626.0    5_8_9_13_16_17_20_21_28_29_32_33_35_40_41_44_45_48_49_52_53_55_58_59_62_63_66_67_74_75_78_79_82_83_88_89_91_94_95_98_99_102_103_106_107_110_111_120_121_124_125_132_136_137_145_146_151_152_154_175_178  3.72e+10  3.22e+10  38625.38    768.62  10728.41    779.21     74.48      1.14  -1181.81  -2347.68      0.00 0
104262 5626.0    0_1_2_3_4_5_6_7_8_9_10_11_12_13_14_15_16_17_18_19_20_21_22_23_24_25_26_27_28_29_30_31_32_33_34_35_36_37_38_39_40_41_42_43_44_45_46_47_48_49_50_51_52_53_54_55_56_57_58_59_60_61_62_63_64_65_66_67_68_69_70_71_72_73_74_75_76_77_78_79_80_81_82_83_84_85_86_87_88_89_90_91_92_93_94_95_96_97_98_99_100_101_102_103_105_106_107_109_110_111_113_114_116_117_119_120_121_123_124_125_127_128_129_131_132_133_134_135_136_137_139_141_143_144_145_146_148_150_152_154_157_158_160_162_164_168_170_171_173_176_178_182_185_187_191_193_197_199_202_203_209_212_214_215_218_220_224_228_229_232_233_235_239_241_243_244_245_247_248_251_255_256_259_262_265_268_271_272_282  1.78e+09  1.44e+09 120593.83 -76590.21  15292.53    665.51     83.89    327.58   4024.39  -3561.68      0.00 0
104263 5626.0    93_97_105_109_119_123_135_139_144_150_160_166_171_189_195  1.78e+09  1.47e+09  -5323.95 -28951.02  10481.85    657.33     70.40    259.58  -3039.08   5055.70      0.00 0
104264 5626.0    0_1_2_3_4_5_6_7_8_9_11_12_13_15_16_17_18_19_20_21_23_24_25_26_28_29_31_32_33_35_37_38_40_41_44_45_47_48_49_52_53_55_57_58_59_62_63_66_67_69_70_71_73_74_75_78_79_82_83_85_88_89_91_93_94_95_97_98_99_102_103_106_107_110_111_113_116_117_120_121_123_124_125_128_129_131_132_133_136_137_140_141_145_146_148_151_152_154_157_158_161_162_164_167_168_172_173_175_176_178_181_182_184_185_187_190_191_196_197_198_199_200_202_203_206_209_212_214_215_218_220_224_228_229_232_233_235_238_239_241_243_244_245_247_248_251_255_256_259_262_265_268_272_282  8.32e+09  6.94e+09 117201.66 -37719.61  14964.81    686.51     83.07    342.16   4991.97  -4619.86      0.00 0
104265 5626.0    167_181_190_196_200_205_206_213_226_227_230_231_246_249_250_253_260_261_267_270_275_277_281_284_287_289_291  1.95e+10  1.67e+10 -20381.72  23587.47  10255.33    725.75     71.79    130.83    793.63  -9073.03      0.00 0
104266 5626.0    55_67_78_79_88_89_91_102_103_110_116_117_128_136_140_148_151_157_161_167_172_184_196_198_211_217_223_234  7.76e+09  6.57e+09  34407.91  13394.33  10874.05    726.29     73.59     21.27  -4023.09  -5137.31      0.00 0
104267 5626.0    0_1_2_3_4_5_6_7_8_9_10_11_12_13_14_15_16_17_18_19_20_21_22_23_24_25_26_27_28_29_30_31_32_33_34_35_36_37_38_39_40_41_42_43_44_45_46_47_48_49_50_51_52_53_54_55_56_57_58_59_60_61_62_63_64_65_66_67_68_69_70_71_72_73_74_75_76_77_78_79_80_81_82_83_84_85_86_87_88_89_90_91_92_93_94_95_96_97_98_99_100_101_102_103_104_105_106_107_108_109_110_111_112_113_114_115_116_117_118_119_120_121_122_123_124_125_126_127_128_129_130_131_132_133_134_135_136_137_138_139_140_141_142_143_144_145_146_147_148_149_150_151_152_153_154_155_156_157_158_159_160_161_162_163_164_165_166_167_168_169_170_171_172_173_174_175_176_177_178_179_180_181_182_183_184_185_186_187_188_189_190_191_192_195_196_197_198_199_200_201_202_203_204_205_206_207_209_211_212_213_214_217_218_219_220_223_224_225_226_227_228_230_231_233_234_235_237_238_241_242_243_244_246_249_250_251_252_253_254_255_256_257_258_259_260_261_263_264_266_267_269_270_271_272_273_274_275_276_277_278_279_280_281_283_284_285_286_287_288_289_290_291_292_293_294_295_296_297_298  2.51e+09  2.02e+09  -9695.87 264420.66  13450.27    663.66     87.09     92.10    687.86  -2467.04      0.00 0
104268 5626.0    0_1_2_3_4_5_6_7_8_9_10_11_12_13_14_15_16_17_18_19_20_21_23_24_25_27_28_29_31_32_33_35_36_37_39_40_41_43_44_45_47_51_52_53_55_57_59_61_63_65_66_67_78_79_81_83_87_89_91_103_107_111_117_129_137_141_158_168_173_191_197  4.27e+10  3.72e+10  14876.32 -28287.21  10181.45    753.65     72.33    297.74    469.10  -1804.71      0.00 0
104269 5626.0    0_1_2_3_4_5_6_7_8_9_10_11_12_13_14_15_16_17_18_19_20_21_22_23_24_25_26_27_28_29_30_31_32_33_34_35_36_38_39_40_41_42_43_44_45_46_47_49_50_51_52_53_54_55_56_57_59_60_61_62_63_64_65_66_67_68_71_72_75_76_77_78_79_80_81_83_84_86_87_88_89_90_91_92_95_96_99_100_101_102_103_104_107_108_109_111_112_114_115_116_117_118_121_122_125_126_127_129_130_137_138_139_141_142_146_148_149_152_156_157_158_159_162_163_166_168_169_173_174_180_181_182_183_185_189_191_192_195_197_199_200_201_204_206_207_212_214_220_224_225_226_227_231_235_238_243_246_250_253_255_258_261_264_267_270_271_274_275_277_279_281_284_287_289_291_295  1.26e+10  1.06e+10 -11717.88  84015.34  13739.23    735.05     80.80     97.94   1137.13      5.39      0.00 0
104270 5626.0    0_1_2_3_4_5_6_7_8_9_10_11_13_14_15_16_19_20_23_24_27_28_29_30_31_32_35_36_37_39_40_43_44_45_46_47_48_51_52_55_56_57_58_61_62_65_66_69_70_73_74_77_78_79_80_81_82_85_87_88_91_92_93_94_101_102_105_106_109_110_115_116_117_127_128_135_139_140_148_156_157_166_167_180_181_189_190_195_200_204_205_226  2.69e+09  2.22e+09  -2160.92  43406.86  11799.84    676.69     74.81     92.85  -1186.08   -421.27      0.00 0
104271 5626.0    0_1_2_3_4_5_6_7_9_10_12_13_14_15_17_18_19_21_22_25_26_27_29_30_33_34_35_36_38_39_41_42_43_45_46_49_50_51_53_54_56_59_60_61_63_64_65_67_68_71_72_75_76_77_79_80_83_84_86_87_89_90_92_95_96_99_100_101_103_104_107_108_109_111_114_115_118_121_125_127_129_133_137_141_146_152_154_156_162_166_168_173_176_178_185_199_202_203_209_212_218_224_228_229_233_235_241_244_245_248_251_255_256_259_262_265_268_271_272_282  1.38e+10  1.17e+10  35636.55 -53333.88  12852.19    731.63     78.67    303.75   5069.57  -5067.19      0.00 0
104272 5626.0    173_176_185_191_197_199_202_203_206_209_212_214_215_218_220_224_226_227_228_229_231_232_233_235_238_239_241_243_244_245_246_247_248_249_250_251_253_255_256_258_259_260_261_262_264_265_266_267_268_269_270_271_272_274_275_276_277_279_280_281_282_283_284_286_287_288_289_290_291_292_293_294_295_296_297_298  1.00e+10  8.24e+09 155885.75 127364.02  14676.63    698.68     85.83     39.25   3272.14 -11024.88      0.00 0
104273 5626.0    36_39_43_46_56_61_64_65_68_77_80_81_87_90_92_93_101_104_105_108_109_112_115_118_119_122_123_127_130_135_138_139_142_144_147_149_150_153_156_159_160_163_166_169_171_174_177_180_186_189_195  1.32e+09  1.08e+09  57109.04  -1764.79  13033.50    645.44     77.15    358.23  -4002.51   3965.37      0.00 0
104274 5626.0    173_191_197_199_200_206_212_214_218_220_224_227_231_233_235_238_241_243_244_248_251_255_256_262_265  5.25e+09  4.44e+09 -24243.02  -7020.31   9326.19    755.06     69.72    196.15   3957.52  -6412.94      0.00 0
104275 5626.0    0_1_2_3_4_5_6_7_8_9_10_12_13_14_16_17_18_20_21_22_25_26_28_29_30_33_34_35_36_38_40_41_42_44_45_46_49_50_52_53_54_55_59_60_62_63_64_66_67_68_71_72_75_76_78_79_80_83_84_86_88_89_90_91_95_96_99_100_102_103_104_107_108_110_111_112_114_116_117_121_122_125_126_128_129_130_134_137_138_140_141_142_147_148_153_155_157_158_163_167_168_169_174_177_179_181_182_186_190_191_196_200_205_206_213_219_226_227_230_237_242_246_249_252_257_260_266_269_273_276_280_283_285_288_290_292_296  2.69e+09  2.21e+09 -25832.07 -61272.38  13395.69    670.08     78.61    247.14   1426.19  -1189.39      0.00 0
104276 5626.0    0_1_2_3_4_5_6_7_8_9_10_11_12_13_14_15_16_17_18_19_20_21_22_23_24_25_26_27_28_29_30_31_32_33_34_35_36_37_38_39_40_41_42_43_44_45_46_47_48_49_50_51_52_53_54_55_56_57_58_60_61_62_64_65_66_67_68_69_70_72_73_74_76_77_78_79_80_81_82_84_85_87_88_90_91_92_94_96_101_102_104_106_108_109_110_112_115_116_118_120_127_128_130_136_138_140_142_149_156_157_159_161_163_167_169_172_174_180_183_190_192_196_198_201_207_211_213_219_234_237_242_257  2.14e+10  1.84e+10  23524.57  64915.09  13008.97    746.45     79.33     70.08   1379.77   5014.15      0.00 0
104277 5626.0    0_2_3_4_5_8_9_10_12_13_17_18_20_21_22_25_26_28_29_33_34_35_38_40_41_44_45_49_50_52_53_54_55_59_60_62_63_66_67_71_72_75_76_78_79_82_83_84_86_88_89_91_95_96_99_100_102_103_106_107_108_110_111_114_116_117_121_122_125_126_128_129_133_134_136_137_140_141_143_146_147_148_152_153_154_155_157_158_161_162_164_165_167_168_170_172_173_176_177_178_179_181_182_184_185_186_187_188_190_191_193_194_196_197_198_200_205_206_208_210_211_213_216_217_219_221_222_223_226_227_230_234_236_237_240_242_246_249_252_254_257_263_266_269_273_278_280_283_285_292  1.55e+09  1.25e+09  68104.37  70450.27  14784.15    645.95     81.42     45.97    806.43  -3480.09      0.00 0
104278 5626.0    0_1_2_3_4_5_6_7_8_9_10_11_12_13_14_15_16_17_18_19_20_21_22_23_24_25_26_27_28_29_30_31_32_33_34_35_36_37_38_39_40_41_42_43_44_45_46_47_48_49_50_51_52_53_54_55_56_57_58_59_60_61_62_63_64_65_66_67_68_69_70_71_72_73_74_75_76_77_78_79_80_81_82_83_84_85_86_87_88_89_90_91_92_94_95_96_99_100_101_102_103_104_106_107_108_109_110_111_112_114_115_116_117_118_120_121_122_125_126_127_128_129_130_133_134_136_137_138_140_141_142_143_146_147_148_149_151_152_153_154_155_156_157_158_159_161_162_163_164_165_167_168_169_170_172_173_174_176_177_178_179_180_181_182_183_185_186_187_188_189_190_191_192_193_194_196_197_198_199_200_201_202_203_204_205_206_207_208_209_210_211_212_213_214_215_216_218_219_220_221_222_223_224_225_226_227_228_229_230_231_232_233_234_235_236_237_238_239_240_241_242_243_244_245_246_247_248_249_250_251_252_253_254_255_256_257_258_259_260_261_262_263_264_265_266_267_268_269_270_271_272_273_274_275_276_277_278_279_280_281_282_283_284_285_286_287_288_289_290_291_292_293_294_295_296_297_298  1.74e+10  1.46e+10 -73603.78 -285015.12  11822.96    734.75     87.70    255.52   3714.29   1306.59      0.00 0
104279 5626.0    5_8_9_13_16_20_21_24_28_29_32_35_40_41_44_45_48_52_53_55_58_62_63_66_67_70_74_78_79_82_83_85_88_89_91_94_98_103_107_111_137  1.55e+10  1.32e+10 -23401.05   8447.97   9605.10    699.11     68.89    160.15   -436.21  -1905.42      0.00 0
104280 5626.0    181_200_205_226_227_230_246_249_252_260_261_266_275_276_280_286_287_288_293_294_297  1.38e+09  1.14e+09    275.06 -26710.22  10050.88    669.02     69.38    270.59   -560.74  -9410.29      0.00 0
104281 5626.0    50_60_72_76_86_100_114_133_134_143_164_170_193  6.17e+09  5.23e+09 -17047.97   8392.34   8755.88    685.52     65.26    153.79   4387.57     55.84      0.00 0
104282 5626.0    128_136_140_148_151_157_161_167_172_181_182_190_196_200_205_206_213_226_227_231_250  1.02e+10  8.66e+09 -17244.38  17646.31   9699.09    679.44     68.54    134.34  -1055.79  -6055.21      0.00 0
104283 5626.0    1_6_7_10_11_14_15_19_22_23_27_30_31_34_36_37_39_42_43_46_47_51_54_56_57_60_61_64_65_68_69_70_73_77_80_81_84_85_87_90_92_93_96_97_101_104_105_108_109_112_113_115_118_119_122_123_130_131_135_138_142_144_147_150_153_163_177_186  1.05e+09  8.44e+08  47994.48  12099.92  12515.29    643.86     75.81     14.15  -2664.77   1752.78      0.00 0
104284 5626.0    0_1_2_3_4_5_6_7_8_9_11_12_13_15_16_17_19_20_21_23_24_27_28_29_31_32_33_35_37_39_40_41_44_45_47_48_51_52_53_55_57_58_59_61_62_63_66_67_69_70_73_74_78_79_81_82_83_85_88_89_91_93_94_97_98_102_103_105_106_107_110_111_113_116_117_119_120_121_123_124_128_129_131_132_135_136_137_140_141_144_145_148_150_151_152_157_158_160_161_162_167_168_172_173_175_181_182_184_185_190_191_196_197_198_199_200_205_206_211_212_213_214_217_218_219_220_224_226_227_230_231_233_235_238_241_243_244_246_249_250_251_253_255_256_258_259_260_261_264_267_268_270_271_272_274_277_279_281_284_289_291  1.86e+09  1.51e+09  96079.82 -94121.15  15086.54    685.76     83.60    315.59  -3982.84   -644.22      0.00 0
104285 5626.0    0_1_2_3_4_5_6_7_8_9_10_11_12_13_14_15_16_17_18_19_20_21_23_24_27_28_29_30_31_32_33_35_36_37_39_40_41_43_44_45_47_48_51_52_53_55_56_57_58_61_62_63_65_66_67_69_70_73_74_77_78_79_81_82_83_85_87_88_89_91_93_94_97_98_101_102_103_105_106_109_110_111_113_116_117_119_120_123_124_127_128_129_131_132_135_136_139_140_141_144_148_150_157_158_160_161_166_167_168_171_172_173_181_182_190_191_195_196_197_200_205_206_212_213_214_220_226_227_230_231_235_238_243_246_249_250_252_253_258_260_261_264_266_267_270_274_275_276_277_279_281_284_286_287_289_291_293_295_298  1.26e+10  1.07e+10  30835.52 -81175.08  13722.16    748.08     81.02    290.80    512.27  -6425.38      0.00 0
104286 5626.0    121_125_133_137_141_143_146_152_154_162_164_168_170_173_176_178_185_187_191_193_194_197_199_200_202_203_206_208_209_212_214_215_216_218_220_221_222_224_226_227_228_229_231_232_233_235_236_238_239_240_241_243_244_245_246_247_248_249_250_251_253_255_256_258_259_260_261_262_264_265_266_267_268_270_271_272_274_275_276_277_279_280_281_282_284_286_287_288_289_290_291_293_294_295_296_297_298  1.45e+10  1.21e+10 -90128.99 -127105.48  15003.50    706.24     84.50    234.66   5174.60  -7188.63      0.00 0
104287 5626.0    0_1_2_3_4_5_6_7_10_11_12_14_15_17_18_19_22_23_25_26_27_30_31_33_34_36_38_39_42_43_46_47_49_50_51_54_56_57_59_60_61_64_65_68_69_71_72_73_75_76_77_80_81_84_86_87_90_92_93_96_97_99_100_101_104_105_108_109_112_114_115_118_119_122_123_125_126_127_130_133_134_135_138_139_142_143_144_147_149_150_153_154_155_156_159_160_163_164_165_166_169_170_171_174_177_179_180_183_186_187_188_189_192_193_194_195_204_208_209_210_215_216_221_222_232_236_239_240  3.47e+10  2.98e+10  96854.98 -36830.44  14083.82    764.03     82.26    339.18  -4289.61   4618.93      0.00 0
104288 5626.0    146_152_154_162_164_168_170_173_176_178_185_187_191_193_194_197_199_202_203_206_208_209_212_214_215_216_218_220_221_222_224_227_228_229_231_232_233_235_236_238_239_240_241_243_244_245_246_247_248_250_251_253_255_256_258_259_260_261_262_264_265_267_268_270_271_272_274_275_276_277_279_281_282_284_286_287_288_289_291_293_294_295_296_297_298  1.17e+09  9.33e+08 -152353.92 -231584.20  13121.17    653.28     87.29    236.66   5356.23 -10957.46      0.00 0
104289 5626.0    88_102_110_128_140_157_167_172_190_196_211_213_219_230_237_242_252_257_269_273  1.74e+10  1.50e+10  -4822.60 -24378.26   9579.12    702.69     68.92    258.81  -2353.38  -6162.82      0.00 0
104290 5626.0    66_78_79_88_91_102_103_106_110_111_116_117_120_128_129_136_140_141_148_157_158_162_168_173_197_199_212  2.04e+09  1.70e+09 -25988.28   9259.12  10041.37    688.59     70.00    160.39    246.04  -4102.21      0.00 0
104291 5626.0    88_91_94_98_102_106_110_116_117_120_124_128_132_136_140_145_148_151_157_158_161_167_168_172_175_181_182_184_190_191_196_197_198_200_205_206_211_213_214_217_219_220_223_226_227_230_231_235_237_238_243_246_249_250_253_255_258_261_264_267_270_271_274_279_281_284  1.32e+10  1.12e+10  51740.24 -38174.08  12859.80    731.75     78.69    323.58  -1806.58  -5142.84      0.00 0
104292 5626.0    152_176_185_202_203_228_229_245_247  1.48e+10  1.27e+10 -18359.34   2763.48   8453.26    723.21     65.52    171.44   6121.86  -3853.19      0.00 0
104293 5626.0    0_1_2_3_4_5_6_7_8_9_10_11_12_13_14_15_16_17_18_19_21_22_23_25_26_27_29_30_31_33_34_36_39_41_42_43_46_47_49_51_53_56_57_59_61_65_73_77_80_81_87_92_93_101_105_109_115_119_127_135_139_150_160_166_171_195  2.69e+09  2.24e+09  26692.64 -34152.74  11793.20    676.23     74.78    308.01  -2745.80   4084.50      0.00 0
104294 5626.0    0_1_2_3_4_5_6_7_8_9_10_11_12_13_14_15_16_17_18_19_20_21_22_23_24_25_26_27_28_29_30_31_32_33_34_35_36_37_38_39_40_41_42_43_44_45_46_47_48_49_50_51_52_53_54_55_56_57_58_59_60_61_62_63_64_65_66_67_68_71_72_73_75_76_77_78_79_80_81_82_83_84_86_87_88_89_90_91_92_95_96_99_100_101_102_103_104_105_107_108_109_110_111_112_114_115_116_117_118_121_122_125_126_127_128_129_130_133_134_137_138_139_141_142_143_146_147_148_149_152_153_154_155_156_157_158_159_162_163_164_165_166_167_168_169_173_174_176_177_178_179_180_181_182_183_185_186_189_190_191_192_195_197_199_200_201_202_203_204_205_206_207_212_214_218_220_224_225_226_227_230_231_233_235_238_241_243_244_246_249_250_253_255_256_258_259_260_261_264_266_267_270_271_272_274_275_276_277_279_281_284_286_287_288_289_291_293_294_295_297_298  3.55e+10  3.02e+10  12710.98 -138864.50  14607.05    757.03     84.02    275.23   2192.70  -5767.99      0.00 0
104295 5626.0    0_1_2_3_4_5_6_7_8_9_10_11_12_13_14_15_16_17_18_19_20_21_22_23_24_25_26_27_28_29_30_31_32_33_34_35_36_37_38_39_40_41_42_43_44_45_46_47_48_49_50_51_52_53_54_55_56_57_58_59_61_62_63_65_66_67_69_70_71_72_73_74_75_77_78_79_80_81_82_83_85_87_89_91_92_93_95_97_101_103_105_107_109_111_117_119_121_123_127_129_135_137_139_141_144_150_152_158_160_162_166_168_171_173_176_185_191_195_197_199_203_212_214_218_220_224_233_235_241_243_244_251_255_256_259_264_271_272_279  1.17e+09  9.47e+08 -34642.59  48441.82  12897.86    685.55     77.78    125.57    850.68  -1594.97      0.00 0
104296 5626.0    0_1_2_3_4_5_6_7_8_9_10_11_12_13_14_15_16_17_18_19_20_21_22_23_24_25_26_27_28_29_30_31_32_33_34_35_36_37_38_39_40_41_42_43_44_45_46_47_48_49_50_51_52_53_54_55_56_57_58_59_60_61_62_63_64_65_66_67_68_69_70_71_72_73_74_75_76_77_78_79_80_81_82_83_84_85_86_87_88_89_90_91_92_93_94_95_96_97_98_99_100_101_102_103_104_105_106_107_108_109_110_111_112_113_114_115_116_117_118_119_120_121_122_123_124_125_126_127_128_129_130_131_132_133_134_135_136_137_138_139_141_142_143_144_145_146_147_149_150_151_152_153_154_155_156_158_159_160_162_163_164_165_166_168_169_170_171_173_174_176_177_178_179_180_183_185_186_187_188_189_192_193_194_195_199_201_202_203_204_207_208_209_210_212_215_216_218_221_222_224_225_228_229_232_233_236_239_240_241_245_247_248_251_256_262_265_268_282  2.57e+10  2.18e+10 -290978.59  99567.50  11169.58    750.74     87.92    161.11    882.19   4625.12      0.00 0
104297 5626.0    55_66_78_79_88_89_91_102_103_106_110_111_116_117_120_128_129_136_137_140_141_145_148_151_152_157_158_161_162_167_168_172_173_175_176_181_182_184_185_190_191_196_197_198_199_200_203_205_206_211_212_213_214_217_218_220_223_224_228_233_235_241_244_248_251_256_262_265  1.70e+09  1.39e+09  60162.07  -7376.31  12894.66    695.20     77.99    353.01  -2643.99  -4400.49      0.00 0
104298 5626.0    39_51_61_65_77_81_87_93_97_105_109_119_123_131_135_144  1.38e+10  1.18e+10  21098.87   4181.52   8874.25    736.59     67.58     11.21  -3882.92   1995.14      0.00 0
104299 5626.0    0_1_2_3_4_5_6_7_8_9_10_11_12_13_14_15_16_17_18_19_20_21_22_23_24_25_26_27_28_29_30_31_32_33_34_35_36_37_38_39_40_41_42_43_44_45_46_47_48_49_50_51_52_53_54_55_56_57_58_59_60_61_62_63_64_65_66_67_68_69_70_71_72_73_74_75_76_77_78_79_80_81_82_83_84_85_86_87_88_89_90_91_92_93_94_95_96_97_98_99_100_101_102_103_104_105_106_107_108_109_110_111_112_113_114_115_116_117_118_120_121_122_124_125_126_127_128_129_130_133_134_135_136_137_138_139_140_141_142_143_145_146_147_148_149_151_152_153_154_155_156_157_158_159_161_162_163_164_165_166_167_168_169_170_172_173_174_176_177_178_179_180_181_182_183_184_185_186_187_188_189_190_191_192_193_194_195_196_197_198_199_200_201_202_203_204_205_206_207_208_209_210_211_212_213_214_215_216_217_218_219_220_221_222_223_224_225_226_227_228_229_230_231_232_233_234_235_236_237_238_239_240_241_242_243_244_245_246_247_248_249_250_251_252_253_254_255_256_257_258_259_260_261_262_263_264_265_266_267_268_269_270_271_272_273_274_275_276_277_278_279_280_281_282_283_284_285_286_287_288_289_290_291_292_293_294_295_296_297_298  5.75e+09  4.79e+09  69824.67 301005.41  10952.43    771.49     87.97     76.94   3276.26 -10420.45      0.00 0
