#event_number primary_type du_ids energy_primary em_energy Xmax_pos(x, y, z), Xmax_grams zenith azimuth shower_core_pos_x shower_core_pos_y shower_core_pos_z, N_tested_cores, units are degrees, GeV and meters
107000 5626.0    0_1_2_3_4_5_6_7_8_9_10_11_12_13_14_15_16_17_18_19_20_21_22_23_24_25_26_27_28_29_30_31_32_33_34_35_36_37_38_39_40_41_42_43_44_45_46_47_48_49_50_51_52_53_54_55_56_57_58_59_60_61_62_63_64_65_66_67_68_69_70_71_72_73_74_75_76_77_78_79_80_81_82_83_84_85_86_87_88_89_90_91_92_93_94_95_96_97_98_99_100_101_102_103_104_105_106_107_108_109_110_111_112_113_114_115_116_117_118_119_120_121_122_123_124_125_126_127_128_129_130_131_132_134_135_136_137_138_139_140_141_142_144_145_147_148_149_150_151_153_156_157_158_159_160_161_162_163_166_167_168_169_171_172_173_174_175_177_180_181_182_183_184_186_189_190_191_192_195_196_197_198_200_201_204_205_206_207_211_213_214_217_219_223_225_226_227_230_231_234_237_238_242_246_249_250_252_253_254_257_260_261_263_266_267_269_273_275_276_277_278_280_281_283_285_286_287_288_289_290_292_293_294_295_296_297_298  1.29e+08  9.54e+07 -48243.89 -237126.30  14546.06    613.36     86.56    258.50  -2715.55  -7498.09      0.00 0
107001 5626.0    1_2_8_11_15_16_19_20_23_24_28_31_32_37_39_40_44_47_48_51_52_57_58_61_62_65_66_69_70_73_74_78_81_82_85_87_88_93_94_97_98_102_105_106_109_110_113_116_119_120_123_124_127_128_131_132_135_136_139_140_144_150_151_157_160_161_166_167_171_172_181_190_195_196_205_211_213_219_226_230_237_249_252  7.08e+08  5.64e+08   7167.91 -51261.98  12637.04    650.02     76.28    277.96  -2647.27    -16.57      0.00 0
107002 5626.0    213_219_223_226_230_234_237_242_246_249_250_252_254_257_260_261_263_266_267_269_270_273_275_276_277_280_281_283_284_286_287_288_289_290_291_293_294_295_298  3.63e+08  2.82e+08  44331.55 -30673.72  12952.32    627.64     76.49    325.32   1247.16 -11271.33      0.00 0
107003 5626.0    226_227_246_249_250_252_257_260_261_266_269_273_276_278_280_283_285_288_290_292  1.48e+08  1.14e+08  30985.48  16900.85  11665.88    587.33     71.71     28.61  -3244.17 -10475.16      0.00 0
107004 5626.0    48_58_69_70_73_74_82_85_88_93_94_97_98_106_110_113_119_120_123_124_128_131_132_135_136_140_144_145_150_151_157_160_161_167_172_175_184_190_196_198_205_211_213_217_219_223_226_230_234_237_242_249_252_254_257_260_263_266_269_273_276_278_280_283_285_286_288_290_292_293_294_296_297  6.61e+08  5.19e+08 -16069.57  69383.91  13714.91    658.53     79.10    103.04  -4084.42  -2940.16      0.00 0
107005 5626.0    10_18_22_26_30_34_38_42_46_50_54_60_64_71_72_76_84_86_96_99_100_114_126_133_134_143_164_165_170_193  8.91e+08  7.28e+08 -24209.45   9599.87  10195.78    634.01     68.62    158.37   3755.79    394.95      0.00 0
107006 5626.0    10_14_18_22_26_27_30_34_36_38_39_42_43_46_50_54_56_60_61_64_65_68_72_76_77_80_84_86_87_90_92_96_100_101_104_108_112_114_122_126_134_138_143_147_155_164_165_170_179_188_193_194_208_216_221_222_236_240  4.27e+08  3.35e+08  40227.69 -11961.82  11955.03    635.80     74.10    343.44   4479.53   1191.35      0.00 0
107007 5626.0    96_100_108_114_122_126_133_134_138_142_143_147_153_154_155_163_164_165_169_170_174_177_179_186_187_188_192_193_194_208_209_215  1.62e+08  1.24e+08 -17010.46  37429.88  12077.09    608.89     73.63    114.44   4187.16   3235.80      0.00 0
107008 5626.0    62_66_88_91_102_106_110_116_117_128_140_148_157_158_167_181_182_190_191_200_205_206_214_226_227_231_246_250_253_261_267_270_277_281_284_289_291  5.13e+08  4.11e+08  16326.80 -32646.55  11257.24    660.55     72.86    296.57    261.71  -7130.16      0.00 0
107009 5626.0    43_56_61_65_77_81_87_92_93_101_104_105_109_115_118_119_123_127_135_144  1.15e+08  8.84e+07  25214.92  10064.83  10754.71    578.70     68.39     21.76  -2145.37   2763.97      0.00 0
107010 5626.0    31_37_39_47_51_57_61_65_69_70_73_77_81_85_87_93_97_98_101_105_109_113_115_119_123_124_127_131_132_135_145  2.24e+08  1.75e+08 -18482.27 -25188.20  10696.40    658.01     71.10    233.73  -3314.99    821.15      0.00 0
107011 5626.0    0_1_2_3_4_5_6_7_8_9_10_11_12_13_14_15_16_17_18_19_20_21_22_23_24_25_26_27_28_29_30_31_32_33_34_35_36_37_38_39_40_41_42_43_45_46_47_48_49_50_51_52_53_54_56_57_58_59_60_61_63_64_65_67_68_69_70_71_72_73_74_75_76_77_80_81_83_84_85_86_87_90_92_93_95_96_97_98_99_100_101_104_105_107_108_109_112_113_114_115_118_119_121_122_123_125_126_127_130_131_133_134_135_138_139_142_143_144_146_147_149_150_153_154_155_156_159_160_163_164_165_166_169_170_171_176_177_178_179_180_186_187_188_189_193_194_195_202_208_209_210_215_216_221_222_229_232_236_239_240_245_247  1.26e+08  9.48e+07 -127435.16  39520.91  15508.34    631.14     83.37    162.77   5429.78    279.05      0.00 0
107012 5626.0    0_1_2_3_4_5_6_7_8_9_10_11_12_13_14_15_16_17_18_19_20_21_22_23_24_25_26_27_28_29_30_31_32_33_34_35_36_37_38_39_40_41_42_43_44_45_46_47_48_49_50_51_52_53_54_55_56_57_58_59_60_61_62_63_64_65_66_67_68_69_70_71_72_73_74_75_76_77_78_79_80_81_82_83_84_85_86_87_88_89_90_91_92_93_94_95_96_97_98_100_101_102_103_104_105_106_107_108_109_110_111_112_113_115_116_117_118_119_120_122_123_124_127_128_129_130_132_135_136_138_139_140_142_145_148_149_151_153_156_157_158_159_161_163_166_167_168_169_171_172_174_175_180_181_182_183_184_186_189_190_191_192_195_196_198_200_201_204_205_206_207_211_213_217_219_223_225_226_227_230_231_234_237_242_246_249_250_252_254_257_260_261_263_266_269_273_275_276_278_280_283_285_286_287_288_290_292_293_294_296_297  2.14e+08  1.59e+08 -34030.14 -135881.08  15935.06    587.04     83.51    255.94  -1062.69  -2175.82      0.00 0
107013 5626.0    2_5_8_9_13_16_20_21_24_28_29_32_35_37_40_41_44_45_48_52_53_55_58_62_63_66_67_69_70_74_78_79_82_83_85_88_89_91_94_98_102_103_106_107_111_113_117_121_124_129_132_137_141_152_162_185  4.68e+08  3.68e+08  33963.64 -15114.48  11486.24    637.57     72.83    336.01    -49.70  -2288.69      0.00 0
107014 5626.0    89_91_102_103_107_110_111_116_117_121_128_129_136_137_140_141_146_148_151_152_157_158_161_162_167_168_172_173_175_176_178_181_182_184_185_190_191_196_197_198_199_200_202_203_205_206_209_211_212_213_214_217_218_219_220_223_224_226_227_228_229_230_231_232_233_234_235_237_238_241_242_243_244_245_246_247_248_249_250_251_252_253_254_255_256_257_258_259_260_261_262_263_264_265_266_267_268_269_271_272_273_278_282  2.82e+08  2.13e+08 -113693.99  -9007.81  15420.20    611.29     82.30    184.53  -2704.26  -6372.65      0.00 0
107015 5626.0    55_62_66_78_79_82_88_91_94_102_103_106_110_111_116_117_120_124_128_129_136_137_140_141_145_148_151_152_157_158_161_162_167_168_172_173_175_181_182_184_185_190_191_196_197_198_199_200_203_205_206_211_212_213_214_217_218_219_220_223_224_226_227_228_230_231_233_234_235_237_238_241_242_243_244_246_248_249_250_251_252_253_254_255_256_257_258_259_260_261_262_263_264_265_266_267_268_269_270_271_272_274_277_279_281_282_284  7.94e+08  6.24e+08 -127118.59  39155.36  15531.22    627.93     83.34    162.88   2257.75  -6953.97      0.00 0
107016 5626.0    33_38_49_53_59_63_67_71_72_75_76_83_86_89_95_96_99_100_103_107_111_114_117_121_122_125_126_129_133_134_137_141_143_146_147_148_152_153_154_155_158_162_164_165_168_170_173_176_177_178_179_182_185_186_187_188_191_193_194_197_199_200_203_206_210_212_214_218_220_224_226_227_231_235_238_243_244_246_249_250_253_255_258_260_261_264_267_270_274_275_276_277_281_284_286_287_288_289_291_293_294_295_296_297_298  8.51e+08  6.78e+08  21244.24  70631.58  13896.59    649.87     79.33     73.26   2123.37  -7413.78      0.00 0
107017 5626.0    21_25_33_38_41_45_49_50_53_59_63_67_71_72_75_76_79_83_86_89_91_95_96_99_100_103_107_111_114_117_121_122_125_126_129_133_134_137_141_143_147_148_153_155_158_165_168_177_179_181_182_186_188_191_210  3.98e+08  3.17e+08  21108.58  37615.04  11856.54    664.27     74.63     60.70   3497.70   -210.51      0.00 0
107018 5626.0    0_1_2_3_4_5_6_7_8_9_10_11_12_13_14_15_16_17_18_19_20_21_22_23_24_25_26_27_28_29_30_32_33_34_35_36_38_40_41_42_43_44_45_46_48_49_50_52_53_54_55_56_58_59_60_62_63_64_66_67_68_71_72_76_78_79_80_82_83_84_88_89_90_91_102_103_104_106_108_110_112_116_117_128_129_130_136_140_142_148_157_158_161_167_172_181_182_190_196_198_200_205_206_211_213_219_226_227_230_234_237_242_246_249_252_254_257_260_263_266_269_273_276_278_280_283_285_286_288_290_292_294_296  5.13e+08  4.04e+08 -24749.82 -73926.53  14237.94    629.07     79.65    251.49  -2872.81 -10060.44      0.00 0
107019 5626.0    0_1_2_3_4_5_6_7_8_9_10_11_12_13_14_15_16_17_18_19_20_21_22_23_24_25_26_27_28_29_30_31_32_33_34_35_36_37_38_40_41_42_43_44_45_46_48_49_50_52_53_54_55_56_58_59_60_62_63_64_66_67_68_71_72_74_75_76_78_79_80_82_83_84_86_88_89_90_91_94_95_96_99_100_102_103_104_106_107_108_110_111_112_114_116_117_120_121_122_125_126_128_129_130_133_134_136_137_138_140_141_142_143_147_148_151_153_154_155_157_158_161_163_164_165_167_168_169_170_172_174_177_179_181_182_184_186_188_190_191_194_196_198_200_205_206_210_211_213_216_217_219_223_226_227_230_234_237_242_246_249_252_254_257_260_263_266_269_273_278_280_283_285_290_292  6.92e+08  5.42e+08 -62623.63 -90440.01  15147.07    635.34     82.16    235.30   -319.42  -3365.14      0.00 0
107020 5626.0    0_1_2_3_4_5_6_7_8_9_10_11_12_13_14_15_16_17_18_19_20_21_22_23_24_25_26_27_28_29_30_31_32_33_34_35_36_37_38_39_40_41_42_43_44_45_46_47_48_49_50_51_52_53_54_55_56_57_58_59_60_61_62_63_64_65_66_67_68_69_70_71_72_73_75_76_77_78_79_80_81_83_84_86_87_88_89_90_91_92_93_95_96_99_101_102_103_104_105_107_108_109_111_112_115_116_117_118_119_121_125_127_129_130_135_137_139_141_146_148_149_150_152_156_158_159_160_162_166_168_171_173_176_180_182_183_185_189_191_195_197_199_201_204_206_212_214_218_220_224_225_231_235_238_241_243_244_253_255_256_258_259_264_270_271_274_279_284  2.63e+08  2.03e+08  35919.27 -80675.98  14730.64    615.92     80.53    294.00   -353.01   2051.36      0.00 0
107021 5626.0    0_1_2_5_6_7_8_11_13_14_15_16_19_20_23_24_27_28_31_32_35_36_37_39_40_43_44_46_47_48_51_52_55_56_57_58_61_62_65_66_69_70_73_74_77_78_80_81_82_85_87_88_91_92_93_94_97_98_101_102_105_106_109_110_113_115_116_118_119_120_123_124_127_128_131_132_135_136_139_140_144_145_148_149_150_151_156_157_160_161_166_167_171_172_175_180_181_183_184_189_190_195_196_198_201_204_205_211_213_217_219_223_225_226_230_234_237_242_249_252_254_257_260_263_266_269_273_276_278_280_283_285_286_288_290_292_294_296  4.79e+08  3.71e+08  -8281.87 -173684.11  15273.83    662.28     84.98    267.27  -4044.07   3299.24      0.00 0
107022 5626.0    253_258_260_261_264_266_267_269_270_271_274_275_276_277_279_280_281_283_284_286_287_288_289_290_291_292_293_294_295  5.75e+08  4.52e+08  53563.66    -28.04  12869.39    635.56     76.49    359.97   5648.57 -10679.86      0.00 0
107023 5626.0    0_1_2_3_4_5_6_7_8_9_10_11_12_13_14_15_16_17_18_19_21_22_25_26_27_28_29_30_33_34_35_36_38_41_42_43_44_45_46_49_53_55_56_59_63_67_75_77_78_79_83_89_91_95_103_107_111_117_121_129_137_141_148_152_158_162_168_173_182_191_197_199_206_212_214_220_224_231_235_238_243_244_250_253_255_258_259_264_267_270_271_274_279_281_284_291  1.17e+08  8.89e+07 -20048.39  59710.45  13756.27    597.40     77.68    108.56   3278.63  -8187.16      0.00 0
107024 5626.0    0_1_2_3_4_5_6_7_8_10_11_12_14_15_16_17_18_19_20_22_23_24_25_26_27_30_31_32_34_36_37_38_39_42_43_46_47_48_50_51_54_56_57_58_60_61_64_65_68_69_70_72_73_74_76_77_80_81_84_85_86_87_90_92_93_94_96_97_98_100_101_104_105_108_109_112_113_115_118_119_122_123_124_126_127_130_131_132_134_135_138_139_142_144_147_149_150_153_155_156_159_160_163_165_166_169_171_174_177_179_180_183_186_188_189_192_207_210_216_240  1.00e+08  7.33e+07 118540.05  35405.93  15716.55    594.14     82.76     16.63   1152.83   3263.67      0.00 0
107025 5626.0    0_1_2_3_4_5_6_7_8_9_10_11_13_14_15_16_19_20_23_24_27_28_29_30_31_32_35_36_37_39_40_43_44_45_46_47_48_51_52_55_56_57_58_61_62_65_66_69_70_73_74_77_78_79_80_81_82_85_87_88_91_92_93_94_97_98_101_102_105_106_109_110_113_115_116_118_119_120_123_124_127_128_131_132_135_136_139_140_144_145_148_149_150_151_156_157_160_161_166_167_171_172_175_180_181_183_184_189_190_195_196_198_200_201_204_205_211_213_217_219_223_225_226_230_234_237_242_246_249_252_254_257_260_263_266_269_273_276_278_280_283_285_286_288_290_292_294_296_297  9.12e+08  7.13e+08   5251.45 116997.89  15231.46    640.72     82.59     87.43  -2859.70    961.98      0.00 0
107026 5626.0    7_14_19_22_27_30_31_36_39_42_43_46_47_51_54_56_57_61_64_65_68_73_77_80_81_84_87_90_92_93_96_97_101_104_105_108_109_112_115_118_119_122_123_127_130_131_135_138_139_142_144_147_149_150_153_156_159_160_163_166_169_174_177_179_186_210  3.55e+08  2.77e+08 -57805.84 -12255.38  13240.82    633.99     77.37    191.97    526.91   3419.88      0.00 0
107027 5626.0    9_13_20_21_28_29_33_35_40_41_44_45_52_53_55_59_62_63_66_67_75_78_79_82_83_88_89_91_94_95_99_102_103_106_107_110_111_116_117_120_121_124_125_128_129_133_136_137_140_141_145_146_148_151_152_154_157_158_161_162_164_167_168_172_173_175_176_178_184_185_187_193_198_202_203_209_215_221_228_229_232_239_245_247  1.95e+08  1.51e+08  55956.41   5279.58  12831.36    665.16     77.14      5.39   2682.61  -2904.36      0.00 0
107028 5626.0    0_1_2_3_4_5_6_7_8_9_10_11_12_14_15_16_17_19_23_24_27_31_37_39_47_48_51_57_61_65_69_70_73_81_85_87_93_97_105_113_119_123_131_135_144_150  5.13e+08  4.04e+08  32357.30 -17110.62  11463.62    632.61     72.61    332.13  -3779.83   1995.91      0.00 0
107029 5626.0    20_28_35_40_44_45_52_55_58_62_63_66_67_74_78_79_82_88_89_91_94_98_102_103_106_107_110_111_116_117_120_124_128_129_132_136_137_140_141_145_148_151_152_157_158_161_162_167_168_172_173_175_176_181_182_184_185_190_191_196_197_198_199_200_203_205_206_211_212_213_214_217_218_219_220_223_224_226_227_228_230_231_233_234_235_237_238_241_242_243_244_245_246_248_249_250_251_253_255_256_258_259_262_264_265_267_268_270_271_272_274_279_282  3.02e+08  2.28e+08 -111355.51  38168.95  15163.23    650.55     82.66    161.08   2331.89  -6098.58      0.00 0
107030 5626.0    6_7_10_14_15_18_19_22_27_30_31_34_36_39_42_43_46_51_54_56_57_60_61_64_65_68_73_76_77_80_81_84_87_90_93_96_105_119_123_144  1.35e+08  1.05e+08 -24492.38   2336.78   9766.10    667.50     68.35    174.55   -707.41   1899.58      0.00 0
107031 5626.0    12_17_18_21_25_26_33_34_38_41_45_49_50_53_54_59_60_63_64_67_71_72_75_76_79_83_84_86_89_90_95_96_99_100_103_107_108_111_112_114_117_121_122_125_126_129_133_134_137_138_141_142_143_146_147_152_153_154_155_158_162_163_164_165_168_170_173_174_176_177_179_182_185_186_188_191_197_199_206_210_212_214_220_227_231_238_250_253_261_267_277  2.34e+08  1.81e+08  15200.97  66584.50  13820.84    625.43     78.56     77.14   3996.69   2516.34      0.00 0
107032 5626.0    8_16_20_24_28_32_35_37_40_44_45_48_52_55_58_62_66_67_69_70_73_74_78_79_82_85_88_91_94_97_98_102_103_106_110_111_113_116_117_120_123_124_128_129_131_132_136_140_141_144_145_148_151_157_158_161_167_168_172_173_175_181_182_184_190_191_196_197_198_199_200_205_206_211_212_213_214_217_219_220_223_224_226_227_230_231_234_235_237_238_242_243_244_246_249_250_252_253_254_255_256_257_258_259_260_261_264_266_267_269_270_271_272_274_275_276_277_279_281_284_286_287_289_291_293_295  1.51e+08  1.10e+08 -106399.73  97156.31  15983.40    583.99     83.67    137.60   1088.98  -7696.72      0.00 0
107033 5626.0    10_18_22_25_26_30_34_36_38_42_46_49_50_54_56_59_60_64_68_71_72_75_76_77_80_84_86_90_92_95_96_99_100_101_104_108_112_114_115_118_121_122_125_126_127_130_133_134_138_142_143_146_147_149_152_153_154_155_156_159_163_164_165_169_170_174_176_178_180_183_185_187_189_192_193_201_202_203_204_207_209_225_228_229_233_248  3.55e+08  2.76e+08  32640.67 -57621.76  13642.12    634.71     78.36    299.53   1081.71   4848.67      0.00 0
107034 5626.0    20_28_29_35_40_41_44_45_52_53_55_58_62_63_66_67_74_78_79_82_83_88_89_91_94_95_98_102_103_106_107_110_111_116_117_120_121_124_128_129_132_136_137_140_141_145_146_148_151_152_157_158_161_162_167_168_172_173_175_176_178_181_182_184_185_190_191_196_197_198_199_200_202_203_205_206_209_211_212_213_214_217_218_219_220_223_224_226_227_228_229_230_231_232_233_234_235_237_238_241_242_243_244_245_246_247_248_249_250_251_252_253_254_255_256_257_258_259_260_261_262_263_264_265_266_267_268_269_270_271_272_273_274_275_276_277_278_279_280_281_282_283_284_285_286_287_288_289_290_291_292_293_294_295_296_297_298  2.09e+08  1.55e+08 -294740.53  41160.82  12733.34    612.97     87.55    172.05  -1560.34  -7263.54      0.00 0
107035 5626.0    102_106_110_116_117_120_124_128_136_140_145_148_151_157_158_161_167_168_172_175_181_182_184_190_191_196_197_198_200_205_206_211_213_214_217_219_220_223_226_227_230_231_234_235_237_238_242_243_246_249_250_252_253_255_258_259_260_261_264_267_270_271_274_277_279_281_284_291  3.72e+08  2.89e+08 -57083.64  35766.86  13668.49    639.09     78.53    147.93  -1433.75  -6032.63      0.00 0
107036 5626.0    0_1_2_3_4_5_6_7_8_9_10_11_12_13_14_15_16_17_18_19_20_21_22_23_24_25_26_27_28_29_30_31_32_33_34_35_36_37_38_39_40_41_42_43_44_45_46_47_48_49_50_51_52_53_54_55_56_57_58_59_60_61_62_63_64_65_66_67_68_69_70_71_72_73_74_75_76_77_78_79_80_81_82_83_84_85_86_88_89_90_91_92_94_96_98_100_102_104_106_108_110_112_116_118_120_122_124_126_128_130_136_138_140_142_145_147_151_153_157_161_163_167_169_172_174_175_177_184_186_190_196_198_211_213_217_219_223_234_242_254_263_278  1.05e+08  7.69e+07  50958.38  62659.56  14706.60    585.42     79.68     50.88  -2174.54  -2867.16      0.00 0
107037 5626.0    0_1_2_3_4_5_6_7_8_9_10_11_12_13_14_15_16_17_18_19_20_21_22_23_24_25_26_27_28_29_30_31_32_33_34_35_36_37_38_39_40_41_42_43_44_45_46_47_48_49_50_51_52_53_54_55_56_57_58_59_60_61_62_63_64_65_66_67_68_69_70_71_72_73_74_75_76_77_78_79_80_81_82_83_84_85_86_87_88_89_90_91_92_93_94_95_96_97_98_99_100_101_102_103_104_105_106_107_108_109_110_111_112_113_114_115_116_118_119_120_121_122_123_124_125_126_127_128_130_131_132_133_134_135_136_138_139_140_142_143_144_145_146_147_149_150_151_153_154_155_156_159_160_161_163_164_165_166_169_170_171_174_175_177_178_179_180_183_184_186_187_188_189_192_193_194_195_198_201_204_207_208_210_215_216_217_221_222_225_236_239_240  3.98e+08  3.08e+08 -265262.06 -71821.59  13344.46    637.23     87.22    195.15  -1686.69   1491.81      0.00 0
107038 5626.0    1_2_5_8_11_13_15_16_19_20_23_24_28_29_31_32_35_37_40_44_45_47_48_51_52_55_57_58_62_66_67_69_70_73_74_78_79_81_82_85_88_91_93_94_97_98_102_103_105_106_110_113_116_117_119_120_123_128_129_131_135_136_140_144_148_150_157_158_167_168_181_182_190_191_197_200_205_206_214_220_226_227_230_231_238_243_246_249_250_253_258_260_261_267_270_274_275_277_281_284_287_289_291_295  2.45e+08  1.92e+08 -23629.71  51516.70  12949.64    652.90     77.13    114.64    149.98  -5722.24      0.00 0
107039 5626.0    0_1_2_3_4_5_6_8_9_10_11_12_16_17_18_22_25_26_34_38_50_54_60_71_72_76_84_86_96_100  2.95e+08  2.32e+08  19435.20   8325.92   9684.72    601.80     65.39     23.19   1430.95    491.10      0.00 0
107040 5626.0    111_121_125_129_137_141_146_148_152_154_158_162_164_168_173_176_178_181_182_185_187_191_193_197_199_200_202_203_205_206_209_212_214_215_218_220_221_224_226_227_230_231_235_237_238_243_246_249_250_252_253_257_258_260_261_266_267_269_270_273_275_276_277_280_283_285_286_287_288_290_292_293_294_296_297  4.17e+08  3.26e+08 -42086.30 -47872.12  13444.09    643.12     78.09    228.68   -508.33  -9377.90      0.00 0
107041 5626.0    3_4_10_12_14_17_18_21_22_25_26_30_33_34_36_38_42_46_49_50_53_54_56_59_60_63_64_68_71_72_75_76_77_80_83_84_86_89_90_92_95_96_99_100_101_104_107_108_111_112_114_115_118_121_122_125_126_130_133_134_137_138_141_142_143_146_147_149_152_153_154_155_156_159_162_163_164_165_169_170_173_174_176_177_178_179_180_183_185_186_187_188_189_192_193_194_199_201_202_203_204_207_208_209_210_212_215_216_218_221_222_224_225_228_229_232_233_235_236_239_240_241_244_245_247_248_251_255_256_259_262_265_268_271_272_279_282  3.24e+08  2.54e+08 -56401.47 130461.02  15063.98    694.91     83.95    113.38   5268.12   -952.89      0.00 0
107042 5626.0    75_83_95_99_107_111_121_125_129_137_141_152_158_162_168_173_191_197_199_206_212_214_220_231_235_238_243_250_253_258_267_270_281  9.55e+08  7.72e+08  -3988.36 -33697.52  11031.96    653.72     71.99    263.25   2635.43  -5698.16      0.00 0
107043 5626.0    22_30_34_42_46_50_54_56_60_64_68_72_76_77_80_84_86_90_92_96_100_101_104_108_112_114_115_118_122_126_127_130_133_134_138_139_142_143_147_149_153_155_156_159_163_164_165_166_169_170_171_174_177_179_180_183_186_187_188_189_192_193_194_195_204_208_209_210_215_216_221_222_232_236_239_240_247  1.70e+08  1.26e+08  57416.58 -36339.35  13874.00    616.33     78.46    327.67   6297.36    549.21      0.00 0
107044 5626.0    57_69_70_73_81_85_87_93_97_98_105_109_113_119_123_124_131_132_145  4.27e+08  3.39e+08 -13038.13 -23785.07  10542.58    606.25     68.76    241.27  -3659.65    402.21      0.00 0
107045 5626.0    9_12_17_21_25_26_29_33_34_35_38_41_45_49_50_53_55_59_60_63_67_71_72_75_76_79_83_86_89_91_96_100_103  9.77e+08  7.89e+08  11434.88  22442.20  10212.21    614.68     67.93     63.00   1759.47   -969.76      0.00 0
107046 5626.0    0_1_2_3_4_5_6_7_8_9_10_11_12_13_14_15_16_17_18_19_21_22_23_24_25_26_27_29_30_31_33_34_36_37_38_39_41_42_43_46_47_49_50_51_53_54_56_57_59_60_61_64_65_68_69_71_72_73_75_76_77_80_81_83_84_86_87_90_92_93_95_96_97_99_100_101_105_108_109_114_119_121_123_125_126_133_134_135_143_144_146_150_154_160_164_165_170_178_187_193_202_208_209_215_221_229_232_236_239_247  1.05e+08  7.96e+07 -51551.66  22041.84  12912.98    652.50     77.03    156.85   3019.00    -90.64      0.00 0
107047 5626.0    85_93_94_97_98_113_120_123_124_131_132_145_151  7.41e+08  6.00e+08  -2842.99 -21478.78   9456.69    646.54     66.42    262.46  -3914.92   -532.32      0.00 0
107048 5626.0    0_1_2_3_4_5_6_7_8_9_10_11_12_13_14_15_16_17_18_19_20_21_22_23_24_25_26_27_28_29_30_31_32_33_34_35_36_37_38_39_40_41_42_43_44_45_46_47_48_49_50_51_52_53_54_55_56_57_58_59_60_61_62_63_64_65_66_67_68_69_70_71_72_73_74_75_76_77_78_79_80_81_82_83_84_85_86_87_88_89_90_91_92_93_94_96_97_98_100_101_102_103_104_105_106_107_108_109_110_111_112_113_115_116_117_118_120_122_124_126_127_128_129_130_132_136_138_140_142_145_147_148_149_151_153_156_157_159_161_163_167_169_172_174_175_177_180_181_183_184_186_190_192_196_198_201_205_207_211_213_217_219_223_230_234_237_242_252_254_257_263_269_273_278_283_285_292  5.89e+08  4.53e+08 -56655.15 -106105.67  15472.74    617.13     82.67    241.90   2076.57   4186.56      0.00 0
107049 5626.0    29_35_40_41_44_45_53_55_59_62_63_66_67_78_79_83_88_89_91_95_99_102_103_106_107_110_111_116_117_120_121_125_128_129_133_136_137_140_141_145_146_148_151_152_154_157_158_161_162_164_167_168_172_173_175_176_178_181_182_184_185_187_190_191_193_196_197_198_199_200_202_203_205_206_209_211_212_213_214_215_217_218_219_220_221_223_224_226_227_228_229_230_231_232_233_234_235_236_237_238_239_241_242_243_244_245_246_247_248_249_250_251_252_253_254_255_256_257_258_259_260_261_262_263_264_265_266_267_268_269_271_272_273_278_282_285  3.80e+08  2.89e+08 -148847.27 -27533.47  15696.23    619.11     84.08    190.48   5145.59  -4704.81      0.00 0
107050 5626.0    1_2_7_8_11_15_16_19_20_23_24_27_28_31_32_36_37_39_40_43_47_48_51_52_56_57_58_61_62_65_66_69_70_73_74_77_81_82_85_87_88_92_93_94_97_98_101_102_105_106_109_110_113_115_119_120_123_124_127_128_131_132_135_136_139_140_144_145_149_150_151_156_160_161_166_167_171_172_175_180_183_184_189_190_195_196_198_201_204_211_213_217_219_223_225_234_237_242_252_254_257_263_269_273_278_283_285_290_292  1.62e+08  1.21e+08  18669.01 128916.37  15809.46    592.26     83.08     81.76  -3678.08   2482.63      0.00 0
107051 5626.0    4_6_7_10_14_15_18_19_22_26_27_30_31_34_36_39_42_43_46_50_51_54_56_57_60_61_64_65_68_72_73_76_77_80_81_84_86_87_90_92_93_96_100_101_104_105_108_109_112_114_115_118_119_122_123_126_127_130_134_135_138_139_142_143_144_147_149_150_153_155_156_159_160_163_165_166_169_170_171_174_177_179_180_183_186_188_189_192_194_195_204_208_210_216_222_236_240  2.40e+08  1.81e+08  96057.60 -15712.81  15102.93    604.13     81.18    350.71  -1009.25   3761.84      0.00 0
107052 5626.0    82_88_91_94_98_102_106_110_116_117_120_124_128_132_136_140_145_148_151_157_158_161_167_168_172_175_181_182_184_190_191_196_197_200_205_206_214_220_226_227_231_238_243_250_253_255_258_264_270_271_274_279  5.89e+08  4.67e+08  38005.31 -29682.32  12660.03    611.40     75.29    322.01  -1061.82  -4900.94      0.00 0
107053 5626.0    246_250_253_258_260_261_266_267_269_270_273_274_275_276_277_278_279_280_281_283_284_285_286_287_288_289_290_291_292_293_294_295_296_297_298  2.24e+08  1.71e+08  67454.28  -2131.62  13742.85    630.17     78.49    358.19   4092.03 -11234.08      0.00 0
107054 5626.0    0_1_2_3_4_5_6_7_8_9_10_11_12_13_14_15_16_17_18_19_20_21_22_23_24_25_26_27_28_29_30_31_32_33_34_35_36_37_38_39_40_41_42_43_44_45_46_47_48_49_50_51_52_53_54_55_56_57_58_59_60_61_62_63_64_65_66_67_68_69_70_71_72_73_74_75_76_77_78_79_80_81_82_83_84_85_86_87_88_89_90_91_92_93_94_95_96_97_99_100_101_102_103_104_105_106_107_108_109_110_111_112_114_115_116_117_118_119_121_122_123_125_126_127_128_129_130_133_134_135_137_138_139_140_141_142_143_146_147_148_149_150_152_153_154_155_156_157_158_159_160_162_163_164_165_166_167_168_169_170_171_173_174_176_177_178_179_180_181_182_183_185_186_187_188_189_190_191_192_193_194_195_197_199_200_201_202_203_204_205_206_207_208_209_210_212_214_215_216_218_220_221_222_224_225_226_227_228_229_230_231_232_233_235_236_238_239_240_241_243_244_245_246_247_248_249_250_251_253_255_256_258_259_260_261_262_264_265_267_268_270_271_272_274_275_277_279_281_282_284_286_287_289_291_293_295_298  5.75e+08  4.48e+08 -80879.23 288123.03  12438.04    638.07     87.62    105.68   1360.82   5137.97      0.00 0
107055 5626.0    9_13_17_21_25_28_29_33_35_38_40_41_44_45_49_53_55_59_62_63_66_67_71_72_75_78_79_83_86_88_89_91_95_99_100_102_103_106_107_110_111_114_116_117_121_125_128_129_133_134_136_137_140_141_143_146_148_151_152_154_155_157_158_161_162_164_165_167_168_170_172_173_176_178_181_182_184_185_187_188_190_191_193_194_196_197_198_199_200_202_203_205_206_208_209_210_211_212_213_214_215_216_217_218_219_221_222_223_226_227_228_229_230_232_234_236_237_239_240_242_247_249_252_254_257_263_269_273_278_285  1.41e+08  1.06e+08 -91955.88 -54317.59  15485.29    586.73     81.75    210.57   1970.85  -3543.77      0.00 0
107056 5626.0    71_72_75_76_86_95_96_99_100_107_108_114_121_122_125_126_133_134_137_138_141_143_146_147_152_153_154_155_162_163_164_165_170_173_174_176_177_178_179_185_186_187_188_193_194_197_199_202_203_208_209_210_212_215_216_218_220_221_222_224_228_229_232_233_235_236_238_239_240_241_243_244_245_247_248_251_255_256_258_259_262_264_265_268_270_271_272_274_279_282_284_291  3.55e+08  2.74e+08  -2465.59 -112996.80  15160.90    640.79     82.36    268.75   5864.81  -2477.18      0.00 0
107057 5626.0    0_1_3_4_6_7_10_12_14_15_17_18_19_22_25_26_27_30_31_33_34_36_38_39_42_43_46_49_50_51_54_56_57_60_61_64_65_68_71_72_75_76_77_80_81_84_86_87_90_92_93_96_99_100_101_104_105_108_109_112_114_115_118_119_122_125_126_127_130_133_134_135_138_139_142_143_144_147_149_150_153_154_155_156_159_160_163_164_165_166_169_170_171_174_177_178_179_180_183_186_187_188_189_192_193_194_195_201_204_207_208_209_210_215_216_221_222_225_229_232_236_239_240_247  2.82e+08  2.14e+08 107276.81 -54471.72  15433.94    621.87     82.69    333.08   1379.93   3278.47      0.00 0
107058 5626.0    37_47_48_57_69_70_73_74_81_85_93_97_105_113_119_123_131_135_144_150_160  4.17e+08  3.32e+08  12930.24 -30023.69  10944.15    646.33     71.49    293.30  -4330.50   3593.92      0.00 0
107059 5626.0    13_21_28_29_33_35_40_41_44_45_53_55_59_62_63_66_67_75_78_79_82_83_88_89_91_95_99_102_103_106_107_110_111_116_117_120_121_125_128_129_133_136_137_140_141_145_146_151_152_154_158_161_162_164_168_173_175_176_178_184_185_187_193_202_203_209_215_221_228_229_232_239_245_247  1.70e+08  1.29e+08 -60963.27  -6084.94  13616.05    602.43     77.47    185.70   5829.96  -2589.51      0.00 0
107060 5626.0    136_140_145_151_157_161_167_172_175_181_184_190_196_198_200_205_211_213_219_223_226_227_230_234_237_242_246_249_250_252_253_257_260_261_266_267_269_270_275_276_277_280_281_284_286_287_288_289_291_293_294_295_297_298  4.68e+08  3.72e+08  31701.01 -47300.80  12853.18    668.76     77.28    303.83    861.71 -11091.70      0.00 0
107061 5626.0    0_1_2_3_5_6_7_8_9_11_13_15_16_19_20_21_23_24_27_28_29_31_32_35_37_39_40_41_44_45_47_48_51_52_55_57_58_61_62_63_65_66_67_69_70_73_74_78_79_81_82_85_87_88_89_91_93_94_97_98_102_103_105_106_109_110_111_113_116_117_119_120_123_124_128_129_131_132_135_136_139_140_141_144_145_148_150_151_157_158_160_161_167_168_171_172_173_175_181_182_184_190_191_196_197_198_200_205_206_211_212_213_214_217_219_220_223_226_227_230_231_234_235_237_238_242_243_244_246_249_250_252_253_254_255_257_258_259_260_261_263_264_266_267_269_270_271_273_274_275_276_277_278_279_280_281_283_284_285_286_287_288_289_290_291_292_293_294_295_296_297_298  1.38e+08  1.01e+08 -142668.95 218853.73  14194.51    592.53     86.89    123.10  -1146.15  -7840.03      0.00 0
107062 5626.0    0_1_2_3_4_5_6_7_8_9_10_11_12_13_14_15_16_17_18_19_20_21_22_23_24_25_26_27_28_29_30_31_32_33_34_35_36_37_38_39_40_41_42_43_44_45_46_47_48_49_50_51_52_53_54_55_56_57_58_59_60_61_62_63_64_65_66_67_68_69_70_71_72_73_74_75_76_77_78_79_80_81_82_83_84_85_86_87_88_89_90_91_92_93_94_95_96_97_98_99_100_101_102_103_104_105_106_107_108_109_110_111_112_113_114_115_116_117_118_119_120_121_123_124_125_127_128_129_130_131_132_133_135_136_137_139_140_141_144_145_146_148_149_150_151_152_154_156_157_158_159_160_161_162_166_167_168_171_172_173_175_176_178_180_181_182_184_185_189_190_191_195_196_197_198_199_200_202_203_204_205_206_209_211_212_213_214_217_218_219_220_223_224_226_227_228_229_230_231_233_234_235_237_238_241_242_243_244_245_246_248_249_250_251_252_253_255_256_257_258_259_260_261_262_264_265_266_267_268_269_270_271_272_274_275_276_277_279_280_281_282_284_286_287_288_289_291_293_295_298  1.66e+08  1.24e+08 -150836.47 212640.28  13708.64    647.75     86.99    125.35   4038.02  -9030.42      0.00 0
107063 5626.0    0_1_2_3_4_5_6_7_8_9_10_11_12_13_14_15_16_17_18_19_20_21_22_23_24_25_26_27_28_29_30_31_32_33_34_35_36_37_38_39_40_41_43_44_45_47_48_49_50_51_52_53_55_56_57_58_59_61_62_63_65_66_67_69_70_71_72_73_74_75_77_78_79_81_82_83_85_87_88_89_91_93_94_95_97_98_99_102_103_105_107_109_111_113_116_117_119_121_123_125_129_131_135_137_141_144_146_150_152_158_160_162_168_173_176_178_185_191_197_199_202_203_212_218_220_224_228_233_235_241_244_248_251_255_256_259_262_265_268_271_272_282  5.50e+08  4.33e+08  53863.45 -48481.85  13771.78    658.75     79.24    318.01   1429.22  -2410.04      0.00 0
107064 5626.0    21_25_33_38_41_45_49_53_59_63_67_71_72_75_76_79_83_86_89_91_95_96_99_100_103_107_111_114_116_117_121_125_126_129_133_134_137_141_143_146_147_148_152_154_155_157_158_162_164_165_168_170_173_177_179_181_182_188_191_194_200_205_206_208_210_216_222_226_230_240  2.57e+08  1.98e+08 -30165.74 -43209.43  12856.01    629.27     76.29    235.08   4053.30   -429.54      0.00 0
107065 5626.0    0_1_2_3_4_5_6_7_8_9_10_11_12_13_14_15_16_17_18_19_20_21_22_23_24_25_26_27_28_29_30_31_32_33_34_35_36_37_38_39_40_41_42_43_44_45_46_47_48_49_50_51_52_53_54_55_57_58_59_60_62_63_64_66_67_68_69_70_71_72_73_74_75_76_78_79_81_82_83_84_85_86_88_89_90_91_94_95_96_97_98_99_100_102_103_106_107_108_110_111_113_114_116_117_120_121_122_124_125_126_128_129_131_132_133_134_136_137_140_141_143_145_146_147_148_151_152_154_155_157_158_161_162_164_165_167_168_170_172_173_175_176_177_178_179_181_182_184_185_187_188_190_191_193_194_196_197_198_199_200_202_203_205_206_208_209_210_211_212_213_214_215_216_217_218_219_220_221_222_223_224_226_227_228_229_230_232_233_234_235_236_237_239_240_241_242_245_247_248_251_254_257_262_263_265  2.82e+08  2.16e+08 -199132.19 -52464.29  15122.36    635.14     85.80    194.76   3233.85  -2089.62      0.00 0
107066 5626.0    40_44_52_58_62_66_74_78_82_88_91_94_102_106_110_116_117_128_129_148_157_158_168_181_182_191_197_200_206_214_227_231_238_253_258  5.25e+08  4.17e+08  20481.16 -28397.83  11383.19    620.72     71.99    305.80    -44.64  -4986.03      0.00 0
107067 5626.0    12_18_22_25_26_33_34_38_42_49_50_54_59_60_64_68_71_72_75_76_84_86_90_96_104_108_112_122_130_138_142_163_169_174_192  8.13e+08  6.57e+08  -1909.19 -28593.31  10441.62    648.81     69.98    266.18   2257.61   3042.95      0.00 0
107068 5626.0    38_49_50_59_60_71_72_75_76_83_84_86_95_96_99_100_107_108_111_114_121_122_125_126_133_134_137_138_141_142_143_146_147_152_153_154_155_162_163_164_165_168_173_174_176_177_179_185_186_197_199_212_214_220_235_238  1.00e+09  8.01e+08   4748.89  45334.91  12256.56    637.08     74.95     84.02   3704.82   -127.99      0.00 0
107069 5626.0    0_1_2_3_4_5_6_7_8_9_10_11_12_13_15_16_17_18_20_21_23_24_25_26_28_29_31_32_33_34_35_37_38_40_41_44_45_47_48_49_50_52_53_58_59_62_63_69_70_71_72_73_74_75_76_82_83_85_86_94_95_98_99_113_114_125_132_133_143_154_164  2.24e+08  1.74e+08 -34198.81    925.39  11129.14    644.09     71.98    178.45    709.27   -547.05      0.00 0
107070 5626.0    95_99_103_107_111_114_117_121_125_129_133_134_137_141_143_146_148_152_154_155_158_162_164_165_168_170_173_176_178_179_181_182_185_187_188_191_193_194_197_199_200_202_203_205_206_208_209_210_212_214_215_216_218_220_221_222_224_226_227_228_229_230_231_232_233_235_236_238_239_240_241_243_244_245_246_247_248_249_250_251_252_253_255_256_258_259_260_261_262_264_265_266_267_268_269_270_271_272_274_275_276_277_279_280_281_282_283_284_286_287_288_289_290_291_292_293_294_295_296_297_298  5.25e+08  4.04e+08 -72963.64 -109280.37  15459.18    634.92     83.29    236.27   5142.75  -4247.63      0.00 0
107071 5626.0    91_102_103_110_111_116_117_128_129_136_137_140_141_148_151_152_157_158_161_162_167_168_172_173_175_181_182_184_185_190_191_196_197_198_199_200_203_205_206_211_212_213_214_217_218_219_220_223_224_226_227_228_230_231_233_234_235_237_238_241_242_243_244_245_248_251_255_256_259_262_265_268_272_282  6.03e+08  4.78e+08 -64106.80   4505.27  13355.42    659.11     78.26    175.98    588.16  -5673.11      0.00 0
107072 5626.0    0_1_2_3_4_5_6_7_8_9_10_11_12_13_14_15_16_17_18_19_20_21_22_23_24_25_26_27_28_29_30_31_32_33_34_35_36_37_39_40_41_42_43_44_45_46_47_48_51_52_53_54_55_56_57_58_61_62_63_64_65_66_67_68_69_70_73_74_77_78_79_80_81_82_85_87_88_89_90_91_92_93_94_97_98_101_102_103_104_105_106_109_110_115_116_117_118_119_120_124_127_128_129_135_136_139_140_148_149_151_156_157_158_159_161_166_167_171_172_180_181_182_183_189_190_191_195_196_198_200_201_204_205_206_207_211_213_219_225_226_227_230_231_234_237_242_246_249_250_252_257_260_261_263_266_267_269_273_275_276_277_280_283_285_286_287_288_289_290_292_293_294_295_296_297_298  7.76e+08  6.09e+08   2532.41  90098.09  14646.91    633.94     80.77     88.39  -1275.68  -8507.51      0.00 0
107073 5626.0    0_1_2_3_4_5_6_7_8_9_10_11_12_13_14_15_16_17_18_19_20_21_22_23_25_26_27_28_29_30_31_33_34_35_36_38_39_41_42_43_44_45_46_49_50_51_53_54_55_56_57_59_60_61_63_64_65_67_68_71_72_75_76_77_79_80_81_83_84_86_87_89_90_91_92_95_96_99_100_101_103_104_105_107_108_109_111_112_114_115_117_118_121_125_127_129_130_137_139_141_146_149_152_156_158_159_162_166_168_171_173_176_180_183_185_189_191_195_197_199_201_203_204_207_212_214_218_220_224_225_235_238_241_243_244_255_256_258_259_264_271_272_274_279  8.91e+08  7.12e+08 -26049.44  62951.05  13563.84    658.43     78.74    112.48   1005.25    697.78      0.00 0
107074 5626.0    0_1_2_5_8_9_11_13_15_16_20_21_23_24_28_29_31_32_35_37_40_41_44_45_47_48_51_52_53_55_57_58_62_63_66_67_69_70_73_74_78_79_81_82_85_88_89_91_93_94_97_98_102_103_106_107_110_111_113_116_117_119_123_124_128_129_131_132_137_141_144_148_157_158_162_168_173_182_191_197_199_206_212_214_220_224_235_238_243_244_255_258_259_264_271_279  6.76e+08  5.25e+08  37613.57 -40562.13  13178.58    610.54     76.60    312.84    -39.81  -3096.22      0.00 0
107075 5626.0    58_62_66_74_82_88_94_98_102_106_110_113_120_124_132  1.91e+08  1.47e+08  18862.97 -15794.28  10090.12    619.91     67.70    320.06  -3495.50  -1450.86      0.00 0
107076 5626.0    91_103_116_117_148_157_158_181_182_190_205_213_230_237  2.40e+08  1.89e+08 -12866.12 -18158.03   9704.14    624.14     66.44    234.68   -602.97  -5652.57      0.00 0
107077 5626.0    233_241_244_248_251_255_256_259_262_264_265_268_271_272  5.50e+08  4.40e+08  15616.95  13585.18   9306.82    645.26     65.79     41.02   6044.05  -6601.23      0.00 0
107078 5626.0    0_1_2_3_4_5_6_7_8_9_11_12_13_15_16_17_19_20_21_23_24_28_29_31_32_33_35_37_40_41_44_45_47_48_51_52_53_55_57_58_59_62_63_66_67_69_70_73_74_78_79_81_82_83_85_88_89_91_93_94_95_97_98_102_103_105_106_107_110_111_113_116_117_119_120_121_123_124_128_129_131_132_136_137_140_141_144_145_146_148_150_151_152_157_158_161_162_167_168_172_173_175_176_181_182_184_185_190_191_196_197_198_199_200_203_205_206_211_212_213_214_217_218_219_220_223_224_226_227_228_230_231_233_234_235_237_238_241_242_243_244_246_248_249_250_251_252_253_254_255_256_257_258_259_260_261_263_264_265_266_267_268_269_270_271_272_273_274_275_276_277_278_279_280_281_282_283_284_286_287_288_289_290_291_293_294_295_298  7.59e+08  5.93e+08 195663.19 -145895.95  14030.18    666.14     86.71    323.29   4077.36  -9210.07      0.00 0
107079 5626.0    22_27_30_36_39_42_43_46_51_54_56_60_61_64_65_68_77_80_81_84_87_90_92_93_96_101_104_105_108_109_112_115_118_119_122_123_126_127_130_135_138_139_142_144_147_149_150_153_155_156_159_160_163_166_169_171_174_177_179_180_183_186_188_189_192_195_210_216_240  1.02e+08  7.75e+07 -80754.88   3116.40  14497.23    610.99     79.83    177.79   1369.41   3974.52      0.00 0
107080 5626.0    0_1_2_3_4_5_6_7_10_11_12_14_15_17_18_19_22_23_25_26_27_30_31_33_34_36_37_38_39_42_43_46_47_49_50_51_54_56_57_60_61_64_65_68_69_71_72_73_75_76_77_80_81_84_86_87_90_92_93_96_97_99_100_101_104_105_108_109_112_114_115_118_119_122_123_126_127_130_131_133_134_135_138_139_142_143_144_147_149_150_153_154_155_156_159_160_163_164_165_166_169_170_171_174_177_179_180_183_186_187_188_189_192_193_194_195_201_204_207_208_210_215_216_221_222_225_236_239_240  2.63e+08  2.01e+08 -152126.41  36915.69  15652.51    624.46     84.29    166.36  -1531.32   4123.90      0.00 0
107081 5626.0    199_202_203_212_218_220_224_228_229_233_235_238_241_243_244_245_247_248_251_255  6.92e+08  5.58e+08 -19181.30 -18100.84  10293.21    626.63     68.68    223.34   4948.40  -5891.10      0.00 0
107082 5626.0    1_4_6_7_10_12_14_15_18_19_22_26_27_30_31_34_36_38_39_42_43_46_47_50_51_54_56_57_60_61_64_65_68_72_73_76_77_80_81_84_87_90_93_96_100_105_109_119_123_135_144  5.89e+08  4.71e+08  29281.79  -5728.94  10507.25    660.94     70.60    348.93   -748.83   1739.97      0.00 0
107083 5626.0    0_1_2_3_4_5_6_7_8_9_10_11_12_13_14_15_16_17_18_19_20_21_22_23_24_25_26_27_28_29_30_31_32_33_34_35_36_37_38_39_40_41_42_43_44_45_46_47_48_49_50_51_52_53_54_55_56_57_58_59_60_61_62_63_64_65_66_67_68_69_70_71_72_73_74_75_76_77_78_79_80_81_82_83_84_85_86_87_88_89_90_91_92_93_94_95_96_97_98_99_100_101_102_103_104_105_106_107_108_109_110_111_112_113_114_115_116_117_118_120_121_122_124_125_126_128_129_130_131_132_133_134_136_137_138_140_141_142_143_145_146_147_148_149_151_153_154_155_157_158_159_161_163_164_165_167_168_169_170_172_174_175_177_179_181_182_183_184_186_188_190_192_194_196_198_200_205_210_211_213_216_217_219_222_223_230_234_237_240_242_252_254_257_263_269_273_278_285  2.24e+08  1.68e+08 121802.31 127325.33  15787.72    599.96     84.88     46.27   -150.15   -883.78      0.00 0
107084 5626.0    22_30_36_42_43_46_54_56_60_64_65_68_76_77_80_84_87_90_92_96_100_101_104_108_109_112_114_115_118_122_126_127_130_134_135_138_139_142_143_147_149_153_155_156_159_160_163_164_165_166_169_170_171_174_177_179_180_183_186_188_189_192_193_194_195_201_204_207_208_210_216_221_222_225_236_239_240  1.32e+08  9.91e+07 -71502.97  37285.56  14524.05    606.82     79.79    152.46    876.47   4407.71      0.00 0
107085 5626.0    2_5_8_9_11_13_15_16_20_23_24_28_29_31_32_35_37_40_41_44_45_47_48_52_55_57_58_62_63_66_67_69_70_73_74_78_79_82_85_88_89_91_93_94_97_98_102_103_106_110_111_113_116_117_119_120_123_124_128_129_131_132_136_137_140_141_144_145_148_150_151_157_158_161_162_167_168_172_173_175_181_182_184_190_191_196_197_198_199_200_205_206_211_212_213_214_217_218_219_220_223_224_226_227_230_231_234_235_237_238_241_242_243_244_246_249_250_252_253_254_255_256_257_258_259_260_261_263_264_266_267_269_270_271_272_273_274_275_276_277_278_279_280_281_283_284_285_286_287_288_289_290_291_292_293_294_295_296_297_298  2.24e+08  1.69e+08 -156528.73 152856.70  14991.92    623.21     86.08    135.68   3739.95 -11145.83      0.00 0
107086 5626.0    252_257_260_261_263_266_269_273_275_276_277_278_280_281_283_284_285_286_287_288_289_290_291_292_293_294_295_296_297_298  4.90e+08  3.88e+08  53250.56 -11445.10  13096.39    613.75     76.48    347.87  -3478.95 -10541.38      0.00 0
107087 5626.0    92_104_112_115_118_127_130_138_139_142_149_153_156_159_160_163_166_169_171_174_177_180_183_186_189_192_195_201_204_207  4.07e+08  3.22e+08 -51126.65   2411.07  12382.58    680.35     76.40    177.30   4333.76   5120.87      0.00 0
107088 5626.0    0_1_2_3_4_5_6_7_8_9_10_11_12_13_14_15_16_17_18_19_20_21_22_23_24_25_26_27_28_29_30_31_32_33_34_35_36_37_38_39_40_41_42_43_44_45_46_47_48_49_50_51_52_53_54_55_56_57_58_59_60_61_62_63_64_65_66_67_68_69_70_71_72_73_74_75_76_77_78_79_80_81_82_83_84_85_86_87_88_89_90_91_92_93_94_95_96_97_98_99_100_101_102_103_104_105_106_107_108_109_110_111_112_113_114_115_116_117_118_119_120_121_122_123_124_125_126_127_128_130_131_132_133_134_135_136_138_140_142_143_144_145_147_149_151_153_154_155_157_159_161_163_164_165_167_169_170_172_174_175_177_179_184_186_188_193_194_198_208_210_211_216_217_222_223_236_240  3.80e+08  2.95e+08 145014.45  74623.34  15272.82    669.24     84.65     27.23  -2581.60  -1051.86      0.00 0
107089 5626.0    231_235_238_243_244_246_249_250_251_253_255_256_258_259_260_261_264_265_266_267_268_269_270_271_272_274_275_276_277_279_280_281_282_283_284_285_286_287_288_289_290_291_292_293_294_295_296_297_298  1.62e+08  1.21e+08  76798.94  32141.45  14829.72    582.28     79.90     22.71   1025.08 -10905.08      0.00 0
107090 5626.0    22_26_30_34_36_38_42_43_46_50_54_56_60_64_65_68_71_72_76_77_80_84_86_90_92_96_99_100_101_104_108_109_112_114_115_118_122_125_126_127_130_133_134_138_139_142_143_147_149_153_154_155_156_159_160_163_164_165_166_169_170_171_174_177_178_179_180_183_186_187_188_189_192_193_194_195_201_204_207_208_209_210_215_216_221_222_225_229_232_236_239_240_245_247  3.98e+08  3.07e+08 121171.42 -96522.32  15571.94    634.11     84.26    321.46   3292.47   4266.01      0.00 0
107091 5626.0    0_1_2_3_4_5_6_7_8_9_10_11_12_13_14_15_16_17_18_19_20_21_22_25_26_27_28_29_30_33_34_35_36_38_39_40_41_42_43_44_45_46_49_50_53_54_55_56_59_60_63_64_66_67_68_71_72_75_76_77_78_79_80_83_84_86_89_90_91_92_95_96_99_100_102_103_104_107_108_111_112_114_115_116_117_118_121_122_125_126_129_130_133_134_137_138_141_142_146_147_148_149_152_153_157_158_159_162_163_168_169_173_174_177_180_181_182_183_186_191_192_197_199_200_201_205_206_207_212_214_220_225_226_227_231_238_243_246_250_253_258_260_261_267_270_275_277_281_284_286_287_289_291_293_295_298  2.45e+08  1.89e+08  -4130.27 -85365.55  14762.44    599.97     80.20    267.23   1974.16   2300.30      0.00 0
107092 5626.0    78_88_91_102_103_106_110_111_116_117_120_128_129_136_137_140_141_145_148_151_157_158_161_162_167_168_172_173_175_181_182_184_185_190_191_196_197_198_199_200_203_205_206_211_212_213_214_217_218_219_220_223_224_226_227_228_230_231_233_234_235_237_238_241_242_243_244_245_246_248_249_250_251_252_253_254_255_256_257_258_259_260_261_262_263_264_265_266_267_268_269_270_271_272_273_274_275_276_277_278_279_280_281_282_283_284_285_286_287_288_289_290_291_292_293_294_295_296_297_298  3.89e+08  3.00e+08 227311.41 -47984.91  14738.51    618.55     86.37    348.08   3546.08  -8902.58      0.00 0
107093 5626.0    3_4_5_8_9_12_13_17_18_21_22_25_26_28_29_33_34_35_38_40_41_44_45_49_50_53_54_55_59_60_63_66_67_71_72_75_76_78_79_83_84_86_88_89_91_95_96_99_100_102_103_107_108_110_111_114_116_117_121_122_125_126_128_129_133_134_137_138_140_141_143_147_148_153_155_157_158_165_167_168_172_177_179_181_182_186_190_196_200_205_213_219_226_230_237_242_249_252_257_263_266_269_273_278_283_285  8.71e+08  6.97e+08  29658.60  46447.27  12945.95    639.37     76.78     57.44   1000.80  -2697.83      0.00 0
107094 5626.0    203_218_224_228_233_241_244_251_255_256_259_264_268_271_272_279  1.48e+08  1.12e+08  -3245.19  46878.69  12784.76    583.14     74.78     93.96   6046.59 -10775.76      0.00 0
107095 5626.0    0_1_2_3_4_5_6_7_9_10_12_13_14_17_18_19_21_22_25_26_27_29_30_33_34_36_38_39_41_42_43_45_46_49_50_53_54_56_59_60_63_64_65_67_68_71_72_75_76_77_79_80_83_84_86_87_89_90_92_95_96_99_100_101_103_104_107_108_111_112_114_115_118_121_122_125_126_127_129_130_133_134_137_138_141_142_143_146_147_149_152_153_154_155_156_159_162_163_164_165_166_168_169_170_173_174_176_177_178_179_180_183_185_186_187_188_189_192_193_194_195_197_199_201_202_203_204_207_208_209_212_215_218_220_224_225_228_229_232_233_235_241_243_244_245_247_248_251_255_256_259_262_264_265_268_271_272_279_282  1.70e+08  1.27e+08  45684.41 -115739.60  15873.59    577.45     82.73    291.54   1565.77   4415.58      0.00 0
107096 5626.0    93_105_109_119_123_127_131_135_139_144_150_156_160_166_171_180_189_195_201_204_225  4.68e+08  3.72e+08 -22352.14 -29759.44  11208.68    678.53     73.24    233.09  -3294.77   4105.12      0.00 0
107097 5626.0    0_1_2_3_4_5_6_7_8_9_10_11_12_13_14_15_16_17_18_19_20_21_22_23_24_25_26_27_28_29_30_31_32_33_34_35_36_37_38_39_40_41_42_43_44_45_46_47_48_49_50_51_52_53_54_55_56_57_58_59_60_61_62_63_64_65_66_67_68_69_70_71_72_73_74_75_76_77_78_79_80_81_82_83_84_85_86_87_88_89_90_91_92_93_94_95_96_97_98_99_100_101_102_103_104_105_106_107_108_109_110_111_112_113_114_115_116_117_118_119_120_121_122_123_124_125_126_127_128_129_130_131_132_133_134_135_136_137_138_139_140_141_142_143_144_145_146_147_148_149_150_151_152_153_154_155_156_157_158_159_160_161_162_163_164_165_166_167_168_169_171_172_173_174_175_176_178_180_181_182_183_184_185_186_187_189_190_191_192_195_196_197_198_199_200_201_202_203_204_205_206_207_209_211_212_213_214_217_218_219_220_223_224_225_226_227_228_230_231_233_234_235_237_238_241_242_243_244_246_248_249_250_251_252_253_254_255_256_257_258_259_260_261_263_264_266_267_268_269_270_271_272_273_274_275_276_277_279_280_281_283_284_286_287_288_289_290_291_292_293_294_295_296_297_298  4.07e+08  3.15e+08 -79825.55 277288.56  13052.50    615.66     87.41    106.06  -1004.76   1502.66      0.00 0
107098 5626.0    108_112_118_122_126_130_138_142_147_149_153_155_159_163_165_169_174_177_179_180_183_186_188_192_194_201_204_207_210_216_222_225_240  1.07e+08  8.13e+07  33780.26 -25372.15  12394.07    581.50     73.65    323.09   2878.45   4555.28      0.00 0
107099 5626.0    8_11_16_20_23_24_28_31_32_35_37_40_44_47_48_52_55_57_58_62_66_69_70_73_74_78_81_82_85_88_91_93_94_97_98_102_105_106_110_113_116_117_119_120_123_124_128_131_132_135_136_140_144_148_150_157_158_167_181_182_200_206  1.00e+08  7.43e+07 -21134.16  40305.89  12809.60    565.30     74.28    117.67  -2376.73  -1157.35      0.00 0
