#event_number primary_type du_ids energy_primary em_energy Xmax_pos(x, y, z), Xmax_grams zenith azimuth shower_core_pos_x shower_core_pos_y shower_core_pos_z, N_tested_cores, units are degrees, GeV and meters
106500 5626.0    0_1_2_3_4_5_6_7_8_9_10_11_12_13_14_15_16_17_18_19_20_21_22_24_25_26_27_28_29_30_32_33_34_35_36_38_40_41_42_43_44_45_46_49_50_52_53_54_55_56_59_60_62_63_64_66_67_68_71_72_75_76_77_78_79_80_83_84_86_88_89_90_91_92_95_96_99_100_102_103_104_107_108_110_111_112_116_117_118_121_122_128_129_130_137_138_140_141_142_148_157_158_159_163_167_168_169_173_174_181_182_190_191_192_196_197_200_205_206_213_214_219_226_227_230_231_237_238_246_249_250_252_253_257_260_261_266_267_269_270_273_275_276_277_280_281_283_286_287_288_289_290_292_293_294_295_296_297_298  9.33e+08  7.49e+08 -14113.35 -82049.03  14215.92    659.22     80.31    260.24   -353.35  -8903.96      0.00 0
106501 5626.0    89_91_102_103_107_111_116_117_128_129_137_140_141_148_152_157_158_167_172  8.71e+08  7.05e+08 -23689.01  -6698.85   9816.59    660.13     68.26    195.79    352.16  -4204.21      0.00 0
106502 5626.0    91_103_111_116_117_121_129_137_141_146_148_152_157_158_162_168_173_176_178_185_191_197_199_202_203_209_212_218_228_229_232_233_245_247_248_262  1.78e+08  1.36e+08  38592.30   4547.21  11843.40    611.60     73.05      6.72   4489.93  -4182.57      0.00 0
106503 5626.0    0_1_2_3_4_5_6_7_8_9_10_11_12_13_14_15_16_17_18_19_20_21_22_23_24_25_26_27_28_29_30_31_32_33_34_35_36_37_38_39_40_41_42_43_44_45_46_47_48_49_50_51_52_53_54_55_56_57_58_59_60_61_62_63_64_65_66_67_68_69_70_71_72_73_74_75_76_77_78_79_80_81_82_83_84_85_86_87_88_89_90_91_92_93_94_95_96_97_98_99_100_101_102_103_104_105_106_107_108_109_110_111_112_113_114_115_116_117_118_119_120_121_122_123_124_125_126_127_128_129_130_131_132_133_134_135_136_137_138_139_140_141_142_143_144_146_147_148_149_150_152_153_154_155_156_157_158_159_160_161_162_163_164_165_166_167_168_169_171_172_173_174_176_178_180_181_182_183_185_187_189_190_191_192_195_196_197_199_200_201_202_203_204_205_206_207_209_212_213_214_218_220_224_225_226_227_228_229_230_231_233_235_237_238_241_243_244_246_248_249_250_251_252_253_255_256_258_259_260_261_264_265_266_267_268_270_271_272_274_275_276_277_279_281_282_284_286_287_289_291_293_294_295_297_298  9.77e+08  7.77e+08 -67497.90 202316.53  14465.12    699.40     86.12    108.45    835.64  -1377.41      0.00 0
106504 5626.0    25_33_38_49_53_59_71_75_83_95_99_107_121_125_133_146_152_154_176_178_187_202_203_209_228_229_245  1.70e+08  1.31e+08 -23156.39  14763.61  10585.84    606.52     68.92    147.48   4570.54  -2402.59      0.00 0
106505 5626.0    20_24_32_37_40_48_52_58_69_70_73_74_82_85_97_98_113_123_131  2.34e+08  1.82e+08  19207.41 -12819.44   9864.07    619.95     66.87    326.28  -3657.58    118.88      0.00 0
106506 5626.0    68_77_80_90_92_101_104_108_109_112_115_118_122_127_130_135_138_139_142_147_149_153_155_156_159_160_163_166_169_171_174_177_179_180_183_186_188_189_192_195_201_204_207_210_216_240  1.82e+08  1.37e+08  65988.72 -12349.45  14220.87    568.92     78.04    349.40   1329.46   4751.40      0.00 0
106507 5626.0    68_77_80_90_92_101_104_108_109_112_115_118_122_127_130_138_139_142_147_149_153_156_159_163_166_169_174_177_179_186_210  1.55e+08  1.18e+08  43421.02  -1356.97  12292.91    607.90     74.20    358.21   3494.59   4021.41      0.00 0
106508 5626.0    0_1_2_3_4_5_6_7_8_9_10_11_12_13_14_15_16_17_18_19_20_21_22_23_24_25_26_27_28_29_30_31_32_33_34_35_36_37_39_40_41_42_43_44_45_46_47_48_51_52_53_54_55_56_57_58_61_62_63_64_65_66_67_68_69_70_73_74_77_78_79_80_81_82_85_87_88_89_90_91_92_93_94_97_98_101_102_103_104_105_106_109_110_113_115_116_117_118_119_120_123_124_127_128_129_130_131_132_135_136_139_140_144_145_148_149_150_151_156_157_158_159_160_161_166_167_168_171_172_175_180_181_182_183_184_189_190_191_195_196_198_200_201_204_205_206_207_211_213_214_217_219_223_225_226_227_230_231_234_237_242_246_249_250_252_253_254_257_260_261_263_266_267_269_273_275_276_277_278_280_281_283_285_286_287_288_289_290_292_293_294_295_296_297_298  9.77e+08  7.73e+08  -4329.35 116403.52  15211.33    641.98     82.56     92.13  -1491.15  -6175.71      0.00 0
106509 5626.0    37_47_48_57_58_69_70_73_74_81_85_93_94_97_98_105_106_109_113_119_120_123_124_131_132_135_136_139_144_145_150_151_160_161_171_175_184_195_198  1.32e+08  1.01e+08    750.13  42974.97  12113.94    626.36     74.26     89.00  -3738.20   1085.84      0.00 0
106510 5626.0    173_181_182_190_191_196_197_199_200_205_206_212_213_214_218_219_220_224_226_227_230_231_233_234_235_237_238_241_242_243_244_246_248_249_250_251_252_253_254_255_256_257_258_259_260_261_262_263_264_265_266_267_268_269_270_271_272_273_274_275_276_277_278_279_280_281_282_283_284_285_286_287_288_289_290_291_292_293_294_295_296_297_298  6.46e+08  5.04e+08 130102.45  20908.92  15479.65    632.84     83.30      9.13   3606.39  -8929.06      0.00 0
106511 5626.0    10_12_18_22_25_26_30_34_36_38_42_46_49_50_54_56_59_60_64_68_71_72_75_76_77_80_84_86_90_92_95_96_99_100_101_104_108_112_114_115_118_121_122_125_126_127_130_133_134_138_142_143_146_147_149_152_153_154_155_156_159_163_164_165_166_169_170_174_176_177_178_179_180_183_185_186_187_188_189_192_193_194_195_201_202_203_204_207_208_209_215_218_221_225_228_229_232_233_239_245_247_248_251_262_265_268_282  2.45e+08  1.88e+08 -46850.16  64036.07  14390.74    616.90     79.72    126.19   4372.28    173.03      0.00 0
106512 5626.0    20_28_35_40_44_45_52_55_58_62_66_67_74_78_79_82_88_89_91_94_98_102_103_106_107_110_111_116_117_120_124_128_129_132_136_137_140_141_145_148_151_152_157_158_162_167_168_173_181_182_185_191_197_199_203_206_212_214_218_220_224_233_235_238_241_243_244_248_251_255_256_259_262_264_265_268_271_272_282  3.72e+08  2.87e+08 -62594.27  32751.32  13898.38    630.45     78.87    152.38   6041.71  -7114.46      0.00 0
106513 5626.0    82_88_94_98_102_106_110_116_120_124_128_132_136_140_145_148_151_157_158_161_167_172_181_182_190_191_196_200_205_206_213_214_226_227_230_231_238_246_250_253_258_261_267_270_281_284  4.90e+08  3.88e+08 -25930.04  32750.79  12128.26    610.07     73.81    128.37  -1177.91  -5240.58      0.00 0
106515 5626.0    0_1_2_3_4_5_6_7_8_9_10_11_12_13_14_15_16_17_18_19_20_21_22_23_24_25_26_27_29_30_31_32_33_34_36_37_38_39_42_43_46_47_48_49_50_51_53_54_56_57_59_60_61_64_65_68_69_70_71_72_73_74_75_76_77_80_81_84_85_86_87_90_92_93_95_96_97_99_100_101_104_105_108_109_112_113_114_115_118_119_122_123_125_126_127_130_131_133_134_135_138_139_142_143_144_147_149_150_153_154_155_156_159_160_163_164_165_166_169_170_171_174_177_179_180_183_186_187_188_189_192_193_194_195_201_204_207_208_210_215_216_221_222_225_232_236_239_240  1.66e+08  1.23e+08 -244538.22  38687.30  14622.21    589.19     86.62    171.01    497.35   4138.92      0.00 0
106516 5626.0    148_158_168_182_191_197_206_212_214_220_235_243  2.45e+08  1.91e+08  19017.22  -9523.12   9688.08    604.18     65.51    333.40   2096.25  -6279.73      0.00 0
106517 5626.0    0_1_2_3_4_5_6_7_8_9_10_11_12_13_14_16_17_18_20_21_22_25_26_28_29_30_32_33_34_35_36_38_40_41_42_44_45_46_49_50_52_53_54_55_59_60_62_63_64_66_67_68_71_72_75_76_78_79_80_82_83_84_86_88_89_90_91_95_96_99_100_102_103_104_107_108_110_111_112_114_116_117_121_122_125_126_128_129_130_133_134_137_138_140_141_142_143_146_147_148_152_153_154_155_157_158_162_163_164_165_167_168_169_170_172_173_174_176_177_178_179_181_182_185_186_187_188_190_191_193_194_196_197_199_200_205_206_208_210_211_212_213_214_216_219_220_222_226_227_230_231_234_237_238_240_242_246_249_250_252_253_254_257_260_261_263_266_267_269_273_275_276_277_278_280_283_285_286_287_288_290_292_293_294_296_297  2.40e+08  1.84e+08 -58314.32 -110696.58  15495.47    622.25     82.94    242.22   2040.68  -2086.92      0.00 0
106518 5626.0    96_100_114_122_126_133_134_138_142_143_147_153_154_155_163_164_165_169_170_174_176_177_178_179_186_187_188_193_194_202_203_208_209_210_215_216_221_222_228_229_232_233_236_239_240_245_247_248_251_262_265_282  3.16e+08  2.42e+08 -17963.75  62155.44  13681.46    618.91     78.06    106.12   4664.50   4696.56      0.00 0
106519 5626.0    96_108_112_122_126_130_134_138_142_143_147_153_155_159_163_164_165_169_170_174_177_179_183_186_187_188_192_193_194_201_207_208_209_210_215_216_221_222_225_232_236_239_240_247  1.38e+08  1.00e+08 -57882.19  76589.53  15394.15    566.03     80.89    127.08   4427.75   4865.49      0.00 0
106520 5626.0    10_12_17_18_22_25_26_30_33_34_38_42_46_49_50_53_54_59_60_64_71_72_75_76_83_84_86_95_99_107_114_121_125_133_137_146_152_154_162_176_178_185_202_203_218_228_229_233_241_245_248_251_265_268_282  5.25e+08  4.16e+08 -22057.44  28090.48  11137.86    666.14     72.68    128.14   4234.51  -2496.49      0.00 0
106521 5626.0    0_1_2_3_4_5_6_7_8_9_10_11_12_13_14_15_16_17_18_19_20_21_22_23_24_25_26_27_28_29_30_31_32_33_34_35_36_37_38_39_40_41_42_43_44_45_46_47_48_49_50_51_52_53_54_55_56_57_58_59_60_61_62_63_64_65_66_67_68_69_70_71_72_73_74_75_76_77_78_79_80_81_82_83_84_85_86_87_88_89_90_91_92_94_95_96_99_100_101_102_103_104_106_107_108_110_111_112_114_115_116_117_118_120_121_122_125_126_127_128_129_130_133_134_136_137_138_140_141_142_143_146_147_148_149_151_152_153_154_155_156_157_158_159_161_162_163_164_165_167_168_169_170_172_173_174_176_177_178_179_180_181_182_183_185_186_187_188_190_191_192_193_194_196_197_198_199_200_201_202_203_205_206_207_208_210_211_212_213_214_216_218_219_220_223_224_225_226_227_230_231_234_235_237_238_242_243_246_249_250_252_253_254_255_257_258_260_261_263_264_266_267_269_270_273_274_275_276_277_278_280_281_283_284_285_286_287_288_289_290_291_292_293_294_295_296_297_298  3.55e+08  2.71e+08 -54369.11 -183429.50  15258.63    643.84     85.44    253.49   2531.18   1685.49      0.00 0
106522 5626.0    100_114_122_125_126_133_134_143_146_147_153_154_155_164_165_170_176_177_178_179_187_188_193_194_202_203_209_215_228_229_232_233_245_248_251_265_268  8.32e+08  6.79e+08  10408.79 -33960.80  10995.31    684.50     72.80    287.04   5535.49  -1472.89      0.00 0
106523 5626.0    88_91_102_116_117_128_148_157_181_182_190_200_205_206_226_227  2.24e+08  1.76e+08  -6236.15  21633.99   9729.06    626.43     66.63    106.08   -341.81  -5512.82      0.00 0
106524 5626.0    1_2_5_7_8_11_13_15_16_19_20_23_24_27_28_31_32_35_37_39_40_44_47_48_51_52_55_57_58_61_62_65_66_69_70_73_74_78_81_82_85_87_88_91_94_98_102_106_110_116_120_128_136_140_148_151_157_161_167_172_181_190_196_198_200_205_211_213_219_223_226_230_234_237_242_246_249_252_254_257_260_263_266_269_273_275_276_278_280_283_285_286_288_290_292_293_294_296_297  1.78e+08  1.35e+08  -5124.30 -71487.55  13892.48    637.64     79.03    265.90  -2505.83 -11264.16      0.00 0
106525 5626.0    11_15_16_19_20_23_24_28_31_32_37_39_40_44_47_48_51_52_57_58_61_62_65_66_69_70_73_74_78_81_82_85_87_88_93_94_97_98_101_102_105_106_109_110_113_116_119_120_123_124_127_128_131_132_135_136_139_140_144_145_150_151_156_157_160_161_166_167_171_172_175_181_184_189_190_195_196_198_205_211_213_217_219_223_226_230_234_237_242_249_252_254_257_263_266_269_273_276_278_280_283_285_288_290_292_294_296  2.95e+08  2.26e+08  -8651.90  94702.22  15061.83    601.46     81.00     95.22  -4031.25   4291.50      0.00 0
106526 5626.0    2_5_8_13_16_20_28_32_35_40_44_48_52_58_62_66_74_82_88_94_106_120_124_136_145_151_175  1.02e+08  7.76e+07  21404.39  10296.64  10258.83    580.13     66.64     25.69  -2530.88  -2094.81      0.00 0
106527 5626.0    111_121_129_137_141_146_152_154_158_162_168_173_176_178_182_185_187_191_199_202_209_215  3.24e+08  2.55e+08  24209.00  14887.65  10592.03    622.96     69.56     31.59   3804.60  -3683.03      0.00 0
106528 5626.0    0_1_2_3_4_5_6_7_8_9_10_11_12_13_14_15_16_17_18_19_20_21_22_23_24_25_26_27_28_29_30_31_32_33_34_35_36_37_38_39_40_41_42_43_44_45_46_47_48_49_50_51_52_53_54_55_56_57_58_59_60_61_62_63_64_65_66_67_68_69_70_71_72_73_74_75_76_77_78_79_80_81_82_83_84_86_87_88_89_90_91_92_93_95_99_101_102_103_104_105_107_109_111_115_116_117_118_119_121_125_127_129_135_137_139_141_146_148_149_150_152_156_158_160_162_166_168_171_173_176_180_182_185_189_191_195_197_199_203_204_206_212_214_218_220_224_231_233_235_238_241_243_244_251_253_255_256_258_259_264_267_268_270_271_272_274_279_281_284_291  1.20e+08  8.90e+07 -42813.86  83954.47  15111.85    592.54     80.89    117.02   3956.08  -7403.89      0.00 0
106529 5626.0    60_64_68_76_84_86_90_96_99_100_104_108_112_114_115_118_122_126_130_133_134_138_142_143_147_149_153_154_155_156_159_163_164_165_169_170_174_177_178_179_180_183_186_187_188_189_192_193_194_201_202_204_207_208_209_210_215_216_221_222_225_228_229_232_236_239_240_245_247_248_262  1.51e+08  1.13e+08 133757.33 -168336.86  15336.50    593.29     85.92    308.47   5783.09   4388.61      0.00 0
106530 5626.0    0_1_2_3_4_5_6_7_8_9_10_11_12_13_14_15_16_17_18_19_20_21_22_23_24_25_26_27_28_29_30_31_32_33_34_35_36_37_38_39_40_41_42_43_44_45_46_47_48_49_50_51_52_53_54_56_57_58_59_60_61_63_64_65_69_70_71_72_73_74_75_76_81_82_83_84_85_86_87_93_95_97_98_99_100_105_113_114_119_123_125_131_132_133_134_143_144_154_164_170_187_193_215_221  7.76e+08  6.25e+08  54740.84  -8728.86  12848.55    655.68     76.95    350.94  -2375.36    501.51      0.00 0
106531 5626.0    0_1_2_3_4_5_6_7_8_9_10_11_13_14_15_16_19_20_23_24_27_28_29_30_31_32_35_36_37_39_40_43_44_45_46_47_48_51_52_55_56_57_58_61_62_65_66_77_78_79_80_81_82_87_88_91_92_101_102_110_115_116_128_157  1.10e+08  8.34e+07   2489.46  35600.96  11719.78    585.78     71.82     86.00   -732.44   -678.45      0.00 0
106532 5626.0    0_1_2_3_4_5_6_7_8_9_10_11_12_13_14_15_16_17_18_19_20_21_22_23_24_25_26_27_28_29_30_31_32_33_34_35_36_37_38_39_40_41_42_43_44_45_46_47_48_49_50_51_52_53_54_55_56_57_58_59_60_61_62_63_64_65_66_67_68_69_70_71_72_73_74_75_76_77_78_79_80_81_82_83_84_85_86_87_88_89_90_91_92_93_94_95_96_97_98_99_100_101_102_103_104_105_106_107_108_109_110_111_113_114_115_116_117_119_120_121_123_124_125_127_129_131_132_133_134_135_137_139_141_143_144_146_150_152_154_158_160_162_164_166_168_170_171_173_176_178_185_187_191_193_197_199_202_203_209_212_215_218_220_221_224_228_229_232_233_235_239_241_244_245_247_248_251_255_256_259_262_265_268_272_282  1.29e+08  9.30e+07 -121149.56  75996.98  16041.50    577.03     83.60    147.90    344.79   -679.74      0.00 0
106533 5626.0    273_276_278_280_283_285_286_288_290_292_294_296  2.00e+08  1.54e+08 -29064.66   6454.12  10971.90    594.69     69.77    167.48  -4265.20 -10669.13      0.00 0
106534 5626.0    0_1_2_3_4_5_6_7_8_9_10_11_12_13_14_15_16_17_18_19_20_21_22_23_24_25_26_27_28_29_30_31_32_33_34_35_36_37_38_39_40_41_42_43_44_45_46_47_48_49_50_51_52_53_54_55_56_57_58_59_60_61_62_63_64_65_66_67_68_69_70_71_72_73_74_75_76_77_78_79_80_81_82_83_84_85_86_87_88_89_90_91_92_94_95_96_97_98_99_100_102_103_104_106_107_108_110_111_112_113_114_116_117_120_121_122_124_125_126_128_129_130_132_133_134_136_137_138_140_141_142_143_145_146_147_148_151_152_153_154_155_157_158_161_162_163_164_165_167_168_170_172_173_174_175_176_177_178_179_181_182_184_185_186_187_188_190_191_193_194_196_197_198_199_200_202_203_205_206_208_209_210_211_212_213_214_215_216_217_218_219_220_221_222_223_224_226_227_228_229_230_231_232_233_234_235_236_237_238_239_240_241_242_245_246_247_249_250_252_254_257_260_263_266_269_273_276_278_280_283_285_290_292  1.38e+08  1.00e+08 216071.31 142094.36  14548.94    564.42     86.78     33.33  -3648.46  -5456.91      0.00 0
106535 5626.0    0_1_2_3_4_5_6_7_8_9_10_11_12_13_14_15_16_17_18_19_20_21_22_23_24_25_26_27_28_29_30_31_32_33_34_35_36_37_38_39_40_41_42_43_44_45_46_47_48_49_50_51_52_53_54_55_56_57_58_59_60_61_62_63_64_65_66_67_68_69_70_71_72_73_74_75_76_77_78_79_80_81_82_83_84_85_86_87_88_89_90_91_92_93_94_95_96_97_98_99_100_101_102_103_104_105_106_107_108_109_110_111_112_113_114_115_116_117_118_119_120_121_122_123_124_125_126_127_128_129_130_131_132_133_134_135_136_137_138_139_140_141_142_143_144_145_146_147_148_149_150_151_152_153_154_155_156_157_158_159_160_161_162_163_164_165_166_167_168_169_171_172_173_174_175_177_179_180_181_182_183_184_185_186_188_189_190_191_192_195_196_197_198_199_200_201_204_205_206_207_211_212_213_214_217_219_220_223_225_226_227_230_231_234_237_238_242_243_246_249_250_252_253_254_257_258_260_261_263_266_267_269_270_273_275_276_277_278_280_281_283_285_286_287_288_289_290_291_292_293_294_295_296_297_298  1.17e+08  8.69e+07  72226.73 276886.38  13244.32    604.59     87.35     75.38    159.01   2524.31      0.00 0
106536 5626.0    95_99_107_111_121_125_129_133_137_141_146_152_162_168_173_185_191_197_199_206_212_214_220_224_231_235_238_243_250_253_258_267_270_274_277_281_284_289_291  4.68e+08  3.69e+08   7769.78  38019.83  11782.65    619.04     73.11     78.45   2738.74  -6017.69      0.00 0
106537 5626.0    0_1_2_3_4_5_6_7_8_9_10_11_12_13_14_15_16_17_18_19_20_21_22_23_24_27_28_29_30_31_32_33_35_36_37_39_40_41_42_43_44_45_46_47_48_51_52_53_55_56_57_58_61_62_63_65_66_67_69_70_73_74_77_78_79_80_81_82_85_87_88_89_91_92_93_97_101_102_103_105_106_109_110_115_116_117_119_127_128_129_135_139_148_149_150_156_157_158_160_166_168_171_180_181_182_189_191_195_200_204_206_227_231_250  1.51e+08  1.15e+08  15371.70 -61152.14  13725.06    601.76     77.72    284.11  -1588.56   2347.37      0.00 0
106538 5626.0    10_14_22_27_30_34_36_39_42_43_46_50_51_54_56_60_61_64_65_68_76_77_80_81_84_87_90_92_96_100_101_104_105_108_109_112_115_118_119_122_126_127_130_134_135_138_139_142_147_150_153_155_160_163_165_177_179_186_188_194_210_216_222_236_240  5.50e+08  4.37e+08  49721.05  -6872.83  12421.71    664.27     76.10    352.13   3679.05   2518.71      0.00 0
106539 5626.0    63_67_79_83_89_91_95_99_102_103_107_111_116_117_121_125_128_129_133_137_140_141_146_148_152_154_157_158_162_164_167_168_170_172_176_178_181_182_187_190_193_196_205_208_211_213_219_234  1.35e+08  1.01e+08 -36108.70 -22440.72  12295.10    597.03     73.87    211.86   1427.99  -3784.73      0.00 0
106540 5626.0    0_1_2_3_4_5_6_7_8_9_10_11_12_13_14_15_16_17_18_19_20_21_22_23_24_25_26_27_28_29_30_31_32_33_34_35_36_37_38_39_40_41_42_43_44_45_46_47_48_49_50_51_52_53_54_55_56_57_58_59_60_61_62_63_64_65_66_67_68_69_70_71_72_73_74_75_76_77_78_79_80_81_82_83_84_85_86_87_88_89_90_91_92_93_94_95_96_97_98_99_100_101_102_103_104_105_106_107_108_109_111_113_114_115_116_117_118_119_121_123_125_127_129_131_133_134_135_137_139_141_143_144_146_150_152_154_156_158_160_162_164_166_168_171_173_176_178_185_187_189_191_193_195_197_199_202_203_209_212_214_215_218_220_224_228_229_232_233_235_241_243_244_245_247_248_251_255_256_259_262_264_265_268_271_272_282  5.62e+08  4.39e+08  99248.64 -90024.75  15527.49    629.40     83.39    317.79   5920.58  -5222.01      0.00 0
106541 5626.0    0_1_2_3_4_5_6_7_8_9_10_11_12_13_14_15_16_17_18_19_20_21_22_23_24_25_26_27_28_29_30_31_33_34_35_36_38_39_41_42_43_44_45_46_47_49_50_51_53_54_55_56_57_59_60_61_63_64_65_67_68_71_72_73_75_76_77_79_80_81_83_84_86_87_89_90_92_93_95_96_99_100_101_103_104_105_107_108_109_111_112_114_115_118_119_121_122_125_126_127_129_130_133_134_135_137_138_139_141_142_143_146_147_149_150_152_153_154_155_156_159_160_162_163_164_165_166_168_169_170_171_173_174_176_177_178_179_180_183_185_186_187_188_189_192_193_194_195_197_199_201_202_203_204_207_208_209_210_212_215_216_218_220_221_222_224_225_228_229_232_233_235_236_239_241_243_244_245_247_248_251_255_256_259_262_264_265_268_271_272_279_282  9.55e+08  7.53e+08  90000.95 -141600.17  15298.87    663.59     84.79    302.44   1144.73   3522.62      0.00 0
106543 5626.0    0_1_2_3_4_5_6_7_8_9_10_11_12_13_14_15_16_17_18_19_20_21_22_23_24_25_26_27_28_29_30_31_32_33_34_35_36_37_38_39_40_41_42_43_44_45_46_47_48_49_50_51_52_53_54_55_56_58_59_60_62_63_64_66_67_68_69_70_71_72_74_75_76_78_79_80_82_83_84_85_86_88_89_90_91_94_95_96_98_99_100_102_103_104_106_107_108_110_112_114_116_117_120_122_124_126_128_134_136_138_140_142_145_147_148_151_153_155_157_161_163_165_167_172_174_175_177_179_184_186_188_190_196_198_210_211_213_217_219_223_234_237_242_254_263_278  7.94e+08  6.33e+08 -62420.15 -63209.52  14531.42    643.36     80.71    225.36  -4073.11  -5248.27      0.00 0
106544 5626.0    100_114_122_126_134_147_153_155_177_179_186  6.76e+08  5.39e+08   9134.74  21741.31   9585.40    672.16     67.88     67.21   5011.65   3204.84      0.00 0
106545 5626.0    42_46_56_64_68_77_80_84_90_92_96_101_104_108_109_112_115_118_122_126_127_130_138_139_142_147_149_153_155_156_159_160_163_166_171_177_179_188_210_216  3.39e+08  2.65e+08  35405.92 -10152.49  11472.13    634.68     72.70    344.00   1481.14   3431.27      0.00 0
106546 5626.0    142_153_159_163_169_174_177_183_186_192_201_207_210  5.75e+08  4.57e+08 -39101.31  12546.53  11511.90    688.10     74.34    162.21   6206.99   4696.98      0.00 0
106547 5626.0    0_1_2_3_4_5_6_7_8_9_10_11_12_13_14_15_16_17_18_19_20_21_22_23_24_25_26_27_28_29_30_31_32_33_34_35_36_37_38_39_40_41_42_43_44_45_46_47_48_49_50_51_52_53_54_55_56_57_58_59_60_61_62_63_64_65_66_67_68_69_70_71_72_73_74_75_76_77_78_79_80_81_82_83_84_85_86_87_88_89_90_91_92_93_94_95_96_97_98_99_100_101_102_103_104_105_106_107_108_109_110_111_112_113_114_115_116_117_118_119_120_121_123_124_125_127_128_129_130_131_132_133_135_136_137_139_140_141_144_145_146_148_149_150_151_152_154_156_157_158_159_160_161_162_166_167_168_169_171_172_173_175_176_178_180_181_182_183_184_185_189_190_191_192_195_196_197_198_199_200_201_202_203_204_205_206_207_211_212_213_214_217_218_219_220_223_224_225_226_227_228_230_231_233_234_235_237_238_241_242_243_244_246_248_249_250_251_252_253_254_255_256_257_258_259_260_261_263_264_265_266_267_268_269_270_271_272_273_274_275_276_277_279_280_281_282_283_284_285_286_287_288_289_290_291_292_293_294_295_296_297_298  4.27e+08  3.21e+08 -140570.03 267860.03  12678.71    598.29     87.60    117.69  -2566.42    385.85      0.00 0
106548 5626.0    18_22_25_26_34_38_42_46_49_50_54_60_64_68_71_72_75_76_80_84_86_90_96_104_108_112_118_130_138_142_159_169_192  2.00e+08  1.53e+08   4417.99 -27613.30  10931.03    570.14     68.65    279.09   1824.91   2547.68      0.00 0
106549 5626.0    8_11_13_16_20_23_24_28_29_32_35_37_40_44_45_47_48_52_55_58_62_66_67_69_70_73_74_78_79_82_85_88_91_93_94_97_98_102_103_106_110_113_117_120_123_124_129_131_132_144  4.90e+08  3.81e+08 -35237.64  26756.52  12353.37    609.06     74.40    142.79  -3948.14     -3.93      0.00 0
106550 5626.0    116_117_129_148_158_168_173_182_191_197_206_212_214_220_231_235_238_243_255_258_264_271_274_279  1.02e+08  7.71e+07 -22639.19  21923.58  11290.10    580.93     70.29    135.92   2603.32  -6852.52      0.00 0
106551 5626.0    0_1_2_3_4_5_6_7_8_9_10_11_12_13_14_15_16_17_18_19_20_21_22_23_24_25_26_27_28_29_30_31_32_33_34_35_36_37_38_39_40_41_42_43_44_45_46_47_48_49_50_51_52_53_54_55_56_57_59_60_61_63_64_65_67_68_69_70_71_72_73_75_76_77_79_80_81_83_84_85_86_87_89_90_92_93_95_97_99_100_101_103_105_107_109_111_114_115_119_121_123_125_127_133_135_137_139_141_144_146_150_152_154_160_162_166_171_173_176_178_185_187_195_199_202_203_209_218_224_228_229_233_241_245_248_251_256_262_265_268_282  3.80e+08  2.98e+08 -50473.34  46056.19  13628.50    651.03     78.72    137.62     14.48    673.55      0.00 0
106552 5626.0    37_48_58_69_70_73_74_82_85_93_94_97_98_106_110_113_119_120_123_124_131_132_136_144_150  9.77e+08  8.00e+08   7681.22 -25345.49  10118.50    654.17     69.09    286.86  -3406.13    -40.52      0.00 0
106553 5626.0    0_1_2_3_4_5_6_7_8_9_10_11_12_13_14_15_16_17_18_19_20_21_22_23_24_25_26_27_28_29_30_31_32_33_34_35_36_37_38_39_40_41_42_43_44_45_46_47_48_49_50_51_52_53_54_55_56_57_58_59_60_61_62_63_64_65_66_67_68_69_70_71_72_73_74_75_76_77_78_79_80_81_82_83_84_85_86_87_88_89_90_91_92_93_94_95_96_97_98_100_101_102_103_104_105_106_107_108_109_110_111_112_113_115_116_117_118_119_120_122_124_126_127_128_129_130_135_136_138_139_140_141_142_145_148_149_151_153_156_157_158_159_161_163_166_167_168_169_172_174_175_180_181_182_183_184_186_189_190_191_192_195_196_198_200_201_204_205_206_207_211_213_217_219_223_225_226_227_230_231_234_237_242_246_249_250_252_254_257_260_261_263_266_269_273_275_276_278_280_283_285_286_287_288_290_292_293_294_296_297  1.78e+08  1.34e+08 -30789.42 -122577.83  15339.09    643.26     83.08    255.90   -196.56    312.14      0.00 0
106554 5626.0    162_168_173_185_197_199_203_212_218_224_228_233_241_245_248  1.00e+09  8.11e+08  21957.11   6027.38   9604.11    650.49     67.13     15.35   4850.57  -5024.81      0.00 0
106555 5626.0    0_1_2_3_4_5_6_7_8_9_10_11_12_13_14_15_16_17_18_19_20_21_22_23_24_25_26_27_28_29_31_32_33_34_35_37_38_39_40_41_44_45_47_48_49_50_51_52_53_55_57_58_59_61_62_63_66_67_69_70_71_72_73_74_75_78_79_81_82_83_85_86_88_89_91_93_94_95_97_98_99_102_103_106_107_110_111_113_114_116_117_119_120_121_123_124_125_128_129_131_132_133_136_137_140_141_144_145_146_148_151_152_154_157_158_161_162_164_167_168_172_173_175_176_178_181_182_184_185_187_190_191_193_196_197_198_199_200_202_203_205_206_209_211_212_214_215_217_218_220_224_228_229_231_232_233_235_238_239_241_243_244_245_247_248_251_255_256_259_262_264_265_268_271_272_282  2.51e+08  1.90e+08 148021.17 -51459.54  15724.72    616.01     84.27    340.83  -1295.57  -2482.95      0.00 0
106556 5626.0    4_6_10_12_14_18_22_26_27_30_34_36_42_43_46_54_56_64_65_68_77_80_90_92_101_104_115_118_127_149_156_180_183_189_204  2.04e+08  1.58e+08   7809.81 -27075.47  10771.91    594.28     69.08    286.09    -48.13   3676.94      0.00 0
106557 5626.0    162_168_173_176_185_191_197_199_202_203_206_212_214_218_220_224_227_228_229_231_233_235_238_241  2.34e+08  1.84e+08  26033.96  16803.48  10887.54    626.19     70.64     32.84   4062.83  -5345.28      0.00 0
106558 5626.0    8_13_20_21_28_29_32_35_40_41_44_45_52_53_55_58_62_63_66_67_78_79_82_83_88_89_103_107_111  3.16e+08  2.48e+08 -21402.82   4280.59   9727.00    611.30     65.98    168.69    115.39  -2158.64      0.00 0
106559 5626.0    235_243_255_258_264_270_274_279_284_291  2.63e+08  2.06e+08  -3861.87 -22036.67   9487.35    658.77     67.02    260.06   3406.05 -10164.74      0.00 0
106560 5626.0    242_246_249_252_254_257_260_263_266_269_273_278_280_283_285  1.17e+08  8.91e+07 -31899.96    -94.65  11459.59    565.38     70.24    180.17  -4219.62  -9232.22      0.00 0
106561 5626.0    111_129_137_141_152_162_173_176_185_199_203_218_228_233  8.13e+08  6.56e+08  21515.05   -800.20   9545.25    630.30     66.09    357.87   4306.99  -4376.21      0.00 0
106562 5626.0    0_1_2_3_4_5_6_7_8_9_10_11_12_14_15_16_17_18_19_21_22_23_24_25_26_27_30_31_33_34_36_37_38_39_42_43_46_47_49_50_51_54_56_57_59_60_61_64_65_68_69_70_71_72_73_75_76_77_80_81_84_85_86_87_90_92_93_95_96_97_99_100_101_104_105_108_109_112_113_114_115_118_119_122_123_125_126_127_130_131_133_134_135_138_139_143_144_147_150_153_154_155_160_164_165_166_170_171_177_179_187_188_193_194_208_210_215_216_221_222_232_236_239_240  9.55e+08  7.63e+08 -76395.02  18552.48  14230.17    633.55     79.74    166.35   1762.90   1488.94      0.00 0
106563 5626.0    0_1_2_3_4_5_6_7_8_9_10_11_12_13_14_15_16_17_18_19_20_21_22_23_24_25_26_27_28_29_30_31_32_33_34_35_36_37_38_39_40_41_42_43_44_45_46_47_48_49_50_51_52_53_54_55_56_57_58_59_60_61_63_64_65_66_67_68_69_70_71_72_73_74_75_76_77_78_79_80_81_83_84_85_86_87_89_90_92_93_95_97_99_101_103_104_105_107_109_111_115_118_119_121_123_125_127_129_135_137_139_141_144_146_150_152_154_156_160_162_166_168_171_173_176_178_185_189_195_199_202_203_212_218_224_228_233_241_244_248_251_256_259_268_272  7.59e+08  6.05e+08  53142.65 -61588.09  14197.22    652.10     80.10    310.79  -3169.83   4239.71      0.00 0
106564 5626.0    162_173_176_178_185_187_197_199_202_203_209_212_214_215_218_220_221_224_228_229_231_232_233_235_236_238_239_241_243_244_245_247_248_251_253_255_256_258_259_264_267_270_274_277_281_284  6.76e+08  5.36e+08  25984.31  35090.16  12248.60    616.28     74.33     53.48   5291.08  -5194.98      0.00 0
106565 5626.0    212_214_218_220_224_228_231_233_235_238_241_243_244_245_246_247_248_250_251_253_255_256_258_259_260_261_262_264_265_266_267_268_270_271_272_274_275_276_277_279_280_281_282_283_284_286_287_288_289_290_291_292_293_294_295_296_297_298  9.12e+08  7.31e+08 -94778.39 -61832.41  15119.47    646.34     82.39    213.12   2796.28 -10675.99      0.00 0
106566 5626.0    41_49_53_59_63_67_71_75_79_83_89_91_95_103_107_111_117_129_137_141_148_158_168_173_181_182_191_197_200_205_206_214_226_227_231_246_249_250_260_261_266_267_275_276_277_286_287_288_294  1.29e+08  9.90e+07 -11662.05 -38699.81  12103.16    597.09     73.33    253.23    916.42  -6341.42      0.00 0
106567 5626.0    0_1_2_3_4_5_6_7_8_9_10_11_12_13_14_15_16_17_18_19_20_21_22_23_24_25_26_27_28_29_30_31_32_33_34_35_36_37_38_39_40_41_42_43_44_45_46_47_48_49_50_51_52_53_54_55_56_57_58_59_60_61_62_63_64_65_66_67_68_69_70_71_72_73_74_75_76_77_78_79_80_81_82_83_84_85_86_87_88_89_90_91_92_93_94_95_96_97_98_99_100_101_102_103_104_105_106_107_108_109_110_111_112_113_114_115_116_117_118_119_120_121_122_123_124_125_126_127_128_129_130_131_133_134_135_136_137_138_139_140_141_142_143_144_146_147_148_149_150_152_153_154_155_156_157_158_159_160_162_163_164_166_167_168_169_171_173_174_176_178_180_181_182_183_185_187_189_190_191_192_195_197_199_200_201_202_203_204_205_206_207_209_212_214_218_220_224_225_226_227_228_229_231_233_235_238_241_243_244_245_246_248_250_251_253_255_256_258_259_261_262_264_265_267_268_270_271_272_274_277_279_281_282_284_289_291_295  1.51e+08  1.13e+08 -85713.40 176519.78  15478.05    611.17     85.49    115.90    823.22   -656.69      0.00 0
106568 5626.0    0_1_2_3_4_5_6_7_8_9_10_11_12_13_14_15_16_17_18_19_20_21_22_23_24_25_26_27_28_29_30_31_32_33_34_35_36_37_38_39_40_41_42_43_44_45_46_47_48_49_50_51_52_53_54_55_56_57_58_59_60_61_62_63_64_65_66_67_68_69_70_71_72_73_74_75_76_77_78_79_80_81_82_83_84_85_86_87_88_89_90_91_92_93_94_95_96_97_98_99_100_101_102_103_104_105_106_107_108_109_110_111_112_113_114_115_116_117_118_119_120_121_122_123_124_125_126_128_129_130_131_132_133_134_136_137_138_140_141_142_143_145_146_147_148_151_152_153_154_155_157_158_159_161_162_163_164_165_167_168_169_170_172_173_174_175_176_177_178_179_181_182_184_185_186_187_188_190_191_193_194_196_197_198_199_200_202_203_205_206_208_209_210_211_212_213_214_215_216_217_218_219_221_222_223_224_226_227_228_229_230_232_233_234_236_237_239_240_242_245_247_249_252_254_257_263_269_273_278_285  6.31e+08  4.89e+08 -231695.03 -125747.78  13815.70    625.46     87.00    208.49   -917.88  -2407.05      0.00 0
106569 5626.0    71_72_86_99_100_114_133_143_154_164_170_187_193_215_221  6.76e+08  5.48e+08 -20495.88   7904.59   9661.28    623.76     66.26    158.91   4944.27   -673.99      0.00 0
106570 5626.0    76_86_95_96_99_100_108_114_121_122_125_126_133_134_138_142_143_146_147_152_153_154_155_162_163_164_165_169_170_174_176_177_178_179_185_186_187_188_193_194_199_202_203_208_209_210_215_216_218_221_222_224_228_229_232_233_236_239_240_241_244_245_247_248_251_255_256_259_262_265_268_271_272_282  1.82e+08  1.38e+08 -18035.38  89284.68  14443.22    664.50     80.99    101.42   6105.61  -1584.91      0.00 0
106571 5626.0    0_1_2_4_5_6_7_8_10_11_14_15_16_19_20_23_24_27_28_30_31_32_36_37_39_40_42_43_46_47_48_51_52_56_58_61_62_65_68_77_80_82_92_101_104_115_118  8.51e+08  6.93e+08   7514.42  23760.38   9756.13    676.06     68.62     72.45   -468.63   1321.70      0.00 0
106572 5626.0    0_1_2_3_4_5_6_7_8_9_10_11_12_13_14_15_16_17_18_19_20_21_22_23_24_25_26_27_28_29_30_31_32_33_34_35_36_37_38_39_40_41_42_43_44_45_46_47_48_49_50_51_52_53_54_55_56_57_58_59_60_61_62_63_64_65_66_67_68_69_70_71_72_73_74_75_76_77_78_79_80_81_82_83_84_85_86_87_88_89_90_91_92_93_94_95_96_97_98_99_100_101_102_103_104_105_106_107_108_109_110_111_112_113_114_115_116_117_118_119_120_121_122_123_124_125_126_127_128_129_130_131_132_133_134_135_136_137_138_139_140_141_142_143_144_145_147_148_149_150_151_153_155_156_157_158_159_160_161_163_165_166_167_168_169_171_172_174_175_177_179_180_181_182_183_184_186_188_189_190_191_192_195_196_198_200_201_204_205_206_207_210_211_213_217_219_223_225_226_227_230_231_234_237_242_246_249_250_252_254_257_260_261_263_266_269_273_275_276_278_280_283_285_286_288_290_292_294_296  2.88e+08  2.15e+08 -106108.23 -197642.42  14978.27    611.91     86.18    241.77  -3272.86  -5634.17      0.00 0
106573 5626.0    0_1_2_3_4_5_6_7_8_9_10_11_12_13_14_15_16_17_18_19_20_21_22_23_24_25_26_27_28_29_30_31_32_33_34_35_36_37_38_39_40_41_42_43_44_45_46_47_48_49_50_51_52_53_54_55_56_57_59_60_61_63_64_65_66_67_68_69_71_72_73_75_76_77_78_79_80_81_83_84_86_87_89_90_91_92_93_95_96_99_100_101_103_104_105_107_108_109_111_112_114_115_117_118_119_121_122_125_126_127_129_130_133_134_135_137_138_139_141_142_143_146_147_149_150_152_153_154_155_156_158_159_160_162_163_164_165_166_168_169_170_171_173_174_176_178_180_183_185_187_189_191_192_193_195_197_199_201_202_203_204_207_209_212_214_215_218_220_224_225_228_229_232_233_235_238_241_243_244_245_247_248_251_255_256_258_259_262_264_265_268_271_272_274_279_282  3.89e+08  3.00e+08 -72747.04 122373.96  15616.55    625.27     83.74    120.73   3367.15  -2021.41      0.00 0
106574 5626.0    109_127_135_139_160_166_171  6.92e+08  5.61e+08  20877.48  -9391.47   9594.94    654.72     67.26    335.78  -4102.30   5152.14      0.00 0
106575 5626.0    0_3_4_5_8_9_12_13_17_18_20_21_25_26_28_29_33_34_35_38_40_41_44_45_49_50_52_53_54_55_59_60_62_63_66_67_71_72_75_76_78_79_83_84_86_88_89_91_95_96_99_100_102_103_106_107_108_110_111_114_116_117_121_122_125_126_128_129_133_134_136_137_140_141_143_146_147_148_152_153_154_155_157_158_161_162_164_165_167_168_170_172_173_176_177_178_179_181_182_185_186_187_188_190_191_193_194_196_197_198_199_200_202_203_205_206_208_209_210_211_212_213_214_215_216_217_218_219_220_221_222_223_224_226_227_228_229_230_231_232_233_234_235_236_237_238_239_240_241_242_243_244_245_246_247_248_249_250_251_252_253_254_255_256_257_258_259_260_261_262_263_264_265_266_267_269_270_271_273_274_275_276_277_278_280_281_283_284_285_286_287_288_289_290_292_293_294_295_296_297_298  7.94e+08  6.19e+08 134084.28 138219.38  14918.87    683.56     85.57     45.87   6441.93   -276.44      0.00 0
106576 5626.0    3_5_8_9_12_13_17_21_25_28_29_33_35_40_41_44_45_49_53_55_62_66_67_78_79_88_91_102_110  1.29e+08  9.94e+07 -15899.95 -15483.64  10156.29    562.35     65.41    224.24   -170.05  -2054.80      0.00 0
106577 5626.0    3_4_6_10_12_14_17_18_22_25_26_27_30_33_34_36_38_39_42_43_46_49_50_54_56_59_60_64_65_68_71_72_75_76_77_80_83_84_86_87_90_92_95_96_99_100_101_104_108_109_112_114_115_118_121_122_125_126_127_130_133_134_138_139_142_143_146_147_149_152_153_154_155_156_159_163_164_165_166_169_170_171_174_176_178_179_180_183_185_187_188_189_192_193_194_195_201_202_203_204_207_208_209_215_221_225_228_229_232_233_239_245_247_248_251_262_265_268_282  7.41e+08  5.86e+08 -51645.61  58498.06  14040.51    655.37     79.80    131.44   3164.12   1013.49      0.00 0
106578 5626.0    0_1_2_3_4_5_6_7_8_9_10_11_12_13_14_15_16_17_18_19_20_21_22_23_24_25_26_27_28_29_30_31_32_33_34_35_36_37_38_39_40_41_42_43_44_45_46_47_48_49_50_51_52_53_54_55_56_57_58_59_60_61_62_63_64_65_66_67_68_69_70_71_72_73_74_75_76_77_78_79_80_81_82_83_84_86_87_88_89_90_91_92_93_95_96_99_100_101_102_103_104_105_107_108_109_111_112_114_115_116_117_118_119_121_122_125_126_127_129_130_133_134_135_137_138_139_141_142_143_146_147_148_149_150_152_153_154_155_156_157_158_159_160_162_163_164_165_166_168_169_170_171_173_174_176_177_178_179_180_181_182_183_185_186_187_188_189_191_192_193_194_195_197_199_200_201_202_203_204_206_207_208_209_210_212_214_215_216_218_220_221_222_224_225_227_228_229_231_232_233_235_236_238_239_240_241_243_244_245_247_248_250_251_253_255_256_258_259_262_264_265_267_268_270_271_272_274_277_279_281_282_284_289_291  1.15e+08  8.44e+07  84762.95 -227799.00  14482.86    617.22     86.59    290.41   4514.29  -4378.10      0.00 0
106579 5626.0    22_26_34_38_42_46_49_50_54_59_60_64_68_71_72_75_76_80_84_86_90_92_95_96_99_100_104_108_112_114_115_118_121_122_125_126_130_133_134_138_142_143_146_147_149_152_153_154_155_156_159_163_164_165_169_170_174_176_177_178_179_180_183_185_186_187_188_189_192_193_194_201_202_203_204_207_208_209_210_215_216_218_221_222_224_225_228_229_232_233_236_239_240_241_244_245_247_248_251_256_259_262_265_268_272_282  1.10e+08  8.13e+07 -62645.71 123856.26  15421.51    646.62     83.66    116.83   5150.76   1467.57      0.00 0
106580 5626.0    206_214_226_227_230_231_238_246_249_250_252_253_260_266  1.05e+08  7.90e+07 -20509.93  -7635.72   9909.14    587.85     65.64    200.42    215.51  -8259.91      0.00 0
106581 5626.0    22_34_38_42_46_50_54_56_60_64_68_71_72_76_80_84_86_90_92_96_99_100_104_108_112_114_115_118_122_125_126_127_130_133_134_138_142_143_146_147_149_153_154_155_156_159_163_164_165_166_169_170_174_176_177_178_179_180_183_186_187_188_189_192_193_194_195_201_202_204_207_208_209_210_215_216_221_222_225_228_229_232_236_239_240_245_247_248_262_265  9.55e+08  7.69e+08  57134.73 -62658.31  14403.14    641.95     80.36    312.36   6126.57   -325.62      0.00 0
106582 5626.0    72_76_86_96_100_108_122_126_138_142_147_153_163_174_177_186  4.90e+08  3.87e+08  -4313.10 -25259.19   9898.06    669.52     68.88    260.31   3649.41   3166.94      0.00 0
106583 5626.0    141_152_158_162_168_173_176_178_181_182_185_191_197_199_200_202_203_205_206_209_212_213_214_215_218_220_224_226_227_228_229_230_231_232_233_235_237_238_239_241_242_243_244_245_246_247_248_249_250_251_252_253_255_256_257_258_259_260_261_262_263_264_265_266_267_268_269_270_271_272_273_274_275_276_277_278_279_280_281_282_283_284_285_286_287_288_289_290_291_292_293_294_295_296_297_298  2.63e+08  2.00e+08 -106236.58 -58912.14  15518.57    613.72     82.72    209.01   6033.74  -6193.51      0.00 0
106584 5626.0    0_1_2_6_7_10_11_14_15_16_19_22_23_24_27_30_31_32_36_37_39_42_43_46_47_48_51_52_54_56_57_58_61_64_65_68_69_70_73_74_77_80_81_82_85_87_90_92_93_94_97_98_101_104_105_108_109_112_113_115_118_119_120_123_124_127_130_131_132_135_138_139_142_144_145_149_151_156_159_163_166_169_174_175_180_183_192_201_207  1.78e+08  1.30e+08  52178.55  52727.84  14594.08    565.81     78.87     45.30  -1160.09   2417.68      0.00 0
106585 5626.0    145_151_161_167_172_175_184_190_196_198_205_211_213_217_219_223_226_230_234_237_242_246_249_252_254_257_260_261_263_266_269_275_276_280_286_287  1.74e+08  1.32e+08 -30373.88  38432.41  13025.00    572.98     75.11    128.32  -4191.20  -5576.17      0.00 0
106586 5626.0    4_6_7_10_12_14_18_19_22_25_26_27_30_34_36_38_39_42_43_46_49_50_51_54_56_60_61_64_65_68_71_72_75_76_77_80_81_84_86_87_90_92_96_99_100_101_104_105_108_109_112_114_115_118_119_122_125_126_127_130_133_134_135_138_139_143_147_150_154_155_156_160_164_165_166_170_171_187_188_193_194_208_209_215_221_222_232_236_239  4.68e+08  3.73e+08 -47606.16  23766.69  12519.26    681.22     76.76    153.47   1772.18   1703.82      0.00 0
106587 5626.0    28_35_40_44_45_55_66_67_78_79_89_91_103_111_117_129_141_158_168_173_197_212  6.92e+08  5.65e+08 -15468.64  15724.53   9394.73    665.36     66.93    134.53   1224.51  -3704.67      0.00 0
106588 5626.0    129_158_168_173_191_197_212_214_220_224_235_238_243_244_255_258_259_264_271_272_279  1.07e+08  8.19e+07  24716.72 -23340.78  11487.08    592.15     71.33    316.64   4376.71  -7751.17      0.00 0
106589 5626.0    0_1_2_3_4_5_6_7_8_9_10_11_12_13_14_16_17_18_20_21_22_25_26_28_29_30_33_34_35_36_38_40_41_42_44_45_46_49_50_52_53_54_55_59_60_62_63_64_66_67_68_71_72_75_76_78_79_80_83_84_86_88_89_90_91_96_100_102_103_104_108_110_112_116_117_122_128_130_138_142_148_153_157_163_167_169_174_181_186_190_196_213  2.34e+08  1.80e+08  18909.92  41861.36  12497.29    608.73     74.78     65.69   1016.15   -317.12      0.00 0
106590 5626.0    253_258_267_270_274_277_281_284_287_289_291_293_295_298  3.89e+08  3.11e+08 -10898.22 -21287.82  10072.73    608.26     67.16    242.89   1749.43 -10922.02      0.00 0
106591 5626.0    234_237_242_252_254_257_260_263_266_269_273_275_276_278_280_283_285_286_287_288_290_293_294_295_296_297_298  2.57e+08  2.01e+08  25068.76 -21395.62  11078.71    631.54     71.42    319.52  -1887.28 -10120.70      0.00 0
106592 5626.0    76_86_96_99_100_108_112_114_122_126_133_134_138_142_143_147_153_154_155_163_169  1.23e+08  9.33e+07  -9973.46  25475.46  10710.53    588.07     68.62    111.38   3565.91   1804.91      0.00 0
106593 5626.0    243_255_258_259_264_271_274_279  8.32e+08  6.71e+08  19591.98  -1634.85   8980.34    668.15     65.45    355.23   5241.24  -8820.92      0.00 0
106594 5626.0    106_110_120_128_136_140_151_157_161_167_172_190_196_205_213_230  4.47e+08  3.58e+08  10307.35 -20574.33   9772.69    631.23     66.99    296.61  -2348.74  -4957.20      0.00 0
106595 5626.0    264_270_271_272_274_277_279_281_284_287_289_291_293_294_295_297_298  5.25e+08  4.18e+08  34956.84  20345.37  11911.70    622.72     73.59     30.20   3714.87 -10739.99      0.00 0
106596 5626.0    0_1_2_3_4_5_6_7_8_9_10_11_12_13_14_15_16_17_18_19_20_21_22_23_24_25_26_27_28_29_30_31_32_33_34_35_36_37_38_39_40_41_42_43_44_45_46_47_48_49_50_51_52_53_54_55_56_57_58_59_60_61_62_63_64_65_66_67_68_69_70_71_72_73_74_75_76_77_78_79_80_81_82_83_84_87_88_89_90_91_92_94_101_102_103_104_106_107_108_109_110_111_112_115_116_117_118_127_128_129_130_136_140_141_142_148_149_156_157_158_159_167_168_169_172_180_181_182_183_190_191_192_196_197_200_201_204_205_206_207_211_213_214_219_225_226_227_230_231_237_242_246_249_250_252_253_257_260_261_266_267_269_273_275_276_277_280_281_283_285_286_287_288_289_290_292_293_294_295_296_297_298  4.27e+08  3.31e+08  -8110.69 -92149.84  14783.96    626.02     80.92    264.97   -792.25  -8890.95      0.00 0
106597 5626.0    0_1_2_3_4_5_6_7_8_9_10_11_12_13_14_15_16_17_18_19_20_21_22_23_24_25_26_27_28_29_30_31_32_33_34_35_36_37_38_39_40_41_42_43_44_45_46_47_48_49_50_51_52_53_54_55_56_57_58_59_60_61_62_63_64_65_66_67_68_69_70_71_72_73_74_75_76_77_78_79_80_81_82_83_84_85_86_87_88_89_91_92_93_94_95_97_98_99_101_102_103_105_106_107_109_110_111_113_115_116_117_119_120_121_123_124_125_127_128_129_131_132_135_136_137_139_140_141_144_145_146_148_150_151_152_156_157_158_160_161_162_166_167_168_171_172_173_175_176_181_182_184_185_189_190_191_195_196_197_198_199_200_203_205_206_211_212_213_214_217_218_219_220_223_224_226_227_230_231_233_234_235_237_238_241_242_243_244_246_248_249_250_251_252_253_254_255_256_257_258_259_260_261_263_264_265_266_267_268_269_270_271_272_273_274_275_276_277_278_279_280_281_282_283_284_285_286_287_288_289_290_291_292_293_294_295_296_297_298  6.31e+08  4.88e+08 182719.94 -252510.44  12082.73    621.44     87.78    305.89    611.16  -7118.13      0.00 0
106598 5626.0    0_1_2_5_6_7_8_11_13_14_15_16_19_20_23_24_27_28_31_32_35_36_37_39_40_43_44_47_48_51_52_55_56_57_58_61_62_65_66_69_70_73_74_77_78_81_82_85_87_88_91_92_93_94_97_98_101_102_105_106_109_110_113_115_116_117_119_120_123_124_127_128_131_132_135_136_139_140_144_145_148_149_150_151_156_157_160_161_166_167_171_172_175_180_181_182_184_189_190_195_196_198_200_204_205_211_213_217_219_223_225_226_230_234_237_242_246_249_252_254_257_260_263_266_269_273_275_276_278_280_283_285_286_288_290_292_293_294_296_297  3.16e+08  2.40e+08   3229.34 -95338.56  15125.87    594.87     80.99    271.94  -2688.90  -2154.11      0.00 0
106599 5626.0    0_1_2_3_4_5_6_7_8_9_10_11_12_13_14_15_16_17_18_19_20_21_22_23_24_25_26_27_28_29_30_31_32_33_34_35_36_37_38_39_40_41_42_43_44_45_46_47_48_49_50_51_52_53_54_55_56_57_58_59_60_61_62_63_64_65_66_67_68_69_70_71_72_73_74_75_76_77_78_79_80_81_82_83_84_85_86_87_88_89_90_91_92_93_94_95_96_101_102_103_104_105_106_107_108_109_110_111_112_115_116_117_118_120_127_128_129_130_136_137_138_139_140_141_142_148_149_156_157_158_159_161_166_167_168_169_172_174_180_181_182_183_189_190_191_192_195_196_197_200_201_204_205_206_207_211_213_214_219_225_226_227_230_231_234_237_238_242_246_249_250_252_253_257_260_261_263_266_267_269_270_273_275_276_277_280_281_283_285_286_287_288_289_290_292_293_294_295_296_297_298  1.66e+08  1.26e+08  -7640.43 -105046.88  15027.39    637.95     81.88    265.84   -520.66  -6146.27      0.00 0
