#event_number primary_type du_ids energy_primary em_energy Xmax_pos(x, y, z), Xmax_grams zenith azimuth shower_core_pos_x shower_core_pos_y shower_core_pos_z, N_tested_cores, units are degrees, GeV and meters
105800 5626.0    121_125_137_146_152_154_162_173_176_185_199_203_212_218_220_224_233_235_238_241_243_244_255_256_258_259_264_270_271_274_279_284  6.31e+08  5.01e+08   1893.82 -47358.03  12442.92    631.61     75.29    272.29   4558.46  -9527.84      0.00 0
105801 5626.0    12_17_18_21_22_25_26_33_34_38_41_42_49_50_53_54_59_60_63_64_67_68_71_72_75_76_83_84_86_89_90_95_96_99_100_104_107_108_111_112_114_121_122_125_126_129_130_133_134_137_138_141_142_143_146_147_152_153_155_159_162_163_168_169_173_174_177_186_192_197_199_212  3.47e+08  2.73e+08    941.08  52856.87  12779.68    641.15     76.41     88.98   2961.27   2967.78      0.00 0
105802 5626.0    0_1_2_3_4_5_6_7_8_9_10_12_13_14_17_18_21_22_25_26_27_28_29_30_33_34_35_36_38_41_42_43_44_45_46_49_50_53_54_55_56_59_60_63_64_65_67_68_71_72_75_76_77_79_80_83_84_86_89_90_91_92_95_96_99_100_101_103_104_107_108_111_112_114_115_117_118_121_122_125_126_129_130_133_134_137_138_141_142_143_146_147_148_149_152_153_154_155_156_158_159_162_163_164_165_168_169_170_173_174_176_177_178_179_180_182_183_185_186_187_188_191_192_193_194_197_199_201_202_203_204_206_207_208_209_210_212_214_215_216_218_220_221_222_224_225_227_228_229_231_232_233_235_236_238_239_240_241_243_244_245_247_248_250_251_253_255_256_258_259_261_262_264_265_267_268_270_271_272_274_277_279_281_282_284_289_291_295  2.09e+08  1.59e+08 -37629.22 306023.91  12275.94    615.75     87.72     97.01   5572.60    596.00      0.00 0
105803 5626.0    0_1_2_3_4_5_6_7_8_9_10_11_12_13_14_15_16_17_18_19_20_21_22_23_24_25_26_27_28_29_30_31_32_33_34_35_36_37_38_39_40_41_42_43_44_45_46_47_48_49_50_51_52_53_54_55_56_57_58_59_60_61_62_63_64_65_66_67_68_69_71_72_73_75_76_77_78_79_80_81_83_84_86_87_88_89_90_91_92_93_95_96_99_100_101_102_103_104_105_107_108_109_111_112_114_115_116_117_118_121_122_125_127_129_130_133_135_137_138_139_141_142_146_148_149_152_156_158_159_160_162_166_168_169_171_173_176_180_182_183_185_189_191_192_195_197_199_200_201_203_204_206_207_212_214_218_220_224_225_227_231_235_238_241_243_244_250_253_255_256_258_259_264_267_270_271_272_274_279_281_284_291  2.69e+08  2.07e+08 -32036.59  96926.44  15110.82    618.14     81.58    108.29    452.93   1565.12      0.00 0
105804 5626.0    63_67_79_89_91_95_102_103_107_111_116_117_121_125_128_129_133_137_140_141_146_148_152_154_157_158_161_162_164_167_168_170_172_173_176_178_181_182_185_187_190_191_193_196_197_198_199_200_202_203_205_206_208_209_211_212_213_214_215_217_218_219_220_221_223_224_226_227_228_229_230_231_232_233_234_235_236_237_238_239_241_242_243_244_245_246_247_248_249_250_251_252_253_254_255_256_257_258_259_260_261_262_263_264_265_266_267_268_269_270_271_272_273_274_275_276_277_278_279_280_281_282_283_284_285_286_287_288_289_290_291_292_293_294_295_296_297_298  5.01e+08  3.94e+08 230505.75 106948.30  13939.92    643.86     86.86     24.89   3211.20  -7447.46      0.00 0
105805 5626.0    0_1_2_3_4_5_6_7_8_9_10_11_12_14_15_16_17_19_23_24_27_31_37_39_47_51_57_61_69_70_73_81_85_93_97_105_119_123_131_144  1.62e+08  1.23e+08  26270.34 -12643.06  10975.84    584.05     69.37    334.30  -2516.13   1266.25      0.00 0
105806 5626.0    185_197_199_203_212_214_218_220_224_231_233_235_238_241_243_244_253_258  2.51e+08  1.99e+08 -14883.03 -18764.25   9759.18    654.02     67.83    231.58   3713.57  -6517.12      0.00 0
105807 5626.0    212_214_220_224_231_235_238_241_243_244_250_253_255_258  1.62e+08  1.24e+08  19158.28   9535.27   9770.60    595.86     65.46     26.46   3632.03  -7289.07      0.00 0
105808 5626.0    94_106_110_120_124_128_132_136_140_145_151_157_161_167  1.74e+08  1.36e+08 -17004.90  15392.08   9968.31    602.17     66.51    137.85  -2922.93  -3260.26      0.00 0
105809 5626.0    200_205_206_213_214_220_226_227_230_231_235_237_238_242_243_244_246_249_250_252_253_254_255_256_257_258_259_260_261_263_264_266_267_269_270_271_272_273_274_275_276_277_278_279_280_281_283_284_285_286_287_288_289_290_291_292_293_294_295_296  1.05e+08  7.80e+07  80238.65    658.21  14712.57    582.25     79.61      0.47   2171.01  -9615.57      0.00 0
105810 5626.0    0_1_2_3_4_6_7_10_11_12_14_15_18_19_22_23_25_26_27_30_31_34_36_37_38_39_42_43_46_47_50_51_54_56_57_60_61_64_65_68_69_71_72_73_76_77_80_81_84_86_87_90_92_93_96_97_100_101_105_108_109_114_119_122_123_126_131_134_135_143_144_150_155_165_170_188_194  2.14e+08  1.64e+08  46064.37  -6162.67  12609.50    599.94     74.82    352.38   -533.28   1655.47      0.00 0
105811 5626.0    231_238_253_258_267_270_274_281_284_289_291  7.59e+08  6.15e+08   2159.58 -21985.61   9491.22    651.50     66.75    275.61   2434.99 -10581.08      0.00 0
105812 5626.0    18_22_25_26_30_34_38_42_46_49_50_54_56_59_60_64_68_71_72_75_76_80_84_86_90_92_95_96_99_100_104_108_112_114_115_118_121_122_125_126_130_133_134_138_142_143_146_147_149_152_153_154_155_156_159_163_164_165_169_170_174_176_177_178_179_180_183_185_186_187_188_189_192_193_194_201_202_203_204_207_208_209_210_215_216_218_221_222_225_228_229_232_233_236_239_240_241_245_247_248_251_256_262_265_268_272_282  1.95e+08  1.43e+08 105587.00 -181781.38  15511.49    583.86     85.78    300.15   4377.14   4588.09      0.00 0
105813 5626.0    196_198_205_211_213_217_219_223_226_230_234_237_242_246_249_252_254_257_260_261_263_266_267_269_273_275_276_277_280_281_283_286_287_288_289_291_293_294_295_298  2.75e+08  2.11e+08  33986.86 -30914.82  12568.80    599.61     74.70    317.71  -1128.50  -9385.80      0.00 0
105814 5626.0    7_14_15_19_23_27_30_31_36_37_39_42_43_46_47_51_56_57_61_64_65_68_69_70_73_77_80_81_85_87_90_92_93_97_101_104_105_108_109_112_113_115_118_119_123_127_130_131_132_135_138_139_142_144_149_150_153_156_159_160_163_169_174_186_192  1.17e+08  8.83e+07  59757.58  26032.95  13926.21    591.57     77.94     23.54  -3387.49   1876.49      0.00 0
105815 5626.0    0_1_2_3_4_5_6_7_8_9_10_11_12_13_14_15_16_17_18_19_20_21_22_23_24_25_26_27_28_29_30_31_32_33_34_35_36_37_38_39_40_41_42_43_44_45_46_47_48_49_50_51_52_53_54_55_56_57_58_59_60_61_62_63_64_65_66_67_68_69_70_71_72_73_74_75_76_77_78_79_80_81_82_83_84_85_86_88_89_90_91_94_95_96_97_98_99_100_102_103_106_107_108_110_111_112_113_114_116_117_120_121_122_124_125_126_128_131_132_133_134_136_137_138_140_143_145_146_147_151_153_154_155_161_164_165_167_170_172_175_177_179_184_186_187_188_193_194_198_208_210_215_216_217_221_222_223_236_240  1.66e+08  1.21e+08 107845.80  44274.77  15679.41    586.17     82.34     22.32   2643.51    166.83      0.00 0
105816 5626.0    94_98_106_110_113_120_124_128_132_136_140_145_151_157_161_167_172_175_181_184_190_196_198_200_205_211_213_217_219_223_226_227_230_234_237_242_246_249_252_257_260_261_266_269_273_275_276_277_280_286_287_288_289_293_294_295_297_298  1.05e+08  7.74e+07  25054.66 -49707.55  13158.62    616.09     76.70    296.75  -2591.85  -6341.40      0.00 0
105817 5626.0    0_1_2_3_4_5_6_7_8_9_10_11_12_13_14_15_16_17_18_19_20_21_22_23_24_25_26_27_28_29_30_31_32_33_34_35_36_37_38_39_40_41_42_43_44_45_46_47_48_49_50_51_52_53_54_55_56_57_58_59_60_61_62_63_64_65_66_68_69_70_71_72_73_74_75_76_77_78_80_81_82_83_84_85_86_87_88_90_92_93_94_96_97_98_99_100_104_105_106_108_110_112_113_114_120_122_123_124_126_130_131_132_134_136_138_142_143_145_147_151_153_155_163_165_174_175_177_179_184_186_188_194_210_216_240  8.51e+08  6.71e+08  76572.25  36293.68  14286.74    656.99     80.43     25.36    516.03    842.85      0.00 0
105818 5626.0    0_1_2_3_4_5_6_7_8_9_10_11_12_13_14_15_16_17_18_19_20_21_22_23_24_25_26_27_28_29_30_31_32_33_34_35_36_37_38_39_40_41_42_43_44_45_46_47_48_49_50_51_52_53_54_55_56_57_58_59_60_61_62_63_64_65_66_67_68_69_70_71_72_73_74_75_76_77_78_79_80_81_82_83_84_85_86_87_89_90_92_93_94_95_96_97_98_99_100_101_104_105_107_108_109_112_113_114_115_118_119_121_122_123_124_125_126_127_130_131_132_133_134_135_138_139_142_143_144_146_147_149_150_153_154_155_156_159_160_163_164_165_166_169_170_171_174_177_178_179_180_183_186_187_188_189_192_193_194_195_201_204_207_208_209_210_215_216_221_222_225_232_236_239_240  2.40e+08  1.82e+08 236194.73  -8578.34  14745.68    607.09     86.43    357.92  -3720.05   2920.32      0.00 0
105819 5626.0    85_94_97_98_106_110_113_120_123_124_128_131_132_136_140_144_145_151_161_167_172_175_184_190_196_198_205_211_213_217_219_223_226_230_234_237_242_249_252_254_257_260_263_266_269_273_275_276_278_280_283_285_286_288_290_292_293_294_296_297_298  6.76e+08  5.31e+08 -20612.89  77577.91  14399.41    620.50     79.83    104.88  -2872.85  -9733.01      0.00 0
105820 5626.0    125_133_143_146_154_164_176_178_185_187_202_203_209_218_228_229_233_241_244_245_248_251_256_259_265_268_272_282  1.38e+08  1.06e+08  -8099.27  33478.36  11224.82    634.13     71.95    103.60   5988.30  -4680.33      0.00 0
105821 5626.0    176_178_185_187_199_202_203_209_212_215_218_220_221_224_228_229_232_233_235_236_238_239_241_243_244_245_247_248_251_253_255_256_258_259_262_264_265_268_270_271_272_274_279_281_282_284_289_291_295_298  6.92e+08  5.50e+08  41845.80  79941.68  14517.38    651.09     80.86     62.37   4874.02  -9958.49      0.00 0
105822 5626.0    3_4_9_10_12_17_18_21_22_25_26_29_30_33_34_38_41_42_45_49_50_53_54_59_60_63_64_67_68_71_72_75_76_79_83_84_86_89_90_95_99_103_107_108_111_117_121_129_137_141_152_158_162_168_173_182_191_197_199_206_212_214_220_227_231_235_238_243_250_253_255_258_264_267_270_274_277_279_281_284_289_291  8.71e+08  6.98e+08  -4275.25  49362.48  12611.02    631.33     75.72     94.95   2312.40  -5244.17      0.00 0
105823 5626.0    213_219_237_242_252_257_263_266_269_273_280_283_288_290_292_296  8.71e+08  7.01e+08  -2355.92  25787.52  10231.62    625.96     68.44     95.22  -2538.96 -10037.64      0.00 0
105824 5626.0    0_1_2_3_4_5_6_7_8_9_11_12_13_15_16_17_19_20_21_23_24_28_29_31_32_33_35_37_40_41_44_45_47_48_51_52_53_55_57_58_59_62_63_66_67_69_70_73_74_78_79_82_83_85_89_93_95_97_98_103_107_111_113_121_123_131_137_152  2.75e+08  2.13e+08 -32455.46  18407.31  11821.74    594.29     72.42    150.44  -1127.24   -685.61      0.00 0
105825 5626.0    8_9_13_20_21_28_29_35_40_44_45_52_55_62_66_78_82_88_102_106_110_120_128_136_140_151_161_172_175_184_198_217_223  9.12e+08  7.41e+08  25079.82  17744.36  10662.58    653.88     70.86     35.28  -2970.53  -3657.10      0.00 0
105826 5626.0    60_64_68_72_76_84_86_90_96_100_104_108_112_114_118_122_126_130_133_134_138_142_143_147_153_154_155_159_164_165_170_187_193_194_208_209_215_221_229_232_239_247  1.82e+08  1.40e+08 -25815.95  26705.20  11547.54    628.61     72.73    134.03   4334.41    901.25      0.00 0
105827 5626.0    0_1_2_3_4_5_6_7_8_9_10_11_12_13_14_15_16_17_18_19_20_21_22_23_24_25_26_27_28_29_30_32_33_34_35_36_38_39_40_41_42_43_44_45_46_49_50_52_53_54_55_56_59_60_62_63_64_65_66_67_68_71_72_75_76_77_78_79_80_82_83_84_86_88_89_90_91_92_95_96_99_100_102_103_104_107_108_110_111_112_114_115_116_117_118_121_122_125_126_128_129_130_133_134_137_138_140_141_142_143_146_147_148_149_152_153_154_155_157_158_159_162_163_164_165_167_168_169_170_173_174_176_177_178_179_181_182_183_185_186_187_188_190_191_192_193_194_196_197_199_200_202_203_205_206_207_208_209_210_212_213_214_215_216_218_219_220_221_222_224_226_227_228_229_230_231_232_233_235_236_237_238_239_240_241_243_244_245_246_247_248_249_250_251_252_253_255_256_257_258_259_260_261_264_266_267_268_269_270_271_272_273_274_275_276_277_279_280_281_283_284_285_286_287_288_289_290_291_292_293_294_295_296_297_298  1.91e+08  1.42e+08 -49359.83 -210612.03  15240.31    601.01     85.97    256.81   1923.55  -7399.15      0.00 0
105828 5626.0    1_2_8_11_15_16_19_20_23_24_28_31_32_37_40_47_48_52_58_62_66_70_74_82_88_94_102_106_110_120_128_136_140_151_161_167_172_184_196_198_211_219_223_234  9.12e+08  7.31e+08  10727.07  29376.61  10927.45    625.41     70.74     69.94  -2611.14  -3370.18      0.00 0
105829 5626.0    168_173_182_191_197_199_200_205_206_212_214_220_226_227_230_231_246_249_252  1.95e+08  1.50e+08 -22711.70 -14164.30  10435.84    614.21     68.70    211.95    904.61  -7001.63      0.00 0
105830 5626.0    0_1_2_3_4_5_6_7_8_9_10_11_12_13_14_15_16_17_18_19_21_22_23_25_26_27_29_30_31_33_34_36_38_39_41_42_43_46_47_49_50_51_53_54_56_57_59_60_61_63_64_65_67_68_71_72_73_75_76_77_80_81_83_84_86_87_89_90_92_93_95_96_99_100_101_104_105_107_108_109_112_114_115_118_119_121_122_125_126_127_130_133_134_135_137_138_139_142_143_144_146_147_149_150_152_153_154_155_156_159_160_162_163_164_165_166_169_170_171_174_176_177_178_179_180_183_185_187_188_189_192_193_194_195_201_202_203_204_207_208_209_215_216_218_221_222_225_228_229_232_233_236_239_241_245_247_248_251_262_265_268_282  1.74e+08  1.30e+08 -92356.02  78406.77  15498.15    615.59     82.71    139.67   5473.45  -1394.45      0.00 0
105831 5626.0    0_1_4_6_7_10_12_14_15_18_19_22_23_25_26_27_30_31_34_36_38_39_42_43_46_47_50_51_54_56_57_60_61_64_65_68_71_72_73_76_77_80_81_84_86_87_90_92_93_96_97_100_101_104_105_108_109_112_114_115_118_119_122_123_126_127_130_131_133_134_135_138_139_142_143_144_147_149_150_153_155_156_159_160_163_164_165_166_169_170_171_174_177_179_180_183_186_188_189_192_193_194_195_201_204_207_208_210_216_221_222_236_240  8.32e+08  6.60e+08 -121118.95  22623.04  15063.25    673.60     83.03    169.42   4627.64   2798.76      0.00 0
105832 5626.0    0_1_2_3_4_5_6_7_8_9_10_11_12_13_14_15_16_17_18_19_20_21_22_23_24_25_26_27_28_29_30_31_33_34_35_36_37_38_39_41_42_43_45_46_47_49_50_51_53_54_56_57_59_60_61_63_65_67_69_71_72_73_75_76_77_81_83_86_87_89_93_95_99_101_105_107_109_111_119_121_125_133_135_137_139_144_146_150_152_154_160_162_176_178_185_202_203_218_228_233_248  1.66e+08  1.27e+08 -36602.85  30345.13  12882.25    576.61     74.84    140.34   1147.17   -501.94      0.00 0
105833 5626.0    147_153_155_163_165_174_177_179_186_188_194_207_208_210_216_221_222_236_239_240  1.74e+08  1.33e+08  37458.61 -50844.78  13504.31    630.76     77.93    306.38   5397.93   4780.51      0.00 0
105834 5626.0    59_71_75_83_86_89_95_99_100_107_111_114_121_125_126_129_133_134_137_141_143_146_147_152_153_154_155_158_162_164_165_168_170_173_176_177_178_179_182_185_186_187_188_191_193_194_197_199_200_202_203_206_208_209_210_212_214_215_216_218_220_221_222_224_226_227_228_229_231_232_233_235_236_238_239_240_241_243_244_245_246_247_248_249_250_251_253_255_256_258_259_260_261_262_264_265_267_268_270_271_272_274_275_276_277_279_281_282_284_286_287_288_289_291_293_294_295_296_297_298  2.51e+08  1.89e+08 -92048.77 -231073.53  14603.19    587.86     86.64    248.28   4897.86  -8781.68      0.00 0
105835 5626.0    2_3_5_8_9_12_13_16_17_20_21_25_28_29_32_33_35_40_41_44_45_49_52_53_55_58_59_62_63_66_67_74_78_79_82_88_94_102_106_110_120_124_136_140_145_151_161_175_184  1.00e+09  8.10e+08  31934.09  13660.59  11392.85    615.32     71.84     23.16  -2408.71  -2557.48      0.00 0
105836 5626.0    74_82_85_88_94_97_98_102_106_110_113_116_120_124_128_131_132_136_140_145_148_151_157_161_167_172_175_181_182_184_190_196_198_200_205_206_211_213_217_219_223_226_227_230_231_234_237_242_246_249_250_252_253_254_257_260_261_263_266_267_269_270_273_275_276_277_280_281_283_284_286_287_288_289_290_291_293_294_295_296_297_298  2.82e+08  2.18e+08 -45865.23  73058.77  14574.71    626.63     80.41    122.12  -2981.69  -5355.87      0.00 0
105837 5626.0    93_97_105_109_113_119_123_131_135_139_144_150_160_166_171_189_195  1.02e+08  7.77e+07   8046.65  34334.04  11621.62    592.60     71.76     76.81  -3113.77   4884.09      0.00 0
105838 5626.0    284_291  1.26e+08  9.67e+07 -18082.69 -11640.10   9991.53    569.12     65.08    212.77   3737.75 -11247.60      0.00 0
105839 5626.0    60_71_72_75_76_84_86_95_96_99_100_108_112_114_121_122_125_126_130_133_134_138_142_143_146_147_152_153_154_155_163_164_165_169_170_174_176_177_178_179_185_186_187_188_192_193_194_199_202_203_207_208_209_210_215_216_218_221_224_228_229_232_233_239_241_244_245_247_248_251_256_259_262_265_268_272_282  6.17e+08  4.88e+08 -19309.98  63877.16  13601.05    643.69     78.48    106.82   5133.69   -867.40      0.00 0
105840 5626.0    71_72_75_86_95_96_99_100_114_121_125_126_133_134_137_143_146_152_154_162_176_185  1.35e+08  1.03e+08   3045.69 -26940.68  10729.04    581.36     68.41    276.45   3901.29  -1240.20      0.00 0
105841 5626.0    0_1_2_3_4_5_6_7_8_9_10_11_12_13_14_15_16_17_18_19_20_21_23_24_25_26_27_28_29_31_32_33_34_35_37_38_40_41_44_45_47_48_49_50_51_52_53_55_57_58_59_62_63_66_67_69_70_71_72_73_74_75_78_79_81_82_83_85_86_88_89_93_94_95_97_98_99_103_106_107_111_113_121_123_124_125_131_132_133_137_146_152_154_164_176_178_187_202_209_215_229_232_247  7.41e+08  5.83e+08 -53529.49  15399.90  13115.76    621.98     76.75    163.95  -1164.70   -637.09      0.00 0
105842 5626.0    151_161_167_172_175_181_184_190_196_198_200_205_211_213_217_219_223_226_227_230_231_234_237_242_246_249_250_252_253_254_257_260_261_263_266_267_269_270_273_275_276_277_278_280_281_283_284_286_287_288_289_290_291_293_294_295_296_297_298  1.00e+08  7.43e+07  59296.96 -53729.50  14484.16    608.68     79.74    317.82   1083.84 -11130.59      0.00 0
105843 5626.0    96_122_126_147_153_177_179_186  3.39e+08  2.70e+08  15909.80  11984.54   8976.86    675.69     65.74     36.99   4978.20   3583.07      0.00 0
105844 5626.0    0_1_2_3_5_6_7_8_9_11_13_14_15_16_19_20_23_24_27_28_29_31_32_35_36_37_39_40_41_43_44_45_47_48_51_52_55_57_58_61_62_65_66_67_69_70_73_74_77_78_79_81_82_85_87_88_91_93_94_97_98_101_102_103_105_106_109_110_113_116_117_119_120_123_127_128_129_131_135_136_139_140_144_148_150_157_158_160_166_167_171_181_182_190_191_195_200_205_206_226_227_231_246_250  9.33e+08  7.49e+08  19218.30 -58833.23  13302.52    648.11     77.87    288.09  -2465.27   1482.40      0.00 0
105845 5626.0    16_20_24_32_40_48_52_58_62_74_82_88_94_106_110_120_136_151_161_184_198_217  1.51e+08  1.16e+08 -13876.09 -18697.80  10066.32    596.17     66.62    233.42  -2999.46  -2903.84      0.00 0
105846 5626.0    37_47_48_57_58_69_70_73_74_82_85_93_94_97_98_105_106_113_119_120_123_124_131_132_136_140_145_151_161_172_175_184_196_198_211_217_219_223_234_242_254_263_273_278_285  2.63e+08  2.05e+08  -7573.02 -46144.68  12477.36    620.21     75.06    260.68  -4181.51  -4436.99      0.00 0
105847 5626.0    129_141_148_152_158_162_168_173_176_178_181_182_185_190_191_196_197_199_200_202_203_205_206_209_212_213_214_218_219_220_224_226_227_228_229_230_231_232_233_234_235_237_238_239_241_242_243_244_245_246_247_248_249_250_251_252_253_254_255_256_257_258_259_260_261_262_263_264_265_266_267_268_269_270_271_272_273_274_275_276_277_278_279_280_281_282_283_284_285_286_287_288_289_290_291_292_293_294_295_296_297_298  2.95e+08  2.24e+08 -126731.21 -57567.86  15662.26    617.78     83.58    204.43    -69.84  -9307.40      0.00 0
105848 5626.0    0_1_2_3_4_5_6_8_9_10_11_12_13_16_17_18_20_21_22_23_24_25_26_28_29_32_33_34_35_37_38_40_41_44_45_48_49_50_52_53_54_55_58_59_60_62_63_66_67_70_71_72_74_75_76_78_79_82_83_84_86_88_89_91_94_95_96_98_99_100_102_103_106_107_110_111_114_116_117_120_121_124_125_126_128_129_133_134_136_137_140_141_143_145_146_147_148_151_152_154_155_157_158_161_162_164_165_167_168_170_172_173_175_176_178_179_181_182_184_185_187_188_190_191_193_194_196_197_198_199_200_202_203_205_206_208_209_210_211_212_213_214_215_216_217_218_219_220_221_222_223_224_226_227_228_229_230_231_232_233_234_235_236_237_238_239_240_241_242_243_244_245_246_247_248_249_250_251_252_253_254_255_256_257_258_260_261_262_263_265_266_268_269_273_276_278_280_283_285_292  1.58e+08  1.19e+08 191414.84  86708.80  15099.77    629.46     85.89     24.37  -3634.27  -6223.19      0.00 0
105849 5626.0    31_39_43_47_51_57_61_65_69_70_73_77_81_85_87_92_93_97_98_101_105_109_113_115_118_119_123_127_132_135_139_149_156_159_166_180_183_189_192_201_204_207  3.47e+08  2.69e+08 -18846.06 -31526.92  11644.51    609.76     72.41    239.13  -1196.04   3976.91      0.00 0
105850 5626.0    88_91_102_103_106_110_111_116_117_120_128_129_136_140_141_145_148_151_157_158_161_162_167_168_172_173_175_181_182_184_190_191_196_197_198_199_211_212_217_218_224  8.13e+08  6.48e+08 -46240.45   8236.68  12444.64    626.79     75.16    169.90  -2823.78  -4249.47      0.00 0
105851 5626.0    212_220_224_235_238_243_244_253_255_258_264_267_270_274_277_279_281_284_287_289_291_295_298  8.13e+08  6.55e+08 -12416.87 -34301.22  11445.96    633.30     72.58    250.10   2460.37 -10855.59      0.00 0
105852 5626.0    199_212_224_235_243_244_255_259_264_271_279  6.61e+08  5.31e+08 -11545.44  23535.98  10126.14    647.57     68.88    116.13   5223.76  -8572.03      0.00 0
105853 5626.0    0_1_2_3_4_5_6_7_10_11_12_14_15_17_18_19_22_23_24_25_26_27_30_31_33_34_36_37_38_39_42_43_46_47_49_50_51_54_56_57_60_61_64_65_68_69_71_72_73_75_76_77_80_81_84_86_87_93_96_97_99_100_105_114_119_123_144  1.41e+08  1.09e+08  34713.36  -7441.90  11528.48    608.16     72.01    347.90   -202.73   1045.12      0.00 0
105854 5626.0    0_1_2_5_6_7_8_11_13_14_15_16_19_20_23_24_27_28_31_32_36_37_39_40_43_44_47_48_51_52_56_57_58_61_62_65_66_69_70_73_74_77_78_81_82_85_87_88_94_98_102_106_110_116_120_128_136_140_151_157_161_167_172_184_190_196_198_211_213_219_223_234_237_242_252_254_257_263_269_273_278_283_285  1.38e+08  1.03e+08  11109.39  45469.08  12734.61    587.53     74.78     76.27  -2485.88  -4111.74      0.00 0
105855 5626.0    0_1_2_3_4_5_6_7_9_10_11_12_14_15_16_17_18_19_21_22_23_24_25_26_27_30_31_33_34_36_37_38_39_42_43_46_47_49_50_51_54_56_57_59_60_61_64_65_68_69_71_72_73_75_76_77_80_81_84_86_87_90_93_96_97_99_100_101_105_108_109_114_119_122_123_125_126_131_133_134_135_143_144_150_154_155_164_165_170_187_188_193_194_208_215_221_222_236_239  1.55e+08  1.19e+08 -51033.81  11969.87  13137.51    590.43     75.93    166.80   2283.60    754.58      0.00 0
105856 5626.0    0_1_2_3_4_5_6_7_8_9_10_11_12_13_14_15_16_17_18_19_20_21_22_23_24_25_26_27_28_29_30_31_32_33_34_35_36_37_38_39_40_41_42_43_44_45_46_47_48_49_50_51_52_53_54_55_56_58_59_60_62_63_64_65_66_67_68_71_72_74_75_76_77_78_79_80_82_83_84_86_88_89_90_91_92_94_95_96_99_100_102_103_104_106_107_108_110_111_112_114_116_117_118_120_122_126_128_129_130_136_138_140_142_147_148_151_153_157_158_159_161_163_167_169_172_174_177_181_182_186_190_192_196_198_200_205_211_213_219_223_226_230_234_237_242_249_252_254_257_263_266_269_273_278_280_283_285_290_292  5.89e+08  4.61e+08  37170.16  70858.80  14368.35    623.14     79.82     62.32    -47.47  -1844.56      0.00 0
105857 5626.0    62_82_88_91_94_102_106_110_116_117_120_128_136_140_148_157_158_167_181_182_190_191_200_205_206_214_227_231_238_250_253_258_270  1.35e+08  1.03e+08  22620.18 -27430.71  11545.47    606.63     72.01    309.51   -266.09  -5464.08      0.00 0
105858 5626.0    0_1_2_3_4_5_6_7_8_9_10_11_12_13_14_15_16_17_18_19_20_21_22_25_26_27_28_29_30_31_33_34_35_36_38_39_40_41_42_43_44_45_46_49_50_51_53_54_55_56_59_60_61_63_64_65_67_68_71_72_75_76_77_78_79_80_83_84_86_87_89_90_91_92_95_96_99_100_101_103_104_107_108_109_111_112_114_115_117_118_121_125_127_129_130_133_137_138_141_142_146_148_149_152_154_156_158_159_162_166_168_169_173_176_180_182_183_185_189_191_192_195_197_199_201_203_204_206_207_212_214_218_220_224_225_231_233_235_238_241_243_244_250_251_253_255_256_258_259_264_267_270_271_272_274_279_281_284_291  2.82e+08  2.20e+08 -27854.18  85573.84  14382.33    668.03     80.92    108.03   4152.89  -8184.96      0.00 0
105859 5626.0    1_2_5_8_11_13_15_16_20_23_24_28_29_31_32_35_37_40_44_45_47_48_51_52_55_57_58_62_66_67_69_70_73_74_78_79_81_82_85_88_91_93_102_103_116_117_129_148_158_168_182_191  7.08e+08  5.69e+08  15783.20 -29472.58  11128.04    632.09     71.59    298.17   -704.47  -2224.19      0.00 0
105860 5626.0    11_15_16_20_23_24_31_32_37_47_48_52_58_62_69_70_74_82_94_98_106_110_120_124_136_145_151_161_184_198  5.75e+08  4.60e+08 -11077.61 -21298.03   9757.86    655.47     67.88    242.52  -2793.89  -2181.59      0.00 0
105861 5626.0    0_1_2_3_4_5_6_7_8_9_10_11_12_13_14_15_16_17_18_20_21_22_25_26_27_28_29_30_33_34_35_36_38_40_41_42_43_44_45_46_49_50_53_54_55_56_59_63_64_66_67_68_75_77_78_79_80_83_89_91_102_103_107_111_116_117_129_137_141_148_157_158_162_168_173_181_182_191_197_200_206_212_214_220_226_227_231_238_243_246_250_253_258_260_261_264_267_270_274_275_277_281_284_287_289_291_293_295_298  1.95e+08  1.49e+08  -8140.48  61418.88  13259.60    654.45     77.92     97.55   1714.14  -8376.46      0.00 0
105862 5626.0    0_1_2_3_4_5_6_7_8_9_10_11_12_13_14_15_16_17_18_19_20_21_22_23_24_25_26_27_28_29_30_31_32_33_34_35_36_37_38_39_40_41_42_43_44_45_46_47_48_49_50_51_52_53_54_55_57_58_59_60_62_63_64_66_67_68_69_70_71_72_73_74_75_76_78_79_81_82_83_84_85_86_88_89_90_91_94_95_96_97_98_99_100_102_103_106_107_108_110_111_113_114_116_117_120_121_122_124_125_126_128_129_131_132_133_134_136_137_140_141_143_145_146_147_148_151_152_154_155_157_161_162_164_165_167_170_172_175_176_177_178_179_184_185_187_188_193_194_198_202_208_209_210_215_216_217_221_222_223_229_232_236_239_240_247  4.68e+08  3.64e+08 -121173.77 -28957.07  15319.27    643.04     82.99    193.44   6070.03   -111.13      0.00 0
105863 5626.0    3_5_8_9_12_13_17_18_20_21_25_26_28_29_33_34_35_38_40_41_44_45_49_50_52_53_55_59_60_62_63_66_67_71_72_75_76_78_79_83_86_88_89_91_95_96_99_100_102_103_106_107_110_111_114_116_117_121_125_126_128_129_133_134_136_137_140_141_143_146_147_148_151_152_154_155_157_158_161_162_164_165_167_168_170_172_173_176_177_178_179_181_182_184_185_187_188_190_191_193_194_196_197_198_199_200_202_203_205_206_208_209_210_211_212_213_214_215_216_217_218_219_220_221_222_223_224_226_227_228_229_230_231_232_233_234_235_236_237_238_239_240_241_242_243_244_245_246_247_248_249_250_251_252_253_254_255_256_257_258_259_260_261_262_263_264_265_266_267_268_269_270_271_272_273_274_275_276_277_278_279_280_281_282_283_284_285_286_287_288_289_290_291_292_293_294_295_296_297_298  2.24e+08  1.70e+08 238927.31 191965.25  12149.21    637.79     87.73     38.78   2178.63  -6602.60      0.00 0
105864 5626.0    13_21_28_29_35_40_41_44_45_53_55_62_63_66_67_78_79_82_83_88_89_91_102_106_110_136  8.91e+08  7.24e+08  20383.26   6477.70   9264.19    669.00     66.58     17.63   -664.55  -2540.75      0.00 0
105865 5626.0    128_140_157_167_172_190_196_211_213_219_223_234_237_242_254_257_263_273_278_285  1.86e+08  1.42e+08  18674.94  26336.56  11110.56    616.50     71.01     54.66  -4000.42  -8014.13      0.00 0
105866 5626.0    0_1_2_3_4_5_6_7_8_9_10_11_12_13_14_15_16_17_18_19_20_22_23_24_25_26_27_30_31_32_34_36_37_38_39_42_46_47_48_49_50_51_52_54_57_58_60_64_68_69_70_71_72_73_74_76_84_85_86_96_98_100_108_122_126_134_155  4.57e+08  3.61e+08  31282.68   9254.48  11042.23    631.31     71.30     16.48    288.14    546.39      0.00 0
105867 5626.0    1_2_7_11_15_16_19_20_23_24_27_31_32_37_39_40_43_47_48_51_52_57_58_61_62_65_69_70_73_74_81_82_87  2.34e+08  1.83e+08   3701.18  20406.78   9425.41    628.83     65.56     79.72  -1616.53    122.28      0.00 0
105868 5626.0    92_101_104_109_115_118_127_139_156_160_166_171  2.00e+08  1.57e+08  21387.47  -5130.73   9783.29    607.23     66.02    346.51  -1600.82   4383.21      0.00 0
105869 5626.0    0_1_2_3_4_5_6_7_8_9_10_11_12_13_14_15_16_17_18_19_20_21_22_23_24_25_26_27_28_29_30_31_32_33_34_35_36_37_38_39_40_41_42_43_44_45_46_47_48_49_50_51_52_53_54_55_56_57_58_59_60_61_62_63_64_65_66_67_68_69_70_71_72_73_74_75_76_77_78_79_80_81_82_83_84_85_86_87_88_89_90_92_93_94_95_96_97_98_99_100_101_102_104_105_106_107_108_109_110_112_113_114_119_120_122_123_124_125_126_130_131_132_133_134_135_136_138_142_143_144_145_147_151_153_154_155_163_164_165_170_175_177_179_184_186_187_188_193_194_208_210_216_221_222_236_240  8.91e+08  7.04e+08 118546.01  27608.32  15225.55    650.10     82.87     13.11  -4225.81   -569.73      0.00 0
105870 5626.0    41_45_55_63_67_78_79_89_91_102_103_116_117_128_129_148_157_158_167_172_181_182_190_196_200_205_211_213_219_226_230_234_237_242_249_252_254_257_263_266_269_273_278_280_283_285_290_292  5.25e+08  4.18e+08  29655.83  46910.88  12649.73    684.61     77.16     57.70  -3965.97 -10396.25      0.00 0
105871 5626.0    20_23_24_32_37_40_47_48_52_57_58_62_66_69_70_73_74_78_82_85_88_93_94_97_98_102_106_110_113_116_119_120_123_128_136_140_157_167  4.37e+08  3.47e+08  -9696.25  29387.56  10982.82    612.42     70.46    108.26  -2250.91  -1795.30      0.00 0
105872 5626.0    1_2_7_11_15_16_19_20_23_24_27_31_32_36_37_39_40_43_47_48_51_52_56_57_58_61_62_65_66_69_70_73_74_77_81_82_85_87_88_92_93_94_97_98_101_105_106_109_110_113_115_118_119_120_123_124_127_131_132_135_136_139_140_144_145_149_150_151_156_160_161_166_167_171_172_175_180_183_184_189_195_196_198_201_204_211_217_219_223_225_234_242_254_263_278  1.20e+08  9.12e+07  13330.21  66349.51  13854.83    616.98     78.43     78.64  -2435.85   2535.55      0.00 0
105873 5626.0    43_46_56_64_65_68_77_80_87_90_92_101_104_105_108_109_112_115_118_119_122_127_130_135_138_139_142_144_147_149_150_153_156_159_160_163_166_169_171_174_177_179_180_183_186_189_192_195_210  5.01e+08  3.91e+08  60004.27  -1162.61  13481.06    610.05     77.34    358.89   2328.67   4213.44      0.00 0
105874 5626.0    141_152_162_168_173_176_185_199_202_203_218_228_229_233_245_247_248  1.23e+08  9.41e+07  27732.05   5753.13  10940.11    574.92     68.88     11.72   5210.95  -4303.48      0.00 0
105875 5626.0    197_200_206_212_214_220_224_226_227_230_231_233_235_237_238_241_243_244_246_248_249_250_251_252_253_255_256_257_258_259_260_261_262_263_264_265_266_267_268_269_270_271_272_273_274_275_276_277_278_279_280_281_282_283_284_285_286_287_288_289_290_291_292_293_294_295_296_297_298  2.69e+08  2.06e+08 162313.31  51894.46  15358.35    654.55     84.85     17.73   2482.94 -10800.27      0.00 0
105876 5626.0    79_89_91_102_103_107_111_116_117_129_137_141_152_162  5.75e+08  4.52e+08  23081.37    -56.40   9897.49    615.03     66.79    359.86   1525.92  -3712.76      0.00 0
105877 5626.0    20_28_32_35_40_44_45_48_52_55_58_62_66_67_74_78_79_82_88_94_98_106  6.03e+08  4.86e+08 -19271.43   7954.92   9492.52    621.81     65.52    157.57  -1462.17  -1883.86      0.00 0
105878 5626.0    0_1_2_3_4_5_6_7_8_9_10_11_12_13_14_15_16_17_18_19_20_21_22_23_24_25_26_27_28_29_30_31_32_33_34_35_36_37_38_39_40_41_42_43_44_45_46_47_48_49_50_51_52_53_54_55_56_57_58_59_60_61_63_64_65_67_68_69_70_71_72_73_74_75_76_77_79_80_81_82_83_84_85_86_87_89_90_92_93_95_96_97_98_99_100_101_104_105_107_108_109_112_113_114_115_118_119_121_122_123_125_126_127_130_131_132_133_134_135_137_138_139_142_143_144_146_147_149_150_152_153_154_155_156_159_160_163_164_165_166_169_170_171_174_176_177_178_179_180_183_186_187_188_189_192_193_194_195_201_202_204_208_209_210_215_216_221_222_228_229_232_236_239_240_245_247  4.27e+08  3.28e+08 168639.03 -55478.32  15688.00    610.04     84.95    341.79   1163.21   1961.56      0.00 0
105879 5626.0    23_24_31_32_37_47_48_57_58_69_70_73_74_81_82_85_93_94_97_98_105_106_110_113_119_120_123_124_131_132_135_136_140_145_151_161_172_175_184_196_198_211_217_219_223_234_242_254_263  1.70e+08  1.30e+08  -5954.72 -41944.97  12332.39    590.58     73.77    261.92  -3541.76  -2647.98      0.00 0
105880 5626.0    0_1_2_3_4_5_6_7_8_9_10_11_12_13_14_15_16_17_18_19_20_21_22_23_24_25_26_27_28_29_30_31_32_33_34_35_36_37_38_39_40_41_42_43_44_45_46_47_48_49_50_51_52_53_54_55_56_57_58_59_60_61_62_63_64_65_66_67_68_69_70_71_72_73_74_75_76_77_78_79_80_81_82_83_84_85_86_87_88_89_90_91_92_93_94_95_96_97_98_99_100_101_102_103_104_105_106_107_108_109_110_111_112_113_114_115_116_117_118_119_120_121_122_123_124_125_126_127_128_129_130_131_132_133_134_135_136_137_138_139_140_141_142_143_145_146_147_148_149_151_152_153_154_155_156_157_158_159_161_162_163_164_165_166_167_168_169_170_172_173_174_175_177_178_179_180_181_182_183_184_186_187_188_189_190_191_192_193_194_196_197_198_200_201_204_205_206_207_208_210_211_213_214_216_217_219_222_223_225_226_227_230_231_234_237_240_242_246_249_252_254_257_260_263_266_269_273_276_278_280_283_285_288_290_292_296  2.63e+08  1.98e+08 150026.27 200909.50  14589.54    583.46     86.67     53.25   2220.99   2261.78      0.00 0
105881 5626.0    0_1_2_3_4_5_6_7_8_9_10_11_12_13_14_15_16_17_18_19_20_21_22_23_24_25_26_27_28_29_30_31_32_33_34_35_36_37_38_39_40_41_42_43_44_45_46_47_48_49_50_51_52_53_54_55_56_57_58_59_60_61_62_63_64_65_66_67_68_69_70_71_72_73_74_75_76_77_78_79_80_81_82_83_84_85_86_87_89_90_92_93_94_95_96_97_98_99_100_101_103_104_105_107_108_109_111_112_113_114_115_118_119_121_122_123_125_126_127_130_131_132_133_134_135_137_138_139_141_142_143_144_146_147_149_150_152_153_154_155_156_159_160_162_163_164_165_166_169_170_171_174_176_177_178_179_180_183_185_186_187_188_189_192_193_194_195_199_201_202_203_204_207_208_209_210_215_216_218_221_222_225_228_229_232_233_236_239_240_245_247_248_251_262_265_282  6.76e+08  5.21e+08 -281703.94 141743.94  12059.59    607.31     87.81    153.29    372.88   3764.66      0.00 0
105882 5626.0    95_99_107_111_114_121_125_129_133_134_137_141_143_146_152_154_155_158_162_164_165_168_170_173_176_178_179_182_185_187_188_191_193_194_197_199_206_208_210_214_215_216_221_222_236_240  1.35e+08  1.01e+08 -27546.97 -40306.74  12625.91    621.95     75.50    235.65   5388.59   -442.52      0.00 0
105883 5626.0    0_1_2_3_4_5_6_7_8_9_10_11_12_13_14_15_16_17_18_19_20_21_22_23_24_25_26_27_28_29_30_31_32_33_34_35_36_37_38_39_40_41_43_44_45_47_48_49_50_51_52_53_55_57_58_59_61_63_67_69_70_71_72_73_74_75_78_79_81_83_85_86_89_93_95_97_99_103_105_107_111_113_114_119_121_123_125_131_133_137_144_146_152_154_162_164_176_178_185_187_202_203_209_215_218_228_229_232_233_245_247_248_262_265  2.69e+08  2.08e+08 -49883.90  25614.84  13348.86    595.37     76.61    152.82   2944.10  -1926.03      0.00 0
105884 5626.0    58_62_74_82_88_94_102_106_110_116_120_128_136_140_157_161_167_172_181_190_196_200_205_211_213_219_226_230_237_242_246_249_252_257_260_266_269_275_276_280_283_286_288_290_293_294_296_297  3.02e+08  2.34e+08   6406.26 -43383.10  12359.71    603.86     74.26    278.40  -1635.91  -7724.20      0.00 0
105885 5626.0    12_17_18_21_22_25_26_33_34_38_41_42_49_50_53_54_59_60_63_64_67_68_71_72_75_76_83_84_86_89_90_95_96_99_100_103_104_107_108_111_112_114_121_122_125_126_129_130_133_134_137_138_141_142_143_146_147_152_153_154_155_158_162_163_164_165_168_169_170_173_174_176_177_178_179_185_186_187_188_191_192_197_199_202_203_212_214_218_220_224_231_233_235_238_241_243_244_253_255_258_259_264_267_270_271_274_279_281_284_291  2.82e+08  2.19e+08    593.31 -72326.16  13915.21    638.72     79.11    270.47   3528.46   -851.02      0.00 0
105886 5626.0    99_114_121_125_126_133_134_143_146_147_152_154_155_164_165_170_176_177_178_179_185_186_187_188_193_194_210_216  1.45e+08  1.11e+08   4363.45  36484.68  11747.92    596.37     72.27     83.18   5247.84    951.02      0.00 0
105887 5626.0    3_4_9_12_17_18_21_22_25_26_29_33_34_38_41_42_45_49_50_53_54_59_60_63_64_67_68_71_72_75_76_79_83_84_86_89_90_95_96_99_100_103_104_107_108_111_112_114_117_121_122_125_126_129_130_133_134_137_138_141_142_143_146_147_148_152_153_154_155_158_162_163_164_165_168_169_170_173_174_176_177_178_179_182_185_186_187_188_191_192_193_194_197_199_200_202_203_206_208_209_210_212_214_215_216_218_220_221_222_224_227_228_229_231_232_233_235_236_238_239_240_241_243_244_245_246_247_248_250_251_253_255_256_258_259_261_264_265_267_268_270_271_272_274_275_277_279_281_284_286_287_289_291_293_295_297_298  2.00e+08  1.51e+08  15379.83 136042.42  15405.20    647.11     83.58     83.55   4612.16   1316.91      0.00 0
105888 5626.0    7_11_15_16_19_20_23_24_27_31_32_37_39_43_47_48_51_52_57_58_61_62_65_69_70_73_74_77_81_82_85_87_88_92_93_94_97_98_101_105_106_109_110_113_115_119_120_123_124_127_131_132_135_136_139_140_145_149_151_156_161_166_172_175_180_184_189_198_211_217_223_234_242_254_263_278  1.78e+08  1.35e+08  20263.50  55462.59  13491.34    601.28     77.13     69.93  -4149.85  -3457.76      0.00 0
105889 5626.0    137_141_146_152_158_162_168_173_176_178_185_191_197_199_202_203_209_212_215_218_224_228_229_232_233_239_245_247  3.80e+08  2.97e+08 -31890.65 -16179.05  11419.34    626.62     72.29    206.90   5633.17  -3831.76      0.00 0
105890 5626.0    0_1_2_3_4_5_6_7_8_9_10_11_12_13_14_15_16_17_18_19_20_21_22_23_24_25_26_27_28_29_30_31_32_34_35_36_37_39_40_42_43_44_45_46_47_48_50_51_52_54_55_56_57_58_60_61_62_64_65_66_68_69_70_73_74_77_78_80_81_82_84_85_87_88_90_92_94_98_102_104_106_108_110_112_118_120_124_128_130_136_138_140_142_145_151_159_161_163_167_169_172_174_175_184_196_198_211_217_219_223_234_254  1.58e+08  1.21e+08  36815.92  50635.59  13604.30    613.78     77.74     53.98  -2772.26  -2747.30      0.00 0
105891 5626.0    0_1_2_3_4_5_6_7_8_9_10_11_12_13_14_15_16_17_18_19_20_21_22_23_24_25_26_27_28_29_30_31_33_34_35_36_37_38_39_41_42_43_45_46_47_49_50_51_53_54_56_57_59_60_61_63_64_65_67_68_69_71_72_73_75_76_77_80_81_83_84_86_87_89_90_92_93_95_96_97_99_100_101_104_105_107_108_109_114_115_119_121_123_125_126_127_133_134_135_137_139_143_144_146_150_152_154_156_160_162_164_166_170_171_176_178_185_187_193_195_202_203_209_215_218_228_229_232_233_239_245_247_248_251_262_265_282  2.29e+08  1.76e+08 -57924.71  41761.25  13686.63    663.61     79.15    144.21   1573.68    265.83      0.00 0
105892 5626.0    0_1_2_3_4_5_6_7_8_9_10_11_12_13_14_15_16_17_18_19_20_21_22_23_24_25_26_27_28_29_30_31_32_33_34_35_36_38_39_40_41_42_43_44_45_46_49_50_51_52_53_54_55_56_59_60_61_62_63_64_65_66_67_68_71_72_75_76_77_78_79_80_83_84_86_87_88_89_90_91_92_95_101_102_103_104_107_108_109_111_112_115_116_117_118_121_127_129_130_137_141_148_149_156_157_158_159_162_166_168_169_173_180_181_182_183_189_191_192_197_200_201_204_206_207_212_214_220_225_226_227_231_235_238_243_246_250_253_258_261_264_267_270_274_277_281_284_287_289_291_295  4.57e+08  3.53e+08  -9280.29  66623.21  13807.82    620.28     78.40     97.93   1077.32  -2468.49      0.00 0
105893 5626.0    0_1_2_3_4_5_6_7_8_10_11_12_13_15_16_18_20_23_24_28_32_37_40_47_48_52_58_62_69_70_74_82_85_94_98_106_120_124_132_145_175  7.24e+08  5.80e+08 -25984.50 -11759.76  10392.32    653.50     69.98    204.35  -3016.13  -1283.92      0.00 0
105894 5626.0    75_86_95_99_100_107_111_114_121_125_126_129_133_134_137_141_143_146_152_154_155_162_164_165_168_170_173_176_178_179_185_187_188_191_194_197_210_216  7.59e+08  6.04e+08  17019.11  34909.82  11829.33    613.20     73.06     64.01   4345.23  -1148.37      0.00 0
105895 5626.0    0_1_2_3_4_5_6_7_8_9_10_11_12_13_14_15_16_17_18_19_20_21_22_23_24_25_26_27_28_29_30_31_32_33_34_35_36_37_38_39_40_41_42_43_44_45_46_47_48_49_50_51_52_53_54_55_56_57_58_59_60_61_62_63_64_65_66_67_68_69_70_73_74_77_78_79_80_81_82_84_85_87_88_89_90_91_92_93_94_97_98_101_102_103_104_105_106_109_110_112_113_115_116_117_118_119_120_123_124_127_128_129_130_131_132_135_136_139_140_142_144_145_148_149_150_151_156_157_158_159_160_161_166_167_169_171_172_175_180_181_182_183_184_189_190_191_192_195_196_198_200_201_204_205_206_207_211_213_217_219_223_225_226_227_230_234_237_242_246_249_250_252_254_257_260_261_263_266_269_273_275_276_277_278_280_283_285_286_287_288_290_292_293_294_296_297_298  7.24e+08  5.68e+08  24189.29 256852.92  13701.26    658.20     86.96     84.62  -3980.85  -3337.26      0.00 0
105896 5626.0    0_1_2_3_4_5_6_7_8_9_10_11_12_13_14_15_16_17_18_19_20_21_22_23_24_25_26_27_28_29_30_31_32_33_34_35_36_37_38_39_40_41_42_43_44_45_46_47_48_49_50_51_52_53_54_55_56_57_58_59_60_61_62_63_64_65_66_67_68_69_70_71_72_73_74_75_76_77_78_79_80_81_82_83_84_85_86_87_88_89_90_91_92_93_94_95_96_97_98_99_100_101_102_103_104_105_106_107_109_110_111_113_114_115_116_117_118_119_120_121_123_124_125_127_128_129_131_132_133_135_137_139_141_144_146_148_150_152_154_156_157_158_160_162_164_166_168_171_173_176_178_182_185_187_189_191_195_197_199_202_203_206_209_212_214_218_220_224_228_229_231_233_235_238_241_243_244_245_248_251_255_256_258_259_262_264_265_268_271_272_274_279_282  2.00e+08  1.51e+08 -96473.85 100496.61  15428.99    646.08     83.68    133.83  -1703.37   1030.99      0.00 0
105897 5626.0    67_79_89_91_102_103_107_110_111_116_117_121_125_128_129_137_140_141_146_148_152_154_157_158_161_162_167_168_172_173_176_178_181_182_184_185_187_190_191_196_197_198_199_200_202_205_206_209_211_213_217_219_223_230_234_237_242_254_257_263  1.51e+08  1.16e+08  53738.82  23176.95  13017.28    659.67     77.46     23.33  -2993.03  -6253.21      0.00 0
105898 5626.0    89_95_99_103_107_111_116_117_121_125_129_133_137_141_143_146_148_152_154_157_158_162_164_168_170_173_176_178_181_182_185_187_190_191_193_194_196_197_199_200_202_203_205_206_208_209_212_213_214_215_216_218_219_220_221_222_224_226_227_228_229_230_231_232_233_235_236_237_238_239_240_241_242_243_244_245_246_247_248_249_250_251_252_253_254_255_256_257_258_259_260_261_262_263_264_265_266_267_268_269_270_271_272_273_274_275_276_277_278_279_280_281_282_283_284_285_286_287_288_289_290_291_292_293_294_295_296_297_298  1.95e+08  1.46e+08 -104737.59 -90120.35  15254.39    667.22     83.70    220.71   4954.97  -4896.22      0.00 0
105899 5626.0    89_95_103_107_111_116_117_121_125_129_133_137_141_146_148_152_154_157_158_162_164_168_170_173_176_178_181_182_185_187_190_191_193_196_197_199_200_202_203_205_206_208_209_212_213_214_215_218_219_220_221_222_224_226_227_228_229_230_231_232_233_235_236_237_238_239_242_246_249_250_252_253_254_257_260_261_263_266_269_273_275_276_278_280_283_285_288_290_292  2.19e+08  1.68e+08  53971.53  44364.27  13795.63    638.93     78.83     39.42    838.61  -6491.81      0.00 0
