#event_number primary_type du_ids energy_primary em_energy Xmax_pos(x, y, z), Xmax_grams zenith azimuth shower_core_pos_x shower_core_pos_y shower_core_pos_z, N_tested_cores, units are degrees, GeV and meters
2400 14.0      0_1_2_3_4_5_6_7_8_9_10_11_12_13_14_15_16_17_18_19_20_21_22_23_24_25_26_27_28_29_30_31_32_33_35_36_37_39_40_41_42_43_44_45_46_47_48_49_51_52_53_55_56_57_58_59_61_62_63_65_66_67_69_70_73_74_77_78_79_80_81_82_83_85_87_88_89_91_92_93_94_97_98_101_102_103_105_106_107_109_110_111_113_115_116_117_119_120_123_124_127_128_129_131_132_135_136_137_139_140_141_144_145_148_150_151_156_157_158_160_161_162_166_167_168_171_172_173_175_181_182_184_189_190_191_195_196_197_198_199_200_205_206_211_212_213_214_217_219_220_223_226_227_230_231_234_235_237_238_242_243_246_249_250_252_253_254_255_257_258_260_261_263_264_266_267_269_270_271_273_274_275_276_277_278_279_280_281_283_284_285_286_287_288_289_290_291_292_293_294_295_296_297_298  2.69e+09  2.32e+09 -121148.46 271976.16  11854.28    714.03     87.72    114.01  -2578.74  -5794.77      0.00 0
2401 14.0      181_190_196_200_205_206_211_213_214_219_220_226_227_230_231_234_237_238_242_243_246_249_250_252_253_254_257_258_263  3.09e+10  2.76e+10 -30391.04    222.78   9576.69    831.46     72.51    179.58  -1799.05  -7718.82      0.00 0
2402 14.0      0_1_2_3_4_5_6_7_8_9_10_11_12_13_14_15_16_17_18_19_20_21_22_23_24_25_26_27_28_29_30_31_32_33_34_35_36_37_38_39_40_41_42_43_44_45_46_47_48_49_50_51_52_53_54_55_56_57_58_59_60_61_62_63_64_65_66_67_68_69_70_71_72_73_74_75_76_77_78_79_80_81_82_83_84_85_86_87_88_89_90_91_92_93_94_95_96_97_98_99_100_101_102_103_104_105_106_107_108_109_110_111_112_113_114_115_116_117_118_119_120_121_122_123_124_125_126_127_128_129_130_131_132_133_134_135_136_137_138_139_140_141_142_143_144_145_146_147_148_149_150_151_152_153_154_155_156_157_158_159_160_161_162_163_164_165_166_167_168_169_170_171_172_173_174_175_176_177_178_179_180_181_182_183_184_185_186_187_188_189_190_191_192_195_196_197_198_199_200_201_202_203_204_205_206_207_209_211_212_213_214_217_218_219_220_223_224_225_226_227_228_230_231_233_234_235_237_238_241_242_243_244_246_249_250_251_252_253_254_255_256_257_258_259_260_261_263_264_266_267_268_269_270_271_272_273_274_275_276_277_278_279_280_281_283_284_285_286_287_288_289_290_291_292_293_294_295_296_297_298  1.74e+09  1.58e+09 -25656.12 254791.16  11986.82    903.92     87.32     95.75     60.38   2891.99      0.00 0
2403 14.0      4_6_7_10_14_18_19_22_26_27_30_31_34_36_38_39_42_43_46_50_51_54_56_57_60_61_64_65_68_72_76_77_80_81_84_86_87_90_92_93_96_100_101_104_105_108_109_112_114_115_118_119_122_126_127_134_135_138_139_143_144_147_150_153_155_160_165_170_179_188_194_208_210_216_222_236_240  6.61e+09  5.75e+09  41166.06  -7741.20  11129.77    761.18     75.12    349.35   1755.00   2096.79      0.00 0
2404 14.0      102_110_116_128_140_157_167_172_190_196_213_219_237_242_257  4.17e+10  3.81e+10   6462.90  17121.63   8044.92    789.34     66.27     69.32  -2004.33  -5814.04      0.00 0
2405 14.0      120_124_132_136_145_151_161_172_175_184_196_198_211_213_217_219_223_234_237_242_252_254_257_263_269_273_278_280_283_285_290_292_296  4.57e+10  4.13e+10   8717.03 -36933.22  10345.81    837.53     74.75    283.28  -4117.03  -6151.68      0.00 0
2406 14.0      3_4_6_9_10_12_14_17_18_21_22_25_26_27_30_33_34_36_38_41_42_43_46_49_50_53_54_56_59_60_63_64_67_68_71_72_75_76_77_80_83_84_86_89_90_92_95_96_99_100_101_104_107_108_111_112_114_115_118_121_122_125_126_127_130_133_134_137_138_141_142_143_146_147_149_152_153_154_155_156_159_162_163_164_165_169_170_173_174_176_177_178_179_180_183_185_186_187_188_189_192_193_194_197_199_201_202_203_204_207_208_209_210_212_215_216_218_220_221_222_224_225_228_229_232_233_235_236_239_240_241_243_244_245_247_248_251_255_256_259_262_264_265_268_271_272_279_282  1.17e+09  1.03e+09  58763.89 -142713.28  14480.55    780.51     84.64    292.38   6295.24  -3697.19      0.00 0
2407 14.0      95_107_111_121_137_141_152_162_168_173_185_197_199_212_214_220_224_231_235_238_243_253_255_258_264_267_270_274_279_281_284_291  3.02e+09  2.66e+09    718.37  28185.20   8840.98    930.40     72.59     88.54   3221.27  -7202.20      0.00 0
2408 14.0      0_1_2_3_4_5_6_7_8_9_10_11_12_13_14_15_16_17_18_19_20_21_22_23_24_25_26_27_28_29_30_31_32_33_34_35_36_37_38_39_40_41_42_43_44_45_46_47_48_49_50_51_52_53_54_55_56_57_58_59_60_61_62_63_64_65_66_67_68_69_70_71_72_73_74_75_76_77_78_79_80_81_82_83_84_85_86_87_88_89_90_91_92_93_94_95_96_97_98_99_100_101_102_103_104_105_106_107_109_110_111_113_114_115_116_117_119_120_121_123_124_125_127_128_129_131_132_133_135_136_137_139_140_141_143_144_145_146_148_150_151_152_154_156_157_158_160_161_162_164_166_167_168_171_172_173_175_176_178_181_182_184_185_187_190_191_195_196_197_198_199_200_202_203_205_206_209_211_212_213_214_215_217_218_219_220_223_224_226_227_228_229_230_231_232_233_234_235_237_238_241_242_243_244_245_246_247_248_249_250_251_252_253_254_255_256_257_258_259_260_261_262_263_264_265_266_267_268_269_270_271_272_274_275_276_277_279_280_281_282_284_286_287_289_291_293_295  4.79e+10  4.24e+10 -219992.52 187427.02  11658.29    784.10     87.69    139.57  -1184.44  -2973.73      0.00 0
2409 14.0      0_1_2_3_4_5_6_7_8_9_10_11_12_13_14_15_16_17_18_19_20_21_22_23_24_25_26_27_28_29_30_31_32_33_34_35_36_37_38_39_40_41_42_43_44_45_46_47_48_49_50_51_52_53_54_55_56_57_58_59_60_61_62_63_65_66_67_69_70_71_72_73_74_75_77_78_79_80_81_82_83_85_86_87_88_89_91_93_94_95_97_98_99_101_102_103_105_106_107_109_110_111_113_116_117_119_120_121_123_124_125_127_128_129_131_132_135_136_137_139_140_141_144_145_146_148_150_152_157_158_160_162_166_167_168_171_173_176_181_182_185_190_191_197_199_200_202_203_206_212_214_218_220_224_227_228_231_233_235_238_241_243_244_248_250_251_253_255_256_258_259_264_265_268_270_271_272_274_279_282_284  5.62e+09  5.05e+09  75637.34 -83474.88  13891.03    822.93     82.97    312.18   2354.73  -4737.40      0.00 0
2410 14.0      0_1_2_3_4_5_6_7_8_9_10_11_12_13_14_15_16_17_18_19_20_21_22_23_24_25_26_27_28_29_30_31_32_33_34_35_36_37_38_39_40_41_42_43_44_45_46_47_48_49_50_51_52_53_54_55_56_57_58_59_60_61_62_63_64_65_66_67_68_69_70_71_72_73_74_75_76_77_78_79_80_81_82_83_84_85_86_87_88_89_90_91_93_94_95_96_97_98_99_100_102_103_104_106_107_108_110_111_112_113_114_116_117_120_121_122_124_125_126_128_129_131_132_133_134_136_137_138_140_141_142_143_145_146_147_148_151_152_153_154_155_157_158_161_162_163_164_165_167_168_170_172_173_175_176_177_178_179_181_182_184_185_186_187_188_190_191_193_194_196_197_198_199_200_202_203_205_206_208_209_210_211_212_213_214_215_216_217_218_219_220_221_222_223_224_226_227_228_229_230_231_232_233_234_235_236_237_238_239_240_241_242_243_244_245_246_247_248_249_250_251_252_253_254_255_256_257_258_259_260_261_262_263_264_265_266_267_268_269_270_273_275_276_278_280_282_283_285_288_290_292  1.82e+10  1.64e+10 260558.44 125286.33  11157.21    855.98     87.79     25.68   4260.68  -1649.24      0.00 0
2411 14.0      82_94_98_106_110_120_124_128_136_140_151_157_161_167_172_190_196_213  3.39e+09  3.02e+09  -7091.34  20974.56   8927.53    744.72     68.04    108.68  -2521.31  -3778.12      0.00 0
2412 14.0      20_28_32_35_40_44_45_52_55_62_66_67_78_79_82_88_89_91_102_103_111_116_117_129_141_158_168_173_191_197_212_220_235  2.69e+09  2.41e+09  17019.28 -18022.57   9012.47    801.26     70.02    313.36   1137.19  -4094.40      0.00 0
2413 14.0      161_167_172_175_181_184_190_196_198_200_205_206_211_213_217_219_223_226_227_230_231_234_237_242_246_249_250_252_253_254_257_258_260_261_263_266_267_269_270_273_274_275_276_277_278_279_280_281_283_284_285_286_287_288_289_290_291_292_293_294_295_296_297_298  6.92e+09  6.10e+09 -224039.34 148682.36  11833.90    863.14     87.48    146.43  -4391.09 -10689.83      0.00 0
2414 14.0      0_1_2_3_4_5_6_7_8_9_10_11_12_13_14_15_16_17_18_19_20_21_22_23_24_25_26_27_28_29_30_31_32_33_35_36_37_39_40_41_43_44_45_46_47_48_49_51_52_53_55_56_57_58_59_61_62_63_65_66_67_69_70_73_74_75_77_78_79_81_82_83_85_87_88_89_91_93_95_97_98_101_102_103_105_107_109_111_113_117_119_121_123_127_129_131_135_137_139_141_144_150_152_158_160_162_168_171_173_185_197_199_212_218_220_224_235_244_255  9.33e+10  8.49e+10 -34285.39  42098.01  11550.24    853.81     77.99    129.16  -2427.45   1709.62      0.00 0
2415 14.0      0_1_2_5_6_7_8_11_13_14_15_16_19_20_23_24_27_28_31_32_35_37_39_40_43_44_47_48_51_52_55_57_58_61_62_65_66_69_70_73_74_77_78_81_82_85_87_88_91_93_94_97_98_101_102_105_106_109_110_113_115_116_119_120_123_124_127_128_131_132_135_136_139_140_145_148_150_151_156_157_160_161_166_167_171_172_181_184_189_190_195_196_198_200_205_211_213_219_226_230_234_237_242_246_249_252_257_260_263_266_269_273_275_276_280_283_286_288_290_292_293_294_296_297  7.24e+10  6.81e+10   1810.80 -42495.25   9002.05   1262.80     78.05    272.44  -2033.86  -3657.35      0.00 0
2416 14.0      6_7_10_14_15_19_22_27_30_31_34_36_39_42_43_46_47_51_54_56_57_60_61_64_65_68_69_73_77_80_81_84_87_90_92_93_96_97_101_104_105_108_109_112_115_118_119_122_123_126_130_131_138_142_147_153_155_163_169_174_177_179_186_210  2.34e+09  2.00e+09 -51404.40 -15941.82  12365.90    710.30     77.06    197.23   5188.56   4129.18      0.00 0
2417 14.0      176_178_185_187_199_202_203_209_212_215_218_220_221_224_228_229_232_233_235_236_239_241_243_244_245_247_248_251_255_256_258_259_262_264_265_268_270_271_272_274_279_281_284_291  1.66e+10  1.49e+10 -17104.54 -34853.11  10439.19    835.50     74.95    243.86   5325.27  -6561.56      0.00 0
2418 14.0      0_1_2_3_4_5_6_7_8_9_10_11_12_13_14_15_16_17_18_19_20_21_22_23_24_25_26_27_28_29_30_31_32_33_34_35_37_38_40_41_44_45_47_48_49_50_52_53_54_55_57_58_59_60_62_63_66_67_69_70_71_72_73_74_75_76_78_79_82_83_85_86_88_89_91_94_95_97_98_99_100_102_103_106_107_110_111_113_114_120_121_124_125_131_132_133_134_136_137_143_145_146_152_154_164_165_170_176_178_187_193_194_202_208_209_215_221_222_229_232_236_239_247  1.10e+10  9.65e+09  74243.98   -816.39  13011.85    784.40     80.06    359.37   6441.58  -1269.47      0.00 0
2419 14.0      91_102_116_117_148_157_158_181_182_191_200_206_214_227_231_238_246_250_253_261_267_270_277_281_291  2.82e+10  2.58e+10   8633.14 -22097.26   8513.05    871.50     70.26    291.34    958.15  -7153.01      0.00 0
2420 14.0      3_9_12_17_18_21_25_26_29_33_34_35_38_41_45_49_50_53_54_55_59_60_63_64_67_71_72_75_76_79_83_84_86_89_91_95_96_99_100_103_107_108_111_114_116_117_121_122_125_126_129_137_138_141_148_152_157_158_162_168_173_181_182_191_197_199_200_205_206_212_214_220_226_227_230_231_238_243_246_249_250_253_258_260_261_266_267_270_275_276_277_280_281_284_286_287_288_289_291_293_294_295_296_297_298  7.94e+09  7.00e+09 -12537.40 -65536.88  12656.13    784.81     79.26    259.17    483.99 -10692.22      0.00 0
2421 14.0      158_168_182_191_197_206_212_214_220_231_235_238_243_244_255_258_259_264_271_274_279  3.89e+10  3.53e+10 -22014.22  19238.09   9246.06    870.27     72.45    138.85   4839.15  -8867.92      0.00 0
2422 14.0      73_81_85_87_93_97_98_105_109_113_119_123_124_127_131_132_135_139_144_145_150_156_160_166_171_175_180_189_195_201_204_225  2.82e+10  2.55e+10 -33620.56 -68597.80  12427.82    904.06     80.76    243.89  -3788.65   4847.44      0.00 0
2423 14.0      249_252_257_260_261_263_266_269_273_275_276_277_278_280_283  1.45e+09  1.25e+09  22113.25  -5966.61   9198.09    718.29     68.12    344.90  -2309.81  -9400.10      0.00 0
2424 14.0      0_1_2_3_4_5_6_7_8_9_10_11_12_13_14_15_16_17_18_19_20_21_22_23_24_25_26_27_28_29_30_31_32_33_34_35_36_37_38_39_40_41_42_43_44_45_46_47_48_49_50_51_52_53_54_55_56_57_58_59_60_61_62_63_64_65_66_67_68_69_70_71_72_73_74_75_76_77_78_79_80_81_82_83_84_85_86_87_88_89_90_91_92_93_94_95_96_97_98_99_100_101_102_103_104_105_106_107_108_109_110_111_112_113_114_119_120_121_122_123_124_125_126_131_132_133_134_135_137_138_139_143_144_145_146_147_150_152_154_155_160_162_164_165_170_176_178_179_185_187_188_193_194_202_203_208_209_210_215_216_221_222_228_229_232_236_239_240_245_247_262  1.15e+10  1.04e+10 -122349.51  20123.22  14193.03    800.40     83.47    170.66   6107.98   -916.38      0.00 0
2425 14.0      112_115_118_130_138_142_149_153_156_159_163_166_169_174_177_180_183_186_189_192_195_201_204_207  6.03e+10  5.42e+10 -28936.94   6208.83   9536.29    820.88     72.14    167.89   2315.06   5049.53      0.00 0
2426 14.0      141_152_162_168_173_176_185_191_197_199_206_212_214_220  2.95e+09  2.59e+09  14889.94  13099.56   8541.01    746.70     66.70     41.34   2976.78  -5437.25      0.00 0
2427 14.0      198_211_213_217_219_223_230_234_237_242_249_252_254_257  2.29e+10  2.03e+10  18317.29 -15056.70   8955.04    782.86     69.31    320.58  -4222.94  -6588.87      0.00 0
2428 14.0      41_53_59_63_67_75_79_83_86_89_91_95_99_103_107_111_114_116_117_121_125_128_129_133_134_137_141_143_146_148_152_154_157_158_162_164_165_167_168_170_173_176_178_181_182_185_187_188_190_191_193_194_196_197_199_200_205_206_208_212_213_214_216_219_222_226_227_230_231_237_240_242_246_249_250_252_257_260_261_263_266_269_273_276_278_280_283_285_288_290_292_296  1.55e+09  1.34e+09  41773.70  48600.71  13131.75    689.31     78.42     49.32   -504.29  -7042.74      0.00 0
2429 14.0      0_1_2_3_4_5_6_7_8_9_10_11_12_13_14_15_16_17_18_19_20_21_22_23_24_25_26_27_28_29_30_31_32_33_34_35_36_37_38_39_40_41_42_43_44_45_46_47_48_49_50_51_52_53_54_55_56_57_58_59_60_61_62_63_64_65_66_67_68_69_70_71_72_73_74_76_77_78_79_80_81_82_84_85_87_88_89_90_91_92_93_94_96_97_98_101_102_103_104_105_106_108_109_110_112_113_115_116_117_118_119_120_122_123_124_127_128_130_131_132_135_136_138_139_140_142_144_145_148_149_150_151_156_157_159_160_161_163_166_167_169_171_172_174_175_180_181_183_184_189_190_192_195_196_198_200_201_204_205_207_211_213_217_219_223_225_226_230_234_237_242_249_252_254_257_263_266_269_273_278_280_283_285_290_292_296  6.46e+10  6.03e+10 -49995.48 -137735.31  13876.81    876.25     84.59    250.05  -2817.12  -2059.55      0.00 0
2430 14.0      0_1_2_3_4_5_6_7_8_9_10_11_12_13_14_15_16_17_18_19_20_21_22_23_24_25_26_27_28_29_30_31_32_33_34_35_36_37_38_39_40_41_42_43_44_45_46_47_48_49_50_51_52_53_54_55_56_57_58_59_60_61_62_63_64_65_66_67_68_69_70_71_72_73_74_75_76_77_78_79_80_81_82_83_84_85_86_87_89_93_95_97_98_99_101_103_105_107_109_111_113_114_119_121_123_125_131_133_135_137_141_144_146_150_152_154_160_162_164_176_178_185_187_202_203_209_215_218_228_229_232_233_245_247_248_262_265  1.12e+10  1.01e+10  56122.31 -31959.69  12495.44    793.17     79.05    330.34  -1093.02    485.23      0.00 0
2431 14.0      0_1_2_3_4_5_6_7_8_9_10_11_12_13_14_15_16_17_18_19_20_21_22_23_24_25_26_27_28_29_30_31_32_33_34_35_36_37_38_39_40_42_43_44_45_46_47_48_49_50_51_52_54_55_56_57_58_60_61_62_64_65_66_68_69_70_71_72_73_74_76_77_78_80_81_82_84_85_87_88_90_92_93_94_96_97_98_100_101_104_105_106_108_109_110_112_113_115_118_119_120_122_123_124_126_127_130_131_132_135_136_138_139_140_142_144_145_147_149_150_151_153_156_159_161_163_166_169_174_175_177_179_180_183_184_186_189_192_198_201_207_217_223  1.35e+09  1.17e+09  82541.44  76140.38  13808.14    835.69     82.99     42.69   1809.91   4148.92      0.00 0
2432 14.0      37_47_57_69_70_73_74_81_85_93_94_97_98_105_113_119_120_123_124_131_132_145_151_175_184  2.09e+09  1.85e+09   6494.49  23151.43   9336.14    723.73     68.78     74.33  -3568.01   -782.67      0.00 0
2433 14.0      0_1_2_3_4_5_6_7_8_9_10_11_12_13_14_15_16_17_18_20_21_22_23_24_25_26_28_29_30_31_32_33_34_35_37_38_40_41_42_44_45_47_48_49_50_52_53_54_55_58_59_60_62_63_64_66_67_69_70_71_72_74_75_76_78_79_82_83_84_85_86_88_89_91_94_95_96_98_99_100_102_103_106_107_110_111_114_116_117_120_121_122_124_125_126_128_132_133_134_136_140_143_145_147_151_154_155_161_164_165_167_170_172_175_177_179_184_188_193_194_198_208_210_211_216_217_222_223_236_240  3.24e+10  2.94e+10 -60880.71 -28337.41  12433.87    826.57     79.51    204.96   -733.66  -1838.54      0.00 0
2434 14.0      7_11_15_19_23_24_27_31_32_37_39_43_47_48_51_56_57_58_61_65_69_70_73_74_77_81_82_85_87_92_93_94_97_98_101_105_109_113_120_124_132_145_151_175_184  5.75e+10  5.09e+10  16932.85  25047.37   9492.13    844.45     72.57     55.94  -3268.75   -688.79      0.00 0
2435 14.0      37_47_48_57_61_69_70_73_74_81_85_87_93_94_97_98_105_106_109_113_119_120_123_124_127_131_132_135_136_139_144_145_150_151_156_160_161_166_171_172_175_184_189_195_198_204_211_217_223_234_254_263_278  1.74e+10  1.55e+10   9889.91  72104.51  12767.53    814.62     80.05     82.19  -4146.02   3831.55      0.00 0
2436 14.0      0_1_2_3_4_5_6_7_8_9_10_11_12_13_14_15_16_17_18_19_20_21_23_24_25_26_27_28_29_31_32_33_35_36_37_39_40_41_43_44_45_47_48_49_51_52_53_55_57_58_59_61_62_63_65_66_67_69_70_73_75_78_79_81_83_87_89_91_93_95_103_105_107_111_117_119_121_129_135_137_141_152_158_162_168_173_176_185_191_197_199_203_212_218_220_224_233_235_241_243_244_251_255_256_259_264_268_271_272_279  7.24e+10  6.52e+10 -29398.77  36512.46  11271.47    808.29     76.48    128.84   2878.43  -4349.65      0.00 0
2437 14.0      279_284_291  8.51e+09  7.58e+09  24062.03  16736.00   9841.12    758.32     71.44     34.82   4983.47 -10880.07      0.00 0
2438 14.0      146_152_154_162_164_170_173_176_178_185_187_193_194_197_199_202_203_208_209_212_214_215_216_218_220_221_222_224_228_229_231_232_233_235_236_238_239_240_241_243_244_245_247_248_250_251_253_255_256_258_259_261_262_264_265_267_268_270_271_272_274_275_277_279_281_282_284_286_287_289_291_293_294_295_297_298  2.40e+10  2.11e+10 -38416.52 -67242.20  12681.69    864.50     80.70    240.26   4980.82  -7041.19      0.00 0
2439 14.0      40_44_55_62_66_78_79_82_88_91_94_98_102_103_106_110_111_116_117_120_124_128_129_132_136_140_141_145_148_151_157_158_161_162_167_168_172_173_175_181_182_184_190_191_196_197_198_199_200_205_206_211_212_213_214_217_218_220_224_226_227_231_235_238_241_243_244_246_250_251_253_255_256_258_259_264_267_268_270_271_272_274_279_282_284  3.89e+09  3.35e+09  64002.73 -37056.32  13160.29    758.41     79.91    329.93   3142.52  -7185.76      0.00 0
2440 14.0      246_250_253_258_260_261_264_267_270_274_275_277_281  1.95e+09  1.69e+09 -18938.70  -3849.68   8685.45    706.51     65.80    191.49   1565.72  -9296.38      0.00 0
2441 14.0      0_2_3_5_8_9_11_13_16_20_24_28_32_35_40_44_48_52_58_62_66_70_74_82_94_98_106_120_124_145  1.58e+10  1.46e+10  16437.77   6270.40   7631.46    846.86     66.55     20.88  -2002.98  -1444.89      0.00 0
2442 14.0      0_1_2_3_4_5_6_7_8_10_11_12_14_15_16_17_18_19_22_23_24_25_26_27_30_31_32_34_36_37_38_39_42_43_46_47_48_50_51_54_56_57_58_60_61_64_65_68_69_70_71_72_73_74_76_77_80_81_84_85_86_87_90_92_93_96_97_98_100_101_104_105_108_109_112_113_115_118_119_122_123_124_126_127_130_131_132_134_135_138_139_142_144_147_149_150_153_155_156_159_160_163_165_166_169_171_174_177_179_180_183_186_188_189_192_194_195_201_204_207_210_216_225_240  1.38e+10  1.22e+10 246837.59  61223.32  12171.24    882.85     87.26     13.93  -3231.18   4466.47      0.00 0
2443 14.0      0_2_3_4_5_8_9_10_12_13_17_18_20_21_22_25_26_28_29_33_34_35_38_40_41_44_45_49_50_53_54_55_59_60_63_66_67_71_72_76_78_79_84_88_91_102  7.94e+09  7.14e+09  12557.78  17202.09   8613.65    777.68     67.98     53.87    691.14   -858.34      0.00 0
2444 14.0      0_1_2_3_4_5_6_7_9_10_11_12_14_15_17_18_19_21_22_23_25_26_27_30_31_33_34_36_38_39_42_43_46_49_50_51_53_54_56_57_59_60_61_64_65_68_71_72_75_76_77_80_81_83_84_86_87_90_92_93_95_96_99_100_101_104_105_108_109_112_114_115_118_119_121_122_125_126_127_130_133_134_135_138_139_142_143_144_146_147_149_150_153_154_155_156_159_160_163_164_165_166_169_170_171_176_177_178_179_180_183_187_188_189_192_193_194_195_201_202_204_208_209_210_215_216_221_222_228_229_232_236_239_245_247_262  3.55e+10  3.14e+10 -72677.28  47071.04  13157.21    838.93     81.36    147.07    -36.06   3207.41      0.00 0
2445 14.0      0_1_2_3_4_5_6_7_8_9_10_11_12_13_14_15_16_17_18_19_20_21_22_23_24_25_26_27_28_29_30_31_32_33_34_35_36_37_38_39_40_41_42_43_44_45_46_47_48_49_50_51_52_53_54_55_56_57_58_59_60_61_62_63_64_65_66_67_68_69_70_71_72_73_74_75_76_77_78_79_80_81_82_83_84_85_86_87_88_89_91_93_94_95_96_97_98_99_100_102_103_105_106_107_110_111_113_114_116_117_119_120_121_123_124_125_128_129_131_132_133_134_135_136_137_140_141_143_144_145_146_148_150_151_152_154_157_158_161_162_164_165_168_170_173_175_176_178_184_185_187_193_194_197_199_202_203_208_209_212_215_218_221_224_228_229_232_233_236_239_241_245_247_248_251_256_262_265_268_282  3.98e+09  3.59e+09 125113.24 -31728.22  14432.31    771.74     83.62    345.77    -36.45  -1382.49      0.00 0
2446 14.0      31_37_47_48_51_57_61_69_70_73_74_81_85_87_93_94_97_98_101_105_109_113_119_120_123_124_127_131_132_135_139_145_151_166_175_184_217  2.88e+10  2.61e+10  11212.48  28118.55   9428.57    858.14     72.70     68.26  -3720.61   -174.19      0.00 0
2447 14.0      0_1_2_4_6_7_10_11_14_15_16_18_19_22_27_30_34_36_42_43_46_54_56_60_64_68_77_80_84_90_96_104_108_112_122_130_138_142_153_163_169_174_186  1.00e+09  8.64e+08 -19939.48 -24188.53   9208.25    931.33     73.63    230.50   3115.09   4579.71      0.00 0
2448 14.0      254_257_263_269_273_278_280_283_285_288_290_292_294_296  2.34e+09  2.14e+09 -14556.16  21523.62   9359.80    767.44     70.19    124.07  -3481.18 -10519.60      0.00 0
2449 14.0      72_76_86_100_114_133_134_143_164_165_170_193_194_208_221_236  3.16e+10  2.88e+10 -20464.89   5636.97   8533.21    790.74     68.10    164.60   5524.76     97.53      0.00 0
2450 14.0      200_206_227_231_250_253_267_270_281_284_291  4.07e+09  3.59e+09 -11091.86  17138.84   8762.50    725.00     66.77    122.91   1847.71  -9195.45      0.00 0
2451 14.0      148_158_162_168_173_181_182_185_190_191_196_197_199_200_203_205_206_211_212_213_214_218_219_220_224_226_227_228_230_231_233_234_235_237_238_241_242_243_244_245_246_247_248_249_250_251_252_253_254_255_256_257_258_259_260_261_262_263_264_265_266_267_268_269_270_271_272_273_274_275_276_277_278_279_280_281_282_283_284_285_286_287_288_289_290_291_292_293_294_295_296  1.12e+10  9.85e+09 -107303.55 -25069.05  14213.80    764.82     82.65    193.15   1159.78  -8487.80      0.00 0
2452 14.0      1_6_7_11_14_15_16_19_23_24_27_30_31_32_36_37_39_42_43_46_47_48_51_56_57_58_61_65_68_69_70_73_74_77_80_81_82_85_87_90_92_93_94_97_98_101_104_105_109_112_113_115_118_119_120_123_124_127_130_131_132_135_139_142_144_145_149_150_151_156_159_160_166_169_171_174_175_180_183_184_189_192_201_204_207_225  2.75e+09  2.39e+09  42677.48  53826.28  13103.76    729.08     79.20     51.59  -1372.72   3031.49      0.00 0
2453 14.0      19_23_31_37_39_43_47_51_57_61_65_69_70_73_74_77_81_85_87_93_97_98_101_105_113_124_132  1.38e+10  1.28e+10 -12047.22 -16180.27   8248.75    812.74     67.76    233.33  -2496.75    998.67      0.00 0
2454 14.0      38_50_60_72_76_86_96_100_114_122_126_134_147_155_165_179_188_210_216  4.79e+10  4.28e+10 -19643.75  -9764.06   8293.52    861.54     69.29    206.43   5266.96   1997.09      0.00 0
2455 14.0      234_237_242_252_254_257_260_263_266_269_273_275_276_278_280_283_285_286_287_288_289_290_292_293_294_295_296_297_298  2.14e+10  2.00e+10 -40841.61  30664.75  11238.28    871.94     77.59    143.10  -2113.71 -11004.41      0.00 0
2456 14.0      206_214_220_224_226_227_230_231_235_237_238_241_243_244_246_249_250_251_252_253_255_256_257_258_259_260_261_262_263_264_265_266_267_268_269_270_271_272_273_274_275_276_277_278_279_280_281_282_283_284_285_286_287_288_289_290_291_292_293_294_295_296_297_298  1.29e+09  1.14e+09  91667.66  24168.31  14167.97    718.21     81.50     14.77   2851.70  -9720.21      0.00 0
2457 14.0      1_2_8_11_13_15_16_19_20_23_24_28_31_32_35_37_40_44_47_48_51_52_55_57_58_62_66_70_74_78_82_88_91_102_110_116_128  2.34e+09  2.14e+09   2999.17 -21476.18   8942.17    729.60     67.59    277.95  -1170.15  -1749.80      0.00 0
2458 14.0      0_1_2_3_4_5_6_7_8_9_11_12_13_15_16_17_19_20_21_23_24_25_28_29_31_32_33_35_37_40_41_44_45_47_48_49_51_52_53_55_57_58_59_62_63_66_67_69_70_73_74_75_78_79_81_82_83_85_88_89_91_93_94_95_97_98_99_102_103_106_107_110_111_113_116_117_119_120_121_123_124_125_128_129_131_132_136_137_140_141_144_145_146_148_151_152_154_157_158_161_162_167_168_172_173_175_176_178_181_182_184_185_190_191_196_197_198_199_200_202_203_205_206_209_211_212_213_214_217_218_219_220_223_224_226_227_228_229_230_231_233_235_238_241_243_244_245_246_247_248_250_251_253_255_256_258_259_262_264_265_268_270_271_272_274_279_282  3.98e+10  3.55e+10 -131076.94  66269.16  14349.63    799.70     84.42    153.18   6204.76  -6994.63      0.00 0
2459 14.0      14_22_27_30_36_39_42_43_46_51_54_56_60_61_64_65_68_77_80_81_84_87_90_92_93_96_101_104_105_108_109_112_115_118_119_122_123_126_127_130_135_138_139_142_144_147_149_150_153_155_156_159_160_163_165_166_169_171_174_177_179_180_183_186_188_189_192_194_195_210_216_222_240  6.92e+10  6.52e+10  71941.71  -1368.79  12273.60    897.58     80.32    358.91   5174.93   3880.73      0.00 0
2460 14.0      116_117_148_157_158_167_172_181_182_190_196_211_213_219  9.77e+09  8.74e+09 -16979.79  -5249.63   8028.46    774.11     65.69    197.18  -1271.35  -5648.08      0.00 0
2461 14.0      0_1_2_3_4_5_6_7_8_9_10_11_12_13_14_15_16_17_18_19_20_21_22_23_24_25_26_27_28_29_30_31_32_33_34_35_36_37_38_39_40_41_42_43_44_45_46_47_48_49_50_51_52_53_54_55_56_57_58_59_60_61_62_63_64_65_66_67_68_69_70_71_72_73_74_75_76_77_78_79_80_81_82_83_84_85_86_87_89_91_92_93_95_97_99_101_103_105_107_109_111_113_114_117_119_121_123_125_127_129_131_133_135_137_139_141_144_146_150_152_154_160_162_168_171_173_176_178_185_197_199_202_203_209_212_218_224_228_229_233_235_241_244_245_248_251_255_256_259_262_265_268_272_282  1.00e+09  8.55e+08  57107.33 -52807.96  13896.98    673.47     79.87    317.24   2645.57  -2517.28      0.00 0
2462 14.0      38_49_53_59_63_67_71_72_75_76_83_86_89_95_96_99_100_103_107_111_114_117_121_122_125_126_129_133_134_137_141_143_146_147_148_152_153_154_155_158_162_164_165_168_170_173_176_177_178_179_181_182_185_186_187_188_191_193_194_197_199_200_202_203_205_206_208_209_210_212_214_215_216_218_220_221_222_224_226_227_228_229_230_231_232_233_235_236_238_239_240_241_243_244_245_246_247_248_249_250_251_252_253_255_256_258_259_260_261_262_264_265_266_267_268_270_271_272_274_275_276_277_279_280_281_282_284_286_287_288_289_290_291_293_294_295_296_297_298  6.92e+10  6.28e+10 -71137.80 -155881.31  14057.13    835.52     85.31    245.47   3528.03  -7994.01      0.00 0
2463 14.0      0_1_2_3_4_5_6_7_8_9_10_11_12_13_14_15_16_17_18_19_20_21_22_23_24_25_26_27_28_29_30_31_32_33_34_35_36_37_39_40_41_42_43_44_45_46_47_48_51_52_53_54_55_56_57_58_61_62_63_64_65_66_67_68_69_70_73_74_77_78_79_80_81_82_85_87_88_89_90_91_92_93_94_97_98_101_102_103_104_105_106_109_110_113_115_116_117_118_119_120_123_124_127_128_129_130_131_132_135_136_139_140_144_145_148_149_150_151_156_157_158_159_160_161_166_167_171_172_175_180_181_182_183_184_189_190_191_192_195_196_198_200_201_204_205_206_207_211_213_217_219_223_225_226_227_230_231_234_237_242_246_249_250_252_254_257_260_261_263_266_267_269_273_275_276_277_278_280_283_285_286_287_288_289_290_292_293_294_295_296_297_298  9.33e+09  8.48e+09  -5339.15 229966.98  13384.24    798.04     86.67     91.33  -3901.60   1001.37      0.00 0
2464 14.0      63_67_79_83_89_91_95_99_102_103_107_111_116_117_121_125_128_129_133_137_140_141_146_148_152_154_157_158_162_164_167_168_170_172_173_176_178_181_182_185_187_190_191_193_196_197_198_199_200_202_203_205_206_208_209_211_212_213_214_215_218_219_220_221_222_223_224_226_227_228_229_230_231_232_233_234_235_236_237_238_239_241_242_243_244_245_246_247_248_249_250_251_252_253_254_255_257_258_260_261_262_263_266_267_269_273_275_276_278_280_283_285_288_290_292  4.37e+10  4.07e+10 -79552.67 -47611.29  13145.31    874.15     81.93    210.90  -2045.80  -7870.68      0.00 0
2465 14.0      39_43_51_57_61_65_69_73_77_81_85_87_92_93_97_101_105_109_113_115_118_119_123_127_131_132_135_144  1.70e+10  1.57e+10 -22504.84 -16236.97   9323.00    817.88     71.43    215.81  -3405.46   1621.11      0.00 0
2466 14.0      181_190_196_200_205_206_211_213_214_217_219_220_223_226_227_230_231_234_237_238_242_243_246_249_250_252_253_254_255_257_258_260_261_263_264_266_267_269_270_271_273_274_275_276_277_279_280_281_284_289_291  1.07e+10  9.60e+09  51177.65 -14655.63  11675.21    818.08     77.63    344.02   1166.81  -8878.30      0.00 0
2467 14.0      0_1_2_3_4_5_6_8_9_10_11_12_13_16_17_18_20_21_22_24_25_26_28_29_32_33_34_35_38_40_41_44_45_49_50_52_53_54_55_58_59_60_62_63_66_67_71_72_75_76_78_79_82_83_84_86_88_89_91_94_95_96_99_100_102_103_106_107_110_111_114_116_117_120_121_122_125_126_128_129_133_134_136_137_140_141_143_145_146_147_148_151_152_153_154_155_157_158_161_162_164_165_167_168_170_172_173_175_176_177_178_179_181_182_184_185_187_188_190_191_193_194_196_198_200_205_206_208_209_210_211_213_215_216_217_219_221_222_223_226_230_234_236_237_240_242_252_254_257_263_269_273_278_285  3.98e+09  3.50e+09 -81401.71 -61429.73  13969.47    775.92     82.20    217.04  -1395.14  -4561.74      0.00 0
2468 14.0      31_37_39_47_51_57_61_65_69_70_73_74_81_85_87_93_97_98_101_105_109_113_115_119_123_124_127_131_132_135_139_144_145_149_150_156_160_166_171_180_183_189_195_201_204_225  2.04e+10  1.82e+10  13782.27  29896.05   9720.10    859.71     73.55     65.25  -2372.31   3018.51      0.00 0
2469 14.0      147_155_165_177_179_186_188_210  6.46e+09  6.09e+09   1529.04  19691.93   8177.18    812.97     67.51     85.56   5373.33   4059.68      0.00 0
2470 14.0      114_122_126_133_134_138_143_147_153_154_155_163_164_165_170_177_178_179_186_187_188_193_194_202_208_209_215_216_221_222_229_232_236_239_245_247_262  6.17e+10  5.55e+10  15392.61 -29207.04   9961.50    814.66     73.21    297.79   6189.92   -389.08      0.00 0
2471 14.0      78_88_91_102_103_106_110_111_116_117_120_128_129_136_140_141_145_148_151_157_158_161_162_167_168_172_173_175_181_182_184_185_190_191_196_197_198_199_200_205_206_211_212_213_214_217_218_219_220_223_224_226_227_231_233_234_235_238_241_243_244_251_255_256_259_265_268_272_282  7.59e+10  6.91e+10  61047.38 -12320.40  12116.94    837.56     78.99    348.59  -4189.57  -4472.83      0.00 0
2472 14.0      22_30_36_42_46_54_64_68_80_84_90_96_104_108_112_122_138_142_147_153_163_174_177_186  1.07e+10  9.54e+09  29695.58  18112.03  10210.88    803.40     73.64     31.38   5669.37   4956.47      0.00 0
2473 14.0      211_213_219_223_230_234_237_242_249_252_254_257_260_263_266_269_275_276  4.90e+10  4.45e+10  15678.55 -13263.48   8072.88    861.38     68.54    319.77  -2711.77  -7969.20      0.00 0
2474 14.0      0_1_2_3_4_5_6_8_9_11_12_13_15_16_17_20_21_23_24_25_28_29_31_32_33_35_37_40_41_44_45_47_48_49_52_53_55_57_58_59_62_63_66_67_69_70_73_74_75_78_79_82_83_85_88_89_91_93_94_95_97_98_99_102_103_106_107_110_111_113_116_117_120_121_123_124_125_128_129_131_132_136_137_140_141_145_146_148_151_152_154_157_158_161_162_167_168_172_173_175_176_178_181_182_184_185_190_191_196_197_198_199_200_202_203_205_206_209_211_212_213_214_217_218_219_220_223_224_226_227_228_229_230_231_232_233_234_235_237_238_241_242_243_244_245_246_247_248_249_250_251_252_253_254_255_256_257_258_259_260_261_262_263_264_265_266_267_268_269_270_271_272_273_274_275_276_277_279_281_282_284_287_289_291  1.15e+09  9.91e+08 -203921.42  82555.25  13802.58    770.33     86.41    157.96  -2300.20  -4299.62      0.00 0
2475 14.0      0_1_2_3_4_5_6_7_8_9_10_11_12_13_14_15_16_17_18_19_21_22_23_24_25_26_27_29_30_31_33_34_36_38_39_41_42_43_46_47_49_50_51_53_54_57_59_60_61_63_65_71_72_73_75_76_81_83_84_86_95_99_100_107_114_121_125_133_134_143_146_152_154_164_170_176_178_187_193_202_203_209_215_221_228_229_232_239_245_247_262  1.86e+09  1.64e+09  41880.09 -18646.21  11056.83    832.76     76.44    336.00   5714.77  -2003.93      0.00 0
2476 14.0      106_110_136_140_151_161_172_184_196_198_211_217_219_223_234_242_254_263_278  2.14e+10  1.98e+10   9854.21  23181.31   8751.98    864.59     70.84     66.97  -4277.27  -6796.10      0.00 0
2477 14.0      0_1_2_3_4_5_6_7_8_9_10_11_12_13_14_15_16_17_18_19_20_21_22_23_24_25_26_27_28_29_30_31_32_33_34_35_36_37_38_39_40_41_42_43_44_45_46_47_48_49_50_51_52_53_54_55_56_57_58_59_60_61_62_63_64_65_66_67_68_69_70_71_72_73_74_75_76_77_78_79_80_81_82_83_84_85_87_88_89_90_91_92_93_94_97_98_101_102_103_104_105_106_108_109_110_111_112_113_115_116_117_118_119_120_123_124_127_128_129_130_131_132_135_136_139_140_142_144_145_148_149_150_151_156_157_158_159_160_161_166_167_168_169_171_172_174_175_180_181_182_183_184_189_190_191_192_195_196_198_200_201_204_205_206_207_211_213_217_219_223_225_226_227_230_231_234_237_242_246_249_250_252_254_257_260_261_263_266_267_269_273_275_276_277_278_280_283_285_286_287_288_290_292_293_294_295_296_297_298  5.75e+09  5.03e+09 -17185.86 -183172.12  14511.58    751.22     85.49    264.64  -2336.15   -608.98      0.00 0
2478 14.0      0_1_2_3_4_5_6_7_8_9_10_11_12_13_14_15_16_17_18_19_20_21_22_25_26_27_28_29_30_33_34_35_36_38_39_40_41_42_43_44_45_46_49_50_53_54_55_56_59_60_63_64_65_66_67_68_71_72_75_76_77_78_79_80_83_84_86_87_89_90_91_92_95_96_99_100_101_102_103_104_107_108_111_112_114_115_116_117_118_121_122_125_126_127_129_130_133_134_137_138_141_142_143_146_147_148_149_152_153_154_155_156_157_158_159_162_163_164_165_168_169_170_173_174_176_177_178_179_180_181_182_183_185_186_187_188_189_191_192_193_194_197_199_200_201_202_203_204_206_207_208_209_210_212_214_215_216_218_220_221_222_224_225_226_227_228_229_231_232_233_235_236_238_239_240_241_243_244_245_246_247_248_250_251_253_255_256_258_259_260_261_262_264_265_267_268_270_271_272_274_275_277_279_281_282_284_286_287_289_291_293_295_297_298  2.51e+09  2.12e+09 -17735.58 278792.72  12392.37    733.14     87.46     93.64   4616.49   2660.46      0.00 0
2479 14.0      0_1_2_3_4_5_6_7_8_9_10_11_12_13_14_15_16_17_18_19_20_21_22_23_24_25_26_27_28_29_30_31_32_33_34_35_36_37_38_39_40_41_42_43_44_45_46_47_48_49_50_51_52_53_54_55_56_57_58_59_60_61_62_63_64_65_66_67_68_69_70_71_72_73_74_75_76_77_78_79_80_81_82_83_84_86_87_88_89_90_91_92_94_95_96_99_100_101_102_103_104_106_107_108_110_111_112_114_115_116_117_118_120_121_122_125_126_128_129_130_133_134_136_137_138_140_141_142_143_147_148_149_151_152_153_155_157_158_159_161_162_163_165_167_168_169_172_173_174_177_179_180_181_182_183_184_186_190_191_192_196_197_198_200_201_205_206_207_211_213_214_219_223_226_227_230_231_234_237_238_242_246_249_250_252_253_254_257_260_261_263_266_267_269_273_275_276_277_278_280_283_285_286_287_288_290_292_293_294_296_297_298  2.57e+10  2.33e+10  40332.82 113707.12  13895.48    842.06     83.43     70.47   -980.15  -6000.33      0.00 0
2480 14.0      230_237_242_246_249_252_254_257_260_261_263_266_269_273  2.82e+10  2.52e+10 -17872.13   4436.15   7638.82    877.35     67.47    166.06  -2818.18  -8604.85      0.00 0
2481 14.0      0_1_2_3_4_5_6_7_8_9_10_11_12_13_14_15_16_17_18_20_21_22_24_25_26_27_28_29_30_32_33_34_35_36_38_40_41_42_44_45_46_49_50_52_53_54_55_56_58_59_60_62_63_64_66_67_68_71_72_75_76_78_79_80_82_83_84_86_88_89_90_91_96_100_102_103_104_106_108_110_112_116_117_122_126_128_130_136_138_140_142_148_153_157_161_163_167_172_174_181_186_190_196_211_213_219_234_237_242  6.03e+09  5.25e+09  22068.22  39037.24  11172.35    797.17     76.01     60.52    435.21   -882.05      0.00 0
2482 14.0      0_1_2_3_4_5_6_7_8_9_10_11_12_13_14_15_16_17_18_19_20_21_22_23_24_25_26_27_28_29_30_31_32_33_34_35_36_38_39_40_41_42_43_44_45_46_49_50_51_52_53_54_55_56_59_60_61_62_63_64_65_66_67_68_71_72_75_76_77_78_79_80_83_84_86_87_88_89_90_91_92_95_96_99_100_101_102_103_104_107_108_111_112_114_115_116_117_118_121_122_126_127_128_129_130_137_138_141_142_148_149_153_156_157_158_159_162_163_168_169_173_174_180_181_182_183_189_190_191_192_197_200_201_204_205_206_207_212_214_220_225_226_227_230_231_238_246_249_250_253_258_260_261_266_267_270_275_276_277_281_286_287_289_291_293_294_295_297_298  3.24e+10  2.86e+10   2918.21  74273.59  12652.21    846.67     80.34     87.75   1174.34   2110.71      0.00 0
2483 14.0      19_27_36_39_43_46_51_56_57_61_65_68_77_80_81_87_90_92_101_104_105_112_115_118_130_142_159_163_169_174  1.45e+10  1.28e+10  19916.88  13338.22   9009.96    779.66     69.40     33.81    530.44   3502.11      0.00 0
2484 14.0      255_264_271_279  6.46e+09  5.69e+09 -12482.25  22234.01   9255.39    774.31     70.05    119.31   6055.67 -11194.55      0.00 0
2485 14.0      0_1_2_3_4_5_6_7_8_9_10_11_12_13_14_15_16_17_19_20_21_23_27_28_29_31_33_35_39_41_44_45_51_53_55_63_67_79_89_103  1.82e+10  1.63e+10   7850.99 -17461.10   8020.28    823.77     67.27    294.21    202.63   -999.00      0.00 0
2486 14.0      0_2_3_4_5_8_9_12_13_17_18_20_21_25_26_28_29_33_34_35_38_40_41_44_45_49_50_52_53_54_55_59_60_62_63_66_67_71_72_75_76_78_79_83_84_86_88_89_91_96_99_100_102_103_106_110_116_117_122_126_128_136_140_148_157_161_167_172_190_196_198_211_213_219_223_234_242_254  4.79e+09  4.18e+09 -23787.07 -28268.07  10551.86    781.47     74.06    229.92   -260.59  -2834.98      0.00 0
2487 14.0      235_238_243_244_250_253_255_258_259_261_264_267_270_274_275_277_281_284_286_287_289_293_294  3.16e+10  2.88e+10 -16416.56 -14452.78   8086.38    904.69     69.71    221.36   2295.48  -9360.71      0.00 0
2488 14.0      0_1_2_3_4_5_6_7_8_9_10_11_12_13_14_15_16_17_18_19_20_21_22_23_24_25_26_27_28_29_30_31_32_33_34_35_36_37_38_39_40_41_42_43_44_45_46_47_48_49_50_51_52_53_54_55_56_57_58_59_60_61_62_63_64_65_66_67_68_69_70_71_72_73_74_75_76_77_78_79_80_81_82_83_84_85_86_87_88_89_90_91_92_93_94_95_96_97_98_99_100_101_102_103_104_105_106_107_108_109_110_111_112_113_114_115_116_117_118_119_120_121_122_123_124_125_126_127_128_129_130_131_132_133_134_135_136_137_138_139_140_141_142_143_144_145_146_147_148_149_150_151_152_153_154_155_156_157_158_159_160_161_162_163_164_165_166_167_168_169_170_171_172_173_174_175_176_177_178_179_180_181_182_183_184_185_186_188_189_190_191_192_195_196_197_198_199_200_201_204_205_206_207_210_211_212_213_214_217_218_219_220_223_224_225_226_227_230_231_234_235_237_238_242_243_244_246_249_250_252_253_254_255_257_258_260_261_263_264_266_267_269_270_273_274_275_276_277_278_279_280_281_283_284_285_286_287_288_289_290_291_292_293_294_295_296_297_298  1.23e+10  1.11e+10  42503.35 268355.59  12432.88    762.86     87.38     81.00    377.04   2227.93      0.00 0
2489 14.0      72_76_86_96_100_114_126_134_147_155_165_179_188_194_210_216  4.57e+10  4.12e+10  17128.35   8023.50   7811.43    858.98     67.56     25.10   5234.11   1613.15      0.00 0
2490 14.0      141_158_168_173_182_191_197_200_206_214_226_227_231_246  2.69e+10  2.40e+10  11473.88  13222.47   7908.25    787.67     65.69     49.05   1193.36  -6589.01      0.00 0
2491 14.0      140_145_151_161_167_172_175_184_190_196_198_200_205_211_213_217_219_223_226_227_230_234_237_242_246_249_250_252_254_257_260_261_263_266_267_269_273_275_276_277_278_280_281_283_284_285_286_287_288_289_290_291_292_293_294_295_296_297_298  2.00e+10  1.77e+10 -72572.59  76208.73  13947.98    790.76     82.45    133.60  -2344.28  -9561.36      0.00 0
2492 14.0      0_1_2_3_4_5_6_7_8_9_10_11_12_13_14_15_16_17_18_19_20_21_22_23_24_25_26_27_28_29_30_31_32_33_34_35_36_37_38_39_40_41_42_43_44_45_46_47_48_49_50_51_52_53_54_55_56_57_58_59_60_61_62_63_64_65_66_67_68_69_70_71_72_73_74_75_76_77_78_79_80_81_82_83_84_85_86_87_88_89_90_91_92_94_95_96_98_99_100_101_102_103_104_106_107_108_110_111_112_114_115_116_117_118_120_121_122_124_125_126_128_129_130_133_134_136_137_138_140_141_142_143_145_146_147_148_149_151_152_153_154_155_156_157_158_159_161_162_163_164_165_167_168_169_170_172_173_174_175_176_177_178_179_180_181_182_183_184_185_186_187_188_190_191_192_193_194_196_197_198_199_200_201_202_203_205_206_207_208_209_210_211_212_213_214_215_216_217_218_219_220_221_222_223_224_226_227_230_231_234_235_236_237_238_240_242_243_246_249_250_252_253_254_257_258_260_261_263_266_267_269_270_273_275_276_277_278_280_281_283_285_286_287_288_289_290_292_293_294_295_296_297_298  5.75e+09  5.09e+09 -95167.43 -181806.61  13378.12    877.68     86.27    242.37  -2457.58  -8800.42      0.00 0
2493 14.0      206_212_214_218_220_224_226_227_228_231_233_235_238_241_243_244_245_246_248_249_250_251_252_253_255_256_258_259_260_261_262_264_265_266_267_268_269_270_271_272_274_275_276_277_279_280_281_282_283_284_285_286_287_288_289_290_291_292_293_294_295_296_297_298  7.24e+09  6.69e+09 -52827.56 -29827.57  11979.30    846.19     78.83    209.45   1710.74  -9550.08      0.00 0
2494 14.0      13_20_28_29_32_35_40_41_44_45_48_52_55_58_62_66_67_70_74_78_79_82_85_88_89_91_94_98_102_103_106_110_111_113_116_117_120_124_128_129_131_132_136_137_140_141_145_148_151_157_158_162_168_173_182_185_191_197_199_212_218_220_224_235_241_244_256  2.09e+09  1.87e+09 -39463.99  21498.60  11580.42    729.63     75.55    151.42  -1069.90  -2963.60      0.00 0
2495 14.0      0_1_2_6_7_8_11_14_15_16_19_20_23_24_31_32_37_40_47_48_52_58_62_69_70_74_82_85_94_98_106_120_124_132_145_151_175  6.17e+09  5.63e+09  20249.85  15482.17   8971.54    828.20     70.61     37.40  -3493.46  -1893.39      0.00 0
2496 14.0      3_4_6_9_10_12_14_17_18_21_22_25_26_30_33_34_36_38_41_42_43_46_49_50_53_54_56_59_60_63_64_67_68_71_72_75_76_77_80_83_84_86_89_90_92_95_96_99_100_101_104_107_108_111_112_114_115_118_121_122_125_126_130_133_134_137_138_141_142_143_146_147_149_152_153_154_155_156_159_162_163_164_165_169_170_173_174_176_177_178_179_180_183_185_186_187_188_189_192_193_199_201_202_203_204_207_209_212_215_218_220_224_225_228_229_233_235_241_243_244_245_248_251_255_256_259_264_265_268_271_272_279_282  1.32e+10  1.21e+10  26629.39 -77557.16  12679.84    896.74     81.21    288.95   1843.26   4578.85      0.00 0
2497 14.0      0_1_2_3_4_5_6_7_8_9_10_11_12_13_14_15_16_17_18_19_20_21_22_23_24_25_26_27_28_29_30_31_32_33_34_35_36_37_38_39_40_41_42_43_44_45_46_47_48_49_50_51_52_53_55_56_57_58_59_61_62_63_65_66_67_69_70_71_73_74_75_77_78_79_81_82_83_85_87_88_89_91_93_94_95_97_98_101_102_103_105_106_107_109_110_111_113_116_117_119_121_123_125_129_131_135_137_139_141_144_146_148_150_152_158_160_162_168_171_173_176_182_185_191_197_199_203_206_212_214_218_220_224_228_231_233_235_238_241_243_244_248_251_255_256_258_259_264_265_268_271_272_274_279_282  2.24e+10  2.00e+10 -52248.58  60744.58  13293.14    777.67     80.58    130.70   3905.02  -5877.73      0.00 0
2498 14.0      0_1_2_3_4_5_6_7_8_9_10_11_12_13_14_15_16_17_18_19_20_21_22_23_24_25_26_27_28_29_30_31_32_33_34_36_37_38_39_42_43_46_47_48_49_50_51_52_53_54_56_57_58_59_60_61_64_65_68_69_70_71_72_73_74_75_76_77_80_81_84_85_86_87_90_92_93_96_97_98_99_100_101_104_105_108_109_112_113_114_115_118_119_122_123_125_126_127_130_131_132_133_134_135_138_139_142_143_144_147_149_150_153_154_155_156_159_160_163_164_165_166_169_170_171_174_177_179_180_183_186_187_188_189_192_193_194_195_201_204_207_208_210_215_216_221_222_225_236_239_240  1.32e+10  1.19e+10 229430.27  -5927.71  12791.25    891.20     86.81    358.52  -2605.69   4091.76      0.00 0
2499 14.0      9_13_28_29_35_41_44_45_55_66_67_78_79_91_102_103_116_117_128_129_148_157_158_167_181_182_190_191_200_205_206_213_226_227_230_231_237_246_249_250_252_260_261_266_269_275_276_277_280_283_286_287_288_290_293_294_296_297_298  1.45e+10  1.29e+10   6232.93  40971.47  10563.66    857.14     75.70     81.35   -767.71  -9255.70      0.00 0
