#event_number primary_type du_ids energy_primary em_energy Xmax_pos(x, y, z), Xmax_grams zenith azimuth shower_core_pos_x shower_core_pos_y shower_core_pos_z, N_tested_cores, units are degrees, GeV and meters
106600 5626.0    129_158_168_182_191_197_200_206_214_227_231_238_246_250_253_258_261_267_270_275_277_281_284_287_289_291_293_295_298  7.94e+08  6.34e+08  -3847.23  41709.34  11947.46    635.83     74.08     95.27   1738.62 -11043.54      0.00 0
106601 5626.0    181_190_200_205_213_226_230_237_249_252_257_269_273  4.37e+08  3.48e+08  13229.02  17523.66   9863.02    595.54     65.81     52.95  -1556.48  -7771.09      0.00 0
106602 5626.0    253_258_270_274_281_284_291  2.63e+08  2.03e+08  17925.92 -20862.88  10713.21    590.30     68.72    310.67   4267.19 -11294.00      0.00 0
106603 5626.0    4_10_12_17_18_21_22_25_26_30_33_34_36_38_41_42_46_49_50_53_54_56_59_60_63_64_68_71_72_75_76_80_83_84_86_89_90_92_95_96_99_100_104_107_108_111_112_114_115_118_121_122_125_126_130_133_134_137_138_141_142_143_146_147_149_152_153_154_155_156_159_162_163_164_165_169_170_173_174_176_177_178_179_180_183_185_186_187_188_192_193_194_197_199_201_202_203_204_207_208_209_210_212_215_216_218_220_221_222_224_225_228_229_232_233_235_236_239_240_241_243_244_245_247_248_251_255_256_259_262_264_265_268_271_272_274_279_282  2.04e+08  1.53e+08  55431.90 -177752.73  15373.48    637.18     85.28    287.32   5523.51   -385.96      0.00 0
106604 5626.0    243_255_264_271_274_279  5.62e+08  4.45e+08 -17163.14  23084.93  10675.16    617.57     69.64    126.63   5699.72 -10650.94      0.00 0
106605 5626.0    49_59_75_83_95_107_121_125_137_141_146_152_162_173_176_185_199_218_224_241_244  9.33e+08  7.62e+08 -10799.68  22410.03  10015.44    636.22     68.07    115.73   3665.34  -3589.67      0.00 0
106606 5626.0    0_2_3_4_5_8_9_12_13_16_17_18_20_21_25_26_28_29_32_33_34_35_38_40_41_44_45_49_50_52_53_55_58_59_60_62_63_66_67_71_72_75_76_78_79_82_83_86_88_89_91_94_96_100_102_103_106_110_114_116_120_126_128_136_140_145_151_157_161_167_172_175_184_196_198_211_217_223_234  2.63e+08  2.00e+08  41441.73  32552.91  13012.23    608.79     76.13     38.15  -2734.08  -3945.56      0.00 0
106607 5626.0    9_17_21_25_26_29_33_35_38_41_45_49_50_53_55_59_63_67_71_72_75_76_78_79_83_86_89_91_95_96_99_100_102_103_107_111_114_116_117_121_125_126_128_129_133_134_137_143_147_154_155_157_164_165_170_177_179_188_194_208_210_216_222_240  9.77e+08  7.90e+08  37607.61  35057.39  12771.20    628.34     76.05     42.99   5206.58   1042.32      0.00 0
106608 5626.0    114_126_133_134_143_147_153_154_155_164_165_170_177_179_186_188  5.13e+08  4.08e+08  -1972.85  21975.33   9598.15    635.05     66.49     95.13   4922.86   1420.10      0.00 0
106609 5626.0    0_1_2_3_4_5_6_7_8_10_11_12_14_15_16_18_19_20_22_23_24_27_30_31_32_34_36_37_39_42_43_46_47_48_51_52_54_56_57_58_60_61_64_65_68_69_70_73_74_77_80_81_82_84_85_87_90_92_93_94_96_97_98_101_104_105_108_109_112_113_115_118_119_120_122_123_124_127_130_131_132_135_138_142_145_147_149_153_156_159_163_169_174_175_177_183_186_192  4.07e+08  3.18e+08 -58743.55 -44847.89  13991.46    638.21     79.28    217.36   1766.88   3956.04      0.00 0
106610 5626.0    60_64_72_76_84_86_90_96_99_100_104_108_112_114_118_122_125_126_130_133_134_138_142_143_146_147_153_154_155_159_163_164_165_169_170_174_177_178_183_186_187_192_201_207_225  3.63e+08  2.84e+08  18024.86 -41257.28  12308.42    623.73     74.71    293.60   2783.42   3649.76      0.00 0
106611 5626.0    0_2_3_5_8_9_12_13_16_17_20_21_24_25_26_28_29_32_33_35_38_40_41_44_45_48_49_52_53_55_58_59_62_63_66_67_71_72_74_75_78_79_82_83_86_88_89_91_94_95_98_99_102_103_106_107_110_111_114_116_117_120_121_124_125_128_129_132_133_136_137_140_143_145_146_151_152_154_157_161_164_167_170_172_175_178_184_187_193_198_208_215_217_221_223_236  7.76e+08  6.20e+08  61484.69  14715.78  13034.96    696.48     78.35     13.46  -3249.62  -3200.63      0.00 0
106612 5626.0    0_1_2_3_4_5_6_7_8_9_10_11_12_13_14_15_17_18_19_21_22_23_25_26_27_29_30_31_33_34_36_38_39_41_42_43_45_46_49_50_51_53_54_56_57_59_60_61_63_64_65_67_68_71_72_75_76_77_80_81_83_84_86_87_89_90_92_95_99_101_105_107_109_111_115_121_125_127_135_137_139_146_152_156_160_162_166_171_176_185_195  5.75e+08  4.55e+08 -26664.57  33128.51  12065.84    627.45     74.16    128.83    571.64    762.58      0.00 0
106613 5626.0    0_1_2_3_5_8_9_11_13_15_16_17_20_21_23_24_28_29_32_33_35_37_40_41_44_45_47_48_52_53_55_58_63_66_67_78_79_83_89_91_103_107_111_129_137_141_152_162_173_199  2.45e+08  1.90e+08  23615.76 -20084.38  11130.64    593.60     70.25    319.62   1070.87  -2429.77      0.00 0
106614 5626.0    3_4_12_17_18_25_26_33_34_38_49_50_59_71_72_75_76_86_95_99_100_114_125_133_134_143_154_164_165_170_178_187_193_208_209_215_221_232_236_239  9.12e+08  7.31e+08 -37875.47   8855.72  11736.29    626.54     73.21    166.84   6234.06  -1100.88      0.00 0
106615 5626.0    271_279  3.63e+08  2.84e+08  -7696.08  19300.17   9570.01    609.26     65.27    111.74   5886.12 -10631.34      0.00 0
106616 5626.0    220_238_243_253_258_264_270_274_279_281_284_291  1.05e+08  8.01e+07   1936.02 -26617.99  10566.65    595.07     68.40    274.16   3347.21 -10475.40      0.00 0
106617 5626.0    0_1_2_3_4_5_6_7_8_9_10_11_12_13_14_15_16_17_18_19_20_22_23_24_26_27_28_29_30_31_32_34_35_36_37_39_40_42_43_44_45_46_47_48_51_52_54_55_56_57_58_61_62_64_65_66_68_69_70_73_74_77_78_80_81_82_84_87_88_90_92_94_101_102_104_106_110_112_115_118_128_130_136_140_142_149_159_167_169_172_174_180_183_192_201_207  3.16e+08  2.43e+08  16127.64  44820.78  12425.50    636.54     75.38     70.21    -69.38   1931.25      0.00 0
106618 5626.0    59_71_75_83_86_89_95_99_100_103_107_111_114_121_125_126_129_133_134_137_141_143_146_147_152_153_154_155_158_162_164_165_168_170_173_176_177_178_179_182_185_186_187_188_191_193_194_197_199_200_202_203_206_208_209_210_212_214_215_216_218_220_221_222_224_226_227_228_229_231_232_233_235_236_238_239_240_241_243_244_245_246_247_248_249_250_251_253_255_256_258_259_260_261_262_264_265_266_267_268_270_271_272_274_275_276_277_279_281_282_284_286_287_288_289_291_293_294_295_296_297_298  3.02e+08  2.31e+08  82778.80 196060.30  14956.42    640.44     85.98     67.11   6398.69  -3729.32      0.00 0
106619 5626.0    67_79_89_91_102_103_116_117_128_148_157_167_172_181_190_196_211_213_219_237_242  1.41e+08  1.07e+08  19680.18  20223.44  10933.99    573.96     68.82     45.78  -1154.01  -5144.50      0.00 0
106620 5626.0    94_106_110_120_128_136_140_151_161_167_172_190_196_198_205_211_213_219_230_234_237_242_249_252_257_266_269_273_280_283_290  2.19e+08  1.69e+08   2822.68 -33128.94  11254.16    611.95     71.30    274.87  -2519.74  -6565.40      0.00 0
106621 5626.0    0_1_2_3_4_5_6_7_8_9_10_11_12_13_14_15_16_17_18_19_20_21_22_23_24_25_26_27_28_29_30_31_32_33_34_35_36_37_38_39_40_41_42_43_44_45_46_47_49_50_51_52_53_54_55_56_57_59_60_61_63_64_65_66_67_68_71_72_73_75_76_77_78_79_80_81_83_84_86_87_89_90_91_92_93_95_96_99_100_101_103_104_105_107_108_109_111_112_114_115_117_118_119_121_122_125_126_127_129_130_133_134_135_137_138_139_141_142_143_146_147_149_150_152_153_154_155_156_158_159_160_162_163_164_165_166_168_169_170_171_173_174_176_178_180_183_185_187_189_191_192_193_195_197_199_201_202_203_204_207_209_212_214_215_218_220_224_225_228_229_233_235_238_241_243_244_245_248_251_255_256_258_259_262_264_265_268_271_272_274_279_282  1.55e+08  1.15e+08 -59040.04 112885.19  15732.10    597.56     82.96    117.61   2405.18   -877.42      0.00 0
106622 5626.0    0_1_2_3_4_5_6_7_8_9_10_11_12_13_14_15_16_17_18_19_20_21_22_23_24_25_26_27_28_29_30_31_32_33_34_35_36_37_38_39_40_41_42_43_44_45_46_47_48_49_50_51_52_53_54_55_56_57_58_59_60_61_62_63_64_65_66_67_68_69_70_71_72_73_74_75_76_77_78_79_80_81_82_83_84_85_86_87_88_89_90_91_92_93_94_95_96_97_98_99_100_101_102_103_104_105_106_107_108_109_110_111_112_113_114_115_116_117_118_119_120_121_122_123_124_125_126_127_128_129_130_131_132_133_134_135_136_137_138_139_141_142_143_144_145_146_147_148_149_150_152_153_154_155_156_158_159_160_162_164_165_166_168_170_171_173_176_178_179_180_182_183_185_187_188_189_191_193_194_195_197_199_202_203_204_208_209_212_214_215_218_220_221_222_224_228_229_232_233_235_236_239_241_243_244_245_247_248_251_255_256_259_262_264_265_268_271_272_282  3.55e+08  2.70e+08 171394.69 -120011.86  15218.35    617.77     85.84    325.00   3673.97  -2224.93      0.00 0
106623 5626.0    34_38_49_50_54_59_60_64_71_72_75_76_83_84_86_90_95_96_99_100_107_108_112_114_121_122_125_126_130_133_134_137_138_141_142_143_146_147_152_153_154_155_159_162_163_164_165_169_170_173_174_176_177_178_179_185_186_187_188_192_193_194_199_202_203_207_208_209_210_212_215_216_218_220_221_224_228_229_232_233_235_239_241_243_244_245_247_248_251_255_256_259_262_264_265_268_271_272_274_279_282  2.34e+08  1.79e+08  18032.07 -87303.72  14710.15    621.92     80.63    281.67   5604.71  -4927.05      0.00 0
106624 5626.0    0_1_2_3_4_5_6_7_9_10_11_12_14_15_17_18_19_21_22_23_25_26_27_30_31_33_34_38_42_49_50_54_59_60_71_72_75_76_84_86_99_100_114_133_134_143_164_165_170_193_194_208_221  8.13e+08  6.60e+08  31000.15  -2903.08  10684.45    657.92     71.06    354.65   2998.30    107.10      0.00 0
106625 5626.0    0_1_2_3_4_5_8_9_11_12_13_16_17_20_21_23_24_25_26_28_29_32_33_35_37_38_40_41_44_45_48_49_52_53_55_58_59_62_63_66_67_69_70_71_72_74_75_78_79_82_83_85_86_88_89_91_94_95_98_99_102_103_106_107_110_111_113_114_116_117_120_121_124_125_128_129_132_133_136_137_140_141_143_145_146_148_151_152_154_157_158_161_162_164_167_168_170_172_173_175_176_178_181_182_184_185_187_190_191_193_196_197_198_199_200_202_203_205_206_208_209_211_212_213_214_215_217_218_219_220_221_223_224_228_229_232_233_234_235_236_239_241_244_245_247_248_251_256_262_265_268_282  3.89e+08  3.00e+08 -128983.94  -3873.22  15661.51    607.87     83.08    181.72   2340.74  -3293.89      0.00 0
106626 5626.0    0_1_2_3_4_5_6_7_8_9_10_11_12_13_14_15_16_17_18_19_20_21_22_23_24_25_26_27_28_29_30_31_32_33_34_35_36_37_39_40_41_42_43_44_45_46_47_48_51_52_53_54_55_56_57_58_61_62_63_64_65_66_67_68_69_70_73_74_77_78_79_80_81_82_85_87_88_89_90_91_92_93_94_97_98_101_102_103_104_105_106_109_110_115_116_117_118_119_120_124_127_128_129_130_135_136_139_140_148_149_151_156_157_158_159_160_161_166_167_171_172_180_181_182_183_189_190_191_195_196_200_201_204_205_206_207_211_213_219_225_226_227_230_231_237_242_246_249_250_252_257_260_261_266_267_269_273_275_276_277_280_283_286_287_288_289_290_292_293_294_295_296_297_298  7.41e+08  5.87e+08    581.14 -83240.92  14333.68    643.59     80.23    270.40  -1035.92  -3118.54      0.00 0
106627 5626.0    81_87_93_97_101_105_109_113_119_123_127_131_135_139_144_150_156_160_166  9.33e+08  7.46e+08 -18517.99 -22536.15  10755.00    613.65     69.76    230.59  -3465.50   2257.91      0.00 0
106628 5626.0    21_33_38_41_45_49_53_59_63_67_71_72_75_76_79_83_86_89_91_95_99_100_103_107_111_114_116_117_121_125_126_129_133_134_137_141_148_158_168_181_182_191_200_205_206_226_227  8.71e+08  7.04e+08  15389.61  30880.29  10898.50    682.83     72.47     63.51   1987.05  -2940.03      0.00 0
106629 5626.0    2_3_5_8_9_13_16_17_20_21_24_25_28_29_32_33_35_40_41_44_45_48_49_52_53_55_58_59_62_63_66_67_70_74_75_78_79_82_83_88_89_91_94_95_98_99_102_103_106_107_110_111_120_121_124_125_132_133_137_146_152_154_176_178_187_202_209_229_232  8.51e+08  6.90e+08  40902.96  -4631.38  11733.74    656.74     74.09    353.54   1108.89  -2078.35      0.00 0
106630 5626.0    0_1_2_3_4_5_6_7_8_9_10_11_12_13_14_15_16_17_18_19_20_21_22_23_24_25_26_27_28_29_30_31_32_33_34_35_36_37_38_39_40_41_42_43_44_45_46_47_48_49_50_51_52_53_54_55_56_57_58_59_60_61_62_63_64_65_66_67_68_69_70_71_72_73_74_75_76_77_78_79_80_81_82_83_84_85_86_87_88_89_90_91_93_94_95_96_97_98_99_100_102_103_104_106_107_108_110_111_112_113_114_116_117_120_121_122_123_124_125_126_128_129_131_132_133_134_136_137_138_140_143_145_146_147_151_152_153_154_155_157_161_164_165_167_170_172_175_177_178_179_184_186_187_188_193_194_198_208_209_210_215_216_217_221_222_223_232_236_239_240  3.55e+08  2.70e+08 129862.42  37581.11  15450.87    639.92     83.48     16.14  -2736.25  -1608.35      0.00 0
106631 5626.0    2_5_8_11_13_15_16_20_23_24_28_29_31_32_35_37_40_44_45_47_48_52_55_57_58_62_66_67_69_70_73_74_78_79_81_82_85_88_91_93_94_97_98_102_103_105_106_110_111_113_116_117_119_120_123_124_128_129_131_132_136_140_141_144_145_148_150_151_157_158_161_167_168_172_173_181_182_190_191_196_197_200_205_206_212_213_214_220_226_227_230_231_235_238_243_246_249_250_253_255_258_260_261_264_267_270_271_274_275_277_279_281_284_287_289_291_295  3.63e+08  2.83e+08 -41928.90  71294.92  14420.39    629.82     80.11    120.46   2601.52  -9825.95      0.00 0
106632 5626.0    255_259_264_271_279  3.80e+08  3.02e+08   3473.78 -23215.87   9867.70    627.72     67.20    278.51   5333.04 -10413.50      0.00 0
106633 5626.0    181_182_190_196_200_205_206_211_213_214_219_220_226_227_230_231_237_238_243_246_250_253_258_264  1.62e+08  1.28e+08  28112.11  -7014.35  10482.72    648.66     70.11    345.99    468.43  -7423.98      0.00 0
106634 5626.0    42_43_46_56_64_65_68_77_80_87_90_92_101_104_109_115_118_127_135_139_156_160_166_171  5.75e+08  4.63e+08 -22171.01  12133.25   9701.74    692.58     69.00    151.31  -1553.59   3965.48      0.00 0
106635 5626.0    0_1_2_3_5_6_7_8_9_11_13_15_16_17_19_20_21_23_24_27_28_29_31_32_35_37_39_40_41_44_45_47_48_51_52_55_57_58_61_63_66_67_69_70_73_74_78_79_81_85_89_93_97_105_119_123_135_144_150  2.29e+08  1.79e+08  20852.18 -23710.49  11119.43    604.13     70.60    311.33  -1613.36    425.38      0.00 0
106636 5626.0    95_99_107_111_114_121_125_129_133_134_137_141_143_146_152_154_155_158_162_164_165_168_170_173_176_178_179_185_187_188_191_193_194_197_199_202_203_206_208_209_210_212_214_215_216_218_220_221_222_224_227_228_229_231_232_233_235_236_238_239_240_241_243_244_245_246_247_248_250_251_253_255_256_258_259_260_261_262_264_265_267_268_270_271_272_274_275_276_277_279_281_284_286_287_288_289_291_293_294_295_296_297_298  1.41e+08  1.07e+08  47506.37  88784.94  15102.98    614.86     81.47     61.85   6495.29  -1658.67      0.00 0
106637 5626.0    0_1_2_3_4_5_6_7_8_9_10_11_12_13_14_15_16_17_18_19_20_21_22_23_24_25_26_27_28_29_30_31_32_33_34_35_36_37_38_39_40_41_42_43_44_45_46_47_48_49_50_51_52_53_54_55_56_57_58_59_60_61_62_63_64_65_66_67_68_69_70_71_72_73_74_75_76_77_78_79_80_81_82_83_84_85_86_87_88_89_90_91_92_93_94_95_96_97_98_99_100_101_102_103_104_105_107_108_109_111_112_113_114_115_117_118_119_121_123_125_126_127_129_131_133_134_135_137_139_141_143_144_146_149_150_152_154_156_158_160_162_164_166_168_170_171_173_176_178_185_187_189_193_195_197_199_202_203_209_212_215_218_224_228_229_232_233_235_239_241_244_245_247_248_251_255_256_259_262_265_268_272_282  1.55e+08  1.15e+08 -94206.30  80034.20  15374.97    634.60     82.91    139.65   2083.66  -1185.65      0.00 0
106638 5626.0    0_1_2_3_4_5_6_7_8_9_10_11_12_13_14_15_16_17_18_19_20_21_22_23_24_25_26_27_28_29_30_31_32_33_34_35_36_38_39_40_41_42_43_44_45_46_49_50_51_52_53_54_55_56_59_60_61_62_63_64_65_66_67_68_71_72_75_76_77_78_79_80_83_84_86_87_88_89_90_91_92_95_96_99_100_101_102_103_104_107_108_111_112_114_115_116_117_118_121_122_125_126_127_128_129_130_133_134_137_138_141_142_143_146_147_148_149_152_153_154_155_156_157_158_159_162_163_164_165_168_169_170_173_174_176_177_178_179_180_181_182_183_185_186_188_189_190_191_192_197_199_200_201_203_204_205_206_207_212_214_218_220_224_225_226_227_230_231_235_238_241_243_244_246_249_250_253_255_258_259_260_261_264_266_267_270_271_274_275_276_277_279_281_284_286_287_288_289_291_293_294_295_297_298  5.01e+08  3.88e+08   4037.96 135256.84  15465.29    638.26     83.48     88.29   2234.10   4876.59      0.00 0
106639 5626.0    0_1_4_6_7_10_12_14_15_18_19_22_26_27_30_34_36_38_42_43_46_50_54_56_60_64_68_72_76_80_84_90_96_100_108_122_126_134_138_147_153_155_165_177_179_188_210_216_240  3.80e+08  3.00e+08  35201.85   8737.66  11491.61    624.01     72.42     13.94   4010.83   2040.54      0.00 0
106640 5626.0    246_249_250_252_253_257_260_261_263_266_267_269_273_275_276_280  2.14e+08  1.69e+08 -23883.62     29.18   9873.40    635.74     67.54    179.93   -930.05  -9134.85      0.00 0
106641 5626.0    133_134_143_146_154_164_165_170_176_178_185_187_193_202_203_209_215_218_228_229_232_233_241_244_245_248_251_256_259_262_265_268_272_282  4.27e+08  3.33e+08  -9189.70  39710.11  12143.21    596.02     73.41    103.03   6321.49  -4612.32      0.00 0
106642 5626.0    8_13_16_20_28_35_40_44_45_52_55_62_66_78_79_88_91_102_103_116_117_148_157_158_181_182_200_206  1.95e+08  1.50e+08  -5558.07  25112.31  10386.35    601.20     68.01    102.48   -109.82  -3922.91      0.00 0
106643 5626.0    7_14_15_19_22_27_30_31_36_39_42_43_46_47_51_54_56_57_61_64_65_68_73_77_80_81_87_90_93  9.12e+08  7.37e+08  20967.79   5661.47   9398.50    656.56     66.60     15.11   -613.29   1860.33      0.00 0
106644 5626.0    40_44_55_62_66_78_88_91_102_103_116_117_128_148_157_158_181_182_191_200_206_214_231  3.98e+08  3.16e+08  10223.24 -23135.43  10101.33    632.44     68.23    293.84    125.74  -4771.58      0.00 0
106645 5626.0    133_143_154_164_165_170_187_188_193_194_208_210_216_222_240  1.32e+08  1.00e+08 -12271.35 -25328.06  10893.82    577.84     68.84    244.15   6193.07    950.09      0.00 0
106646 5626.0    202_203_209_215_218_224_228_229_232_233_235_239_241_243_244_245_247_248_251_255_256_258_259_262_264_265_268_270_271_272_274_279_281_282_284_289_291_295_298  1.29e+08  9.83e+07 -28772.52 -46045.65  13125.56    608.50     76.41    238.00   5647.25  -7087.66      0.00 0
106647 5626.0    17_21_25_29_33_35_38_41_45_49_50_53_55_59_63_67_71_72_75_76_78_79_83_86_89_91_95_96_99_100_102_103_107_111_114_116_117_121_125_126_133_134_143_147_154_155_164_165_170_177_179_188_194_208_210_216_222_240  5.37e+08  4.26e+08 -34954.71 -32119.99  12427.30    634.55     75.33    222.58   4922.97    745.61      0.00 0
106648 5626.0    0_1_2_3_4_5_6_7_8_9_10_11_12_13_14_15_16_17_18_19_20_21_22_23_24_25_26_27_28_29_30_31_32_33_34_35_36_37_38_39_40_41_42_43_44_45_46_47_48_49_50_51_52_53_54_55_56_57_58_59_60_61_62_63_64_65_66_67_68_69_70_71_72_73_74_75_76_77_78_79_80_81_82_83_84_85_86_87_88_89_90_91_92_93_94_95_96_97_98_99_100_101_102_103_104_105_106_107_108_109_110_111_112_113_114_115_116_117_118_119_120_121_122_123_124_125_126_127_128_129_130_131_132_133_134_135_137_139_141_143_144_146_148_149_150_152_154_156_158_159_160_162_164_166_168_170_171_173_176_178_180_182_185_187_189_191_193_195_197_199_202_203_204_206_209_212_214_215_218_220_224_228_229_232_233_235_238_241_243_244_245_247_248_251_255_256_258_259_262_264_265_268_271_272_279_282  6.76e+08  5.31e+08 -114241.66 114321.45  15277.45    669.20     84.60    134.98  -2311.44   2429.42      0.00 0
106649 5626.0    114_126_133_134_143_147_154_155_164_165_170_177_179_188_194_210  1.91e+08  1.48e+08   3600.30  25780.68  10607.10    577.91     67.83     82.05   5212.19   1357.01      0.00 0
106650 5626.0    7_14_15_19_23_27_30_31_36_37_39_42_43_46_47_51_56_57_61_64_65_68_69_73_77_80_81_85_87_90_92_93_97_101_104_105_108_109_112_113_115_118_119_123_127_130_131_132_135_138_139_142_144_149_153_156_159_163_169_174_183_186_192  9.12e+08  7.29e+08 -49454.08 -29398.72  12701.99    696.08     77.55    210.73   2658.11   5034.69      0.00 0
106651 5626.0    0_1_2_3_4_5_6_7_8_9_10_11_12_13_14_15_16_17_18_19_20_21_22_23_24_25_26_27_28_29_30_31_33_34_35_36_38_39_40_41_42_43_44_45_46_49_50_51_53_54_55_56_59_60_61_63_64_65_66_67_68_71_72_75_76_77_78_79_80_83_84_86_87_89_90_91_92_95_96_99_100_101_103_104_107_108_109_111_112_114_115_116_117_118_121_122_125_126_127_129_130_133_134_137_138_141_142_143_146_147_148_149_152_153_154_155_156_158_159_162_163_164_165_166_168_169_170_173_174_176_177_178_179_180_182_183_185_186_187_188_189_191_192_193_194_195_197_199_200_201_202_203_204_206_207_209_212_214_215_218_220_224_225_227_228_229_231_233_235_238_241_243_244_245_248_250_251_253_255_256_258_259_264_265_267_268_270_271_272_274_277_279_281_282_284_289_291  1.55e+08  1.15e+08 -30850.58 143416.52  15729.19    614.03     83.88    102.14   2102.52   2437.48      0.00 0
106652 5626.0    83_89_95_99_103_107_111_114_117_121_125_129_133_134_137_141_143_146_148_152_154_155_158_162_164_165_168_170_173_176_178_179_181_182_185_187_188_191_193_194_197_199_200_202_203_205_206_208_209_210_212_214_215_216_218_220_221_222_224_226_227_228_229_230_231_232_233_235_236_237_238_239_240_241_243_244_245_246_247_248_249_250_251_252_253_255_256_257_258_259_260_261_262_264_265_266_267_268_269_270_271_272_273_274_275_276_277_279_280_281_282_283_284_285_286_287_288_289_290_291_292_293_294_295_296_297_298  4.68e+08  3.63e+08 104193.02 143409.41  15290.37    657.16     85.07     54.00   4190.74  -6449.21      0.00 0
106653 5626.0    202_203_218_224_228_229_232_233_235_241_243_244_245_247_248_251_255_256_259_264  4.57e+08  3.59e+08 -17231.23 -23414.62  10996.85    579.98     69.28    233.65   5641.96  -5647.69      0.00 0
106654 5626.0    0_1_2_3_4_5_6_7_8_9_10_11_12_13_14_15_16_17_18_19_20_21_22_23_24_27_28_29_30_31_32_35_36_37_39_40_41_42_43_44_45_46_47_48_51_52_55_56_57_58_61_62_65_66_67_68_69_70_73_74_77_78_79_80_81_82_85_87_88_91_92_93_94_97_98_101_102_103_104_105_106_109_110_113_115_116_117_118_119_120_123_124_127_128_131_132_135_136_139_140_144_145_148_149_150_151_156_157_159_160_161_166_167_171_172_175_180_181_182_183_184_189_190_195_196_198_200_201_204_205_207_211_213_217_219_223_225_226_227_230_234_237_242_246_249_252_254_257_260_261_263_266_269_273_275_276_278_280_283_285_286_287_288_290_292_293_294_296_297_298  5.13e+08  3.95e+08    273.52 -130594.05  15618.68    614.79     83.18    270.12  -2688.27   3836.58      0.00 0
106655 5626.0    0_1_2_3_4_5_6_7_8_9_10_11_12_13_14_15_16_17_18_19_20_21_22_23_24_25_26_27_28_29_30_31_32_33_34_35_36_37_38_39_40_41_42_43_44_45_46_47_48_49_50_51_52_53_54_55_56_58_59_60_61_62_63_64_65_66_67_68_70_71_72_74_75_76_77_78_79_80_82_83_84_86_88_89_90_91_92_94_95_96_99_100_102_103_104_106_107_108_110_111_112_114_115_116_117_118_120_121_122_125_126_128_129_130_133_134_136_137_138_140_141_142_143_146_147_148_149_151_152_153_154_155_157_158_159_161_162_163_164_165_167_168_169_170_172_173_174_176_177_178_179_181_182_183_185_186_187_188_190_191_192_193_194_196_197_198_199_200_202_203_205_206_207_208_209_210_211_212_213_214_216_218_219_220_222_223_224_226_227_230_231_234_235_237_238_240_242_243_246_249_250_252_253_254_257_258_260_261_263_266_267_269_270_273_275_276_277_278_280_281_283_284_285_286_287_288_289_290_291_292_293_294_295_296_297_298  4.47e+08  3.45e+08  75546.79 167084.31  15526.92    622.64     85.16     65.67   1530.73  -2435.59      0.00 0
106656 5626.0    22_26_34_38_42_46_49_50_54_60_64_68_71_72_75_76_80_84_86_90_92_95_96_99_100_104_108_112_114_115_118_121_122_125_126_130_133_134_138_142_143_146_147_149_152_153_154_155_156_159_163_164_165_169_170_174_176_177_178_179_180_183_185_186_187_188_189_192_193_194_201_202_203_204_207_208_209_210_215_216_218_221_222_225_228_229_232_233_236_239_240_241_245_247_248_251_256_262_265_268_272_282  3.31e+08  2.54e+08 -56220.47 106721.89  15131.50    660.17     82.85    117.78   4149.20   2911.28      0.00 0
106657 5626.0    2_5_8_11_13_15_16_20_23_24_28_29_31_32_35_37_40_44_45_47_48_51_52_55_57_58_62_66_67_69_70_73_74_78_79_81_82_85_88_89_91_93_94_97_98_102_103_105_106_110_111_113_116_117_119_120_123_124_128_129_131_132_135_136_140_141_144_145_148_150_151_157_158_160_161_167_168_172_173_175_181_182_184_190_191_196_197_198_200_205_206_211_212_213_214_217_219_220_223_226_227_230_231_234_235_237_238_242_243_246_249_250_252_253_254_255_257_258_260_261_263_264_266_267_269_270_271_273_274_275_276_277_278_279_280_281_283_284_285_286_287_288_289_290_291_292_293_294_295_296_297_298  1.41e+08  1.05e+08 109830.94 -151614.03  15523.50    618.50     85.26    305.92  -1947.49  -5791.16      0.00 0
106658 5626.0    79_91_103_117_129_148_158_168_182_191_197_206_214_227_231_238_250_253  5.75e+08  4.67e+08  -4693.48  23235.20   9804.19    641.90     67.53    101.42   1187.79  -5683.80      0.00 0
106659 5626.0    181_182_191_197_200_205_206_213_214_219_226_227_230_231_237_242_246_249_252_254_257_263_266_269_273_278_285  1.26e+08  9.48e+07  33193.70  14647.08  11753.63    589.43     72.05     23.81  -1669.84  -8102.31      0.00 0
106660 5626.0    95_99_107_111_114_121_125_133_134_137_141_143_146_152_154_155_162_164_165_168_170_173_176_178_179_185_187_188_191_193_194_197_199_202_203_206_208_209_210_212_214_215_216_218_220_221_222_224_227_228_229_231_232_233_235_236_238_240_241_243_244_250_253_255_258_261_264_267_270_274_275_277_281_284_287_289_291_293_295_298  2.19e+08  1.70e+08 -22093.75 -55294.29  12732.71    709.89     77.93    248.22   4569.15  -3467.88      0.00 0
106661 5626.0    103_111_116_117_121_128_129_137_140_141_146_148_152_157_158_162_167_168_172_173_176_178_181_182_185_190_191_196_197_198_199_200_202_203_205_206_209_211_212_213_214_215_217_218_219_220_223_224_226_227_228_229_230_231_232_233_234_235_237_238_239_241_242_243_244_245_246_247_248_249_250_251_252_253_254_255_256_257_258_259_260_261_262_263_264_265_266_267_268_269_270_271_272_273_274_275_276_277_278_279_280_281_282_283_284_285_286_287_288_289_290_291_292_294_296  1.15e+08  8.57e+07 142003.42  44773.52  15859.69    599.71     83.92     17.50  -3265.29  -8802.46      0.00 0
106662 5626.0    3_5_8_9_12_13_16_17_20_21_25_28_29_32_33_35_38_40_41_44_45_49_52_53_55_58_59_62_63_66_67_71_72_75_78_79_82_83_86_88_89_91_94_95_99_102_103_106_107_110_111_114_116_117_120_121_124_125_128_133_136_137_140_143_145_146_151_154_161_164_167_170_172_175_184_187_193_198_208_217_223  3.39e+08  2.64e+08  52571.12  17927.38  13252.89    603.00     76.58     18.83  -1902.49  -3122.90      0.00 0
106663 5626.0    0_1_2_3_4_5_6_7_8_9_10_11_12_13_14_15_16_17_18_19_20_21_22_23_24_25_26_28_29_30_31_32_33_34_35_37_38_41_45_47_48_49_50_52_53_54_58_59_60_63_69_70_71_72_73_74_75_76_83_85_86_95_99_100_114_121_125_133_134_143_146_154_164_165_170_178_187_193_194_208_209_215_221_222_232_236_239  1.35e+08  1.03e+08 -49391.94   3583.78  12834.87    601.73     75.47    175.85   5009.64   -624.37      0.00 0
106664 5626.0    128_136_140_148_151_157_158_161_167_172_175_181_182_184_190_191_196_198_200_205_206_211_213_214_217_219_220_223_226_227_230_231_237_238_243_246_249_250_253_255_258_260_261_264_267_270_271_274_277_279_281_284_291  5.62e+08  4.47e+08  44942.11 -29342.12  12727.25    656.07     76.66    326.86   1607.57  -8193.29      0.00 0
106665 5626.0    41_63_67_89_103_107_111_117_129_137_141_158_168_173_191_197_206_212_214_220_231_235_238_243_253_255_258_264_270_274_279_281_284_291  1.02e+08  7.89e+07  -9840.05  35219.38  11656.33    605.99     72.32    105.61   2662.09  -7056.63      0.00 0
106666 5626.0    51_57_61_65_73_77_81_87_92_93_97_101_104_105_109_113_115_118_119_123_127_130_131_135_139_144_149_150_156_159_160_166_169_171_174_180_183_189_192_195_201_204_207_225  1.86e+08  1.41e+08  59456.43  47192.21  14288.27    611.64     79.34     38.44  -1678.93   4744.38      0.00 0
106667 5626.0    141_148_158_168_173_181_182_190_191_197_200_205_206_213_214_226_227_230_231_237_242_246_249_250_252_257_260_263_266_269_273_276_278_280_283_285_290_292  7.94e+08  6.41e+08 -38750.36 -31795.93  12637.18    633.66     75.85    219.37  -3509.97 -10095.30      0.00 0
106668 5626.0    0_1_2_3_4_5_6_7_8_9_10_11_12_13_14_15_16_17_18_19_20_21_22_23_24_25_26_27_28_29_30_31_32_33_34_35_36_37_38_39_40_41_42_43_44_45_46_47_48_49_50_51_52_53_54_55_56_57_58_60_61_62_64_65_66_67_68_69_70_73_74_76_77_78_79_80_81_82_84_85_87_88_90_91_92_93_94_96_97_98_101_102_104_105_106_108_109_110_112_113_115_116_118_120_124_127_128_130_132_136_138_140_142_145_149_151_156_157_159_161_163_167_169_172_174_175_180_183_184_190_192_196_198_201_207_211_213_217_219_223_234_237_242_254_257_263_273_278_285  3.16e+08  2.45e+08 -38050.12 -78956.48  14682.74    619.07     80.49    244.27  -1694.84  -1410.12      0.00 0
106669 5626.0    0_1_2_3_4_5_6_7_8_9_10_11_12_13_14_15_16_17_18_19_20_21_22_23_24_25_26_27_28_29_30_31_32_33_34_35_36_37_38_39_40_41_42_43_44_45_46_47_48_49_50_51_52_53_54_55_56_57_58_59_60_61_62_63_64_65_66_67_68_69_70_71_72_73_74_75_76_77_78_79_80_81_82_83_84_85_86_87_88_89_90_91_92_93_94_95_96_97_98_99_100_101_102_103_104_105_106_107_108_109_110_111_112_113_114_115_116_117_118_120_121_122_124_125_126_127_128_129_130_132_133_134_136_137_138_140_141_142_143_145_146_147_148_149_151_152_153_154_155_156_157_158_159_161_162_163_164_165_166_167_168_169_170_172_173_174_175_176_177_178_179_180_181_182_183_184_185_186_187_188_189_190_191_192_193_194_196_197_198_199_200_201_202_203_204_205_206_207_208_209_210_211_212_213_214_215_216_217_218_219_220_221_222_223_224_225_226_227_228_229_230_231_232_233_234_235_236_237_238_239_240_241_242_243_244_246_249_250_252_253_254_255_256_257_258_259_260_261_263_264_266_267_269_270_271_273_274_275_276_277_278_279_280_281_283_284_285_286_287_288_289_290_291_292_293_294_295_296_297_298  2.19e+08  1.63e+08 -108816.66 -262447.50  12901.45    650.45     87.40    247.48   2210.60   -483.04      0.00 0
106670 5626.0    0_2_3_4_5_8_9_10_12_13_16_17_18_20_21_22_25_26_28_29_33_34_35_38_40_41_44_45_49_50_52_53_54_55_59_60_62_63_66_67_71_72_75_76_78_79_82_83_84_86_88_89_91_96_102_103_106_110_116_117_128_136_140_148_157_161_167_172_190_196_198_211_213_219_223_234_237_242_254_263  6.03e+08  4.85e+08 -24104.18 -32373.60  11695.59    651.63     73.84    233.33   -902.63  -3333.94      0.00 0
106671 5626.0    0_1_2_3_4_5_6_7_8_9_10_11_12_13_14_15_16_17_18_19_20_21_22_23_24_25_26_27_28_29_30_31_32_33_34_35_36_37_38_39_40_41_42_43_44_45_46_47_48_49_50_51_52_53_54_55_56_57_58_59_60_61_62_63_64_65_66_67_68_69_70_71_72_73_74_75_76_77_78_79_80_81_82_83_84_85_86_87_88_89_90_91_92_93_94_95_96_97_98_99_100_101_102_103_104_105_106_107_108_109_110_111_112_113_114_115_116_117_118_119_120_121_122_123_124_125_126_127_128_129_130_131_132_133_134_135_136_137_138_139_140_141_142_143_144_145_146_147_149_150_151_152_153_154_155_156_159_160_161_162_163_164_165_166_169_170_171_174_175_176_177_178_179_180_183_184_185_186_187_188_189_192_193_194_195_199_202_203_208_209_210_215_216_218_221_222_228_229_232_233_236_239_240_245_247_248_262  6.31e+08  4.96e+08 -263172.06  16188.50  13541.47    656.42     87.06    176.48  -4070.91   1120.73      0.00 0
106672 5626.0    0_1_2_3_4_5_6_7_8_9_10_11_12_13_14_15_16_17_18_19_20_21_22_23_24_25_26_27_28_29_30_31_32_33_34_35_36_37_38_39_40_41_42_43_44_45_46_47_48_49_50_51_52_53_54_55_56_57_58_59_60_61_62_63_64_65_66_67_68_69_70_71_72_73_74_75_76_77_78_79_80_81_82_83_84_85_86_87_89_91_92_93_95_97_99_101_103_105_107_109_111_114_117_119_121_123_125_127_129_133_135_137_139_141_144_146_150_152_154_160_162_168_171_173_176_178_185_187_197_199_202_203_209_212_218_220_224_228_229_233_235_241_244_245_247_248_251_255_256_259_262_265_268_271_272_282  4.37e+08  3.37e+08  65659.69 -62265.16  14801.82    615.96     80.71    316.52   6156.51  -5817.65      0.00 0
106673 5626.0    199_218_224_241_244_251_256_259_268_272_282  1.05e+08  8.01e+07 -17930.82  10574.71   9429.78    630.05     65.63    149.47   6214.31  -6825.93      0.00 0
106674 5626.0    0_1_2_3_4_5_6_7_8_9_10_11_12_13_14_15_16_17_18_19_20_21_22_23_24_25_26_27_28_29_30_31_32_33_34_35_36_37_38_39_41_42_43_45_46_47_48_49_50_51_53_54_56_57_59_60_61_63_64_65_68_69_70_71_72_73_75_76_77_80_81_83_84_85_86_87_93_95_96_97_99_100_105_107_114_119_121_123_125_126_133_134_143_144_146_154_164_165_170_176_178_187_193_194_202_208_209_215_221_229_232_236_239_245_247  1.91e+08  1.45e+08  61324.16 -20471.19  13659.42    621.41     78.07    341.54   5652.95  -1292.49      0.00 0
106675 5626.0    129_141_148_157_158_162_168_173_181_182_185_190_191_197_199_200_203_206_212_214_218_220_224_228_233_235_241_244_245_248_251_262_265  1.23e+08  9.29e+07  38658.02   5426.15  11949.70    599.89     72.98      7.99   4337.28  -5363.85      0.00 0
106676 5626.0    0_1_2_3_4_5_6_7_8_9_10_11_12_13_14_15_16_17_18_19_20_21_22_23_24_25_26_27_28_29_30_31_32_33_34_35_36_37_38_39_40_41_42_43_44_45_46_47_48_49_50_51_52_53_54_55_56_57_58_59_60_61_62_63_64_66_67_68_69_70_71_72_73_74_75_76_78_79_80_81_82_83_84_85_86_88_89_90_91_94_95_96_97_98_99_100_102_103_106_107_108_110_111_113_114_116_117_120_121_122_124_125_126_128_129_131_132_133_134_136_137_138_140_141_143_145_146_147_148_151_152_153_154_155_157_158_161_162_164_165_167_168_170_172_175_176_177_178_179_181_184_185_187_188_190_193_194_196_198_202_208_209_210_211_215_216_217_219_221_222_223_229_232_234_236_239_240  1.82e+08  1.37e+08 -139950.56 -52269.70  15807.30    605.82     83.96    200.48   3161.32   -650.45      0.00 0
106677 5626.0    3_5_9_12_17_21_25_33_38_49_53_59_71_75_83_86_95_99_125_133_154  1.62e+08  1.24e+08 -21113.19   3673.45   9798.02    592.86     65.43    170.13   2742.88  -1020.57      0.00 0
106678 5626.0    0_1_2_3_4_5_6_7_8_9_10_11_12_13_14_15_16_17_18_19_20_21_22_23_24_25_26_27_28_29_30_31_32_33_34_35_36_37_38_39_40_41_42_43_44_45_46_47_48_49_50_51_52_53_54_55_56_57_58_59_60_61_62_63_64_65_66_67_68_69_70_71_72_73_74_75_76_77_78_79_80_81_82_83_84_85_86_87_88_89_90_91_92_93_94_95_96_97_98_99_100_101_102_103_104_105_106_107_108_109_110_111_112_113_114_115_116_117_118_119_120_121_122_123_124_125_126_127_128_129_130_131_132_133_134_135_136_137_138_139_140_141_142_143_144_145_146_147_148_149_150_151_152_153_154_155_156_157_158_159_161_163_164_165_166_167_168_169_170_172_174_175_177_179_180_181_182_183_184_186_187_188_190_192_193_194_196_198_200_201_205_207_208_210_211_213_216_217_219_222_223_230_234_236_237_240_242_252_254_257_263_273_278_285  5.25e+08  4.10e+08 -171057.50 -147861.39  14423.46    671.76     86.35    220.84  -1055.81   -938.11      0.00 0
106679 5626.0    260_261_266_267_269_275_276_277_280_281_283_284_286_287_288_289_291  1.12e+08  8.62e+07  24060.78  -3849.60  10177.87    603.03     67.33    350.91      6.64 -10367.35      0.00 0
106680 5626.0    28_35_40_44_45_52_55_58_62_66_67_78_79_82_88_89_91_94_102_103_106_110_111_116_117_120_124_129_136_145_151  2.57e+08  2.01e+08  31223.01  -6352.39  11164.39    602.64     70.69    348.50  -1900.70  -2654.17      0.00 0
106681 5626.0    214_227_231_238_246_249_250_253_260_261_266_267_275_276_277_280_286_287_288_290_293_294_296_297  1.48e+08  1.13e+08  19720.19  27282.45  11289.72    613.39     71.46     54.14   -674.05 -10905.18      0.00 0
106682 5626.0    2_8_11_15_16_20_23_24_28_31_32_37_40_44_48_52_58_62_66_70_74_82_88_94_102_106_110_120_128_136_140_151_161_167_172_190_196_198_211_213_219_223_234_237_242_254_257_263_273_278  5.62e+08  4.44e+08  10147.55  33759.32  11236.61    644.72     72.32     73.27  -2743.24  -4624.32      0.00 0
106683 5626.0    0_1_2_3_4_5_6_7_8_9_10_11_12_13_14_15_16_17_18_19_20_21_22_23_24_25_26_27_28_29_30_31_32_33_34_35_36_37_38_39_40_41_42_43_44_45_46_47_48_49_50_51_52_53_54_55_56_57_58_59_60_61_62_63_64_65_66_67_68_69_70_71_72_73_74_75_76_77_78_79_80_81_82_83_84_85_86_87_88_89_90_91_92_93_94_95_96_97_98_99_100_101_102_103_104_105_106_107_108_109_110_111_112_113_114_115_116_117_118_119_120_121_122_123_124_125_126_127_128_129_130_131_132_133_134_135_136_137_138_139_140_141_142_143_145_146_147_148_149_151_152_153_154_155_156_157_158_159_161_162_163_164_165_166_167_168_169_170_172_173_174_175_176_177_178_179_180_181_182_183_184_185_186_187_188_189_190_191_192_193_194_196_197_198_199_200_201_202_203_204_205_206_207_208_209_210_211_212_213_214_215_216_217_218_219_220_221_222_223_224_225_226_227_230_231_234_235_236_237_238_240_242_243_246_249_250_252_253_254_257_258_260_261_263_266_267_269_270_273_275_276_277_278_280_281_283_285_286_287_288_289_290_292_293_294_295_296_297_298  1.32e+08  9.82e+07 -153426.62 -256763.83  12641.07    616.51     87.58    239.14  -3114.44  -7602.30      0.00 0
106684 5626.0    0_1_2_3_4_5_6_7_8_9_10_11_12_13_14_15_16_17_18_19_20_21_22_23_24_25_26_27_28_29_30_31_32_33_34_35_36_37_38_39_40_41_42_43_44_45_46_47_48_49_50_51_52_53_54_55_56_57_58_59_60_61_62_63_64_65_66_67_68_69_70_71_72_73_74_75_76_77_78_79_80_81_82_83_84_85_86_87_88_89_90_91_92_93_94_95_96_97_98_99_100_101_102_103_104_105_106_107_108_109_110_111_112_113_114_115_118_119_120_121_122_123_124_125_126_127_130_131_132_133_134_135_136_137_138_139_142_143_144_145_146_147_150_151_152_153_154_155_160_163_164_165_170_175_176_177_178_179_186_187_188_193_194_202_208_209_210_215_216_221_222_229_232_236_239_240_247  8.13e+08  6.41e+08 155808.03   1713.26  15250.58    673.86     84.41      0.63  -1117.92    628.52      0.00 0
106685 5626.0    0_1_2_3_4_5_6_7_8_9_10_11_12_13_14_16_17_18_20_21_22_25_26_28_29_30_33_34_35_36_38_40_41_42_44_45_46_49_50_52_53_54_55_59_60_62_63_64_66_67_68_71_72_75_76_78_79_80_83_84_86_88_89_90_91_96_100_102_104_108_112_116_122_126_128_130_138_142_147_153_163_169_174_177_186  6.76e+08  5.35e+08  25983.00  44322.40  12752.58    630.49     76.06     59.62   3007.89   3195.93      0.00 0
106686 5626.0    0_2_3_4_5_8_9_12_13_16_17_20_21_25_26_28_29_32_33_35_38_40_41_44_45_49_50_52_53_55_58_59_62_66_67_71_72_75_78_79_82_88_94_102_106_110_120_136_151  2.40e+08  1.88e+08  25886.24  14101.92  11003.84    585.72     69.53     28.58   -839.50  -1781.51      0.00 0
106687 5626.0    91_116_117_148_157_158_181_182_191_200_205_206_214_226_227_231_238_246_250_253_260_261_267_270_275_277_281_284_287_289_291_293_295_298  6.61e+08  5.30e+08   9102.84 -39777.02  11878.21    631.81     73.77    282.89   1270.12 -10019.95      0.00 0
106688 5626.0    95_99_103_107_111_114_117_121_125_129_133_137_141_143_146_148_152_154_158_162_164_165_168_170_173_176_178_181_182_185_187_188_191_193_194_197_199_200_202_203_205_206_208_209_212_214_215_216_218_220_221_222_224_226_227_228_229_230_231_233_235_236_237_238_240_241_243_246_249_250_252_253_257_258_260_261_266_267_269_270_273_275_276_277_280_281_283_285_286_287_288_289_290_292_293_294_295_296_297_298  4.07e+08  3.19e+08 -49090.41 -68873.07  14685.10    605.44     80.15    234.52  -1133.63 -10810.97      0.00 0
106689 5626.0    3_4_9_10_12_17_18_21_22_25_26_29_30_33_34_38_41_42_45_46_49_50_53_54_59_60_63_64_67_68_71_72_75_76_79_80_83_84_86_89_90_95_96_99_100_103_104_107_108_111_112_114_117_118_121_122_125_126_129_130_133_134_137_138_141_142_143_146_147_149_152_153_154_155_158_159_162_163_164_165_168_169_170_173_174_176_177_178_179_182_183_185_186_187_188_191_192_193_194_197_199_201_202_203_206_207_208_209_210_212_214_215_216_218_220_221_222_224_228_229_231_232_233_235_236_238_239_240_241_243_244_245_247_248_250_251_253_255_256_258_259_262_264_265_267_268_270_271_272_274_277_279_281_282_284_289_291_295  3.63e+08  2.79e+08  -9805.41 141287.06  15485.65    640.66     83.76     93.97   4629.49  -6839.89      0.00 0
106690 5626.0    91_102_103_110_116_117_128_129_136_140_141_148_151_157_158_161_167_168_172_173_182_191_197  2.63e+08  2.07e+08 -27537.25   4140.04  10616.93    609.20     69.13    171.45   -190.94  -4587.75      0.00 0
106691 5626.0    111_117_121_129_137_141_146_148_152_154_157_158_162_168_173_176_178_181_182_185_187_190_191_196_197_199_200_202_203_205_206_209_212_213_214_215_218_219_220_224_226_227_228_229_230_231_232_233_234_235_237_238_239_242_246_249_250_252_254_257_260_261_263_266_269_273_276_278_280_283_285_290_292  3.72e+08  2.90e+08 -50039.69 -33612.60  13463.32    614.35     77.41    213.89   -833.81  -7633.41      0.00 0
106692 5626.0    0_1_3_4_5_6_7_9_10_12_14_15_17_18_19_21_22_25_26_27_30_33_34_36_38_39_42_43_46_49_50_51_53_54_56_59_60_61_65_71_72_75_76_77_83_86_87_95_99_121_125_133_146_154  1.26e+08  9.73e+07 -22701.83  17369.42  10698.66    611.16     69.48    142.58   1571.32     22.47      0.00 0
106693 5626.0    157_167_172_181_182_190_196_200_205_206_213_214_226_227_231_238_250_253  2.09e+08  1.61e+08  22306.15 -13418.79  10338.07    613.76     68.34    328.97   -217.75  -6760.10      0.00 0
106694 5626.0    0_1_2_3_4_5_6_7_8_9_10_11_12_13_14_15_17_18_19_21_22_23_25_26_27_29_30_31_33_34_36_38_39_41_42_43_45_46_47_49_50_51_53_54_56_57_59_60_61_63_64_65_67_68_71_72_75_76_77_80_81_83_84_86_87_89_90_92_93_95_96_99_100_101_104_105_107_108_109_111_112_114_115_118_119_121_122_125_126_127_130_133_134_135_137_138_139_143_146_149_150_152_154_156_159_160_162_164_165_166_170_171_176_178_180_183_185_187_189_193_195_199_202_203_204_209_215_218_224_228_229_232_233_241_245_247_248_251_256_262_265_268_272_282  2.88e+08  2.23e+08 -54648.75  58154.31  13970.79    674.59     80.07    133.22   1514.91   1037.26      0.00 0
106695 5626.0    114_126_133_134_143_146_147_153_154_155_164_165_170_176_177_178_179_186_187_188_193_194_202_208_209_210_215_216  5.25e+08  4.17e+08   2691.44 -35381.99  11372.24    629.13     72.23    274.35   5445.58   1239.90      0.00 0
106696 5626.0    61_65_77_81_87_92_93_101_104_105_109_115_118_119_123_127_130_135_139_149_156_159_169_183_192  4.37e+08  3.48e+08 -24856.21 -16339.90  10732.68    626.74     70.16    213.32   -758.97   3870.06      0.00 0
106697 5626.0    0_1_2_3_4_5_6_7_8_9_10_11_12_13_14_15_16_17_18_19_20_21_22_23_24_25_26_27_28_29_30_31_32_33_34_35_36_37_38_39_40_41_42_43_44_45_46_47_48_49_50_51_52_53_54_55_56_57_58_59_60_61_62_63_64_65_66_67_68_69_70_71_72_73_74_75_76_77_78_79_80_81_82_83_84_85_86_87_88_89_90_92_93_94_95_96_97_98_99_100_101_104_105_106_107_108_109_112_113_114_115_118_119_120_121_122_123_124_125_126_127_130_131_132_133_134_135_138_139_142_143_144_145_146_147_149_150_153_154_155_156_159_160_163_164_165_166_169_170_171_174_177_178_179_180_183_186_187_188_189_192_193_194_195_201_204_207_208_209_210_215_216_221_222_225_232_236_239_240  4.79e+08  3.64e+08 265560.75   2920.10  13778.87    622.70     87.03      0.63   4022.19   2526.30      0.00 0
106698 5626.0    94_98_106_113_120_123_124_131_132_136_140_144_145_151_161_167_172_175_184_196_198_211_213_217_219_223_230_234_237_242_252_254_257_263_266_269_273_276_278_280_283_285_288_290_292_294_296  7.24e+08  5.80e+08  11048.05 -51976.96  12453.66    690.12     76.81    282.00  -3898.02  -5792.83      0.00 0
106699 5626.0    0_2_3_4_5_8_9_12_13_16_17_18_20_21_25_26_28_29_32_33_34_35_38_40_41_44_45_49_50_52_53_55_58_59_60_62_63_66_67_71_72_75_76_78_79_82_83_86_88_89_91_94_95_96_99_100_102_103_106_107_110_111_114_116_117_120_121_125_126_128_129_133_134_136_137_140_141_143_145_146_148_151_152_154_155_157_158_161_162_164_165_167_168_170_172_173_175_176_178_179_181_182_184_185_187_188_190_191_193_194_196_197_198_199_200_202_203_205_206_208_209_210_211_212_213_214_215_216_217_218_219_221_222_223_226_227_228_229_230_232_234_236_237_239_240_242_245_247_252_254_257_263_273_278  2.57e+08  1.91e+08 -115144.35 -59379.54  15976.04    572.81     82.97    207.28   5317.44  -1236.16      0.00 0
