#event_number primary_type du_ids energy_primary em_energy Xmax_pos(x, y, z), Xmax_grams zenith azimuth shower_core_pos_x shower_core_pos_y shower_core_pos_z, N_tested_cores, units are degrees, GeV and meters
900 14.0      196_198_211_213_217_219_223_226_230_234_237_242_246_249_252_254_257_260_261_263_266_269_273_275_276_277_278_280_283_286_287_288_289_290_291_293_294_295_297_298  1.07e+09  9.18e+08  32363.64 -30338.38  11612.85    716.84     75.33    316.85  -1844.09  -9332.10      0.00 0
901 14.0      22_26_34_38_42_46_50_54_60_64_68_71_72_75_76_80_84_86_90_92_96_99_100_104_108_112_114_115_118_122_125_126_130_133_134_138_142_143_146_147_149_154_155_156_159_164_165_169_170_176_178_180_183_187_189_192_193_201_202_204_209_228_229  1.45e+10  1.33e+10 -20292.02  27766.18   9822.44    870.74     74.06    126.16   2885.41   1642.21      0.00 0
902 14.0      18_22_26_30_34_36_38_42_46_50_54_56_60_64_68_71_72_76_77_80_84_86_90_92_96_99_100_101_104_108_112_114_115_118_122_126_127_130_133_134_149_156_159_166_180_183_189_195_204  1.58e+10  1.41e+10  19934.97 -23858.88   9856.67    793.79     72.41    309.88   1156.02   2945.80      0.00 0
903 14.0      93_105_109_119_123_127_131_135_139_144_150_156_160_166_171_180_189_195_204  1.10e+10  9.82e+09 -12400.68 -17631.30   8127.95    884.53     69.34    234.88  -2996.96   4034.01      0.00 0
904 14.0      0_1_2_3_4_5_6_7_8_9_10_11_12_13_14_15_16_17_18_19_20_21_22_23_24_25_26_27_28_29_30_31_32_33_34_35_36_37_38_39_40_41_42_43_44_45_46_47_48_49_50_51_52_53_54_55_56_57_58_59_60_61_62_63_64_65_66_67_68_69_70_71_72_73_74_75_76_77_78_79_80_81_82_83_84_85_86_87_88_89_91_92_93_94_95_97_98_99_101_102_103_105_106_107_109_110_111_113_115_116_117_119_120_121_123_124_125_127_128_129_131_132_133_135_136_137_139_140_141_144_145_146_148_150_151_152_154_157_158_160_161_162_166_167_168_171_172_173_175_176_178_181_182_184_185_190_191_195_196_197_198_199_200_202_203_205_206_211_212_213_214_217_218_219_220_223_224_226_227_228_229_230_231_233_234_235_237_238_241_242_243_244_245_246_248_249_250_251_252_253_255_256_257_258_259_260_261_262_264_265_266_267_268_269_270_271_272_274_275_276_277_279_280_281_282_284_286_287_289_291_293_295_298  2.14e+09  1.90e+09 -165254.23 173110.05  13128.91    801.45     86.86    133.67   6485.32 -11033.01      0.00 0
905 14.0      91_103_116_117_128_129_140_148_157_167_172_181_190_196_198_211_213_219_223_234  6.03e+10  5.42e+10 -20848.09  -9391.38   8809.39    786.64     68.93    204.25  -2096.17  -5501.04      0.00 0
906 14.0      99_114_125_133_146_154_164_178_187_202_209_215_229_232_245_247  7.94e+09  7.16e+09 -13183.12  11857.64   7654.65    847.36     66.65    138.03   5601.54  -2013.14      0.00 0
907 14.0      0_1_2_3_4_5_6_7_8_9_10_11_12_13_14_15_16_17_18_19_21_22_25_26_27_28_29_30_33_34_35_36_38_39_41_42_43_44_45_46_49_50_51_53_54_55_56_59_60_61_63_64_65_67_68_71_72_75_76_77_79_80_83_84_86_87_89_90_91_92_95_96_99_100_101_103_104_107_108_109_111_112_114_115_117_118_121_122_125_126_127_129_130_133_134_137_138_141_142_143_146_147_149_152_153_154_155_156_158_159_162_163_164_165_166_168_169_170_173_174_176_177_178_179_180_183_185_186_187_188_189_191_192_193_194_195_197_199_201_202_203_204_206_207_208_209_210_212_214_215_216_218_220_221_222_224_225_228_229_231_232_233_235_236_238_239_240_241_243_244_245_247_248_251_253_255_256_258_259_262_264_265_268_270_271_272_274_279_281_282_284_291  1.23e+09  1.05e+09  66843.52 -218362.62  13767.35    749.65     86.55    287.02   6078.38  -5199.05      0.00 0
908 14.0      0_1_2_3_4_5_6_7_8_9_10_11_12_13_14_15_16_17_18_19_20_21_22_23_24_25_26_27_28_29_30_31_32_33_34_35_36_37_38_39_40_41_42_43_44_45_46_47_48_49_50_51_52_53_54_55_56_57_58_59_60_61_62_63_64_65_66_67_68_69_70_71_72_73_74_75_76_77_78_79_80_81_82_83_84_85_86_87_88_89_90_91_92_93_94_95_96_97_98_99_100_101_102_103_104_105_106_107_108_109_110_111_112_113_114_115_116_117_118_119_120_121_122_123_124_125_126_127_128_129_130_131_132_133_134_135_136_137_138_139_140_141_142_143_144_145_146_147_148_149_150_151_152_153_154_155_156_157_158_159_160_161_162_163_164_165_166_167_168_169_171_172_173_174_175_176_177_178_179_180_181_182_183_184_185_186_189_190_191_192_195_196_197_198_199_200_201_203_204_205_206_207_211_212_213_214_217_218_219_220_223_224_225_226_227_230_231_234_235_237_238_241_242_243_244_246_249_250_252_253_254_255_257_258_259_260_261_263_264_266_267_269_270_271_273_274_275_276_277_278_279_280_281_283_284_285_286_287_288_289_290_291_292_293_294_295_296_297_298  1.05e+10  9.23e+09 -10064.10 306608.12  10819.97    802.52     87.98     91.88  -3918.87   -674.76      0.00 0
909 14.0      0_1_2_3_4_5_6_7_8_9_10_11_12_13_14_15_16_17_18_19_20_21_22_23_24_25_26_27_28_29_30_31_32_33_34_35_36_37_38_39_40_41_42_43_44_45_46_47_48_49_50_51_52_53_54_55_56_57_58_59_60_61_62_63_64_65_66_67_68_69_70_71_72_73_74_75_76_77_78_79_80_81_82_83_84_85_86_87_88_89_90_91_92_93_94_95_96_97_98_99_100_101_102_103_104_105_106_107_108_109_110_111_112_113_114_115_116_117_118_119_120_121_122_123_124_125_126_127_128_129_131_132_133_134_135_136_137_138_139_140_141_143_144_145_146_147_148_150_151_152_154_155_158_160_162_164_165_166_168_170_171_173_175_176_178_179_185_187_188_193_194_199_202_203_208_209_212_215_216_218_221_222_224_228_229_232_233_236_239_240_241_245_247_248_251_256_262_265_268_282  1.15e+09  9.72e+08 173469.91 -52373.67  14993.18    690.19     85.27    343.20  -1156.88      8.69      0.00 0
910 14.0      116_128_140_148_157_158_167_168_172_173_181_182_190_191_196_197_198_200_205_206_211_212_213_214_220_224_226_227_231_235_238_241_243_244_255_256_258_259_264_268_271_272  1.38e+10  1.23e+10  33905.03  -8365.53  10178.78    812.05     73.75    346.14   2099.85  -6654.32      0.00 0
911 14.0      99_114_121_125_133_134_137_141_143_146_152_154_155_162_164_165_168_170_173_176_178_179_185_187_188_193_194_197_199_202_203_208_209_210_212_214_215_216_218_220_221_222_224_228_229_231_233_235_238_240_241_243_244_251_253_255_256_258_259_264_267_270_271_274_277_279_281_284_289_291_295_298  6.92e+09  5.99e+09  13927.99  53355.84  12003.12    782.83     77.72     75.37   4267.76  -6119.64      0.00 0
912 14.0      0_1_2_3_4_5_6_7_8_9_10_11_12_13_14_15_16_17_18_19_20_21_22_23_24_25_26_27_28_29_30_31_32_33_34_35_36_37_38_39_40_41_43_44_45_47_48_49_50_51_52_53_55_56_57_58_59_61_62_63_65_66_67_69_70_71_72_73_74_75_77_78_79_81_82_83_85_87_88_89_91_93_94_95_97_98_99_102_103_105_106_107_109_110_111_113_116_117_119_120_121_123_124_125_128_129_131_132_135_136_137_139_140_141_144_145_146_148_150_151_152_157_158_160_161_162_167_168_172_173_175_176_178_181_182_184_185_190_191_196_197_198_199_200_202_203_205_206_211_212_213_214_217_218_219_220_224_226_227_228_230_231_233_235_238_241_243_244_245_246_248_249_250_251_253_255_256_258_259_261_262_264_265_267_268_270_271_272_274_277_279_281_282_284_291  5.89e+09  5.42e+09 -118788.64 100882.75  13662.20    913.15     84.99    139.66   -503.45  -3188.18      0.00 0
913 14.0      0_1_2_3_4_5_8_9_11_12_13_16_17_21_25_28_29_33_35_41_45_53_55_59_63_67_79_83_89_95_103_107_111_121_137_141_152_162_185_199  1.12e+09  9.84e+08 -16400.55  15256.34   8656.69    802.27     68.87    137.07   1772.18  -2288.64      0.00 0
914 14.0      116_128_136_140_148_151_157_158_161_167_168_172_175_181_182_184_190_191_196_197_198_200_205_206_211_212_213_214_217_219_220_223_226_227_230_231_234_235_237_238_242_243_244_246_249_250_253_255_258_259_264_270_271_272_274_279  3.02e+09  2.73e+09  49689.25 -16049.18  12093.61    735.61     76.96    342.10  -1488.61  -6245.37      0.00 0
915 14.0      0_1_2_3_4_5_6_7_8_9_10_11_12_13_14_15_16_17_18_19_21_22_23_25_26_27_28_29_30_31_33_34_35_36_38_39_41_42_43_44_45_46_49_50_51_53_54_55_56_59_60_61_63_64_65_67_68_71_72_75_76_77_79_80_81_83_84_86_87_89_90_92_95_96_99_100_101_103_104_107_108_109_111_112_114_115_117_118_121_125_127_129_130_137_139_141_146_149_152_156_158_159_162_166_168_171_173_176_180_183_185_189_191_195_197_199_201_203_204_212_214_218_220_224_225_235_238_241_243_244_255_256_258_259_264_271_279  8.32e+09  7.24e+09  21603.11 -51442.03  11706.81    842.58     78.15    292.78   1407.63   -237.79      0.00 0
916 14.0      2_8_11_16_20_23_24_32_37_47_48_52_58_69_70_73_74_85_97_98_113_131_132  3.80e+10  3.40e+10  18034.16  -5496.39   7747.62    870.48     67.66    343.05  -3478.25     29.09      0.00 0
917 14.0      54_60_64_68_72_76_80_84_86_90_92_96_100_104_108_112_114_115_118_122_126_130_133_134_138_142_143_147_149_153_154_155_156_159_163_164_165_169_170_180_183_187_188_192_193_194_204_208_215_221_232_239  6.61e+10  6.07e+10  24185.15 -24363.09   9921.55    849.57     73.88    314.79   3338.34   2088.43      0.00 0
918 14.0      0_1_2_3_4_5_6_7_8_9_11_13_14_15_16_17_19_20_21_23_24_27_28_29_31_32_35_37_39_40_41_43_44_45_47_48_51_52_55_57_58_61_62_63_65_66_67_69_70_73_74_78_79_81_82_85_87_88_89_91_93_94_97_98_101_102_103_105_106_109_110_111_113_116_117_119_120_123_124_127_128_129_131_132_135_136_139_140_141_144_145_148_150_151_157_158_160_161_166_167_168_171_172_173_181_182_184_190_191_195_196_197_198_200_205_206_211_213_214_219_220_226_227_230_231_237_238_243_246_249_250_252_253_258_260_261_264_266_267_270_274_275_276_277_279_281_284_287_289_291_295  1.32e+10  1.16e+10 -42310.34  82717.23  13438.23    824.06     81.77    117.09  -3873.43   1657.41      0.00 0
919 14.0      140_161_167_172_181_190_196_200_205_213_219_226_227_230_237_246_249_250_252_260_261_266_267_275_276_277_286_287_289_293_295_298  8.51e+09  7.66e+09 -14041.88  27690.03   9866.56    791.02     72.37    116.89   -504.07  -9109.73      0.00 0
920 14.0      167_172_181_182_190_196_198_200_205_206_211_213_219_226_227_230_231  3.80e+09  3.33e+09  18790.19  -7466.13   8251.29    813.80     67.80    338.33  -1502.66  -6468.11      0.00 0
921 14.0      0_1_2_3_4_5_6_7_8_9_10_11_12_13_14_15_16_17_18_19_20_21_22_23_24_25_26_27_28_29_30_31_32_33_34_35_36_37_38_39_40_41_42_43_44_45_46_47_48_49_50_51_52_53_54_55_56_57_58_59_60_61_62_63_64_65_66_67_68_69_70_71_72_73_74_75_76_77_78_79_80_81_82_83_85_86_87_88_89_91_92_93_94_95_97_98_99_101_102_103_105_106_107_109_110_111_113_115_116_117_119_120_121_123_124_125_127_128_129_131_132_135_136_137_139_140_141_144_145_146_148_150_151_152_156_157_158_160_161_162_166_167_168_171_172_173_175_176_181_182_184_185_190_191_195_196_197_198_199_200_203_205_206_211_212_213_214_218_220_224_226_227_228_230_231_233_235_238_241_243_244_246_248_249_250_251_253_255_256_258_259_260_261_264_265_267_268_270_271_272_274_275_277_279_281_282_284_289_291  3.55e+10  3.18e+10  98097.25 -124838.59  14253.60    814.04     84.87    308.16   1074.27  -4570.95      0.00 0
922 14.0      263_269_273_276_278_280_283_285_286_288_290_292_294  1.32e+09  1.13e+09 -20455.51   9451.77   9108.75    723.81     67.99    155.20  -3153.33 -10216.97      0.00 0
923 14.0      10_14_18_22_26_27_30_34_36_38_42_43_46_50_54_56_60_64_68_72_76_80_84_86_90_96_100_114_126_134_143_155_165_170_194  8.32e+10  7.65e+10 -20567.94   3867.77   8088.21    871.65     68.87    169.35   3002.04   1080.53      0.00 0
924 14.0      148_157_181_182_190_200_205_213_226_230_237_246_249_252_260_266_269_276_280_283_288_290  7.08e+09  6.30e+09   8266.52  21378.74   8748.21    799.87     69.11     68.86  -1144.89  -8079.37      0.00 0
925 14.0      0_1_2_3_4_5_6_7_8_9_10_11_12_13_14_15_16_17_18_19_20_21_22_23_24_25_26_27_28_29_30_31_32_33_34_35_36_37_38_39_40_41_42_43_44_45_46_47_48_49_50_51_52_53_54_55_56_57_58_59_60_61_62_63_64_65_66_67_68_69_70_71_72_73_74_75_76_77_78_79_80_81_82_83_84_85_86_87_88_89_90_91_92_93_94_95_96_97_98_99_100_101_102_103_104_105_106_107_108_109_110_111_112_113_114_115_116_117_118_119_120_122_123_124_126_127_128_129_130_131_132_134_135_136_138_139_140_142_144_145_147_148_149_150_151_153_155_156_157_158_159_160_161_163_166_167_169_171_172_174_175_177_179_180_181_182_183_184_186_188_189_190_192_195_196_198_201_204_205_207_210_211_213_217_219_223_225_230_234_237_242_252_254_257_263_269_273_278_283_285_292  5.37e+10  4.75e+10 157481.22 222583.42  11761.57    854.62     87.53     54.72    449.14   4541.54      0.00 0
926 14.0      0_1_2_3_4_5_6_7_8_9_10_11_12_13_14_15_16_17_18_19_20_21_22_23_24_25_26_27_28_29_30_31_32_33_34_35_36_37_38_39_40_41_42_44_45_46_47_48_49_50_51_52_53_54_55_57_58_59_60_62_63_64_66_67_69_70_71_72_73_74_75_76_78_79_82_83_84_85_86_88_89_91_94_95_96_97_98_99_100_102_103_106_107_110_111_113_114_116_117_120_121_122_124_125_126_128_129_131_132_133_134_136_137_140_141_143_145_146_147_148_151_152_154_155_157_158_161_162_164_165_167_168_170_172_173_175_176_178_179_181_182_184_185_187_188_190_191_193_194_196_197_198_199_200_202_203_205_206_208_209_210_211_212_213_214_215_216_217_218_219_220_221_222_223_224_226_227_228_229_230_231_232_233_234_235_236_237_239_240_241_242_244_245_247_248_251_254_256_257_262_263_265  4.17e+09  3.85e+09 182576.39  37178.77  13911.62    836.42     85.73     11.51  -1140.93  -3388.40      0.00 0
927 14.0      0_1_2_3_4_5_6_7_8_9_10_12_13_14_17_18_21_22_25_26_27_29_30_33_34_35_36_38_39_41_42_43_45_46_49_50_53_54_55_56_59_60_63_64_65_67_68_71_72_75_76_77_79_80_83_84_86_89_90_92_95_96_99_100_101_103_104_107_108_111_112_114_115_117_118_121_122_125_126_127_129_130_133_134_137_138_141_142_143_146_147_149_152_153_154_155_156_158_159_162_163_164_165_168_169_170_173_174_176_177_178_179_180_183_185_186_187_188_189_191_192_193_194_197_199_201_202_203_204_206_207_208_209_210_212_214_215_216_218_220_221_222_224_225_228_229_231_232_233_235_236_238_239_240_241_243_244_245_247_248_251_253_255_256_258_259_262_264_265_267_268_270_271_272_274_279_281_282_284_291  3.39e+10  2.99e+10  53078.65 -242424.03  12571.59    848.51     87.10    282.35   5676.46  -1745.77      0.00 0
928 14.0      5_8_9_13_16_17_20_21_28_29_32_33_35_40_41_44_45_48_52_53_55_58_59_62_63_66_67_74_75_78_79_82_83_88_89_91_94_95_98_99_102_103_106_107_110_111_116_117_120_121_124_125_128_129_132_136_137_140_141_145_146_148_151_152_154_157_161_162_167_172_175_176_178_184_185_187_198_202_203_209_215_217_229_232  2.24e+10  2.02e+10  55689.35    952.62  12011.70    787.43     77.83      0.98  -2970.66  -2895.91      0.00 0
929 14.0      89_91_102_103_107_110_111_116_117_121_128_129_136_137_140_141_146_148_151_152_157_158_161_162_167_168_172_173_175_176_178_181_182_184_185_190_191_196_197_198_199_200_202_203_205_206_209_211_212_213_214_217_218_219_220_223_224_228_229_233_234_235_241_245_247_248_251_262_265  3.16e+10  2.83e+10 -46859.10  -2554.20  11171.33    827.22     76.61    183.12   1752.26  -4823.24      0.00 0
930 14.0      0_1_2_3_4_5_6_7_8_9_10_11_12_13_14_15_16_17_18_19_20_21_22_23_24_25_26_27_28_29_30_31_32_33_34_35_36_37_38_39_40_41_42_43_44_45_46_47_48_49_50_51_52_53_54_55_56_57_58_59_60_61_62_63_64_65_66_67_68_69_70_71_73_74_75_77_78_79_80_81_82_83_84_87_88_89_90_91_92_101_102_103_104_105_107_109_110_111_112_115_116_117_118_127_128_129_130_139_141_148_149_156_157_158_159_166_168_171_180_181_182_183_189_190_191_192_195_197_200_201_204_205_206_207_214_225_226_227_231_246_249_250_253_260_261_267_275_277_281_287_289  1.26e+09  1.09e+09  -5756.40  62646.42  12833.56    724.09     78.47     95.25   -186.48   1252.28      0.00 0
931 14.0      161_167_172_184_190_196_198_205_211_213_219_226_230_237_246_249_252  3.89e+10  3.63e+10  11911.20 -13122.41   7319.02    921.56     67.56    312.23  -2421.35  -6515.64      0.00 0
932 14.0      197_214_220_238_243_253_258_264_270_274_279_284  2.82e+09  2.51e+09  -5686.18  22438.63   9291.31    708.86     68.13    104.22   3230.67  -8900.09      0.00 0
933 14.0      78_91_102_103_116_117_129_148_158_168_182_191_197_206_214_220_231_238_243_258_264  9.77e+09  8.98e+09 -15104.98  18007.79   8815.87    803.51     69.44    129.99   1530.77  -5904.04      0.00 0
934 14.0      91_102_110_116_117_128_129_136_140_141_148_151_157_158_161_162_167_168_172_173_175_181_182_184_185_190_191_196_197_198_199_200_203_205_206_211_212_213_214_217_218_219_220_223_224_226_227_228_230_231_233_234_235_237_238_241_242_243_244_246_248_249_250_251_252_253_254_255_256_257_259_262_263_265_268_272_282  4.27e+09  3.99e+09  65358.45   -855.59  12244.36    844.24     79.39    359.25  -3402.66  -6064.85      0.00 0
935 14.0      0_1_2_3_4_5_6_7_8_9_10_11_12_13_14_15_16_17_18_19_20_21_22_23_24_25_26_27_28_29_31_32_33_34_35_37_38_39_40_41_44_45_47_48_49_50_51_52_53_55_57_58_59_61_62_63_66_67_69_70_71_72_73_74_75_78_79_81_82_83_85_86_88_89_91_93_94_95_97_98_99_102_103_106_107_111_113_119_120_121_123_124_125_131_132_133_137_141_144_146_152_154_162_176_178_185_187_202_203_209_228_229_232_245_247  7.76e+10  6.94e+10  60191.98 -20256.83  12229.94    829.31     79.10    341.40  -4098.98    163.81      0.00 0
936 14.0      0_1_2_3_4_5_6_7_8_9_10_11_12_13_14_15_16_18_19_20_22_23_24_27_28_30_32_34_36_40_42_43_46_52_54_56_64_68_80_90_104_112  2.69e+09  2.45e+09   9961.76  17621.71   8534.14    760.48     67.14     60.52    210.34    987.97      0.00 0
937 14.0      10_14_18_22_26_27_30_34_36_38_39_42_43_46_50_54_56_60_61_64_65_68_71_72_76_77_80_84_86_87_90_92_96_100_101_104_105_108_109_112_114_115_118_127_135_139_150_156_160_166_171_189_195  5.13e+09  4.68e+09 -26177.86  18473.29   9399.43    906.37     73.65    144.79  -1090.00   3526.55      0.00 0
938 14.0      12_17_18_21_22_25_26_33_34_38_41_42_49_50_53_54_59_60_63_64_67_68_71_72_75_76_83_84_86_89_90_95_96_99_100_103_104_107_108_111_112_114_121_122_125_126_129_130_133_134_137_138_141_142_143_146_147_152_153_154_155_159_162_163_164_165_168_169_170_173_174_176_177_178_179_185_186_187_188_191_192_197_199_202_203_207_209_212_214_218_220_224_228_231_233_235_238_241_243_244_251_253_255_256_258_259_264_270_271_272_274_279_281_284_291  2.24e+10  1.99e+10  -6423.28  69637.21  12645.92    813.12     79.75     95.27   3860.27  -3459.47      0.00 0
939 14.0      254_257_263_269_273_278_280_283_285_288_290_292_294_296_297  6.46e+10  5.78e+10 -11108.93  16764.68   7764.32    914.35     68.89    123.53  -2611.87 -11169.64      0.00 0
940 14.0      0_1_2_3_4_5_6_7_8_9_10_11_12_13_14_15_16_17_18_19_20_21_22_23_24_25_26_27_28_29_30_31_32_33_34_35_36_37_38_39_40_41_42_43_44_45_46_47_48_49_50_51_52_53_54_55_56_57_58_59_60_61_62_63_64_65_66_67_68_69_70_71_72_73_74_75_76_77_78_79_80_81_82_83_84_85_86_87_88_89_90_91_92_93_94_95_96_97_98_99_100_101_102_103_104_105_106_107_108_109_110_111_112_113_114_115_116_117_118_119_120_121_122_123_124_125_126_127_128_129_130_131_132_133_134_135_136_137_139_140_141_143_144_145_146_148_149_150_151_152_154_156_157_158_160_161_162_164_165_166_167_168_170_171_172_173_175_176_178_180_181_182_184_185_187_189_190_191_193_195_196_197_198_199_200_202_203_205_206_209_211_212_213_214_215_217_218_219_220_221_223_224_226_227_228_229_230_231_232_233_234_235_237_238_239_241_243_244_245_246_247_248_249_250_251_252_253_255_256_258_259_260_261_262_264_265_267_268_270_271_272_274_275_277_279_281_282_284_289_291  6.46e+09  5.86e+09 -221039.14 181434.41  11685.56    796.18     87.66    140.62   5713.69  -7168.36      0.00 0
941 14.0      0_1_3_4_6_7_10_12_14_17_18_19_22_25_26_27_30_33_34_36_38_39_42_43_46_49_50_51_54_56_59_60_61_64_65_68_71_72_75_76_77_80_81_84_86_87_90_92_96_99_100_101_104_105_109_114_115_125_127_133_135_139_150_156_160_166_171_195  1.10e+09  9.37e+08 -29134.38  23441.40  10927.69    725.21     73.71    141.18   -785.35   2768.50      0.00 0
942 14.0      0_1_2_3_4_5_6_7_10_11_12_14_15_16_17_18_19_22_23_24_25_26_27_30_31_34_36_37_38_39_42_43_46_47_48_49_50_51_54_56_57_60_61_64_65_68_69_70_71_72_73_76_77_80_81_84_85_86_87_90_92_93_96_97_100_101_104_105_108_109_112_113_114_115_118_119_122_123_126_127_130_131_132_134_135_138_139_142_143_144_147_149_150_153_155_156_159_160_163_165_166_169_170_171_174_177_179_180_183_186_188_189_192_194_195_201_204_207_208_210_216_222_225_236_240  5.89e+09  5.10e+09 -208079.95  -9194.13  14089.76    761.90     86.13    182.53   5215.20   4736.29      0.00 0
943 14.0      63_75_83_89_95_99_103_107_111_114_121_125_129_133_134_137_143_146_154_164_165_170_187_193_194_208_216_222_236_240  1.32e+09  1.19e+09 -23104.21 -18005.58   9857.76    755.02     71.40    217.93   4670.46  -1021.26      0.00 0
944 14.0      0_1_4_6_7_10_14_18_22_26_27_30_34_36_42_46_50_54_56_60_64_68_76_80_84_90_96_104_108_112_122_138_142_147_153_163_174_177_186  4.17e+09  3.74e+09 -24416.50 -22038.79  10125.14    782.02     72.89    222.07   3815.51   4056.32      0.00 0
945 14.0      49_53_59_63_67_71_75_83_86_89_95_99_107_114_121_125_133_134_143_154_155_164_165_170_188_193_194_208_210_216_222_236_240  2.29e+10  2.11e+10 -24725.15 -16272.29   9514.71    825.14     72.18    213.35   5559.67    229.14      0.00 0
946 14.0      12_17_21_25_26_29_33_34_38_41_45_49_50_53_54_55_59_60_63_67_71_72_75_76_79_83_84_86_89_91_95_96_99_100_103_107_108_111_114_116_117_121_122_125_126_129_133_134_137_138_141_143_146_147_148_152_153_154_155_157_158_162_163_164_165_168_170_173_176_177_178_179_181_182_185_186_187_188_190_191_193_194_197_199_200_202_203_205_206_208_209_210_212_214_215_216_218_220_221_222_224_226_227_228_229_230_231_232_233_235_236_238_239_240_241_243_244_245_246_248_249_250_251_252_253_255_256_258_259_260_261_264_266_267_269_270_271_274_275_276_277_279_280_281_283_284_286_287_288_289_290_291_293_294_295_296_297_298  9.33e+09  8.49e+09 -43298.46 -115992.11  14193.94    799.92     83.46    249.53   1598.01  -9075.30      0.00 0
947 14.0      0_1_2_3_4_5_6_7_8_9_10_11_12_13_14_15_16_17_18_19_20_21_22_23_24_25_26_27_29_30_31_32_33_34_36_37_38_39_41_42_43_46_47_48_49_50_51_53_54_56_57_59_60_61_63_64_65_68_69_70_71_72_73_75_76_77_80_81_83_84_85_86_87_90_92_93_95_96_97_99_100_101_104_105_107_108_109_112_113_114_115_118_119_121_122_123_125_126_127_130_131_133_134_135_138_139_142_143_144_146_147_149_150_153_154_155_156_159_160_163_164_165_166_169_170_171_174_176_177_178_179_180_183_186_187_188_189_192_193_194_195_201_202_204_208_209_210_215_216_221_222_229_232_236_239_240_245_247  1.02e+09  8.92e+08 -120151.88  46386.84  13673.31    895.56     83.94    158.89   6271.60    334.76      0.00 0
948 14.0      39_43_51_56_57_61_65_73_77_81_87_92_93_97_101_105_109_113_119_123_131_135_144_150  1.32e+09  1.17e+09 -26803.82  -9644.68   9714.15    762.65     71.17    199.79  -4217.70   1695.91      0.00 0
949 14.0      0_1_2_6_7_8_10_11_14_15_16_19_20_22_23_24_27_30_31_32_36_37_39_42_43_46_47_48_51_52_56_57_58_61_62_64_65_68_69_70_73_74_77_80_81_82_85_87_90_92_93_94_97_98_101_104_105_106_109_112_113_115_118_119_120_123_124_127_130_131_132_135_136_139_142_144_145_149_150_151_156_159_160_161_166_169_171_174_175_180_183_184_189_192_195_198_201_204_207_217_225  1.95e+09  1.67e+09  77133.19 103519.83  14480.49    764.54     83.60     53.31  -1093.13   4974.16      0.00 0
950 14.0      0_1_2_3_4_5_6_7_8_9_10_11_12_13_14_15_16_17_18_19_20_21_22_23_24_25_26_27_28_29_30_31_32_33_34_35_36_37_38_40_41_42_43_44_45_46_48_49_50_52_53_54_55_56_58_59_60_62_63_64_66_67_68_70_71_72_74_75_76_78_79_80_82_83_84_86_88_89_90_91_94_95_96_99_100_102_103_104_106_107_108_110_111_112_114_116_117_120_121_122_124_125_126_128_129_133_134_136_137_138_140_141_142_143_145_146_147_148_151_152_153_154_155_157_158_161_162_163_164_165_167_168_170_172_173_174_175_176_177_178_179_181_182_184_185_186_187_188_190_191_193_194_196_197_198_199_200_202_203_205_206_208_209_210_211_212_213_214_215_216_217_218_219_220_221_222_223_224_226_227_228_229_230_231_232_233_234_235_236_237_238_239_240_242_243_246_249_250_252_253_254_257_260_261_263_266_267_269_273_275_276_277_278_280_283_285_286_288_290_292_294_296  3.47e+10  3.01e+10 -125928.01 -135277.75  14415.73    763.51     85.54    227.05   1201.66  -3285.21      0.00 0
951 14.0      4_6_10_14_18_22_30_36_42_46_54_56_64_68_80_84_90_92_104_112_118_130_142_159_169_174_192  3.98e+09  3.55e+09  -6147.81 -21798.51   8862.31    770.62     68.63    254.25   1401.27   3971.66      0.00 0
952 14.0      181_200_205_226_227_246_249_250_260_261_275_276_277_286_287  2.57e+09  2.27e+09  -2710.62  18974.61   8322.23    765.80     66.53     98.13    -17.55  -8916.53      0.00 0
953 14.0      0_1_2_3_4_5_6_7_8_9_10_11_12_13_14_15_16_17_18_19_20_21_22_23_24_25_26_27_28_29_30_31_33_34_35_36_38_39_40_41_42_43_44_45_46_49_50_51_53_54_55_56_57_59_60_61_63_64_65_67_68_71_72_75_76_77_78_79_80_81_83_86_87_89_91_92_95_99_101_103_107_109_111_115_117_121_125_127_129_137_139_141_146_152_156_158_162_166_168_173_176_185_191_197_199_203_206_212_214_218_220_224_231_235_238_241_243_244_253_255_256_258_259_264_270_271_272_274_279_284  3.89e+10  3.46e+10 -26883.88  55885.54  12301.92    802.38     78.78    115.69   3886.90  -6940.61      0.00 0
954 14.0      0_1_2_3_4_5_6_7_8_9_10_11_12_13_14_15_16_17_18_19_20_21_22_23_24_25_26_27_28_29_30_31_32_33_34_35_36_37_38_39_40_41_42_43_44_45_46_47_48_49_50_51_52_53_54_55_56_58_60_62_64_66_68_69_70_71_72_74_76_78_79_80_82_84_85_88_90_94_96_98_102_104_106_108_110_112_120_122_124_128_136_138_140_142_145_151_153_161_163_167_172_175_184_186_198_211_217_223_234  2.09e+10  1.90e+10 -32218.71 -33844.81  11028.84    851.05     76.72    226.41  -2043.95  -2113.08      0.00 0
956 14.0      91_102_103_110_111_116_117_128_129_136_137_140_141_148_151_152_157_158_161_162_167_168_172_173_176_181_182_184_185_190_191_196_197_198_199_200_202_203_205_211_212_213_217_218_219_223_228_234  1.32e+09  1.13e+09 -40004.01  -6293.08  10427.74    867.42     75.56    188.94  -1658.67  -5161.25      0.00 0
957 14.0      32_37_40_48_52_58_62_66_69_70_73_74_82_85_88_93_94_97_98_102_106_110_113_116_119_120_123_124_128_131_132_136_140_144_145_148_150_151_157_161_167_172_175_181_182_184_190_196_198_200_205_211_213_219_226_227_230_237_246_249_250_252_260_261_266_275_276_277_286_287_289_293_295  9.12e+09  8.30e+09  21159.14 -48042.30  11493.85    842.06     77.65    293.77  -3444.38  -2179.16      0.00 0
958 14.0      0_1_2_3_4_5_6_7_8_9_10_11_12_13_14_15_16_17_18_19_20_21_22_23_24_25_26_27_28_29_30_31_32_33_34_35_36_37_38_39_40_41_42_43_44_45_46_47_48_49_50_51_52_53_54_55_56_57_58_59_60_61_62_63_64_65_66_67_68_69_70_71_72_73_74_75_76_77_78_79_80_81_82_83_84_86_87_88_89_90_91_92_94_95_96_99_100_101_102_103_104_106_107_108_109_110_111_112_114_115_116_117_118_121_122_125_126_127_128_129_130_133_134_136_137_138_140_141_142_143_146_147_148_149_152_153_154_155_156_157_158_159_162_163_165_167_168_169_172_173_174_176_177_179_180_181_182_183_185_186_189_190_191_192_196_197_199_200_201_204_205_206_207_211_212_213_214_219_220_224_225_226_227_230_231_235_237_238_242_243_246_249_250_252_253_255_257_258_260_261_264_266_267_269_270_273_274_275_276_277_280_281_283_284_285_286_287_288_289_290_291_292_293_294_295_296_297_298  2.00e+09  1.70e+09  17561.14 137657.97  14585.69    759.64     84.00     82.73    453.38  -7104.99      0.00 0
959 14.0      0_1_2_3_4_5_6_7_8_9_10_11_12_13_14_16_17_18_20_21_22_25_26_27_28_29_30_32_33_34_35_36_38_40_41_42_44_45_46_49_50_52_53_54_55_56_59_60_62_63_64_66_67_68_71_72_75_76_78_79_80_83_84_86_88_89_90_91_96_100_102_103_104_108_110_112_116_117_122_126_128_130_138_140_142_147_153_157_163_167_169_174_177_186_190_196  6.46e+09  5.75e+09 -24575.10 -43578.20  11559.52    799.02     76.99    240.58   2773.58   2796.55      0.00 0
960 14.0      102_116_128_140_157_167_172_190_196_198_211_213_219_223_234_237_242_254_257_263_273_278  5.50e+09  5.02e+09 -21613.64 -25594.41  10254.65    770.81     72.98    229.82  -4250.34  -7976.54      0.00 0
961 14.0      0_1_2_3_4_5_6_7_8_9_10_11_12_13_14_15_16_17_18_19_20_21_23_24_25_26_28_29_31_32_33_35_37_38_40_41_44_45_47_48_49_50_51_52_53_55_57_58_59_62_63_66_67_69_70_71_72_73_74_75_78_79_82_83_85_86_88_89_91_93_94_95_97_98_99_102_103_106_107_110_111_113_114_116_117_120_121_123_124_125_128_129_131_132_133_136_137_140_141_143_145_146_148_151_152_154_157_158_161_162_164_167_168_172_173_175_176_178_181_182_184_185_187_190_191_193_196_197_198_199_200_202_203_205_206_209_211_212_213_214_215_217_218_219_220_221_223_224_226_227_228_229_230_231_232_233_234_235_237_238_239_241_242_243_244_245_246_247_248_249_250_251_252_253_254_255_256_257_258_259_260_261_262_263_264_265_266_267_268_269_270_271_272_273_274_275_276_277_278_279_280_281_282_284_291  5.50e+10  4.87e+10 -251769.81  49943.11  12688.24    794.31     87.17    168.78   2609.21  -5390.21      0.00 0
962 14.0      50_60_64_71_72_76_84_86_90_96_99_100_108_114_122_125_126_133_134_143_146_154_164_176_178_187_193_202_203_209_228_229_245_248  5.25e+10  4.92e+10  15179.96 -22395.45   8984.36    868.00     71.63    304.13   4699.20  -1086.32      0.00 0
963 14.0      0_1_2_3_4_5_6_7_8_9_10_11_12_13_14_15_16_17_18_19_20_21_22_23_24_25_26_27_28_29_30_31_32_33_34_35_36_37_38_39_40_41_42_43_44_45_46_47_48_49_50_51_52_53_54_55_56_57_58_59_60_61_62_63_64_65_66_67_68_69_70_71_72_73_74_75_76_77_78_79_80_81_82_83_84_85_86_87_88_89_90_91_92_93_94_95_96_97_98_99_100_101_102_103_104_105_106_107_108_109_110_111_112_113_114_115_116_117_118_119_120_121_122_123_124_125_126_127_128_129_130_131_132_133_134_135_136_137_138_139_140_141_142_143_144_145_146_147_148_149_150_151_152_153_154_155_156_157_158_159_160_161_162_163_164_165_166_167_168_169_170_172_173_174_175_176_177_178_179_180_181_182_183_184_185_186_187_188_190_191_192_193_194_196_197_198_199_200_202_203_205_206_207_208_209_210_211_212_213_214_215_216_217_218_219_221_222_223_226_227_228_229_230_232_234_236_237_239_240_242_247_249_252_254_257_263_269_273_278_285  4.07e+10  3.64e+10 -255019.58 -150457.92  11271.35    799.93     87.82    210.54   2990.45   1032.21      0.00 0
964 14.0      158_162_168_173_181_182_185_190_191_197_199_200_202_203_205_206_212_213_214_218_219_220_224_226_227_228_229_230_231_233_235_237_238_241_242_243_244_245_246_247_248_249_250_251_252_253_254_255_256_257_258_259_260_261_262_263_264_265_266_267_268_269_270_271_272_273_278_282  1.91e+09  1.67e+09  60878.25  16654.41  12749.19    738.91     78.58     15.30   5808.16  -6137.36      0.00 0
965 14.0      49_59_63_71_72_75_76_83_86_89_95_96_99_100_107_111_114_121_122_125_126_129_133_134_137_141_143_146_147_152_154_155_162_168_173_185_191_197_199_206_212_214_220_231_238_253  2.88e+09  2.66e+09  -6181.36 -32281.35   9929.64    817.64     73.19    259.16   3133.65  -3060.24      0.00 0
966 14.0      219_230_234_237_242_249_252_254_257_263_266  1.58e+09  1.36e+09  18444.23  -8781.65   8785.05    721.48     66.73    334.54  -3217.36  -7832.45      0.00 0
967 14.0      167_172_181_190_196_200_205_206_213_226_227_230_231_246_249_250_253_261_267_270  2.82e+09  2.42e+09  18014.80 -15402.41   9064.99    762.39     69.07    319.47   -307.24  -7506.95      0.00 0
968 14.0      0_1_2_3_4_5_6_7_8_9_10_11_12_13_14_15_16_17_18_19_20_21_22_23_24_25_26_27_28_29_30_31_32_33_34_35_36_37_38_39_40_41_42_43_44_45_46_47_48_49_50_51_52_53_54_55_56_57_58_59_60_61_62_63_65_66_67_69_70_71_72_73_74_75_77_78_79_81_82_83_85_86_87_89_93_95_97_99_101_103_105_107_109_111_113_119_121_123_125_131_135_137_139_141_144_146_150_152_154_160_162_176_178_185_202_203_218_228_233  8.71e+10  7.87e+10  45040.03 -33133.63  11905.41    808.24     77.98    323.66  -2622.49   1745.24      0.00 0
969 14.0      2_5_8_11_13_15_16_20_23_24_28_29_31_32_35_37_40_44_45_47_48_52_55_57_58_62_66_67_69_70_73_74_78_79_82_85_88_91_93_97_102_103_116_117_123_129_158  6.46e+09  5.81e+09  15251.84 -21108.35   9196.36    799.16     70.55    305.85  -1168.94  -1461.32      0.00 0
970 14.0      42_46_56_64_65_68_77_80_84_87_90_92_96_101_104_108_109_112_115_118_122_126_127_130_135_138_139_149_150_156_159_160_166_171_180_189_195  1.38e+10  1.25e+10 -35975.39  16107.64  10679.76    801.02     74.84    155.88  -3032.39   5114.84      0.00 0
971 14.0      28_35_40_44_55_62_66_78_88_102_106_110_128_136_140_161_167_172_196_198_211_219_234  1.95e+10  1.74e+10 -10436.47 -16052.34   7848.74    859.61     67.71    236.97  -2104.82  -4208.38      0.00 0
972 14.0      0_1_2_3_4_5_6_7_8_9_10_11_13_14_15_16_19_20_23_24_27_28_29_30_31_32_35_36_37_39_40_43_44_45_46_47_48_51_52_55_56_57_58_61_62_65_66_77_78_81_82_87_88_91_92_101_102_109_115_116_127  1.05e+09  9.24e+08   -645.73  26804.73   9431.66    774.59     70.62     91.38   -891.91    177.99      0.00 0
973 14.0      4_10_12_14_18_22_25_26_27_30_33_34_36_38_42_43_46_49_50_54_56_59_60_64_65_68_71_72_75_76_77_80_84_86_87_90_92_95_96_99_100_101_104_108_109_112_114_115_118_121_122_125_126_127_130_133_134_138_139_142_143_146_147_149_152_153_154_155_156_159_163_164_165_166_169_170_171_176_178_180_183_187_189_192_193_195_201_202_203_204_207_208_209_215_221_225_228_229_232_233_239_245_247_248_262_265  9.12e+10  8.31e+10  36550.12 -42194.62  11509.76    880.16     78.35    310.90   2173.99   2117.16      0.00 0
974 14.0      96_100_108_112_114_122_126_130_133_134_138_142_143_147_153_154_155_159_163_164_165_169_170_174_177_178_179_186_187_188_192_193_194_202_207_208_209_210_215_216_221_222_228_229_232_236_239_240_245_247_248_262_265_282  3.89e+10  3.49e+10 -41668.09  80695.89  13038.66    883.55     81.83    117.31   6143.65   2274.54      0.00 0
975 14.0      103_111_116_117_121_129_137_141_146_148_152_157_158_162_167_168_172_173_176_178_181_182_185_190_191_196_197_199_200_202_203_205_206_209_211_212_213_214_218_219_220_223_224_226_227_228_229_230_231_232_233_234_235_237_238_239_241_242_244_245_246_247_248_249_251_252_254_257_262_263_273_278  1.70e+09  1.49e+09 -45724.35 -16768.94  10913.03    902.93     77.37    200.14   1239.30  -5850.18      0.00 0
976 14.0      0_1_2_3_4_5_6_7_8_9_10_11_12_13_14_15_16_17_18_19_20_21_22_23_24_25_26_27_28_29_30_31_32_33_34_35_36_37_38_39_40_41_42_43_44_45_46_47_48_49_50_51_52_53_54_55_56_57_58_59_60_61_62_63_64_65_66_67_68_69_70_71_72_73_74_75_76_77_78_79_80_81_82_83_84_85_86_87_88_89_90_91_92_93_94_95_96_97_98_99_100_101_102_103_104_105_106_107_108_109_110_111_112_113_115_116_117_118_119_120_121_122_123_124_127_128_129_130_135_136_137_138_139_140_141_142_148_149_150_151_156_157_158_159_160_161_162_166_167_168_169_171_172_173_174_180_181_182_183_189_190_191_192_195_196_197_198_200_201_204_205_206_207_211_212_213_214_219_220_225_226_227_230_231_234_237_238_242_243_246_249_250_252_253_257_258_260_261_263_264_266_267_269_270_273_274_275_276_277_280_281_283_284_285_286_287_288_289_290_291_292_293_294_295_296_297_298  2.34e+09  2.03e+09  -4891.31 134032.08  14286.08    800.65     83.92     92.09    -94.63  -7536.35      0.00 0
977 14.0      11_15_19_23_24_31_32_37_39_47_48_51_57_58_61_65_69_70_73_74_81_82_85_87_94  1.86e+09  1.62e+09   4820.53  18440.33   8494.03    731.37     65.98     75.35  -2050.03    447.46      0.00 0
978 14.0      0_1_2_3_4_5_6_7_8_9_10_11_12_13_14_15_16_17_18_19_20_21_22_23_24_25_26_27_28_29_30_31_32_33_34_35_36_37_38_39_41_43_45_47_48_49_50_51_53_57_59_61_63_65_67_69_71_72_73_75_81_83_87_89_93_95_97_99_105_107_119_121_123_125_135_137_144_146_150_152_176  3.89e+09  3.42e+09 -25918.32  18466.89   9796.51    820.87     72.89    144.53    187.22    -64.95      0.00 0
979 14.0      0_1_2_3_4_5_6_7_8_9_10_11_12_13_14_15_16_17_18_19_20_21_22_23_24_25_26_27_28_29_30_31_32_33_34_35_36_37_38_39_40_41_42_43_44_45_46_47_48_49_50_51_52_53_54_55_56_57_58_59_60_61_62_63_64_65_66_67_68_69_70_73_74_77_78_79_80_81_82_83_84_85_87_88_89_90_91_92_93_94_97_98_101_102_103_104_105_106_109_110_112_113_115_116_117_118_119_120_123_124_127_128_129_130_132_135_136_139_140_145_148_149_151_156_157_158_159_160_161_166_167_169_171_172_180_181_182_183_184_189_190_191_192_195_196_198_200_201_204_205_206_207_211_213_217_219_223_225_226_227_230_234_237_242_246_249_250_252_254_257_260_261_263_266_269_273_275_276_277_278_280_283_285_286_287_288_290_292_293_294_296_297_298  3.72e+09  3.19e+09 -11998.91 -100031.80  14231.06    731.83     81.96    263.16  -1909.02  -6656.64      0.00 0
980 14.0      211_217_219_223_234_237_242_252_254_257_263_266_269_273_276_280_283  6.46e+09  5.88e+09  16984.55 -18909.67   9095.79    802.08     70.31    311.93  -4179.45  -7374.76      0.00 0
981 14.0      0_1_2_3_4_5_6_7_8_9_10_11_12_13_14_15_16_17_18_19_20_21_22_23_24_25_26_27_28_29_30_31_32_33_34_35_36_37_38_39_40_41_42_43_44_45_46_47_48_49_50_51_52_53_54_55_56_57_58_59_60_61_62_63_64_65_66_67_68_69_70_71_72_73_74_75_76_77_78_79_80_81_82_83_84_85_86_87_88_89_90_91_92_93_94_95_96_97_98_99_100_101_102_103_104_105_106_107_108_109_110_111_112_113_114_115_116_117_118_119_120_121_122_123_124_125_126_127_128_129_130_131_132_135_136_137_138_139_140_141_142_144_145_148_149_150_151_152_156_157_158_159_160_161_162_163_166_167_168_169_171_172_173_174_175_180_181_182_183_184_189_190_191_192_195_196_197_198_199_200_201_204_205_206_207_211_212_213_214_219_220_223_224_225_226_227_230_231_234_235_237_238_242_243_246_249_250_252_253_254_255_257_258_260_261_263_264_266_267_269_270_273_274_275_276_277_278_279_280_281_283_284_285_286_287_288_289_290_291_292_293_294_295_296_297_298  2.82e+09  2.46e+09  14921.21 -174048.33  14638.16    745.30     85.21    274.90   -448.59  -1637.17      0.00 0
982 14.0      94_98_106_110_120_124_128_132_136_140_145_151_157_161_167_172_175_181_184_190_196_198_200_205_211_213_219_223_226_227_230_234_237_242_246_249_250_252_257_260_261_266_269_275_276_277_280_286_287_288_289_293_294_295_297_298  3.72e+10  3.45e+10  18311.10 -38825.07  10774.42    841.07     75.91    295.25  -1717.21  -7272.73      0.00 0
983 14.0      116_128_157_167_181_190_196_205_213_219_230_237_252_257  4.57e+09  4.04e+09  -6163.59 -16450.25   7825.02    806.19     65.99    249.46  -1793.94  -6487.98      0.00 0
984 14.0      167_172_181_182_190_191_196_198_200_205_206_211_213_214_217_219_220_223_226_227_230_231_234_237_238_242_243_246_249_250_252_253_254_255_257_258_263_264  1.95e+10  1.74e+10  46643.97  -5975.24  11428.72    782.61     76.34    352.70  -4223.44  -7011.62      0.00 0
985 14.0      246_249_252_257_260_261_263_266_267_269_270_273_275_276_277_280_281_283_284_286_287_288_289_291  4.47e+09  4.06e+09  27451.00  -8115.73   9661.38    775.23     71.35    343.53    261.84 -10216.07      0.00 0
986 14.0      181_182_190_196_200_205_206_211_213_214_219_220_223_226_227_230_231_234_237_238_242_246_249_252_254_257_263  9.77e+09  8.52e+09 -28653.74   1481.62   9333.67    838.99     71.98    177.04  -2290.75  -7131.90      0.00 0
987 14.0      0_1_2_3_4_5_6_7_8_9_10_11_12_13_14_15_17_18_19_21_22_25_26_27_29_30_31_33_34_35_36_38_39_41_42_43_45_46_49_50_51_53_54_56_59_60_61_63_64_65_67_68_71_72_75_76_77_79_80_81_83_84_86_87_89_90_92_95_96_99_100_101_104_105_107_108_109_111_112_114_115_118_121_125_127_130_133_135_137_139_141_146_149_152_154_156_159_160_162_166_171_173_176_180_183_185_189_195_199_201_203_204_212_218_224_225_233_241_244_256_259  2.57e+09  2.33e+09 -30509.92  54479.38  12612.96    754.59     78.58    119.25   -587.84   3976.54      0.00 0
988 14.0      205_226_230_246_249_252_260_266_275_276_280_286_287_288_290_293_294_296_297  2.09e+10  1.87e+10   -569.05 -25075.73   9144.04    784.19     69.97    268.70   -935.64 -11124.14      0.00 0
989 14.0      137_141_146_152_158_162_168_173_176_178_181_182_185_187_191_197_199_200_202_203_205_206_209_212_214_215_218_220_221_224_226_227_228_229_230_231_232_233_235_236_237_238_239_241_243_244_245_246_247_248_249_250_251_252_253_255_256_257_258_259_260_261_262_263_264_265_266_267_268_269_270_271_272_273_274_275_276_277_278_279_280_281_282_283_284_285_286_287_288_289_290_291_292_293_294_295_296_297_298  4.07e+10  3.64e+10 -136275.73 -101022.89  14304.45    798.96     85.18    216.55   1402.18 -10416.86      0.00 0
990 14.0      0_1_2_3_4_5_6_7_8_9_10_11_12_13_14_15_16_17_18_19_20_21_22_23_24_25_26_27_28_29_30_31_32_33_34_35_36_37_38_39_40_41_42_43_44_45_46_47_48_49_51_52_53_55_56_57_58_59_61_62_63_65_66_67_69_70_73_74_75_77_78_79_81_82_83_85_87_88_89_91_93_94_95_97_98_101_102_103_105_107_109_111_113_116_117_119_121_123_127_129_131_135_137_139_141_144_148_150_152_158_160_162_166_168_171_173_182_185_191_195_197_199_206_212_214_218_220_224_235_238_241_243_244_255_256_258_259_264_271_272_274_279  2.19e+10  2.06e+10 -33657.68  46479.17  11258.68    950.12     78.90    125.91   -461.85   -756.95      0.00 0
991 14.0      0_1_2_3_4_5_6_7_8_9_10_11_12_13_14_15_16_17_18_19_20_21_22_23_24_25_26_27_28_29_30_31_32_33_34_35_36_37_38_39_40_41_42_43_44_45_46_47_49_50_51_52_53_54_55_56_57_59_60_61_62_63_64_65_66_67_68_71_72_75_76_77_78_79_80_81_83_84_86_87_88_89_90_91_92_95_96_99_100_101_102_103_104_107_108_109_111_112_114_115_116_117_118_121_122_125_126_127_128_129_130_133_134_137_138_141_142_143_146_147_148_149_152_153_154_155_156_157_158_159_162_163_164_165_166_168_169_170_173_174_176_177_178_179_180_181_182_183_185_186_187_189_191_192_195_197_199_200_201_202_203_204_205_206_207_212_214_218_220_224_225_226_227_228_231_233_235_238_241_243_244_246_250_251_253_255_256_258_259_260_261_264_267_270_271_272_274_275_277_279_281_284_286_287_289_291_293_295_298  7.41e+09  6.64e+09 -16411.34 129003.70  14333.95    788.13     83.71     97.25   2676.18  -5083.93      0.00 0
992 14.0      29_35_41_44_45_53_55_63_66_67_78_79_83_88_89_91_95_102_103_107_111_121_125_137_146_152_154_176_178_187_202_209_229  6.61e+09  5.76e+09  25149.86   -526.82   8922.81    828.72     70.47    358.80   2993.03  -2758.14      0.00 0
993 14.0      0_1_2_3_4_5_6_7_8_9_10_11_12_13_14_15_16_17_18_19_20_22_23_24_25_26_27_28_30_31_32_34_36_37_38_39_40_42_43_46_47_48_50_51_52_54_56_57_58_60_61_62_64_65_68_69_70_73_74_76_77_80_81_82_84_85_87_90_92_93_94_96_97_98_101_104_105_106_108_109_112_113_115_118_119_120_122_123_124_126_130_131_132_138_142_145_147_151_153_159_163_169_174_175_177_179_186  1.23e+09  1.11e+09  54948.04  36217.80  12019.13    890.50     79.65     33.39  -2695.12    121.40      0.00 0
994 14.0      78_79_88_89_91_102_103_106_110_111_116_117_120_128_129_136_137_140_141_145_148_151_152_157_158_161_162_167_168_172_173_175_176_181_182_184_185_190_191_196_197_198_199_200_202_203_205_206_211_212_213_214_217_218_219_220_223_224_226_227_228_230_231_233_234_235_238_241_243_244_245_248_251_255_256_259_262_265_268_271_272_282  9.77e+09  8.50e+09  68753.82  -9088.24  12665.91    804.96     79.65    352.47   2313.39  -5540.02      0.00 0
995 14.0      181_182_190_200_205_206_226_227_231_246_250_253_267_270  9.12e+09  8.12e+09  14057.69 -12935.77   8105.12    805.29     67.01    317.38    293.79  -7548.67      0.00 0
996 14.0      246_249_252_257_260_261_263_266_269_273_276_278_280_283_285  7.08e+10  6.39e+10 -25355.43  -1501.95   8790.53    862.54     70.91    183.39  -4111.96  -9533.39      0.00 0
997 14.0      0_1_2_3_4_5_6_7_8_9_10_11_12_13_14_15_16_17_18_19_20_21_22_23_24_25_26_27_28_29_30_31_32_33_34_35_36_37_38_39_40_41_42_43_44_45_46_47_48_49_50_51_52_53_54_55_56_58_59_60_62_63_64_65_66_67_68_70_71_72_74_75_76_77_78_79_80_82_83_84_86_88_89_90_91_92_94_95_96_99_100_102_103_104_106_107_108_110_111_112_114_116_117_118_120_121_122_125_126_128_129_130_133_134_136_137_138_140_141_142_143_146_147_148_151_152_153_154_155_157_158_159_161_162_163_164_165_167_168_169_170_172_173_174_176_177_178_179_181_182_184_185_186_187_188_190_191_192_193_194_196_197_198_199_200_202_203_205_206_208_209_210_211_212_213_214_215_216_217_218_219_220_221_222_223_224_226_227_228_229_230_231_232_233_234_235_236_237_238_239_240_241_242_243_244_245_246_247_248_249_250_251_252_253_254_255_256_257_258_259_260_261_262_263_264_265_266_267_268_269_270_271_272_273_274_275_276_277_278_279_280_281_283_284_285_286_287_288_289_290_291_292_293_294_295_296_297_298  9.33e+10  8.68e+10 149673.78 230653.62  11428.11    894.15     87.62     57.02    836.86  -6196.97      0.00 0
998 14.0      129_137_141_148_152_158_162_168_173_176_178_181_182_185_190_191_197_199_200_202_203_205_206_209_212_213_214_215_218_219_220_224_226_227_228_229_230_231_232_233_235_237_238_239_241_242_243_244_245_246_247_248_249_250_251_252_253_254_255_256_257_258_259_260_261_262_263_264_265_266_267_268_269_270_271_272_273_274_275_276_277_278_280_281_282_283_285_286_287_288_290_292_296  5.50e+09  4.79e+09 -68562.88 -37397.22  13405.79    747.25     80.26    208.61    372.46  -8046.82      0.00 0
999 14.0      0_1_2_6_7_10_11_14_15_16_19_20_23_24_27_30_31_32_36_37_39_42_43_46_47_48_51_52_56_57_58_61_62_65_68_69_70_73_74_77_80_81_82_85_87_90_92_93_94_97_98_101_104_105_106_109_112_113_115_118_119_120_123_124_127_130_131_132_135_136_139_142_144_145_149_150_151_156_159_160_161_166_169_171_174_175_180_183_184_189_192_195_198_201_204_207_217_223_225  1.02e+10  9.34e+09 -48835.08 -79816.63  13583.84    802.96     81.74    238.54  -1480.72   3980.60      0.00 0
