#event_number primary_type du_ids energy_primary em_energy Xmax_pos(x, y, z), Xmax_grams zenith azimuth shower_core_pos_x shower_core_pos_y shower_core_pos_z, N_tested_cores, units are degrees, GeV and meters
103000 5626.0    114_126_133_134_143_154_155_164_165_170_178_187_193_202_209  7.94e+10  6.97e+10  -4614.98  18989.00   8327.20    776.95     66.92    103.66   5196.50   -572.50      0.00 0
103001 5626.0    220_224_231_235_238_241_243_244_250_251_253_255_256_258_259_261_264_267_270_271_274_277  6.31e+10  5.50e+10  20819.74  12263.77   9159.45    757.52     69.24     30.50   3662.35  -7945.41      0.00 0
103002 5626.0    0_1_2_3_4_5_6_7_8_9_10_11_12_13_14_15_16_17_18_19_20_21_22_23_24_25_26_27_28_29_30_31_32_33_34_35_36_37_38_39_40_41_42_43_44_45_46_47_48_49_50_51_52_53_54_55_56_57_58_59_60_61_62_63_64_65_66_67_68_77_78_79_80_81_82_84_87_88_89_90_91_92_101_102_103_104_110_112_115_116_117_118_127_128_129_130_148_149_156_157_158_159_167_169_180_181_182_183_190_192_200_201_205_207_213_225_226_227_230_246_249  1.07e+10  9.04e+09   4503.71  49013.52  12034.96    710.89     76.26     84.75   -110.05   -234.57      0.00 0
103003 5626.0    27_36_39_42_43_46_51_56_57_61_64_65_68_77_80_81_87_90_92_93_101_104_105_108_109_112_115_118_119_122_123_127_130_131_135_138_139_142_144_149_150_153_156_159_160_163_166_169_171_174_177_183_186_192  6.03e+10  5.25e+10  49868.43   8542.08  11950.77    740.05     76.71      9.72  -2053.04   3440.37      0.00 0
103004 5626.0    75_86_95_99_100_107_114_121_125_126_133_134_137_143_147_154_155_164_165_170_177_179_188_194_210_216  5.75e+10  5.04e+10  17584.19  27421.75  10339.78    738.50     72.39     57.33   5460.97   1411.67      0.00 0
103005 5626.0    0_1_2_5_7_8_11_13_15_16_19_20_23_24_27_28_29_31_32_35_37_39_40_44_45_47_48_51_52_55_57_58_61_62_66_69_70_73_74_78_79_81_82_88_91_102_110_116_117_128_148_157_158_181_182_200  3.09e+09  2.56e+09  -5618.84  29595.29  10425.47    678.61     70.91    100.75   -770.74  -2428.32      0.00 0
103006 5626.0    168_191_197_206_214_227_231_238_246_250_253_260_261_267_275_276_277_281_286_287_289_293_294_295_297_298  1.32e+09  1.08e+09   9441.39  27419.80  10354.87    668.18     70.35     71.00    952.37  -9209.17      0.00 0
103007 5626.0    83_89_95_99_103_107_111_117_121_125_129_133_137_141_148_152_158_162_168_173_181_182_191_197_200_205_206_214_226_227_230_231_246_249_250_252_260_266_276_280  8.32e+09  7.03e+09 -17984.37 -28725.20  10601.20    719.27     72.63    237.95   1053.43  -5766.20      0.00 0
103008 5626.0    250_253_258_260_261_264_266_267_269_270_271_273_274_275_276_277_279_280_281_283_284_285_286_287_288_289_290_291_292_293_294_295_296_297  1.70e+10  1.46e+10 -42331.40  -8205.39  11175.51    771.56     75.47    190.97    161.03 -10777.92      0.00 0
103009 5626.0    0_1_2_3_4_5_6_7_8_9_10_11_12_13_14_15_16_17_18_19_20_21_22_23_24_25_26_27_28_29_30_31_32_33_34_35_36_37_38_39_40_41_42_43_44_45_46_47_48_49_50_51_52_53_54_55_57_58_59_60_61_62_63_64_66_67_69_70_71_72_73_74_75_76_78_79_81_82_83_84_85_86_88_93_94_95_96_97_98_99_100_106_113_114_120_123_124_125_126_131_132_133_134_143_154_155_164_165_170_187_188_193_194_208_215_221_222_236  2.29e+09  1.87e+09  57798.90   1725.53  12904.15    669.44     77.42      1.71   -595.60   -289.61      0.00 0
103010 5626.0    0_1_2_3_4_5_6_7_8_9_10_11_12_13_14_15_16_17_18_19_20_22_23_24_25_26_27_28_29_30_31_32_34_35_36_37_39_40_42_43_44_46_47_48_50_51_52_54_56_57_58_60_61_62_64_65_66_68_70_74_76_77_80_82_84_88_90_92_94_96_104_106_108_112_118_122_130_138_142_153_159_163_169_174_186_192  1.10e+10  9.34e+09  28603.89  38501.13  11825.42    728.81     76.15     53.39   2383.30   3999.92      0.00 0
103011 5626.0    0_1_2_3_4_5_6_7_8_9_10_11_12_13_14_16_17_18_20_21_22_25_26_27_28_29_30_33_34_35_36_38_40_41_42_43_44_45_46_49_50_52_53_54_55_56_59_60_62_63_64_66_67_68_71_72_75_76_78_79_80_83_84_86_88_89_90_91_92_95_96_99_100_102_103_104_107_108_111_112_114_116_117_118_121_122_125_126_128_129_130_133_134_137_138_141_142_143_146_147_148_152_153_155_157_158_159_162_163_167_168_169_173_174_177_181_182_185_186_190_191_192_196_197_199_200_205_206_207_212_213_214_220_226_227_230_231_235_237_238_243_246_249_250_252_253_257_258_260_261_266_267_269_270_274_275_276_277_280_281_283_284_286_287_288_289_290_291_292_293_294_295_296_297_298  5.25e+10  4.53e+10 -18037.47 -95919.37  13925.38    765.97     81.88    259.35    110.49 -10189.76      0.00 0
103012 5626.0    226_230_249_252_257_266_269_273_280_283_285  4.47e+09  3.75e+09  14645.28  12137.17   8656.30    702.44     65.53     39.65  -1988.67  -8973.13      0.00 0
103013 5626.0    0_1_2_3_4_5_6_7_8_9_10_11_12_13_14_15_16_17_18_19_20_21_22_23_24_25_26_27_28_29_30_31_32_33_34_35_36_37_38_39_40_41_42_43_44_45_46_47_48_49_50_51_52_53_54_55_56_57_58_59_60_61_62_63_64_65_66_67_68_69_70_71_72_73_74_75_76_77_78_79_80_81_82_83_84_85_86_87_88_89_90_91_92_93_94_95_97_98_99_101_102_103_104_105_106_107_109_110_111_113_115_116_117_118_119_120_121_123_124_125_127_128_129_131_132_135_136_137_139_140_141_144_145_146_148_149_150_151_152_154_156_157_158_160_161_162_166_167_168_171_172_173_175_176_178_180_181_182_184_185_189_190_191_195_196_197_198_199_200_202_203_204_205_206_211_212_213_214_218_219_220_224_226_227_228_230_231_233_235_237_238_241_243_244_246_248_249_250_251_252_253_255_256_258_259_260_261_264_265_266_267_268_270_271_272_274_275_276_277_279_281_282_284_286_287_289_291_293_295_298  1.51e+09  1.19e+09 -115724.80 173850.50  14860.28    660.31     85.93    123.65    792.11  -4564.97      0.00 0
103014 5626.0    91_102_110_116_117_128_129_136_140_141_148_157_158_167_168_173_181_182_190_191_197_199_200_206_212_214_220_224_227_231_235_238_241_243_244_253_255_256_258_259_264_268_271_272_274_279  4.37e+09  3.65e+09 -47737.46  26843.82  12251.98    737.88     77.39    150.65   6393.08  -8817.32      0.00 0
103015 5626.0    3_4_9_10_12_17_18_21_22_25_26_29_30_33_34_38_41_42_45_46_49_50_53_54_59_60_63_64_67_68_71_72_75_76_79_80_83_84_86_89_90_95_96_99_100_103_104_107_108_111_112_114_117_121_122_125_126_129_130_133_134_137_138_141_142_143_146_147_152_153_154_155_158_159_162_163_164_165_168_169_170_173_174_176_177_178_179_182_185_186_187_188_191_192_193_194_197_199_200_202_203_206_207_208_209_210_212_214_215_216_218_220_221_222_224_227_228_229_231_232_233_235_236_238_239_240_241_243_244_245_246_247_248_250_251_253_255_256_258_259_261_262_264_265_267_268_270_271_272_274_275_277_279_281_282_284_287_289_291_293_295_298  2.69e+10  2.30e+10   4994.24 133652.17  14600.26    752.71     83.77     87.86   4142.75  -5414.79      0.00 0
103016 5626.0    0_1_2_3_4_5_6_7_8_9_11_13_15_16_17_19_20_21_23_24_28_29_31_32_33_35_37_40_41_44_45_47_48_51_52_53_55_57_58_59_61_62_63_66_67_69_70_73_74_78_79_81_82_83_85_88_89_91_93_94_97_98_102_103_105_106_107_110_111_113_116_117_119_120_121_123_124_128_129_131_132_135_136_137_140_141_144_145_148_150_151_152_157_158_161_162_167_168_172_173_175_181_182_184_185_190_191_196_197_198_199_200_205_206_211_212_213_214_217_218_219_220_224_226_227_230_231_233_235_237_238_241_243_244_246_249_250_251_253_255_256_258_259_260_261_264_267_268_270_271_272_274_277_279_281_284_289_291  7.24e+09  6.05e+09  96191.60 -91154.87  14981.81    697.63     83.55    316.54   1045.35  -5655.92      0.00 0
103017 5626.0    2_8_11_13_15_16_20_23_24_28_31_32_35_37_40_44_45_47_48_51_52_55_57_58_62_66_69_70_73_74_78_79_81_82_85_88_91_93_94_97_98_102_103_105_106_110_113_116_117_119_120_123_124_128_129_131_132_135_136_140_144_145_148_150_151_157_158_160_161_167_168_172_175_181_182_184_190_191_196_197_198_200_205_206_211_213_214_217_219_220_223_226_227_230_231_234_237_238_242_243_246_249_250_252_253_254_257_258_260_261_263_264_266_267_269_270_273_274_275_276_277_278_279_280_281_283_284_285_286_287_288_289_290_291_292_293_294_295_296_297_298  1.26e+09  9.94e+08 121443.88 -203401.06  14281.81    658.25     86.55    300.84  -1802.22  -8413.86      0.00 0
103018 5626.0    21_29_35_41_44_45_53_55_63_66_67_78_79_88_91_102_110_116_128_140_157_167_172  1.12e+09  9.16e+08  15174.69  16888.73   9801.66    620.32     66.65     48.06   -751.51  -3486.26      0.00 0
103019 5626.0    1_2_8_11_15_16_19_20_23_24_28_31_32_35_37_39_40_44_47_48_51_52_55_57_58_61_62_66_69_70_73_74_78_81_82_85_87_88_91_93_94_97_98_102_105_106_109_110_113_116_117_119_120_123_124_128_131_132_135_136_139_140_144_145_148_150_151_157_158_160_161_167_171_172_175_181_182_184_190_195_196_198_200_205_206_211_213_217_219_223_226_227_230_231_234_237_242_246_249_250_252_253_254_257_260_261_263_266_267_269_273_275_276_277_278_280_281_283_285_286_287_288_289_290_291_292_293_294_295_296_297_298  1.95e+10  1.66e+10 -36445.90 123992.33  14313.64    790.12     83.68    106.38  -1725.53  -9379.71      0.00 0
103020 5626.0    0_1_2_3_4_6_7_10_11_12_14_15_16_18_19_22_23_24_26_27_30_31_34_36_37_38_39_42_43_46_47_48_50_51_54_56_57_60_61_64_65_68_69_70_72_73_74_76_77_80_81_84_85_87_90_93_96_97_98_100_108_113_122_123_126_131_132_147_155  2.75e+10  2.37e+10 -34580.99  -6384.24  10777.98    712.71     72.96    190.46   -722.12   1111.28      0.00 0
103021 5626.0    90_96_104_108_112_122_126_130_134_138_142_147_153_155_163_165_177_179_188_194_210_216_222_240  1.26e+10  1.07e+10  28801.16  -8668.16  10116.29    727.21     71.41    343.25   4976.22   2363.75      0.00 0
103022 5626.0    0_1_2_3_4_5_6_7_8_9_10_11_12_13_14_15_16_17_18_19_20_21_22_23_24_25_26_27_28_29_30_31_32_33_34_35_36_37_38_39_40_41_42_43_44_45_46_47_48_49_50_51_52_53_54_55_56_57_58_59_60_61_62_63_64_65_66_67_68_69_70_71_72_73_74_75_76_77_78_79_80_81_82_83_84_85_86_87_88_89_90_91_92_94_95_96_98_99_100_101_102_103_104_106_107_108_110_111_112_114_116_117_118_120_122_124_126_128_129_130_134_136_138_140_142_145_147_148_151_153_155_157_158_159_161_163_167_169_172_174_175_177_181_184_186_190_192_196_198_205_211_213_217_219_223_230_234_237_242_252_254_257_263_269_273_278_283_285_292  5.13e+10  4.43e+10 -46728.39 -76523.34  13896.51    735.61     81.19    238.59  -1662.02  -3441.16      0.00 0
103023 5626.0    0_1_2_3_4_5_6_7_8_9_10_11_12_13_14_15_16_17_18_19_20_21_22_23_24_25_26_27_28_29_30_31_32_33_34_35_36_37_38_39_40_41_42_43_44_45_46_47_48_49_50_51_52_53_54_55_56_57_58_59_60_61_62_63_64_65_66_67_68_69_70_71_72_73_74_75_76_77_78_79_80_81_82_83_84_85_86_87_88_89_90_91_92_93_94_95_96_97_98_99_100_101_102_103_104_105_106_107_108_109_110_111_112_113_114_115_116_117_118_119_120_121_122_123_124_125_126_127_128_129_130_131_132_133_134_135_136_137_138_139_140_141_142_143_144_145_146_147_148_149_150_151_152_153_154_155_156_157_158_159_160_161_162_163_164_165_166_167_168_169_170_171_172_174_175_177_178_179_180_181_182_183_184_186_187_188_189_190_192_193_194_195_196_198_200_201_204_205_207_208_210_211_213_215_216_217_219_221_222_223_230_234_236_237_240_242_254_257_263_278  2.45e+10  2.06e+10 -227758.66 -164083.52  12501.45    713.08     87.45    215.77   2916.70   2690.26      0.00 0
103024 5626.0    58_62_66_74_82_88_94_98_102_106_110_116_120_124_128_136_140_148_157_167_181  2.51e+09  2.08e+09 -13812.88  20524.76   9840.19    659.20     68.31    123.94  -1920.83  -3252.19      0.00 0
103025 5626.0    0_1_2_3_4_5_6_7_8_9_10_11_12_13_14_15_16_17_18_19_20_21_22_23_24_25_26_27_28_29_30_31_32_33_34_35_36_37_38_39_40_41_43_44_45_47_48_49_51_52_53_55_56_57_58_59_61_62_63_65_66_67_69_70_71_73_74_75_77_78_79_81_82_83_85_87_88_89_91_93_94_95_97_98_101_102_103_105_106_107_109_110_111_113_116_117_119_121_123_124_129_131_132_135_137_139_141_144_146_150_152_158_160_162_168_171_173_176_185_191_197_199_203_212_218_220_224_233_235_241_244_251_255_256_259_268_271_272  1.45e+09  1.16e+09  61254.49 -57300.90  14488.23    626.72     80.20    316.91  -3611.84   1864.18      0.00 0
103026 5626.0    111_129_137_141_152_162_173_176_185_199_203_218_224_228_233_241_245_248_251_262_265  1.15e+10  9.75e+09 -25087.97   5049.51   9598.67    716.64     69.44    168.62   5277.40  -4812.93      0.00 0
103027 5626.0    141_146_152_162_168_173_176_178_185_187_191_193_197_199_200_202_203_206_209_212_214_215_218_220_221_224_226_227_228_229_231_232_233_235_236_238_239_241_243_244_245_246_247_248_249_250_251_253_255_256_258_259_260_261_262_264_265_266_267_268_269_270_271_272_274_275_276_277_279_280_281_282_283_284_286_287_288_289_290_291_292_293_294_295_296_297_298  4.90e+09  4.06e+09 -68529.34 -67602.71  14111.77    732.36     81.66    224.61   2757.32  -8691.42      0.00 0
103028 5626.0    206_214_220_226_227_230_231_235_237_238_242_243_244_246_249_250_252_253_254_255_256_257_258_259_260_261_263_264_266_267_268_269_270_271_272_273_274_275_276_277_278_279_280_281_282_283_284_285_286_287_288_289_290_291_292_293_294_295_296  8.71e+10  7.58e+10 -66422.25  -6746.93  12784.23    764.12     79.16    185.80   3618.58  -9229.53      0.00 0
103029 5626.0    255_264_271_274_279_284_291  6.17e+10  5.37e+10   9040.36  23924.62   9491.19    734.45     69.64     69.30   3739.06 -11240.52      0.00 0
103030 5626.0    0_1_2_3_4_5_6_7_8_9_10_11_12_13_14_15_16_17_18_19_20_21_22_23_24_25_26_27_28_29_30_31_32_33_34_35_36_37_38_39_40_41_42_43_45_46_47_48_49_50_51_52_53_54_56_57_58_59_60_61_63_64_65_68_69_70_71_72_73_74_75_76_77_80_81_82_83_84_85_86_87_90_92_93_94_95_96_97_98_99_100_101_104_105_108_109_112_113_114_115_118_119_122_123_124_125_126_127_130_131_132_133_134_135_138_139_142_143_144_147_150_153_154_155_160_163_164_165_166_170_171_177_179_186_187_188_193_194_208_210_215_216_221_222_236_239_240  1.91e+09  1.54e+09 -110251.54   6530.84  14814.97    679.47     82.36    176.61  -1154.10   1592.29      0.00 0
103031 5626.0    0_1_2_3_4_5_6_7_9_10_11_12_14_15_17_18_19_21_22_23_25_26_27_30_31_33_34_36_38_39_41_42_43_46_47_49_50_51_53_54_56_57_59_60_61_63_64_65_68_71_72_75_76_77_80_81_83_84_86_87_90_92_93_95_96_99_100_101_104_105_107_108_109_112_114_115_118_119_121_122_125_126_127_130_133_134_135_138_139_142_143_144_146_147_149_150_152_153_154_155_156_159_160_163_164_165_166_169_170_171_174_176_177_178_179_180_183_185_186_187_188_189_192_193_194_195_201_202_203_204_207_208_209_210_215_216_221_222_225_228_229_232_233_236_239_240_245_247_248_262_265_282  2.75e+09  2.23e+09 -166461.12 124121.49  14738.30    677.79     85.94    143.29   2249.82   3706.79      0.00 0
103032 5626.0    176_185_197_199_202_203_209_212_214_218_220_224_228_229_233_235_238_241_243_244_253_255_258_264_267_270  1.15e+09  9.22e+08 -18273.96 -25244.49  10834.31    636.70     70.83    234.10   4225.35  -6362.26      0.00 0
103033 5626.0    0_1_2_3_4_5_6_7_8_9_10_11_12_13_14_15_16_17_18_19_20_21_22_23_24_25_26_27_28_29_30_31_32_33_34_35_36_37_38_39_40_41_42_43_44_45_46_47_48_49_50_51_52_53_54_55_56_57_58_59_60_61_62_63_64_65_66_67_68_69_70_71_72_73_74_75_76_77_78_79_80_81_82_83_84_85_86_87_88_89_90_91_93_94_95_96_97_98_99_100_102_103_105_106_107_108_110_111_112_113_114_116_117_119_120_121_122_123_124_125_126_128_129_131_132_133_134_136_137_138_140_141_143_145_146_147_148_151_152_153_154_155_157_158_161_162_164_165_167_168_170_172_173_175_176_177_178_179_181_182_184_185_187_188_190_191_193_194_196_197_198_199_200_202_203_205_206_208_209_210_211_212_213_214_215_216_217_218_219_220_221_222_223_224_228_229_230_232_233_234_235_236_237_239_240_241_242_245_247_248_251_254_262_265  5.62e+09  4.60e+09 -224489.52 -36962.75  14313.85    681.33     86.40    189.35   2709.93  -1766.54      0.00 0
103034 5626.0    68_80_90_92_101_104_108_112_115_118_122_126_127_130_138_142_147_153_155_159_163_169_174_177_179_186_188_210_216_240  6.17e+09  5.17e+09 -38157.10   1492.53  10755.26    767.08     74.27    177.76   5229.89   3601.47      0.00 0
103035 5626.0    105_109_119_135_139_150_160  2.19e+10  1.88e+10  15841.68 -15022.68   8882.85    744.06     67.86    316.52  -4365.22   4481.84      0.00 0
103036 5626.0    38_49_50_59_60_71_72_75_76_83_84_86_95_96_99_100_107_108_111_112_114_121_122_125_126_133_134_137_138_141_142_143_146_147_152_153_154_155_162_163_164_165_168_169_170_173_174_176_177_178_179_185_186_187_188_191_193_194_197_199_202_203_208_209_210_212_214_215_216_218_220_221_222_224_228_229_231_232_233_235_236_238_239_240_241_243_244_245_247_248_251_253_255_256_258_259_262_264_265_267_268_270_271_272_274_279_281_282_284_289_291  3.98e+09  3.29e+09   2596.50 143030.53  14657.04    752.08     84.15     88.96   5651.40  -9163.98      0.00 0
103037 5626.0    16_20_23_24_28_32_37_40_44_47_48_52_55_57_58_62_66_69_70_73_74_78_82_85_88_91_93_94_97_98_102_106_110_113_116_117_119_120_123_124_128_131_132_136_140_144_145_148_150_151_157_158_161_167_172_175_181_182_184_190_191_196_198_200_205_206_211_213_214_217_219_223_226_227_230_231_234_237_238_242_246_249_250_252_253_254_257_258_260_261_263_266_267_269_270_273_274_275_276_277_278_280_281_283_284_285_286_287_288_289_290_291_292_293_294_295_296_297_298  1.12e+10  9.44e+09 -127160.00 225949.16  12998.13    740.89     87.13    119.37  -2030.26 -10599.41      0.00 0
103038 5626.0    249_252_257_260_261_263_266_267_269_270_273_275_276_277_278_280_281_283_284_285_286_287_288_289_290_291_292_293_294_295_296  2.14e+09  1.75e+09 -47583.71   7783.60  12164.74    679.89     75.84    170.71  -3169.14 -10223.76      0.00 0
103039 5626.0    0_1_2_3_4_5_6_7_8_9_10_11_12_13_14_15_16_17_18_19_20_21_22_23_24_25_26_27_28_29_30_31_32_33_34_35_36_37_38_39_40_41_42_43_44_45_46_47_48_49_50_51_52_53_54_55_56_57_58_59_60_61_62_63_64_65_66_67_68_69_70_71_72_73_74_75_76_77_78_79_80_81_82_83_84_85_86_87_88_89_90_91_92_93_94_95_96_97_98_99_100_101_102_103_104_105_106_107_108_109_110_111_112_113_115_116_117_118_119_120_122_123_124_126_127_128_129_130_131_132_135_136_138_139_140_141_142_144_145_148_149_150_151_153_156_157_158_159_160_161_163_166_167_168_169_171_172_174_175_180_181_182_183_184_186_189_190_191_192_195_196_198_200_201_204_205_206_207_211_213_214_217_219_223_225_226_227_230_231_234_237_242_246_249_250_252_254_257_260_261_263_266_269_273_275_276_277_278_280_283_285_286_287_288_290_292_293_294_296_297_298  1.41e+10  1.18e+10 -45646.65 -177781.92  14735.72    721.04     85.41    255.60  -3958.17 -11263.72      0.00 0
103040 5626.0    2_5_8_13_16_20_28_32_35_40_44_52_55_58_62_66_78_82_88_102_106_110_120_128_136_140_151_161_167_172_184_196_198_211_217_219_223_234_242_254_263  7.94e+10  6.95e+10  20909.89  28454.95  10345.90    788.78     73.67     53.69  -3695.67  -5550.66      0.00 0
103041 5626.0    19_31_39_43_47_51_56_57_61_65_69_73_77_81_87_92_93_97_101_104_105_109_115_118_127_130_149_156_159_169_180_183_192_207  1.45e+09  1.18e+09  18007.29  23223.23  10620.46    636.28     70.13     52.21   -703.29   3640.70      0.00 0
103042 5626.0    7_14_15_19_22_23_27_30_31_36_39_42_43_46_47_51_54_56_57_61_64_65_68_69_73_77_80_81_84_85_87_90_92_93_96_97_101_104_105_108_109_112_113_115_118_119_122_123_127_130_131_135_138_139_142_144_147_149_150_153_156_159_160_163_166_169_171_174_177_179_180_183_186_189_192_195_201_204_207_225  9.12e+09  7.68e+09 -169338.67 -53717.39  14824.39    716.51     85.23    197.60  -2640.72   4862.09      0.00 0
103043 5626.0    89_95_103_107_111_129_137_141_158_162_168_173_182_191_197_206_214_220_227_231_238_250_253  4.07e+09  3.46e+09   4502.60  23625.88   9290.19    731.73     68.88     79.21   1987.81  -5266.30      0.00 0
103044 5626.0    75_95_99_125_133_154_164_187_193_215_221_239  1.00e+10  8.59e+09 -19065.00    302.83   8385.89    750.92     66.26    179.09   5077.50  -1250.18      0.00 0
103045 5626.0    137_141_146_152_154_158_162_168_173_176_178_182_185_187_191_193_197_199_200_202_203_206_208_209_212_214_215_218_220_221_224_226_227_228_229_230_231_232_233_235_236_238_239_241_243_244_245_246_247_248_249_250_251_252_253_255_256_258_259_260_261_262_264_265_266_267_268_269_270_271_272_273_274_275_276_277_279_280_281_282_283_284_285_286_287_288_289_290_291_292_293_294_295_296_297_298  3.89e+09  3.18e+09 104579.51  99520.14  14944.10    712.31     84.09     43.58   2210.68  -9832.04      0.00 0
103046 5626.0    191_197_200_205_206_212_214_218_220_224_226_227_230_231_233_235_237_238_241_242_243_244_246_248_249_250_251_252_253_255_256_257_258_259_260_261_262_263_264_265_266_267_268_269_270_271_272_273_274_275_276_277_278_279_280_281_282_283_284_285_286_287_288_289_290_292  4.37e+09  3.62e+09 -63093.65 -16364.13  12918.05    730.04     78.79    194.54   4640.21  -7924.69      0.00 0
103047 5626.0    181_182_191_200_205_206_214_220_227_231_235_238_243_250_253_255_258_259_264_270_271_274_279  1.70e+09  1.40e+09  28335.91 -15034.77  10261.93    742.14     72.26    332.05   3761.09  -8512.68      0.00 0
103048 5626.0    129_137_141_146_148_152_154_158_162_168_173_176_178_181_182_185_187_191_193_197_199_200_202_203_205_206_209_212_213_214_215_218_220_221_224_226_227_228_229_230_231_232_233_235_236_237_238_239_241_242_243_244_245_246_247_248_249_250_251_252_253_255_256_257_258_259_260_261_262_263_264_265_266_267_268_269_270_271_272_273_274_275_276_277_278_279_280_281_282_283_284_285_286_287_288_289_290_291_292_293_294_295_296_297_298  1.05e+09  8.30e+08 -85930.28 -65130.13  15172.82    626.59     81.99    217.16  -1183.16 -10293.22      0.00 0
103049 5626.0    258_261_264_267_270_271_274_275_276_277_279_281_284_286_287_288_289_291_293_294_295  3.16e+10  2.76e+10  26060.23   8618.59   9472.69    782.32     70.96     18.30   2586.14 -10368.99      0.00 0
103050 5626.0    41_45_53_55_59_63_67_75_78_79_83_86_89_91_95_99_102_103_107_110_111_114_116_117_121_125_128_129_133_134_137_140_141_143_146_148_152_154_157_158_161_162_164_165_167_168_170_172_173_176_178_181_182_185_187_188_190_191_193_194_196_197_198_199_200_202_203_205_206_208_209_211_212_213_214_215_216_217_218_219_220_221_222_223_224_226_227_228_229_230_231_232_233_234_235_236_237_238_239_240_241_242_243_244_245_246_247_248_249_250_251_252_253_254_255_256_257_258_259_260_261_262_263_264_265_266_267_268_269_270_271_272_273_274_275_276_277_278_279_280_281_282_283_284_285_286_287_288_289_290_291_292_293_294_295_296_297_298  6.31e+09  5.23e+09 -189341.09 -120577.12  14162.08    708.98     86.39    212.49  -1393.02  -9141.41      0.00 0
103051 5626.0    115_127_139_149_156_160_166_171_195  9.12e+09  7.82e+09 -22005.69   1963.96   9142.25    706.64     67.52    174.90  -3095.04   4914.88      0.00 0
103052 5626.0    75_83_86_95_99_100_107_111_114_121_125_126_129_133_134_137_141_143_146_152_154_162_168_173_176_178_185_191_197_199_203_206_212_214_218_220_224_231_235_238_241_243_244_250_253_255_258_261_264_267_270_271_274_277_279_281_284_287_289_291_295_298  1.62e+09  1.31e+09  -7423.71 -59856.59  13205.99    648.65     77.65    262.93   2875.16  -9559.54      0.00 0
103053 5626.0    0_1_2_3_5_6_7_8_9_11_13_15_16_19_20_21_23_24_27_28_29_31_32_35_37_39_40_41_43_44_45_47_48_51_52_55_57_58_61_62_65_66_67_69_70_73_74_78_79_81_82_85_87_88_89_91_93_94_97_98_102_103_105_106_109_110_113_116_117_119_120_123_124_128_129_131_135_136_139_140_144_148_150_157_158_160_167_168_171_172_181_182_190_191_196_197_200_205_206_213_214_220_226_227_230_231_238_246_249_250_253_258_260_261_267_270_274_275_277_281_284_287_289_291_295  2.14e+10  1.83e+10  23460.17 -60265.45  12875.54    732.40     78.74    291.27   -496.17  -4424.21      0.00 0
103054 5626.0    89_91_103_107_111_116_117_128_129_148_157_158_167_172_181_190_196_211_213_219  9.33e+09  7.96e+09 -20940.11 -13309.51   9648.83    690.52     68.75    212.44   -360.63  -4821.56      0.00 0
103055 5626.0    0_1_2_3_4_5_6_7_8_9_10_11_12_13_14_15_16_17_18_19_20_21_22_23_24_25_26_27_28_29_30_31_32_33_34_35_36_37_38_39_40_41_42_43_44_45_46_47_48_49_50_51_52_53_54_55_56_57_58_59_60_61_62_63_64_65_66_67_68_69_70_71_72_73_74_75_76_77_78_79_80_81_82_83_84_85_86_87_88_89_90_91_92_93_94_95_96_97_98_99_100_101_102_103_104_105_106_107_108_109_110_111_112_114_115_116_117_118_119_120_121_122_124_125_126_127_128_129_130_133_134_135_136_137_138_139_140_141_142_143_146_147_148_149_151_152_153_154_155_156_157_158_159_161_162_163_164_165_166_167_168_169_170_171_172_173_174_176_177_178_179_180_181_182_183_184_185_186_187_188_189_190_191_192_193_194_195_196_197_198_199_200_201_202_203_204_205_206_207_208_209_210_211_212_213_214_216_218_219_220_223_224_225_226_227_230_231_233_234_235_237_238_241_242_243_244_246_249_250_252_253_254_255_257_258_259_260_261_263_264_266_267_269_270_271_273_274_275_276_277_278_279_280_281_283_284_285_286_287_288_289_290_291_292_293_294_295_296_297_298  5.75e+10  4.99e+10  32166.80 215748.12  13609.10    803.79     86.43     81.52   1421.77   -698.23      0.00 0
103056 5626.0    0_1_2_3_4_5_6_7_8_9_10_11_12_13_14_15_16_17_18_19_20_21_22_23_24_25_26_27_28_29_30_31_32_33_34_35_36_37_38_39_40_41_42_43_44_45_46_47_48_49_50_51_52_53_54_55_56_57_58_59_60_61_62_63_64_65_66_67_68_69_70_71_72_73_74_75_76_77_78_79_80_81_82_83_84_85_86_87_88_89_90_91_92_93_94_95_96_97_98_99_100_101_102_103_104_105_106_107_108_109_110_111_112_113_114_115_116_117_118_119_120_121_122_123_124_125_126_127_128_129_130_131_132_133_134_135_136_137_138_139_140_141_142_143_144_145_146_147_148_149_150_151_152_153_154_155_156_157_158_159_160_161_162_163_164_165_166_167_168_169_170_171_172_173_174_175_176_177_178_179_180_181_182_183_184_185_186_187_188_189_190_191_192_193_194_195_196_197_198_199_200_201_202_203_204_205_206_207_209_211_212_213_214_215_217_218_219_220_223_224_225_226_227_228_229_230_231_232_233_234_235_237_238_241_242_243_244_245_246_248_249_250_251_252_253_254_255_256_257_258_259_260_261_262_263_264_265_266_267_268_269_270_271_272_273_274_275_276_277_278_279_280_281_282_283_284_285_286_287_288_289_290_291_292_293_294_295_296_297_298  2.45e+09  1.99e+09 -76547.07 307929.12  11468.55    663.03     87.93    103.96  -3741.42   3639.01      0.00 0
103057 5626.0    0_1_2_3_4_5_6_7_8_9_10_11_12_13_14_15_16_17_18_19_20_21_22_23_24_25_26_27_28_29_30_31_32_33_34_35_36_37_38_39_40_41_42_43_44_45_46_47_48_49_50_51_52_53_54_55_56_57_58_59_60_61_62_63_64_65_66_67_68_69_70_71_72_73_74_75_76_77_78_79_80_81_82_83_84_85_87_88_89_90_91_92_93_94_97_98_101_102_103_104_105_106_108_109_110_111_112_115_116_117_118_119_120_127_128_129_130_135_136_139_140_148_149_156_157_158_159_160_166_167_168_169_171_172_180_181_182_183_189_190_191_192_195_196_200_201_204_205_206_207_213_214_219_225_226_227_230_231_237_246_249_250_252_253_260_261_266_267_269_275_276_277_280_286_287_288_289_290_293_294_295_296_297_298  4.57e+10  3.93e+10  -1955.61  85518.17  13594.20    761.11     80.97     91.31   -656.60   3082.47      0.00 0
103058 5626.0    120_124_132_136_140_145_151_161_167_172_175_184_196_198_211_213_217_219_223_230_234_237_242_249_252_254_257_263_266_269_273_276_278_280_283_285_288_290_292_294_296  4.57e+10  3.97e+10   8347.20 -36979.27  10755.94    762.35     74.16    282.72  -3158.14  -7342.45      0.00 0
103059 5626.0    12_17_18_21_22_25_26_33_34_38_41_49_50_53_54_59_60_63_64_67_71_72_75_76_83_84_86_89_90_95_96_99_100_103_107_108_111_112_114_121_122_125_126_129_130_133_134_137_138_141_142_143_146_147_152_153_154_155_162_163_165_168_169_173_174_177_179_185_186_191_197_199_212_214_220_238  3.02e+10  2.62e+10  -4634.57 -52655.79  12106.41    740.67     77.10    264.97   3393.80   2266.44      0.00 0
103060 5626.0    121_125_133_137_141_143_146_152_154_162_164_168_170_173_176_178_185_187_191_193_194_197_199_202_203_208_209_212_215_216_221_222_232_236_239_240  4.90e+10  4.26e+10 -25016.30 -27969.38  10745.85    757.65     74.02    228.19   6019.26  -1592.86      0.00 0
103061 5626.0    0_1_2_3_4_5_6_7_8_9_10_11_12_13_14_15_16_17_18_19_20_21_22_23_24_25_26_27_28_29_30_31_32_33_34_35_36_37_38_39_40_41_42_43_44_45_46_47_48_49_50_51_52_53_54_55_56_57_58_59_60_61_62_63_64_65_66_67_68_69_70_73_74_77_78_79_80_81_82_84_87_88_89_90_91_92_101_102_103_104_106_108_109_110_112_115_116_117_118_127_128_130_142_148_149_156_157_158_159_166_167_169_180_181_182_183_189_190_192_200_201_204_205_207_213_225_226_230_249  3.72e+10  3.21e+10   4650.14  56925.71  12181.92    773.80     77.96     85.33     55.58   3115.42      0.00 0
103062 5626.0    91_103_107_111_116_117_121_128_129_137_141_146_148_152_154_157_158_162_167_168_172_173_176_178_181_182_185_187_190_191_196_197_198_199_200_202_203_205_206_209_211_212_213_214_215_218_219_220_221_223_224_226_227_228_229_230_231_232_233_234_235_237_238_239_241_242_243_244_245_246_247_248_249_250_251_252_253_254_255_256_257_258_259_260_261_262_263_264_265_266_267_268_269_270_271_272_273_274_275_276_277_278_279_280_281_282_283_284_285_286_287_288_289_290_292_294_296  1.74e+09  1.40e+09 127553.29  48071.23  15434.28    642.98     83.54     20.65   5453.43  -5603.06      0.00 0
103063 5626.0    270_274_279_281_284_289_291  1.17e+09  9.48e+08  31492.47   4706.58  10573.99    687.13     71.63      8.50   6186.70 -10210.58      0.00 0
103064 5626.0    42_46_54_56_60_64_68_76_77_80_84_90_92_96_100_101_104_108_112_115_118_122_126_127_130_134_138_139_142_143_147_149_153_155_156_159_163_165_166_169_170_171_177_179_180_186_188_189_193_194_195_208_210_216_221_222_236_240  3.39e+09  2.79e+09 -42602.13  18905.36  11949.69    693.17     75.62    156.07   4615.23   2171.98      0.00 0
103065 5626.0    83_89_95_99_103_107_111_117_121_125_129_133_137_141_143_146_148_152_154_158_164_168_170  3.55e+10  3.09e+10 -16996.14 -16395.79   8857.67    798.63     69.44    223.97   3123.30  -2684.06      0.00 0
103066 5626.0    0_1_2_3_4_5_6_7_8_9_10_11_12_13_14_15_16_17_18_19_20_21_22_23_24_25_26_27_28_29_30_31_32_33_34_35_36_37_38_39_40_41_42_43_44_45_46_47_48_49_50_51_52_53_54_55_56_57_58_59_60_61_62_63_64_65_66_67_68_69_70_71_72_73_74_75_76_77_78_79_80_81_82_83_84_85_86_87_88_89_90_91_92_93_94_95_96_97_98_99_100_101_102_103_104_105_106_107_108_109_110_111_112_113_114_115_116_117_118_119_120_121_123_124_125_126_127_128_129_130_131_132_133_134_135_136_137_139_140_141_143_144_145_146_148_149_150_151_152_154_156_157_158_159_160_161_162_164_166_167_168_171_172_173_176_178_180_181_182_183_185_187_189_190_191_195_196_197_199_200_201_202_203_204_205_206_209_212_213_214_218_220_224_225_226_227_228_229_231_233_235_238_241_243_244_245_246_248_250_251_253_255_256_258_259_261_262_264_265_267_268_270_271_272_274_277_279_281_282_284_289_291  9.12e+10  7.94e+10 -98064.04 154643.50  14507.95    753.00     85.47    122.38   1967.92  -4079.48      0.00 0
103067 5626.0    141_162_168_173_191_197_206_212_214_220_231_238_250_253_258_267  1.51e+09  1.23e+09   7276.00  21885.22   9690.07    644.42     67.21     71.61   2402.38  -6820.19      0.00 0
103068 5626.0    129_141_162_168_173_197_199_212_220_224_235_241_243_244_255_256_259_271_272  8.91e+10  7.86e+10  16802.97 -17033.29   9112.69    759.71     69.15    314.61   4398.79  -6760.91      0.00 0
103069 5626.0    205_213_219_226_227_230_237_246_249_250_252_253_260_261_267_270_274_275_277_281_284_289_291  1.20e+09  9.86e+08  25664.00 -16438.06  10422.74    685.64     71.12    327.36   1119.14  -9431.91      0.00 0
103070 5626.0    0_1_2_3_4_5_6_7_8_9_10_11_12_13_14_15_16_17_18_19_20_21_22_23_24_25_26_27_28_29_30_31_32_33_34_35_36_37_38_39_40_41_42_43_44_45_46_47_48_49_50_51_52_53_54_55_56_57_58_59_60_61_62_63_64_65_66_67_68_69_70_71_72_73_74_75_76_77_78_79_80_81_82_83_84_85_86_87_88_89_90_91_92_93_94_95_96_97_98_99_100_101_102_103_104_105_106_107_108_109_110_111_112_113_114_115_116_117_118_119_120_121_122_123_124_125_126_127_128_129_130_131_132_133_134_135_136_137_138_139_141_142_143_144_145_146_147_148_149_150_151_152_153_154_155_156_158_159_160_162_164_165_166_168_170_171_173_176_177_178_179_185_187_188_189_193_194_195_197_199_202_203_208_209_210_212_215_216_218_221_222_224_228_229_232_233_235_236_239_240_241_244_245_247_248_251_256_262_265_268_272_282  2.45e+10  2.08e+10 -185862.30  77138.75  14459.95    727.27     85.89    157.46   1436.88   -359.66      0.00 0
103071 5626.0    0_1_2_3_4_5_6_7_8_9_10_11_12_13_14_15_16_17_18_19_20_21_22_23_24_25_26_27_28_29_30_31_32_33_34_35_36_37_38_39_40_41_42_43_44_45_46_47_48_49_50_51_52_53_54_55_56_57_58_59_60_61_62_63_64_65_66_67_68_69_70_71_72_73_74_75_76_77_78_79_80_81_82_83_84_85_86_87_88_89_90_92_93_94_95_96_97_98_99_100_101_104_105_106_107_108_109_112_113_114_115_118_119_120_121_122_123_124_125_126_127_130_131_132_133_134_135_138_139_142_143_144_145_146_147_149_150_153_154_155_156_159_160_163_164_165_166_169_170_171_174_177_178_179_180_183_186_187_188_189_192_193_194_195_201_204_207_208_209_210_215_216_221_222_225_232_236_239_240  2.04e+09  1.64e+09 -231447.97      0.00  14115.41    694.69     86.51    180.00   3160.13   2536.52      0.00 0
103072 5626.0    140_145_151_161_167_172_175_181_184_190_196_198_200_205_211_213_217_219_223_226_227_230_234_237_242_246_249_250_252_253_254_257_260_261_263_266_267_269_270_273_275_276_277_280_281_283_284_286_287_288_289_291_293_294_295_297_298  9.33e+10  8.15e+10  39241.70 -44214.53  12328.67    769.67     78.22    311.59    118.80 -10302.22      0.00 0
103073 5626.0    0_1_2_3_4_5_6_7_8_9_10_11_12_13_14_15_16_17_18_19_20_21_22_23_24_25_26_27_28_29_30_31_32_34_35_36_37_39_40_41_42_43_44_45_46_47_48_51_52_54_55_56_57_58_61_62_64_65_66_67_68_69_70_73_74_77_78_79_80_81_82_85_87_88_90_91_92_93_94_97_98_101_102_103_104_105_106_109_110_113_115_116_117_118_119_120_123_124_127_128_130_131_132_135_136_139_140_144_145_148_149_150_151_156_157_158_159_160_161_166_167_171_172_175_180_181_182_183_184_189_190_192_195_196_198_200_201_204_205_207_211_213_217_219_223_225_226_227_230_234_237_242_246_249_252_254_257_260_261_263_266_269_273_275_276_278_280_283_285_286_288_290_292_293_294_296_297  1.35e+10  1.14e+10  -5802.57 -100027.21  14188.56    736.08     81.94    266.68  -1875.49    317.66      0.00 0
103074 5626.0    9_13_17_21_25_28_29_33_35_38_40_41_44_45_49_53_55_59_62_63_66_67_71_75_78_79_83_86_88_89_91_95_99_102_103_106_107_110_114_116_128_133_136_140_151_161_167_172_184_198  4.37e+10  3.78e+10  27980.15  14677.46  10223.55    739.30     72.07     27.68    -75.75  -2616.54      0.00 0
103075 5626.0    0_1_2_3_4_5_6_7_8_9_10_11_13_14_15_16_19_20_23_24_27_28_29_31_32_35_36_37_39_40_43_44_45_47_48_51_52_55_56_57_58_61_62_65_66_69_70_73_74_77_78_79_81_82_85_87_88_91_92_93_94_97_101_102_105_106_109_110_115_116_117_119_127_128_135_139_148_156_157_160_166_167_171_181_189_190_195_200_204_205  1.55e+09  1.27e+09  -5736.35  43280.05  11788.16    680.94     74.89     97.55  -1433.70    496.70      0.00 0
103076 5626.0    3_5_8_9_12_13_17_20_21_25_26_28_29_33_35_38_40_41_44_45_49_50_52_53_55_59_62_63_66_67_78_79_83_88_89_91_102_103_106_110_116_117_128_136_140_157_161_167_172_190_196_198_211_213_219_223_234_237_242_254_263  3.24e+09  2.69e+09 -21954.66 -29050.33  11111.82    680.82     73.03    232.92  -1545.54  -4274.61      0.00 0
103077 5626.0    86_95_99_100_114_121_122_125_126_133_134_137_143_146_147_152_153_154_155_162_163_164_165_170_173_176_177_178_179_185_186_187_188_193_194_197_199_202_203_208_209_210_212_215_216_218_220_221_222_224_228_229_232_233_235_236_238_239_240_241_243_244_245_247_248_251_255_256_258_259_262_264_265_268_270_271_272_274_279_282_284_291  1.07e+10  9.11e+09  -1701.40 -79242.26  13434.37    750.01     80.38    268.77   5413.62  -7895.58      0.00 0
103078 5626.0    33_38_41_49_53_59_63_67_71_72_75_83_89_95_103_107_111_117_121_129_137_141_152_158_162_168_173_182_191_197_199_206_212_214_220_227_231_235_238_243_246_250_253_258_261_264_267_270_274_275_277_281_284_287_289_291_293_295_298  4.79e+10  4.15e+10   1393.90  45885.14  11326.66    785.07     76.14     88.26   2173.60  -8701.38      0.00 0
103079 5626.0    0_1_2_3_4_5_6_7_8_9_10_11_12_13_14_15_16_17_18_19_22_23_24_25_26_27_30_31_32_33_34_37_38_39_47_48_49_50_51_57_69_70_71_72_73_74_76_81_85_86_93_97_113_131  9.55e+09  8.17e+09  25230.16  -2038.84   9458.89    733.71     69.51    355.38  -1014.87    352.87      0.00 0
103080 5626.0    21_25_29_33_35_38_41_44_45_49_53_55_59_63_67_71_72_75_78_79_83_86_89_91_95_99_100_102_103_107_111_114_116_117_121_125_128_129_133_134_143_148_157_158_167_181_190_196_213_219  3.02e+09  2.50e+09 -23440.33 -23342.35  10710.20    687.83     72.06    224.88    968.62  -2955.38      0.00 0
103081 5626.0    38_49_50_59_60_71_72_75_76_83_84_86_95_96_99_100_107_108_111_112_114_121_122_125_126_133_134_137_138_141_142_143_146_147_152_153_154_155_162_163_164_165_168_169_170_173_174_176_177_178_179_185_186_187_188_193_194_197_199_202_203_208_209_210_212_214_215_216_218_220_221_222_224_228_229_232_233_235_236_238_239_240_241_243_244_245_247_248_251_253_255_256_258_259_262_264_265_268_270_271_272_274_279_281_282_284_291  9.33e+09  7.76e+09    365.37 -161029.80  14909.97    717.59     84.71    270.13   6264.81  -6318.32      0.00 0
103082 5626.0    31_37_47_51_57_61_65_69_70_73_74_81_85_87_93_94_97_98_101_105_109_113_119_123_124_127_131_132_135_145_175  1.95e+10  1.67e+10 -12081.94 -24158.66   9714.04    729.63     70.22    243.43  -3080.12    806.71      0.00 0
103083 5626.0    148_157_158_167_181_182_190_196_200_205_211_213_219_223_230_234_237_242_254_257_263_278  6.03e+10  5.28e+10 -29152.42 -16426.54  10268.64    767.59     72.94    209.40  -4063.02  -7752.64      0.00 0
103084 5626.0    62_74_82_85_88_94_98_102_106_110_113_116_120_124_128_131_132_136_140_145_148_151_157_158_161_167_172_175_181_182_184_190_191_196_198_200_205_206_211_213_214_217_219_223_226_227_230_231_234_237_238_242_246_249_250_252_253_254_257_258_260_261_263_266_267_269_270_273_274_275_276_277_280_281_283_284_286_287_288_289_290_291_293_294_295_296_297_298  1.48e+10  1.24e+10 -56172.12  77229.23  14255.07    708.49     81.51    126.03   -754.64  -8334.19      0.00 0
103085 5626.0    0_1_2_3_4_5_6_8_9_10_12_13_14_17_18_20_21_22_25_26_28_29_30_33_34_35_36_38_40_41_42_44_45_46_49_50_53_54_55_59_60_63_64_66_67_68_71_72_75_76_78_79_80_83_84_86_88_89_90_91_96_100_102_103_104_108_112_116_117_122_126_128_130_138_142_147_153_157_163_169_174_177_186  1.66e+09  1.35e+09 -23978.18 -44869.44  12467.75    664.83     76.23    241.88   3017.55   2912.39      0.00 0
103086 5626.0    181_200_205_226_227_230_246_249_252_260_266_275_276_280_286_288_290_294_296  1.51e+10  1.30e+10  -3839.52 -24602.91   9588.41    702.31     68.94    261.13   -961.86  -9473.75      0.00 0
103087 5626.0    0_1_2_3_4_5_6_7_8_9_10_11_12_13_14_15_16_17_18_19_20_21_22_23_24_25_26_27_28_29_30_31_32_33_34_35_36_37_38_39_40_41_42_43_44_45_46_47_48_49_50_51_52_53_54_55_56_57_58_59_60_61_62_63_64_65_66_67_68_69_70_71_72_73_74_75_76_77_78_79_80_81_82_83_84_85_86_87_88_89_90_91_92_94_95_96_98_99_100_101_102_103_104_106_107_108_110_111_112_114_116_117_118_120_121_122_124_125_126_128_129_130_133_134_136_137_138_140_141_142_143_145_146_147_148_151_152_153_154_155_157_158_159_161_162_163_164_165_167_168_169_170_172_173_174_175_176_177_178_179_181_182_184_185_186_187_188_190_191_192_193_194_196_197_198_199_200_202_203_205_206_208_209_210_211_212_213_214_215_216_217_218_219_220_221_222_223_224_226_227_228_229_230_231_232_233_234_235_236_237_238_239_240_241_242_243_244_246_249_250_252_253_254_255_257_258_260_261_263_264_266_267_269_270_273_274_275_276_277_278_280_281_283_284_285_286_287_288_289_290_291_292_293_294_295_296_297_298  7.41e+09  6.15e+09 -124272.42 -201292.78  13971.61    697.11     86.62    238.31   -704.15  -6464.03      0.00 0
103088 5626.0    18_22_26_34_38_50_54_60_72_76_84_96_100_108_122_126_134_147_153_155_177_179_188_210  4.68e+10  4.10e+10 -21757.84 -13395.98   9173.76    790.78     70.25    211.62   4647.53   2554.05      0.00 0
103089 5626.0    0_1_2_3_4_5_6_7_8_9_10_11_12_13_14_15_16_17_18_19_20_21_22_23_24_25_26_27_28_29_30_31_32_33_34_35_36_37_38_39_40_41_42_43_44_45_46_47_48_49_50_51_52_53_54_55_56_57_58_59_60_61_62_63_64_65_66_67_68_69_70_71_72_73_74_75_76_77_78_79_80_81_82_83_84_85_86_87_88_89_90_91_92_94_95_96_97_98_99_100_101_102_103_104_106_107_108_110_111_112_113_114_116_117_118_120_121_122_124_125_126_128_129_130_132_133_134_136_137_138_140_141_142_143_145_146_147_148_151_152_153_154_155_157_158_159_161_162_163_164_165_167_168_169_170_172_173_174_175_176_177_178_179_181_182_184_185_186_187_188_190_191_193_194_196_197_198_199_200_202_203_205_206_208_209_210_211_212_213_214_215_216_217_219_220_221_222_223_226_227_230_231_232_234_236_237_239_240_242_246_249_250_252_254_257_260_263_266_269_273_276_278_280_283_285_290_292  4.07e+10  3.48e+10 -147210.89 -143206.33  14289.23    741.28     86.02    224.21   2349.45   -431.95      0.00 0
103090 5626.0    0_1_2_5_6_7_8_11_13_14_15_16_19_20_23_24_27_28_31_32_35_37_39_40_43_44_47_48_51_52_55_57_58_61_62_65_66_69_70_73_74_77_78_81_82_85_87_88_91_93_94_97_101_102_105_106_109_110_116_119_127_128_135_139_157_160_166_171_195  5.13e+09  4.29e+09   6004.66 -34981.65  10858.16    705.39     72.99    279.74  -1701.77    654.67      0.00 0
103091 5626.0    146_152_176_185_199_203_218_224_233_241_244_256_259  2.82e+09  2.35e+09   2515.12 -19552.38   8884.42    684.84     65.74    277.33   4902.46  -5294.59      0.00 0
103092 5626.0    128_136_140_145_148_151_157_161_167_172_175_181_182_184_190_196_198_200_205_206_211_213_214_217_219_223_226_227_230_231_234_237_238_242_246_249_250_253_258_261_267_270_274  8.91e+10  7.76e+10  41193.21 -24741.59  11829.46    729.26     76.17    329.01  -3898.36  -5075.43      0.00 0
103093 5626.0    0_1_2_3_4_5_6_7_8_9_10_11_12_13_14_15_16_17_18_19_20_21_23_24_25_26_28_29_31_32_33_34_35_37_38_40_41_44_45_47_48_49_50_52_53_55_57_58_59_62_63_66_67_69_70_71_72_73_74_75_76_78_79_82_83_85_86_88_89_91_94_95_97_98_99_100_102_103_106_107_110_111_113_114_120_121_124_125_129_131_132_133_134_136_137_141_143_145_146_151_152_154_162_164_170_176_178_185_187_193_202_203_208_209_215_221_228_229_232_236_239_245_247  2.24e+09  1.83e+09  70718.59  -4684.73  13532.68    681.53     79.19    356.21   2743.62  -1675.83      0.00 0
103094 5626.0    255_256_258_259_264_267_268_270_271_272_274_277_279_281_282_284_287_289_291_293_295  1.45e+09  1.18e+09 -28247.26 -18838.58  11169.71    634.35     71.79    213.70   3923.38  -9743.47      0.00 0
103095 5626.0    246_250_261_267_270_277_281_284_289_291  8.91e+10  7.81e+10 -16168.80  16684.91   9095.93    744.48     68.62    134.10   2733.60 -11224.99      0.00 0
103096 5626.0    122_126_147_153_177_179_186  4.79e+09  4.05e+09  11398.03  15258.25   8804.27    679.01     65.19     53.24   5090.24   3891.68      0.00 0
103097 5626.0    3_5_9_12_13_17_21_25_29_33_41_45_53_59_63_67_79_83_89_103_107_111_129_137_141_162_168_173_197_199_212  6.61e+09  5.58e+09  10419.61 -22013.02   9519.91    700.68     68.65    295.33   2059.14  -3342.32      0.00 0
103098 5626.0    70_74_85_94_98_106_110_120_124_132_136_140_145_151_161_167_172_175_184_196_198_211_217_219_223_234_237_242_254_257_263_269_273_278_283_285_292  3.80e+10  3.30e+10   6347.52  43193.99  11217.57    772.17     75.59     81.64  -4349.32  -8187.13      0.00 0
103099 5626.0    69_70_73_74_85_93_94_97_98_113_119_123_131_144  3.98e+09  3.31e+09  -6007.20  17922.44   8718.12    688.82     65.24    108.53  -3652.21    614.99      0.00 0
