#event_number primary_type du_ids energy_primary em_energy Xmax_pos(x, y, z), Xmax_grams zenith azimuth shower_core_pos_x shower_core_pos_y shower_core_pos_z, N_tested_cores, units are degrees, GeV and meters
105000 5626.0    102_106_110_116_117_120_124_128_136_140_145_148_151_157_158_161_167_172_175_181_182_184_190_191_196_197_198_200_205_206_214_231_238  1.23e+08  9.40e+07  34110.96 -19932.83  12146.67    580.56     72.91    329.70  -2166.37  -4493.44      0.00 0
105001 5626.0    0_2_3_4_5_8_9_12_13_16_17_18_20_21_24_25_26_28_29_32_33_34_35_38_40_41_44_45_48_49_50_52_53_55_58_59_62_63_66_67_71_72_74_75_76_78_79_82_83_86_88_89_91_94_95_99_100_102_103_106_107_110_111_114_116_117_120_121_124_125_126_128_129_133_134_136_137_140_141_143_145_146_148_151_152_154_155_157_158_161_162_164_165_167_168_170_172_173_175_176_178_181_182_184_185_187_188_190_191_193_194_196_197_198_199_200_202_203_205_206_208_209_210_211_212_213_214_215_216_217_218_219_220_221_222_223_224_226_227_228_229_230_231_232_233_234_235_236_237_238_239_240_241_242_243_244_245_246_247_248_249_250_251_252_253_254_255_256_257_258_259_260_261_262_263_264_265_266_267_268_269_270_271_272_273_274_275_276_277_278_279_280_281_282_283_284_285_286_287_288_290_292_294_296  1.05e+08  7.63e+07 -235000.72 -97917.62  14500.92    581.30     86.74    202.62  -2331.19  -6714.67      0.00 0
105002 5626.0    0_1_2_3_4_5_6_7_8_9_10_11_12_13_14_15_16_17_18_19_20_21_22_23_24_25_26_27_28_29_30_31_32_33_34_36_37_38_39_41_42_43_46_47_48_49_50_51_52_53_54_56_57_58_59_60_61_64_65_68_69_70_71_72_73_74_75_76_77_80_81_83_84_85_86_87_90_92_93_95_96_97_98_99_100_101_104_105_108_109_112_113_114_115_118_119_122_123_125_126_127_130_131_132_133_134_135_138_139_142_143_144_147_149_150_153_154_155_156_159_160_163_164_165_166_169_170_171_174_177_179_180_183_186_187_188_189_192_193_194_195_201_204_207_208_210_215_216_221_222_225_236_239_240  2.75e+08  2.12e+08 -222769.56  14913.50  14320.72    692.13     86.33    176.17  -3048.83   3845.54      0.00 0
105003 5626.0    137_141_162_173_197_199_212_220_224_235_238_243_255_258_264_271_274_279_284  1.02e+08  7.74e+07   3060.15 -27896.99  10784.13    590.68     68.98    276.26   3637.19  -7466.10      0.00 0
105004 5626.0    0_1_2_6_7_8_10_11_14_15_16_19_20_22_23_24_27_30_31_32_36_37_39_42_43_46_47_48_51_52_56_57_58_61_62_64_65_68_69_70_73_74_77_80_81_82_85_87_90_92_93_94_97_98_101_104_105_106_109_112_113_115_118_119_120_123_124_127_130_131_132_135_136_138_139_142_144_145_149_150_151_156_159_160_161_163_166_169_171_174_175_180_183_184_189_192_195_201_204_207_217_225  1.66e+08  1.24e+08  81775.43 102328.37  16013.91    570.29     83.03     51.37  -2340.64   2808.09      0.00 0
105005 5626.0    95_107_111_121_125_137_146_152_154_164_176_178_187_193_209_215_221_239  1.05e+08  7.84e+07 -25901.14  -8953.89  11111.36    539.06     67.93    199.07   4928.27  -2199.48      0.00 0
105006 5626.0    71_75_86_95_96_99_100_107_114_121_122_125_126_133_134_137_138_141_143_146_147_152_153_154_155_162_163_164_165_170_173_174_176_177_178_179_185_186_187_188_193_194_197_199_202_203_208_209_210_212_215_216_218_220_221_222_224_228_229_232_233_235_236_238_239_240_241_243_244_245_247_248_251_255_256_258_259_262_264_265_268_270_271_272_274_279_282_284_291  5.25e+08  4.19e+08   -509.91 -121732.99  14688.33    722.11     83.12    269.76   6063.65 -10589.73      0.00 0
105007 5626.0    41_45_53_55_59_63_67_75_78_79_83_89_91_95_99_102_103_107_111_121_125_133_137_143_146_154_164_170_178_187_193_208_215_221  3.72e+08  2.90e+08 -30553.26 -10855.50  11189.95    607.95     70.96    199.56   3446.37  -1886.07      0.00 0
105008 5626.0    59_71_75_83_86_89_95_99_100_107_111_114_121_125_126_129_133_134_137_141_143_146_147_152_154_155_158_162_164_165_168_170_173_179_188_191_194_210_216  2.69e+08  2.09e+08  19337.62  32477.81  11491.37    645.66     73.09     59.23   4322.06   -591.92      0.00 0
105009 5626.0    82_88_94_98_102_106_110_116_120_124_128_132_136_140_148_157_167_181_190_205  2.29e+08  1.81e+08 -13428.07  22216.10  10131.42    641.64     68.68    121.15  -2153.22  -3686.06      0.00 0
105010 5626.0    196_211_213_219_230_234_237_242_249_252_257_260_266_269_275_276_280_286_288_293  2.40e+08  1.88e+08 -12517.00  22114.71   9999.55    649.73     68.52    119.51  -1789.96  -8898.49      0.00 0
105011 5626.0    2_3_5_8_9_13_16_17_20_21_24_25_28_29_32_33_35_40_41_44_45_48_49_52_53_55_58_59_62_63_66_67_71_74_75_78_79_82_83_86_88_89_91_94_95_98_99_102_103_106_107_110_111_114_116_117_120_121_124_125_128_129_132_133_136_137_140_141_143_145_146_148_151_152_154_157_158_161_162_164_167_168_170_172_173_175_176_178_181_182_184_185_187_190_191_193_196_197_198_199_200_202_203_205_206_208_209_211_212_213_214_215_217_218_219_220_221_223_224_226_227_228_229_230_231_232_233_234_235_236_237_238_239_241_242_243_244_245_246_247_248_249_251_252_254_255_256_257_259_262_263_265_268_272_282  7.24e+08  5.68e+08 -146931.91 -11744.43  14972.41    709.64     84.20    184.57    153.06  -4419.40      0.00 0
105012 5626.0    35_40_44_45_52_55_58_62_66_67_74_78_79_82_88_89_91_94_98_102_103_106_110_111_116_117_120_124_128_129_132_136_137_140_141_145_148_151_152_157_158_161_162_167_168_172_173_175_181_182_184_185_190_191_196_197_198_199_200_203_205_206_211_212_213_214_217_218_219_220_223_224_226_227_228_230_231_233_234_235_237_238_241_242_243_244_246_248_249_250_251_252_253_254_255_256_257_258_259_260_261_262_263_264_265_266_267_268_269_270_271_272_273_274_275_276_277_278_279_280_281_282_283_284_285_286_287_288_289_290_291_292_293_294_295_296_298  2.88e+08  2.17e+08 208156.22 -76421.60  14922.41    624.24     86.15    339.84  -4352.04  -5704.55      0.00 0
105013 5626.0    3_4_9_10_12_14_17_18_21_22_25_26_29_30_33_34_36_38_41_42_46_49_50_53_54_56_59_60_63_64_67_68_71_72_75_76_80_83_84_86_89_90_92_95_96_99_100_103_104_107_108_111_112_114_115_118_121_122_125_126_129_130_133_134_137_138_141_142_143_146_147_149_152_153_154_155_156_159_162_163_164_165_168_169_170_173_174_176_177_178_179_180_183_185_186_187_188_192_193_194_197_199_201_202_203_204_207_208_209_210_212_214_215_216_218_220_221_222_224_225_228_229_232_233_235_236_238_239_240_241_243_244_245_247_248_251_255_256_258_259_262_264_265_268_270_271_272_274_279_282_284  4.07e+08  3.14e+08  47648.87 -196207.52  15217.15    631.56     85.69    283.65   6161.97  -3780.19      0.00 0
105014 5626.0    0_1_2_3_4_5_6_7_8_9_10_11_12_13_14_15_16_17_18_19_20_21_22_23_24_25_26_27_28_29_30_31_32_33_34_35_36_37_38_39_40_41_42_43_44_45_46_47_48_49_50_51_52_53_54_55_56_57_58_59_60_61_62_63_64_65_66_67_68_69_70_71_72_73_75_76_77_78_79_80_81_82_83_84_86_87_88_89_90_91_92_95_96_99_100_101_102_103_104_105_107_108_109_110_111_112_114_115_116_117_118_121_122_125_126_127_128_129_130_133_134_137_138_139_141_142_143_146_147_148_149_152_153_154_155_156_157_158_159_162_163_164_165_166_167_168_169_170_173_174_176_177_178_179_180_181_182_183_185_186_187_188_189_190_191_192_193_194_195_197_199_200_201_202_203_204_205_206_207_208_209_210_212_213_214_215_216_218_220_221_222_224_225_226_227_228_229_230_231_232_233_235_238_241_243_244_245_246_248_249_250_251_252_253_255_256_258_259_260_261_264_265_266_267_268_270_271_272_274_275_276_277_279_280_281_284_286_287_288_289_291_293_294_295_296_297_298  1.70e+08  1.27e+08   8214.00 -215779.80  15251.22    600.62     85.96    272.18   2672.87  -1616.88      0.00 0
105015 5626.0    23_31_37_39_47_48_51_57_61_65_69_70_73_74_81_85_87_93_94_97_98_101_105_109_113_115_119_120_123_124_127_131_132_135_139_144_145_149_150_151_156_160_166_171_175_180_183_184_189_195_198_201_204_207_217_223_225  3.72e+08  2.90e+08 -39669.99 -97500.09  14887.21    655.71     81.95    247.86  -3910.85   3426.16      0.00 0
105016 5626.0    0_1_2_3_4_5_6_7_8_9_10_11_12_13_14_15_16_17_18_19_20_21_22_23_24_25_26_27_28_29_30_31_32_33_34_35_36_37_38_39_40_41_42_43_44_45_46_47_48_49_50_51_52_53_54_55_56_58_59_60_61_62_63_64_65_66_67_68_71_72_74_75_76_77_78_79_80_82_83_84_86_88_89_90_91_92_95_96_99_100_101_102_103_104_106_107_108_110_111_112_114_115_116_117_118_121_122_125_126_128_129_130_133_134_136_137_138_140_141_142_143_146_147_148_149_152_153_154_155_157_158_159_161_162_163_164_165_167_168_169_170_172_173_174_176_177_178_179_181_182_183_185_186_187_188_190_191_192_193_194_196_197_199_200_202_203_205_206_207_208_209_210_211_212_213_214_215_216_218_219_220_221_222_224_226_227_228_229_230_231_233_234_235_236_237_238_240_241_242_243_244_246_249_250_252_253_254_255_257_258_259_260_261_263_264_266_267_269_270_271_273_274_275_276_277_278_279_280_281_283_284_285_286_287_288_289_290_291_292_293_294_295_296_297_298  2.00e+08  1.50e+08  60965.73 193830.33  15135.44    638.76     85.74     72.54     79.68  -9193.59      0.00 0
105017 5626.0    0_1_2_3_4_5_6_7_8_9_10_11_12_13_14_15_16_17_18_19_20_21_22_23_24_25_26_27_28_29_30_31_32_33_34_35_36_37_38_39_41_42_43_45_46_47_48_49_50_51_53_54_56_57_58_59_60_61_63_64_65_68_69_70_71_72_73_74_75_76_77_80_81_83_84_85_86_87_90_92_93_95_96_97_99_100_101_104_105_107_108_109_112_113_114_115_119_121_122_123_125_126_127_131_133_134_135_139_143_144_146_147_150_154_155_160_164_165_170_171_178_187_188_193_194_202_208_209_215_221_222_229_232_236_239_247  1.12e+08  8.25e+07  82254.15 -29889.31  14990.89    581.45     80.28    340.03  -1257.90   1726.11      0.00 0
105018 5626.0    19_27_39_43_56_61_65_77_87_92_101_109_115_127_149_156_180_189  6.17e+08  4.96e+08   -110.56 -19796.13   8921.81    681.15     65.74    269.68   -821.96   4088.65      0.00 0
105019 5626.0    0_1_2_3_4_5_6_7_8_9_10_11_12_13_14_15_16_17_18_19_20_21_22_23_24_25_26_27_28_29_30_31_32_33_34_35_36_37_38_39_40_41_42_43_44_45_46_47_48_49_50_51_52_53_54_55_56_57_58_59_60_61_62_63_64_65_66_67_68_69_70_71_72_73_74_75_76_77_78_79_80_81_82_83_84_85_86_87_88_89_90_91_92_93_94_95_96_97_98_99_100_101_102_103_104_105_106_107_108_109_110_111_112_113_114_115_116_117_118_119_120_121_122_123_124_125_126_127_128_129_130_131_132_133_134_135_136_137_138_139_140_141_142_143_144_145_147_148_149_150_151_153_154_155_156_157_158_159_160_161_163_164_165_166_167_169_170_171_172_174_175_177_179_180_181_182_183_184_186_188_189_190_192_194_195_196_198_201_204_205_207_210_211_213_216_217_219_222_223_225_230_234_237_240_242_252_254_257_263_273_278_285  3.98e+08  3.03e+08 -182529.67 -184644.45  14243.16    592.58     86.86    225.33  -3883.94  -2741.52      0.00 0
105020 5626.0    0_1_2_3_4_5_6_7_8_9_10_11_12_13_14_15_16_17_18_19_20_21_22_23_24_25_26_27_28_29_30_31_32_33_34_35_36_37_38_39_40_41_42_43_44_45_46_47_48_49_50_51_52_53_54_55_56_57_58_59_60_61_62_63_65_66_67_69_70_71_72_73_74_75_76_77_78_79_81_82_83_85_86_87_88_89_91_93_94_95_97_98_99_102_103_105_107_109_111_113_114_117_119_121_123_125_129_131_132_133_135_137_141_144_146_150_152_154_160_162_168_173_176_178_185_187_199_202_203_209_212_218_224_228_229_233_241_244_245_247_248_251_256_262_265_268_272_282  6.46e+08  5.07e+08  67131.41 -44991.48  14293.28    636.79     79.97    326.17   -210.93   -565.26      0.00 0
105021 5626.0    0_1_2_3_4_5_6_7_8_9_10_12_13_14_17_18_21_25_28_29_33_35_41_44_45_49_53_55_59_63_67_79_83_89_103_107_111_117_129_137_141_158_162_168_173_191_197_199_212_220_235_243  4.37e+08  3.47e+08  14299.09 -29059.59  10798.87    662.54     71.56    296.20   1762.02  -3241.31      0.00 0
105022 5626.0    3_5_8_9_13_17_20_21_25_28_29_32_33_35_40_41_44_45_52_53_55_58_62_66_67_78_79_82_88_91_94_102_106_110_120_128_136_140_151_161_172_175_184_198_211_217_223  7.08e+08  5.60e+08 -30066.48 -21756.51  11673.05    611.18     72.54    215.89  -3047.26  -3785.40      0.00 0
105023 5626.0    0_1_2_3_4_5_6_7_8_9_10_11_12_13_14_15_16_17_18_19_20_21_22_23_24_25_26_27_28_29_30_31_32_33_34_35_36_37_39_40_41_42_43_44_45_46_47_48_51_52_53_55_56_57_58_61_62_63_65_66_67_68_69_70_73_74_77_78_79_80_81_82_85_87_88_89_91_92_93_94_101_102_103_104_105_106_109_110_115_116_117_118_127_128_129_135_139_140_148_149_156_157_158_166_167_171_180_181_182_183_189_190_191_195_200_201_204_205_206_213_225_226_227_230_231_246_249_250_260_261_266_275_276_277_286_287  4.57e+08  3.59e+08  -5262.12  60267.46  13478.29    614.10     77.44     94.99   -742.08   -757.87      0.00 0
105024 5626.0    116_117_128_129_136_140_141_148_151_157_158_161_162_167_168_172_173_175_181_182_184_185_190_191_196_197_198_199_200_203_205_206_211_212_213_214_217_218_219_220_223_224_226_227_230_231_233_234_235_237_238_241_242_243_244_246_248_249_250_251_252_253_254_255_256_257_258_259_260_261_262_263_264_265_266_267_268_269_270_271_272_273_274_275_276_277_278_279_280_281_282_283_284_285_286_287_288_289_290_291_292_293_294_295_296_297_298  1.66e+08  1.20e+08 256255.94 -25080.96  14350.33    588.11     86.81    354.41  -3903.40  -8997.36      0.00 0
105025 5626.0    212_220_224_233_235_238_241_243_244_253_255_256_258_264  1.38e+08  1.04e+08 -18429.67 -15371.38  10454.81    559.91     66.46    219.83   3873.06  -7367.64      0.00 0
105026 5626.0    111_121_129_137_141_146_152_158_162_168_173_176_182_185_191_197  2.45e+08  1.89e+08 -17724.30 -15725.31   9960.31    619.29     67.20    221.58   2535.04  -4527.54      0.00 0
105027 5626.0    0_1_2_3_4_5_6_7_8_9_10_11_12_13_14_15_16_17_18_19_20_21_22_23_24_25_26_27_28_29_30_31_32_33_34_35_36_37_38_39_40_41_42_43_44_45_46_47_48_49_51_52_53_54_55_56_57_58_59_61_62_63_64_65_66_67_68_69_70_73_74_77_78_79_80_81_82_83_85_87_88_89_90_91_92_93_101_102_103_104_105_106_109_110_111_115_116_117_118_127_128_129_135_139_140_148_149_156_157_158_159_166_167_168_180_181_182_183_189_190_191_195_197_200_201_204_205_206_213_214_225_226_227_230_231_238_246_249_250_252_253_260_261_266_267_270_275_276_277_281_286_287_288_289_293_294_295_297_298  7.94e+08  6.37e+08  -5792.87  64399.98  13166.98    688.74     78.49     95.14   -222.44  -2867.85      0.00 0
105028 5626.0    141_152_162_168_173_176_178_182_185_191_197_199_200_202_203_205_206_209_212_214_215_218_220_224_226_227_228_229_230_231_232_233_235_238_239_241_243_244_245_246_247_248_249_250_251_252_253_255_256_257_258_259_260_261_262_264_265_266_267_268_269_270_271_272_273_274_275_276_277_278_279_280_281_282_283_284_285_286_287_288_289_290_291_292_293_294_295_296_297_298  1.10e+08  8.16e+07 -100761.84 -71501.89  15652.25    601.32     82.78    215.36   2414.45  -8900.06      0.00 0
105029 5626.0    0_1_2_3_4_5_6_7_8_9_10_11_12_13_14_15_16_17_18_19_20_21_22_23_24_25_26_27_28_29_30_31_32_33_34_35_36_37_38_39_40_41_42_43_44_45_46_47_48_49_50_51_52_53_54_55_56_57_58_59_60_61_62_63_64_65_66_67_68_69_70_71_72_73_74_76_77_78_79_80_81_82_83_84_85_87_88_89_90_91_92_93_94_96_97_98_101_102_103_104_105_106_108_109_110_112_113_115_116_117_118_120_122_124_127_128_130_132_136_138_140_142_145_148_149_151_153_156_157_159_161_163_167_169_172_174_175_180_181_183_184_186_190_192_196_198_201_204_205_207_211_213_217_219_223_225_230_234_237_242_252_254_257_263_269_273_278_283_285_292  5.89e+08  4.62e+08  42124.93  91083.19  14908.29    637.98     81.55     65.18   -940.34   -369.07      0.00 0
105030 5626.0    162_168_173_185_191_197_199_203_212_218_224_228_233_241_245_248_251_262_265  2.45e+08  1.90e+08 -28470.01  -3642.04  10891.41    587.49     69.22    187.29   5157.90  -5150.82      0.00 0
105031 5626.0    86_95_99_100_114_121_125_126_133_134_137_141_143_146_147_152_154_155_162_164_165_170_173_176_177_178_179_185_186_187_188_193_194_208_210_216_222  3.24e+08  2.51e+08 -16035.70 -45893.45  12400.67    650.46     75.69    250.74   5905.28   2531.51      0.00 0
105032 5626.0    161_167_172_184_190_196_198_200_205_211_213_219_223_226_227_230_234_237_242_246_249_250_252_257_260_261_266_267_269_275_276_277_280_281_286_287_289_291_293_295_298  6.31e+08  4.99e+08  25772.72 -33382.11  12093.04    619.54     74.00    307.67   -692.64  -9002.11      0.00 0
105033 5626.0    6_7_10_14_18_19_22_26_27_30_34_36_39_42_43_46_50_51_54_56_57_60_61_64_65_68_72_76_77_80_81_84_86_87_90_92_93_96_100_101_104_105_108_109_112_114_115_118_119_122_126_127_134_135_139_144_150_160_166_171  2.40e+08  1.84e+08 -47796.46  18347.34  12850.28    615.82     75.91    159.00  -3391.26   3804.47      0.00 0
105034 5626.0    55_62_66_67_78_79_88_89_91_102_103_106_107_110_111_116_117_120_121_128_129_136_137_140_141_145_146_148_151_152_157_158_161_162_167_168_172_173_175_176_178_181_182_184_185_190_191_196_197_198_199_200_202_203_205_206_209_211_212_213_214_217_218_219_220_223_224_226_227_228_229_230_231_232_233_234_235_237_238_241_242_243_244_245_247_248_251_254_255_256_259_262_265_268_272_282  2.51e+08  1.90e+08  97247.12   -288.54  14724.67    651.07     81.39    359.83  -3949.17  -5240.05      0.00 0
105035 5626.0    91_103_111_117_129_141_158_168_173_197_212  2.63e+08  2.08e+08  16729.71 -11640.45   9451.88    616.45     65.12    325.17   1556.97  -4502.53      0.00 0
105036 5626.0    91_103_107_111_116_117_121_128_129_137_140_141_146_148_152_157_158_162_167_168_172_173_176_178_181_182_185_190_191_196_197_198_199_200_202_203_205_206_209_211_212_213_214_215_217_218_219_220_223_224_226_227_228_229_230_231_232_233_234_235_237_239_241_242_244_245_247_248_251_254_262_265  1.70e+08  1.30e+08 -62019.91 -15797.15  13813.94    597.35     77.82    194.29   3691.07  -4785.27      0.00 0
105037 5626.0    0_2_3_4_5_8_9_12_13_16_17_18_20_21_25_26_28_29_33_34_35_38_40_41_44_45_49_50_52_53_55_59_60_62_63_66_67_71_72_75_76_83_86_95_96_99_100_114_126_133_134_143_147_155_164_165_170_179_188_194_208_210_216_222_236_240  2.00e+08  1.52e+08 -45452.38 -18901.38  13006.02    577.53     75.20    202.58   5737.89   1112.33      0.00 0
105038 5626.0    33_41_45_49_53_59_63_67_71_75_79_83_86_89_95_99_107_114_121_125_133_134_143_146_154_164_165_170_187_193_194_208_221_222_236_240  5.25e+08  4.16e+08  29610.57  14060.13  11095.13    626.42     71.30     25.40   4672.34   -762.69      0.00 0
105039 5626.0    0_3_4_6_7_10_12_14_18_22_27_30_34_36_39_42_43_46_54_56_64_65_68_77_80_90_92_101_104_115_118_127_130_149_156_159_180_183_189_192_201_204_207_225  1.51e+08  1.13e+08  -5284.67  37507.35  12088.36    567.97     72.30     98.02    -83.82   5037.81      0.00 0
105040 5626.0    0_1_2_3_4_5_6_7_8_9_10_11_12_13_14_15_16_17_18_19_20_21_22_23_24_25_26_27_28_29_30_31_32_33_34_35_36_37_38_39_40_41_44_45_47_48_49_50_51_52_53_54_55_57_58_59_60_62_63_66_67_69_70_71_72_73_74_75_76_78_79_81_82_83_85_86_88_89_91_93_94_95_97_98_99_100_102_103_106_107_110_111_113_114_116_117_120_121_123_124_125_128_129_131_132_133_134_136_137_140_141_143_145_146_148_151_152_154_157_158_161_162_164_165_167_168_170_172_173_175_176_178_181_182_184_185_187_190_191_193_194_196_197_198_199_200_202_203_205_206_208_209_211_212_213_214_215_217_218_219_220_221_222_223_224_226_227_228_229_230_231_232_233_234_235_236_237_238_239_241_242_243_244_245_246_247_248_249_250_251_252_253_254_255_256_257_258_259_260_261_262_263_264_265_266_267_268_269_270_271_272_273_274_275_276_277_278_279_280_281_282_283_284_285_291  4.90e+08  3.74e+08 -308304.75  32621.77  12180.94    618.37     87.75    173.96  -2997.34  -4293.57      0.00 0
105041 5626.0    3_4_9_12_17_18_21_25_26_33_38_41_49_53_59_63_67_71_75_83_89_95_107_111_121_137_141_152_162_173_199_212  7.24e+08  5.84e+08 -10485.17  24218.21  10321.09    623.03     68.64    113.41   2419.24  -2685.38      0.00 0
105042 5626.0    56_68_77_80_87_92_101_104_109_115_127_135_139_156_160_166_171  1.02e+08  7.77e+07 -23726.47  11124.39  10544.93    589.12     68.08    154.88  -1936.59   4194.06      0.00 0
105043 5626.0    255_259_264_268_271_272_282  5.75e+08  4.58e+08 -23698.51  -2628.90  10067.14    607.57     67.11    186.33   6427.53  -8225.27      0.00 0
105044 5626.0    0_3_4_5_6_9_12_17_18_21_25_26_29_33_38_41_49_53_59_63_71_75_83_89_95_99_107_121_125_137_146_152_154_176_178_185_202_203_228  2.69e+08  2.08e+08  25764.04 -18704.94  11249.43    591.08     70.54    324.02   3386.14  -2233.83      0.00 0
105045 5626.0    0_1_2_3_4_5_6_7_8_9_10_11_12_13_14_15_16_17_18_19_20_21_22_23_24_25_26_27_28_29_30_31_32_33_34_35_36_37_38_39_40_41_42_43_44_45_46_47_48_49_50_51_52_53_54_55_56_57_58_59_60_61_62_63_64_65_66_67_68_69_70_71_72_73_74_75_76_77_78_79_80_81_82_83_84_85_86_87_88_89_90_91_92_93_94_95_96_97_98_99_100_102_103_104_105_106_107_108_110_111_112_113_114_116_117_120_121_122_123_124_125_126_128_129_130_131_132_133_134_136_137_138_140_141_142_143_145_146_147_148_151_152_153_154_155_157_158_161_162_163_164_165_167_168_170_172_173_174_175_176_177_178_179_181_182_184_185_186_187_188_190_191_193_194_196_197_198_199_200_202_203_205_208_209_210_211_213_215_216_217_219_221_222_223_229_230_232_234_236_237_239_240_242_254_257_263_278  2.09e+08  1.56e+08 184388.14  93424.09  14961.87    652.52     85.86     26.87   4548.53    593.33      0.00 0
105046 5626.0    0_3_4_5_6_9_10_12_13_17_18_21_22_25_26_29_30_33_34_35_38_41_42_45_46_49_50_53_54_55_59_60_63_64_67_68_71_72_75_76_79_80_83_84_86_89_90_91_95_96_99_100_103_104_107_108_111_112_117_122_126_129_130_137_138_141_142_148_153_158_163_168_169_174_182_191_206  6.76e+08  5.42e+08   7612.03  42820.27  12102.17    634.03     74.45     79.92   1916.82    209.65      0.00 0
105047 5626.0    33_38_49_50_53_59_60_63_71_72_75_76_83_84_86_89_95_96_99_100_103_107_108_111_114_121_122_125_126_129_133_134_137_138_141_142_143_146_147_152_153_154_155_158_162_163_164_165_168_170_173_174_176_177_178_179_182_185_186_187_188_191_193_194_197_199_202_203_206_208_209_210_212_214_215_216_218_220_221_222_224_227_228_229_231_232_233_235_236_238_239_240_241_243_244_245_246_247_248_250_251_253_255_256_258_259_261_262_264_265_267_268_270_271_272_274_275_277_279_281_282_284_286_287_289_291_293_295_297_298  2.95e+08  2.24e+08  54246.24 291833.56  12700.46    619.72     87.55     79.47   6293.78  -8845.69      0.00 0
105048 5626.0    91_102_103_110_111_116_117_128_129_136_137_140_141_148_151_152_157_158_161_162_167_168_172_173_175_176_181_182_184_185_190_191_197_198_199_203_206_212_214_218_220_224_228_233_235_241_244_245_248_251_255_256_259_262_265_268_272_282  2.40e+08  1.88e+08 -53117.56   9490.38  13073.93    612.17     76.38    169.87   4284.82  -5571.07      0.00 0
105049 5626.0    0_1_2_3_4_5_6_7_8_9_10_11_12_13_14_15_16_17_18_19_20_21_22_23_24_25_26_27_28_29_30_31_32_33_34_35_36_37_38_39_40_41_42_43_44_45_46_47_48_49_50_51_52_53_54_55_56_57_58_59_60_61_62_63_64_65_66_67_68_69_70_71_72_73_74_75_76_77_78_79_80_81_82_83_84_85_86_87_88_89_90_91_92_93_94_95_96_97_98_99_100_101_102_103_104_105_106_107_108_109_110_111_112_113_114_115_116_117_119_120_121_122_123_124_125_126_127_128_129_131_132_133_134_135_136_137_139_141_143_144_145_146_150_152_154_155_158_160_162_164_165_166_168_170_171_173_176_178_185_187_193_194_197_199_202_203_208_209_212_215_218_221_222_224_228_229_232_233_235_236_239_241_244_245_247_248_251_256_262_265_268_272_282  7.59e+08  5.88e+08 -144317.25  66928.62  15429.89    650.91     84.46    155.12   4425.08  -2371.52      0.00 0
105050 5626.0    260_261_266_269_273_275_276_278_280_283_285_288_290_292  2.95e+08  2.31e+08  24438.43   1854.70  10096.75    617.07     67.61      4.34  -2703.64 -10159.85      0.00 0
105051 5626.0    122_138_147_153_155_163_165_170_174_177_179_186_188_193_194_208_210_215_216_221_222_232_236_239_240  1.78e+08  1.35e+08  29173.84 -43612.29  13247.83    577.36     75.83    303.78   6125.55   2472.36      0.00 0
105052 5626.0    227_231_238_250_253_258_264_267_270_274_279_284  1.91e+08  1.48e+08  19085.38  -8944.31   9797.17    585.23     65.07    334.89   2908.35  -9179.22      0.00 0
105053 5626.0    111_121_125_129_133_137_141_146_152_154_158_162_164_168_170_173_176_178_182_185_187_191_193_194_197_199_200_202_203_205_206_208_209_212_214_215_218_220_221_222_224_226_227_228_229_230_231_232_233_235_236_238_239_240_241_243_244_245_246_247_248_249_250_251_252_253_255_258_260_261_264_266_267_269_270_274_275_276_277_280_281_283_286_287_288_289_290_292_293_294_295_296_297  1.35e+08  1.02e+08 -47750.12 -54968.98  14245.66    599.63     78.93    229.02   2481.25  -6834.48      0.00 0
105054 5626.0    0_1_2_3_4_5_6_7_8_9_10_11_12_13_14_15_16_17_18_19_20_21_22_23_24_25_26_27_28_29_30_31_32_33_34_35_36_37_38_39_40_41_42_43_44_45_46_47_48_49_50_51_52_53_54_55_56_57_58_59_60_61_62_63_64_65_66_68_69_70_71_72_73_74_75_76_77_78_80_81_82_83_84_85_86_87_88_90_92_93_94_96_97_98_99_100_101_104_105_106_108_109_112_113_114_115_118_119_120_122_123_124_126_127_130_131_132_133_134_135_136_138_139_142_143_144_145_147_149_150_151_153_155_156_159_160_163_165_169_170_174_175_177_179_186_188_192_194_210_216_222_240  5.37e+08  4.17e+08 -122418.84 -46136.18  15414.59    639.74     83.28    200.65   -442.47   1361.20      0.00 0
105055 5626.0    74_85_94_97_98_106_113_120_124_131_132_136_140_151  2.88e+08  2.27e+08  -5313.51  19611.06   8805.08    714.94     66.57    105.16  -3489.91  -1553.42      0.00 0
105056 5626.0    0_1_2_3_4_5_6_7_8_9_10_11_12_13_14_15_16_17_18_19_20_21_22_23_24_25_26_27_28_29_30_31_32_33_34_35_36_37_38_39_40_41_42_43_44_45_46_47_48_49_50_51_52_53_54_55_56_57_58_59_60_61_62_63_64_65_66_67_68_69_70_71_72_73_74_75_76_77_78_79_80_81_82_83_84_85_86_87_88_89_91_93_94_95_96_97_98_99_100_101_102_103_105_106_107_109_110_111_113_114_116_117_119_120_121_123_124_125_128_129_131_132_133_134_135_136_137_139_140_141_143_144_145_146_148_150_151_152_154_157_158_160_161_162_164_167_168_170_172_173_175_176_178_181_182_184_185_187_190_191_193_196_197_198_199_200_202_203_205_206_209_211_212_213_214_215_217_218_220_221_224_226_227_228_229_231_232_233_235_238_239_241_243_244_245_247_248_250_251_253_255_256_258_259_262_264_265_268_271_272_274_279_282  1.32e+08  9.66e+07 189908.11 -98354.91  15330.14    596.28     85.90    332.62   1251.74  -3059.65      0.00 0
105057 5626.0    101_105_109_115_119_127_135_139_149_156_166_180_183_189_201_204_207  5.75e+08  4.63e+08  14690.92  17384.36   9381.19    684.68     67.60     49.80  -1513.05   4654.58      0.00 0
105058 5626.0    21_29_33_41_45_49_53_55_59_63_67_75_79_83_89_95_99_107_121_125_133_154_164  9.55e+08  7.85e+08  20103.75   6656.46   9269.66    662.84     66.36     18.32   2848.82  -1551.86      0.00 0
105059 5626.0    0_1_2_4_6_7_10_11_14_15_16_19_22_23_24_27_30_31_32_36_37_39_42_43_46_47_48_51_54_56_57_58_61_64_65_68_69_70_73_74_77_80_81_84_85_87_90_92_93_94_97_98_101_104_105_108_109_112_113_115_118_119_122_123_124_127_130_131_132_135_138_139_142_144_145_149_150_153_159_163_169_174_186_192  7.08e+08  5.60e+08 -60285.09 -34651.46  13843.85    630.48     78.74    209.89  -4220.32    490.52      0.00 0
105060 5626.0    0_1_2_3_4_5_6_7_8_9_10_11_12_13_14_15_16_17_18_19_21_22_23_25_26_27_29_30_31_33_34_35_36_38_39_41_42_43_45_46_49_50_51_53_54_56_59_60_61_63_64_65_67_68_71_72_75_76_77_79_80_81_83_84_86_87_89_90_92_95_99_101_103_104_105_107_109_111_115_118_121_125_127_135_137_139_141_149_152_156_162_166_171_173_180_185_189_195_199_224  1.07e+08  8.10e+07  25328.56 -43119.74  12793.49    611.77     75.65    300.43    440.56   1121.82      0.00 0
105061 5626.0    176_185_199_203_218_224_233_235_241_244_251_255_256_259_268_271_272_279  7.24e+08  5.75e+08  -7064.42  34142.77  11389.21    617.74     71.91    101.69   5719.46  -8165.52      0.00 0
105062 5626.0    10_18_22_26_30_34_36_38_42_43_46_50_54_56_60_64_68_71_72_75_76_77_80_84_86_90_92_96_99_100_101_104_108_109_112_114_115_118_122_125_126_127_130_133_134_138_139_142_143_146_147_149_153_154_155_156_159_163_164_165_166_169_170_171_174_178_179_180_183_187_188_189_192_193_194_195_201_202_204_207_208_209_215_221_225_229_232_239_245_247  5.01e+08  3.96e+08 -45420.84  45073.37  13543.04    631.82     78.05    135.22   1311.62   3567.66      0.00 0
105063 5626.0    173_185_191_197_199_202_203_206_212_214_218_220_224_226_227_228_229_231_232_233_235_238_241_243_244_245_246_247_248_249_250_251_253_255_256_258_259_260_261_262_264_265_266_267_268_269_270_271_272_274_275_276_277_279_280_281_283_284_286_287_288_289_290_291_292_293_294_295_296_297  2.29e+08  1.73e+08  48855.01  40358.96  13816.72    592.65     77.70     39.56   1823.22  -8779.49      0.00 0
105064 5626.0    0_1_2_3_4_5_6_7_8_9_10_11_12_13_14_15_16_17_18_19_21_22_23_24_25_26_27_28_29_30_31_33_34_35_36_37_38_39_41_42_43_45_46_47_49_50_51_53_54_56_57_59_60_61_63_64_65_67_68_71_72_73_75_76_77_79_80_81_83_84_86_87_89_90_92_93_95_96_99_100_101_104_105_107_108_109_111_112_114_115_118_119_121_122_125_126_127_130_133_134_135_137_138_139_141_142_143_144_146_147_149_150_152_153_154_155_156_159_160_162_163_164_165_166_169_170_171_174_176_177_178_179_180_183_185_186_187_188_189_192_193_194_195_199_201_202_203_204_207_208_209_210_215_216_218_221_222_224_225_228_229_232_233_236_239_240_241_244_245_247_248_251_256_262_265_268_272_282  4.68e+08  3.65e+08 143155.20 -144158.12  15061.93    647.47     85.76    314.80   3397.97   1556.42      0.00 0
105065 5626.0    0_1_2_3_4_5_6_7_8_9_10_11_12_13_14_15_16_17_18_19_20_21_22_23_24_25_26_27_28_29_30_31_32_33_34_35_36_37_38_39_40_41_42_43_46_47_48_49_50_51_52_53_54_56_57_58_59_60_61_64_65_68_69_70_71_72_73_74_75_76_77_80_81_82_84_85_86_87_90_92_93_94_96_97_98_99_100_101_104_105_108_109_112_113_114_119_122_123_124_126_131_132_133_134_135_138_143_144_147_150_153_155_163_164_165_170_177_179_186_188_193_194_208_210_216_221_222_236_240  2.09e+08  1.59e+08 -82975.66  -7755.85  14185.24    663.77     80.34    185.34   4132.52   1489.09      0.00 0
105066 5626.0    0_1_3_4_6_7_9_10_12_14_17_18_19_21_22_25_26_27_30_33_34_36_38_39_42_43_46_49_50_53_54_56_59_60_61_63_64_65_68_71_72_75_76_77_80_83_84_86_87_90_92_95_96_99_100_101_104_107_108_109_112_114_115_118_121_122_125_126_127_130_133_134_135_137_138_139_142_143_146_147_149_152_153_154_155_156_159_160_162_163_164_165_166_169_170_171_174_176_177_178_179_180_183_185_186_187_188_189_192_193_194_195_199_201_202_203_204_207_208_209_210_215_216_218_221_222_225_228_229_232_233_236_239_240_241_245_247_248_251_256_262_265_268_272_282  1.20e+08  8.87e+07 -85632.60 104065.55  15760.14    602.66     83.33    129.45   3803.43   1161.32      0.00 0
105067 5626.0    21_25_33_38_41_45_49_53_55_59_63_67_71_72_75_76_79_83_86_89_91_95_99_100_103_107_111_114_116_117_121_125_126_128_129_133_134_137_141_143_146_147_148_152_154_155_157_158_162_164_165_167_168_170_173_176_177_178_179_181_182_185_187_188_190_191_193_194_196_197_199_200_202_203_205_206_208_209_210_212_213_214_215_216_218_219_220_221_222_224_226_227_228_229_230_231_232_233_235_236_237_238_239_240_241_242_243_244_245_246_247_248_249_250_251_252_253_255_256_257_258_260_261_263_264_266_267_269_270_273_274_275_276_277_278_280_281_283_284_285_286_287_288_289_290_291_292_293_294_295_296_297_298  4.17e+08  3.26e+08 -79466.12 -104012.59  15376.63    644.52     83.30    232.62   2257.45  -5634.27      0.00 0
105068 5626.0    251_255_256_259_264_265_268_271_272_274_279_284  1.07e+08  8.17e+07  16415.23  26945.31  11346.87    574.28     70.22     58.65   5157.79  -9470.21      0.00 0
105069 5626.0    103_107_111_117_121_129_137_141_148_152_158_162_168_173_181_182_191_200_205_206_226  3.16e+08  2.49e+08  18121.19  20780.02  10600.27    606.52     68.97     48.91   1665.51  -4824.52      0.00 0
105070 5626.0    55_63_67_78_79_88_89_91_95_102_103_107_110_111_116_117_121_125_128_129_136_137_140_141_146_148_151_152_154_157_158_161_162_167_168_172_173_175_176_178_181_182_184_185_187_190_191_196_197_198_199_200_202_203_205_206_209_211_212_213_214_215_217_218_219_220_223_224_226_227_228_229_230_231_232_233_234_235_237_238_239_241_242_243_244_245_246_247_248_249_250_251_252_253_254_255_256_257_258_259_260_261_262_263_264_265_266_267_268_269_270_271_272_273_274_275_276_277_278_279_280_281_282_283_284_285_286_287_288_289_290_292  3.39e+08  2.60e+08 -172813.84 -32497.35  15662.61    614.38     84.91    190.65   1053.87  -6717.82      0.00 0
105071 5626.0    0_1_2_3_4_5_6_7_8_9_11_12_13_15_16_17_19_20_21_23_24_25_28_29_31_32_33_35_37_40_41_44_45_47_49_53_55_57_59_63_67_75_78_79_83_89_95_103_107_111_121_129_137_141_152_162_173_176_185_199_203_212_218_224_233_241  1.20e+08  9.13e+07  27629.51 -25486.85  11729.41    610.08     72.67    317.31   2129.44  -2818.77      0.00 0
105072 5626.0    58_69_70_74_82_85_88_93_94_97_98_106_110_113_119_120_123_124_128_131_132_136_140_144_145_150_151_157_161_167_172_175_181_184_190_196_198_205_211_213_217_219_223_226_230_234_237_242_246_249_252_254_257_260_261_263_266_269_273_275_276_280_283_285_286_287_288_290_292_293_294_296_297_298  1.51e+08  1.13e+08 -22066.00  66294.22  13872.68    628.90     78.77    108.41  -3764.76  -3729.38      0.00 0
105073 5626.0    75_83_89_95_99_107_111_121_125_129_137_141_152_158_162_168_173_182_191_197_199_206_212_214_220_227_231_238_243_246_250_253_258_261_267_270_275_277_281_287_289_291_293_295_298  5.01e+08  3.96e+08   9391.65  41640.15  12151.41    617.85     74.11     77.29   2037.36  -6828.42      0.00 0
105074 5626.0    0_3_4_5_8_9_10_12_13_17_18_21_22_25_26_28_29_33_34_35_38_40_41_42_44_45_49_50_53_54_55_59_60_63_64_66_67_71_72_75_76_78_79_83_84_86_88_89_91_95_96_99_100_102_103_107_108_110_111_114_116_117_121_122_125_126_128_129_134_137_138_140_141_147_148_153_157_158_163_167_168_172_177_181_182_186_190_191_196_197_200_205_206_213_214_219_226_227_230_231_237_242_246_249_250_252_257_260_261_263_266_269_273_275_276_278_280_283_285_286_288_290_292_294_296  4.27e+08  3.42e+08 -29940.10 -66588.66  13452.54    707.37     79.56    245.79  -1784.10  -9194.35      0.00 0
105075 5626.0    8_9_13_20_21_28_29_32_35_40_41_44_45_52_53_55_58_59_62_63_66_67_74_78_79_82_83_88_89_91_94_95_98_102_103_106_107_110_111_116_117_120_121_124_125_128_129_132_136_137_140_141_145_146_148_151_152_154_157_158_161_162_167_168_172_173_175_176_178_181_182_184_185_187_190_191_196_197_198_199_200_202_203_205_206_209_211_212_213_214_215_217_218_219_220_223_224_226_227_228_229_230_231_232_233_234_235_237_238_239_241_242_243_244_245_246_247_248_249_250_251_252_253_254_255_256_257_258_259_260_261_262_263_264_265_266_267_268_269_270_271_272_273_274_275_276_277_278_279_281_282_284  1.48e+08  1.09e+08 198729.92 -10867.18  15698.70    582.81     85.49    356.87  -4310.29  -5392.00      0.00 0
105076 5626.0    0_1_2_3_4_5_6_7_8_9_10_11_12_13_14_15_16_17_18_19_20_21_22_23_24_25_26_27_28_29_30_31_32_33_34_35_36_37_38_39_40_41_42_43_44_45_46_47_48_49_50_51_52_53_54_55_56_57_58_59_60_62_63_64_66_67_68_69_70_71_72_74_75_76_77_78_79_80_82_83_84_85_86_88_89_90_91_94_95_96_98_99_100_102_103_104_106_107_108_110_111_112_114_116_117_120_121_122_124_125_126_128_129_130_133_134_136_137_138_140_141_142_143_145_146_147_148_151_152_153_154_155_157_158_161_162_163_164_165_167_168_170_172_173_174_175_176_177_178_179_181_182_184_185_186_187_188_190_191_193_194_196_197_198_199_200_202_203_205_206_208_209_210_211_212_213_214_215_216_217_218_219_220_221_222_223_224_226_227_228_229_230_231_232_233_234_235_236_237_238_239_240_241_242_243_244_245_246_247_248_249_250_252_253_254_257_258_260_261_263_266_267_269_273_275_276_277_278_280_283_285_286_288_290_292_294_296  1.05e+08  7.54e+07 181264.36 161671.02  15110.95    552.19     86.44     41.73    750.17  -3517.43      0.00 0
105077 5626.0    0_1_2_3_4_5_6_7_8_9_10_11_12_13_14_15_16_17_18_20_21_22_24_25_26_28_29_30_32_33_34_35_36_38_40_41_42_44_45_46_49_50_52_53_54_55_58_59_60_62_63_64_66_67_68_71_72_75_76_78_79_80_82_83_84_86_88_89_90_91_95_96_99_100_102_103_104_106_107_108_110_111_112_114_116_117_121_122_125_126_128_129_133_134_136_137_138_140_142_143_147_148_153_155_157_158_161_163_165_167_170_172_174_177_179_181_182_186_188_190_194_196_198_205_210_211_213_216_219_223_230_234_237_242_254_257_263_273_278  5.50e+08  4.30e+08  59175.49  74634.12  14813.10    632.56     81.16     51.59   6304.98   5185.87      0.00 0
105078 5626.0    167_172_181_182_190_191_196_198_200_205_206_211_213_214_217_219_220_223_226_227_230_231_234_235_237_238_242_243_246_249_250_252_253_254_255_257_258_263  1.48e+08  1.12e+08 -44601.19   3996.24  12485.92    597.79     74.42    174.88  -2639.42  -7066.61      0.00 0
105079 5626.0    59_63_67_71_75_83_86_89_95_99_100_103_107_111_114_117_121_125_126_129_133_134_137_141_143_146_147_148_152_154_155_158_162_164_165_168_170_173_176_177_178_179_181_182_185_187_188_191_193_194_197_199_200_202_203_205_206_208_209_210_212_214_215_216_218_220_221_222_224_226_227_228_229_230_231_232_233_235_236_237_238_239_240_241_243_244_245_246_247_248_249_250_251_252_253_255_256_257_258_259_260_261_262_264_265_266_267_268_269_270_271_272_273_274_275_276_277_279_280_281_282_283_284_285_286_287_288_289_290_291_292_293_294_295_296_297_298  5.50e+08  4.22e+08 -106555.21 -169272.30  15179.86    639.23     85.66    237.81   1161.65 -11287.73      0.00 0
105080 5626.0    0_3_4_6_10_12_14_17_18_22_26_27_30_34_36_42_43_46_54_56_64_68_77_80_84_90_92_104_112_115_118_130_149_159_180_183_192_201_207  8.91e+08  7.14e+08  -1380.60  27732.43  10387.09    639.97     69.49     92.85    607.62   3586.42      0.00 0
105081 5626.0    162_168_173_185_191_197_199_200_206_212_214_220_224_226_227_231_235_238_243_246_249_250_253_260_261_266_267_275_276_280_286_288  1.86e+08  1.45e+08  23133.00  24292.04  11269.45    614.36     71.43     46.40   1482.64  -7735.98      0.00 0
105082 5626.0    129_141_148_158_168_181_182_191_200_205_206_213_226_227_230_249_252  2.34e+08  1.84e+08 -18871.43 -15992.81  10226.02    603.87     67.54    220.28    280.43  -6455.14      0.00 0
105083 5626.0    20_28_32_40_44_48_52_55_58_62_66_70_74_78_79_82_88_91_94_102_103_106_110_116_117_128_129_148_157_158_168_181_182_191_197_200_206_214_220_227_231_238_243_250_253_258_264_270_274_279_284  1.20e+08  9.06e+07 -22174.06  32023.42  11871.39    609.08     73.05    124.70    618.38  -5302.22      0.00 0
105084 5626.0    0_1_3_4_5_6_7_9_10_12_13_14_17_18_21_22_25_26_27_29_30_33_34_36_38_39_41_42_43_45_46_49_50_53_54_56_59_60_63_64_65_67_68_77_80_83_84_89_90_92_101_104_112_115_118_130_149_156_159_180_183_192_201_204_207_225  2.04e+08  1.58e+08  -5307.53  35855.88  11525.95    618.98     72.36     98.42    536.49   2890.07      0.00 0
105085 5626.0    95_99_107_111_121_125_129_133_137_141_143_146_152_154_158_162_164_165_168_170_173_176_178_185_187_191_197_199_206_212_214_220_224_227_231_235_238_250_253_261_267  1.00e+08  7.43e+07  17595.11  35789.50  12192.78    579.27     73.00     63.82   3274.27  -4567.61      0.00 0
105086 5626.0    0_1_2_3_4_5_6_8_9_10_11_12_13_16_17_18_20_21_22_24_25_26_28_29_32_33_34_35_38_40_41_44_45_48_49_50_52_53_54_55_58_59_60_62_63_66_67_71_72_74_75_76_78_79_82_83_84_86_88_89_91_94_95_96_98_99_100_102_103_106_107_110_111_114_116_117_120_121_122_124_125_126_128_129_133_134_136_137_140_141_143_145_146_147_148_151_152_154_155_157_158_161_162_164_165_167_168_170_172_173_175_176_178_179_181_182_184_185_187_188_190_191_193_194_196_197_198_199_200_202_203_205_206_208_209_210_211_212_213_214_215_216_217_218_219_221_222_223_226_227_228_229_230_232_234_236_237_239_240_242_247_249_252_254_257_263_269_273_278  6.31e+08  4.98e+08 128847.55  67789.98  15713.58    615.41     83.84     27.75  -2960.33  -5208.59      0.00 0
105087 5626.0    40_44_52_55_62_66_78_79_82_88_89_91_94_98_102_103_106_110_111_116_117_120_124_128_129_132_136_137_140_141_145_148_151_157_158_161_162_167_168_172_173_175_181_182_184_185_190_191_196_197_198_199_200_203_205_206_211_212_213_214_217_218_219_220_223_224_226_227_230_231_233_234_235_237_238_241_242_243_244_246_248_249_250_251_253_255_256_258_259_264_265_268_270_271_272_274_279_282  1.70e+08  1.25e+08 101936.48 -36538.68  15585.14    579.00     81.81    340.28  -3464.71  -4257.39      0.00 0
105089 5626.0    212_214_218_220_224_227_231_233_235_238_241_243_244_245_246_248_250_251_253_255_256_258_259_260_261_262_264_265_267_268_270_271_272_274_275_276_277  7.41e+08  6.00e+08 -32402.07 -17556.29  11323.27    656.13     72.92    208.45   3996.95  -7368.33      0.00 0
105090 5626.0    140_148_151_157_161_167_172_175_181_182_184_190_191_196_198_200_205_206_211_213_214_217_219_220_223_226_227_230_231_234_237_238_242_243_246_249_250_252_253_254_255_257_258_260_261_263_264_266_267_269_270_271_273_274_275_276_277_278_279_280_281_283_284_285_286_287_288_289_290_291_293_294_295_298  7.59e+08  6.02e+08 -95769.82  48502.77  15068.19    638.39     82.01    153.14   3334.32 -10598.97      0.00 0
105091 5626.0    129_141_162_168_173_197_199_212_218_220_224_235_241_243_244_255_256_259_264_271_272_279  9.33e+08  7.58e+08  24312.33 -28385.73  11198.61    682.38     73.32    310.58   5946.37  -8620.88      0.00 0
105092 5626.0    146_154_164_170_176_178_185_187_193_194_199_202_203_208_209_212_215_216_218_221_222_224_228_229_232_233_235_236_239_240_241_243_244_245_247_248_251_255_256_258_259_262_264_265_268_271_272_274_279_282_284  1.62e+08  1.27e+08  12922.66  55752.17  12844.92    672.55     77.35     76.95   5873.63  -6283.61      0.00 0
105093 5626.0    198_211_217_219_223_230_234_237_242_252_254_257  4.57e+08  3.65e+08 -20768.79  16173.89  10406.35    609.95     68.43    142.09  -4115.90  -6828.95      0.00 0
105094 5626.0    0_1_2_3_4_5_6_7_8_9_10_11_12_13_14_15_16_17_18_19_20_21_22_23_24_25_26_27_28_29_30_31_32_33_34_35_36_38_39_40_41_42_43_44_45_46_47_49_50_51_52_53_54_55_56_57_59_60_61_62_63_64_65_66_67_68_71_75_77_78_79_80_81_83_87_88_89_91_92_95_101_102_103_104_107_109_111_115_116_117_118_127_129_137_141_148_156_157_158_162_168_173_181_182_191_197_199_200_206_212_214_220_227_231_235_238_243_246_250_253_255_258_261_264_267_270_274_277_279_281_284_289_291  5.50e+08  4.40e+08 -15791.05  60320.54  13083.07    682.43     78.15    104.67   1828.10  -6065.04      0.00 0
105095 5626.0    0_1_2_3_4_5_6_7_8_9_10_11_12_13_14_15_16_17_18_19_20_21_22_23_24_25_26_27_28_29_30_31_32_33_34_35_36_37_38_39_40_41_42_43_44_45_46_47_48_49_50_51_52_53_54_55_56_57_58_59_60_61_62_63_64_65_66_67_68_69_70_71_72_73_74_75_76_77_78_79_80_81_82_83_84_85_86_87_88_89_90_91_92_94_95_96_98_99_100_101_102_103_104_106_107_108_110_111_112_114_115_116_117_118_120_121_122_124_125_126_128_129_130_133_134_136_137_138_140_141_142_143_145_146_147_148_149_151_152_153_154_155_156_157_158_159_161_162_163_164_165_167_168_169_170_172_173_174_175_177_179_180_181_182_183_184_186_188_190_191_192_194_196_197_198_200_201_205_206_207_210_211_213_214_216_217_219_223_226_227_230_231_234_237_242_246_249_250_252_254_257_260_261_263_266_269_273_275_276_278_280_283_285_286_288_290_292_294_296  2.88e+08  2.20e+08  75452.09 145375.53  15569.21    632.66     84.57     62.57   3069.41   3543.58      0.00 0
105096 5626.0    44_45_55_63_66_67_78_79_83_88_89_91_95_102_103_106_107_110_111_116_117_120_121_125_128_129_136_137_140_141_145_146_148_151_152_154_157_158_161_162_167_168_172_173_175_176_178_181_182_184_185_187_190_191_196_197_198_199_200_202_203_205_206_209_211_212_213_214_215_217_218_219_220_223_224_226_227_228_229_230_231_232_233_234_235_237_238_239_241_242_243_244_245_246_247_248_249_250_251_252_253_254_255_256_257_258_259_262_263_265_268_272_273_278_282  1.74e+08  1.34e+08 -117098.91 -16540.55  15401.45    622.03     82.58    188.04  -1824.80  -5774.62      0.00 0
105097 5626.0    94_97_98_106_113_120_123_124_131_132_136_140_144_145_151_161_167_172_175_184_196_198_211  2.69e+08  2.10e+08 -12404.00  32774.33  11257.84    638.55     72.19    110.73  -4385.18  -1444.52      0.00 0
105098 5626.0    220_226_227_231_235_238_243_244_246_249_250_252_253_255_256_257_258_259_260_261_263_264_265_266_267_268_269_270_271_272_273_274_275_276_277_278_279_280_281_282_283_284_285_286_287_288_289_290_291_292_293_294_295_296_297_298  1.45e+08  1.09e+08 -83065.27 -20310.58  14601.53    619.92     80.31    193.74    112.25 -10575.78      0.00 0
105099 5626.0    11_16_20_23_24_32_37_48_52_58_62_69_70_74_82_94_98_106_120_124_136_145_151_161_175_184_198_217_223  2.51e+08  1.95e+08  20316.70  27020.00  11370.42    604.70     71.41     53.06  -4200.82  -3655.00      0.00 0
