#event_number primary_type du_ids energy_primary em_energy Xmax_pos(x, y, z), Xmax_grams zenith azimuth shower_core_pos_x shower_core_pos_y shower_core_pos_z, N_tested_cores, units are degrees, GeV and meters
1600 14.0      0_1_2_3_4_5_6_7_8_9_10_11_12_14_15_16_17_18_19_21_22_23_24_25_26_27_30_31_33_34_36_37_38_39_42_43_46_47_49_50_51_53_54_57_59_60_61_69_71_72_73_75_76_81_84_86_93_95_97_99_100_114_125_133_134_143_154_164_170_187_193  1.91e+10  1.74e+10 -28952.21   6913.41   9528.23    826.40     72.25    166.57   1835.17    131.19      0.00 0
1601 14.0      0_1_2_3_4_5_6_7_8_9_10_11_12_13_14_15_16_17_18_19_20_21_22_23_24_25_26_27_28_29_30_31_32_33_34_35_36_37_38_39_40_41_42_43_44_45_46_47_48_49_50_51_52_53_54_55_56_58_59_60_62_63_64_66_67_68_69_70_71_72_74_75_76_78_79_80_82_83_84_86_88_89_90_91_94_95_96_98_99_100_102_103_104_106_107_108_110_112_114_116_120_122_124_126_128_133_134_136_138_140_142_143_145_147_151_153_155_161_163_165_167_172_174_175_177_179_184_186_188_194_196_198_210_211_216_217_223_234  1.02e+10  9.01e+09  58773.70  50911.38  12998.29    811.08     80.51     40.90   5252.41   3586.82      0.00 0
1602 14.0      162_173_176_185_191_197_199_200_202_203_206_209_212_214_218_220_224_226_227_228_229_230_231_232_233_235_238_239_241_243_244_245_246_247_248_249_250_251_252_253_255_256_258_259_260_261_262_264_265_266_267_268_269_270_271_272_273_274_275_276_277_279_280_281_282_283_284_285_286_287_288_289_290_291_292_293_294_295_296_297  8.71e+09  7.80e+09  54599.09  36592.32  12217.41    852.55     79.47     33.83   4220.29  -7123.95      0.00 0
1603 14.0      33_38_41_45_49_53_59_63_67_71_72_75_76_79_83_86_89_91_95_96_99_100_103_107_111_114_116_117_121_125_126_129_133_134_137_141_143_146_147_148_152_154_155_157_158_162_164_165_168_170_173_177_178_179_181_182_187_188_191_193_194_200_205_206_208_210_216_222_226_240  9.12e+09  8.35e+09 -32244.72 -44121.42  11985.19    780.40     77.63    233.84   5458.71   1154.84      0.00 0
1604 14.0      0_1_2_3_4_5_6_7_8_9_10_11_12_13_14_15_16_17_18_19_20_21_22_23_24_25_26_27_28_29_30_31_32_33_34_35_36_37_38_39_40_41_42_43_44_45_46_47_48_49_50_51_52_53_54_55_56_57_58_59_60_61_62_63_64_65_66_67_68_69_70_71_72_73_74_75_76_77_78_79_80_81_82_83_84_85_86_87_88_89_90_91_92_93_94_95_96_97_98_99_100_101_102_103_104_105_106_107_108_109_110_111_112_113_114_115_116_117_118_120_121_122_123_124_125_126_127_128_129_130_131_132_133_134_136_137_138_140_141_142_143_145_146_147_148_149_151_152_153_154_155_156_157_158_159_161_162_163_164_165_167_168_169_170_172_174_175_177_179_181_182_183_184_186_187_188_190_191_192_193_194_196_198_200_205_206_207_208_210_211_213_216_217_219_222_223_226_227_230_234_237_240_242_249_252_254_257_263_266_269_273_278_280_283_285_292  3.89e+10  3.46e+10 -121783.22 -136830.66  13612.40    890.78     85.75    228.33   -695.77  -1818.67      0.00 0
1605 14.0      0_1_2_3_4_5_6_7_8_9_10_11_12_13_14_15_16_17_18_20_21_22_24_25_26_27_28_29_30_32_33_34_35_36_38_40_41_42_44_45_46_49_50_52_53_54_55_58_59_60_62_63_64_66_67_68_71_72_75_76_78_79_80_82_83_84_86_88_89_90_91_95_96_99_100_102_103_104_106_107_108_110_111_112_114_116_117_121_122_125_126_128_129_133_134_136_137_138_140_141_142_143_147_148_153_155_157_158_161_163_165_167_168_172_174_177_179_181_182_186_188_190_191_196_198_200_205_206_210_211_213_219_223_226_227_230_234_237_242_246_249_252_254_257_260_263_266_269_273_276_278_280_283_285_288_290_292_296  7.76e+10  6.97e+10  44276.05  72054.19  13046.87    846.36     81.23     58.43  -1806.23  -6314.02      0.00 0
1606 14.0      1_2_5_7_8_11_13_15_16_19_20_23_24_28_31_32_35_37_39_40_44_45_47_48_51_52_55_57_58_61_62_65_66_69_70_73_74_78_79_81_82_85_87_88_91_93_94_97_98_102_105_106_109_110_113_116_117_119_120_123_124_128_131_132_135_136_139_140_144_145_148_150_151_157_158_160_161_166_167_171_172_175_181_182_184_190_191_195_196_198_200_205_206_211_213_214_217_219_223_226_227_230_231_234_237_242_246_249_250_252_253_254_257_260_261_263_266_267_269_270_273_275_276_277_278_280_281_283_285_286_287_288_289_290_291_292_293_294_295_296_297_298  4.57e+09  4.16e+09  31720.98 -104209.85  13490.83    880.03     82.94    286.93  -2441.81  -5030.65      0.00 0
1607 14.0      22_30_34_42_46_50_54_56_60_64_68_76_80_84_90_92_101_104_108_112_115_118_130_149_156_159_180_183_189_204  2.63e+09  2.31e+09  -9424.71  16225.82   7187.95    999.17     69.04    120.15    348.49   3929.46      0.00 0
1608 14.0      0_1_2_3_5_8_9_11_13_15_16_17_20_21_23_24_28_29_31_32_33_35_37_40_41_44_45_47_48_52_53_55_57_58_59_62_63_66_67_69_70_73_74_78_79_82_83_85_88_89_91_93_94_95_97_98_102_103_106_107_110_111_113_116_117_120_121_123_124_128_129_131_132_136_137_140_141_144_145_148_151_152_157_158_162_167_168_173_176_182_185_191_197_199_203_212_214_218_220_224_228_233_235_241_243_244_248_251_255_256_259_262_265_268_271_272_282  4.47e+09  4.02e+09 -62112.09  37364.99  12963.74    779.51     79.86    148.97  -1809.64  -1964.10      0.00 0
1609 14.0      147_155_177_179_188_210  4.17e+10  3.75e+10   6023.67  22293.79   8652.59    823.64     69.46     74.88   6261.99   5175.85      0.00 0
1610 14.0      1_6_7_10_11_14_15_19_22_23_24_27_30_31_36_37_39_42_43_46_47_48_51_54_56_57_61_64_65_68_69_70_73_74_77_80_81_84_85_87_90_92_93_97_98_101_104_105_108_109_112_113_115_118_119_123_124_127_130_131_132_135_138_139_142_144_145_149_150_153_156_159_160_163_166_169_171_174_180_183_186_189_192_195_201_204_207_225  5.89e+10  5.34e+10 -101156.55 -67565.11  13967.33    832.25     83.45    213.74  -3725.04   2612.37      0.00 0
1611 14.0      226_230_237_242_246_249_250_252_254_257_260_261_263_266_267_269_270_273_275_276_277_278_280_281_283_285  1.55e+09  1.37e+09  33928.17  -4635.52  10862.64    684.04     72.40    352.22  -2253.67  -9221.87      0.00 0
1612 14.0      0_2_3_5_8_9_12_13_16_17_20_21_25_26_28_29_33_35_40_41_44_45_52_53_55_62_66_67_78_79_82_88_91_102_106_110_116_128_136_140_151_157_161_167_172_184_190_196_198_211_213_217_219_223_234_237_242_254_263_278  2.69e+10  2.41e+10  28236.84  32243.33  10662.28    861.60     76.03     48.79  -4161.98  -6492.09      0.00 0
1613 14.0      0_1_2_3_4_5_6_7_8_9_10_11_12_13_14_15_16_17_18_19_20_21_22_23_24_25_26_27_28_29_30_31_32_33_34_35_36_37_38_39_40_41_42_43_44_45_46_47_48_49_50_51_52_53_54_55_56_57_58_60_61_62_64_65_66_67_68_69_70_71_72_73_74_76_77_78_79_80_81_82_84_85_88_90_91_92_94_96_98_102_104_106_108_110_112_116_118_120_122_124_128_130_136_138_140_142_145_151_153_161_163_167_169_172_174_175_184_186_196_198_211_217_219_223_234_242_254_263  9.77e+09  8.84e+09 -38649.66 -49274.03  12252.23    816.87     78.93    231.89  -3086.11  -3500.90      0.00 0
1614 14.0      110_116_117_128_136_140_145_148_151_157_158_161_167_168_172_173_175_181_182_184_190_191_196_197_198_200_205_206_211_212_213_214_217_219_220_223_224_226_227_230_231_234_235_237_238_241_242_243_244_246_249_250_252_253_254_255_256_257_258_259_260_261_263_264_266_267_268_269_270_271_272_273_274_275_276_277_278_279_280_281_283_284_285_286_287_288_289_290_291_292_293_294_295_296_297_298  1.17e+10  1.04e+10 -139183.20  52842.95  13313.09    978.29     84.89    159.21   2292.59  -9665.63      0.00 0
1615 14.0      116_117_128_129_140_148_151_157_158_161_167_168_172_173_175_181_182_184_190_191_196_197_198_199_200_205_206_211_212_213_214_217_218_219_220_223_224_226_227_230_231_233_234_235_237_238_241_242_243_244_246_249_250_251_252_253_254_255_256_257_258_259_260_261_263_264_265_266_267_268_269_270_271_272_273_274_275_276_277_278_279_280_281_282_283_284_285_286_287_288_289_290_291_292_293_294_295_296_297_298  1.20e+10  1.04e+10 -173115.12  27232.94  14561.65    755.49     85.25    171.06    -82.70  -8853.43      0.00 0
1616 14.0      0_1_2_3_4_5_6_7_8_9_10_11_13_14_15_16_19_20_21_23_24_27_28_29_31_32_35_36_37_39_40_41_43_44_45_47_48_51_52_55_56_57_58_61_62_65_66_67_69_70_73_74_77_78_79_81_82_85_87_88_89_91_93_94_97_98_101_102_103_105_106_109_110_113_115_116_117_119_120_123_124_127_128_129_131_132_135_136_139_140_144_145_148_150_151_156_157_158_160_161_166_167_168_171_172_175_181_182_184_189_190_191_195_196_197_198_200_205_206_211_213_214_217_219_223_226_227_230_231_234_237_238_242_246_249_250_252_253_254_257_258_260_261_263_266_267_269_270_273_275_276_277_278_280_281_283_284_285_286_287_288_289_290_291_292_293_294_295_296_297_298  7.41e+10  6.63e+10  32023.24 -119262.55  13502.21    916.80     83.76    285.03   -722.69  -9456.93      0.00 0
1617 14.0      2_5_8_9_11_13_16_20_21_23_24_28_29_32_35_37_40_41_44_45_47_48_52_53_55_58_62_63_66_67_69_70_73_74_78_79_82_83_85_88_89_91_94_97_98_102_103_106_107_110_111_113_116_117_120_121_123_124_128_129_131_132_136_137_140_141_145_148_151_152_157_158_161_162_167_168_172_173_175_176_181_182_184_185_190_191_196_197_198_199_200_203_205_206_211_212_213_214_217_218_219_220_223_224_226_227_228_230_231_233_234_235_237_238_241_242_243_244_245_246_248_249_250_251_252_253_254_255_256_257_258_259_260_261_262_263_264_265_266_267_268_269_270_271_272_273_274_275_276_277_279_280_281_282_284_286_287_289_291_295  1.51e+10  1.35e+10 169039.78 -93931.84  14099.48    794.20     85.83    330.94   4850.43  -8574.97      0.00 0
1618 14.0      191_197_200_205_206_212_213_214_220_224_226_227_230_231_235_237_238_241_242_243_244_246_249_250_251_252_253_255_256_257_258_259_260_261_264_265_267_268_270_271_272_274_279_282  2.45e+10  2.23e+10 -48240.61    715.72  11209.43    838.69     76.92    179.15   6430.78  -8073.51      0.00 0
1619 14.0      0_1_2_3_4_5_6_7_8_9_10_11_12_13_14_15_16_17_18_19_20_21_22_23_24_25_26_27_28_29_30_31_32_33_34_35_36_37_38_39_40_41_42_43_44_45_46_47_48_49_50_51_52_53_54_55_56_57_58_59_60_61_62_63_64_65_66_67_68_69_70_71_72_73_74_75_76_77_78_79_80_81_82_83_84_85_86_87_88_89_90_91_92_93_95_96_97_99_100_101_102_103_104_105_107_108_109_111_112_114_115_116_117_118_119_121_123_125_127_129_130_133_135_137_139_141_144_146_148_149_150_152_154_156_158_159_160_162_166_168_171_173_176_178_180_182_183_185_189_191_195_197_199_201_202_203_204_206_212_214_218_220_224_225_228_231_233_235_238_241_243_244_248_251_253_255_256_258_259_264_265_268_270_271_272_274_279_282  2.57e+10  2.28e+10 -46688.95  80965.51  12703.10    962.02     82.26    119.97    263.22    966.13      0.00 0
1620 14.0      0_1_2_3_4_5_6_7_8_9_10_11_12_13_14_15_16_17_18_19_20_21_22_23_24_25_26_27_28_29_30_31_32_33_34_35_36_37_38_39_41_42_43_45_46_47_49_50_51_53_54_56_57_59_60_61_63_65_67_69_71_72_73_75_76_77_81_83_86_87_89_93_95_99_105_107_111_119_121_123_125_133_135_137_144_146_150_152_154_176_178_185_202_203_228  1.17e+10  1.04e+10  31570.58 -22469.24  10695.38    787.00     74.57    324.56   1240.17   -607.65      0.00 0
1621 14.0      2_5_8_11_13_16_20_23_24_28_29_32_35_37_40_41_44_45_47_48_52_55_58_62_63_66_67_69_70_73_74_78_79_82_85_88_89_91_94_97_98_102_103_106_107_110_111_113_116_117_120_123_124_128_129_131_132_136_137_140_141_144_145_148_151_157_158_161_162_167_168_172_173_175_181_182_184_185_190_191_196_197_198_199_200_205_206_211_212_213_214_217_218_219_220_223_224_226_227_230_231_233_235_237_238_241_243_244_246_249_250_251_253_255_256_258_259_260_261_264_267_268_270_271_272_274_277_279_281_282_284_291  2.14e+10  1.90e+10 -77010.65  59929.57  12050.69   1126.50     82.96    142.11   2875.82  -7463.16      0.00 0
1622 14.0      172_184_190_196_198_205_211_213_217_219_223_226_230_234_237_242_246_249_252  6.03e+09  5.25e+09  26905.27 -14895.42  10194.51    727.63     71.66    331.03  -3956.91  -6128.05      0.00 0
1623 14.0      3_4_5_8_9_12_13_17_18_21_25_26_28_29_33_34_35_38_40_41_44_45_49_50_53_55_59_60_62_63_66_67_71_72_75_76_78_79_83_86_88_89_91_95_96_99_100_102_103_107_110_111_114_116_117_122_125_126_128_133_134_140_143_147_148_155_157_165_167_172_177_179_188_190_196_210_211  3.39e+09  2.91e+09 -30136.20 -30209.93  11585.51    698.68     74.81    225.07   2147.07   -889.41      0.00 0
1624 14.0      0_1_2_3_4_5_6_7_8_9_10_11_12_13_14_15_16_17_18_19_20_21_22_23_24_25_26_27_28_29_30_31_32_33_34_35_36_37_38_39_40_41_42_43_44_45_46_47_48_49_50_51_52_53_54_55_56_57_58_59_60_61_62_63_64_65_66_67_68_69_70_71_72_73_74_75_76_77_78_79_80_81_82_83_84_86_87_88_89_90_91_92_93_95_96_99_100_101_102_103_104_105_107_108_109_111_112_115_116_117_118_119_121_125_127_129_130_135_137_139_141_142_146_148_149_152_156_157_158_159_160_162_166_168_169_171_173_180_181_182_183_185_189_191_192_195_197_199_200_201_204_206_207_212_214_218_220_224_225_227_231_235_238_241_243_244_250_253_255_258_259_261_264_267_270_271_274_277_279_281_284_289_291  1.82e+09  1.55e+09 -25448.71  82059.40  13238.93    821.05     81.24    107.23    480.07    127.67      0.00 0
1625 14.0      0_1_2_3_4_5_8_9_11_12_13_15_16_17_20_21_23_24_25_28_29_31_32_33_35_37_40_41_44_45_47_48_49_52_53_55_57_58_59_62_63_66_67_69_70_73_74_75_78_79_82_83_85_88_89_91_93_94_95_97_98_102_103_106_107_110_111_113_116_117_120_121_123_124_125_128_129_131_132_136_137_140_141_144_145_146_148_151_152_157_158_161_162_167_168_172_173_175_176_178_181_182_184_185_190_191_196_197_198_199_200_202_203_205_206_212_214_217_218_220_224_227_228_229_231_233_235_238_241_243_244_245_248_251_255_256_258_259_262_264_265_268_271_272_279_282  7.59e+10  6.96e+10  97680.52 -46361.21  13582.59    861.22     82.84    334.61  -2876.48  -2206.65      0.00 0
1626 14.0      1_2_5_8_9_11_13_15_16_20_21_23_24_28_29_31_32_35_37_40_41_44_45_47_48_52_55_57_58_62_63_66_67_69_70_73_74_78_79_82_85_88_89_91_93_94_97_98_102_103_106_107_110_111_113_116_117_119_120_123_124_128_129_131_132_136_137_140_141_144_145_148_151_157_158_161_162_167_168_172_173_175_181_182_184_190_191_196_197_199_200_205_206_212_214_218_220_224_226_227_231_235_238_241_243_244_250_253_255_256_258_259_264_270_271_272_274_279_284  2.63e+10  2.34e+10 -58355.72  52414.77  12901.14    832.42     80.66    138.07  -2688.32  -1870.97      0.00 0
1627 14.0      0_1_2_3_4_5_6_7_8_9_10_11_12_13_14_15_16_17_18_19_21_22_23_24_25_26_27_28_29_30_31_33_34_35_36_38_39_41_43_45_46_47_49_50_51_53_56_57_59_61_63_65_67_71_75_77_79_81_83_87_89_95_105_107_111_121_137_141_146_152_162_176_185_199_218  2.40e+10  2.14e+10 -20615.85  23171.27   9898.10    784.58     72.30    131.66   1316.77  -1117.25      0.00 0
1628 14.0      0_1_2_3_4_5_6_7_8_9_10_11_12_13_14_15_16_17_18_19_20_21_22_23_24_25_26_27_28_29_30_31_32_33_34_35_36_37_38_39_40_41_42_43_44_45_46_47_48_49_50_51_52_53_54_55_56_58_59_60_62_63_64_66_67_68_70_71_72_74_75_76_77_78_79_80_82_83_84_86_88_89_90_91_92_94_95_96_99_100_102_103_104_106_107_108_110_111_112_114_116_117_120_121_122_125_126_128_129_130_133_134_136_137_138_140_141_142_143_146_147_148_151_152_153_154_155_157_158_161_162_163_164_165_167_168_169_170_172_173_174_176_177_178_179_181_182_184_185_186_187_188_190_191_193_194_196_197_198_199_200_205_206_208_210_211_212_213_214_216_217_219_220_221_222_223_226_227_230_231_234_236_237_238_240_242_246_249_250_252_253_254_257_260_261_263_266_269_273_275_276_278_280_283_285_286_288_290_292_294_296  1.00e+11  9.04e+10 -85102.79 -123179.45  14310.79    806.34     84.54    235.36   1193.81  -2354.57      0.00 0
1629 14.0      243_244_251_253_255_256_258_259_261_262_264_265_267_268_270_271_272_274_275_276_277_279_281_282_284_286_287_288_289_290_291_293_294_295_296_297_298  4.17e+10  3.70e+10 -105476.53 -56413.89  13670.74    878.21     83.48    208.14   5681.41 -10791.40      0.00 0
1630 14.0      99_100_114_121_122_125_126_133_134_143_146_147_152_153_154_155_162_163_164_165_170_176_177_178_179_185_186_187_188_193_194_199_202_203_208_209_210_212_215_216_218_221_222_224_228_229_232_233_235_236_239_240_241_244_245_247_248_251_255_256_259_264_265_268_271_272_279  9.12e+10  8.40e+10  -3526.57 -66844.44  12321.54    844.71     79.57    266.98   6110.89   3406.80      0.00 0
1631 14.0      0_1_2_3_4_5_6_7_8_9_10_11_12_13_14_15_16_17_18_19_20_21_22_23_24_25_26_27_30_31_32_33_34_36_37_38_39_42_43_46_47_48_49_50_51_54_56_57_58_59_60_61_64_65_68_69_70_71_72_73_74_75_76_77_80_81_84_85_86_87_90_93_96_97_98_99_100_105_108_113_114_119_123_126_131_132_133_134_143_144_155_165_170_194_208  3.16e+09  2.79e+09  42083.78  -2426.54  10057.97    976.19     76.58    356.70  -2403.04    968.40      0.00 0
1632 14.0      0_1_2_5_7_8_11_13_15_16_19_20_23_24_27_28_31_32_35_37_39_40_43_44_47_48_51_52_55_57_58_61_62_65_66_69_70_73_74_78_79_81_82_85_87_88_91_93_94_97_98_101_102_105_106_109_110_113_116_117_119_120_123_124_127_128_131_132_135_136_139_140_144_145_148_150_151_157_160_161_166_167_171_172_181_182_184_190_195_196_198_200_205_206_211_213_219_223_226_227_230_234_237_242_246_249_250_252_257_260_261_263_266_267_269_273_275_276_277_280_283_285_286_287_288_289_290_292_293_294_295_296_297_298  1.26e+09  1.13e+09  -7831.36  74510.48  13183.61    761.34     80.02     96.00  -1301.12 -10004.27      0.00 0
1633 14.0      13_20_21_28_29_35_40_41_44_45_52_53_55_58_59_62_63_66_67_78_79_82_83_88_89_91_94_95_102_103_106_107_110_111_116_117_120_121_124_125_128_129_136_137_140_141_145_146_148_151_152_154_157_158_161_162_167_168_172_173_175_176_178_184_185_187_197_199_202_203_209_212_215_218_224_228_229_232_233_239_241_245_247_248_251_262_265  4.90e+10  4.42e+10 -57041.98   4599.51  12059.64    795.68     78.10    175.39   2889.28  -3582.20      0.00 0
1634 14.0      152_162_173_176_178_185_197_199_202_203_209_212_215_218_224_228_229_232_233_239  1.07e+09  9.63e+08  17657.34  14586.67   8947.98    762.01     68.66     39.56   5589.63  -3931.44      0.00 0
1635 14.0      0_1_2_3_4_5_6_7_8_9_10_11_12_13_14_15_16_17_18_19_20_21_22_23_24_25_26_27_28_29_30_31_32_33_34_35_36_37_38_39_40_41_42_43_44_45_46_47_48_49_50_51_52_53_54_55_56_57_58_60_61_62_63_64_65_66_67_68_69_70_73_74_77_78_79_80_81_82_84_85_87_88_89_90_91_92_93_94_97_98_101_102_103_104_105_106_108_109_110_112_113_115_116_117_118_119_120_123_124_127_128_130_131_132_135_136_139_140_142_144_145_148_149_150_151_156_157_158_159_160_161_166_167_169_171_172_175_180_181_182_183_184_189_190_192_195_196_198_200_201_204_205_207_211_213_217_219_223_225_226_227_230_234_237_242_246_249_252_254_257_260_263_266_269_273_275_276_278_280_283_285_286_288_290_292_293_294_296_297  2.09e+10  1.84e+10 -27808.06 -158516.16  14165.07    826.94     84.97    260.05  -4125.66  -9494.36      0.00 0
1636 14.0      1_4_6_7_10_14_15_18_19_22_27_30_31_34_36_39_42_43_46_51_56_57_61_65_77_81_87_93_101_105_109_119_135_139_144_150_160_171  2.40e+10  2.21e+10  23133.87 -15615.75   9338.91    818.73     71.50    325.98  -2822.30   3184.14      0.00 0
1637 14.0      0_1_2_3_4_5_6_7_8_9_10_11_12_13_14_15_16_17_18_19_20_21_22_23_24_25_26_27_28_29_30_31_32_33_34_35_36_37_38_39_40_41_42_43_44_45_46_47_48_49_50_51_52_53_54_55_56_57_58_59_60_61_62_63_64_65_66_67_68_69_70_71_72_73_74_75_76_77_78_79_80_81_82_83_84_85_86_87_88_89_90_91_93_94_95_96_97_98_99_100_102_103_105_106_107_108_110_111_113_114_116_117_119_120_121_122_123_124_125_126_128_129_131_132_133_134_136_137_140_141_143_144_145_146_147_148_151_152_154_155_157_158_161_162_164_165_167_168_170_172_173_175_176_178_179_184_185_187_188_193_194_199_202_203_208_209_210_215_216_218_221_222_228_229_232_233_236_239_240_245_247_248_262  5.13e+09  4.72e+09 141478.55  -9347.39  14227.21    816.53     84.27    356.22   -786.85  -1108.47      0.00 0
1638 14.0      0_1_2_3_4_5_6_7_8_9_10_11_12_13_14_15_16_17_18_19_20_21_22_25_26_27_28_29_30_33_34_35_36_38_39_41_42_43_44_45_46_49_50_53_54_55_56_59_60_63_64_65_67_68_71_75_77_78_79_80_83_84_89_90_91_92_101_103_104_111_112_115_117_118_129_130_149_156_158_159_180_183_201  1.10e+10  9.79e+09  -3147.43  34718.66  10147.87    816.65     73.77     95.18    549.46    827.75      0.00 0
1639 14.0      0_1_2_3_4_5_6_7_8_9_10_11_12_13_14_15_16_17_18_19_20_21_22_23_24_25_26_27_28_29_30_31_32_33_34_35_36_37_38_39_40_41_42_43_44_45_46_47_48_49_50_51_52_53_54_55_56_57_58_59_60_61_62_63_64_65_66_67_68_69_70_71_72_73_74_75_76_77_78_79_80_81_82_83_84_85_86_87_88_89_90_91_92_93_94_95_96_97_98_99_100_101_102_103_104_105_106_107_108_109_110_111_112_113_114_115_116_117_118_119_121_122_123_125_126_127_128_129_130_133_134_135_137_138_139_141_142_143_144_146_147_148_149_150_152_153_154_155_156_157_158_159_160_162_163_164_165_166_167_168_169_170_171_173_174_176_177_178_179_180_181_182_183_185_186_187_188_189_190_191_192_193_194_195_197_199_200_201_202_203_204_205_206_207_208_209_210_212_214_215_216_218_220_221_222_224_225_226_227_228_229_231_232_233_235_236_238_239_241_243_244_245_246_247_248_250_251_253_255_256_258_259_261_262_264_265_267_268_270_271_272_274_275_277_279_281_282_284_287_289_291_295  1.23e+10  1.14e+10 -88117.59 221767.62  13007.44    821.96     86.88    111.67   1652.95    860.77      0.00 0
1640 14.0      0_1_2_6_7_8_11_14_15_16_19_20_23_24_27_30_31_32_36_37_39_40_43_46_47_48_51_52_56_57_58_61_62_65_68_69_70_73_74_77_80_81_82_85_87_88_92_93_94_97_98_101_104_105_106_109_110_113_115_118_119_120_123_124_127_130_131_132_135_136_139_140_144_145_149_150_151_156_159_160_161_166_169_171_172_175_180_183_184_189_192_195_198_201_204_207_211_217_223_225_234_254_263_278  3.02e+10  2.73e+10 -73232.20 -164482.22  13822.34    861.47     85.61    246.00  -3418.90   4360.03      0.00 0
1641 14.0      0_1_2_3_4_5_6_7_8_9_10_11_12_13_14_15_16_17_18_19_20_21_22_23_24_25_26_27_28_29_30_31_32_33_34_35_36_37_38_39_40_41_42_43_44_45_46_47_48_49_50_51_52_53_54_55_56_57_58_59_60_61_62_63_64_65_66_67_68_69_70_71_72_73_74_75_76_77_78_79_80_81_82_83_84_85_86_87_88_89_90_91_92_93_94_95_96_97_98_99_100_101_102_103_104_105_106_107_108_109_110_111_112_113_114_115_116_117_118_119_120_121_122_123_124_125_126_127_128_129_130_131_132_135_136_137_138_139_140_141_142_144_145_148_149_150_151_152_156_157_158_159_160_161_162_163_166_167_168_169_171_172_173_174_175_180_181_182_183_184_189_190_191_192_195_196_197_198_199_200_201_204_205_206_207_211_212_213_214_217_219_220_223_225_226_227_230_231_234_235_237_238_242_243_246_249_250_252_253_254_255_257_258_260_261_263_264_266_267_269_270_273_274_275_276_277_278_279_280_281_283_284_285_286_287_288_289_290_291_292_293_294_295_296_297_298  1.20e+09  1.02e+09  11695.04 -218770.88  13745.16    781.19     86.41    273.06   -607.51 -11070.61      0.00 0
1642 14.0      246_249_250_260_261_266_269_275_276_280_283_285_286_288_290_292_296  7.76e+09  6.91e+09  21145.25  14391.89   8962.40    832.43     70.69     34.24  -2124.44 -10742.95      0.00 0
1643 14.0      0_1_2_3_4_5_6_7_8_9_10_11_12_13_14_15_16_17_18_19_20_21_22_23_24_25_26_27_28_29_30_31_32_33_34_35_36_37_38_39_40_41_42_43_44_45_46_47_48_49_50_51_52_53_55_56_57_58_59_61_62_63_65_66_67_69_70_71_72_73_74_75_77_78_79_81_82_83_85_87_88_89_91_93_94_95_97_98_99_101_102_103_105_107_109_111_113_116_117_119_121_123_125_129_131_135_137_139_141_144_146_150_152_158_160_162_168_171_173_176_185_191_197_199_203_212_218_220_224_233_235_241_243_244_248_251_255_256_259_265_268_271_272_282  2.29e+09  2.03e+09  49145.59 -49906.27  13209.31    723.00     79.32    314.56   -285.15   -765.69      0.00 0
1644 14.0      1_4_6_7_10_14_15_18_19_22_23_27_30_31_34_36_39_42_43_46_47_50_51_54_56_57_60_61_64_65_68_69_73_76_77_80_81_84_87_90_92_93_96_97_100_101_104_105_108_112_122_123_126_130_131_138_142_147_153_155_163_177_179_186_188_210  5.37e+10  4.90e+10  40324.61  10263.62  10799.90    815.18     75.45     14.28   3086.71   2871.92      0.00 0
1645 14.0      0_1_2_3_4_5_6_7_8_9_10_11_12_13_14_15_16_17_18_19_20_21_22_23_24_27_28_29_30_31_32_35_36_37_39_40_41_42_43_44_45_46_47_48_51_52_55_56_57_58_61_62_65_66_67_68_69_70_73_74_77_78_79_80_81_82_85_87_88_91_92_93_94_97_98_101_102_103_105_106_109_110_113_115_116_117_118_119_120_123_124_127_128_129_131_132_135_136_139_140_144_145_148_149_150_151_156_157_158_160_161_166_167_171_172_175_180_181_182_183_184_189_190_191_195_196_198_200_201_204_205_206_211_213_217_219_223_225_226_227_230_231_234_237_242_246_249_250_252_254_257_260_261_263_266_267_269_273_275_276_277_278_280_283_285_286_287_288_289_290_292_293_294_295_296_297_298  3.98e+09  3.41e+09  14176.65 -198259.66  14038.51    791.77     85.96    274.09  -3362.83  -7231.55      0.00 0
1646 14.0      20_28_35_40_44_55_62_66_78_88_91_102_110_116_128_140_148_157_167_181_190_196_200_205_213_219_226_230_237_249_252_257_260_266_269_276_280_283_288_290_296  5.37e+09  4.77e+09   4591.59  28924.79   9312.88    857.80     72.36     80.98  -1476.61  -6690.05      0.00 0
1647 14.0      102_106_110_116_117_128_148_157_158_181_182_191_200_206_214  2.45e+10  2.24e+10 -12649.41  13315.72   7917.32    816.90     66.68    133.53   -311.82  -5080.21      0.00 0
1648 14.0      0_1_2_3_4_5_6_7_8_9_10_11_12_13_14_15_16_17_18_19_20_21_22_23_24_25_26_27_28_29_30_31_32_33_34_35_36_37_38_39_40_41_42_43_44_45_46_47_48_49_50_51_52_53_54_55_56_57_58_59_60_61_63_64_65_66_67_68_69_70_71_72_73_74_75_76_77_78_79_80_81_83_84_85_86_87_89_90_92_93_95_96_97_99_100_101_103_104_105_107_108_109_111_112_113_114_115_118_119_121_122_123_125_126_127_129_130_131_133_134_135_137_138_139_141_142_143_144_146_147_149_150_152_153_154_155_156_159_160_162_163_164_165_166_169_170_171_173_174_176_177_178_179_180_183_185_186_187_188_189_192_193_194_195_199_201_202_203_204_207_208_209_210_212_215_216_218_221_222_224_225_228_229_232_233_236_239_240_241_244_245_247_248_251_256_262_265_268_272_282  8.32e+09  7.34e+09 -117705.45  96478.10  13234.83    993.10     85.03    140.66   4394.89   -813.11      0.00 0
1649 14.0      61_65_77_81_87_92_101_105_109_115_118_127_149_156_166_180_183_189_201_204_207  5.75e+09  5.45e+09   8044.67  18805.87   8288.99    813.99     67.94     66.84   -794.50   4784.17      0.00 0
1650 14.0      137_141_146_152_154_162_164_168_170_173_176_178_185_187_191_193_197_199_202_203_206_208_209_212_214_215_218_220_221_222_224_226_227_228_229_231_232_233_235_236_238_239_240_241_243_244_245_246_247_248_249_250_251_253_255_256_258_259_260_261_262_264_265_266_267_268_270_271_272_274_275_276_277_279_280_281_282_284_286_287_288_289_290_291_293_294_295_296_297_298  2.19e+09  1.90e+09  57406.26  78435.72  14353.10    701.19     81.60     53.80   1540.23 -10686.35      0.00 0
1651 14.0      0_1_2_3_4_5_6_7_8_9_10_11_12_13_14_15_16_17_18_19_20_21_22_23_24_25_26_27_28_29_30_31_32_33_34_35_37_38_40_41_44_45_47_48_49_50_52_53_54_55_57_58_59_60_62_63_66_67_69_70_71_72_73_74_75_76_78_79_82_83_84_85_86_88_89_91_94_95_96_97_98_99_100_102_103_106_107_110_111_113_114_120_121_124_125_126_131_132_133_134_136_137_143_145_146_151_152_154_155_164_165_170_175_176_178_187_188_193_194_202_208_209_215_216_221_222_229_232_236_239_240_247  9.77e+10  9.02e+10  70860.15   3676.41  12447.52    856.68     80.05      2.97   5774.01   -858.73      0.00 0
1652 14.0      0_1_2_3_4_5_6_7_8_9_10_11_12_13_14_15_16_17_18_19_20_21_22_23_24_25_26_27_28_29_30_31_32_33_34_35_36_37_38_39_40_41_42_43_44_45_46_47_48_49_50_51_52_53_54_55_56_57_58_59_60_61_62_63_64_65_66_67_68_69_70_71_72_73_74_75_76_77_78_79_80_81_82_83_84_85_86_87_88_89_90_91_92_93_94_96_97_98_100_101_102_104_105_106_108_109_110_112_113_115_116_118_119_120_122_123_124_126_127_128_130_131_132_134_135_136_138_139_140_142_144_145_147_149_150_151_153_155_156_157_159_160_161_163_166_167_169_171_172_174_175_177_179_180_183_184_186_189_192_195_196_198_201_204_207_211_217_219_223_225_234_242_254  1.48e+09  1.37e+09 -115401.02 -121310.13  13530.10    928.24     85.38    226.43  -3926.28  -1347.85      0.00 0
1653 14.0      0_1_2_3_4_5_6_7_8_9_10_11_12_13_14_15_16_17_18_19_20_21_22_23_24_25_26_27_28_29_30_31_32_33_34_35_36_37_38_39_40_41_42_43_44_45_46_47_48_49_50_51_52_53_54_55_56_57_58_59_60_61_62_63_64_65_66_67_68_69_70_71_72_73_74_75_76_77_78_79_80_81_82_83_84_85_86_87_88_89_90_91_92_93_95_96_99_100_101_102_103_104_105_107_108_109_111_112_114_115_116_117_118_119_121_122_125_126_127_128_129_130_133_134_135_137_138_139_141_142_143_146_147_148_149_150_152_153_154_155_156_157_158_159_160_162_163_164_165_166_168_169_170_171_173_174_176_177_178_179_180_181_182_183_185_186_187_189_191_192_193_195_197_199_200_201_202_203_204_206_207_209_212_214_215_218_220_224_225_227_228_229_231_232_233_235_238_241_243_244_245_248_250_251_253_255_256_258_259_261_262_264_265_267_268_270_271_272_274_277_279_281_282_284_289_291  1.74e+09  1.48e+09  56870.74 -150982.00  14455.78    782.12     84.88    290.64   4396.11  -7196.18      0.00 0
1654 14.0      0_2_3_4_5_8_9_12_13_16_17_18_20_21_22_25_26_28_29_32_33_34_35_38_40_41_44_45_49_50_52_53_54_55_58_59_60_62_63_66_67_71_72_75_76_78_79_82_83_84_86_88_89_91_94_95_96_99_100_102_103_106_107_110_111_114_116_117_120_121_122_125_126_128_129_133_134_136_137_140_141_143_146_147_148_151_152_154_155_157_158_161_162_164_165_167_168_170_172_173_175_176_177_178_179_181_182_184_185_187_188_190_191_193_194_196_197_198_199_200_202_203_205_206_208_209_210_211_212_213_214_215_216_217_218_219_220_221_222_223_224_226_227_228_229_230_231_232_233_234_235_236_237_238_239_240_241_242_243_244_245_246_247_248_249_250_251_252_253_254_255_256_257_258_259_260_261_262_263_264_265_266_267_268_269_270_271_272_273_274_275_276_277_278_279_280_281_282_283_284_285_286_287_288_289_290_292_293_294_296_297  4.37e+09  3.73e+09 -183792.81 -131388.75  13937.01    734.27     86.47    215.56  -3488.90  -8658.31      0.00 0
1655 14.0      0_1_2_3_4_5_6_7_8_9_10_11_12_13_14_15_16_17_18_19_20_21_22_23_24_25_26_27_28_29_30_31_32_33_34_35_36_37_38_39_40_41_42_43_44_45_46_47_48_49_50_51_52_53_54_55_56_57_58_59_60_61_62_63_64_65_66_67_68_77_78_79_80_81_82_83_84_87_88_89_90_91_92_101_102_103_104_110_111_112_115_116_117_118_127_128_129_130_148_149_156_157_158_159_167_169_180_181_182_183_190_191_192_200_201_204_205_206_207_225_226_227_230_246_249_260  7.59e+09  6.68e+09  -1959.33 -48571.57  11518.05    788.06     76.67    267.69    118.55   -282.54      0.00 0
1656 14.0      0_1_2_3_4_5_6_7_8_9_10_11_12_13_14_15_17_18_19_21_22_25_26_27_29_30_33_34_35_36_38_39_41_42_43_45_46_49_50_51_53_54_56_59_60_61_63_64_65_67_68_71_72_75_76_77_79_80_83_84_86_87_89_90_92_95_96_99_100_101_103_104_107_108_109_111_112_114_115_118_121_122_125_126_127_129_130_133_134_137_138_139_141_142_143_146_147_149_152_153_154_155_156_159_162_163_164_165_166_168_169_170_171_173_174_176_178_180_183_185_187_189_192_193_195_197_199_201_202_203_204_207_209_212_215_218_220_224_225_228_229_232_233_235_241_243_244_245_247_248_251_255_256_259_262_265_268_271_272_282  3.24e+09  2.84e+09 -43889.90  80499.77  13604.60    790.69     81.56    118.60   1810.70   1739.11      0.00 0
1657 14.0      8_11_16_20_23_24_28_31_32_35_37_40_44_47_48_52_55_57_58_62_66_69_70_73_74_78_81_82_85_88_91_93_94_97_98_102_113_119_123_131_144_150  2.24e+10  2.01e+10  14538.63 -20277.42   8850.27    837.60     70.47    305.64  -2714.63    179.62      0.00 0
1658 14.0      90_96_100_104_108_112_114_118_122_126_130_133_134_138_142_143_147_149_153_155_159_163_164_165_169_170_174_177_179_180_183_186_187_188_192_193_194_201_204_207_208_215_221_225_232_239  9.77e+09  8.59e+09  26684.64 -38180.48  11458.71    771.54     76.18    304.95   2597.17   4664.85      0.00 0
1659 14.0      114_134_143_165_170_188_194_208_216_222_240  3.98e+10  3.58e+10 -15153.79  -6413.68   7641.72    800.48     65.09    202.94   6481.98    850.04      0.00 0
1660 14.0      0_1_2_5_7_8_9_11_13_15_16_19_20_23_24_28_29_31_32_35_37_40_41_44_45_47_48_51_52_55_57_58_62_66_67_69_70_73_78_79_81_89_91_103_117_129  2.00e+10  1.77e+10  10801.57 -18293.59   8227.41    852.69     68.83    300.56   -505.60  -1376.83      0.00 0
1661 14.0      62_66_78_82_88_91_94_98_102_103_106_110_116_117_120_124_128_129_132_136_140_141_145_148_151_157_158_161_167_168_172_173_175_181_182_184_190_191_196_197_198_199_200_205_206_211_212_213_214_217_218_219_220_223_224_226_227_230_231_234_235_237_238_241_242_243_244_246_249_250_251_252_253_254_255_256_257_258_259_260_261_263_264_266_267_268_269_270_271_272_273_274_275_276_277_278_279_280_281_282_283_284_285_286_287_288_289_290_291_293_294_295_298  8.13e+10  7.25e+10 -142259.94  72954.81  13537.56    933.38     85.16    152.85  -2824.95  -6319.42      0.00 0
1662 14.0      0_1_2_3_4_5_6_7_8_9_10_11_12_13_14_15_16_17_18_19_20_21_22_25_26_27_28_29_30_33_34_35_36_38_40_41_42_43_44_45_46_49_50_53_54_55_56_59_60_63_64_66_67_68_77_78_79_80_83_84_89_90_91_92_102_103_104_116_117_118_129_148_158_182  9.33e+10  8.42e+10   1396.08  28545.00   9175.75    868.21     72.20     87.20    482.57   -805.77      0.00 0
1663 14.0      1_2_6_7_8_11_14_15_16_19_20_23_24_27_28_31_32_36_37_39_40_43_44_47_48_51_52_56_57_58_61_62_65_66_69_70_73_74_77_81_82_85_87_88_92_93_94_97_98_101_102_105_106_109_110_115_119_123_127_135_139_149_150_156_160_166_171_180_189_195_204_225  6.92e+10  6.30e+10  -1829.73  44396.86  10996.44    822.99     76.10     92.36  -2108.20   4680.78      0.00 0
1664 14.0      0_1_2_3_4_5_6_7_8_9_10_11_12_13_14_15_16_17_18_19_20_21_22_23_24_25_26_27_28_29_30_31_33_34_35_36_37_38_39_41_42_43_45_46_47_49_50_51_53_54_56_57_59_60_61_63_64_65_67_68_69_71_72_73_75_76_77_79_80_81_83_84_86_87_89_90_92_93_95_96_99_100_101_104_105_107_108_109_111_112_114_115_118_119_121_123_125_127_133_134_135_137_139_143_144_146_149_150_152_154_156_160_162_164_166_171_176_178_180_185_187_189_195_199_202_203_209_218_228_229_233_241_245_248_251_262_265_268_282  5.50e+09  4.85e+09 -54913.00  54951.35  13334.90    755.70     80.26    134.98  -3025.37   4690.79      0.00 0
1665 14.0      5_8_9_13_17_20_21_25_28_29_33_35_40_41_44_45_49_53_55_59_63_67_71_75_79_83_89_95_99_107_121_125_133_137_146_152_154_164_176_178_187_193_202_209_215_221_229_232_239_247  1.20e+10  1.07e+10  32741.81  -1842.02   9539.83    894.04     73.78    356.78   5402.31  -1915.27      0.00 0
1666 14.0      173_185_197_199_203_206_212_214_218_220_224_227_228_229_231_233_235_238_241_243_244_245_246_247_248_250_251_253_255_256_258_259_260_261_262_264_265_267_268  3.72e+10  3.41e+10 -29725.77 -16982.79  10114.88    810.52     73.54    209.74   4910.22  -6181.12      0.00 0
1667 14.0      158_168_173_181_182_190_191_196_197_199_200_205_206_211_212_213_214_218_219_220_224_226_227_230_231_234_235_237_238_241_242_243_244_246_249_250_251_252_253_254_255_256_258_259_264_265_268_271_272_282  1.45e+09  1.25e+09 -42906.73    389.42  11352.94    738.80     75.18    179.48   2896.49  -7152.29      0.00 0
1668 14.0      63_83_89_91_95_99_103_107_111_114_116_117_121_125_129_133_137_141_143_146_148_152_154_157_158_162_164_165_167_168_170_173_176_178_181_182_185_187_188_190_191_193_194_196_197_199_200_202_203_205_206_208_209_212_213_214_215_216_218_219_220_221_222_224_226_227_228_229_230_231_232_233_235_236_237_238_239_240_241_242_243_244_245_246_247_248_249_250_251_252_253_254_255_256_257_258_259_260_261_262_263_264_265_266_267_268_269_270_271_272_273_274_275_276_277_278_279_280_281_282_283_284_285_286_287_288_289_290_291_292_293_294_295_296_297_298  6.76e+10  6.10e+10 -115281.32 -105709.92  13794.22    890.01     84.96    222.52   3925.73  -6010.25      0.00 0
1669 14.0      0_1_2_3_4_5_6_7_8_9_10_11_12_13_14_15_16_17_18_19_20_21_23_24_25_26_27_28_29_31_32_33_35_36_37_38_39_40_41_43_44_45_47_48_49_51_52_53_55_57_58_59_61_62_63_65_66_67_69_70_73_74_75_78_79_81_82_83_85_87_88_89_91_93_94_95_97_98_102_103_105_106_107_110_111_113_116_117_119_120_121_123_124_125_128_129_131_132_135_136_137_140_141_144_145_146_148_150_151_152_157_158_160_161_162_167_168_172_173_175_176_181_182_184_185_190_191_196_197_198_199_200_203_205_206_212_214_218_220_224_226_227_228_231_233_235_238_241_243_244_248_250_251_253_255_256_258_259_264_265_267_268_270_271_272_274_279_282_284  2.24e+10  1.97e+10 -96798.11  81079.41  14408.81    770.99     83.49    140.05  -3603.32   -394.43      0.00 0
1670 14.0      0_1_2_3_4_5_6_7_8_9_10_11_12_13_14_15_16_17_18_19_20_21_22_23_24_25_26_27_28_29_30_31_32_33_34_35_36_37_38_39_40_41_42_43_44_45_46_47_48_49_50_51_52_53_54_55_56_57_58_59_60_61_63_64_65_67_68_69_70_71_72_73_74_75_76_77_80_81_83_84_85_86_87_89_90_92_93_95_96_97_99_100_101_104_105_107_108_109_112_113_114_115_118_119_121_122_123_125_126_127_130_131_133_134_135_137_138_139_142_143_144_146_147_149_150_152_153_154_155_156_159_160_163_164_165_166_170_171_176_177_178_179_180_185_187_188_189_193_194_195_202_203_208_209_210_215_216_221_222_228_229_232_236_239_240_245_247_248_262  1.00e+11  9.01e+10 104276.03 -51378.00  13964.42    820.42     83.15    333.77  -1614.33   2697.66      0.00 0
1671 14.0      278_280_283_285_288_290_292  2.95e+10  2.67e+10 -17110.68   2609.13   7829.62    795.77     65.66    171.33  -3755.73 -10789.13      0.00 0
1672 14.0      0_1_2_3_4_5_6_7_8_9_10_11_12_13_14_15_16_17_18_19_20_21_22_23_24_25_26_27_28_29_30_31_32_33_34_35_36_37_38_39_40_41_42_43_44_45_46_47_48_49_50_51_52_53_54_55_56_57_58_59_61_62_63_65_66_67_69_70_71_72_73_74_75_77_78_79_81_82_83_85_87_88_89_91_93_95_97_99_101_103_105_107_109_111_117_119_121_123_125_129_131_135_137_139_141_144_146_150_152_158_160_162_168_171_173_176_185_197_199_203_212_218_220_224_228_233_235_241_244_248_251_255_256_259_265_268_271_272_282  1.35e+09  1.15e+09 -40597.88  42811.16  12347.21    765.46     78.18    133.48    967.11  -1582.52      0.00 0
1673 14.0      35_41_44_45_53_55_59_63_66_67_75_78_79_83_88_89_91_95_99_102_103_106_107_110_111_116_117_121_125_128_129_133_136_137_140_141_146_148_151_152_154_157_158_161_162_164_167_168_170_172_173_175_176_178_181_182_184_185_187_190_191_193_196_197_198_199_200_202_203_205_206_208_209_211_212_213_214_215_217_218_219_221_223_224_228_229_230_232_233_234_236_237_239_242_245_247_248_254_262  4.17e+10  3.74e+10 -69328.17 -21195.75  12769.94    812.03     80.01    197.00   3815.12  -3447.37      0.00 0
1674 14.0      0_1_2_3_4_5_6_7_8_9_10_11_12_13_14_15_16_17_18_19_20_21_22_23_24_25_26_27_28_29_30_31_32_33_34_35_36_37_38_39_40_41_42_43_44_45_46_47_48_49_50_51_52_53_54_55_56_57_58_59_60_61_62_63_64_65_66_67_69_70_71_72_73_74_75_76_78_79_81_82_83_84_85_86_87_88_89_91_93_94_95_96_97_98_99_100_102_103_105_106_107_110_111_113_114_116_117_119_120_121_123_124_125_128_129_131_132_133_134_136_137_140_141_143_144_145_146_148_151_152_154_157_158_161_162_164_165_167_168_170_172_173_175_176_178_181_182_184_185_187_190_191_193_194_196_197_198_199_200_202_203_205_206_208_209_211_212_213_214_215_217_218_219_220_221_223_224_226_227_228_229_230_231_232_233_234_235_236_237_238_239_241_242_243_244_245_246_247_248_249_250_251_252_253_254_255_256_257_258_259_260_261_262_263_264_265_266_267_268_269_270_271_272_273_274_275_277_278_279_281_282_284  2.04e+10  1.80e+10 -280419.91  54660.50  11674.58    799.13     87.66    168.97  -3324.57  -3438.21      0.00 0
1675 14.0      1_6_7_10_11_14_15_19_22_23_27_30_31_36_37_39_43_47_51_57_61_65_69_73_81_85_93_97_123_131  6.03e+09  5.75e+09  17030.50    -20.81   7415.68    870.57     66.47    359.93  -2146.46   1172.16      0.00 0
1676 14.0      99_114_125_126_133_134_143_147_154_155_164_165_179  4.79e+10  4.39e+10  -2361.46 -15819.80   7333.25    844.96     65.37    261.51   4707.59    223.61      0.00 0
1677 14.0      177_179_186_188_194_210_216_222_236_240  5.13e+10  4.58e+10  13451.19 -20968.48   8320.96    952.06     71.53    302.68   5878.13   4081.67      0.00 0
1678 14.0      95_99_114_121_125_133_134_137_141_143_146_152_154_155_162_164_165_168_170_173_176_178_179_185_187_188_191_193_194_197_199_202_203_206_208_209_210_212_214_215_216_218_220_221_222_224_227_228_229_231_232_233_235_236_238_239_240_241_243_244_245_246_247_248_250_251_253_255_256_258_259_261_262_264_265_267_268_270_271_272_274_275_277_279_281_282_284_286_287_289_291_293_294_295_297_298  1.20e+10  1.08e+10  82657.60 199061.58  13673.97    801.99     86.37     67.45   5135.93 -10326.66      0.00 0
1679 14.0      0_1_3_4_6_7_9_10_12_14_17_18_19_21_22_25_26_27_30_33_34_36_38_39_42_43_46_49_50_53_54_56_59_60_61_63_64_65_68_71_72_75_76_77_80_83_84_86_87_90_92_95_96_99_100_101_104_107_108_109_112_114_115_118_121_122_125_126_127_130_133_134_135_137_138_139_142_143_146_147_149_152_153_154_155_156_159_160_162_163_164_165_166_169_170_171_174_176_177_178_179_180_183_185_186_187_188_189_192_193_194_195_199_201_202_203_204_207_208_209_210_215_216_218_221_222_225_228_229_232_233_236_239_240_241_245_247_248_251_256_262_265_268_272_282  7.41e+09  6.38e+09 -103379.67 125677.48  14809.90    730.60     84.80    129.44   6139.68   -794.18      0.00 0
1680 14.0      9_13_21_29_35_41_45_53_55_63_67_79_83_89_103_107_111_121_129_137_141_152_162_168_173_185_197_199_203_212_218_220_224_233_235_241_243_244_251_255_256_259_264_268_271_272  1.55e+09  1.32e+09 -31038.51  36405.71  12061.23    690.94     75.85    130.45   5709.76  -7533.61      0.00 0
1681 14.0      48_58_62_69_70_74_82_85_88_94_97_98_102_106_110_113_120_123_124_128_131_132_136_140_145_151_157_161_167_172_190_196_205_213_219_230  1.35e+10  1.19e+10  -7039.00  27514.75   9491.78    801.36     71.52    104.35  -2692.32  -3255.50      0.00 0
1682 14.0      17_21_25_29_33_38_41_45_49_53_59_63_67_71_75_79_83_89_91_103_107_111_117_129_148_158_182  7.41e+09  6.58e+09   5005.67  18720.60   8205.64    794.87     67.05     75.03   1316.19  -2942.50      0.00 0
1683 14.0      0_1_2_3_4_5_6_7_8_9_10_11_12_13_14_15_16_18_19_20_22_23_24_26_27_28_30_31_32_34_36_37_40_42_46_47_48_50_52_54_58_60_62_64_68_69_70_74_82_84_85_90_94_98_106_108_120_124_145  2.88e+09  2.56e+09 -18942.33 -14098.62   8403.64    891.67     70.41    216.66  -1131.78   -281.61      0.00 0
1684 14.0      28_35_40_41_44_45_52_55_58_62_63_66_67_78_79_82_88_89_91_94_98_102_103_106_107_110_111_116_117_120_121_124_128_129_132_136_137_140_141_145_146_148_151_152_157_158_161_162_167_168_172_173_175_176_178_181_182_184_185_190_191_196_197_198_199_200_202_203_205_206_211_212_213_214_217_218_219_220_223_224_226_227_228_229_230_231_233_234_235_237_238_241_242_243_244_245_246_247_248_249_250_251_252_253_254_255_256_257_258_259_262_263_264_265_267_268_270_271_272_274_279_282  1.32e+10  1.18e+10 123466.82 -19091.60  14124.02    813.07     83.55    351.21  -4145.84  -4774.32      0.00 0
1685 14.0      19_23_27_31_36_37_39_43_47_51_56_57_61_65_69_70_73_74_77_80_81_85_87_92_93_97_98_101_104_105_109_113_115_118_119_123_124_127_130_131_132_135_139_144_145_149_150_156_159_160_166_169_171_174_175_180_183_189_192_195_201_204_207_225  1.41e+10  1.28e+10 -104094.69 -110694.62  14310.06    806.60     84.62    226.76  -3371.54   4614.50      0.00 0
1686 14.0      279_284_291_295  1.02e+10  9.14e+09  20630.79  14041.74   9315.76    749.86     69.53     34.24   4510.89 -10748.02      0.00 0
1687 14.0      95_107_121_125_137_141_146_152_162_173_176_185_197_199_203_212_218_220_224_235_238_241_243_244_255_256_258_259_264_270_271_274_279_284  3.80e+10  3.41e+10   7028.89 -38947.90  10110.14    915.60     75.67    280.23   4667.09  -9534.73      0.00 0
1688 14.0      0_1_2_3_4_5_6_7_8_9_10_11_12_13_14_15_16_17_18_19_20_21_22_23_24_25_26_27_28_29_30_31_32_33_34_35_36_37_38_39_40_41_42_43_44_45_46_47_48_49_50_51_52_53_54_55_56_57_58_59_60_61_62_63_64_65_66_67_68_69_70_71_72_73_75_76_77_78_79_80_81_83_84_86_87_89_90_91_92_93_95_96_99_100_101_102_103_104_105_107_108_109_111_112_114_115_116_117_118_119_121_125_127_129_130_133_135_137_139_141_146_148_149_150_152_154_156_158_159_160_162_166_168_171_173_176_178_180_182_183_185_189_191_195_197_199_201_202_203_204_206_212_214_218_220_224_225_228_231_233_235_238_241_243_244_248_251_253_255_256_258_259_264_265_268_270_271_272_274_279_282_284  1.26e+09  1.12e+09 -45854.18  85877.26  14236.90    718.36     81.68    118.10   1735.04  -1497.32      0.00 0
1689 14.0      91_103_107_111_116_117_121_129_137_141_146_152_158_162_168_176_185  1.48e+10  1.30e+10  21316.77   4023.99   8994.51    720.86     67.48     10.69   2715.26  -3840.31      0.00 0
1690 14.0      35_41_44_45_53_55_62_63_66_67_78_79_83_88_89_91_95_102_103_106_107_110_111_116_117_120_121_125_128_129_136_137_140_141_146_148_151_152_154_157_158_161_162_167_168_172_173_175_176_178_181_184_185_187_190_193_196_198_199_202_203_209_211_215_217_218_221_228_229_232_239_245_247  7.08e+09  6.30e+09  48231.07   7440.71  11581.20    779.61     76.65      8.77   2286.03  -3480.29      0.00 0
1691 14.0      111_129_141_158_168_173_191_197_206_212_214_220_231_235_238_243_253_258_264_267_270_274_279_281_284_291  5.37e+09  4.78e+09  -4823.60  28160.05   9349.22    832.91     71.88     99.72   2758.24  -7905.33      0.00 0
1692 14.0      0_1_2_3_4_5_6_7_8_9_10_11_12_13_14_15_16_17_18_19_20_21_22_23_24_25_26_27_28_29_30_31_32_33_34_35_36_37_38_39_40_41_42_43_44_45_46_47_48_49_50_51_52_53_54_55_56_57_58_59_60_61_62_63_64_65_66_67_68_69_70_71_72_73_74_75_76_77_78_79_80_81_82_83_84_85_86_87_88_89_90_91_92_93_94_95_96_97_98_99_100_101_102_103_104_105_106_107_108_109_110_111_112_113_114_115_116_117_118_119_120_121_122_123_124_125_126_127_128_129_130_131_132_133_134_135_136_137_138_139_140_141_142_143_144_145_146_148_149_150_151_152_153_154_156_157_158_159_160_161_162_163_166_167_168_169_171_172_173_174_176_178_180_181_182_183_185_189_190_191_192_195_196_197_198_199_200_201_203_204_205_206_207_211_212_213_214_218_219_220_224_225_226_227_230_231_233_235_237_238_241_242_243_244_246_249_250_251_252_253_255_256_257_258_259_260_261_264_266_267_269_270_271_272_274_275_276_277_279_280_281_283_284_286_287_288_289_290_291_293_294_295_296_297_298  2.95e+09  2.48e+09 -50590.28 203208.67  14386.40    718.85     86.07    103.98   2554.92 -11043.23      0.00 0
1693 14.0      0_1_2_3_4_5_6_7_8_9_10_12_13_14_18_19_22_27_30_36_39_42_43_46_56_68_77_80_92_104  3.47e+10  3.16e+10   -259.81 -14884.34   6869.12    897.08     65.23    269.00    161.85   1545.11      0.00 0
1694 14.0      4_10_12_14_17_18_21_22_25_26_30_33_34_36_38_42_46_49_50_53_54_56_59_60_63_64_68_71_72_75_76_77_80_83_84_86_90_92_95_96_99_100_104_107_108_112_114_115_118_121_122_125_126_130_133_134_137_138_141_142_143_146_149_152_154_156_159_162_164_169_173_176_178_180_183_185_187_199_201_202_203_204_209_212_218_224_228_229_233_235_241_244_245_248_251_255_256_259_262_265_268_271_272_282  1.78e+09  1.57e+09 -27161.86  50192.93  11995.53    805.14     78.13    118.42   5012.35  -3720.01      0.00 0
1695 14.0      172_181_190_196_198_200_205_206_211_213_217_219_223_226_227_230_231_234_237_242_246_249_250_252_253_254_257_263  3.16e+10  2.89e+10  34766.00 -10741.93  10221.26    832.21     74.31    342.83  -4215.71  -6697.28      0.00 0
1696 14.0      148_157_167_181_190_196_205_211_213_219_230_234_237_242_254_257_263_278  2.00e+09  1.78e+09  21421.96  14050.19   9395.33    752.15     69.86     33.26  -3591.68  -7615.29      0.00 0
1697 14.0      120_128_136_140_145_151_157_161_167_172_175_181_182_184_190_196_198_200_205_206_211_213_217_219_223_226_227_230_231_234_237_242_246_249_250_252_253_257_260_261_266_267_269_270_274_275_276_277_280_281_284_286_287_288_289_291_293_294_295_298  4.90e+10  4.34e+10  39240.60 -47131.47  12254.67    803.89     78.70    309.78   1202.72 -10671.52      0.00 0
1698 14.0      11_15_16_19_20_23_24_31_32_37_39_40_47_48_51_52_57_58_61_62_66_69_70_73_74_81_82_85_87_88_93_94_97_98_105_106_109_110_120_124_128_136_140_151_161_167_172_196_211  5.13e+10  4.61e+10  -2036.20 -26402.59   8860.42    878.35     71.50    265.59  -2430.26  -1316.32      0.00 0
1699 14.0      0_1_2_3_4_5_6_7_8_9_10_11_12_13_14_15_16_17_18_19_20_21_22_23_24_25_26_27_28_29_30_31_32_33_34_35_36_37_38_39_40_41_42_43_44_45_46_47_48_49_50_51_52_53_54_55_56_57_58_59_60_61_62_63_64_65_66_67_68_69_70_73_74_77_78_79_80_81_82_83_84_85_87_88_89_90_91_92_93_94_97_98_101_102_103_104_105_106_109_110_111_112_113_115_116_117_118_119_120_123_124_127_128_129_130_131_132_135_136_139_140_144_145_148_149_150_151_156_157_158_159_160_161_166_167_168_169_171_172_175_180_181_182_183_184_189_190_191_192_195_196_198_200_201_204_205_206_207_211_213_214_217_219_223_225_226_227_230_231_234_237_242_246_249_250_252_253_254_257_260_261_263_266_267_269_273_275_276_277_278_280_281_283_285_286_287_288_289_290_292_293_294_295_296_297_298  1.20e+09  1.04e+09   4422.24 -199475.53  14197.09    767.20     85.93    271.27  -2685.58  -6909.30      0.00 0
