#event_number primary_type du_ids energy_primary em_energy Xmax_pos(x, y, z), Xmax_grams zenith azimuth shower_core_pos_x shower_core_pos_y shower_core_pos_z, N_tested_cores, units are degrees, GeV and meters
100 14.0      93_97_98_113_119_123_131_132_135_144_150_160  1.10e+09  9.88e+08   1807.52 -26513.62   9395.10    775.49     70.53    273.90  -4368.89   3357.70      0.00 0
101 14.0      0_1_2_3_4_5_6_7_8_9_10_11_12_13_14_15_16_17_18_19_20_21_22_23_24_25_26_27_28_29_30_31_32_33_34_35_36_37_38_39_40_41_42_43_44_45_46_47_48_49_50_51_52_53_54_55_56_57_58_59_60_61_62_63_65_66_67_68_69_70_71_72_73_74_75_77_78_79_80_81_82_83_85_87_88_89_91_92_93_94_95_97_98_101_102_103_105_106_107_109_110_111_113_115_116_117_119_120_121_123_124_125_127_128_129_131_132_135_136_137_139_140_141_144_145_146_148_150_151_152_156_157_158_160_161_162_166_167_168_171_172_173_175_176_181_182_184_185_189_190_191_195_196_197_198_199_200_203_205_206_211_212_213_214_218_219_220_224_226_227_230_231_233_235_237_238_241_243_244_246_249_250_251_252_253_255_256_258_259_260_261_264_266_267_268_270_271_272_274_275_276_277_279_281_284_286_287_289_291_293_295_298  1.02e+10  9.24e+09 -97559.41 140683.73  14105.36    828.08     85.29    124.74   4761.50 -10909.79      0.00 0
102 14.0      0_1_2_3_5_6_7_8_9_11_13_15_16_19_20_21_23_24_27_28_29_31_32_35_37_39_40_41_44_45_47_48_51_52_55_57_61_62_66_67_78_79_81_89_91_103_117_129  6.46e+10  5.77e+10   9228.00 -20658.46   8753.27    790.38     68.85    294.07   -266.99  -1517.61      0.00 0
103 14.0      0_1_2_3_4_5_6_7_8_9_10_11_12_13_14_15_16_17_18_19_20_21_22_23_24_25_26_27_28_29_30_31_32_33_34_35_36_37_38_39_40_41_42_43_44_45_46_47_48_49_50_51_52_53_54_55_56_57_58_59_60_61_62_63_64_65_66_67_68_69_70_71_72_73_74_75_76_77_78_79_80_81_82_83_84_85_86_87_88_89_90_91_92_93_94_95_96_97_98_99_100_101_102_103_104_105_106_107_108_109_110_111_112_113_114_115_116_117_118_119_120_121_122_123_124_125_126_127_128_129_130_131_132_133_134_135_136_137_138_139_140_141_142_143_144_145_146_147_148_149_150_151_152_153_154_155_156_157_158_159_160_161_162_163_164_165_166_167_168_169_170_172_173_174_175_176_177_178_179_180_181_182_183_184_185_186_187_188_190_191_192_193_194_196_197_198_199_200_202_203_205_206_207_208_209_210_211_213_215_216_217_219_221_222_223_226_230_232_234_236_237_239_240_242_252_254_257_263_273_278  3.80e+09  3.30e+09 -235239.73 -144494.16  12053.59    794.53     87.50    211.56  -1686.86  -1498.91      0.00 0
104 14.0      63_67_89_107_111_121_137_141_146_152_162_176_178_185_202_203_228_229_245  5.50e+10  4.95e+10  20511.45  -5951.37   8546.67    792.14     68.19    343.82   4205.72  -3467.04      0.00 0
105 14.0      228_233_235_241_243_244_245_247_248_251_255_256_258_259_262_264_265_268_270_271_272_274_279_281_282_284_289_291_295  2.57e+09  2.28e+09  29252.49  33438.39  11539.47    729.39     75.44     48.82   6432.89  -7125.51      0.00 0
106 14.0      0_1_2_3_4_5_6_7_8_9_10_11_12_13_14_15_16_17_18_19_20_21_22_23_24_25_26_27_28_29_30_31_32_33_34_35_36_37_38_39_40_41_42_43_44_45_46_47_48_49_51_52_53_54_55_56_57_58_59_61_62_63_65_66_67_68_69_70_73_74_77_78_79_80_81_82_83_85_87_88_89_91_92_93_94_97_98_101_102_103_104_105_106_107_109_110_111_113_115_116_117_118_119_120_123_124_127_128_129_131_132_135_136_139_140_141_144_145_148_149_150_151_156_157_158_160_161_166_167_168_171_172_173_175_180_181_182_184_189_190_191_195_196_197_198_200_201_204_205_206_211_212_213_214_217_219_220_223_225_226_227_230_231_234_237_238_242_243_246_249_250_252_253_254_257_258_260_261_263_264_266_267_269_270_273_274_275_276_277_278_280_281_283_284_285_286_287_288_289_290_291_292_293_294_295_296_297_298  3.02e+10  2.71e+10  59847.40 -227962.58  12764.39    870.95     86.90    284.71  -2336.02  -6013.19      0.00 0
107 14.0      0_1_2_3_4_5_6_7_8_9_10_11_12_13_14_15_16_17_18_19_20_21_22_23_24_25_26_27_28_29_30_31_32_33_34_35_36_37_38_39_40_42_43_44_46_47_48_49_50_51_52_53_54_56_57_58_59_60_61_62_64_65_68_69_70_71_72_73_74_75_76_77_80_81_82_84_85_86_87_90_92_93_94_96_97_98_99_100_101_104_105_106_108_109_112_113_114_115_118_119_120_122_123_124_126_127_130_131_132_134_135_138_139_142_143_144_145_147_149_150_153_155_156_159_160_163_165_166_169_170_171_174_177_179_180_183_186_188_189_192_194_195_201_204_207_210_216_222_225_240  1.26e+09  1.09e+09 -220098.39 -65697.84  13807.30    740.07     86.56    196.62   3818.70   4934.38      0.00 0
108 14.0      0_1_2_3_4_5_6_7_8_9_10_11_12_13_14_15_16_17_18_19_20_21_22_23_24_25_26_27_28_29_30_31_32_33_34_35_36_37_38_39_40_41_42_43_44_45_46_47_48_49_50_51_52_53_54_55_56_57_58_59_60_61_62_63_64_65_66_67_68_69_70_71_72_73_74_75_76_77_78_79_80_81_82_83_84_85_86_87_88_89_90_91_92_93_94_95_96_97_98_99_100_101_102_103_104_105_106_107_108_109_111_112_113_114_115_118_119_120_121_122_123_124_125_126_127_131_132_133_134_135_137_138_139_143_144_145_146_147_150_152_153_154_155_160_164_165_170_176_177_178_179_187_188_193_194_202_203_208_209_210_215_216_221_222_228_229_232_236_239_240_245_247  1.26e+10  1.12e+10 128401.91 -18800.47  14395.63    778.29     83.67    351.67  -1250.33    590.03      0.00 0
109 14.0      250_253_261_267_270_277_281_284_291  9.77e+09  8.76e+09  13424.35 -10890.23   7852.25    790.51     65.57    320.95   2622.65 -10441.63      0.00 0
110 14.0      88_94_102_106_110_116_117_120_124_128_132_136_140_145_148_151_157_158_161_167_181_182_190_191_200_206  3.39e+09  2.97e+09 -20632.57  16672.18   9471.82    760.50     70.35    141.06  -1720.84  -4072.34      0.00 0
111 14.0      0_1_2_3_4_5_6_7_8_9_10_11_12_13_14_15_16_17_18_19_20_21_22_23_24_25_26_27_28_29_30_31_32_33_34_35_36_37_38_39_40_41_42_43_44_45_46_47_48_49_50_51_52_53_54_55_56_57_58_59_60_61_62_63_64_65_66_67_68_69_70_71_72_73_74_75_76_77_78_79_80_81_82_83_84_85_86_87_88_89_90_91_92_93_94_96_97_98_101_102_103_104_105_106_107_108_109_110_111_112_115_116_117_118_120_122_124_127_128_129_130_135_136_138_139_140_142_148_149_151_156_157_158_159_161_163_166_167_168_169_172_174_180_181_182_183_184_189_190_191_192_195_196_198_200_201_204_205_206_207_211_213_219_223_225_226_227_230_231_234_237_242_246_249_250_252_254_257_260_261_263_266_269_273_275_276_277_278_280_283_285_286_287_288_290_292_293_294_296_297_298  5.50e+10  5.13e+10 -16434.29 -91705.27  12811.88    938.96     82.17    259.84   -768.21  -2510.98      0.00 0
112 14.0      0_1_2_3_4_5_6_7_8_9_10_11_12_13_14_15_16_17_18_19_20_21_22_23_24_25_26_27_28_29_30_31_32_33_34_35_36_37_38_39_40_41_42_43_44_45_46_47_48_49_50_51_52_53_54_55_56_57_58_59_60_61_62_63_64_65_66_67_68_69_70_71_72_73_74_75_76_77_78_79_80_81_82_83_84_85_86_87_88_89_90_93_94_95_96_97_98_99_100_105_106_107_108_113_114_119_120_121_122_123_124_125_126_131_132_133_134_143_144_145_146_147_154_155_164_165_170_178_187_188_193_194_208_209_215_216_221_222_232_236_239_240  7.94e+09  6.85e+09 -76381.59   2694.00  13325.27    749.13     80.11    177.98   1333.07   -139.41      0.00 0
113 14.0      0_1_2_3_4_5_6_7_8_9_10_11_12_13_14_15_16_17_18_19_20_21_22_23_24_25_26_27_28_29_30_31_32_33_35_36_37_39_40_41_43_44_45_46_47_48_51_52_53_55_56_57_58_59_61_62_63_65_66_67_69_70_73_74_77_78_79_81_82_83_85_87_88_89_91_92_93_94_97_98_101_102_103_105_106_107_109_110_111_113_115_116_117_119_123_127_128_129_135_137_139_140_141_144_148_150_156_157_158_160_166_167_168_171_173_181_182_189_190_191_195_197_200_205_206_212_214_220_226_227_231_235_238_243_246_250_253_255_258_261_264_267_270_274_277_279_281_284_289_291  4.79e+10  4.35e+10  25141.79 -61210.70  12336.13    835.18     79.44    292.33    195.43  -3610.11      0.00 0
114 14.0      235_238_241_243_244_248_250_251_253_255_256_258_259_260_261_262_264_265_267_268_270_271_272_274_275_276_277_279_280_281_282_284_286_287_288_289_290_291_292_293_294_295_296_297_298  3.16e+09  2.78e+09  51133.93  32966.20  12068.62    831.78     78.78     32.81   1757.81 -10797.97      0.00 0
115 14.0      0_3_4_5_6_7_9_10_12_14_17_18_21_22_25_26_27_29_30_33_34_36_38_41_42_43_45_46_49_50_53_54_56_59_60_63_64_65_67_68_71_72_75_76_77_80_83_84_86_89_90_92_95_96_99_100_101_103_104_107_108_111_112_114_115_118_121_122_125_126_127_129_130_133_134_137_138_141_142_143_146_147_149_152_153_154_155_156_159_162_163_164_165_168_169_170_173_174_176_177_178_179_180_183_185_186_187_188_189_192_193_194_197_199_201_202_203_204_207_208_209_210_212_214_215_216_218_220_221_222_224_225_228_229_232_233_235_236_238_239_240_241_243_244_245_247_248_251_255_256_258_259_262_264_265_268_271_272_274_279_282  1.20e+09  1.02e+09  58470.76 -179847.66  15016.42    676.63     85.46    288.01   4949.61   -510.16      0.00 0
116 14.0      181_182_190_191_196_197_200_205_206_213_214_220_226_227_230_231_235_238_243_244_246_250_253_255_256_258_259_264_267_270_271_272_274_279_284  5.01e+10  4.48e+10  44899.07 -16921.19  11042.20    866.75     77.04    339.35   6404.39  -9473.38      0.00 0
117 14.0      7_11_15_16_19_23_24_27_31_32_37_39_43_47_48_51_52_56_57_58_61_65_69_70_73_74_77_81_82_85_87_92_93_94_97_98_101_105_106_109_115_120_127_149_156  9.33e+10  8.54e+10  -6848.89 -23948.00   8830.21    840.43     70.48    254.04  -1742.26   1542.65      0.00 0
118 14.0      63_67_83_89_91_95_103_107_111_117_121_125_129_133_137_141_146_152_154_164_176_178_187_193_209_215_221  6.17e+09  5.61e+09 -19951.80  -7847.16   8067.12    894.01     69.38    201.47   3690.79  -2475.30      0.00 0
119 14.0      0_1_2_3_4_5_6_7_8_9_10_11_12_13_14_15_16_17_18_19_20_21_22_23_24_25_26_27_28_29_30_31_32_33_34_35_36_37_38_39_40_41_42_43_44_45_46_47_48_49_50_51_52_53_54_55_56_57_58_59_60_61_62_63_64_65_66_67_68_69_70_71_72_73_74_75_76_77_78_79_80_81_82_83_84_85_86_87_88_89_90_91_92_93_94_95_97_98_99_101_102_103_104_105_106_107_109_110_111_113_114_115_116_117_118_119_120_121_123_124_125_127_128_129_131_132_133_135_136_137_139_140_141_144_145_146_148_149_150_151_152_154_156_157_158_160_161_162_166_167_168_171_172_173_175_176_178_180_181_182_184_185_189_190_191_195_196_197_198_199_200_202_203_205_206_211_212_213_214_217_218_219_220_223_224_226_227_228_230_231_233_234_235_237_238_241_242_243_244_246_248_249_250_251_252_253_254_255_256_257_258_259_260_261_263_264_265_266_267_268_269_270_271_272_273_274_275_276_277_279_280_281_282_284_286_287_288_289_291_293_294_295_297_298  8.91e+10  8.05e+10 144939.11 -197889.23  12382.97    890.91     87.11    306.22   4830.11 -10978.13      0.00 0
120 14.0      21_25_29_33_38_41_45_49_53_55_59_63_67_71_72_75_76_79_83_86_89_91_95_99_100_103_107_111_114_116_117_121_125_126_129_133_134_137_143_146_147_148_154_155_164_165_170_177_179_188_193_194_208_210_216_222_240  5.50e+09  4.71e+09 -32581.24 -32051.04  11014.62    838.60     76.45    224.53   5988.86   1515.37      0.00 0
121 14.0      0_1_2_3_4_5_6_7_8_9_10_11_12_14_15_16_17_18_19_22_23_24_25_26_27_30_31_33_34_36_37_38_39_42_43_46_47_49_50_51_56_57_59_61_65_69_70_71_72_73_75_77_81_85_87_93_97_105_109_119_123_131_135_144_150  3.72e+09  3.24e+09 -34837.25  15060.99  10882.99    741.57     74.00    156.62  -3560.96   2125.92      0.00 0
122 14.0      95_121_125_146_152_176_178_185_202_203_228_229_233_245_248_262  3.09e+09  2.68e+09 -17027.84  11074.92   8597.09    751.13     67.06    146.96   5457.57  -3672.27      0.00 0
123 14.0      39_51_57_61_65_73_77_81_87_93_97_101_105_109_113_119_123_131_144  3.47e+10  3.16e+10  18112.16   8507.49   8182.51    820.65     67.76     25.16  -3546.96   1677.20      0.00 0
124 14.0      254_257_263_269_273_278_280_283_285_288_290_292_296  4.79e+10  4.45e+10  -9699.80  15114.79   7391.37    914.76     67.63    122.69  -3292.78 -10393.94      0.00 0
125 14.0      38_49_50_59_60_71_72_75_76_83_84_86_95_96_99_100_107_108_111_114_121_122_125_126_129_133_134_137_138_141_142_143_146_147_152_153_154_155_162_163_164_165_168_170_173_174_176_177_178_179_185_186_187_188_191_193_194_197_199_202_203_208_209_210_212_214_215_216_218_220_221_222_224_228_229_231_232_233_235_236_238_239_240_241_243_244_245_247_248_250_251_253_255_256_258_259_262_264_265_267_268_270_271_272_274_277_279_281_282_284_289_291_295  2.29e+09  2.05e+09  11400.37 127738.57  14135.87    816.68     83.71     84.90   5294.74  -5746.34      0.00 0
126 14.0      0_1_2_3_4_5_6_7_8_9_10_11_12_13_14_15_16_17_18_19_20_21_22_23_24_25_26_27_28_29_30_31_32_33_34_35_36_37_38_39_40_41_42_43_44_45_46_47_48_49_50_51_52_53_54_55_56_57_58_59_60_61_62_63_64_65_66_67_68_69_70_73_74_77_78_79_80_81_82_84_85_87_88_89_90_91_92_93_94_97_98_101_102_103_104_105_106_108_109_110_112_113_115_116_117_118_119_120_123_124_127_128_130_131_132_135_136_139_140_142_144_145_148_149_150_151_156_157_158_159_160_161_166_167_169_171_172_174_175_180_181_182_183_184_189_190_192_195_196_198_200_201_204_205_207_211_213_217_219_223_225_226_227_230_234_237_242_246_249_252_254_257_260_263_266_269_273_275_276_278_280_283_285_286_288_290_292_294_296  2.57e+10  2.32e+10  26560.99 124213.24  14068.16    825.67     83.68     77.93  -3484.73  -8057.95      0.00 0
127 14.0      252_257_266_269_275_276_280_286_287_288_293_294_297_298  2.19e+09  1.95e+09   9787.50 -14798.52   7714.60    835.21     66.50    303.48  -1053.31 -10907.15      0.00 0
128 14.0      6_7_10_14_15_18_19_22_26_27_30_31_34_36_39_42_43_46_50_51_54_56_57_60_61_64_65_68_72_73_76_77_80_81_84_87_90_92_93_96_97_100_101_104_105_108_109_112_114_115_118_119_122_123_126_127_130_134_135_138_139_142_143_144_147_149_150_153_155_156_159_160_163_165_166_169_170_171_174_177_179_180_183_186_188_189_192_194_195_201_204_207_208_210_216_222_225_236_240  3.31e+09  3.02e+09 -178005.19  17234.02  13415.47    932.50     85.71    174.47   5701.58   4846.35      0.00 0
129 14.0      0_1_2_3_4_5_6_7_8_9_10_11_12_13_14_15_16_17_18_19_20_21_22_23_24_25_26_27_28_29_30_31_32_33_34_35_36_37_38_39_40_41_42_43_44_45_46_47_48_49_50_51_52_53_54_55_56_57_58_59_60_61_62_63_64_65_66_67_68_69_70_71_72_73_74_75_76_77_78_79_80_81_82_83_84_85_86_87_88_89_90_91_92_93_94_95_96_97_98_99_100_101_102_103_104_105_106_107_108_109_110_112_113_114_115_116_118_119_120_122_123_124_125_126_127_128_130_131_132_133_134_135_136_138_139_140_142_143_144_145_147_149_150_151_153_155_156_159_160_161_163_164_165_166_167_169_170_172_174_175_177_179_180_183_184_186_188_192_194_198_207_208_210_211_216_217_222_223_240  1.45e+09  1.22e+09 145928.95  90162.73  14645.49    747.39     85.12     31.71  -3430.75  -1065.40      0.00 0
130 14.0      0_1_2_3_4_5_6_7_8_10_11_12_14_15_16_17_18_19_20_22_23_24_25_26_27_30_31_32_34_36_37_38_39_42_43_46_47_48_50_51_52_54_56_57_58_60_61_64_65_68_69_70_72_73_74_76_77_80_81_82_84_85_87_90_92_93_94_96_97_98_100_101_104_105_108_109_112_113_115_118_119_122_123_124_126_130_131_132_138_142_145_147_153_155_159_163_169_174_177_179_186_210  2.09e+10  1.92e+10  60183.30  34091.69  12158.92    895.14     80.03     29.53   5464.42   5010.44      0.00 0
131 14.0      0_1_2_3_4_5_6_7_8_10_11_14_15_16_18_19_20_22_23_24_27_30_31_32_34_36_37_39_42_43_46_47_48_51_52_54_56_57_58_60_61_64_65_68_69_70_73_74_77_80_81_82_84_85_87_90_92_93_94_96_97_98_101_104_105_106_108_109_112_113_115_118_119_120_122_123_124_127_130_131_132_135_138_139_142_144_145_149_150_151_153_156_159_160_163_166_169_171_174_175_177_180_183_186_189_192_195_201_204_207_225  6.61e+10  6.02e+10  84801.50  68793.53  13330.25    909.96     83.04     39.05    -35.99   4128.38      0.00 0
132 14.0      0_3_4_5_8_9_12_13_17_21_28_29_35_41_44_45_55_66_67_78_79_91_102_103_116_117  2.69e+10  2.43e+10   2442.62  17013.68   7753.52    806.30     65.72     81.83    194.27  -2258.20      0.00 0
133 14.0      102_106_110_116_117_120_124_128_132_136_140_145_148_151_157_158_161_167_172_175_181_182_184_190_191_196_197_198_200_205_206_211_213_214_217_219_220_223_226_227_230_231_234_237_238_242_243_246_249_250_252_253_255_258_260_261_264_266_267_270_271_274_275_277_279_281_284_287_289_291  2.04e+10  1.84e+10 -54844.65  47190.50  13005.22    771.77     79.81    139.29   3281.85 -10151.74      0.00 0
134 14.0      71_75_86_95_96_99_100_107_111_114_121_122_125_126_133_134_137_141_143_146_147_152_153_154_155_162_163_164_165_168_170_173_176_177_178_179_185_186_187_188_193_194_197_199_202_203_208_209_210_212_214_215_216_218_220_221_222_224_228_229_231_232_233_235_236_238_239_240_241_243_244_245_247_248_251_253_255_256_258_259_262_264_265_267_268_270_271_272_274_279_281_284_289_291_295  6.46e+10  5.95e+10   8522.25  87704.59  13153.55    848.19     81.51     84.45   4409.94 -10600.57      0.00 0
135 14.0      0_1_2_3_4_5_6_7_8_9_10_11_12_13_14_15_16_17_18_19_21_22_23_24_25_26_27_29_30_31_32_33_34_36_37_38_39_41_42_43_46_47_48_49_50_51_53_54_56_57_59_60_61_63_64_65_68_69_70_71_72_73_75_76_77_80_81_83_84_85_86_87_90_92_93_95_96_97_99_100_101_104_105_108_109_114_115_119_121_123_125_126_127_131_133_134_135_139_143_144_146_150_154_160_164_165_166_170_171_178_187_193_202_208_209_215_221_229_232_239_247  5.01e+10  4.54e+10 -58285.83  27452.09  12231.87    837.70     79.25    154.78  -3263.70   2849.41      0.00 0
136 14.0      7_10_14_15_19_22_27_30_31_36_39_42_43_46_47_51_54_56_57_60_61_64_65_68_73_77_80_81_84_87_90_92_93_96_97_101_104_105_108_109_112_115_118_119_122_123_126_127_130_131_135_138_139_142_144_147_149_150_153_155_156_159_160_163_169_174_177_179_186_192_210  3.55e+09  3.11e+09  64226.43  16753.68  12685.84    776.95     79.18     14.62   5083.05   4539.75      0.00 0
137 14.0      0_1_3_4_6_7_10_12_14_15_18_19_22_25_26_27_30_31_34_36_38_39_42_43_46_49_50_51_54_56_57_60_61_64_65_68_71_72_75_76_77_80_81_84_86_87_90_92_93_96_99_100_101_104_105_108_109_112_114_115_118_119_122_125_126_127_130_133_134_135_138_139_142_143_144_147_149_150_153_154_155_156_159_160_163_164_165_166_169_170_171_174_177_178_179_180_183_186_187_188_189_192_193_194_195_201_204_207_208_209_210_215_216_221_222_225_232_236_239_240_247  1.45e+10  1.27e+10 153937.19 -71259.42  13946.18    855.17     85.30    335.16   2841.05   3874.39      0.00 0
138 14.0      121_137_152_162_173_185_199_212_218_224_235_241_244_255_256_259_271  1.20e+10  1.08e+10  -6861.11  18809.87   8199.43    817.62     67.73    110.04   4407.38  -5398.25      0.00 0
139 14.0      0_1_2_3_4_5_6_7_8_9_10_11_12_13_14_15_16_17_18_19_20_21_22_23_24_25_26_27_28_29_30_31_32_33_34_35_36_37_38_39_40_41_42_43_44_45_46_47_48_49_50_51_52_53_54_55_56_57_58_59_60_61_62_63_64_65_66_67_68_69_70_71_72_73_74_75_76_77_78_79_80_81_82_83_84_85_86_87_88_89_91_93_94_95_97_98_99_100_102_103_105_106_107_109_110_111_113_114_117_119_120_121_123_124_125_129_131_132_133_135_137_141_143_144_146_150_152_154_160_162_164_168_173_176_178_185_187_193_199_202_203_209_215_218_224_228_229_232_233_239_241_245_247_248_251_262_265_268_282  1.05e+09  8.98e+08 -87847.02  41825.62  14402.11    694.68     81.58    154.54  -3140.98    720.22      0.00 0
140 14.0      0_1_2_3_4_5_6_7_8_9_10_11_12_13_14_15_16_18_19_20_22_23_24_27_28_30_31_32_34_35_36_37_39_40_42_43_44_46_47_48_51_52_54_56_57_58_61_62_64_65_66_68_69_70_73_74_77_78_80_81_82_84_85_87_88_90_92_94_98_102_104_106_110_112_120_124_130_132_136_140_142_145_151_161_172_175_184_198_211_217_223_234_254  1.95e+10  1.76e+10  27746.28  38556.20  11448.07    785.63     76.45     54.26  -3309.51  -3035.52      0.00 0
141 14.0      0_1_2_5_6_7_8_10_11_14_15_16_19_20_23_24_27_28_30_31_32_36_37_39_40_43_44_46_47_48_51_52_56_57_58_61_62_65_66_68_69_70_73_74_77_80_81_82_85_87_88_92_93_94_97_98_101_102_104_105_106_109_110_113_115_118_119_120_123_124_127_128_130_131_132_135_136_139_140_144_145_149_150_151_156_159_160_161_166_167_169_171_172_175_180_183_184_189_192_195_196_198_201_204_207_211_217_219_223_225_234_242_254_257_263_273_278_285  7.08e+10  6.51e+10  44242.25 129738.04  13536.86    930.57     84.36     71.17  -3523.29   2292.53      0.00 0
142 14.0      1_6_7_10_11_14_15_19_22_23_27_30_31_36_39_42_43_46_51_54_56_64_68_77_80_84_90_104_108_112_130_138_142  6.76e+09  6.10e+09  14058.84  13888.11   8286.83    791.80     67.25     44.65    753.29   2327.85      0.00 0
143 14.0      99_114_121_125_133_134_137_141_143_146_152_154_155_162_164_165_170_173_176_178_179_185_187_188_193_194_197_199_202_203_209_212_214_218_220_224_228_233_235_238_241_243_244_251_253_255_256_258_259_264_267_270_271_274_279_281_284_289_291  1.02e+10  9.02e+09   7768.66  49272.00  11378.40    829.61     77.15     81.04   4143.50  -7549.54      0.00 0
144 14.0      8_11_16_20_23_24_28_31_32_37_40_44_47_48_52_55_57_58_62_66_69_70_73_74_78_81_82_85_88_91_93_94_97_98_102_105_106_110_113_116_119_123_131_132_135_144_150_160  6.61e+10  6.02e+10 -19720.68  31352.30  10257.84    837.54     74.52    122.17  -4019.66   1799.72      0.00 0
145 14.0      0_1_2_3_4_5_6_7_8_9_10_11_12_13_14_15_16_17_18_20_21_22_24_25_26_28_29_30_32_33_34_35_36_38_40_41_42_44_45_46_48_49_50_52_53_54_55_58_59_60_62_63_64_66_67_68_71_72_74_75_76_78_79_82_83_84_86_88_89_90_91_94_95_96_99_100_102_103_106_107_108_110_111_112_114_116_117_120_121_122_125_126_128_129_133_134_136_137_138_140_141_142_143_146_147_148_151_152_153_154_155_157_158_161_162_163_164_165_167_168_170_172_173_176_177_178_179_181_182_184_186_187_188_190_191_193_194_196_197_198_200_205_206_208_210_211_213_214_216_217_219_222_223_226_227_230_234_237_240_242_246_249_252_254_257_260_263_266_269_273_276_278_280_283_285_290_292  2.69e+09  2.37e+09 -74670.60 -86050.24  13948.64    817.02     83.02    229.05  -2317.41  -6377.11      0.00 0
146 14.0      0_1_2_3_4_5_6_7_8_9_10_11_12_13_14_15_16_17_18_19_20_22_23_24_26_27_28_30_31_32_34_35_36_37_39_40_42_43_44_46_47_48_50_51_52_54_56_57_58_60_61_62_64_65_66_68_69_70_73_74_77_80_81_82_84_85_87_88_90_92_93_94_97_98_101_104_105_106_108_109_110_112_113_115_118_120_122_123_124_127_130_131_132_136_138_140_142_145_149_151_153_159_161_163_169_172_174_175_183_184_186_192_198_217_223  2.45e+09  2.17e+09 -45651.18 -51165.79  12572.74    814.51     79.61    228.26  -3580.20  -1801.63      0.00 0
147 14.0      0_1_2_3_4_5_6_7_8_9_10_11_12_13_14_15_16_17_18_19_20_21_22_23_24_25_26_27_28_29_30_31_32_33_34_35_36_37_38_39_40_41_42_43_44_45_46_47_48_49_50_51_52_53_54_55_56_57_58_59_60_61_62_63_64_65_66_67_68_69_70_71_72_73_74_75_77_78_79_80_81_82_83_85_87_88_89_90_91_92_93_94_95_97_98_101_102_103_104_105_106_107_109_110_111_113_115_116_117_118_119_120_121_123_124_127_128_129_131_132_135_136_137_139_140_141_144_145_148_149_150_151_152_156_157_158_160_161_162_166_167_168_171_172_173_175_180_181_182_184_189_190_191_195_196_197_198_199_200_204_205_206_211_212_213_214_217_219_220_223_224_226_227_230_231_234_235_237_238_242_243_244_246_249_250_252_253_255_257_258_259_260_261_264_266_267_269_270_271_273_274_275_276_277_279_280_281_283_284_286_287_288_289_290_291_293_294_295_296_297_298  3.98e+09  3.47e+09  62507.75 -154092.28  14022.04    846.07     85.18    292.08    358.34  -6673.21      0.00 0
148 14.0      200_205_206_212_213_214_220_224_226_227_230_231_235_237_238_241_242_243_244_246_249_250_251_252_253_254_255_256_257_258_259_260_261_262_263_264_265_266_267_268_269_270_271_272_273_274_275_276_277_278_279_280_281_282_283_284_285_286_287_288_289_290_291_292_293_294_295_296_297_298  5.50e+10  4.93e+10 -175720.41 -30826.16  14009.35    834.07     85.51    189.95   4039.40 -10794.88      0.00 0
149 14.0      217_219_223_234_237_242_252_254_257_263_269_273_278_280_283_285_288_290_292_294_296_297  1.29e+09  1.14e+09  15559.38 -36513.78  10464.50    846.01     75.23    293.08  -2998.19 -11285.58      0.00 0
150 14.0      63_67_79_83_89_91_95_99_102_103_107_111_116_117_121_125_128_129_133_137_140_141_143_146_148_152_154_157_158_162_164_167_168_170_172_173_176_178_181_182_185_187_190_191_193_194_196_197_198_199_200_202_203_205_206_208_209_211_212_213_214_215_218_219_220_221_222_223_224_226_227_228_229_230_231_232_233_234_235_236_237_238_239_241_242_243_244_245_246_247_248_249_250_251_252_253_254_255_256_257_258_259_260_261_262_263_264_265_266_267_269_270_273_275_276_277_278_280_283_285_286_288_290_292_296  1.66e+09  1.43e+09 -93071.44 -55130.03  14068.55    781.26     82.59    210.64    -69.80  -6933.26      0.00 0
151 14.0      163_169_174_177_186_192_207_210  3.16e+10  2.94e+10  22424.36 -12455.62   8682.52    892.85     71.30    330.95   5081.51   4852.39      0.00 0
152 14.0      0_1_2_3_4_5_6_7_8_9_10_11_12_13_14_16_17_18_20_21_22_25_26_28_29_30_32_33_34_35_36_38_40_41_42_44_45_46_49_50_52_53_54_55_59_60_62_63_64_66_67_68_71_72_75_76_78_79_80_83_84_86_88_89_90_91_95_96_99_100_102_103_104_107_108_110_111_112_114_116_117_122_126_128_129_130_134_138_140_142_147_148_153_155_157_158_163_167_169_172_174_177_179_181_186_190_196_205_213_219_230_237_242_257  1.62e+09  1.47e+09  23296.86  43285.07  11131.95    866.15     77.24     61.71   1815.45    511.89      0.00 0
153 14.0      181_182_190_191_197_200_205_206_212_213_214_219_220_226_227_230_231_234_237_242_246_249_250_252_254_257_260_263_266_269_273_278_283_285  2.24e+10  2.01e+10 -34873.39 -15272.07  10193.93    869.60     75.01    203.65  -3618.63  -8889.93      0.00 0
154 14.0      0_1_2_3_4_5_6_7_8_9_10_11_12_13_14_15_16_17_18_19_20_21_22_23_24_25_26_27_28_29_30_31_32_33_34_35_36_37_38_39_40_41_42_43_44_45_46_47_48_49_50_51_52_53_54_55_56_57_58_59_60_61_62_63_64_65_66_67_68_69_70_71_72_73_74_75_76_77_78_79_80_81_82_83_84_85_86_87_88_89_90_91_92_93_94_95_96_97_98_99_100_101_102_103_104_105_106_107_108_109_110_111_112_113_114_115_116_117_118_119_120_121_122_123_124_125_126_127_128_129_130_131_132_133_134_135_136_137_138_139_140_141_142_143_144_145_146_147_148_149_150_151_152_153_154_155_156_157_158_159_160_161_162_163_164_165_166_167_168_169_170_171_172_173_174_176_177_178_179_180_181_182_183_185_186_187_188_189_190_191_192_193_194_195_196_197_198_199_200_201_202_203_204_205_206_207_208_209_210_211_212_213_214_215_216_218_219_220_221_222_224_225_226_227_228_229_230_231_232_233_235_237_238_241_242_243_244_245_246_247_248_249_250_251_252_253_255_256_257_258_259_260_261_262_264_265_266_267_268_269_270_271_272_274_275_276_277_279_280_281_282_283_284_286_287_288_289_290_291_293_294_295_296_297_298  6.76e+09  6.05e+09  49757.34 -270574.41  11626.80    862.25     87.58    280.42   1856.99  -2796.89      0.00 0
155 14.0      0_1_2_3_4_5_6_7_8_9_10_11_12_13_14_16_17_18_20_21_22_25_26_28_29_30_33_34_35_36_38_40_41_42_44_45_46_49_50_52_53_54_55_56_59_60_62_63_64_66_67_68_71_72_75_76_78_79_80_83_84_86_88_89_90_91_95_96_99_100_102_103_104_107_108_110_111_112_116_117_122_128_129_130_137_138_141_142_148_157_158_163_167_168_169_174_181_182_190_191_196_197_200_205_206_213_214_219_226_227_230_231_237_246_249_250_252_257_260_261_266_267_269_273_275_276_277_280_283_286_287_288_290_292_293_294_296_297_298  3.02e+09  2.65e+09  14857.53  59812.61  12147.25    825.67     78.85     76.05   -258.20  -6686.45      0.00 0
156 14.0      112_115_118_130_138_142_147_149_153_156_159_163_169_174_177_179_180_183_186_189_192  2.29e+09  2.05e+09 -27147.76   9067.71  10079.43    703.74     70.60    161.53   2459.37   4660.88      0.00 0
157 14.0      35_40_44_45_52_55_58_62_66_67_74_78_79_82_88_89_91_94_98_102_103_106_110_111_116_117_120_124_128_129_132_136_141_145_151  1.82e+09  1.55e+09  31128.95 -10276.84  10733.64    679.08     71.87    341.73  -2013.90  -2711.47      0.00 0
158 14.0      63_67_79_83_89_91_95_99_102_103_107_111_116_117_121_125_128_129_133_137_140_141_143_146_148_152_154_157_158_162_164_167_168_170_172_173_176_178_181_182_185_187_190_191_193_196_197_198_199_200_202_203_205_206_208_209_211_212_213_214_215_218_219_220_221_222_223_224_226_227_228_229_230_231_232_233_234_235_236_237_238_239_241_242_243_244_245_246_247_248_249_250_251_252_253_254_255_256_257_258_259_260_261_262_263_264_265_266_267_268_269_270_271_272_273_274_275_276_277_278_279_280_281_282_283_284_285_286_287_288_289_290_292_293_294_296  8.32e+10  7.73e+10 -113020.18 -64152.22  13727.94    887.71     83.97    209.58   1313.30  -6761.61      0.00 0
159 14.0      0_1_2_3_4_5_6_7_8_9_10_11_12_13_14_15_16_17_18_19_20_21_22_23_24_25_26_27_28_29_30_31_32_33_34_35_36_37_38_39_40_41_42_43_44_45_46_47_48_49_50_51_52_53_54_55_56_57_58_59_60_61_62_63_64_65_66_67_68_69_70_71_72_73_74_75_76_77_78_79_80_81_82_83_84_86_87_88_89_90_91_92_94_95_96_99_100_101_102_103_104_106_107_108_110_111_112_114_115_116_117_118_120_121_122_125_126_128_129_130_133_134_136_137_138_140_141_142_143_146_147_148_149_151_152_153_154_155_157_158_159_161_162_163_164_165_167_168_169_170_172_173_174_177_179_181_182_183_184_185_186_188_190_191_192_196_197_198_199_200_205_206_207_210_211_212_213_214_217_219_220_223_226_227_230_231_234_237_238_242_246_249_250_252_253_254_257_260_261_263_266_267_269_270_273_275_276_277_278_280_281_283_285_286_287_288_289_290_292_293_294_295_296_297_298  8.51e+10  7.68e+10  52506.35 132548.33  13752.97    895.97     84.49     68.39  -2282.87  -9892.35      0.00 0
160 14.0      0_1_2_3_4_5_6_7_8_9_10_11_12_13_14_15_16_17_18_19_20_21_22_23_24_25_26_27_28_29_30_31_32_33_34_35_36_37_38_39_40_41_42_43_44_45_46_47_48_49_50_51_52_53_54_55_56_57_58_59_60_61_62_63_64_65_66_67_68_69_70_71_72_73_74_75_76_77_78_79_80_81_82_83_84_85_86_87_88_89_90_91_92_93_94_95_96_97_98_99_100_101_102_103_104_105_106_107_108_109_110_111_112_113_114_115_117_118_119_120_121_122_123_124_125_126_127_129_130_131_132_133_134_135_137_138_139_141_142_143_144_145_146_147_149_150_152_153_154_155_156_159_160_162_163_164_165_166_169_170_171_174_176_177_178_179_180_183_185_186_187_188_189_193_194_195_199_202_203_208_209_210_215_216_218_221_222_228_229_232_233_236_239_240_245_247_248_251_262_265  8.51e+09  7.58e+09 -176835.42  57116.28  14168.40    797.98     85.64    162.10    -19.38   1041.70      0.00 0
161 14.0      21_29_33_35_41_44_45_49_53_55_59_63_66_67_71_75_78_79_83_86_89_91_95_99_102_103_107_110_111_114_116_117_121_125_128_129_133_137_140_141_143_146_148_152_154_157_158_162_164_165_167_170_172_176_178_187_193_194_208_209_215_221_222_232_236_239_240  6.31e+09  5.68e+09  40954.43  18028.91  11131.83    803.00     76.03     23.76   4853.47  -1530.26      0.00 0
162 14.0      3_4_6_9_10_12_14_17_18_21_22_25_26_30_33_34_36_38_41_42_46_49_50_53_54_56_59_60_63_64_68_71_72_75_76_77_80_83_84_86_89_90_92_95_99_104_107_111_118_121_137  2.00e+10  1.81e+10  -7615.30  22602.31   8301.04    922.30     70.81    108.62   1611.70    388.30      0.00 0
163 14.0      0_1_2_3_4_5_6_7_8_9_10_11_12_13_14_15_16_17_18_19_20_21_22_23_24_25_26_27_28_29_30_31_32_33_34_35_36_37_38_39_40_41_42_43_44_45_46_47_48_49_50_51_52_53_54_55_56_57_58_59_60_61_62_63_64_65_66_67_68_69_70_71_72_73_74_75_76_77_78_79_80_81_82_83_84_85_86_87_88_89_90_91_92_93_94_95_96_97_98_99_100_101_102_103_104_105_106_107_108_109_110_111_112_113_114_115_116_117_118_119_120_121_122_123_124_125_126_127_128_129_130_131_132_133_134_135_136_137_138_139_140_141_142_143_144_145_146_147_148_149_150_151_152_153_154_155_156_157_158_159_160_161_162_163_164_165_166_167_168_169_170_171_172_173_176_178_180_181_182_183_185_187_189_190_191_192_193_195_196_197_199_200_201_202_203_204_205_206_207_209_212_214_215_218_220_221_224_225_226_227_228_229_231_232_233_235_238_239_241_243_244_245_246_247_248_250_251_253_255_256_258_259_261_262_264_265_267_268_270_271_272_274_277_279_281_282_284_291  1.74e+09  1.60e+09 145315.70 -183014.47  13228.96    807.75     86.76    308.45  -1446.18   1530.11      0.00 0
164 14.0      246_249_250_252_253_257_258_260_261_264_266_267_269_270_271_273_274_275_276_277_279_280_281_283_284_285_286_287_288_289_290_291_295  3.09e+10  2.73e+10  39956.52  -3819.22  10702.57    808.93     75.07    354.54   3295.02 -10450.54      0.00 0
165 14.0      40_44_45_55_62_66_67_78_79_82_88_89_91_94_102_103_106_107_110_111_116_117_120_121_124_128_129_136_137_140_141_145_146_148_151_152_157_158_161_162_167_168_172_173_175_176_181_182_184_185_190_191_196_197_198_199_200_202_203_205_206_211_212_213_214_217_218_219_220_223_224_227_228_229_231_233_234_235_238_241_243_244_245_247_248_251_255_256_259_262_265_268_271_272_282  1.86e+10  1.69e+10  78529.50 -13380.98  13287.87    775.65     80.53    350.33   3755.98  -5490.10      0.00 0
166 14.0      3_4_10_12_14_17_18_21_22_25_26_30_33_34_36_38_41_42_43_46_49_50_53_54_56_59_60_63_64_68_71_72_75_76_77_80_83_84_86_89_90_92_95_96_99_100_101_104_107_108_111_112_114_115_118_121_122_125_126_130_133_134_137_138_141_142_143_146_147_149_152_153_154_155_156_159_162_163_164_165_169_170_173_174_176_177_178_179_180_183_185_186_187_188_189_192_193_194_199_201_202_203_204_207_208_209_210_212_215_216_218_220_221_222_224_225_228_229_232_233_235_236_239_241_243_244_245_247_248_251_255_256_259_262_264_265_268_271_272_279_282  2.04e+09  1.80e+09 -40293.64 107885.02  14385.26    752.09     82.88    110.48   3706.77   1325.71      0.00 0
167 14.0      56_61_65_68_77_80_87_90_92_93_101_104_105_108_109_112_115_118_119_123_127_130_135_138_139_142_144_149_150_153_156_159_160_163_166_169_171_174_177_180_183_186_189_192_195_201_204_207_225  1.58e+10  1.41e+10  78991.66  12299.14  12604.58    896.70     81.04      8.85  -1922.87   5036.32      0.00 0
168 14.0      0_1_2_3_4_5_6_7_8_9_10_11_12_13_14_15_16_17_18_19_20_23_24_25_26_28_31_32_34_37_38_40_47_48_50_52_57_58_69_70_73_74_82_85_94_97_98_113_124_131_132  2.88e+09  2.45e+09 -34843.89  -6325.93  10739.18    723.16     73.13    190.29  -4141.56   -716.92      0.00 0
169 14.0      20_28_32_35_37_40_44_48_52_55_58_62_66_69_70_74_78_79_82_85_88_91_94_97_98_102_103_106_110_111_113_116_117_120_124_128_129_131_132_136_140_141_145_148_151_157_158_161_167_168_172_173_175_181_182_184_190_191_196_197_198_199_200_205_206_211_212_213_214_217_219_220_223_224_226_227_230_231_234_235_237_238_242_243_244_246_249_250_252_253_254_255_256_257_258_259_260_261_264_266_267_269_270_271_272_274_275_276_277_279_281_284_286_287_289_291_295  1.35e+09  1.20e+09 -95674.55  80223.59  14247.82    793.36     83.49    140.02    840.77  -7429.77      0.00 0
170 14.0      227_231_246_250_260_261_267_275_276_277_286_287_288_294  2.29e+10  2.06e+10  -7244.26 -13160.93   7005.32    872.86     65.00    241.17    101.14 -10040.42      0.00 0
171 14.0      8_13_20_28_35_40_44_55_62_66_78_79_88_91_102_110_116_117_128_148_157_158_167_181_182_190_196_200_205_206_213_226_227_230_237_246_249_250_252_257_260_261_266_267_269_275_276_277_280_283_286_287_288_289_290_293_294_295_296_297_298  8.32e+09  7.36e+09   -444.65 -49953.08  11643.29    783.52     76.88    269.49   -737.80 -10857.50      0.00 0
172 14.0      0_1_2_3_4_5_6_7_8_9_10_11_12_13_14_15_16_17_18_19_20_21_22_23_24_25_26_27_28_29_30_31_32_33_34_35_36_37_38_39_40_41_42_43_44_45_46_47_48_49_50_51_52_53_54_55_56_57_58_59_60_61_62_63_64_65_66_67_68_69_70_71_72_73_74_75_76_77_78_79_80_81_82_83_84_85_86_87_88_89_90_91_92_93_94_95_96_97_98_99_101_102_103_104_105_106_107_108_109_110_111_112_113_115_116_117_118_119_120_121_123_124_127_128_129_130_131_132_135_136_137_139_140_141_144_145_148_149_150_151_152_156_157_158_159_160_161_162_166_167_168_169_171_172_173_175_180_181_182_183_184_185_189_190_191_192_195_196_197_198_199_200_201_204_205_206_207_211_212_213_214_217_219_220_223_224_225_226_227_230_231_234_235_237_238_242_243_244_246_249_250_252_253_254_255_257_258_260_261_263_264_266_267_269_270_271_273_274_275_276_277_278_279_280_281_283_284_285_286_287_288_289_290_291_292_293_294_295_296_297_298  6.61e+10  5.88e+10 -52425.66 216041.62  13597.15    792.62     86.50    103.64    364.58  -9951.13      0.00 0
173 14.0      0_1_2_3_4_5_6_7_8_9_10_11_12_13_14_15_16_17_18_19_20_21_22_23_24_25_26_27_28_29_30_31_32_33_34_35_36_37_38_39_40_41_42_43_44_45_46_47_48_49_50_51_52_53_54_55_56_57_58_59_60_61_62_63_64_65_66_67_68_69_71_72_73_75_76_77_78_79_80_81_82_83_84_86_87_88_89_90_91_92_95_96_99_100_101_102_103_104_105_107_108_109_111_112_114_115_116_117_118_121_122_125_126_127_128_129_130_133_134_135_137_138_139_141_142_143_146_147_148_149_152_153_154_155_156_157_158_159_162_163_164_166_168_169_171_173_174_176_178_180_181_182_183_185_189_191_192_195_197_199_200_201_202_203_204_206_207_212_214_218_220_224_225_226_227_231_233_235_238_241_243_244_246_250_251_253_255_256_258_259_261_264_267_270_271_272_274_275_277_279_281_284_287_289_291_295  2.29e+10  2.02e+10 -26313.69 118988.21  14186.26    797.40     83.36    102.47   1445.49     14.36      0.00 0
174 14.0      52_58_62_82_88_106_110_120_128_136_140_151_161_167_172_184_196_198_211_213_217_219_223_234_237_242_254_257_263_273_278_285  6.17e+10  5.60e+10 -10723.39 -30015.27   9945.74    793.92     72.67    250.34  -3627.79  -6522.13      0.00 0
175 14.0      203_212_218_220_224_228_229_233_235_238_241_243_244_245_247_248_250_251_253_255_256_258_259_261_262_264_265_267_268_270_271_272_274_275_277_279_281_284_286_287_289_291_293_294_295_297_298  1.41e+10  1.25e+10 -26706.81 -27329.29  10863.30    749.05     74.13    225.66   4030.20  -8121.28      0.00 0
176 14.0      246_249_250_252_253_257_258_260_261_264_266_267_269_270_271_273_274_275_276_277_278_279_280_281_283_284_285_286_287_288_289_290_291_292_293_294_295_296_297_298  5.25e+10  4.77e+10 -72814.93  -3370.18  12158.85    927.97     80.53    182.65   5859.62 -10863.22      0.00 0
177 14.0      13_20_28_29_32_35_40_41_44_45_52_55_58_62_63_66_67_78_79_82_88_89_91_102_103_107_111_116_117_129_137_141_152_158_162_168_173_185_191_197_199_212_214_218_220_224_233_235_241_243_244_251_255_256_259_268_271_272_282  2.88e+10  2.54e+10 -34215.57  26973.38  11357.03    747.40     75.39    141.75   4236.57  -6082.22      0.00 0
178 14.0      0_1_3_4_5_6_7_9_10_12_14_15_17_18_19_21_22_25_26_27_30_33_34_36_38_39_41_42_43_46_49_50_51_53_54_56_59_60_61_63_64_65_68_71_72_75_76_77_80_83_84_86_87_90_92_95_96_99_100_101_104_105_107_108_109_112_114_115_118_121_125_127_130_133_135_137_139_146_149_152_154_156_159_160_166_171_176_178_180_183_185_189_195_201_203_204  1.17e+09  1.01e+09 -30694.75  42622.00  11788.71    789.65     77.35    125.76   -835.85   4220.52      0.00 0
179 14.0      0_3_4_5_8_9_12_13_17_18_20_21_22_25_26_28_29_33_34_35_38_40_41_44_45_49_50_53_54_55_59_60_62_63_66_67_71_72_75_76_78_79_83_84_86_88_89_91_95_96_99_100_102_103_107_108_110_111_114_116_117_122_126_128_133_134_140_143_147_148_153_155_157_165_167_172_177_179_186_188_190_196_210_211_219  1.26e+09  1.10e+09  26651.36  29506.00  10371.66    865.42     75.38     47.91   1887.68   -779.09      0.00 0
180 14.0      206_214_227_231_246_250_253_260_261_267_275_276  3.16e+10  3.00e+10   8603.06  13116.85   7125.59    876.47     65.57     56.74    728.88  -8636.48      0.00 0
181 14.0      41_45_49_53_59_63_67_71_75_79_83_86_89_91_95_99_100_103_107_111_114_116_117_121_125_126_128_129_133_134_137_141_143_146_148_152_154_155_157_158_162_164_165_167_168_170_173_176_178_179_181_182_185_187_188_190_191_193_194_196_197_199_200_202_203_205_206_208_209_210_212_213_214_215_216_218_219_220_221_222_224_226_227_228_229_230_231_232_233_235_236_237_238_239_240_241_242_243_244_245_246_247_248_249_250_251_252_253_254_255_256_257_258_259_260_261_262_263_264_266_267_269_270_273_274_275_276_277_278_280_281_283_285_286_287_288_289_290_292_293_294_295_296_297  2.95e+09  2.47e+09 -85556.08 -92651.32  14970.92    690.54     83.23    227.28   6343.67  -1315.79      0.00 0
182 14.0      115_118_130_142_149_156_159_163_166_169_174_180_183_186_192  6.92e+10  6.25e+10  27930.60    282.75   9367.62    813.72     71.46      0.58   2842.97   5198.71      0.00 0
183 14.0      0_1_2_3_4_5_6_7_8_9_10_11_12_13_14_15_16_17_18_19_20_21_22_23_24_25_26_27_28_29_30_31_32_33_34_35_36_37_38_39_40_41_42_43_44_45_46_47_48_49_50_51_52_53_54_55_56_57_58_59_60_61_62_63_64_65_66_67_68_69_70_71_72_73_74_75_76_77_78_79_80_81_82_83_84_85_86_87_88_89_90_91_92_93_94_95_96_97_98_99_100_101_102_103_104_105_106_107_108_109_110_111_112_113_114_115_116_117_118_119_120_121_122_123_124_125_126_127_128_129_130_131_132_133_134_135_136_137_138_139_140_141_142_143_144_145_146_147_148_149_150_151_152_153_154_155_156_157_158_159_160_161_162_163_164_165_166_167_168_170_171_172_173_175_176_177_178_179_180_181_182_184_185_187_188_189_190_191_193_194_195_196_197_198_199_200_202_203_205_206_208_209_210_211_212_214_215_216_217_218_220_221_222_224_227_228_229_231_232_233_235_236_238_239_240_241_243_244_245_247_248_251_255_256_258_259_262_264_265_268_271_272_279_282  1.45e+10  1.26e+10 -245462.16 109132.83  11587.68    903.35     87.53    156.03   4783.77  -2996.37      0.00 0
184 14.0      94_98_106_110_113_120_124_128_132_136_140_145_151_161_167_172  4.07e+09  3.56e+09 -11922.79  21580.28   9399.98    727.85     69.13    118.92  -3676.35  -2557.67      0.00 0
185 14.0      0_1_2_4_5_6_7_8_10_11_14_15_16_18_19_20_22_23_24_27_30_31_32_34_36_37_39_42_43_46_47_48_51_52_54_56_57_58_60_61_64_65_68_69_70_73_74_77_80_81_82_84_85_87_90_92_93_94_97_98_101_104_105_106_108_109_112_113_115_118_119_120_122_123_124_127_130_131_132_135_138_139_142_144_145_149_150_151_153_156_159_160_163_166_169_171_174_175_177_180_183_186_189_192_195_201_204_207_225  1.38e+09  1.21e+09 -103888.73 -84277.66  13541.13    926.26     84.22    219.05  -2970.84   2406.60      0.00 0
186 14.0      0_1_2_3_4_5_6_8_9_10_12_13_16_17_18_20_21_22_25_26_28_29_30_33_34_35_38_40_41_42_44_45_49_50_52_53_54_55_59_60_62_63_64_66_67_71_72_75_76_78_79_82_83_84_86_88_89_90_91_95_96_99_100_102_103_106_107_108_110_111_114_116_117_121_122_125_126_128_129_133_134_136_137_138_140_141_143_146_147_148_152_153_154_155_157_158_161_162_163_164_165_167_168_170_172_173_176_177_178_179_181_182_185_186_187_188_190_191_193_194_196_197_198_199_200_202_203_205_206_208_209_210_211_212_213_214_215_216_218_219_220_221_222_223_224_226_227_228_229_230_231_232_233_234_235_236_237_238_239_240_241_242_243_244_246_249_250_252_253_254_257_258_260_261_263_266_267_269_270_273_275_276_277_278_280_281_283_285_286_287_288_290_292_293_294_296_297  4.79e+09  4.23e+09 -95470.23 -119294.28  14335.58    802.65     84.64    231.33   5080.69    174.51      0.00 0
187 14.0      41_53_63_67_83_89_95_107_111_121_137_141_146_152_162_176_185_199_203_218_228_233_241_248_251  1.20e+09  1.04e+09  20028.41 -13647.10   9424.84    713.52     68.75    325.73   4287.23  -3915.77      0.00 0
188 14.0      97_113_119_123_131_135_144_150_160_171  7.94e+09  6.94e+09  -6551.55 -19389.14   8339.57    804.39     67.83    251.33  -4332.78   2256.81      0.00 0
189 14.0      1_2_7_11_14_15_16_19_20_23_24_27_31_32_36_37_39_40_43_47_48_51_52_56_57_58_61_62_65_66_69_70_73_74_77_81_82_85_87_88_92_93_94_97_98_101_105_106_109_110_113_115_118_119_120_123_124_127_131_132_135_136_139_140_144_145_149_150_151_156_159_160_161_166_167_171_172_175_180_183_184_189_195_196_198_201_204_207_211_217_219_223_225_234_237_242_254_257_263_273_278_285_292  1.05e+10  9.26e+09  50002.32 189251.22  13825.18    830.66     85.96     75.20  -4330.59   4807.29      0.00 0
190 14.0      9_13_17_21_25_28_29_33_35_38_40_41_44_45_49_53_55_59_62_63_66_67_71_72_75_78_79_83_86_88_89_91_95_99_100_102_103_106_107_110_111_114_116_117_121_125_128_129_133_134_136_137_140_141_143_146_148_152_154_155_157_158_161_162_164_165_167_168_170_172_176_178_181_184_187_188_190_193_194_196_198_208_209_210_211_215_216_217_219_221_222_223_234_236_239_240  1.48e+10  1.33e+10  38019.40  21117.89   9228.36   1217.70     78.02     29.05   3849.82  -1442.83      0.00 0
191 14.0      28_35_40_44_45_55_66_67_78_79_89_91_103_111_117_129_137_141_158_162_168_173_197_199_212_224  1.29e+10  1.15e+10 -17439.76  14238.73   8814.13    775.73     68.62    140.77   1717.72  -4072.23      0.00 0
192 14.0      0_1_2_4_5_6_7_8_10_11_13_14_15_16_19_20_23_24_27_28_30_31_32_35_36_37_39_40_43_44_46_47_48_51_52_56_57_58_61_62_65_66_69_70_73_74_77_78_80_81_82_85_87_88_92_93_94_97_98_101_102_104_105_106_109_110_113_115_118_119_120_123_124_127_128_131_132_135_136_139_140_144_145_149_150_151_156_157_159_160_161_166_167_171_172_175_180_183_184_189_190_192_195_196_198_201_204_207_211_213_217_219_223_225_230_234_237_242_252_254_257_263_269_273_278_283_285_290_292  1.32e+09  1.12e+09 -24277.02 -90476.73  14284.43    697.00     81.33    254.98  -4276.10  -5905.09      0.00 0
193 14.0      258_264_267_270_271_274_277_279_281_284  2.40e+10  2.16e+10  20670.19   2479.41   8394.26    804.91     68.04      6.84   4037.46  -9810.57      0.00 0
194 14.0      102_110_116_117_128_136_140_148_157_158_167_181_182_191  3.31e+09  2.92e+09 -17005.79  11987.38   8969.14    701.05     66.68    144.82   -559.32  -4802.68      0.00 0
195 14.0      37_48_58_69_70_73_74_85_93_94_97_98_113_119_123_131_135_144_150_160  3.72e+10  3.39e+10  -8210.19  20641.79   7683.83   1014.40     70.92    111.69  -4196.26   2188.29      0.00 0
196 14.0      19_31_37_39_43_47_51_57_61_65_69_70_73_77_81_85_87_93_97_98_101_105_113  3.47e+09  3.10e+09 -10793.50 -13467.67   7756.56    808.37     65.80    231.29  -2129.21   1517.29      0.00 0
197 14.0      120_124_132_136_140_145_151_161_167_172_175_184_196_198_211_213_217_219_223_230_234_237_242_252_254_257_263_266_269_273_276_278_280_283_285_288_290_292_294_296  2.63e+10  2.39e+10  -9824.42  37210.23  10781.51    767.47     74.35    104.79  -3457.09  -6438.34      0.00 0
198 14.0      141_152_162_168_173_176_178_185_187_191_197_199_202_203_206_209_212_214_215_218_220_224_227_228_229_231_232_233_235_239_241_245_247  1.82e+09  1.58e+09  25870.55  18541.99  10102.90    764.72     72.39     35.63   5103.97  -4297.63      0.00 0
199 14.0      117_129_137_141_148_157_158_162_168_173_181_182_190_191_197_200_205_206_213_219_226_227_230_237_242_249_252_257_263_266_269_273_278_283_285  5.37e+10  4.94e+10 -23230.06 -17581.50   9168.91    883.82     72.53    217.12  -1057.05  -7266.99      0.00 0
