#event_number primary_type du_ids energy_primary em_energy Xmax_pos(x, y, z), Xmax_grams zenith azimuth shower_core_pos_x shower_core_pos_y shower_core_pos_z, N_tested_cores, units are degrees, GeV and meters
5300 14.0      88_91_102_106_110_116_117_120_128_136_140_148_151_157_158_161_167_181_182_191  1.38e+08  1.15e+08  16948.38  -9690.72   7714.04    903.46     68.44    330.24  -1296.16  -4242.30      0.00 0
5301 14.0      0_1_2_3_5_8_9_11_13_15_16_20_23_24_28_31_32_37_47_48_52_58_69_70_73_74_85_97_98_113  6.03e+08  5.33e+08  18347.23  -2298.28   8139.92    777.62     66.24    352.86  -2157.57   -262.21      0.00 0
5302 14.0      0_1_2_3_4_5_6_7_8_9_10_11_12_13_14_15_16_17_18_19_20_21_22_23_24_25_26_27_28_29_30_31_32_33_34_35_36_37_38_39_40_41_42_43_44_45_46_47_48_49_50_51_52_53_54_55_56_57_58_59_60_61_62_63_64_65_66_67_68_69_70_71_72_73_74_75_76_77_78_79_80_81_82_83_84_85_86_87_88_89_90_92_93_94_95_96_97_98_99_100_101_103_104_105_106_107_108_109_111_112_113_114_115_118_119_120_121_122_123_124_125_126_127_130_131_132_133_134_135_137_138_139_142_143_144_145_146_147_149_150_152_153_154_155_156_159_160_163_164_165_166_169_170_171_174_176_177_178_179_180_183_186_187_188_189_192_193_194_195_201_202_204_207_208_209_210_215_216_221_222_229_232_236_239_240_247  1.41e+08  1.21e+08 231102.52 -21153.96  13990.67    708.65     86.55    354.77   6332.60   1474.37      0.00 0
5303 14.0      0_1_2_3_4_5_6_7_8_9_10_11_12_13_14_15_16_17_18_19_20_21_22_23_24_25_26_27_28_29_30_31_32_33_34_35_36_37_38_39_40_41_42_43_44_45_46_47_48_49_50_51_52_53_54_55_56_57_58_59_60_61_62_63_64_65_66_67_68_69_70_71_72_73_74_75_76_77_78_79_80_81_82_83_84_85_86_87_88_89_90_91_92_93_94_95_96_97_98_99_100_101_102_103_104_105_106_107_108_109_110_111_112_113_114_116_117_119_120_121_122_123_124_125_126_127_128_129_131_132_133_134_135_136_137_139_140_141_143_144_145_146_147_148_150_151_152_154_155_157_158_160_161_162_164_165_168_170_173_175_176_178_179_184_185_187_188_193_194_197_199_202_203_208_209_212_215_216_218_221_222_224_228_229_232_233_236_239_240_241_245_247_248_251_256_262_265_268_282  2.04e+08  1.76e+08 168521.16 -39681.47  14629.43    748.13     85.17    346.75   4381.55  -1789.21      0.00 0
5304 14.0      101_109_115_119_127_135_139_144_150_156_160_166_171  2.95e+08  2.51e+08  26975.76   5414.77   9927.30    705.28     70.16     11.35  -4102.00   3797.63      0.00 0
5305 14.0      107_111_121_125_129_133_137_141_143_146_152_154_158_162_164_165_168_170_173_176_178_182_185_187_188_191_193_194_197_199_200_202_203_205_206_208_209_212_214_215_216_218_220_221_222_224_226_227_228_229_230_231_232_233_235_236_238_239_240_241_243_244_245_246_247_248_249_250_251_252_253_255_256_258_259_260_261_262_264_265_266_267_268_269_270_271_272_274_275_276_277_279_280_281_282_283_284_286_287_288_289_290_291_292_293_294_295_296_297_298  1.95e+08  1.62e+08 -79472.80 -100810.77  14330.90    786.19     83.63    231.75   4225.88  -6714.45      0.00 0
5306 14.0      0_1_2_3_4_5_6_7_8_9_10_11_12_13_14_15_16_17_18_19_20_21_22_23_24_25_26_27_28_29_30_31_32_33_34_35_36_37_38_39_40_42_43_44_45_46_47_48_50_51_52_54_55_56_58_60_62_64_65_66_68_70_74_76_77_78_80_82_84_88_90_92_94_96_102_104_106_108_110_112_120_128_130_136_138_140_142_151_161_163_167_169_172_174_184_198_211_223  6.61e+08  5.68e+08 -22087.20 -34050.32  11156.54    737.29     74.63    237.03   -343.43   -154.42      0.00 0
5307 14.0      202_203_209_215_218_221_224_228_229_232_233_235_236_239_241_243_244_245_247_248_251_255_256_258_259_262_264_265_268_270_271_272_274_279_281_282_284_291  4.57e+08  3.99e+08  44801.82  86579.38  13926.15    765.38     81.87     62.64   5421.16 -11244.73      0.00 0
5308 14.0      0_1_2_3_4_5_6_7_8_9_10_11_12_13_14_15_16_17_18_19_20_21_22_23_24_25_26_27_28_29_30_31_32_33_34_35_36_37_38_39_40_41_42_43_44_45_46_48_49_50_52_53_54_55_56_58_59_60_62_63_64_66_67_68_71_72_74_75_76_78_79_80_82_83_84_86_88_89_90_91_94_95_96_99_100_102_103_104_106_107_108_110_111_112_114_116_117_120_121_122_125_126_128_129_130_133_134_136_137_138_140_141_142_143_147_148_151_153_155_157_158_161_163_165_167_168_169_172_174_177_179_181_182_184_186_188_190_191_196_198_200_205_206_210_211_213_217_219_223_226_227_230_234_237_242_246_249_252_254_257_260_263_266_269_273_278_280_283_285_290_292  6.31e+08  5.41e+08  50299.37  81061.38  14206.42    715.08     81.53     58.18   -379.69  -3362.49      0.00 0
5309 14.0      162_168_173_176_182_185_191_197_199_200_202_203_206_209_212_214_218_220_224_226_227_228_229_230_231_232_233_235_238_239_241_243_244_245_246_247_248_249_250_251_252_253_255_256_258_259_260_261_262_264_265_266_267_268_269_275_276_280_283  2.95e+08  2.47e+08 -47792.22 -28140.54  12753.35    669.33     77.05    210.49   6020.29  -5128.92      0.00 0
5310 14.0      121_137_141_146_152_154_162_164_168_170_173_176_178_185_187_193_194_197_199_202_203_208_209_212_214_215_218_220_221_222_224_228_229_231_232_233_235_236_238_239_241_243_244_250_253_255_258_261_264_267_270_271_274_275_277_281_284_286_287_289_291_293_295_297_298  2.00e+08  1.63e+08 -23283.56 -44880.20  12596.76    643.56     76.01    242.58   3750.69  -6493.67      0.00 0
5311 14.0      129_137_141_148_152_158_162_168_173_176_181_182_185_190_191_197_199_200_205_206_212_213_214_226_227_230_237_242_246_249_252_257_263_269_273  6.31e+08  5.43e+08 -27564.78 -19272.40  10792.20    684.64     72.21    214.96    707.42  -6268.63      0.00 0
5312 14.0      275_276_277_281_284_286_287_288_289_290_291_293_294_295_296  3.24e+08  2.88e+08  26275.87   3908.21   9689.85    723.67     69.96      8.46   1592.07 -11292.75      0.00 0
5313 14.0      10_14_18_22_26_27_30_34_36_38_39_42_43_46_50_54_56_60_61_64_65_68_71_72_76_77_80_84_86_87_90_92_96_99_100_101_104_105_108_109_112_114_115_118_122_126_127_130_133_134_135_138_139_142_143_147_149_150_153_154_155_156_159_160_163_164_165_166_169_170_171_174_177_179_180_183_186_187_188_189_192_193_194_195_201_204_207_208_209_210_215_216_221_222_225_232_236_239_240_247  5.50e+08  4.75e+08  81228.13 -45676.36  14110.27    719.87     81.39    330.65   1706.87   3468.08      0.00 0
5314 14.0      0_1_3_4_6_7_10_12_14_17_18_19_21_22_25_26_27_30_33_34_36_38_39_42_43_46_49_50_53_54_56_59_60_61_64_65_68_71_72_75_76_77_80_83_84_86_87_90_92_95_96_99_100_101_104_107_108_109_112_114_115_118_121_125_127_130_133_139_146_149_152_154_156_166_171_176_180_189_195_204  1.23e+08  1.05e+08  26009.60 -32558.35  10653.02    843.71     75.66    308.62    114.42   2850.36      0.00 0
5315 14.0      0_1_2_3_4_5_6_7_8_9_10_11_12_13_15_16_17_18_20_21_23_24_25_26_28_29_32_33_34_35_37_38_40_41_44_47_48_49_50_52_53_58_59_62_66_69_70_71_72_74_75_76_82_85_86_94_98_106_120_124_132_145  1.48e+08  1.21e+08 -31011.57  -6540.82  10869.78    640.54     71.07    191.91  -1469.34   -836.00      0.00 0
5316 14.0      126_133_134_143_147_153_154_155_164_165_170_176_177_178_179_186_187_188_193_194_202_203_208_209_210_215_216_221_222_228_229_232_233_236_239_240_245_247_248_251_262_265_268_272_282  2.51e+08  2.09e+08   9410.04 -58552.53  12572.97    732.20     78.03    279.13   6445.15   1764.89      0.00 0
5317 14.0      147_153_155_165_177_179_186_188_210  5.37e+08  4.49e+08   -198.77 -28471.36   9737.06    758.27     71.12    269.60   5260.14   5190.40      0.00 0
5318 14.0      13_21_29_33_35_41_45_53_59_63_67_75_79_83_89_95_107_111_121_125_137_146_152_154_162_176_178_185_187_202_203_209_228_229_232_233_245_247_248_262  3.09e+08  2.59e+08 -33107.86  10166.33  10714.26    713.91     72.81    162.93   5512.16  -3229.81      0.00 0
5319 14.0      45_55_63_66_67_78_79_88_89_91_102_103_106_107_110_111_116_117_121_128_129_136_137_140_141_146_148_151_152_157_158_161_162_167_168_172_173_175_176_178_181_182_184_185_190_196_198_199_202_203_209_211_217_223_229  4.17e+08  3.66e+08  42800.68   6434.79  11290.17    754.45     75.38      8.55   -659.64  -4188.43      0.00 0
5320 14.0      88_94_102_106_110_116_120_124_128_136_140_148_151_157_158_161_167_172_181_182_190_191_196_200_205_206_213_214_226_227_230_231_238_246_250_253_261_267_270_277_281_284_291  8.32e+08  6.96e+08  21877.86 -30581.23  11088.04    702.87     73.57    305.58   -501.68  -6141.08      0.00 0
5321 14.0      145_151_161_167_172_175_184_190_196_198_205_211_213_217_219_223_226_230_234_237_242_246_249_252_254_257_260_261_263_266_269_273_275_276_277_278_280_283_285_286_287_288_289_290_292_293_294_295_296_297_298  8.32e+08  7.21e+08  38938.36 -53397.82  13037.69    719.04     78.84    306.10  -3412.29  -7719.40      0.00 0
5322 14.0      96_100_122_126_134_147_153_155_177_179_188_210  8.51e+08  7.33e+08  20890.59  15639.54   9498.24    745.59     70.00     36.82   6293.52   3617.21      0.00 0
5323 14.0      126_147_155_177_179_210  2.34e+08  1.97e+08  12124.56  17694.22   9491.77    636.18     66.13     55.58   5925.43   3693.60      0.00 0
5324 14.0      0_2_3_4_5_6_8_9_10_12_13_16_17_18_20_21_22_25_26_28_29_33_34_35_38_40_41_42_44_45_49_50_52_53_54_55_59_60_62_63_64_66_67_71_72_75_76_78_79_83_84_86_88_89_91_95_96_99_100_102_103_107_108_110_114_116_117_122_126_128_134_136_138_140_147_148_153_155_157_167_172_177_179_186_190_196_211_219_234  1.12e+08  9.71e+07 -27761.30 -33178.60  11494.68    720.83     75.12    230.08   1316.82   -932.87      0.00 0
5325 14.0      106_110_116_120_128_136_140_145_148_151_157_158_161_167_172_175_181_182_184_190_191_196_200_205_206_213_214_220_226_227_230_231_238_243_246_250_253_258_264_267_270_274_279_281_284  5.01e+08  4.36e+08 -28875.29  24854.21  11025.46    720.55     73.86    139.28    203.14  -6752.73      0.00 0
5326 14.0      23_24_31_32_37_40_47_48_52_57_58_62_66_69_70_73_74_81_82_85_88_93_94_97_98_102_105_106_110_113_116_119_120_123_124_128_131_132_135_136_139_140_144_145_150_151_157_160_161_167_171_172_175_181_184_190_196_198_205_211_213_217_219_223_226_230_234_237_242_246_249_252_254_257_260_263_266_269_273_275_276_278_280_283_285_286_287_288_290_292_293_294_296_297_298  8.13e+08  7.11e+08 -11147.22  79720.37  13383.76    765.46     80.56     97.96  -2826.32  -8717.04      0.00 0
5327 14.0      0_1_2_4_5_6_7_8_10_11_14_15_16_18_19_20_22_23_24_27_30_31_32_36_37_39_42_43_46_47_48_51_52_54_56_58_61_64_65_68_77_80_84_90_92_101_104_108_112_115_118_130_138_142_149_159_163_169_174_183_192_207  1.20e+08  1.02e+08 -19254.38 -36045.11  11702.53    657.29     74.02    241.89   1581.95   4708.96      0.00 0
5328 14.0      0_1_2_3_4_5_6_7_8_9_10_11_12_13_14_15_16_17_18_19_21_22_23_24_25_26_27_29_30_31_32_33_34_36_37_38_39_42_43_46_47_48_49_50_51_53_54_56_57_59_60_61_64_65_68_69_70_71_72_73_75_76_77_80_81_83_84_85_86_87_90_92_93_95_96_97_99_100_101_104_105_108_109_112_113_114_119_122_123_125_126_131_133_134_135_138_143_144_147_150_154_155_164_165_170_179_187_188_193_194_208_210_215_216_221_222_236_239_240  4.79e+08  4.19e+08  67010.68 -10122.45  13124.23    718.99     79.04    351.41   4414.89    600.96      0.00 0
5329 14.0      161_167_172_181_184_190_196_198_200_205_211_213_217_219_223_226_227_230_231_234_237_242_246_249_250_252_253_260_261_267_270  6.31e+08  5.90e+08 -27024.43  16347.24   9686.36    836.94     72.95    148.83  -2795.51  -6620.51      0.00 0
5330 14.0      116_128_140_148_157_158_167_168_181_182_190_191_197_200_205_206_212_214_220_226_227_231_235_238_243_244_250_253_255_258_259_264_270_271_272_274_279  3.72e+08  3.30e+08  39732.22 -22260.23  11583.38    737.08     75.73    330.74   4541.52  -8613.08      0.00 0
5331 14.0      205_213_226_230_237_246_249_252_260_266_275_276_286_287  1.00e+09  8.72e+08  -6401.98  16062.99   7554.59    851.24     66.40    111.73   -960.58  -8992.77      0.00 0
5332 14.0      0_1_2_3_4_5_6_7_8_9_10_11_13_14_15_16_17_19_20_21_23_24_27_28_29_30_31_32_35_36_37_39_40_41_43_44_45_47_48_51_52_55_56_57_58_61_62_65_66_67_69_70_73_74_77_78_79_81_82_85_87_88_91_92_93_94_97_98_101_102_103_105_106_109_110_113_115_116_117_119_120_123_124_127_128_129_131_132_135_136_139_140_144_148_150_151_156_157_158_160_161_166_167_171_172_181_182_189_190_191_195_196_200_204_205_206_211_213_214_219_226_227_230_231_237_246_249_250_252_253_257_260_261_266_267_269_275_276_277_280_281_286_287_288_289_290_291_293_294_295_296_297_298  5.62e+08  4.71e+08 -11328.29  64115.06  11761.74    934.28     79.76    100.02  -1249.04  -3724.10      0.00 0
5333 14.0      89_91_103_107_111_116_117_121_125_128_129_137_140_141_146_148_152_154_157_158_162_164_167_168_172_173_176_178_181_182_185_187_190_191_193_196_197_198_199_200_202_203_205_206_209_211_212_213_214_215_218_219_220_221_223_224_226_227_228_229_230_231_232_233_234_235_236_237_238_239_241_242_243_244_245_246_247_248_249_250_251_252_253_254_255_256_257_258_259_260_261_262_263_264_265_266_267_268_269_270_271_272_273_275_276_278_280_282_283_285_288_290_292  1.86e+08  1.58e+08 -99394.44 -42806.01  14209.02    759.75     82.52    203.30   4070.03  -5204.80      0.00 0
5334 14.0      3_5_8_9_12_13_17_20_21_25_26_28_29_33_35_38_40_41_44_45_49_50_52_53_55_59_62_63_66_67_71_72_75_76_78_79_82_83_86_88_89_91_94_95_99_100_102_103_106_107_110_111_114_116_117_120_121_125_128_129_133_134_136_137_140_141_143_145_146_148_151_152_154_155_157_158_161_162_164_165_167_168_170_172_173_175_176_178_181_182_184_185_187_188_190_191_193_194_196_197_198_199_200_202_203_205_206_208_209_210_211_212_213_214_215_216_217_218_219_220_221_222_223_224_226_227_228_229_230_231_232_233_234_235_236_237_238_239_240_241_242_244_245_246_247_248_249_250_251_252_254_257_262_263_266_269_273_278_283_285  8.13e+08  6.98e+08 128465.62  56740.48  14810.23    728.58     83.98     23.83   5631.59  -2273.21      0.00 0
5335 14.0      72_76_84_86_90_96_99_100_108_112_114_122_125_126_130_133_134_138_142_143_146_147_153_154_155_159_163_164_165_169_170_174_176_177_178_179_183_186_187_188_192_193_194_201_202_203_207_208_209_210_215_216_221_222_225_228_229_232_233_236_239_240_245_247_248_251_256_262_265_268_272_282  9.77e+08  8.56e+08 -40446.07  86697.38  13581.47    812.89     81.92    115.01   5602.61   1674.42      0.00 0
5336 14.0      95_103_107_111_117_121_125_129_133_137_141_146_148_152_154_158_162_164_168_170_173_176_178_181_182_185_187_190_191_193_197_199_200_202_203_205_206_208_209_212_213_214_215_221_226_227_230_236_237_249_252  6.61e+08  5.79e+08 -29515.29 -24968.86  10946.97    742.25     74.19    220.23   2722.06  -4376.79      0.00 0
5337 14.0      114_126_133_134_143_147_155_165_177_179_188  1.05e+08  8.62e+07  -5400.40 -19148.37   9184.51    643.22     65.22    254.25   5019.88   1731.26      0.00 0
5338 14.0      148_157_181_182_190_200_205_213_226_230_237_246_249_252_260_266_269_276_280_283_288_290_296  9.55e+08  8.26e+08  -7788.78 -25145.96   9957.74    675.25     69.28    252.79  -1267.48  -8439.61      0.00 0
5339 14.0      0_1_2_3_4_5_6_7_8_9_10_11_12_13_14_15_16_17_18_19_20_21_22_23_24_25_26_27_28_29_30_31_32_33_34_35_36_37_38_39_40_41_42_43_44_45_46_47_48_49_50_51_52_53_54_55_56_57_58_59_60_61_62_63_64_65_66_67_68_69_70_71_72_73_74_75_76_77_78_79_80_81_82_83_84_85_86_87_89_90_92_93_95_96_97_98_99_100_101_104_105_107_108_109_111_112_113_114_115_118_119_121_122_123_125_126_127_130_131_132_133_134_135_137_138_139_142_143_144_146_147_149_150_152_153_154_155_156_159_160_163_164_165_166_169_170_171_174_176_177_178_179_180_183_185_186_187_188_189_192_193_194_195_201_202_203_204_207_208_209_210_215_216_221_222_225_228_229_232_236_239_240_245_247_248_262  1.70e+08  1.39e+08 -212484.41  80333.55  13734.72    757.91     86.54    159.29  -3405.95   4340.27      0.00 0
5340 14.0      0_1_2_3_4_5_6_7_8_9_10_11_12_13_14_15_16_17_18_19_20_21_22_23_24_25_26_27_28_29_30_31_32_33_34_35_36_37_38_39_40_41_42_43_44_45_46_47_48_49_50_51_52_53_54_55_56_57_58_60_61_62_64_65_66_68_69_70_72_73_74_76_77_78_79_80_81_82_84_85_87_88_90_91_92_93_94_96_97_98_101_102_104_105_106_108_109_110_112_113_115_116_118_119_120_122_123_124_127_128_130_131_132_135_136_138_139_140_142_145_149_151_153_156_157_159_161_163_166_167_169_172_174_175_180_183_184_186_189_190_192_196_198_201_204_207_211_217_219_223_225_234_242_254_263_278  3.89e+08  3.57e+08 -45158.73 -77590.46  12505.25    980.90     82.07    239.80    851.61   4178.93      0.00 0
5341 14.0      14_22_27_30_34_36_39_42_43_46_54_56_60_61_64_65_68_76_77_80_81_84_87_90_92_96_100_101_104_105_108_109_112_119_122_126_135_138_147_150_155_179  6.46e+08  5.66e+08 -28009.31   3951.41   9701.24    760.47     71.07    171.97   1029.42   2541.86      0.00 0
5342 14.0      39_43_51_56_57_61_65_77_80_81_87_92_93_101_104_105_109_119_123  3.63e+08  3.11e+08 -18285.04  -7235.87   9061.39    655.75     65.26    201.59  -1319.65   2586.12      0.00 0
5343 14.0      226_227_230_231_237_246_249_250_252_253_257_258_260_261_263_266_267_269_270_273  1.15e+08  9.58e+07  27021.38    -23.58  10459.21    615.77     68.84    359.95   -352.95  -8806.62      0.00 0
5344 14.0      13_20_21_28_29_35_40_41_44_45_52_53_55_58_59_62_63_66_67_78_79_82_83_88_89_91_94_95_102_103_106_107_110_111_116_117_120_121_124_125_128_129_136_137_140_141_145_146_148_151_152_154_157_158_161_162_167_168_172_173_175_176_178_181_182_184_185_187_190_191_196_197_198_199_202_203_209_211_212_215_217_218_223_224_228_229_232_233_239_241_245_247_248_251_262_265  7.94e+08  6.96e+08 -66235.72   -578.03  12109.20    877.46     79.64    180.50   1056.70  -3861.80      0.00 0
5345 14.0      20_32_40_52_58_62_74_82_94_98_106_120_124_132_145  1.82e+08  1.62e+08 -18696.85  -3162.34   8526.02    722.83     65.79    189.60  -3555.31  -1906.69      0.00 0
5346 14.0      93_97_113_119_123_131_135_139_144_150_160_166_171_195  1.07e+08  8.81e+07   8585.20  30915.33  10542.89    696.36     71.81     74.48  -3970.26   3741.47      0.00 0
5347 14.0      228_229_232_233_241_244_245_247_248_251_256_259_262_265_268_271_272_279_282  1.86e+08  1.58e+08   5792.16  29066.12   9248.12    879.88     72.67     78.73   6404.50  -7986.90      0.00 0
5348 14.0      121_137_141_146_152_154_162_164_168_173_176_178_185_187_191_193_197_199_202_203_206_208_209_212_214_215_218_220_221_222_224_227_228_229_231_232_233_235_236_238_239_241_243_246_247_250_253_261  9.55e+08  8.75e+08  27033.65  29275.57  10573.00    828.08     75.14     47.28   5510.74  -3422.24      0.00 0
5349 14.0      3_5_8_9_12_13_17_20_21_25_26_28_29_33_35_38_40_41_44_45_49_50_52_53_55_59_62_63_66_67_71_72_75_76_78_79_82_83_86_88_100_102_106_110  3.55e+08  3.02e+08  21836.21  13417.97   9658.96    707.55     69.35     31.57    523.94  -1405.10      0.00 0
5350 14.0      41_45_55_63_67_78_79_83_88_89_91_95_99_102_103_107_110_111_116_117_121_125_128_129_133_136_137_140_141_146_148_152_154_157_158_161_162_164_167_168_172_173_176_178_181_182_184_185_187_190_191_193_196_197_198_199_200_202_203_205_206_208_209_211_212_213_214_215_217_218_219_220_221_223_224_226_227_228_229_230_231_232_233_234_235_236_237_238_239_241_242_243_244_245_246_247_248_249_250_251_252_254_256_257_262_263_265_266_269_273_278_285  2.57e+08  2.13e+08 -94208.20 -33305.37  14488.02    692.24     81.75    199.47   2287.48  -4822.55      0.00 0
5351 14.0      0_1_2_3_4_5_6_7_8_9_10_11_12_13_14_15_16_17_18_19_20_21_22_23_24_25_26_27_28_29_30_31_32_33_34_35_36_37_38_39_40_41_42_43_44_45_46_47_48_49_50_51_52_53_54_55_56_57_58_59_60_61_62_63_64_65_66_67_68_69_70_71_72_73_74_75_76_77_78_79_80_81_82_83_84_85_86_87_88_89_90_91_92_93_94_95_96_97_98_99_100_101_102_103_104_105_106_107_108_109_110_111_112_114_115_116_117_118_119_120_121_122_125_126_127_128_129_130_134_135_136_137_138_139_140_141_142_147_148_149_151_152_153_156_157_158_159_161_162_163_166_167_168_169_171_172_173_174_180_181_182_183_186_189_190_191_192_195_196_197_198_199_200_201_204_205_206_207_211_212_213_214_219_220_225_226_227_230_231_234_235_237_238_242_243_246_249_250_252_253_257_258_260_261_263_266_267_269_270_273_274_275_276_277_280_281_283_284_285_286_287_288_289_290_291_292_293_294_295_296_297_298  2.45e+08  2.00e+08  -8772.00 -133834.98  14049.47    838.57     84.02    266.25    213.53  -2461.99      0.00 0
5352 14.0      91_102_103_110_111_116_117_128_129_140_148_157_161_167_172_181_190_196_198_211_213_217_219_223_234_254  7.94e+08  6.99e+08 -26405.98 -12600.67   9903.41    746.37     71.30    205.51  -2270.51  -5295.46      0.00 0
5353 14.0      0_1_2_3_4_5_6_7_8_9_10_11_12_13_14_15_16_17_18_19_20_21_22_23_24_25_26_27_28_29_30_31_32_33_34_35_36_37_38_39_40_41_42_43_44_45_46_47_48_49_50_51_52_53_54_55_56_57_58_59_60_61_63_64_65_67_68_69_70_71_72_73_74_75_76_77_80_81_82_83_84_85_86_87_89_90_92_93_95_96_97_98_99_100_101_104_105_107_108_109_112_113_114_115_118_119_121_122_123_125_126_127_130_131_132_133_134_135_138_139_142_143_144_146_147_149_150_153_154_155_156_159_160_163_164_165_166_169_170_171_174_176_177_178_179_180_183_186_187_188_189_192_193_194_195_202_204_208_209_210_215_216_221_222_229_232_236_239_240_247  3.24e+08  2.75e+08 -150245.34  36514.76  14561.33    768.51     84.62    166.34   4956.71    992.01      0.00 0
5354 14.0      4_6_7_10_12_14_17_18_22_25_26_27_30_33_34_36_38_42_43_46_49_50_54_56_60_71_72_75_76_84_86_99_114  7.08e+08  6.33e+08  16268.04 -10106.28   8315.46    766.52     66.53    328.15   1815.90    382.87      0.00 0
5355 14.0      0_1_2_3_4_6_7_10_11_12_14_15_17_18_19_22_23_25_26_27_30_31_33_34_36_38_39_42_43_46_47_49_50_51_54_56_57_59_60_61_64_65_68_71_72_73_75_76_77_80_81_84_86_87_90_92_93_96_97_99_100_101_104_105_108_109_112_114_115_118_119_122_123_125_126_127_130_133_134_135_138_139_142_143_144_147_149_150_153_154_155_156_159_160_163_164_165_166_170_171_177_179_187_188_189_193_194_195_208_210_215_216_221_222_232_236_239_240  3.80e+08  3.33e+08 -72666.38  25675.44  13755.84    689.10     79.88    160.54    580.44   2339.57      0.00 0
5356 14.0      0_3_4_5_6_9_10_12_13_14_17_18_21_22_25_26_29_30_33_34_36_38_41_42_45_46_49_50_53_54_56_59_60_63_64_67_68_71_72_75_76_79_80_83_84_86_89_90_92_95_96_99_100_103_104_107_108_111_112_114_118_121_122_125_129_130_137_138_141_142_149_152_158_159_162_163_168_169_173_174_183_191_192_197_201_207_212_214_220  1.35e+08  1.13e+08   5337.80 -49135.29  12304.56    672.89     76.02    276.20   1863.32   1118.17      0.00 0
5357 14.0      0_3_4_5_6_9_10_12_13_17_18_21_22_25_26_28_29_30_33_34_35_38_41_42_44_45_46_49_50_53_54_55_59_60_63_64_67_68_71_72_75_76_78_79_83_84_86_89_90_91_95_96_99_100_102_103_104_107_108_111_112_114_116_117_121_122_125_126_129_130_133_134_137_138_141_142_147_148_152_153_155_157_158_162_163_168_169_173_174_177_181_182_186_190_191_197_200_205_206_214_226_227_230_231_238_246_249_250_253_260_261_266_267_275_276_277_280_286_287_288_293_294_297  1.15e+08  9.79e+07 -15281.62 -59690.98  12861.04    708.83     78.21    255.64   1995.72  -1380.99      0.00 0
5358 14.0      0_1_2_3_4_5_6_7_8_9_10_11_12_13_14_15_16_17_18_19_20_21_22_23_24_25_26_27_28_29_30_31_32_33_34_35_36_37_38_39_40_41_42_43_44_45_46_47_48_49_50_51_52_53_54_55_56_57_58_59_60_61_62_63_64_65_66_67_68_69_70_71_72_73_74_75_76_77_78_79_80_81_82_83_84_85_86_87_88_89_90_91_92_93_94_95_96_97_98_99_100_101_102_103_104_105_106_107_108_109_110_111_112_113_114_115_116_117_118_119_120_121_122_123_124_125_126_127_128_129_130_131_132_133_134_135_136_137_138_139_140_141_142_143_144_145_146_147_148_149_150_151_152_153_154_155_156_157_158_160_161_162_163_164_165_166_167_168_170_171_172_173_175_176_177_178_179_181_182_184_185_186_187_188_190_191_193_194_196_197_198_199_200_202_203_205_206_208_209_210_211_212_213_214_215_216_217_218_219_220_221_222_223_224_228_229_232_233_234_235_236_239_240_241_244_245_247_248_251_256_262_265_268_272_282  1.15e+08  9.19e+07 302655.28  -9141.21  11949.70    677.89     87.74    358.27   2407.99  -1259.93      0.00 0
5359 14.0      233_241_244_245_248_251_255_256_259_262_264_265_268_271_272_279_282  7.59e+08  6.76e+08 -13416.71 -22399.94   9653.44    719.45     69.71    239.08   5944.90  -7742.28      0.00 0
5360 14.0      38_49_59_63_71_72_75_76_83_86_89_95_96_99_100_107_111_114_121_122_125_126_129_133_134_137_138_141_143_146_147_152_153_154_155_158_162_163_164_165_168_170_173_176_177_178_179_182_185_186_187_188_191_193_194_197_199_202_203_206_208_209_210_212_214_215_216_218_220_221_222_224_227_228_229_231_232_233_235_236_238_239_240_241_243_244_245_246_247_248_250_251_253_255_256_258_259_261_262_264_265_267_268_270_271_272_274_275_277_279_281_282_284_286_287_289_291_293_295_297_298  9.77e+08  8.20e+08 -31348.61 -125173.79  14839.10    712.80     83.44    255.94   6087.07    628.18      0.00 0
5361 14.0      0_1_2_3_4_5_6_7_10_11_12_14_15_16_17_18_19_22_23_24_25_26_27_30_31_33_34_36_37_38_39_42_43_46_47_49_50_51_54_56_57_60_61_64_65_68_69_70_71_72_73_75_76_77_80_81_84_85_86_87_90_92_93_96_97_99_100_101_104_105_108_109_112_113_114_115_118_119_122_123_126_127_130_131_133_134_135_138_139_142_143_144_147_149_150_153_155_156_159_160_163_164_165_166_169_170_171_174_177_179_180_183_186_188_189_192_193_194_195_201_204_207_208_210_216_221_222_236_240  3.47e+08  2.83e+08 -135167.09   9902.33  15633.33    618.19     83.42    175.81   5552.69   2740.31      0.00 0
5362 14.0      95_99_107_111_114_117_121_125_129_133_134_137_141_143_146_148_152_154_158_162_164_165_168_170_173_176_178_181_182_185_187_188_191_193_194_197_199_200_202_203_205_206_208_209_210_212_214_215_216_218_220_221_222_224_226_227_228_229_230_231_232_233_235_236_238_239_240_241_243_244_245_246_247_248_249_250_251_252_253_255_256_258_259_260_261_262_264_265_266_267_268_269_270_271_272_273_274_275_276_277_279_280_281_282_283_284_285_286_287_288_289_290_291_292_293_294_295_296_297_298  6.31e+08  5.29e+08 -91776.57 -119778.60  14290.52    809.62     84.59    232.54   4932.50  -5724.32      0.00 0
5363 14.0      33_38_49_50_53_59_63_67_71_72_75_76_83_86_89_95_96_99_100_103_107_111_114_117_121_122_125_126_129_133_134_137_141_143_146_147_152_153_154_155_158_162_164_165_168_170_173_177_179_182_186_188_191_193_194_206_208_210_216_222_240  9.12e+08  7.72e+08 -29760.82 -55573.55  13181.37    673.94     78.19    241.83   6372.97   3866.34      0.00 0
5364 14.0      0_1_2_3_4_5_6_7_8_9_10_11_12_13_14_15_16_17_18_19_20_21_22_23_24_25_26_27_28_29_30_31_32_33_34_35_36_37_38_39_40_41_42_44_45_46_47_48_49_50_51_52_53_54_55_57_58_59_60_62_63_64_66_67_69_70_71_72_73_74_75_76_78_79_82_83_84_85_86_88_94_95_96_97_98_99_100_106_113_114_120_124_125_126_131_132_133_134_143_145_154_155_164_165_170_188_193_194_208_216_221_222_236_240  2.40e+08  1.96e+08 -55925.70  -7999.24  12814.58    670.19     77.22    188.14    265.28   -355.12      0.00 0
5365 14.0      8_11_13_16_20_23_24_28_29_32_35_37_40_44_45_47_48_52_55_58_62_66_67_69_70_73_74_78_79_82_85_88_89_91_94_97_98_102_103_106_110_111_113_116_117_120_123_124_128_129_131_132_136_140_141_144_145_148_157_158_167_168_173_181_182_191_197_199_200_206_212_214_220_224_227_231_235_238_243_244_253_255_258_259_264_271_274_279  5.13e+08  4.61e+08  35860.77 -35549.18  11268.45    858.39     77.42    315.25   -327.85  -3775.07      0.00 0
5366 14.0      0_1_2_3_4_5_6_7_8_9_10_11_12_13_14_15_16_17_18_19_20_21_22_23_24_25_26_27_28_29_30_31_32_33_34_35_36_37_38_39_40_42_43_44_46_47_48_49_50_51_52_54_56_57_58_60_61_62_64_65_66_68_69_70_71_72_73_74_76_77_80_81_82_84_85_86_87_88_90_92_93_94_96_97_98_100_101_104_105_106_108_109_112_113_115_118_119_120_122_123_124_126_127_130_131_132_134_135_136_138_139_142_144_145_147_149_150_151_153_155_156_159_160_163_166_169_171_174_175_177_179_180_183_184_186_188_189_192_195_201_204_207_210_225  1.95e+08  1.62e+08 186771.31 108965.50  14703.43    662.77     86.11     30.26  -3914.05   1972.49      0.00 0
5367 14.0      196_205_211_213_217_219_223_226_230_234_237_242_246_249_252_254_257_260_261_266_269_275_276_277  6.76e+08  5.85e+08  23225.87 -17356.21  10381.52    664.05     70.30    323.23  -2008.97  -7998.46      0.00 0
5368 14.0      0_1_2_3_4_5_6_7_8_9_10_11_12_13_14_15_16_17_18_19_20_21_22_23_24_25_26_27_28_29_30_32_33_34_35_36_37_38_40_41_42_44_45_46_48_49_50_52_53_54_55_58_60_62_63_64_66_67_68_72_74_76_78_79_80_82_84_88_90_91_94_102_106_108_110_112_116_120_128_136_140_151_157_161_167_172_184_190_196_198_211_213_217_219_223_234_237_242_254_257_263_273_278_285  2.14e+08  1.75e+08 -31416.59 -49295.19  12798.75    690.26     77.65    237.49  -3464.29  -6085.27      0.00 0
5369 14.0      151_161_172_175_184_196_198_205_211_213_217_219_223_226_230_234_237_242_246_249_252_254_257_260_261_263_266_269_273_275_276_277_278_280_283_285_286_287_288_289_290_292_293_294_295_296_297_298  1.23e+08  1.01e+08  33458.46 -49904.23  13067.14    665.92     77.73    303.84   -755.85 -11247.58      0.00 0
5370 14.0      0_1_2_3_4_5_6_7_8_9_10_11_12_13_14_15_16_17_18_19_20_21_22_23_24_25_27_28_29_30_31_32_33_35_36_37_39_40_41_42_43_44_45_46_47_48_51_52_53_55_56_57_58_61_62_63_65_66_67_68_69_70_73_74_77_78_79_80_81_82_85_87_88_89_91_92_93_94_97_98_101_102_103_104_105_106_109_110_113_115_116_117_118_119_120_123_124_127_128_129_131_132_135_136_139_140_144_145_148_149_150_151_156_157_158_160_161_166_167_168_171_172_175_180_181_182_183_184_189_190_191_195_196_198_200_201_204_205_206_211_213_214_217_219_223_225_226_227_230_231_234_237_242_246_249_250_252_253_254_257_260_261_263_266_267_269_270_273_275_276_277_278_280_281_283_285_286_287_288_289_290_291_292_293_294_295_296_297_298  4.17e+08  3.44e+08 -20848.06 182697.52  14827.19    708.40     85.39     96.51  -2173.53  -9717.48      0.00 0
5371 14.0      106_110_128_136_140_157_161_167_172_190_196_205_213_219_230_237_249  3.02e+08  2.53e+08  -5900.95  21206.24   9361.66    669.36     66.96    105.55  -2011.18  -5760.14      0.00 0
5372 14.0      0_1_2_3_4_5_6_7_8_9_10_11_12_13_14_15_16_17_18_19_20_21_22_23_24_25_26_27_28_29_30_31_32_33_34_35_36_37_38_39_40_41_42_43_44_45_46_47_48_49_50_51_52_53_54_55_56_57_58_59_60_61_62_63_64_65_66_67_68_69_70_71_72_73_74_75_76_77_78_79_80_81_82_83_84_85_87_88_89_90_91_92_93_94_95_97_98_101_102_103_104_105_106_107_109_110_111_112_113_115_116_117_118_119_120_123_124_127_128_129_130_131_132_135_136_137_139_140_141_144_145_148_149_150_151_156_157_158_159_160_161_162_166_167_168_169_171_172_173_175_180_181_182_183_184_189_190_191_192_195_196_197_198_200_201_204_205_206_207_211_212_213_214_217_219_220_223_225_226_227_230_231_234_237_238_242_243_246_249_250_252_253_254_257_258_260_261_263_264_266_267_269_270_273_274_275_276_277_278_280_281_283_284_285_286_287_288_289_290_291_292_293_294_295_296_297_298  1.20e+08  9.51e+07  46813.24 -288077.88  11212.01    832.18     87.80    279.23  -3336.89  -2128.47      0.00 0
5373 14.0      0_3_4_5_9_10_12_13_17_18_21_22_25_26_29_33_35_38_41_45_49_53_55_59_63_67_79_83_89_103_107_111_117_129_141_158_168_191_197_214  7.59e+08  6.57e+08  -4416.78  26085.89   9923.52    683.37     69.44     99.61   1396.57  -2826.17      0.00 0
5374 14.0      26_34_38_42_50_54_60_64_68_71_72_76_84_86_90_96_104_108_112_130_138_142_159_169  1.35e+08  1.15e+08  -3242.61  21365.06   9154.98    691.98     67.04     98.63   2117.82   2578.78      0.00 0
5375 14.0      0_1_2_3_4_5_6_7_8_9_10_11_12_13_14_15_16_17_18_19_20_21_22_23_24_25_26_27_28_29_30_31_32_33_34_36_37_38_42_47_48_49_50_51_52_53_54_57_58_59_60_64_69_70_71_72_73_74_75_76_84_85_86_96_98_99_100_113_114_126_133_134_143_155_164_165_170_188_194_208_216_222_236_240  1.91e+08  1.58e+08 -41777.00  -5500.05  12138.46    613.05     73.93    187.50   2784.47    457.75      0.00 0
5376 14.0      200_205_206_213_214_220_226_227_230_231_235_237_238_243_246_249_250_252_253_255_258_264  4.79e+08  4.03e+08  25225.07     83.65   9326.09    754.73     69.71      0.19   1227.83  -7716.35      0.00 0
5377 14.0      3_5_8_9_12_13_17_21_25_26_28_29_33_34_35_38_40_41_44_45_49_50_53_55_59_60_62_63_66_67_71_72_75_76_78_79_83_86_88_89_91_95_96_99_100_102_103_107_110_111_114_116_117_121_122_125_126_128_129_133_134_136_137_140_141_143_146_147_148_152_154_155_157_158_161_162_164_165_167_168_170_172_173_176_177_178_179_181_182_185_187_188_190_191_193_194_196_197_198_199_200_202_203_205_206_208_209_210_211_212_213_214_215_216_217_219_220_221_222_223_226_227_230_231_234_236_237_239_240_242_246_249_250_252_254_257_260_261_263_266_269_273_276_278_280_283_285_288_290_292_296  1.12e+08  9.35e+07 -82950.47 -80750.36  15076.27    657.64     82.58    224.23  -4081.96  -9158.98      0.00 0
5378 14.0      0_1_2_3_4_5_6_7_8_9_10_11_12_13_14_15_16_17_18_19_20_21_22_23_24_25_26_27_28_29_30_31_32_33_34_35_36_37_38_39_40_41_42_43_44_45_46_47_48_49_50_51_52_53_54_55_56_57_58_59_60_61_62_63_64_66_67_68_69_70_71_72_73_74_75_76_78_79_80_81_82_83_84_85_86_88_89_90_91_94_95_96_97_98_99_100_102_103_106_107_108_110_113_114_116_120_121_122_124_125_126_128_132_133_134_136_138_140_143_145_147_151_153_154_155_161_164_165_170_172_175_177_179_184_187_188_193_194_198_208_210_216_217_221_222_236_240  1.66e+08  1.39e+08  84353.59  33858.64  14298.82    683.30     81.06     21.87    337.05   -662.93      0.00 0
5379 14.0      0_1_2_3_4_5_6_7_8_9_10_11_12_13_14_15_16_17_18_19_20_21_22_23_24_25_26_27_28_29_30_31_32_33_34_35_36_37_38_39_40_41_42_43_44_45_46_47_48_49_50_51_52_53_54_55_56_57_58_59_60_61_62_63_64_65_66_67_68_69_70_71_72_73_74_75_76_77_78_79_80_81_82_83_84_85_86_87_88_89_90_91_92_93_94_95_96_97_98_99_100_101_102_103_104_105_106_107_108_109_111_112_113_114_115_116_117_118_119_121_122_123_125_126_127_129_130_131_133_134_135_137_138_139_141_142_143_144_146_147_148_149_150_152_153_154_155_156_158_159_160_162_163_164_165_166_168_169_170_171_173_174_176_177_178_179_180_183_185_186_187_188_189_191_192_193_194_195_197_199_201_202_203_204_207_208_209_210_212_214_215_216_218_220_221_222_224_225_228_229_232_233_235_236_239_240_241_243_244_245_247_248_251_255_256_259_262_264_265_268_271_272_279_282  7.76e+08  6.40e+08 181418.39 -182052.73  13469.50    689.53     87.00    314.90   2113.85    906.04      0.00 0
5380 14.0      8_11_15_16_19_20_23_24_28_31_32_37_40_44_47_48_51_52_57_58_61_62_66_69_70_73_74_78_81_82_85_87_88_93_94_97_98_102_105_106_109_110_113_119_123_135_139_144_150_160  2.95e+08  2.54e+08   9765.42 -28950.50  10051.27    747.90     71.79    288.64  -2586.16    851.51      0.00 0
5381 14.0      120_124_136_140_145_151_157_161_167_172_175_181_184_190_196_198_200_205_211_213_217_219_223_226_227_230_234_237_242_246_249_250_252_257_260_261_266_267_269_275_276_277_280_286_287_288_289_293_294_295_298  1.78e+08  1.46e+08  24859.36 -38018.04  11612.26    730.87     75.66    303.18  -2144.84  -7213.09      0.00 0
5382 14.0      0_1_2_3_4_5_6_7_8_9_10_11_12_13_14_15_16_17_18_19_20_21_22_23_24_25_26_27_28_29_30_31_33_34_35_36_38_39_41_42_43_44_45_46_47_49_50_51_53_54_55_56_57_59_60_61_63_64_65_67_68_71_72_75_76_77_79_80_81_83_84_86_87_89_90_92_95_96_99_100_101_103_104_105_107_108_109_111_112_114_115_118_121_125_127_129_133_135_137_139_141_146_149_152_154_156_160_162_166_168_171_173_176_178_180_185_189_195_197_199_202_203_204_212_218_220_224_228_233_235_241_243_244_248_251_255_256_259_264_265_268_271_272_279_282  2.24e+08  1.86e+08  35583.40 -60024.68  13222.77    719.06     79.27    300.66   2821.32  -2746.84      0.00 0
5383 14.0      63_89_107_111_129_137_141_162_168_173_197_199_212_220_224_235_243_244_255_259_264_271_279  1.12e+08  9.19e+07 -11978.14  23078.60   9639.03    719.36     69.66    117.43   3351.15  -5664.30      0.00 0
5384 14.0      0_1_2_3_4_5_6_7_8_9_10_11_12_13_14_15_16_17_18_19_20_21_23_24_25_27_28_29_30_31_32_33_35_36_37_39_40_41_43_44_45_47_48_51_52_53_55_56_57_58_59_61_62_63_65_66_67_69_70_73_74_77_78_79_81_82_83_85_87_88_89_91_93_94_97_98_101_102_103_105_106_107_109_110_111_113_116_117_119_120_123_124_127_128_129_131_132_135_136_137_139_140_141_144_145_148_150_151_157_158_160_161_162_166_167_168_171_172_173_175_181_182_184_190_191_195_196_197_198_199_200_205_206_211_212_213_214_217_219_220_223_224_226_227_230_231_234_235_237_238_242_243_244_246_249_250_252_253_254_255_257_258_259_260_261_263_264_266_267_269_270_271_273_274_275_276_277_278_279_280_281_283_284_285_286_287_288_289_290_291_292_293_294_295_296_297_298  5.37e+08  4.47e+08 -121069.48 208268.95  13974.70    682.98     86.68    120.17  -1921.09  -5077.61      0.00 0
5385 14.0      0_1_2_3_4_5_6_7_8_9_10_11_12_13_14_15_16_17_18_19_20_21_22_23_24_25_26_27_28_29_30_31_32_33_34_35_36_37_38_39_40_41_42_43_44_45_46_47_48_49_50_51_52_53_54_55_56_57_58_59_60_61_62_63_64_65_66_67_68_69_70_71_72_73_74_75_76_77_78_79_80_81_82_83_84_86_87_88_89_90_91_92_93_95_96_99_100_101_102_103_104_105_106_107_108_109_110_111_112_114_115_116_117_118_121_122_125_126_127_128_129_130_133_134_135_137_138_139_141_142_143_146_147_148_149_152_153_154_155_156_157_158_159_162_163_164_165_166_167_168_169_170_171_173_174_176_177_178_179_180_181_182_183_185_186_187_188_189_190_191_192_193_194_195_197_199_200_201_202_203_204_205_206_207_208_209_210_212_214_215_216_218_220_221_222_224_225_226_227_228_229_230_231_232_233_235_238_239_241_243_244_245_246_247_248_249_250_251_253_255_256_258_259_260_261_262_264_265_266_267_268_270_271_272_274_275_276_277_279_281_282_284_286_287_289_291_293_294_295_297_298  1.07e+08  8.69e+07  33599.08 -222426.19  14862.27    623.35     86.22    278.59   3383.63  -6245.36      0.00 0
5386 14.0      95_99_107_111_114_121_125_129_133_134_137_141_143_146_152_154_155_158_162_164_165_168_170_173_176_178_179_182_185_187_188_191_193_194_197_199_200_202_203_206_208_210_212_214_216_218_220_222_224_227_231_238_240_246_250_253_260_261_267_275  7.76e+08  6.94e+08 -21061.20 -39878.62  11420.06    758.03     75.79    242.16   3724.13  -3195.70      0.00 0
5387 14.0      0_1_2_3_4_5_6_7_8_9_10_11_12_13_14_15_16_17_18_19_21_22_23_24_25_26_27_28_29_30_31_33_34_35_36_38_39_41_42_43_45_46_47_49_50_51_53_54_56_57_59_60_61_63_64_65_67_68_71_72_73_75_76_77_80_81_83_84_86_87_89_90_92_93_95_96_99_100_101_104_105_107_108_109_111_112_114_115_118_119_121_122_125_126_127_130_133_134_135_137_138_139_141_142_143_146_147_149_150_152_153_154_155_156_159_160_162_163_164_165_166_169_170_171_173_174_176_177_178_179_180_183_185_186_187_188_189_192_193_194_195_199_201_202_203_204_207_208_209_210_215_216_218_221_222_224_225_228_229_232_233_236_239_240_241_244_245_247_248_251_256_259_262_265_268_272_282  1.86e+08  1.51e+08 -131399.53 143850.42  14820.35    692.29     85.65    132.41   1156.67   4031.42      0.00 0
5388 14.0      0_1_2_3_4_5_6_7_8_9_10_11_12_13_14_15_16_17_18_19_20_21_22_23_24_25_26_27_28_29_30_31_32_33_34_35_36_37_38_39_40_41_42_43_44_45_46_47_48_49_50_51_52_53_54_55_56_57_58_59_60_62_63_64_65_66_67_68_69_70_71_72_74_75_76_77_78_79_80_82_83_84_86_88_89_90_91_92_94_95_96_98_99_100_102_103_104_106_107_108_110_111_112_114_116_117_118_120_121_122_124_125_126_128_129_130_133_134_136_137_138_140_142_143_145_147_148_151_153_155_157_158_161_163_165_167_169_172_174_175_177_179_181_182_184_186_188_190_194_196_198_200_205_210_211_213_216_217_219_223_230_234_237_242_252_254_257_263_269_273_278_283_285  2.40e+08  2.14e+08 -62959.62 -80846.08  13818.00    801.82     82.32    232.09   3479.45   2614.10      0.00 0
5389 14.0      1_4_6_7_10_14_15_18_19_22_27_30_34_36_39_42_43_46_54_56_60_64_68_77_80_84_90_96_104_108_112_122_130_138_142_153_163_174_177_186  2.34e+08  1.99e+08  26775.92  21245.17  10961.00    668.13     72.22     38.43   3042.99   3751.74      0.00 0
5390 14.0      103_111_129_141_158_162_168_173_191_197_199_212_214_220_224_235_243_244_255_256_259_264_271_272_279  1.05e+08  8.96e+07 -20899.57  26434.97  11177.40    629.33     71.65    128.33   3879.62  -6726.50      0.00 0
5391 14.0      9_12_17_18_21_25_26_29_33_34_38_41_45_49_50_53_54_59_60_63_64_67_71_72_75_76_79_83_84_86_89_90_91_95_96_99_100_103_107_108_111_112_114_117_121_122_125_126_129_133_134_137_138_141_142_143_146_147_148_152_153_154_155_158_162_163_164_165_168_170_173_174_176_177_178_179_181_182_185_186_187_188_191_193_194_197_199_200_202_203_205_206_208_209_210_212_214_215_216_218_220_221_222_224_226_227_228_229_231_232_233_235_236_238_239_240_241_243_244_245_246_247_248_249_250_251_253_255_256_258_259_260_261_262_264_265_266_267_268_270_271_272_274_275_276_277_279_280_281_282_284_286_287_288_289_291_293_294_295_296_297_298  7.59e+08  6.27e+08  59424.83 226192.22  14303.97    664.46     86.50     75.28   5870.02  -1877.18      0.00 0
5392 14.0      141_146_152_154_162_164_168_173_176_178_185_187_191_193_197_199_202_203_206_208_209_212_214_215_218_220_221_222_224_226_227_228_229_231_232_233_235_236_238_239_240_241_243_244_245_246_247_248_249_250_251_253_255_256_258_259_260_261_262_264_265_266_267_268_270_271_272_274_275_276_277_279_280_281_282_284_286_287_288_289_290_291_293_294_295_296_297_298  3.47e+08  3.04e+08 -99794.48 -117798.60  14893.00    721.37     84.49    229.73   3764.44  -9546.66      0.00 0
5393 14.0      2_8_11_15_16_20_23_24_28_31_32_35_37_40_44_47_48_51_52_55_57_58_62_66_69_70_73_74_78_79_81_82_85_88_91_93_94_97_98_102_105_106_110_113_116_117_119_120_123_124_128_131_132_135_136_140_144_145_148_150_151_157_158_160_161_167_172_181_182_190_191_196_198_200_205_206_211_213_214_219_226_227_230_231_237_238_246_249_250_252_253_260_261_266_267_270_275_276_277_281_284_286_287_289_291_293_295_298  1.91e+08  1.65e+08 -26875.62  61079.49  13055.78    721.36     78.93    113.75  -2243.14  -2726.00      0.00 0
5394 14.0      25_26_34_38_49_50_54_59_60_64_71_72_75_76_84_86_90_95_96_99_100_108_121_125  3.31e+08  2.83e+08   5256.61 -18588.86   8227.79    788.58     66.93    285.79   2613.93    207.49      0.00 0
5395 14.0      0_2_3_5_8_9_11_13_16_17_20_21_23_24_28_29_32_33_35_37_40_41_44_45_48_52_53_55_58_59_62_63_66_67_69_70_74_75_78_79_82_83_85_88_89_91_95_103_107_111_121_125_129_137_141_146_152_162_173_176_178_185_199_202_203_218_228_229_233_241_245_248_251_262_265  2.24e+08  1.87e+08  39162.32 -17674.24  11834.77    665.30     74.60    335.71   3128.58  -3175.81      0.00 0
5396 14.0      0_1_2_3_4_5_6_7_8_9_10_11_12_13_14_15_16_17_19_20_21_23_24_25_27_28_29_31_32_33_35_36_37_39_40_41_43_44_45_47_48_51_52_53_55_57_58_61_63_65_67_69_70_73_79_81_83_85_87_89_93_97_105_109_119_123_135_139_144_150_160  1.66e+08  1.43e+08  27332.87 -27495.55  11029.22    730.41     74.12    314.83  -2725.59   1982.06      0.00 0
5397 14.0      0_1_2_3_4_5_6_7_8_9_10_11_12_13_14_15_16_17_18_19_20_21_22_23_24_25_26_27_28_29_30_31_32_33_34_35_36_37_38_39_40_41_42_43_44_45_46_47_48_49_50_51_52_53_54_55_56_57_58_59_60_61_62_63_64_65_66_67_68_69_70_71_72_73_74_75_76_78_79_81_82_83_84_85_86_88_89_90_91_93_94_95_96_97_98_99_100_102_103_106_107_108_110_111_113_114_116_117_120_121_122_123_124_125_126_128_129_131_132_133_134_136_137_140_141_143_145_146_147_148_151_152_154_155_157_158_161_162_164_165_167_168_170_172_173_175_176_178_179_181_182_184_185_187_188_190_191_193_194_196_197_198_199_200_202_203_205_206_208_209_210_211_212_213_214_215_216_217_218_219_220_221_222_223_224_228_229_232_233_234_235_236_239_240_241_244_245_247_248_251_254_256_262_265  3.39e+08  2.68e+08 197840.17  19712.18  14949.33    669.06     85.70      5.69   5713.51  -1948.29      0.00 0
5398 14.0      197_200_206_212_214_218_220_224_226_227_230_231_233_235_237_238_241_243_244_245_246_248_249_250_251_252_253_255_256_257_258_259_260_261_262_263_264_265_266_267_268_269_270_271_272_273_274_275_276_277_278_279_280_281_282_283_284_285_286_287_288_289_290_291_292_293_294_295_296_297_298  1.48e+08  1.28e+08 108687.99  37615.36  13958.83    818.21     83.08     19.09   3451.03  -9416.75      0.00 0
5399 14.0      66_78_79_88_89_91_102_103_106_110_111_116_117_120_128_129_136_137_140_141_145_148_151_152_157_158_161_162_167_168_172_173_175_176_181_182_184_185_190_191_196_197_198_199_200_202_203_205_206_211_212_213_214_217_218_219_220_223_224_226_227_228_229_230_231_233_234_235_237_238_241_242_243_244_245_246_247_248_249_250_251_252_253_254_255_256_258_259_262_264_265_268_271_272_279_282  1.23e+08  1.08e+08  92188.63 -11482.71  13701.85    780.80     81.61    352.90   3968.26  -6177.04      0.00 0
