#event_number primary_type du_ids energy_primary em_energy Xmax_pos(x, y, z), Xmax_grams zenith azimuth shower_core_pos_x shower_core_pos_y shower_core_pos_z, N_tested_cores, units are degrees, GeV and meters
104300 5626.0    0_1_2_3_4_5_6_8_9_10_11_12_13_14_16_17_18_20_21_22_25_26_28_29_30_32_33_34_35_38_40_41_42_44_45_46_49_50_52_53_54_55_59_60_62_63_64_66_67_68_71_72_75_76_78_79_82_83_84_86_88_89_90_91_95_96_99_100_102_103_106_107_108_110_111_112_114_116_117_121_122_125_126_128_129_133_134_136_137_138_140_141_142_143_146_147_148_152_153_154_155_157_158_161_162_163_164_165_167_168_170_172_173_174_176_177_178_179_181_182_185_186_187_188_190_191_193_194_196_197_198_199_200_202_203_205_206_208_209_210_211_212_213_214_215_216_218_219_220_221_222_223_224_226_227_228_229_230_231_232_233_234_235_236_237_238_239_240_241_242_243_244_245_246_247_248_249_250_251_252_253_254_255_256_257_258_259_260_261_263_264_266_267_269_270_271_273_274_275_276_277_278_279_280_281_283_284_285_286_287_288_289_290_291_292_293_294_295_296_297_298  9.12e+09  7.65e+09 -118143.23 -162610.22  14407.67    734.82     85.90    234.00   2801.14  -3374.44      0.00 0
104301 5626.0    0_1_2_3_4_5_6_7_8_9_10_11_13_14_15_16_19_20_21_23_24_27_28_29_31_32_35_36_37_39_40_41_43_44_45_47_48_51_52_55_56_57_58_61_62_65_66_67_69_70_73_74_77_78_79_81_82_85_87_88_91_93_94_97_98_101_102_103_105_106_109_110_113_115_116_117_119_120_123_124_127_128_129_131_135_136_139_140_144_148_150_156_157_158_160_161_166_167_171_172_181_182_189_190_191_195_196_200_205_206_211_213_214_219_226_227_230_231_237_246_249_250_252_253_260_261_266_267_269_275_276_277_280_281_286_287_288_289_291_293_294_295_296_297_298  7.08e+09  5.89e+09 -13108.91  69310.64  13570.99    673.89     79.11    100.71   -965.95  -4860.38      0.00 0
104302 5626.0    0_1_2_3_4_5_6_7_8_9_10_11_12_13_14_15_16_17_18_19_20_21_22_23_24_25_26_27_28_29_30_31_32_33_34_35_36_37_38_39_40_41_42_43_44_45_46_47_48_49_50_51_52_53_54_55_56_57_58_59_60_61_62_63_64_65_66_67_68_69_70_71_72_73_74_75_76_77_78_79_80_81_82_83_84_85_86_88_90_91_94_96_98_99_100_102_104_106_108_110_112_113_114_120_122_124_126_128_132_134_136_138_140_142_145_147_151_153_155_161_163_165_172_175_177_179_184_186_188_198_210_217_223  3.16e+10  2.72e+10 -59095.16 -39069.75  13309.04    713.76     79.36    213.47  -1739.08  -1323.53      0.00 0
104303 5626.0    181_182_190_196_200_205_206_211_213_214_219_226_227_230_231_238_243_246_250_253_258  1.35e+10  1.16e+10 -21837.57   7124.96   9039.07    747.51     68.52    161.93    215.23  -7341.07      0.00 0
104304 5626.0    7_11_15_19_23_24_27_31_32_36_37_39_43_47_48_51_52_56_57_58_61_65_69_70_73_74_77_81_82_85_87_92_93_94_97_98_101_105_106_109_113_115_118_119_120_123_124_127_131_132_135_136_139_144_145_149_150_151_156_159_160_161_166_171_175_180_183_184_189_192_195_198_201_204_207_217_223_225  2.19e+10  1.86e+10 -35243.98 -76696.44  13686.02    740.86     80.79    245.32  -3406.14   1607.41      0.00 0
104305 5626.0    66_78_88_91_94_102_103_106_110_111_116_117_120_124_128_129_136_140_141_145_148_151_157_158_161_162_167_168_172_173_175_181_182_184_185_190_191_196_197_198_199_200_205_206_211_212_213_214_217_218_219_220_223_224_226_227_230_231_233_234_235_237_238_241_242_243_244_246_249_250_251_252_253_254_255_256_257_258_259_260_261_263_264_265_266_267_268_270_271_272_274_277_279_281_282_284  1.07e+10  8.93e+09 106783.38 -39436.83  14945.97    670.33     82.52    339.73   1890.68  -7145.08      0.00 0
104306 5626.0    0_1_2_3_4_5_6_7_8_9_10_11_12_13_14_15_16_17_18_19_20_21_22_23_24_25_26_27_28_29_30_31_32_33_34_35_36_37_38_39_41_42_46_47_48_49_50_51_52_53_54_57_58_59_60_64_69_70_71_72_73_74_75_76_81_83_84_85_86_95_96_97_98_99_100_113_114_125_126_131_133_134_143_154_155_164_165_170_187_188_193_194_208_215_216_221_222_236_239_240  2.95e+10  2.52e+10 -46467.95   1038.28  11864.77    704.54     75.68    178.72   3794.80      8.77      0.00 0
104307 5626.0    7_14_15_19_27_31_36_39_43_51_57_61_65_81_87_93_105_109_119_135_150  1.45e+09  1.18e+09  16002.29 -11010.41   8897.23    674.79     65.39    325.47  -2214.81   2412.76      0.00 0
104308 5626.0    67_78_79_89_91_102_103_107_110_111_116_117_121_128_129_136_137_140_141_146_148_151_152_154_157_158_161_162_167_168_172_173_175_176_178_181_182_184_185_187_190_191_196_197_198_199_200_202_203_205_206_209_211_212_213_214_215_217_218_219_220_223_224_226_227_228_229_230_231_232_233_234_235_237_238_239_241_242_243_244_245_246_247_248_249_250_251_252_253_254_255_256_257_258_259_260_261_262_263_264_265_266_267_268_269_270_271_272_273_274_275_276_277_278_279_280_281_282_283_284_285_286_287_288_289_290_291_292_293_294_295_296_297_298  2.19e+09  1.75e+09 223175.97  38468.98  14486.22    663.20     86.34      9.78  -1153.93  -8048.44      0.00 0
104309 5626.0    71_72_76_84_86_95_96_99_100_108_112_114_121_122_125_126_130_133_134_138_142_143_146_147_152_153_154_155_163_164_165_169_170_174_176_177_178_179_185_186_187_188_192_193_194_199_202_203_207_208_209_210_215_216_218_221_222_224_228_229_232_233_236_239_240_241_244_245_247_248_251_256_259_262_265_268_272_282  2.34e+09  1.91e+09 -28423.14  99188.59  14703.16    673.70     81.89    105.99   5838.17    443.18      0.00 0
104310 5626.0    0_1_2_3_4_5_6_7_8_9_10_11_12_13_14_15_16_17_18_19_20_21_22_23_24_25_26_27_28_29_30_31_32_33_34_35_37_38_40_41_42_44_45_47_48_49_50_51_52_53_54_55_57_58_59_60_62_66_69_70_71_72_73_74_75_76_82_83_84_85_86_88_94_96_97_98_99_100_106_113_114_120_124_131_132_134_143_145_165  4.27e+09  3.58e+09  44953.66   8469.70  11855.91    696.87     75.47     10.67  -2384.41   -764.87      0.00 0
104311 5626.0    96_108_112_122_126_130_134_138_142_143_147_153_155_159_163_164_165_169_170_174_177_179_183_186_188_192_193_194_201_207_208_210_215_216_221_222_225_232_236_239_240  4.37e+09  3.62e+09 -32513.59  35383.04  12311.10    656.97     75.63    132.58   4719.81   2685.22      0.00 0
104312 5626.0    20_28_29_35_40_41_44_45_52_53_55_58_62_63_66_67_78_79_82_83_88_89_91_94_95_102_103_106_107_110_111_116_117_120_121_124_125_128_129_136_137_140_141_145_146_148_151_152_154_157_158_161_162_167_168_172_173_175_176_178_181_182_184_185_187_190_191_196_197_198_199_200_202_203_205_206_209_211_212_213_214_215_217_218_219_220_223_224_226_227_228_229_230_231_232_233_234_235_237_238_239_241_242_243_244_245_246_247_248_249_250_251_252_253_254_255_256_257_258_259_260_261_262_263_264_265_266_267_268_269_270_271_272_273_274_275_276_277_278_279_280_281_282_283_284_285_286_287_288_289_290_291_292_293_294_295_296_297_298  3.24e+10  2.75e+10 -276953.97  11414.13  12393.18    742.98     87.44    177.64  -3782.96  -7166.18      0.00 0
104313 5626.0    0_1_2_3_4_5_6_7_8_9_10_11_12_13_14_15_16_17_18_19_20_21_22_23_24_25_26_27_28_29_30_31_32_33_34_35_36_37_38_39_40_41_42_43_44_45_46_47_48_49_50_51_52_53_54_55_56_57_58_59_60_61_62_63_64_65_66_67_68_69_70_71_72_73_74_75_76_77_78_79_80_81_82_83_84_85_86_87_88_89_90_91_92_93_94_95_96_97_98_99_100_101_102_103_104_105_106_107_108_109_110_111_112_113_114_115_118_119_120_121_122_123_124_125_126_127_130_131_132_133_134_135_136_137_138_139_142_143_144_145_146_147_149_150_152_153_154_155_156_159_160_163_164_165_166_169_170_171_174_176_177_178_179_186_187_188_193_194_195_202_208_209_210_215_216_221_222_229_232_236_239_240_247  4.90e+10  4.23e+10 -180324.00  11534.62  14569.92    747.67     85.39    176.34    980.83   1068.30      0.00 0
104314 5626.0    0_1_2_3_4_5_6_7_8_9_10_11_12_13_14_15_16_17_18_19_20_21_22_23_24_25_26_27_28_29_30_31_32_33_34_35_36_37_38_39_40_41_42_43_44_45_46_47_48_49_50_51_52_53_54_55_56_57_58_59_60_61_62_63_64_65_66_67_68_69_70_71_72_73_74_75_76_77_78_79_80_81_82_83_84_85_86_88_89_90_91_94_95_96_97_98_99_100_102_106_108_110_112_113_114_120_122_124_126_128_132_133_134_136_138_140_143_145_147_151_153_155_161_163_165_170_172_175_177_179_184_186_188_194_198_210_216_217_222_223_240  2.69e+09  2.21e+09 -74095.85 -39215.18  14058.97    683.57     80.48    207.89  -2267.27  -1677.03      0.00 0
104315 5626.0    78_79_88_91_102_103_110_111_116_117_128_129_137_141_158_162_168_173  5.75e+10  5.02e+10  21572.76  -3788.33   8649.86    788.85     68.45    350.04    860.83  -3925.72      0.00 0
104316 5626.0    3_5_8_9_12_13_16_17_20_21_25_28_29_32_33_35_38_40_41_44_45_49_52_53_55_58_59_62_63_66_67_71_75_78_79_82_83_86_88_106_110_120_136  1.55e+10  1.33e+10 -21221.55  -9003.64   9257.72    712.07     68.12    202.99   -209.53  -1727.89      0.00 0
104317 5626.0    5_8_9_13_16_20_21_28_29_32_33_35_40_41_44_45_48_52_53_55_58_59_62_63_66_67_74_75_78_79_82_83_88_89_91_94_95_98_102_103_106_107_110_111_116_117_120_121_124_125_128_129_132_136_137_140_141_145_146_148_151_152_154_157_158_161_162_167_168_172_173_175_176_178_181_182_184_185_187_190_191_196_197_198_199_200_202_203_205_206_209_211_212_213_214_215_217_218_219_220_223_224_226_227_228_229_230_231_232_233_234_235_237_238_239_241_242_243_244_245_246_247_248_249_250_251_252_253_254_255_256_257_258_259_260_261_262_263_264_265_266_267_268_269_270_271_272_273_274_275_276_277_278_279_280_281_282_283_284_285_286_287_288_289_290_291_292_293_294_295_296  8.91e+09  7.43e+09 270537.09 -24287.58  12999.59    690.25     87.26    354.87   1530.91  -6712.79      0.00 0
104318 5626.0    121_129_137_141_146_152_154_158_162_164_168_173_176_178_181_182_185_187_191_193_197_199_200_202_203_205_206_208_209_212_214_215_218_220_221_222_224_226_227_228_229_230_231_232_233_235_236_237_238_239_241_243_244_245_246_247_248_249_250_251_252_253_255_256_257_258_259_260_261_262_264_265_266_267_268_269_270_271_272_273_274_275_276_277_278_279_280_281_282_283_284_285_286_287_288_289_290_291_292_293_294_295_296_297_298  1.58e+10  1.33e+10  88498.34  77174.84  14792.20    698.98     82.82     41.09   4645.68  -6182.91      0.00 0
104319 5626.0    91_102_103_111_116_117_128_129_137_140_141_146_148_152_157_158_161_162_167_168_172_173_176_178_181_182_184_185_190_191_196_197_198_199_200_202_203_205_206_209_211_212_213_214_217_218_219_220_223_224_226_227_228_229_230_231_232_233_234_235_237_238_241_242_243_244_245_246_247_248_249_250_251_252_253_254_255_256_257_258_259_260_261_262_263_264_265_266_267_268_269_270_271_272_273_274_275_276_277_278_279_280_281_282_283_284_285_286_287_288_289_290_291_292_293_294_295_296_297_298  4.90e+10  4.18e+10 218790.80  33088.98  13805.37    766.14     86.43      8.60   1040.11  -8498.36      0.00 0
104320 5626.0    18_22_26_30_34_36_38_42_46_49_50_54_56_60_64_68_71_72_75_76_77_80_84_86_90_92_96_99_100_101_104_108_112_114_115_118_125_127_130_133_149_156_159_180_183_189_204  5.01e+09  4.17e+09  19489.82 -27374.21  10814.81    680.66     72.16    305.45   1414.01   2579.12      0.00 0
104321 5626.0    112_118_130_138_142_149_153_159_163_169_174_177_179_180_183_186_192_210  2.29e+10  1.98e+10 -34319.15   8068.44  10442.96    770.47     73.50    166.77   5360.67   4313.96      0.00 0
104322 5626.0    158_168_173_181_182_190_191_197_199_200_205_206_212_213_214_220_224_226_227_230_231_235  1.29e+10  1.11e+10  22716.11   3536.94   8857.20    781.15     68.93      8.85   1262.82  -6489.15      0.00 0
104323 5626.0    95_99_121_125_137_146_152_162_176_185_199_203_218_224_241  5.75e+09  4.86e+09  -7966.79  19386.47   8892.51    718.10     67.01    112.34   4179.03  -3280.75      0.00 0
104324 5626.0    8_16_20_23_24_28_32_35_37_40_44_47_48_52_55_58_62_66_69_70_73_74_78_79_82_85_88_91_93_94_97_98_102_103_106_110_113_116_117_119_120_123_124_128_129_131_132_136_140_144_145_148_150_151_157_158_161_167_168_172_175_181_182_184_190_191_196_197_198_200_205_206_211_213_214_219_220_226_227_230_231_237_238_243_246_249_250_252_253_258_260_261_264_266_267_270_271_274_275_276_277_279_281_284_287_289_291_295  1.07e+09  8.53e+08 -49681.06  70193.05  14375.33    651.16     80.51    125.29   -125.13  -6382.04      0.00 0
104325 5626.0    95_99_107_111_114_121_125_129_133_134_137_141_143_146_152_154_158_162_164_165_168_170_173_176_178_185_187_188_191_193_194_197_199_206_208_210_212_214_216_222_240  6.46e+10  5.66e+10 -20404.88 -30013.60  10592.17    762.98     73.73    235.79   4655.62  -1856.75      0.00 0
104326 5626.0    95_99_114_121_125_126_133_134_137_141_143_146_147_152_154_155_162_164_165_168_170_173_176_177_178_179_185_187_188_193_194_197_199_202_203_208_209_210_212_214_215_216_218_220_221_222_224_228_229_231_232_233_235_236_238_239_240_241_243_244_245_247_248_250_251_253_255_256_258_259_262_264_265_267_268_270_271_272_274_277_279_281_284_287_289_291_295_298  2.34e+10  2.00e+10  24534.42  85957.91  13630.81    775.26     81.33     74.07   6263.73  -1257.50      0.00 0
104327 5626.0    0_1_2_3_4_5_6_7_8_9_10_11_12_13_14_15_16_17_18_19_20_21_22_23_24_25_26_27_28_29_30_31_32_33_34_35_36_37_38_39_40_41_42_43_44_45_46_47_48_49_50_51_52_53_54_55_56_57_58_59_60_61_62_63_64_65_66_67_68_69_70_71_72_73_74_75_76_77_78_79_80_81_82_83_84_85_86_87_88_89_90_91_92_93_94_95_96_97_98_99_100_101_102_104_105_106_107_108_109_110_112_113_114_115_118_119_120_121_122_123_124_125_126_127_130_131_132_133_134_135_136_138_139_142_143_144_145_147_149_150_151_153_154_155_156_159_160_161_163_164_165_166_169_170_171_174_175_177_179_180_183_184_186_187_188_189_192_193_194_195_207_208_210_215_216_221_222_236_240  5.13e+09  4.22e+09 -196495.14 -53902.46  14533.79    712.16     85.92    195.34   3322.70   2522.64      0.00 0
104328 5626.0    76_86_96_99_100_108_112_114_122_125_126_133_134_138_142_143_146_147_152_153_154_155_163_164_165_169_170_174_176_177_178_179_185_186_187_188_192_193_194_202_203_208_209_210_215_216_218_221_222_228_229_232_233_239_241_245_247_248_251_256_262_265_268_272_282  1.78e+09  1.46e+09  21887.07 -56810.21  12762.98    717.24     78.16    291.07   6153.95  -2397.77      0.00 0
104329 5626.0    0_2_3_4_5_8_9_12_13_17_18_20_21_25_26_28_29_33_34_35_38_40_41_44_45_49_50_52_53_55_59_60_62_63_66_67_71_72_75_76_78_79_82_83_86_88_89_91_95_96_99_100_102_103_106_107_110_111_114_116_117_126_128_129_134_136_140_147_148_151_155_157_158_161_167_172_179_181_182_184_190_196_198_205_211_213_217_219_223_230_234_237_242_252_254_257_263_273_278_285  8.71e+09  7.29e+09  47318.54  48185.32  13005.04    735.38     79.10     45.52  -4372.76  -7404.26      0.00 0
104330 5626.0    0_1_2_3_4_5_6_7_8_9_10_11_12_13_14_15_17_18_19_21_22_23_25_26_27_29_30_31_33_34_36_38_39_41_42_43_45_46_47_49_50_51_53_54_56_57_59_60_61_63_64_65_67_68_71_72_75_76_77_80_81_83_84_86_87_89_90_92_93_95_96_99_100_101_104_105_107_108_109_111_112_114_115_118_119_121_122_125_126_127_130_133_134_135_137_138_139_142_143_146_149_150_152_154_155_156_159_160_162_164_165_166_170_171_176_178_180_183_185_187_189_193_195_199_201_202_203_204_209_215_218_228_229_232_233_239_241_245_247_248_251_256_262_265_268_282  6.03e+09  5.04e+09 -57369.90  58932.99  13600.99    741.90     80.61    134.23     81.50   2707.93      0.00 0
104331 5626.0    25_26_33_38_49_50_53_59_60_63_71_72_75_76_83_86_89_95_99_107_111_121_125_129_137_141_146_152_162_168_173_185_197_199_212_214_218_220_224_235_238_243_244_255_258_264_271_274_279  9.77e+10  8.64e+10  -6513.67  33761.54  10453.26    752.81     73.09    100.92   3218.97  -4742.34      0.00 0
104332 5626.0    0_1_2_3_4_5_6_7_8_9_10_11_12_13_14_15_16_17_18_19_20_21_22_23_24_25_26_27_28_29_30_31_32_33_34_35_36_37_38_39_40_41_42_43_44_45_46_47_48_49_50_51_52_53_54_55_56_57_58_59_60_61_62_63_64_65_66_67_68_69_70_71_72_73_74_75_77_78_79_80_81_82_83_84_85_87_88_89_90_91_92_93_94_95_97_98_101_102_103_104_105_106_107_109_110_111_113_115_116_117_118_119_120_121_123_124_127_128_129_131_132_135_136_137_139_140_141_144_148_149_150_152_156_157_158_160_162_166_167_168_171_173_180_181_182_185_189_190_191_195_196_197_199_200_204_205_206_212_213_214_218_220_224_226_227_230_231_235_238_241_243_244_246_249_250_253_255_258_259_260_261_264_267_270_271_274_275_277_279_281_284_287_289_291_295  1.91e+10  1.63e+10  52015.07 -105941.85  14470.40    746.06     83.01    296.15  -1671.22    678.14      0.00 0
104333 5626.0    104_108_112_118_122_130_138_142_149_153_159_163_169_174_180_183_192  5.62e+09  4.71e+09  18578.63 -13052.43   9326.02    692.14     67.67    324.91   1613.77   4579.12      0.00 0
104334 5626.0    1_6_7_14_15_19_23_27_31_39_43_47_51_57_61_65_73_81_87_93_105_119_123_144_150  1.29e+09  1.06e+09 -17955.60   9895.67   9313.02    639.45     65.57    151.14  -2122.25   1747.24      0.00 0
104335 5626.0    203_218_224_228_233_235_241_244_251_255_256_259_264_271  1.12e+09  9.25e+08   8690.89  17874.35   9137.37    649.77     65.31     64.07   5284.46  -6450.19      0.00 0
104336 5626.0    0_1_2_3_4_5_6_7_8_9_10_11_12_13_14_15_16_17_18_19_20_21_22_23_24_25_26_27_28_29_30_31_32_33_34_35_36_37_38_39_40_41_42_43_44_45_46_47_48_49_50_51_52_53_54_55_56_57_58_59_60_61_62_63_64_65_66_67_68_69_70_71_72_73_74_75_76_77_78_79_80_81_82_83_84_85_86_87_88_89_90_91_92_93_94_95_96_97_98_99_100_101_102_103_104_105_106_107_108_109_110_111_112_113_114_116_117_119_120_121_122_123_124_125_126_128_129_131_132_133_134_135_136_137_138_140_141_143_144_145_146_147_148_150_151_152_153_154_155_157_158_161_162_164_165_167_168_170_172_173_175_176_177_178_179_181_182_184_185_187_188_190_191_193_194_196_197_198_199_200_202_203_205_206_208_209_210_211_212_213_214_215_216_217_218_219_220_221_222_223_224_226_227_228_229_230_231_232_233_234_235_236_237_238_239_240_241_242_243_244_245_246_247_248_249_250_251_252_253_254_255_256_257_258_259_262_263_264_265_268_272_282  2.14e+10  1.80e+10 291063.44  10164.15  11952.01    733.60     87.65      2.00  -1125.88  -2521.84      0.00 0
104337 5626.0    0_1_2_3_4_5_6_7_8_9_10_11_12_13_14_15_16_17_18_19_20_21_22_23_24_25_26_27_28_29_30_31_32_33_34_35_36_37_38_39_40_41_42_43_44_45_46_47_48_49_50_51_52_53_54_55_56_57_58_59_60_61_62_63_64_65_66_67_68_69_70_71_72_73_74_75_76_77_78_79_80_81_82_83_84_85_86_87_88_89_90_91_92_93_95_96_99_100_101_102_103_104_105_107_108_109_110_111_112_114_115_116_117_118_119_121_122_125_126_127_128_129_130_133_134_135_137_138_139_141_142_143_146_147_148_149_150_152_153_154_155_156_157_158_159_160_162_163_164_165_166_168_169_170_171_173_174_176_177_178_179_180_181_182_183_185_186_187_188_189_191_192_193_194_195_197_199_200_201_202_203_204_206_207_208_209_210_212_214_215_216_218_220_221_224_225_226_227_228_229_231_232_233_235_238_239_241_243_244_245_246_247_248_250_251_253_255_256_258_259_261_262_264_265_267_268_270_271_272_274_277_279_281_282_284_287_289_291_295  1.95e+10  1.64e+10  64413.83 -198717.34  14570.84    696.12     86.01    287.96   5489.34 -10008.39      0.00 0
104339 5626.0    3_9_12_13_17_18_21_25_26_29_33_34_35_38_41_44_45_49_50_53_55_59_60_63_67_71_72_75_76_78_79_83_89_91_102_103_116_117_129_148_157_181  7.41e+10  6.50e+10  10142.83  23238.12   9490.02    729.38     69.48     66.42    854.39  -2426.27      0.00 0
104340 5626.0    0_1_2_3_5_8_9_11_13_15_16_17_20_21_23_24_28_29_31_32_33_35_37_40_47_48_52_58_69_70_73_74_82_85_97_98_113_131_132  1.70e+10  1.46e+10 -23570.32   4304.70   9264.69    733.84     68.86    169.65  -2291.42   -353.62      0.00 0
104341 5626.0    0_1_2_3_4_5_6_7_8_9_11_12_13_14_15_16_17_19_20_21_23_24_27_28_29_31_32_33_35_37_39_40_41_44_45_47_48_51_52_53_55_57_58_59_61_62_63_66_67_69_70_73_74_78_79_81_82_83_85_87_88_89_91_93_94_97_98_102_103_105_106_107_110_111_113_116_117_119_120_123_124_128_129_131_132_135_136_137_141_144_148_150_152_157_158_160_162_168_173_181_182_185_191_197_199_206_212_214_218_220_224_231_235_238_241_243_244_255_256_258_259_264_271_272_274_279  2.75e+09  2.27e+09 -49902.66  52512.95  13426.38    707.43     79.50    133.54  -1974.81   -769.78      0.00 0
104342 5626.0    0_1_2_3_4_5_6_7_8_9_10_11_12_13_14_15_16_17_18_19_20_21_22_23_24_25_26_27_28_29_30_31_32_33_34_35_36_37_39_40_41_42_43_44_45_46_47_48_51_52_53_54_55_56_57_58_61_62_63_65_66_67_68_69_70_73_74_77_78_79_80_81_82_85_87_88_89_91_92_93_94_97_98_101_102_103_104_105_106_109_110_111_113_115_116_117_118_119_120_123_124_127_128_129_131_132_135_136_139_140_144_145_148_149_150_151_156_157_158_160_161_166_167_168_171_172_175_180_181_182_183_184_189_190_191_195_196_198_200_201_204_205_206_211_213_214_219_223_225_226_227_230_231_234_237_238_242_246_249_250_252_253_254_257_260_261_263_266_267_269_270_273_275_276_277_280_281_283_285_286_287_288_289_290_291_292_293_294_295_296_297_298  7.59e+09  6.38e+09 -17737.79 117842.06  14758.88    707.23     82.94     98.56  -2388.88   2094.56      0.00 0
104343 5626.0    0_1_2_3_4_5_6_7_8_9_10_11_12_13_14_15_16_17_18_19_20_21_22_23_24_25_26_27_28_29_30_31_32_33_34_35_36_37_38_39_40_41_42_43_44_45_46_47_48_49_50_51_52_53_54_55_56_57_58_59_60_61_62_63_64_65_66_67_68_69_70_71_72_73_74_75_76_77_78_79_80_81_82_83_84_85_86_87_88_89_90_91_92_93_94_95_97_98_99_101_102_103_104_105_106_107_109_110_111_113_115_116_117_118_119_121_123_125_127_128_129_131_135_137_139_141_144_146_148_149_150_152_156_157_158_160_162_166_167_168_171_173_176_180_181_182_185_189_190_191_195_197_199_200_203_204_205_206_212_214_218_220_224_226_227_231_233_235_238_241_243_244_246_250_251_253_255_256_258_259_261_264_267_268_270_271_272_274_277_279_281_284_289_291  1.78e+10  1.50e+10  52758.64 -100192.80  14787.00    690.21     82.56    297.77   2009.16  -5017.76      0.00 0
104344 5626.0    0_1_2_3_4_5_6_7_8_9_10_11_12_13_14_15_16_17_18_19_20_21_22_23_24_25_26_27_28_29_30_31_32_33_34_35_36_37_38_39_40_41_42_43_44_45_46_47_48_49_50_51_52_53_54_55_56_57_58_59_60_61_62_63_64_65_66_67_68_69_70_71_72_73_74_75_76_77_78_80_81_82_83_84_85_86_87_88_90_92_93_94_95_96_97_98_99_100_101_104_105_106_108_109_112_113_114_115_118_119_120_122_123_124_126_130_131_132_133_134_135_136_138_142_143_144_145_147_151_153_155_163_164_165_169_170_174_175_177_179_186_188_194_208_210_216_222_236_240  1.55e+09  1.24e+09 -105246.37 -33305.26  15023.48    651.95     82.25    197.56   -855.81    721.82      0.00 0
104345 5626.0    38_49_50_59_60_71_72_75_76_83_84_86_95_96_99_100_107_108_114_121_122_125_126_133_134_137_138_141_142_143_146_147_152_153_154_155_162_163_173_174_177_185_186_199  1.02e+10  8.76e+09   1359.70  33274.34  10264.16    765.33     72.87     87.66   3603.99    574.16      0.00 0
104346 5626.0    0_1_2_3_4_5_6_7_8_9_11_12_13_15_16_17_20_21_23_24_25_28_29_31_32_33_35_37_40_41_44_45_47_48_49_52_53_55_57_58_59_62_63_66_67_69_70_73_74_75_78_79_82_83_85_88_89_91_93_94_95_97_98_102_103_106_107_110_111_113_116_117_120_121_123_124_125_128_129_131_132_136_137_140_141_144_145_146_148_151_152_157_158_161_162_167_168_173_175_176_178_181_182_185_191_197_199_202_203_206_212_214_218_220_224_228_229_233_235_241_243_244_245_248_251_255_256_259_262_265_268_271_272_282  2.75e+09  2.26e+09  80159.82 -40211.07  14107.68    704.78     81.06    333.36    624.74  -3191.42      0.00 0
104347 5626.0    11_15_16_19_20_23_24_31_32_37_39_40_47_48_51_52_57_58_61_62_65_66_69_70_73_74_81_82_85_87_88_93_94_97_98_101_102_105_106_109_110_113_119_120_123_124_127_128_135_136_139_140_150_160_166_167_171_172_195  1.78e+09  1.46e+09  -1115.24  37576.37  11357.13    662.04     73.19     91.70  -2397.57    377.89      0.00 0
104348 5626.0    0_1_2_3_4_5_6_9_10_12_14_17_18_22_25_26_30_34_38_42_49_50_54_60_64_71_72_76_84_86_96_100_108_122_126_134_147_153_155_177_179_188_210  1.35e+10  1.15e+10 -24886.43 -13461.66  10086.17    695.97     70.38    208.41   3297.03   1646.77      0.00 0
104349 5626.0    86_99_100_114_125_133_143_146_154_164_176_178_187_202_203_209_215_228_229_232_233_245_247_248_251_262_265_282  1.74e+10  1.48e+10 -19442.82  24734.05  10398.65    707.84     71.71    128.17   6217.90  -3198.25      0.00 0
104350 5626.0    1_2_8_11_13_15_16_19_20_23_24_28_31_32_35_37_40_44_45_47_48_51_52_55_57_58_62_66_69_70_73_74_78_79_81_82_85_88_91_93_94_97_98_102_103_105_106_110_116_117_119_120_128_129_136_140_148_157_158_167_172_181_182_190_191_196_200_205_206_213_214_226_227_230_231_238_246_249_250_252_253_258_260_261_266_267_270_275_276_277_281_284_286_287_289_291_293_294_295_297_298  1.32e+09  1.07e+09 -18365.99  58605.94  12897.68    701.66     78.14    107.40    527.60  -8767.26      0.00 0
104351 5626.0    0_1_2_3_4_5_6_8_9_11_12_13_15_16_17_20_21_23_24_25_28_29_31_32_33_35_37_40_41_44_45_47_48_49_52_53_55_58_59_62_63_67_69_70_73_74_75_79_82_83_85_89_95_97_98_107_113  9.55e+09  8.09e+09  26453.95  -7655.55   9844.27    719.45     70.33    343.86   -350.81   -887.13      0.00 0
104352 5626.0    128_148_157_158_167_181_182_190_191_197_200_205_206_212_214_220_226_227_231_235_238_243_244_250_253_255_258_259_264_270_271_272_274_279  3.24e+09  2.68e+09  38469.14 -20256.74  11543.84    715.96     75.13    332.23   4170.89  -8434.30      0.00 0
104353 5626.0    0_1_2_3_4_5_6_7_8_9_10_11_12_13_14_15_16_17_18_19_20_21_23_24_25_27_28_29_31_32_33_35_36_37_39_41_43_45_47_48_51_53_57_61_63_65_67_69_70_73_81_83_85_87_89_93_97_105_109_119_123_135_139_144_150_160  2.82e+10  2.44e+10 -25109.54  25153.40  10507.57    764.37     73.53    134.95  -2726.61   2236.62      0.00 0
104354 5626.0    62_66_78_82_88_91_94_102_103_106_110_116_117_120_124_128_129_132_136_140_145_148_151_157_158_161_167_168_175_182_191  3.89e+09  3.23e+09  29841.07 -15086.89  10793.75    681.10     72.11    333.18  -2239.95  -3335.93      0.00 0
104355 5626.0    88_94_98_102_106_110_113_116_120_124_128_132_136_140_145_148_151_157_158_161_167_172_175_181_182_184_190_191_196_198_200_205_206_211_213_214_217_219_223_226_227_230_231_234_237_238_242_243_246_249_250_252_253_254_257_258_260_261_263_264_266_267_269_270_273_274_275_276_277_279_280_281_283_284_286_287_288_289_290_291_293_294_295_297_298  4.68e+10  4.03e+10  69757.27 -74024.62  14095.88    755.49     82.11    313.30  -3106.38  -5627.23      0.00 0
104356 5626.0    22_30_34_36_42_43_46_50_54_56_60_64_68_72_76_77_80_84_86_90_92_96_100_101_104_108_112_114_115_118_122_126_127_130_134_139_143_156_166  3.02e+10  2.63e+10 -21948.62  16199.67   9462.37    780.17     70.87    143.57   1329.67   2522.41      0.00 0
104357 5626.0    96_99_100_114_122_125_126_133_134_138_143_146_147_153_154_155_163_164_165_170_174_176_177_178_179_185_186_187_188_193_194_202_203_208_209_215_218_221_228_229_232_233_241_245_247_248_251_256_262_265_268_272_282  1.66e+10  1.41e+10 -14369.48  40849.88  11595.04    705.63     75.01    109.38   5769.12  -1944.47      0.00 0
104358 5626.0    78_79_88_89_91_102_103_106_107_110_111_116_117_120_121_128_129_136_137_140_141_145_146_148_151_152_157_158_161_162_167_168_172_173_175_176_181_182_184_185_190_191_196_197_198_199_200_202_203_205_206_211_212_213_214_217_218_219_220_223_224_226_227_228_229_230_231_233_234_235_237_238_241_242_243_244_245_246_247_248_249_250_251_252_253_254_255_256_257_258_259_260_261_262_263_264_265_266_267_268_269_270_271_272_273_274_278_279_282  5.75e+09  4.79e+09 -127053.84   3060.75  14682.42    732.04     83.41    178.62  -3384.45  -6194.05      0.00 0
104359 5626.0    122_138_142_147_153_155_163_165_169_170_174_177_179_186_188_192_194_201_207_208_210_216_221_222_225_236_239_240  5.75e+09  4.79e+09 -50337.01  58398.37  13761.11    688.53     79.88    130.76   5503.39   4576.90      0.00 0
104360 5626.0    8_13_16_20_21_24_28_29_32_35_40_41_44_45_48_52_53_55_58_62_63_66_67_70_74_78_79_82_83_85_88_89_91_94_98_102_103_106_107_110_111_113_116_117_120_121_124_128_129_132_136_137_140_141_145_146_148_151_152_157_158_161_162_167_168_172_173_175_176_181_182_184_185_190_191_196_197_198_199_200_202_203_205_206_211_212_213_214_217_218_219_220_223_224_226_227_228_231_233_235_238_241_243_244_245_248_250_251_253_255_256_258_259_262_264_265_268_271_272_274_279_282  1.41e+09  1.14e+09 -103002.04  39621.30  15078.16    644.90     82.22    158.96   2682.58  -5521.20      0.00 0
104361 5626.0    1_2_7_11_14_15_16_19_20_23_24_27_31_32_36_37_39_43_47_48_51_56_57_61_65_69_73_77_81_87_92_101_105_109_115_127_139_149_156_166_180_189_195_201_204_225  5.50e+10  4.80e+10  -1115.66 -32108.96  10296.73    737.25     72.23    268.01  -1254.37   4283.69      0.00 0
104362 5626.0    0_1_2_5_6_7_8_11_13_15_16_19_20_23_24_27_28_31_32_35_37_39_40_43_44_47_48_51_52_55_57_58_61_62_65_66_69_70_74_78_81_82_88_94_102_106_110_116_128_136_140_157_167_190_196  1.66e+10  1.42e+10  -2118.39 -29125.29  10180.72    699.18     70.78    265.84  -1465.15  -2132.29      0.00 0
104363 5626.0    48_52_58_62_69_70_74_82_85_88_93_94_97_98_102_106_110_113_116_119_120_123_124_128_131_132_136_140_144_145_148_150_151_157_161_167_172_175_181_182_184_190_196_198_200_205_211_213_217_219_223_226_227_230_234_237_242_246_249_250_252_254_257_260_261_263_266_267_269_273_275_276_277_280_281_283_286_287_288_289_290_293_294_295_296_297_298  1.29e+09  1.04e+09  34636.98 -77722.91  14361.61    648.74     80.42    294.02  -3596.37  -4028.97      0.00 0
104364 5626.0    35_40_44_45_52_55_58_62_66_67_78_79_82_88_89_91_94_102_103_106_110_111_116_117_120_124_128_129_132_136_140_145_151_161_175  4.57e+10  3.97e+10  32992.78  -5007.36  10381.01    746.46     72.72    351.37  -2961.66  -2772.78      0.00 0
104365 5626.0    158_168_181_182_191_200_205_206_213_226_227_230_237_252_257  5.13e+10  4.49e+10  17824.22   9693.88   8658.50    739.51     66.89     28.54   -404.42  -6948.32      0.00 0
104366 5626.0    151_161_167_172_175_181_184_190_196_198_200_205_211_213_217_219_223_226_227_230_231_234_237_242_246_249_250_252_253_254_257_260_261_263_266_267_269_270_273_274_275_276_277_278_280_281_283_284_285_286_287_288_289_290_291_293_294_295_297_298  7.08e+10  6.14e+10  57599.61 -46145.98  13159.95    757.40     79.89    321.30  -1267.05  -8972.89      0.00 0
104367 5626.0    7_11_15_16_19_20_23_24_27_31_32_37_39_40_43_47_48_51_52_57_58_61_62_65_69_70_73_74_77_81_82_85_87_88_93_94_97_98_101_105_106_109_110_113_115_119_120_124_127_132_135_136_139_140_145_151_156_161_167_172_175_184_196_198_211_217_219_223_234_242_254_263_278  5.13e+09  4.27e+09  11478.95  42513.38  11717.03    696.46     75.10     74.89  -3239.02  -2494.56      0.00 0
104368 5626.0    0_1_2_3_4_5_6_7_8_9_10_11_12_13_14_15_16_17_18_19_20_21_22_23_24_25_26_27_28_29_30_31_32_33_34_35_36_37_38_39_40_41_43_44_45_47_48_49_50_51_52_53_55_57_58_59_61_62_63_65_66_67_69_70_71_72_73_74_75_78_79_81_82_83_85_86_87_88_89_91_93_94_95_97_98_99_102_103_105_106_107_110_111_113_116_117_119_120_121_123_124_125_128_129_131_132_133_136_137_140_141_144_145_146_148_150_151_152_154_157_158_161_162_167_168_172_173_175_176_178_181_182_184_185_187_190_191_196_197_198_199_200_202_203_205_206_209_211_212_213_214_217_218_219_220_223_224_226_227_228_229_230_231_232_233_234_235_237_238_241_243_244_245_246_247_248_249_250_251_253_255_256_258_259_261_262_264_265_267_268_270_271_272_274_279_281_282_284  1.91e+10  1.62e+10 175224.91 -90208.09  14369.04    748.17     85.83    332.76  -2445.29  -2524.88      0.00 0
104369 5626.0    0_1_2_4_6_7_10_11_14_15_16_18_19_22_23_24_27_30_31_32_34_36_37_39_42_43_46_47_48_51_54_56_57_58_60_61_64_65_68_69_70_73_74_77_80_81_84_85_90_98_104_108_112_138_142_163  8.71e+10  7.69e+10  22753.37  16271.80   9702.92    753.12     70.87     35.57     -3.36   1514.37      0.00 0
104370 5626.0    38_49_50_59_60_71_72_75_76_83_84_86_95_96_99_100_107_108_111_114_121_122_125_126_133_134_137_138_141_146_152_162_173  1.66e+09  1.36e+09    449.93  29292.43  10339.71    676.15     70.56     89.12   3088.99   -815.01      0.00 0
104371 5626.0    4_6_7_10_14_18_19_22_26_27_30_31_34_36_38_39_42_43_46_50_51_54_56_57_60_61_64_65_68_71_72_76_77_80_81_84_86_87_90_92_93_96_100_101_104_105_108_109_112_114_115_118_119_122_123_126_127_130_134_135_138_139_142_143_144_147_149_150_153_155_156_159_160_163_164_165_166_169_170_171_177_179_186_188_193_194_195_208_210_216_221_222_236_240  2.75e+10  2.38e+10  62220.05 -15259.68  12696.62    755.45     78.79    346.22   2387.40   2453.19      0.00 0
104372 5626.0    107_121_137_152_162_176_185_199_203_218_224_233_241_244_251_256_268  1.20e+10  1.03e+10  16000.11 -18334.80   9458.29    710.32     68.76    311.11   4694.25  -4824.31      0.00 0
104373 5626.0    0_1_2_3_4_5_6_7_8_9_10_11_12_13_14_15_16_17_18_19_20_21_22_23_24_25_26_27_28_29_30_31_32_33_34_35_36_37_38_39_40_41_42_43_44_45_46_47_48_49_50_51_52_53_54_55_56_57_58_59_60_61_62_63_64_65_66_67_68_71_72_73_75_76_77_78_79_80_81_83_84_86_87_88_89_90_91_92_95_96_99_100_101_102_103_104_105_107_108_109_111_112_114_115_116_117_118_121_122_125_126_127_129_130_133_134_135_137_138_139_141_142_143_146_147_148_149_152_153_154_155_156_157_158_159_162_163_164_166_168_169_171_173_174_176_178_180_181_182_183_185_187_189_191_192_195_197_199_200_201_202_203_204_206_207_212_214_218_220_224_225_227_228_231_233_235_238_241_243_244_246_248_250_251_253_255_256_258_259_261_264_267_268_270_271_272_274_277_279_281_284_289_291_295  2.57e+10  2.19e+10  32162.43 -121988.52  14485.32    759.33     83.45    284.77   2896.16  -4723.20      0.00 0
104374 5626.0    10_14_19_22_27_30_34_36_39_42_43_46_51_54_56_60_61_64_65_68_76_77_80_81_84_87_90_92_93_96_100_101_104_105_108_109_112_115_118_119_122_123_126_127_130_134_135_138_139_142_144_147_149_150_153_155_156_159_160_163_165_166_169_171_174_177_179_180_186_188_189_194_195_210_216_222_240  1.70e+09  1.37e+09  66336.29 -12738.33  13509.73    661.81     78.69    349.13  -2731.62   3961.15      0.00 0
104375 5626.0    28_29_35_40_41_44_45_53_55_59_62_63_66_67_78_79_83_88_89_91_95_102_103_107_111_121_125_129_137_141_146_152_154_162_176_178_185_187_202_203_209_215_218_228_229_232_233_239_245_247_248_262  1.23e+09  1.00e+09 -47028.78   4835.07  12305.84    649.17     75.41    174.13   6347.61  -3257.48      0.00 0
104376 5626.0    0_1_4_6_7_10_12_14_15_18_19_22_23_25_26_27_30_31_34_36_38_39_42_43_46_47_50_51_54_56_57_60_61_64_65_68_71_72_73_76_77_80_81_84_86_87_90_92_93_96_100_101_104_105_108_109_114_119_122_123_126_134_135_143_144_147_150_155_165_170_188_194  6.92e+09  5.83e+09  37938.64  -6328.33  11123.54    710.54     73.87    350.53    577.42   1750.62      0.00 0
104377 5626.0    200_206_214_220_226_227_231_238_243  7.59e+09  6.44e+09  18291.36  -1703.28   8550.69    700.64     65.04    354.68   1790.29  -7370.30      0.00 0
104378 5626.0    56_61_65_77_80_81_87_92_93_101_104_105_109_112_115_118_119_123_127_130_131_135_139_142_144_149_150_156_159_160_163_166_169_171_174_180_183_189_192_195_201_204_207  2.40e+09  1.97e+09  54866.48  22591.93  12763.81    703.35     77.86     22.38  -2406.99   3929.14      0.00 0
104379 5626.0    280_283_285_288_290_292_296  1.48e+10  1.27e+10 -21396.06   1507.42   8959.16    720.25     67.33    175.97  -4385.31 -11089.92      0.00 0
104380 5626.0    7_10_14_18_19_22_27_30_31_34_36_39_42_43_46_50_51_54_56_57_60_61_64_65_68_73_76_77_80_81_84_87_90_92_93_96_100_101_104_105_108_109_112_115_118_119_122_123_126_127_130_134_135_138_139_142_144_147_149_150_153_155_156_159_160_163_165_166_169_171_174_177_179_186_188_194_210_216_222_240  2.69e+10  2.31e+10 -59445.16    -83.00  12440.41    754.60     78.18    180.08   3244.59   3041.39      0.00 0
104381 5626.0    9_13_17_21_25_28_29_33_35_38_40_41_44_45_49_53_55_59_62_63_66_67_71_75_78_79_83_86_88_89_91_95_99_102_103_107_110_114_116_128_133_136_140  1.41e+09  1.15e+09 -25030.85 -15046.00  10508.65    649.13     70.21    211.01    636.22  -2295.47      0.00 0
104382 5626.0    0_1_2_3_4_5_6_7_8_9_10_11_12_13_14_15_16_17_18_19_20_21_22_23_24_25_26_27_28_29_30_31_32_33_35_36_37_39_40_41_43_44_45_46_47_48_51_52_53_55_56_57_58_59_61_62_63_65_66_67_69_70_73_74_77_78_79_81_82_83_85_87_88_89_91_93_94_97_98_101_102_103_105_106_107_109_111_113_116_117_119_123_127_129_131_135_137_139_141_144_148_150_158_160_166_168_171_173_182_191_195_197_212_214_220_235_238_243  3.31e+10  2.86e+10  31857.88 -53083.35  12359.47    791.52     78.71    300.97  -2996.94   3005.34      0.00 0
104383 5626.0    102_110_116_117_128_140_157_161_167_172_184_190_196_198_211_217_223  1.00e+10  8.51e+09  24891.80   7491.58   9461.30    749.62     70.00     16.75  -3687.71  -5310.44      0.00 0
104384 5626.0    57_69_73_81_85_87_93_97_98_101_105_109_113_119_123_127_131_132_135_139_144_150_156_160_166_171_180_189_195_204_225  2.88e+10  2.49e+10  10620.87  33932.75  10545.69    758.03     73.48     72.62  -2536.94   4564.81      0.00 0
104385 5626.0    7_10_14_19_22_27_30_34_36_39_42_43_46_51_54_56_57_60_61_64_65_68_77_80_81_84_87_93_105  5.01e+09  4.23e+09  19837.86  -4090.17   9018.16    678.23     66.00    348.35   -678.34   2023.69      0.00 0
104386 5626.0    0_1_2_3_4_5_6_7_8_9_10_11_12_13_14_15_16_17_18_19_20_21_22_23_24_25_26_27_28_29_30_31_32_34_35_36_37_38_39_40_42_43_44_46_47_48_50_51_52_54_56_57_58_60_61_62_64_65_66_68_69_70_72_73_74_76_77_80_81_82_84_85_87_88_90_92_93_94_96_97_98_101_104_105_106_108_109_110_112_113_115_118_120_122_124_126_127_130_131_132_136_138_142_145_147_149_151_153_159_161_163_169_174_175_177_183_184_186_192_198_217  9.77e+09  8.15e+09  58844.30  58109.44  13987.73    687.72     80.40     44.64   3120.43   4832.85      0.00 0
104387 5626.0    9_13_17_21_25_26_28_29_33_35_38_40_41_44_45_49_50_53_55_59_62_63_66_67_71_72_75_76_78_79_83_86_88_89_91_95_99_100_102_103_107_110_111_114_116_117_121_125_126_128_129_133_134_136_137_140_141_143_146_148_152_154_155_157_158_161_162_164_165_167_168_170_172_173_176_178_179_181_182_185_187_188_190_191_193_194_196_198_200_205_208_209_210_211_213_215_216_217_219_221_222_223_226_230_234_236_237_239_240_242_252_254_257_263_278  2.82e+09  2.33e+09  61948.79  45906.66  13859.36    674.78     79.81     36.54   3909.20  -1427.41      0.00 0
104388 5626.0    0_1_2_3_4_5_6_7_8_9_10_11_12_13_14_15_16_17_18_19_20_21_22_23_24_25_26_27_28_29_30_31_32_33_34_35_36_37_38_39_40_41_42_43_44_45_46_47_48_49_50_51_52_53_54_55_57_58_59_60_62_63_64_66_67_68_69_70_71_72_73_74_75_76_78_79_82_83_84_85_86_88_89_90_91_94_95_96_97_98_99_100_102_103_106_107_108_110_111_113_114_116_117_120_121_122_124_125_126_128_129_132_133_134_136_137_140_143_145_146_147_148_151_152_154_155_157_161_164_165_167_170_172_175_177_178_179_184_187_188_193_194_196_198_208_209_210_211_215_216_217_221_222_223_236_239_240  6.76e+10  5.87e+10  97453.01  34989.21  13999.68    776.79     82.30     19.75  -3543.95  -2751.76      0.00 0
104389 5626.0    237_242_252_257_263_269_273_278_283_285_292  3.55e+09  2.99e+09  -7788.38 -19027.86   8824.82    718.42     66.77    247.74  -3546.92  -9822.82      0.00 0
104390 5626.0    226_230_237_249_252_257_263_266_269_273_278  8.91e+09  7.61e+09  18653.30   6970.48   8945.14    680.60     65.81     20.49  -2387.73  -8748.13      0.00 0
104391 5626.0    70_74_82_85_88_94_97_98_106_110_113_120_124_128_131_132_136_140_145_151_157_161_167_172_181_184_190_196_198_205_211_213_219_223_226_230_234_237_242_246_249_252_257_260_266_269_273_275_276_280_283_286_287_288_290_293_294_296_297  1.41e+10  1.21e+10  11351.36 -43268.81  11677.10    711.62     75.37    284.70  -2273.28  -6487.36      0.00 0
104392 5626.0    96_104_108_112_118_122_126_130_134_138_142_147_149_153_155_159_163_165_169_174_177_179_180_183_186_188_192_194_201_204  3.31e+09  2.75e+09  24566.30 -19964.49  10702.55    664.29     71.32    320.90   2771.75   3855.22      0.00 0
104393 5626.0    246_249_250_252_253_257_258_260_261_264_266_267_269_270_271_273_274_275_276_277_278_279_280_281_283_284_285_286_287_288_289_290_292  1.23e+10  1.05e+10  36022.44   5756.96  11048.57    691.54     73.15      9.08   -387.03  -9897.78      0.00 0
104394 5626.0    176_178_185_187_193_199_202_203_208_209_215_218_221_222_224_228_229_232_233_235_236_239_241_243_244_245_247_248_251_255_256_258_259_262_264_265_268_271_272_274_279_284_291  3.80e+09  3.16e+09 -13525.02 -42176.09  11578.39    721.37     75.35    252.22   5614.08  -6493.29      0.00 0
104395 5626.0    0_1_2_3_4_5_6_7_8_9_10_11_12_13_14_15_16_17_18_19_20_21_22_23_24_25_26_27_28_29_30_31_32_33_34_35_36_37_38_39_40_41_42_43_44_45_46_47_48_49_50_51_52_53_54_55_56_57_58_59_60_61_62_63_64_65_66_67_68_69_70_71_72_73_74_75_76_77_78_79_80_81_82_83_84_85_86_87_88_89_90_91_92_93_94_95_96_97_98_99_100_101_102_103_104_105_106_107_108_109_110_111_112_113_114_115_116_117_118_119_120_121_122_123_124_125_126_127_128_129_130_131_133_134_135_136_137_138_139_140_141_142_143_144_146_147_148_149_150_151_152_153_154_155_156_157_158_159_160_161_162_163_164_165_166_167_168_169_170_171_172_173_174_176_177_178_179_180_181_182_183_185_186_187_188_189_190_191_192_193_194_195_196_197_199_200_201_202_203_204_205_206_207_208_209_210_211_212_213_214_215_216_218_219_220_221_222_224_225_226_227_228_229_230_231_232_233_235_237_238_239_241_242_243_244_245_246_247_248_249_250_251_252_253_255_256_257_258_259_260_261_262_264_265_266_267_268_269_270_271_272_274_275_276_277_279_280_281_282_283_284_286_287_288_289_290_291_293_294_295_296_297_298  1.86e+09  1.51e+09  35232.77 -281264.47  12723.24    673.93     87.43    277.14   1970.18  -2073.57      0.00 0
104396 5626.0    206_212_214_220_224_226_227_231_235_238_241_243_244_246_248_249_250_251_252_253_255_256_258_259_260_261_262_264_265_266_267_268_269_270_271_272_274_275_276_277_279_280_281_282_283_284  4.07e+09  3.37e+09 -50767.02 -13631.48  12658.62    654.95     76.46    195.03   5883.24  -7600.00      0.00 0
104397 5626.0    0_1_2_3_4_5_6_7_8_9_10_11_12_13_14_15_16_17_18_19_20_21_22_23_24_25_26_28_29_31_32_33_34_35_37_38_40_41_44_45_47_48_49_50_52_53_57_58_59_60_62_63_69_70_71_72_73_74_75_76_82_83_85_86_94_95_97_98_99_113_114_124_131_132_133_143  9.33e+09  7.96e+09  34800.50    479.86  10547.67    744.32     73.14      0.79   -764.86   -464.74      0.00 0
104398 5626.0    2_3_5_8_9_13_16_17_20_21_25_28_29_32_33_35_40_41_44_45_48_49_52_53_55_58_59_62_63_66_67_71_74_75_78_79_82_83_88_89_91_94_95_98_99_102_103_106_107_111_120_121_124_125_133_137_141_146_152_154_162_164_176_178_185_187_193_202_203_209_215_221_228_229_232_239_245_247  6.03e+10  5.25e+10 -44836.95   4119.94  11401.65    760.13     75.79    174.75   4687.71  -2457.86      0.00 0
104399 5626.0    7_10_14_18_19_22_26_27_30_34_36_39_42_43_46_50_51_54_56_60_61_64_65_68_72_76_77_80_81_84_86_87_90_92_96_100_101_104_105_108_109_114_122_126_134_135_155_165  2.00e+10  1.72e+10  28930.00  -7293.56  10058.06    732.04     71.37    345.85   1391.19   1927.14      0.00 0
