#event_number primary_type du_ids energy_primary em_energy Xmax_pos(x, y, z), Xmax_grams zenith azimuth shower_core_pos_x shower_core_pos_y shower_core_pos_z, N_tested_cores, units are degrees, GeV and meters
102800 5626.0    110_116_120_128_136_140_145_148_151_157_158_161_167_172_175_181_182_184_190_191_196_198_200_205_206_211_213_214_217_219_220_226_227_230_231_237_238_243_246_249_250_253_258_261_264_267_270_271_274_277_279_281_284_291  2.69e+09  2.20e+09  40572.90 -31790.35  12346.08    689.52     76.53    321.92    413.19  -7304.39      0.00 0
102801 5626.0    95_107_111_121_125_133_137_146_152_154_164_170_176_178_187_193_202_208_209_215_221_232_236_239  1.48e+10  1.27e+10  26171.86  11614.17   9769.82    756.08     71.16     23.93   6049.40  -1685.21      0.00 0
102802 5626.0    0_1_2_3_4_5_6_7_8_9_10_11_12_13_14_15_16_17_18_19_20_21_22_23_24_25_26_27_28_29_30_31_32_33_34_35_36_37_38_39_41_42_43_45_46_47_48_49_50_51_53_54_56_57_58_59_60_61_63_64_65_67_68_69_70_71_72_73_74_75_76_77_80_81_83_84_85_86_87_89_90_92_93_95_96_97_99_100_101_104_105_107_108_109_112_113_114_115_118_119_121_122_123_125_126_127_130_131_133_134_135_138_139_142_143_144_146_147_149_150_152_153_154_155_156_159_160_163_164_165_166_169_170_171_174_176_177_178_179_180_183_186_187_188_189_192_193_194_195_202_204_208_209_210_215_216_221_222_228_229_232_236_239_240_245_247_262  6.92e+10  5.98e+10 121177.76 -51262.29  14525.97    761.09     83.70    337.07    695.43   2076.45      0.00 0
102803 5626.0    0_2_3_5_8_9_12_13_16_17_20_21_25_26_28_29_32_33_35_38_40_41_44_45_49_50_52_53_55_58_59_62_63_66_67_71_72_75_76_78_79_82_83_86_88_89_91_94_95_99_100_102_103_106_107_110_111_114_116_117_120_121_124_125_128_129_133_134_136_137_140_141_143_145_146_148_151_152_154_155_157_158_161_162_164_165_167_168_170_172_173_175_176_178_181_182_184_185_187_188_190_191_193_194_196_197_198_199_200_202_203_205_206_208_209_211_213_215_216_217_218_219_221_222_223_228_229_230_232_234_236_237_239_240_242_247_254_263  9.12e+10  7.95e+10  92305.01  38479.58  13930.14    774.69     82.07     22.63   -598.14  -3958.98      0.00 0
102805 5626.0    3_5_8_9_13_16_17_20_21_25_28_29_32_33_35_38_40_41_44_45_49_52_53_55_58_59_62_63_66_67_71_74_75_78_79_82_83_86_88_89_91_94_95_99_102_103_106_107_110_111_114_116_117_120_121_124_125_128_129_133_136_137_140_141_143_145_146_151_152_154_161_162_164_170_175_176_178_184_185_187_193_202_203_208_209_215_221_228_229_232_236_239_247  7.94e+10  6.94e+10 -54979.88  -5817.43  12074.69    772.33     77.68    186.04   4088.76  -2143.84      0.00 0
102806 5626.0    91_102_103_110_111_116_117_128_129_136_137_140_141_148_151_152_157_158_161_162_167_168_172_173_175_176_181_182_184_185_190_191_196_197_198_199_200_202_203_205_206_211_212_213_214_217_218_219_220_223_224_228_233_234_235_241_244_245_248_251_262_265  5.89e+10  5.11e+10  52118.45   -918.83  12053.53    741.01     76.98    358.99   -769.27  -4968.13      0.00 0
102807 5626.0    102_106_110_116_117_120_124_128_136_140_145_148_151_157_158_161_167_172_175_181_182_184_190_191_196_197_198_200_205_206_211_213_214_217_219_220_223_226_227_230_231_234_235_237_238_243_246_249_250_252_253_255_258_260_261_264_267_270_271_274_275_277_279_281_284_289_291  7.59e+09  6.40e+09 -60503.16  45245.68  13716.14    685.58     79.71    143.21   3890.31 -10097.15      0.00 0
102808 5626.0    21_25_26_33_34_38_41_49_50_53_59_60_63_67_71_72_75_76_83_84_86_89_95_96_99_100_103_107_108_111_114_117_121_122_125_126_129_133_134_137_138_141_142_143_146_147_152_153_154_155_158_162_163_164_165_168_170_173_174_176_177_178_179_182_185_186_187_188_191_194_197_199_200_206_210_212_214_216_218_220_224_227_231_235_238_243_246_250_253_258_261_267_270_275_277_281_287_289_293_295_298  1.48e+09  1.19e+09  17321.45  66498.03  13544.02    665.24     78.85     75.40   3994.12    424.10      0.00 0
102809 5626.0    83_89_103_107_111_129_137_141_158_162_168_173_191_197_199_206_212_214_220_231_235_238_243_250_253_255_258_264_267_270_274_277_279_281_284_289_291  1.55e+10  1.32e+10   4575.53 -44125.84  11324.34    763.99     75.68    275.92   2992.81 -10265.58      0.00 0
102810 5626.0    235_238_243_244_253_255_258_264_267_270_274_277_281_284_287_289_291_295  1.55e+10  1.33e+10  15354.51  18195.36   9296.81    724.50     68.67     49.84   2714.72  -9157.91      0.00 0
102811 5626.0    95_99_100_107_114_121_125_126_133_134_137_141_143_146_147_152_153_154_155_162_164_165_168_170_173_176_177_178_179_185_186_187_188_193_194_197_199_202_203_208_209_210_212_214_215_216_218_220_221_222_224_228_229_231_232_233_235_236_238_239_240_241_243_244_245_247_248_251_253_255_256_258_259_262_264_265_267_268_270_271_272_274_277_279_281_282_284_289_291_295_298  1.51e+10  1.28e+10 -22351.80 -99750.85  14330.32    722.50     82.02    257.37   5568.72  -4308.46      0.00 0
102812 5626.0    0_1_2_3_4_5_6_7_8_9_10_11_12_13_14_15_16_17_18_19_20_21_22_23_24_25_26_27_28_29_30_31_32_33_34_35_36_37_38_39_40_41_42_43_44_45_46_47_49_50_51_53_54_55_56_57_59_60_61_63_64_65_67_68_71_72_75_76_77_78_79_80_81_83_84_86_87_89_90_91_92_95_99_101_103_104_105_107_109_111_115_117_118_121_127_129_135_137_139_141_149_152_156_158_160_162_166_168_171_173_180_183_185_189_191_195_197_199_201_204_212_214_220_224_225_235_238_243_244_255_258_264_271_279  1.35e+10  1.15e+10 -22083.86  52741.45  12613.32    706.01     77.56    112.72    130.16   1163.54      0.00 0
102813 5626.0    141_162_168_173_185_199_203_212_218_224_228_233_248  2.34e+09  1.94e+09  20836.89    960.78   9178.19    668.92     66.25      2.64   4797.48  -4859.92      0.00 0
102814 5626.0    0_1_2_3_4_5_6_7_8_9_10_11_12_13_14_15_16_17_18_19_20_21_22_23_24_25_26_27_28_29_30_31_32_33_34_35_36_37_38_39_40_41_42_43_44_45_46_47_48_49_50_51_52_53_54_55_56_57_58_59_60_61_62_63_64_65_66_67_68_69_70_71_72_73_74_75_76_77_78_79_80_81_82_83_84_85_86_87_88_89_90_92_93_94_95_96_97_98_99_100_101_102_104_105_106_108_109_110_112_113_114_115_118_119_120_122_123_124_126_127_130_131_132_133_134_135_136_138_139_140_142_143_144_145_147_149_150_151_153_155_156_159_160_161_163_164_165_166_169_170_171_174_175_177_179_180_183_184_186_188_189_192_194_195_201_204_207_208_210_216_217_222_225_236_240  6.31e+10  5.44e+10 -265619.34 -114064.17  11711.52    776.44     87.68    203.24  -3237.63   2091.15      0.00 0
102815 5626.0    0_1_2_3_4_5_6_7_8_9_10_11_12_13_14_15_16_17_18_19_20_21_22_23_24_25_26_27_28_29_30_31_32_33_34_35_36_37_38_39_40_41_42_43_44_45_46_47_48_49_50_51_52_53_54_55_56_57_58_59_60_61_62_63_64_65_66_67_68_69_70_71_72_73_74_75_76_77_78_79_80_81_82_83_84_85_86_87_88_89_90_91_92_93_94_95_96_97_98_99_100_101_102_103_104_105_106_107_108_109_110_111_112_113_114_115_116_117_118_119_120_121_122_123_124_125_126_127_128_129_130_131_132_133_134_135_136_137_138_139_140_141_142_143_144_145_146_148_149_150_151_152_154_156_157_158_159_160_161_162_164_166_167_168_169_171_172_173_176_178_180_181_182_183_185_187_189_190_191_192_195_196_197_199_200_201_202_203_204_205_206_207_209_212_213_214_218_220_224_225_226_227_228_229_230_231_233_235_238_241_243_244_245_246_248_249_250_251_253_255_256_258_259_260_261_262_264_265_267_268_270_271_272_274_275_277_279_281_282_284_287_289_291_295  2.04e+10  1.73e+10 102615.85 -176737.19  14398.30    728.80     85.97    300.14   2548.19  -5035.19      0.00 0
102816 5626.0    32_37_47_48_52_57_58_62_69_70_73_74_82_85_88_93_94_97_98_102_105_106_110_113_119_120_123_124_128_131_132_135_136_140_144_145_150_151_157_160_161_167_171_172_175_181_184_190_196_198_205_211_213_217_219_223_226_230_234_237_242_246_249_252_254_257_260_261_263_266_269_273_275_276_278_280_283_285_286_287_288_290_292_293_294_295_296_297_298  2.88e+10  2.46e+10 -34934.68 154639.80  14874.48    723.25     84.64    102.73  -4300.98  -8111.74      0.00 0
102817 5626.0    143_154_155_164_165_170_176_177_178_179_187_188_193_194_202_203_208_209_210_215_216_221_222_228_229_232_233_236_239_240_241_245_248_251  2.00e+10  1.71e+10    306.79 -35872.09  10776.19    724.90     73.28    270.49   6350.49   -746.04      0.00 0
102818 5626.0    94_106_110_120_136_140_151_161_172_184_196_198_211_217_219_223_234_242_254  2.00e+09  1.64e+09  -5265.58 -25271.00  10079.94    646.20     68.67    258.23  -3471.37  -4598.42      0.00 0
102819 5626.0    242_246_249_252_254_257_260_261_263_266_267_269_270_273_274_275_276_277_278_279_280_281_283_284_285_286_287_288_289_290_291_292_293_294_295_296_297_298  1.12e+10  9.42e+09 -94537.54  18701.79  14436.93    686.38     81.48    168.81  -2601.60 -11286.35      0.00 0
102820 5626.0    162_173_176_185_199_202_203_218_228_229_233_245_247_248  4.27e+10  3.73e+10 -20735.50  -3899.27   8886.51    723.02     67.16    190.65   5380.84  -4516.47      0.00 0
102821 5626.0    105_109_119_123_127_135_139_144_150_156_160_166_171_180_183_189_195_201_204_225  1.95e+09  1.61e+09  29541.37  24999.77  11463.43    662.36     73.50     40.24  -4332.99   3427.29      0.00 0
102822 5626.0    89_91_95_103_107_111_116_117_121_125_128_129_133_137_141_146_148_152_154_157_158_162_164_167_168_170_173_176_178_181_182_185_187_190_191_193_196_197_199_200_202_203_205_206_208_209_211_212_213_215_218_219_221_222_228_229_230_232_234_236_237_239_242_247_254  2.95e+10  2.54e+10 -46923.66 -24855.29  12268.87    717.68     76.99    207.91   4757.34  -2879.11      0.00 0
102823 5626.0    86_95_99_100_107_111_114_121_125_126_133_134_137_141_143_146_147_152_154_155_162_164_165_168_170_173_176_177_178_179_185_186_187_188_191_193_194_197_199_202_203_206_208_209_210_212_214_215_216_218_220_221_222_224_228_229_231_232_233_235_236_238_239_240_241_243_244_245_247_248_250_251_253_255_256_258_259_261_262_264_265_267_268_270_271_272_274_275_277_279_281_282_284_287_289_291_293_295_297_298  1.35e+10  1.14e+10  39275.52 132847.34  14706.94    741.82     83.94     73.53   6122.46  -3953.90      0.00 0
102824 5626.0    0_1_2_3_4_5_6_7_8_9_10_11_12_13_14_15_16_17_18_19_20_21_22_23_24_25_26_27_28_29_31_32_33_34_35_37_38_40_41_44_45_47_48_49_50_51_52_53_55_57_58_59_62_63_66_67_69_70_71_72_73_74_75_78_79_81_82_83_85_86_88_89_93_94_95_97_98_99_106_107_113_114_120_121_123_124_125_131_132_133_143_145_146_154_164_178_187_193_209_215_232  4.37e+09  3.61e+09 -58464.62   8091.84  12987.62    668.11     77.59    172.12  -3517.60   -440.44      0.00 0
102825 5626.0    19_27_31_39_47_51_57_61_73_81_93_97_105_119_123_131_144  5.89e+09  4.97e+09 -24498.41   2419.36   9687.20    680.06     68.52    174.36  -4092.36   1694.26      0.00 0
102826 5626.0    8_13_20_28_35_40_44_55_62_66_78_88_91_102_116_128_148_157_181_190  4.47e+09  3.75e+09   1459.49  19827.04   8922.22    683.40     65.83     85.79   -721.18  -3773.55      0.00 0
102827 5626.0    136_140_161_172_196_198_211_219_223_234_237_242_254_257_263_273_278_283_285_292  1.45e+10  1.24e+10   7793.27  32336.98  10417.56    738.26     72.61     76.45  -4340.53  -9173.39      0.00 0
102828 5626.0    0_1_2_3_4_5_6_7_8_9_10_11_12_13_14_15_16_17_18_19_20_21_22_23_24_25_26_27_28_29_30_31_32_33_34_35_36_37_38_39_40_41_42_43_44_45_46_47_48_49_50_51_52_53_54_55_56_57_58_59_60_61_62_63_64_65_66_67_68_69_70_71_72_73_74_75_76_77_78_79_80_81_82_83_84_85_86_87_88_89_90_91_92_93_94_95_96_98_99_100_101_102_103_104_105_106_107_108_109_110_111_112_114_115_116_117_118_120_121_122_124_125_126_127_128_129_130_133_134_136_137_138_140_141_142_143_145_146_147_148_149_151_152_153_154_155_156_157_158_159_161_162_163_164_165_167_168_169_170_172_173_174_176_177_178_179_180_181_182_183_184_185_186_187_188_190_191_192_193_194_196_197_198_199_200_201_203_204_205_206_207_208_210_211_212_213_214_216_217_218_219_220_223_224_225_226_227_230_231_234_235_237_238_242_243_246_249_250_252_253_254_257_258_260_261_263_264_266_267_269_270_273_274_275_276_277_278_280_281_283_284_285_286_287_288_289_290_291_292_293_294_295_296_297_298  1.58e+10  1.33e+10 -66549.37 -195935.77  14578.77    699.46     85.97    251.24  -1401.11  -9298.44      0.00 0
102829 5626.0    0_1_2_3_4_5_6_7_8_9_10_11_12_13_14_15_16_17_18_19_20_21_22_23_24_25_26_27_28_29_30_31_32_33_34_35_36_37_38_39_40_41_42_43_44_45_46_47_48_49_50_52_53_54_55_56_58_59_60_62_63_64_66_67_68_69_70_71_72_74_75_76_78_79_80_82_83_84_85_86_88_89_90_91_94_95_96_98_99_100_102_103_106_107_108_110_111_112_114_116_117_120_121_122_124_125_126_128_129_132_133_134_136_137_138_140_141_142_143_145_146_147_148_151_152_153_154_155_157_158_161_162_163_164_165_167_168_170_172_173_175_176_177_178_179_181_182_184_185_186_187_188_190_191_193_194_196_197_198_199_200_202_203_205_206_208_209_210_211_212_213_214_215_216_217_218_219_220_221_222_223_224_226_227_228_229_230_231_232_233_234_235_236_237_238_239_240_241_242_243_244_245_246_247_248_249_250_251_252_253_254_257_258_260_261_263_266_267_269_273_275_276_278_280_283_285_286_288_290_292_296  1.51e+10  1.28e+10 179618.09 136485.86  13797.70    754.14     86.50     37.23  -1825.69  -5701.61      0.00 0
102830 5626.0    219_234_237_242_254_257_263_269_273_280_283_285_290_292  6.31e+09  5.35e+09   3154.46 -20029.60   9048.88    673.92     65.95    278.95  -3225.65  -9153.45      0.00 0
102831 5626.0    0_1_2_3_5_8_9_11_13_15_16_17_20_21_23_24_28_29_31_32_35_37_40_41_44_45_47_48_52_53_55_57_58_62_63_66_67_69_70_73_74_78_79_82_83_85_88_89_91_93_94_97_98_102_103_106_107_110_111_113_117_120_121_123_124_129_131_132_137_141_144_152_162_173_185_199  1.66e+09  1.36e+09 -44255.56  24987.63  12351.63    681.06     76.34    150.55  -3585.23   -233.98      0.00 0
102832 5626.0    117_129_158_168_173_191_197_199_212_214_220_224_235_243_244_255_256_259_264_271_272  1.00e+10  8.46e+09 -23003.56  16602.90  10113.04    693.24     70.38    144.18   4122.59  -7057.57      0.00 0
102833 5626.0    280_283_285_288_290_292  8.71e+09  7.37e+09  20619.70    766.90   9049.08    683.41     66.32      2.13  -3933.00 -10855.88      0.00 0
102834 5626.0    254_257_263_269_273_278_280_283_285_288_290_292_293_294_296_297  2.40e+09  1.99e+09  24744.85 -22841.89  11013.45    652.28     71.89    317.29  -3618.93 -10230.05      0.00 0
102835 5626.0    0_1_2_3_4_5_6_7_8_9_10_12_13_14_17_18_20_21_22_25_26_28_29_30_33_34_35_36_40_41_42_44_45_46_50_53_54_55_60_64_66_67_68_78_79_80_90_91  1.74e+09  1.44e+09  -4547.00 -23370.48   9445.76    699.72     68.36    258.99    475.88   -499.53      0.00 0
102836 5626.0    4_6_7_10_12_14_18_19_22_26_27_30_31_34_36_38_39_42_43_46_50_51_54_56_57_60_61_64_65_68_71_72_76_77_80_81_84_86_87_90_92_93_96_100_101_104_105_108_109_114_119_122_126_134_135_143_155_165_170_194  5.75e+09  4.88e+09  32457.10  -7984.24  10783.00    682.50     72.12    346.18   1407.16   1653.16      0.00 0
102837 5626.0    89_95_99_103_107_111_114_117_121_125_129_133_134_137_141_143_146_148_152_154_155_158_162_164_165_168_170_173_176_178_179_181_182_185_187_188_191_193_194_197_199_200_202_203_205_206_208_209_210_212_214_215_216_218_220_221_222_224_226_227_228_229_230_231_232_233_235_236_238_239_240_241_243_244_245_246_247_248_249_250_251_252_253_255_256_258_259_260_261_264_266_267_269_270_271_274_275_276_277_279_280_281_283_284_286_287_288_289_290_291_292_293_294_295_296_297_298  1.86e+09  1.50e+09  59203.64  93038.55  14635.88    703.52     82.44     57.53   1345.56  -9249.78      0.00 0
102838 5626.0    0_1_2_3_4_5_6_7_8_9_10_11_12_14_15_16_17_18_19_21_22_23_24_25_26_27_30_31_33_34_36_37_38_39_42_43_46_47_49_50_51_53_54_56_57_59_60_61_64_65_68_69_70_71_72_73_75_76_77_80_81_83_84_85_86_87_90_92_93_95_96_97_99_100_101_104_105_108_109_112_114_115_118_119_122_123_125_126_127_130_131_133_134_135_138_139_142_143_144_147_149_150_153_154_155_156_159_160_163_164_165_166_169_170_171_174_177_178_179_180_183_186_187_188_189_193_194_195_208_209_210_215_216_221_222_232_236_239_240_247  1.82e+09  1.47e+09 -105498.88  35545.30  14735.42    692.51     82.46    161.38  -2994.51   3634.33      0.00 0
102839 5626.0    0_1_2_3_4_5_6_8_9_10_11_12_13_16_17_18_20_21_22_24_25_26_28_29_30_32_33_34_35_38_40_41_42_44_45_48_49_50_52_53_54_55_58_59_60_62_63_64_66_67_71_72_74_75_76_78_79_82_83_84_86_88_89_91_94_95_96_99_100_102_103_106_107_108_110_111_114_116_117_120_121_122_125_126_128_129_133_134_136_137_140_141_143_145_146_147_148_151_152_153_154_155_157_158_161_162_164_165_167_168_170_172_173_175_176_177_178_179_181_182_184_185_186_187_188_190_191_193_194_196_197_198_199_200_202_203_205_206_208_209_210_211_212_213_214_215_216_217_219_221_222_223_226_227_230_232_234_236_237_239_240_242_246_249_252_254_257_263_266_269_273_278_283_285_292  1.35e+09  1.08e+09 -106080.55 -82700.46  15206.37    670.08     83.55    217.94  -2814.89  -5998.17      0.00 0
102840 5626.0    167_172_181_184_190_196_198_200_205_206_211_213_214_217_219_223_226_227_230_231_234_237_238_242_243_246_249_250_252_253_254_257_258_260_261_263_264_266_267_269_270_271_273_274_275_276_277_278_279_280_281_283_284_285_286_287_288_289_290_291_292_293_294_295_296_297_298  2.14e+10  1.80e+10 -204793.64  88452.43  14191.32    709.12     86.36    156.64  -3519.94 -10245.78      0.00 0
102841 5626.0    157_167_181_190_196_200_205_206_213_226_227_230_231_246_249_250_253_260_261_266_267_270_275_276_277_281_284_286_287_289_291_293_295_298  2.82e+10  2.44e+10  17432.47 -32254.13  10721.19    747.32     73.70    298.39    907.60 -10224.81      0.00 0
102842 5626.0    0_1_2_3_4_5_6_7_8_9_10_11_12_13_14_15_16_17_18_19_20_21_22_23_24_25_26_27_28_29_30_31_32_33_34_35_36_37_38_39_40_42_43_44_46_47_48_49_50_51_52_54_56_57_58_60_61_62_64_65_66_68_69_70_71_72_73_74_76_77_80_81_82_84_85_86_87_88_90_92_93_94_96_97_98_100_101_104_105_106_108_109_112_113_115_118_119_120_122_123_124_126_127_130_131_132_134_135_136_138_139_142_144_145_147_149_150_151_153_155_156_159_160_163_166_169_174_175_177_179_180_183_184_186_188_192_207_210  4.57e+09  3.75e+09 109807.00  63806.63  14963.96    692.80     83.28     30.16   1126.05   2926.22      0.00 0
102843 5626.0    0_1_2_3_4_5_6_7_8_9_10_11_12_13_14_15_16_17_18_19_20_21_22_23_24_25_26_27_28_29_30_31_32_33_34_35_36_37_38_39_40_41_42_43_44_45_46_47_48_49_50_51_52_53_54_55_56_57_58_59_60_61_62_63_64_65_66_67_68_69_70_71_73_74_75_77_78_79_80_81_82_83_84_85_87_88_89_90_91_92_93_94_97_98_101_102_103_104_105_106_107_109_110_111_113_115_116_117_118_119_120_123_124_127_128_129_130_131_132_135_136_137_139_140_141_144_148_149_150_151_156_157_158_159_160_161_166_167_168_171_172_173_180_181_182_183_189_190_191_195_196_197_200_201_204_205_206_212_213_214_219_220_225_226_227_230_231_237_238_243_246_249_250_252_253_258_260_261_264_266_267_269_270_274_275_276_277_280_281_284_286_287_288_289_291_293_294_295_297_298  2.95e+09  2.41e+09  25721.13 -114133.64  15049.80    663.67     82.67    282.70  -1843.76   2819.50      0.00 0
102844 5626.0    120_124_132_136_140_145_151_161_172_175_184_196_198_211_213_217_219_223_230_234_237_242_249_252_254_257_260_263_266_269_273_275_276_278_280_283_285_286_287_288_290_292_293_294_296_297_298  1.70e+09  1.38e+09 -28422.62  61994.60  13516.24    665.49     78.79    114.63  -3314.18  -8565.48      0.00 0
102845 5626.0    158_168_173_181_182_185_191_197_199_200_205_206_212_213_214_218_220_224_226_227_230_231_235_237_238_242_246_249_250_252_253_257_260_261_263_266_269_273_276_278_280_283_285_290_292  1.66e+09  1.35e+09 -41049.90 -24334.90  12421.46    638.01     75.41    210.66  -1933.13  -9000.01      0.00 0
102846 5626.0    250_253_261_267_275_277_286_287_289_293_294_295_297  1.15e+10  9.76e+09  10527.31  19164.95   9232.04    686.18     67.11     61.22    355.71 -10952.77      0.00 0
102847 5626.0    231_238_243_246_250_253_255_258_259_260_261_264_267_270_271_272_274_275_277_279_281_284  1.07e+09  8.80e+08  40794.07   2888.37  11379.96    706.03     74.45      4.05   5916.75  -9018.59      0.00 0
102848 5626.0    2_3_5_8_9_11_13_16_17_20_21_23_24_28_29_32_33_35_37_40_41_44_45_48_52_53_55_58_59_62_63_66_67_69_70_74_75_78_79_82_83_85_88_89_91_94_95_98_102_103_106_107_110_111_113_116_117_120_121_124_125_129_131_132_136_137_141_145_146_152_154_158_162_168_173_176_178_185_199_202_203_209_212_218_224_228_229_233_241_245_247_248_251_256_262_265_268_282  7.94e+10  6.89e+10 -52331.79  19816.30  12272.46    746.98     77.63    159.26   3445.14  -3715.04      0.00 0
102849 5626.0    41_53_59_63_67_71_75_79_83_86_89_95_99_103_107_111_114_121_125_133_134_137_143_146_154_164_165_170_187_188_193_194_208_216_222_236_240  9.33e+10  8.26e+10  24400.57  17015.74   9654.12    801.93     72.02     34.89   4743.53   -600.82      0.00 0
102850 5626.0    0_1_2_3_4_5_6_7_8_10_11_14_15_16_18_19_20_22_23_24_27_28_30_31_32_34_36_37_39_40_42_43_46_47_48_51_52_54_56_57_58_61_62_64_65_68_69_70_73_74_77_80_81_82_84_85_87_88_90_92_93_94_97_98_101_104_105_106_108_109_112_113_115_118_119_120_123_124_127_130_131_132_135_136_138_139_142_144_145_149_150_151_156_159_160_161_163_166_169_171_174_175_180_183_184_189_192_195_198_201_204_207_217_225  6.31e+10  5.43e+10  69580.16  84257.55  14327.94    745.02     82.53     50.45  -1085.97   3417.80      0.00 0
102851 5626.0    1_2_7_8_11_15_16_19_20_23_24_27_28_31_32_37_39_40_43_44_47_48_51_52_57_58_61_62_65_66_69_70_73_74_77_78_81_82_85_87_88_93_94_97_98_101_102_105_106_109_110_113_115_116_119_120_123_124_127_128_131_132_135_136_139_140_144_145_150_151_156_157_160_161_166_167_171_172_180_181_184_189_190_195_196_198_204_205_211_213_219_230_237_242_249_252_257_266_269  8.71e+10  7.54e+10  -5215.94  65980.33  12781.39    759.82     79.07     94.52  -3047.18   3965.50      0.00 0
102852 5626.0    9_13_17_21_25_28_29_33_35_38_40_41_44_45_49_53_55_59_62_63_66_67_71_72_75_78_79_83_86_88_89_91_95_99_100_102_103_106_107_110_111_114_116_117_121_125_128_129_133_134_136_137_140_141_143_146_148_152_154_155_157_158_161_162_164_165_167_168_170_172_173_176_178_179_181_182_184_185_187_188_190_191_193_194_196_197_198_199_200_202_203_205_206_208_209_210_211_212_213_214_215_216_217_218_219_220_221_222_223_224_226_227_228_229_230_231_232_233_234_235_236_237_238_239_240_242_245_246_247_249_250_252_254_257_260_263_266_269_273_278_280_283_285_290_292  2.00e+09  1.62e+09  92712.55  63386.58  14586.49    715.76     82.60     34.36    637.57  -4873.08      0.00 0
102853 5626.0    33_38_41_49_53_59_63_67_71_72_75_76_83_86_89_95_96_99_100_107_114_125_126_133_134_143_147_155_165_170_177_179_188_194_210_216_240  6.17e+09  5.20e+09  28448.59  30635.76  11335.36    726.06     74.83     47.12   6420.94   2897.19      0.00 0
102854 5626.0    67_79_89_91_95_102_103_107_111_116_117_121_125_128_129_137_140_141_146_148_152_154_157_158_161_162_164_167_168_172_173_176_178_181_182_185_187_190_191_193_196_197_198_199_200_202_203_205_206_209_211_212_213_215_218_219_221_223_228_229_232_234_237_239_242_247_254  1.07e+09  8.72e+08  48712.90  18572.42  12448.75    680.56     76.57     20.87   1939.54  -4285.02      0.00 0
102855 5626.0    3_9_12_13_17_21_25_26_28_29_33_35_38_40_41_44_45_49_50_53_55_59_62_63_66_67_71_72_75_76_78_79_83_86_88_89_91_95_99_100_102_103_107_110_111_114_116_117_121_125_126_128_129_133_134_136_137_140_141_143_146_148_152_154_155_157_158_161_164_165_167_170_172_178_179_187_188_190_193_194_196_198_208_210_211_215_216_217_219_221_222_223_234_236_240  3.16e+09  2.60e+09 -52523.23 -33758.16  13294.04    653.50     77.98    212.73   4775.44   -361.25      0.00 0
102856 5626.0    0_1_2_3_4_5_6_7_8_9_10_11_12_13_14_15_16_17_18_19_20_21_23_24_25_27_28_29_30_31_32_33_35_36_37_39_40_41_43_44_45_47_48_51_52_53_55_56_57_58_59_61_62_63_65_66_67_69_70_73_74_77_78_79_81_82_83_85_87_88_89_91_93_94_97_98_101_102_103_105_106_107_109_110_111_113_116_117_119_120_123_124_127_128_129_131_132_135_136_137_139_140_141_144_145_148_150_151_157_158_160_161_162_166_167_168_171_172_173_175_181_182_184_190_191_195_196_197_198_199_200_205_206_211_212_213_214_217_219_220_223_224_226_227_230_231_234_235_237_238_242_243_244_246_249_250_252_253_255_257_258_259_260_261_264_266_267_269_270_271_274_275_276_277_279_280_281_284_286_287_288_289_291_293_294_295_297_298  5.75e+09  4.79e+09  66859.05 -122424.70  14784.26    731.55     83.95    298.64   -800.57  -4520.40      0.00 0
102857 5626.0    148_157_158_167_168_172_181_182_190_191_196_197_198_200_205_206_211_212_213_214_217_219_220_223_224_226_227_230_231_234_235_237_238_242_243_244_246_249_250_252_253_254_255_256_257_258_259_263_264  8.13e+10  7.11e+10  48035.93  -2080.49  11632.01    761.84     76.40    357.52  -2419.24  -6900.55      0.00 0
102858 5626.0    0_1_2_3_4_5_6_7_8_9_10_11_12_13_14_15_16_17_18_19_20_22_23_24_25_26_27_28_30_31_32_34_36_37_38_39_40_42_43_44_46_47_48_50_51_52_54_56_57_58_60_61_62_64_65_66_68_69_70_73_74_76_77_80_81_82_84_85_87_88_90_92_93_94_96_97_98_101_104_105_106_108_109_112_113_115_118_119_120_122_123_124_126_127_130_131_132_136_138_142_145_147_149_151_153_159_163_169_174_175_177_184_186_192_217  7.41e+09  6.22e+09 -60773.74 -47550.02  13689.62    699.13     79.94    218.04  -2326.46    179.35      0.00 0
102859 5626.0    47_51_57_61_69_73_81_85_87_93_97_98_101_105_109_113_115_119_123_124_127_131_132_135_139_144_149_150_156_160_166_171_180_189_195_201_204_225  4.79e+10  4.16e+10  14402.61  38956.21  11276.58    731.60     74.81     69.71  -2260.23   4750.44      0.00 0
102860 5626.0    9_12_17_18_21_25_26_29_33_34_38_41_45_49_50_53_54_55_59_60_63_67_71_72_75_76_79_83_84_86_89_91_95_96_99_100_103_107_108_111_114_116_117_121_122_125_126_129_133_134_137_138_141_142_143_146_147_148_152_153_154_155_157_158_162_163_164_165_168_170_173_174_176_177_178_179_181_182_185_186_187_188_190_191_193_194_197_199_200_202_203_205_206_208_209_210_212_214_215_216_218_220_221_222_224_226_227_228_229_230_231_232_233_235_236_238_239_240_241_243_244_245_246_247_248_249_250_251_252_253_255_256_258_259_260_261_262_264_265_266_267_268_269_270_271_272_274_275_276_277_279_280_281_282_283_284_286_287_288_289_290_291_292_293_294_295_296_297_298  1.10e+10  9.20e+09 -73831.76 -191339.45  14557.12    706.26     85.94    248.90   3858.67  -6094.91      0.00 0
102861 5626.0    1_2_6_7_10_11_14_15_16_19_23_24_27_30_31_32_36_37_39_42_43_46_47_48_51_56_57_58_61_65_68_69_70_74_77_80_81_87_92_101_104_115_118_130_149_159_169_183_192_207  5.01e+10  4.38e+10  11312.95  24483.46   9460.89    773.07     70.67     65.20   -203.25   2837.28      0.00 0
102862 5626.0    93_105_109_119_123_127_131_135_139_144_150_156_160_166_171_180_189_195_201_204_225  2.63e+10  2.27e+10  22812.45  33884.59  11105.86    749.62     74.79     56.05  -2607.69   5178.41      0.00 0
102863 5626.0    19_27_31_39_43_47_51_56_57_61_65_69_73_77_80_81_85_87_92_93_97_98_101_104_105_109_113_115_118_119_123_127_130_131_132_135_139_142_144_149_150_156_159_160_166_169_171_174_180_183_189_192_195_201_204_207_225  9.33e+09  7.88e+09  53064.48  47997.92  13429.31    700.95     79.37     42.13   -650.20   4971.21      0.00 0
102864 5626.0    0_1_2_5_6_7_8_10_11_14_15_16_19_20_23_24_27_28_30_31_32_36_37_39_40_43_46_47_48_51_52_56_57_58_61_62_65_69_70_73_74_77_80_82_85_88_94_98_106_110_120_124_136_145_151_161_175_184_198_217_223  7.08e+09  5.94e+09 -22450.09 -29889.84  11208.01    681.07     73.31    233.09  -3296.12  -2409.94      0.00 0
102865 5626.0    0_1_2_3_4_5_6_7_8_9_10_11_12_13_14_15_16_17_18_19_20_21_22_23_24_25_26_27_28_29_30_31_32_33_34_35_36_37_38_39_40_41_42_43_44_45_46_47_48_49_51_52_53_55_56_57_58_59_61_62_63_65_66_67_69_70_73_74_75_77_78_79_80_81_82_83_85_87_88_89_91_93_94_95_97_98_101_102_103_105_106_107_109_110_111_113_116_117_119_121_123_124_127_128_129_131_132_135_137_139_141_144_148_150_152_157_158_160_162_166_168_171_173_181_182_185_191_195_197_199_200_206_212_214_218_220_224_227_231_235_238_241_243_244_250_253_255_256_258_259_264_267_270_271_272_274_279_281_284  1.51e+10  1.28e+10  46970.00 -72604.55  14005.60    704.26     80.80    302.90   -426.81  -1583.18      0.00 0
102866 5626.0    167_172_181_182_190_196_198_200_205_206_211_213_214_217_219_220_223_226_227_230_231_234_237_238_242_243_246_249_250_252_253_254_255_257_258_259_260_261_263_264_266_267_269_270_271_274_275_276_277_279_281_284_289_291  1.10e+09  8.82e+08 -64384.07  26418.96  13426.81    687.81     79.08    157.69   5101.26 -10280.70      0.00 0
102867 5626.0    0_1_2_3_4_5_6_8_9_11_12_13_16_17_18_20_24_28_29_32_35_40_44_48_52_58_62_66_74_78_82_88_94_106_110_120_136_151_161_184  3.80e+09  3.19e+09  19675.81  15589.26   9611.03    703.31     69.05     38.39  -1776.68  -1899.09      0.00 0
102868 5626.0    0_1_2_3_4_5_6_7_8_9_11_13_15_16_17_19_20_21_23_24_27_28_29_31_32_35_37_39_40_41_44_45_47_48_51_52_53_55_57_58_61_62_63_66_67_69_70_73_74_78_79_81_82_83_85_87_88_89_91_93_94_97_98_102_103_105_106_107_109_110_111_113_116_117_119_120_123_124_128_129_131_132_135_136_137_140_141_144_145_148_150_151_157_158_160_161_162_167_168_172_173_175_181_182_184_190_191_196_197_198_199_200_205_206_211_212_213_214_217_219_220_223_224_226_227_230_231_234_235_237_238_242_243_244_246_249_250_252_253_254_255_256_257_258_259_260_261_263_264_266_267_269_270_271_272_273_274_275_276_277_279_280_281_283_284_286_287_288_289_290_291_293_294_295_297_298  6.61e+09  5.48e+09 115999.45 -146092.80  14812.43    706.59     85.46    308.45  -4187.40  -1532.46      0.00 0
102869 5626.0    126_134_143_147_153_155_163_164_165_170_177_179_186_187_188_193_194_208_209_210_215_216_221_222_232  1.95e+09  1.59e+09   9467.35 -39678.32  11627.65    667.19     74.09    283.42   5477.41   3122.18      0.00 0
102870 5626.0    99_100_114_125_126_133_134_143_146_152_154_164_176_178_185_187_202_203_233  1.32e+10  1.13e+10   5410.86 -22943.20   9138.48    745.89     68.81    283.27   4872.79  -1759.03      0.00 0
102871 5626.0    197_200_205_206_212_214_220_224_226_227_230_231_233_235_237_238_241_242_243_244_246_248_249_250_251_252_253_254_255_256_257_258_259_260_261_262_263_264_265_266_267_268_269_270_271_272_273_274_275_276_277_278_279_280_281_282_283_284_285_286_287_288_289_290_291_292_293_294_295_296_297_298  1.95e+09  1.57e+09 119504.14  31886.94  15186.62    658.38     83.00     14.94    965.02 -10159.86      0.00 0
102872 5626.0    168_173_191_197_212_214_220_224_235_238_243_244_255_259_264_271_279  2.14e+10  1.85e+10  18448.22 -17095.20   9594.25    707.20     69.12    317.18   4357.52  -7706.99      0.00 0
102873 5626.0    7_14_15_19_27_30_31_36_39_43_46_51_56_61_65_68_77_80_90_92_101_104_112_115_118_130_142_149_159_169_174_183_192  2.88e+09  2.41e+09 -14951.92 -23789.26  10232.33    669.28     69.99    237.85   1016.94   4324.90      0.00 0
102874 5626.0    0_1_2_3_4_5_6_7_8_9_10_11_12_13_14_15_16_17_18_19_20_21_22_23_24_25_26_27_28_29_30_31_32_33_34_35_36_37_38_39_40_41_42_43_44_45_46_47_48_49_50_51_52_53_54_55_56_57_58_59_60_62_63_64_66_67_68_69_70_71_72_74_75_76_77_78_79_80_82_83_84_85_86_88_89_90_91_94_95_96_98_99_100_102_103_104_106_107_108_110_111_112_114_116_117_120_121_122_124_125_126_128_129_130_133_134_136_137_138_140_141_142_143_145_146_147_148_151_152_153_154_155_157_158_161_162_163_164_165_167_168_169_170_172_173_174_175_176_177_178_179_181_182_184_185_186_187_188_190_191_193_194_196_197_198_199_200_202_203_205_206_208_209_210_211_212_213_214_215_216_217_218_219_220_221_222_223_224_226_227_228_229_230_231_232_234_235_236_237_238_239_240_242_246_249_250_252_253_254_257_260_261_263_266_269_273_275_276_278_280_283_285_286_288_290_292_296  1.17e+10  9.90e+09 135117.94 138557.20  14415.94    748.55     85.74     45.72    412.60  -3493.55      0.00 0
102875 5626.0    146_152_154_164_170_176_178_185_187_193_194_199_202_203_208_209_212_215_216_218_220_221_222_224_228_229_232_233_235_236_238_239_240_241_243_244_245_247_248_251_255_256_258_259_262_264_265_268_270_271_272_274_279_281_284_291  3.55e+09  2.95e+09  18882.88  49449.37  12346.89    703.98     76.87     69.10   6135.77  -4135.79      0.00 0
102876 5626.0    0_1_2_3_4_5_6_7_8_9_10_11_12_13_14_16_17_18_20_21_22_25_26_28_29_30_32_33_34_35_36_38_40_41_42_44_45_46_49_50_52_53_54_55_59_60_62_63_64_66_67_68_71_72_75_76_78_79_80_82_83_84_86_88_89_90_91_95_96_99_100_102_103_104_106_107_108_110_111_112_114_116_117_122_126_128_130_134_136_138_140_142_147_148_153_155_157_163_165_167_172_174_177_179_186_188_190_196_210_211_213_219  1.15e+10  9.66e+09  41237.51  57303.61  13327.08    709.38     79.31     54.26   4926.21   4534.30      0.00 0
102877 5626.0    112_122_126_130_138_142_147_149_153_155_159_163_165_169_170_174_177_179_180_183_186_188_192_194_201_204_207_208_210_216_221_222_225_236_240  1.48e+10  1.26e+10 -41376.45  35601.93  12311.24    726.66     77.29    139.29   4544.48   4052.79      0.00 0
102878 5626.0    173_181_182_191_197_199_200_205_206_212_213_214_218_219_220_224_226_227_228_230_231_233_234_235_237_238_241_242_243_244_245_246_248_249_250_251_252_253_254_255_256_257_258_259_260_261_262_263_264_265_266_267_268_269_270_271_272_273_274_275_276_277_278_279_280_281_282_283_284_285_286_287_288_289_290_291_292_293_294_295_296_297_298  1.55e+09  1.23e+09 222670.48  59497.77  14339.19    669.90     86.44     14.96   5320.87 -10009.78      0.00 0
102879 5626.0    0_1_2_3_4_5_6_7_8_9_10_11_12_13_14_15_16_17_18_19_20_21_22_23_24_25_26_27_28_29_30_31_32_33_34_35_36_37_38_39_40_41_42_43_44_45_46_48_49_50_52_53_54_55_56_58_59_60_62_63_64_66_67_68_70_71_72_74_75_76_78_79_80_82_83_84_86_88_89_90_91_94_95_96_99_100_102_103_104_106_107_108_110_111_112_114_116_117_120_121_122_125_126_128_129_130_133_134_136_137_138_140_141_142_143_145_146_147_148_151_152_153_154_155_157_158_161_162_163_164_165_167_168_169_170_172_173_174_175_176_177_178_179_181_182_184_185_186_187_188_190_191_193_194_196_197_198_199_200_202_203_205_206_208_209_210_211_212_213_214_215_216_217_218_219_220_221_222_223_226_227_230_231_234_236_237_238_240_242_246_249_250_252_253_254_257_260_261_263_266_267_269_273_275_276_278_280_283_285_286_288_290_292_294_296  5.13e+10  4.41e+10 105557.91 129935.30  14587.47    759.10     85.02     50.91   -259.24  -4604.61      0.00 0
102880 5626.0    0_1_2_3_4_5_6_7_8_9_10_11_12_13_14_15_16_17_18_19_20_21_22_23_24_25_26_27_28_29_30_31_32_33_34_35_36_37_38_39_40_41_42_43_44_45_46_47_48_49_50_51_52_53_54_55_56_57_58_59_60_61_62_63_64_65_66_67_68_69_70_71_72_73_74_75_76_77_78_79_80_81_82_83_84_85_86_87_88_89_90_91_92_93_94_95_96_97_98_99_100_101_102_103_104_105_106_107_108_109_110_111_112_113_114_115_117_118_119_120_121_122_123_124_125_126_127_129_130_131_132_133_134_135_136_137_138_139_141_142_143_144_145_146_147_150_151_152_153_154_155_160_162_163_164_165_170_171_175_176_177_178_179_185_186_187_188_193_194_202_203_208_209_210_215_216_221_222_228_229_232_236_239_240_245_247  1.82e+09  1.48e+09 175418.09 -15038.63  15124.76    678.98     85.09    355.10   5336.87    -85.76      0.00 0
102881 5626.0    3_5_8_9_13_17_20_21_25_28_29_32_33_35_38_40_41_44_45_49_52_53_55_58_59_62_63_66_67_71_72_75_78_79_82_83_86_88_89_91_94_95_99_102_103_106_107_110_111_114_116_117_120_121_124_125_128_129_133_134_136_137_140_141_143_145_146_148_151_152_154_157_158_161_162_164_165_167_168_170_172_173_175_176_178_181_182_184_185_187_190_191_193_194_196_197_198_199_200_202_203_205_206_208_209_211_212_213_214_215_217_218_219_220_221_222_223_224_226_227_228_229_230_231_232_233_234_235_236_237_238_239_240_241_242_243_244_245_246_247_248_249_250_251_252_253_254_255_256_257_258_259_260_261_262_263_264_265_266_267_268_269_270_271_272_273_274_275_276_277_278_279_280_281_282_283_284_285_286_287_288_289_290_291_292_293_294_295_296_297_298  3.55e+10  3.03e+10 273606.44  83336.67  12137.68    734.93     87.57     16.94   3469.76  -5879.15      0.00 0
102882 5626.0    71_75_86_95_99_100_107_111_114_121_125_133_134_137_141  2.29e+09  1.91e+09  -5406.71 -20206.32   9177.64    670.48     66.31    255.02   3358.21  -1453.66      0.00 0
102883 5626.0    0_1_2_3_4_5_6_7_8_9_10_11_12_13_14_15_16_17_18_19_20_21_22_23_24_25_26_27_28_29_30_31_32_33_34_35_36_37_38_39_40_41_42_43_44_45_46_47_48_49_50_51_52_53_54_55_56_57_58_59_60_61_62_63_64_65_66_67_68_69_70_71_72_73_74_75_76_77_78_79_80_81_82_83_84_85_86_87_88_89_90_91_92_93_95_96_99_100_101_102_103_104_105_107_108_109_111_112_114_115_116_117_118_119_121_122_125_126_127_128_129_130_133_134_135_137_138_139_141_142_143_146_147_148_149_150_152_153_154_155_156_157_158_159_160_162_163_164_165_166_168_169_170_171_173_174_176_177_178_179_180_181_182_183_185_186_187_188_189_191_192_193_194_195_197_199_200_201_202_203_204_206_207_208_209_212_214_215_218_220_224_225_227_228_229_231_232_233_235_238_241_243_244_245_246_247_248_250_251_253_255_256_258_259_261_262_264_265_267_268_270_271_272_274_277_279_281_282_284_289_291  7.59e+09  6.30e+09  59434.43 -176809.94  14745.90    715.40     85.48    288.58    322.63   4883.54      0.00 0
102884 5626.0    246_249_250_252_257_260_261_266_267_269_270_273_274_275_276_277_278_279_280_281_283_284_285_286_287_288_289_290_291_292_293_295  9.77e+10  8.56e+10 -35483.01   2562.13  10666.36    737.95     73.31    175.87    417.30 -10422.59      0.00 0
102885 5626.0    23_31_37_47_48_51_57_61_69_70_73_74_81_85_87_93_97_105_109_119_135_139_150_160_171  3.72e+09  3.11e+09   2583.50 -21132.37   9041.33    702.17     66.99    276.97  -2723.61   2249.76      0.00 0
102886 5626.0    2_8_11_15_16_19_20_23_24_28_31_32_35_37_40_44_47_48_51_52_55_57_58_61_62_66_69_70_73_74_78_81_82_85_87_88_91_93_94_97_98_102_105_106_109_110_113_116_117_119_120_123_124_128_131_132_135_136_139_140_144_145_148_150_151_157_158_160_161_167_171_172_175_181_182_184_190_196_198_200_205_206_211_213_217_219_223_226_227_230_231_234_237_242_246_249_250_252_253_254_257_260_261_263_266_267_269_273_275_276_277_278_280_281_283_285_286_287_288_289_290_291_292_293_294_295_296_297_298  1.70e+09  1.38e+09 -29020.34 104360.96  15011.48    648.17     82.11    105.54  -1593.84  -8457.35      0.00 0
102887 5626.0    0_1_2_3_4_5_6_7_8_9_10_11_12_13_14_15_16_17_18_19_20_21_22_23_24_25_26_27_28_29_30_31_32_33_34_35_36_37_38_39_40_41_42_43_44_45_46_47_48_49_50_51_52_53_54_55_56_57_58_59_60_61_62_63_64_65_66_67_68_69_70_71_72_73_74_75_76_77_78_79_80_81_82_83_84_85_87_88_89_90_91_92_93_94_97_98_101_102_103_104_105_106_108_109_110_111_112_113_115_116_117_118_119_120_123_124_127_128_129_130_131_132_135_136_138_139_140_142_144_145_148_149_150_151_156_157_158_159_160_161_166_167_168_169_171_172_174_175_180_181_182_183_184_189_190_191_192_195_196_198_200_201_204_205_206_207_211_213_217_219_223_225_226_227_230_231_234_237_242_246_249_250_252_254_257_260_261_263_266_267_269_273_275_276_277_278_280_283_285_286_287_288_290_292_293_294_295_296_297_298  3.72e+09  3.04e+09 -33651.06 -295810.50  12217.84    670.13     87.65    263.51  -3533.71   1042.88      0.00 0
102888 5626.0    121_125_133_137_141_143_146_152_154_162_164_165_168_170_173_176_178_185_187_188_193_194_197_199_202_203_208_209_210_212_214_215_216_218_220_221_222_224_228_229_231_232_233_235_236_238_239_240_241_243_244_248_250_251_253_255_256_258_259_264_267_270_271_274_277_279_281_284_287_289_291_293_295_298  9.33e+09  7.86e+09 -20760.56 -51617.49  12721.91    675.46     77.12    248.09   4286.38  -5802.33      0.00 0
102889 5626.0    182_191_197_200_205_206_214_226_227_230_231_246_249_250_252_257_260_266_269_273_280_283  1.86e+09  1.52e+09  21652.42  17241.62  10337.57    645.48     69.52     38.53   -514.57  -8202.38      0.00 0
102890 5626.0    34_38_42_49_50_54_60_64_68_71_72_75_76_84_86_90_95_96_99_100_104_108_112_114_118_121_122_125_126_130_133_134_138_142_143_146_147_152_153_154_155_159_163_164_169_174_176_178_183_185_187_192_202_203_207  2.24e+09  1.84e+09  15214.35 -39676.12  11992.33    637.12     74.24    290.98   3182.50   1328.77      0.00 0
102891 5626.0    0_3_4_5_9_10_12_13_17_18_21_22_25_26_29_30_33_34_38_42_49_50_54_60_64_68_72_76_84_90_96_108_112_122_126_138_142_147_153_163_174_177_186  5.75e+10  5.04e+10 -15325.00 -24326.27   9798.86    753.58     71.18    237.79   2812.58   2734.09      0.00 0
102892 5626.0    0_1_2_3_4_5_6_7_8_9_10_11_12_13_14_15_16_17_18_19_20_21_22_23_24_25_26_27_28_29_30_31_32_33_34_35_36_37_38_39_40_41_42_43_44_45_46_47_48_49_50_51_52_53_54_55_56_57_58_59_60_61_63_64_65_67_68_69_70_71_72_73_74_75_76_77_80_81_83_84_85_86_87_89_90_92_93_95_96_97_98_99_100_101_104_105_107_108_109_112_113_114_115_118_119_121_122_123_125_126_127_130_131_132_133_134_135_138_139_142_143_144_146_147_149_150_152_153_154_155_156_160_164_165_166_170_171_176_177_178_179_187_188_193_194_195_202_208_209_210_215_216_221_222_229_232_236_239_240_245_247  2.24e+09  1.82e+09 -112501.92  36619.23  14946.24    679.99     82.80    161.97  -2877.86   2469.32      0.00 0
102893 5626.0    20_28_35_40_44_52_55_62_66_78_79_88_91_102_103_116_117_129_148_157_158_168_181_182_191_200_206_214_227_231_238_253  1.10e+09  8.96e+08 -12180.35  26336.55  10566.99    637.25     69.99    114.82    519.57  -5122.60      0.00 0
102894 5626.0    0_1_2_3_4_5_6_7_8_9_10_11_12_13_14_15_16_17_18_19_21_22_25_26_27_28_29_30_33_34_35_36_38_39_41_42_43_44_45_46_49_53_54_55_56_59_63_64_65_67_68_77_78_79_80_83_89_91_92_101_103_104_115_118  4.90e+09  4.10e+09   4626.75 -30200.68  10579.94    663.10     70.90    278.71    359.10    367.66      0.00 0
102895 5626.0    148_157_158_167_168_172_173_181_182_190_191_196_197_198_200_205_206_211_212_213_214_219_220_223_224_226_227_230_231_234_235_237_238_241_243_244_246_250_251_253_255_256_258_259_264_268_271_272_279_282  8.13e+10  7.11e+10  44088.00  -7488.59  11332.38    767.61     75.78    350.36   2873.23  -7241.49      0.00 0
102896 5626.0    90_96_100_104_108_112_114_118_122_126_130_134_138_142_143_147_149_153_155_156_159_163_164_165_169_170_174_177_179_180_183_186_188_189_192_193_194_201_204_207_208_210_215_216_221_222_225_236_239  2.51e+10  2.15e+10  34176.16 -35217.83  11926.78    726.07     76.34    314.14   3116.93   3787.57      0.00 0
102897 5626.0    175_184_196_198_211_213_217_219_223_230_234_237_242_246_249_252_254_257_260_261_263_266_269_273_275_276_277_278_280_283_285_286_287_288_289_290_291_292_293_294_295_296_297_298  1.58e+10  1.34e+10  86488.14 -90758.03  14860.51    704.39     83.24    313.62  -2929.53 -10938.09      0.00 0
102898 5626.0    0_1_2_3_4_5_6_7_8_9_10_11_13_14_15_16_19_20_23_24_27_28_29_30_31_32_35_36_37_39_40_43_44_45_46_47_48_51_52_55_56_57_58_61_62_65_66_69_70_73_74_77_78_79_80_81_82_85_87_88_91_92_93_94_101_102_105_106_109_110_115_116_118_127_128_135_136_139_140_148_149_156_157_166_167_180_181_189_190_195_196_204_205_213_230  1.23e+10  1.05e+10    499.28 -44008.45  11480.48    733.28     75.38    270.65  -1264.20    251.84      0.00 0
102899 5626.0    0_1_2_3_4_5_6_7_8_9_10_11_12_13_14_15_16_17_18_19_20_21_22_23_24_25_26_27_28_29_30_31_32_33_34_35_36_37_38_39_40_41_42_43_44_45_46_47_48_49_50_51_52_53_54_55_57_58_59_60_61_62_63_64_65_66_67_69_70_71_72_73_74_75_76_78_79_81_82_83_84_85_86_88_89_91_93_94_95_96_97_98_99_100_102_103_106_107_110_111_113_114_116_117_119_120_121_123_124_125_126_128_129_131_132_133_134_136_137_140_141_143_144_145_146_151_152_154_158_161_162_164_165_168_170_173_175_176_178_184_185_187_193_194_199_202_203_208_209_215_218_221_222_228_229_232_233_236_239_245_247_248_251_262_265  9.33e+10  8.11e+10 111891.88 -16323.26  14124.47    786.62     82.88    351.70   4769.60  -2116.13      0.00 0
