#event_number primary_type du_ids energy_primary em_energy Xmax_pos(x, y, z), Xmax_grams zenith azimuth shower_core_pos_x shower_core_pos_y shower_core_pos_z, N_tested_cores, units are degrees, GeV and meters
2200 14.0      64_68_80_84_90_92_96_101_104_108_109_112_115_118_122_126_127_130_134_138_139_142_147_149_153_155_156_159_160_163_165_166_169_170_171_174_177_179_180_183_186_188_189_192_194_195_201_204_207_208_210_216_222_225_236_240  2.88e+09  2.52e+09 112943.79 -47570.00  14331.60    776.17     83.33    337.16   4026.03   4963.31      0.00 0
2201 14.0      154_176_178_202_203_209_228_229_233_245_248_251_265  4.90e+10  4.45e+10   8093.96 -14144.30   7530.00    816.59     65.20    299.78   6409.59  -4298.19      0.00 0
2202 14.0      49_59_63_71_75_83_86_89_95_99_103_107_111_114_121_125_129_137_141_158_168_191  1.00e+09  8.79e+08   6370.74  20353.96   8491.63    801.90     68.29     72.62   2568.92  -2649.39      0.00 0
2203 14.0      200_205_206_213_214_219_220_226_227_230_231_234_235_237_238_242_243_244_246_249_250_252_253_254_255_256_257_258_259_260_261_263_264_266_267_269_270_271_272_273_274_275_276_277_278_279_280_281_283_284_285_286_287_288_289_290_291_292_293_294_295_296_297_298  3.55e+10  3.16e+10 128010.19  -1407.60  13952.41    846.35     83.78    359.37   4851.39 -10934.51      0.00 0
2204 14.0      70_74_85_94_97_98_106_110_113_119_120_123_124_128_131_132_136_140_144_145_150_151_161_167_172_175_184_190_196_198_205_211_213_217_219_223_230_234_237_242_249_252_254_257_260_263_266_269_273_276_278_280_283_285_286_288_290_292_294_296_297  1.29e+09  1.10e+09 -11398.08  62969.43  12357.80    811.36     79.07    100.26  -3233.88  -8649.45      0.00 0
2205 14.0      49_53_59_63_67_71_72_75_83_86_89_95_99_100_103_107_111_114_117_121_125_126_129_133_134_137_141_143_146_147_148_152_154_155_158_162_164_165_168_173_176_181_182_185_191_197_199_200_205_206_212_214_220_226_227_230_231_235_238_243_246_249_250_253_258_260_261_266_267_270_275_276_277_280_281_286_287_288_289_290_291_293_294_295_296_297_298  2.14e+10  1.92e+10 -21484.60 -56027.73  12066.60    823.59     78.63    249.02    454.95  -9725.61      0.00 0
2206 14.0      0_3_4_6_9_10_12_14_17_18_21_22_25_26_30_33_34_36_38_41_42_46_49_50_53_54_56_59_60_63_68_71_72_75_80_83_89_107  3.80e+10  3.43e+10   6161.80 -14658.35   6976.65    920.33     66.31    292.80   1368.15   -227.92      0.00 0
2207 14.0      71_72_76_86_96_100_114_122_126_134_147_153_155_177_179_186_188_210  6.31e+10  5.74e+10  17524.19  25922.08   9626.00    842.21     72.90     55.94   6114.52   4522.68      0.00 0
2208 14.0      12_17_18_21_22_25_26_33_34_38_41_49_50_53_54_59_60_63_64_67_71_72_75_76_83_84_86_89_95_107_111_121_137_141  1.48e+09  1.23e+09  -2837.97  22591.66   9394.09    682.85     67.58     97.16   2130.43  -1323.24      0.00 0
2209 14.0      9_12_13_17_21_25_26_29_33_34_35_38_41_44_45_49_50_53_55_59_60_63_67_71_72_75_76_78_79_83_86_89_91_95_96_99_100_102_103_107_111_114_116_117_121_122_125_126_128_129_133_134_137_141_143_146_147_148_152_153_154_155_157_158_162_164_165_167_168_170_173_176_177_178_179_181_182_185_186_187_188_190_191_193_194_196_197_199_200_205_206_208_210_212_213_214_216_219_220_226_227_230_231_237_238_242_246_249_250_252_253_254_257_260_261_263_266_267_269_273_275_276_277_278_280_283_285_286_287_288_290_292_293_294_296_297  3.63e+09  3.24e+09 -45370.20 -73892.62  13221.99    828.45     81.33    238.45  -2402.34 -10624.96      0.00 0
2210 14.0      43_56_61_65_77_81_87_93_101_105_109_119_123_135_139_144_150_160  1.95e+09  1.71e+09 -26675.58   2408.89   9379.67    783.43     70.70    174.84  -4354.58   3156.51      0.00 0
2211 14.0      0_2_3_4_5_8_9_10_12_13_17_18_20_21_22_25_26_28_29_33_34_35_38_40_41_44_45_49_50_52_53_54_55_59_60_62_63_64_66_67_71_72_75_76_78_79_83_84_86_88_89_91_95_96_99_100_102_103_106_107_108_110_111_114_116_117_121_122_125_126_128_129_133_134_136_137_138_140_141_143_146_147_148_152_153_154_155_157_158_161_162_164_165_167_168_170_172_173_176_177_178_179_181_182_185_186_187_188_190_191_193_194_196_197_198_200_205_206_208_210_211_213_214_216_217_219_222_223_226_227_230_231_234_237_240_242_246_249_250_252_254_257_260_263_266_269_273_276_278_280_283_285_288_290_292_296  5.13e+10  4.71e+10  61151.62  72286.37  13188.86    876.15     82.07     49.77  -2351.42  -7457.07      0.00 0
2212 14.0      146_152_176_178_185_202_203_218_228_233_241_248_251_256_265_268_272_282  2.82e+10  2.54e+10  13775.34 -20088.28   9068.24    779.23     69.58    304.44   6354.87  -5698.52      0.00 0
2213 14.0      38_49_59_71_72_75_86_99_100_114_133_134_143_155_164_165_170_188_194_208_216_222_236_240  1.55e+10  1.38e+10  25038.63   7726.81   9459.77    754.93     70.15     17.15   5943.90    608.89      0.00 0
2214 14.0      96_108_122_138_147_153_177_179_186  2.24e+10  2.01e+10  15778.41   7853.08   7965.25    780.92     65.68     26.46   4622.43   3386.88      0.00 0
2215 14.0      0_1_2_3_4_5_6_7_9_10_11_12_14_15_17_18_19_21_22_23_25_26_27_30_31_33_34_36_38_39_42_43_46_47_49_50_51_54_56_57_59_60_61_64_65_68_71_72_73_75_76_77_80_81_84_86_87_90_93_95_96_99_100_105_109_114_119_123_125_133_134_135_143_144_150_154_164_170_187_193_215  2.24e+10  1.99e+10  32150.98 -12360.92  10026.84    831.41     73.77    338.97   1182.73    742.30      0.00 0
2216 14.0      2_8_11_13_16_20_23_24_28_29_31_32_35_37_40_41_44_45_47_48_52_55_57_58_62_66_67_69_70_73_74_78_79_82_85_88_89_91_93_94_97_98_102_103_106_110_111_113_116_117_119_120_123_124_128_129_131_132_136_140_141_144_145_148_151_157_158_161_167_168_172_173_181_182_190_191_196_197_199_200_205_206_212_213_214_220_224_226_227_230_231_235_238_243_244_246_249_250_253_255_258_259_261_264_267_270_271_274_277_279_281_284_289_291  2.51e+10  2.28e+10  50289.19 -61419.50  13027.61    816.96     80.68    309.31   2678.75  -8365.90      0.00 0
2217 14.0      0_1_2_4_5_6_7_8_10_11_14_15_16_18_19_20_22_23_24_27_30_31_32_34_36_37_39_40_42_43_46_47_48_51_52_54_56_57_58_61_62_64_65_68_69_70_73_74_77_80_81_82_84_85_87_90_92_93_94_97_98_101_104_105_106_108_109_112_113_115_118_119_120_123_124_127_130_131_132_135_136_138_139_142_144_145_149_150_151_156_159_160_161_163_166_169_171_174_175_180_183_184_186_189_192_195_201_204_207_217_225  2.57e+09  2.37e+09 -63840.34 -70332.05  13755.27    781.67     81.76    227.77  -1999.31   2026.02      0.00 0
2218 14.0      148_157_158_167_168_172_173_181_182_190_191_196_197_198_199_200_205_206_211_212_213_214_217_218_219_220_223_224_226_227_230_231_233_234_235_237_238_241_242_243_244_246_248_249_250_251_252_253_254_255_256_257_258_259_260_261_263_264_265_266_267_268_269_270_271_272_273_274_275_276_277_278_279_280_281_282_283_284_285_286_287_289_291  1.20e+10  1.05e+10 -95707.16   5082.80  13998.93    747.53     81.69    176.96   -354.85  -7963.64      0.00 0
2219 14.0      0_1_3_4_6_7_10_11_12_14_15_18_19_22_23_25_26_27_30_31_34_36_38_39_42_43_46_47_49_50_51_54_56_57_60_61_64_65_68_69_71_72_73_76_77_80_81_84_86_87_90_92_93_96_97_99_100_101_104_105_108_109_112_114_115_118_119_122_123_126_127_130_131_133_134_135_138_139_142_143_144_147_149_150_153_155_156_159_160_163_164_165_166_169_170_171_174_177_179_180_183_186_188_189_192_193_194_195_201_204_207_208_210_215_216_221_222_225_236_239_240  7.41e+09  6.66e+09 141779.91 -29671.04  14151.76    830.17     84.42    348.18   -525.57   4220.47      0.00 0
2220 14.0      0_1_2_3_4_5_6_7_8_9_10_11_12_13_14_15_16_17_18_19_20_21_22_23_24_25_26_27_28_29_30_31_32_33_34_35_36_37_38_39_40_41_42_43_44_45_46_47_48_49_50_51_52_53_54_55_56_57_58_59_60_61_62_63_64_65_66_67_68_69_70_73_74_76_77_78_79_80_81_82_84_85_87_88_89_90_91_92_93_94_97_98_101_102_103_104_105_106_108_109_110_112_113_115_116_117_118_119_120_123_124_127_128_130_131_132_135_136_138_139_140_142_145_148_149_151_156_157_158_159_160_161_166_167_169_171_172_174_175_180_181_182_183_184_189_190_192_195_196_198_200_201_204_205_207_211_213_217_219_223_225_226_230_234_237_242_246_249_252_254_257_260_263_266_269_273_276_278_280_283_285_286_288_290_292_294_296  2.69e+09  2.35e+09 -27851.02 -106464.52  14038.81    791.59     82.73    255.34  -3346.08  -8033.81      0.00 0
2221 14.0      1_2_5_8_11_13_15_16_19_20_23_24_28_29_31_32_35_37_40_44_45_47_48_51_52_55_57_58_61_62_66_67_69_70_73_74_78_79_81_82_85_88_91_93_94_97_98_102_103_105_106_110_113_116_117_119_120_123_124_128_129_131_132_135_136_140_144_145_148_150_151_157_158_160_161_167_168_172_175_181_182_184_190_191_196_197_198_200_205_206_211_213_214_217_219_220_223_226_227_230_231_234_237_238_242_243_246_249_250_252_253_257_258_260_261_264_266_267_269_270_273_274_275_276_277_279_280_281_283_284_286_287_288_289_290_291_293_294_295_296_297_298  7.59e+10  6.85e+10 -56536.00 101076.40  13953.44    821.14     83.13    119.22    245.55  -8334.06      0.00 0
2222 14.0      172_196_211_219_234_242_254_263_278  5.62e+10  5.17e+10  -9175.30 -13602.95   7633.81    800.26     65.05    236.00  -3777.42  -7437.63      0.00 0
2223 14.0      0_1_2_3_4_5_6_7_8_9_10_11_12_13_14_15_16_17_18_19_20_21_22_23_24_25_26_27_28_29_30_31_32_33_35_36_37_39_40_41_42_43_44_45_46_47_48_51_52_53_55_56_57_58_61_62_63_65_66_67_68_69_70_73_74_77_78_79_80_81_82_85_87_88_89_91_92_94_101_102_103_104_105_106_109_110_115_116_117_118_120_127_128_129_136_140_148_149_156_157_158_161_167_172_180_181_182_190_191_196_198_200_205_206_211_213_219_226_227_230_231_234_237_242_246_249_250_252_257_260_261_263_266_269_273_275_276_277_278_280_283_285_286_287_288_290_292_293_294_295_296_297_298  8.13e+09  7.14e+09  -5505.33 -79326.78  13335.21    767.16     80.48    266.03  -1628.75 -11156.14      0.00 0
2224 14.0      5_8_9_13_17_20_21_25_28_29_33_35_38_40_41_44_45_49_52_53_55_59_62_63_66_67_71_75_78_79_82_83_86_88_89_91_94_95_99_102_103_106_107_110_111_114_116_117_120_121_125_128_129_133_136_137_140_141_143_145_146_148_151_152_154_157_158_161_162_164_167_170_172_175_176_178_184_185_187_193_194_198_202_203_208_209_215_217_221_222_229_232_236_239_247  1.32e+09  1.19e+09  58416.09  13025.43  12514.36    746.59     78.19     12.57   4402.68  -2015.52      0.00 0
2225 14.0      96_104_108_112_118_122_126_130_134_138_142_147_149_153_155_159_163_165_169_174_177_179_180_183_186_188_192_201_204_207  2.40e+09  2.14e+09 -20617.51  19408.58   9727.75    756.44     71.04    136.73   2643.67   3971.25      0.00 0
2226 14.0      91_102_116_117_128_140_148_157_167_172_181_190_196_205_211_213_219_234_237_242_254_257_263_278  1.02e+09  8.83e+08  19979.33  19771.20   9727.86    751.80     70.91     44.70  -2810.52  -6660.41      0.00 0
2227 14.0      16_20_24_28_32_35_37_40_44_45_48_52_55_58_62_66_69_70_73_74_78_79_82_85_88_91_94_97_98_102_103_106_110_111_113_116_117_120_123_124_128_129_131_132_136_140_141_144_145_148_151_157_158_161_167_168_172_173_175_181_182_184_190_191_196_197_198_200_205_206_211_212_213_214_217_219_220_223_224_226_227_230_231_234_235_237_238_243_244_246_249_250_252_253_255_258_259_260_261_264_266_267_270_271_274_275_276_277_279_281_284_287_289_291_295  1.55e+10  1.36e+10  68583.24 -71343.26  13538.54    834.35     82.21    313.87   1168.01  -7574.83      0.00 0
2228 14.0      50_54_60_64_68_71_72_76_84_86_90_96_99_100_104_108_112_114_118_122_125_126_130_133_134_138_142_153_159_163_169_174_183_192_201_207  1.78e+09  1.52e+09  10937.68 -30463.97  10242.86    751.03     72.44    289.75   2313.44   3422.42      0.00 0
2229 14.0      176_178_185_199_202_203_212_218_220_224_235  1.70e+09  1.62e+09   9724.48  14849.25   7784.36    821.18     66.32     56.78   4617.21  -5016.71      0.00 0
2230 14.0      0_1_2_5_6_7_8_11_13_14_15_16_19_20_23_24_27_28_31_32_35_37_39_40_43_44_45_47_48_51_52_55_57_58_61_62_65_66_69_70_73_74_77_78_79_81_82_85_87_88_91_94_102_106_110_116_117_120_128_136_140_148_157_161_167_172_181_182_190_196_200_205_211_213_219_226_230_237_242_246_249_252_257_260_266_269_275_276_280_283_286_288_290_294_296  9.55e+10  8.97e+10    527.98  39801.58  10183.19    904.57     75.65     89.24  -1494.93  -5200.21      0.00 0
2231 14.0      241_243_244_248_251_255_256_258_259_262_264_265_268_270_271_272_274_279_282_284  2.75e+10  2.55e+10 -20981.42 -17642.98   8880.71    899.88     72.05    220.06   6404.95  -7306.57      0.00 0
2232 14.0      136_140_151_161_172_196_198_211_219_223_234_242_254_263  1.15e+09  1.02e+09  -2826.02 -19371.66   8342.10    775.24     66.92    261.70  -3382.22  -5667.97      0.00 0
2233 14.0      0_1_2_4_5_6_7_8_10_11_14_15_16_19_20_22_23_24_27_28_30_31_32_36_37_39_40_42_43_46_47_48_51_52_56_57_58_61_62_65_66_68_69_70_73_74_77_80_81_82_85_87_88_90_92_93_94_97_98_101_104_105_106_109_110_112_113_115_118_119_120_123_124_127_130_131_132_135_136_139_140_142_145_149_151_156_159_161_166_169_172_175_180_183_184_189_192_198_201_204_207_211_217_223_225_234_254  3.63e+09  3.16e+09  37371.97  66979.02  13593.26    710.33     79.95     60.84  -4015.29  -2348.99      0.00 0
2234 14.0      0_1_2_3_5_8_9_11_13_15_16_17_19_20_21_23_24_28_29_31_32_35_37_40_41_44_45_47_48_51_52_53_55_57_58_62_63_66_67_69_70_73_74_78_79_81_82_83_85_88_89_91_93_94_97_98_102_103_106_107_110_111_113_116_117_119_120_123_124_128_129_131_132_136_137_140_141_144_145_148_150_151_152_157_158_162_167_168_173_181_182_185_191_197_199_200_206_212_214_218_220_224_231_235_238_241_243_244_251_255_256_258_259_264_268_271_272_274_279  1.62e+09  1.41e+09 -51854.21  45731.72  12776.78    784.61     79.53    138.59  -1105.65  -2348.33      0.00 0
2235 14.0      200_205_206_213_214_219_220_226_227_230_231_237_238_242_243_246_249_250_252_253_254_255_257_258_259_260_261_263_264_266_267_269_270_271_273_274_275_276_277_278_279_280_281_283_285_292  8.51e+09  7.68e+09 -42674.72  -3853.67  10818.43    831.54     75.83    185.16  -2548.59  -9061.58      0.00 0
2236 14.0      0_1_2_3_4_5_6_7_8_9_10_11_12_13_14_15_16_17_18_19_20_21_22_23_24_25_26_27_28_29_30_31_32_33_34_35_36_37_38_39_40_41_42_43_44_45_46_47_48_49_50_51_52_53_54_55_56_57_58_59_60_61_62_63_64_65_66_67_68_69_70_71_72_73_74_75_76_77_78_79_80_81_82_83_85_86_87_88_89_91_93_94_95_97_98_99_101_102_103_105_106_107_109_110_111_113_116_117_119_121_123_125_127_129_131_132_133_135_137_139_141_144_146_148_150_152_154_158_160_162_168_171_173_176_178_185_191_197_199_202_203_209_212_214_218_220_224_228_229_233_235_241_243_244_245_248_251_255_256_259_262_264_265_268_271_272_282  9.12e+10  8.54e+10 -63925.22  57700.10  12808.47    899.06     81.54    137.93   1678.20  -2423.62      0.00 0
2237 14.0      92_101_109_115_118_127_130_135_139_142_149_150_156_159_160_166_169_171_174_180_183_189_192_195  1.07e+09  9.14e+08 -35332.15    215.83  11018.47    678.01     72.68    179.65  -2510.81   4961.24      0.00 0
2238 14.0      154_164_170_176_178_187_193_194_202_203_208_209_215_216_221_222_229  2.95e+09  2.56e+09  -4128.31 -18636.99   7957.61    834.63     67.37    257.51   6297.71  -1612.80      0.00 0
2239 14.0      0_1_2_3_4_5_6_8_9_10_11_12_13_16_17_18_20_21_22_24_25_26_28_29_32_33_34_35_38_40_41_44_45_48_49_50_52_53_54_55_58_59_60_62_63_66_67_71_72_74_75_76_78_79_82_83_84_86_88_89_91_94_95_96_99_100_102_106_110_114_120_122_124_126_133_134_136_140_143_145_147_151_155_161_165_170_175_179_184_188_194_210_216_222_240  1.29e+10  1.19e+10  37083.63  19709.42  10509.69    877.22     75.95     27.99   1426.21   -617.87      0.00 0
2240 14.0      122_126_134_143_147_153_155_163_164_165_170_174_177_179_186_187_188_193_194_208_209_210_215_216_221_222_229_232_236_239_240_245_247_262  2.75e+09  2.50e+09  26126.89 -59603.48  12532.11    791.37     79.10    293.67   5880.46   3717.00      0.00 0
2241 14.0      0_2_3_5_8_9_11_12_13_16_17_20_21_23_24_25_28_29_32_33_35_37_38_40_41_44_45_48_49_52_53_55_58_59_62_63_66_67_69_70_71_74_75_78_79_82_83_85_88_89_91_94_95_98_99_102_103_106_107_110_111_113_116_117_120_121_124_125_128_129_132_133_136_137_140_141_145_146_148_151_152_154_157_158_161_162_164_167_168_172_173_175_176_178_181_182_184_185_187_190_191_193_197_198_199_202_203_209_212_215_217_218_221_224_228_229_232_233_239_241_244_245_247_248_251_256_262_265_268_282  3.31e+10  2.96e+10 -87781.15   9350.11  13035.72    870.04     81.60    173.92   4478.43  -3523.58      0.00 0
2242 14.0      173_182_185_191_197_199_200_203_205_206_212_214_218_220_224_226_227_228_229_230_231_233_235_237_238_241_242_243_244_245_246_247_248_249_250_251_252_253_255_256_257_258_259_260_261_262_263_264_265_266_267_268_269_270_271_272_273_274_275_276_277_278_279_280_281_282_283_284_285_286_287_288_289_290_291_292_293_294_295_296_297_298  7.08e+09  6.15e+09 -140996.17 -60343.67  14335.39    802.65     84.66    203.17   6298.69  -8332.78      0.00 0
2243 14.0      116_117_128_140_148_157_161_167_172_190_196_198_211_223  1.05e+10  9.30e+09 -17782.14  -4098.79   7798.67    836.86     66.86    192.98  -1856.16  -5121.76      0.00 0
2244 14.0      0_1_2_3_4_5_6_7_8_9_10_11_12_13_14_15_16_17_18_19_20_21_22_23_24_25_26_27_28_29_30_31_32_33_34_35_36_37_38_39_40_41_42_43_44_45_46_47_48_49_50_51_52_53_54_55_56_57_58_59_60_61_62_63_64_65_66_67_68_69_70_71_72_73_74_75_76_77_78_79_80_81_82_83_84_85_86_87_88_89_90_91_92_93_94_96_97_98_100_101_102_104_105_106_108_109_110_112_113_114_115_116_118_119_120_122_123_124_126_127_128_130_131_132_134_135_136_138_139_140_142_144_145_147_149_150_151_153_155_156_159_160_161_163_166_167_169_171_172_174_175_177_179_180_183_184_186_188_189_192_195_196_198_201_204_207_210_211_217_219_223_225_234_254  1.41e+10  1.29e+10 -140214.70 -136114.97  13356.40    907.45     86.09    224.15  -3478.73   -268.60      0.00 0
2245 14.0      0_1_2_3_4_5_6_7_8_10_11_12_14_15_16_18_19_20_22_23_24_26_27_30_31_32_34_36_37_39_42_43_46_47_48_50_51_52_54_56_57_58_60_61_64_65_68_69_70_73_74_76_77_80_81_82_84_85_90_93_94_96_97_98_108_113_122_123_124_131_132_145  1.51e+10  1.35e+10 -38879.66 -14328.04  10855.00    802.32     75.32    200.23  -3911.00   -346.23      0.00 0
2246 14.0      0_1_2_3_4_5_6_7_8_9_10_11_12_13_14_15_16_17_18_19_20_21_22_23_24_25_26_27_28_29_30_31_32_33_34_35_36_37_38_39_40_41_42_43_44_45_46_47_48_49_50_51_52_53_54_55_56_57_58_59_60_61_62_63_64_65_66_67_68_69_70_71_72_73_74_75_76_77_78_79_80_81_82_83_84_85_86_87_88_89_90_91_92_93_94_95_97_98_99_101_102_103_104_105_106_107_109_110_111_113_115_116_117_118_119_120_121_123_124_125_127_128_129_131_132_135_136_137_139_140_141_144_145_146_148_149_150_151_152_154_156_157_158_160_161_162_166_167_168_171_172_173_175_176_178_180_181_182_184_185_189_190_191_195_196_197_198_199_200_202_203_204_205_206_211_212_213_214_217_218_219_220_223_224_226_227_228_230_231_233_234_235_237_238_241_242_243_244_246_248_249_250_251_252_253_255_256_257_258_259_260_261_264_265_266_267_268_269_270_271_272_274_275_276_277_279_280_281_282_284_286_287_288_289_291_293_294_295_297_298  4.47e+09  4.02e+09 126407.83 -193687.42  13416.95    788.98     86.68    303.13   3853.80 -10074.06      0.00 0
2247 14.0      4_10_12_14_17_18_22_25_26_30_33_34_36_38_42_43_46_49_50_53_54_56_59_60_64_68_71_72_75_76_77_80_83_84_86_90_92_95_96_99_100_101_104_107_108_112_114_115_118_121_122_125_126_127_130_133_134_137_143_146_149_152_154_156_164_176_178_185_187_193_202_203_209_215_218_228_229_232_233_241_245_247_248_251_262_265_268_282  2.95e+10  2.68e+10 -26744.04  33888.14  10619.55    875.14     76.18    128.28   4309.49  -1564.03      0.00 0
2248 14.0      145_151_161_172_175_184_196_198_211_213_217_219_223_230_234_237_242_249_252_254_257_260_263_266_269_273_275_276_278_280_283_285_286_287_288_290_292_293_294_295_296_297_298  2.69e+10  2.45e+10 -28925.62  49619.48  11998.81    808.49     78.20    120.24  -3178.96  -8635.86      0.00 0
2249 14.0      0_1_3_4_6_7_10_12_14_15_17_18_19_22_25_26_27_30_33_34_36_38_39_42_43_46_49_50_51_54_56_59_60_61_64_65_68_71_72_75_76_77_80_81_84_86_87_90_92_95_96_99_100_101_104_105_108_109_114_125_126_133_134_135_143_146_154_164_165_170_178_187_193_202_208_209_215_221_229_232_239_247  1.20e+09  1.06e+09  39057.82 -21703.61  11256.73    780.06     75.86    330.94   4095.58   -253.78      0.00 0
2250 14.0      182_191_197_199_200_205_206_212_213_214_218_219_220_224_226_227_230_231_233_235_237_238_241_242_243_244_245_246_248_249_250_251_252_253_254_255_256_257_258_259_260_261_262_263_264_265_266_267_268_269_270_271_272_273_274_275_276_277_278_279_280_281_282_283_284_285_286_287_288_289_290_291_292_293_294_295_296_297_298  6.03e+10  5.47e+10  99460.28  29915.21  12771.02    998.49     82.99     16.74  -2972.54 -10817.26      0.00 0
2251 14.0      140_148_151_157_161_167_172_175_181_182_184_190_191_196_198_200_205_206_211_213_214_217_219_220_223_226_227_230_231_234_237_238_242_243_246_249_250_252_253_254_255_257_258_259_260_261_263_264_266_267_269_270_271_273_274_275_276_277_278_279_280_281_283_284_286_287_288_289_291_293_295  1.41e+09  1.21e+09  83667.12 -41350.85  13365.61    838.46     81.85    333.70   4143.16 -10800.01      0.00 0
2252 14.0      0_1_2_3_4_5_6_7_8_9_10_11_12_13_14_15_16_17_18_20_21_22_24_25_26_27_28_29_30_32_33_34_35_36_38_40_41_42_44_45_46_49_50_52_53_54_55_56_58_59_60_62_63_64_66_67_68_71_72_75_76_78_79_80_82_83_84_86_88_89_90_91_95_96_99_100_102_103_104_106_107_108_110_111_112_114_116_117_121_122_125_126_128_129_130_133_134_136_137_138_140_141_142_143_146_147_148_152_153_154_155_157_158_161_162_163_164_165_167_168_169_170_172_173_174_177_179_181_182_186_188_190_191_196_197_198_200_205_206_210_211_213_214_219_223_226_227_230_231_234_237_242_246_249_250_252_254_257_260_261_263_266_269_273_275_276_278_280_283_285_286_288_290_292_294_296  1.32e+10  1.22e+10 -41582.38 -76808.86  12866.45    895.63     81.62    241.57    -41.77  -4437.27      0.00 0
2253 14.0      102_106_110_116_117_120_124_128_136_140_145_148_151_157_158_161_167_168_172_175_181_182_184_190_191_196_197_198_200_205_206_211_212_213_214_217_219_220_223_226_227_230_231_234_235_237_238_242_243_244_246_249_250_252_253_254_255_257_258_259_260_261_263_264_266_267_269_270_271_273_274_275_276_277_278_279_280_281_283_284_285_286_287_288_289_290_291_292_293_294_295_296_297_298  1.70e+09  1.43e+09 132871.91 -84388.13  14463.48    782.48     84.75    327.58   3045.39 -10860.43      0.00 0
2254 14.0      0_1_2_3_5_8_9_11_12_13_15_16_17_20_21_23_24_25_28_29_32_33_35_37_40_41_44_45_47_48_49_52_53_55_58_59_62_63_66_67_69_70_73_74_75_78_79_82_83_85_88_89_91_94_95_97_98_99_102_103_106_107_110_111_113_116_117_120_121_124_125_128_129_131_132_136_137_140_141_145_146_148_151_152_154_157_158_161_162_167_168_172_173_175_176_178_181_182_184_185_187_190_191_196_197_198_199_200_202_203_205_206_209_211_212_213_214_215_217_218_219_220_223_224_226_227_228_229_230_231_232_233_234_235_237_238_241_242_243_244_245_246_247_248_249_250_251_252_253_254_255_256_257_258_259_260_261_262_263_264_265_266_267_268_269_270_271_272_273_274_275_276_277_278_279_280_281_282_283_284_285_286_287_288_289_290_291_292_293_294_295  4.57e+09  4.01e+09 -269190.19  75513.88  11913.46    796.83     87.56    164.33  -3385.78  -5101.21      0.00 0
2255 14.0      92_101_104_109_112_115_118_127_130_135_139_149_150_156_159_160_166_171_189_195  6.17e+09  5.73e+09 -29650.95   3111.21   9331.63    866.87     72.62    174.01  -3355.78   4571.41      0.00 0
2256 14.0      78_88_91_102_103_106_110_111_116_117_128_129_141_148_157_158_162_168_173_182_191_197_199_206_212_214_218_220_224_235_238_241_243_244_255_256_258_259_264_268_271_272_279  8.32e+09  7.47e+09 -34176.79  23392.57  10927.05    789.14     75.22    145.61   4368.59  -7190.63      0.00 0
2257 14.0      8_13_20_28_29_32_35_40_41_44_45_48_52_53_55_58_62_63_66_67_70_74_78_79_82_83_88_89_91_94_98_102_103_106_107_110_111_113_116_117_120_121_124_128_129_132_136_137_140_141_145_146_148_151_152_157_158_161_162_167_168_172_173_175_176_178_181_182_184_185_190_191_196_197_198_199_200_202_203_205_206_211_212_213_214_217_218_219_220_223_224_226_227_228_229_230_231_233_234_235_237_238_241_242_243_244_245_246_247_248_249_250_251_252_253_254_255_256_257_258_259_260_261_262_263_264_265_266_267_268_269_270_271_272_273_274_275_276_277_278_279_280_281_282_283_284_285_286_287_288_289_290_291_292_293_294_295_296  1.05e+10  9.35e+09 -225816.66  67490.57  13094.38    820.27     86.82    163.36  -1692.76  -6330.11      0.00 0
2258 14.0      9_17_21_25_26_29_33_35_38_41_45_49_50_53_55_59_60_63_67_71_72_75_76_78_79_83_86_89_91_95_96_99_100_102_103_107_111_114_116_117_121_122_125_126_128_129_133_134_137_141_143_146_147_148_152_153_154_155_157_158_162_164_165_167_168_170_173_176_177_178_179_181_182_185_186_187_188_190_191_193_194_196_197_199_200_202_203_205_206_208_209_210_212_213_214_215_216_218_219_220_221_222_224_226_227_228_229_230_231_232_233_235_236_237_238_239_240_241_242_243_244_245_246_247_248_249_250_251_252_253_255_256_257_258_259_260_261_262_263_264_266_267_269_270_271_273_274_275_276_277_278_279_280_281_283_284_285_286_287_288_289_290_291_292_293_294_295_296_297_298  5.50e+10  4.97e+10  79503.62 120390.61  14095.26    839.06     84.42     56.56   4019.96  -3395.04      0.00 0
2259 14.0      0_1_2_3_4_5_6_7_8_9_10_11_12_13_14_15_16_17_18_19_20_21_22_23_24_25_26_27_28_29_30_31_32_33_34_35_36_37_38_39_40_41_42_43_44_45_46_47_48_49_50_51_52_53_54_55_56_57_58_59_60_61_62_63_64_65_66_67_68_69_70_71_72_73_74_75_76_77_78_79_80_81_82_83_84_85_86_87_88_89_90_91_92_93_94_95_96_97_98_99_100_101_102_103_104_105_106_107_108_109_110_111_112_113_114_115_116_117_118_119_120_121_122_123_124_125_126_127_128_129_130_131_132_133_134_135_136_137_138_139_140_141_142_143_144_145_146_147_148_149_150_151_152_153_154_155_156_157_158_160_161_162_163_164_165_166_167_168_170_171_172_173_175_176_177_178_179_181_182_184_185_187_188_191_193_194_195_197_199_202_203_208_209_210_212_215_216_218_220_221_222_224_228_229_232_233_235_236_239_240_241_244_245_247_248_251_256_259_262_265_268_272_282  6.17e+10  5.61e+10 -218700.45  66237.87  13215.90    828.29     86.69    163.15   4044.22  -1605.44      0.00 0
2260 14.0      114_126_133_134_143_147_153_155_165_177_179_186_188_210  7.59e+10  6.79e+10   3178.42  22788.75   8557.09    840.43     69.60     82.06   5192.74   3005.21      0.00 0
2261 14.0      243_244_253_255_256_258_259_264_267_268_270_271_272_274_275_277_279_281_284_286_287_289_291_293_294_295_297_298  2.51e+09  2.27e+09 -27473.84 -24868.10  10850.32    732.38     73.68    222.15   1925.39 -10993.42      0.00 0
2262 14.0      42_43_46_54_56_64_65_68_77_80_84_87_90_92_96_101_104_108_109_112_115_118_122_126_127_130_134_135_138_139_142_147_149_150_153_155_156_159_160_163_165_166_169_171_174_177_179_180_183_186_188_189_192_194_195_201_204_207_210_216_222_236_240  2.04e+10  1.82e+10  61018.46 -16624.11  12281.64    817.63     79.01    344.76   2371.09   3952.75      0.00 0
2263 14.0      200_206_214_226_227_231_238_243_246_250_253_255_258_264_267_270_271_274_279_281_284  9.12e+10  8.45e+10  29535.04 -18341.06   9890.40    864.88     74.12    328.16   5099.16 -10234.60      0.00 0
2264 14.0      0_1_2_3_4_5_6_7_8_9_10_11_12_14_15_16_17_18_19_20_22_23_24_25_26_27_30_31_32_34_36_37_38_39_42_46_47_48_50_51_54_57_58_60_64_69_70_72_73_74_76_84_85_96_97_98_100_113_132  3.80e+10  3.38e+10  26144.91   5481.01   9412.46    775.67     70.59     11.84   -887.13    294.49      0.00 0
2265 14.0      1_6_7_10_11_14_15_19_23_27_31_37_39_47_51_57_61_69_70_73_81_85_93_97_113_119_123_131_144  9.55e+09  8.83e+09 -24192.53   2163.38   8401.35    913.60     70.92    174.89  -4331.35   1215.90      0.00 0
2266 14.0      0_1_2_3_4_5_6_7_8_9_10_11_12_13_14_15_16_17_18_19_20_21_22_23_24_25_26_27_28_29_30_31_32_33_34_35_36_37_38_39_40_42_43_46_47_48_49_50_51_52_54_56_57_58_60_61_62_64_65_68_69_70_71_72_73_74_76_77_80_81_82_84_85_86_87_90_92_93_94_96_97_98_100_101_104_105_106_108_109_112_113_114_115_118_119_120_122_123_124_126_130_131_132_134_135_138_142_144_145_147_153_155_163_165_174_177_179_186_188_210_216_240  1.00e+09  8.59e+08 -73526.19 -26080.32  13167.18    784.68     80.42    199.53  -2449.32    555.76      0.00 0
2267 14.0      91_102_103_110_111_116_117_128_129_136_137_140_141_146_148_151_152_157_158_161_162_167_168_172_173_175_176_178_181_182_184_185_190_191_196_197_198_199_200_202_203_205_206_209_211_212_213_214_217_218_219_220_223_224_226_227_228_229_230_231_232_233_234_235_237_238_241_242_243_244_245_246_247_248_249_250_251_252_253_254_255_256_257_258_259_260_261_262_263_264_265_266_267_268_269_270_271_272_273_274_275_276_277_278_279_280_281_282_283_284_285_286_287_288_289_290_291_292_293_294_295_296_297_298  1.62e+10  1.48e+10 -248201.77 -10012.20  12757.44    819.54     87.06    182.31    393.74  -8573.82      0.00 0
2268 14.0      0_1_3_4_6_7_10_12_14_17_18_19_22_25_26_27_30_33_34_36_38_39_42_43_46_49_50_51_53_54_56_59_60_61_64_65_68_71_72_75_76_77_80_83_84_86_87_90_92_95_96_99_100_101_104_105_108_109_112_114_115_118_121_125_127_130_133_135_139_146_149_154_156_159_160_166_171_176_178_180_189_195_204  3.24e+10  2.89e+10  34557.91 -37279.98  11848.04    759.63     76.88    312.83   -875.11   3887.23      0.00 0
2269 14.0      190_196_211_213_219_223_234_242_254  3.98e+09  3.64e+09 -16358.88  -9142.67   7823.90    849.90     67.34    209.20  -4326.08  -7213.75      0.00 0
2270 14.0      0_1_2_3_4_5_6_7_8_9_10_11_12_13_14_15_16_17_19_20_21_23_24_27_28_29_31_32_33_35_36_37_39_40_41_43_44_45_47_48_51_52_53_55_56_57_58_61_62_63_65_66_67_69_70_73_74_77_78_79_81_82_85_87_88_89_91_93_94_97_98_101_102_103_105_106_109_110_111_113_116_117_119_120_123_124_127_128_129_131_132_135_136_139_140_141_144_148_150_157_158_160_166_167_168_171_173_181_182_190_191_195_196_197_200_205_206_212_213_214_220_226_227_230_231_238_243_246_249_250_253_258_260_261_264_267_270_274_275_277_279_281_284_287_289_291_295  1.78e+10  1.59e+10  27988.08 -68788.52  13094.81    771.00     80.00    292.14     -0.04  -4703.64      0.00 0
2271 14.0      117_129_141_148_157_158_162_167_168_172_173_176_181_182_185_190_191_196_197_199_200_202_203_205_206_211_212_213_214_218_219_220_223_224_226_227_228_229_230_231_233_234_235_237_238_241_242_243_244_245_246_247_248_249_250_251_252_253_254_255_256_257_260_262_263_265_266_269_273_278_285  7.08e+10  6.63e+10 -55211.38 -15769.06  11744.69    854.24     78.44    195.94  -2696.75  -7613.97      0.00 0
2272 14.0      200_205_206_214_220_226_227_230_231_235_237_238_242_243_244_246_249_250_252_253_254_255_256_257_258_259_260_261_263_264_266_267_268_269_270_271_272_273_274_275_276_277_278_279_280_281_282_283_284_285_286_287_288_289_290_291_292_293_294_295_296  7.41e+09  6.59e+09  74257.98   2100.16  13112.29    768.36     79.99      1.62   4708.62  -9492.80      0.00 0
2273 14.0      167_172_190_196_211_213_219_230_234_237_242_252_254_257_263_269_273_278_283_285_290_292  3.72e+10  3.38e+10  11432.80  31258.50   9474.83    919.29     74.11     69.91  -4202.06 -10983.74      0.00 0
2274 14.0      0_1_2_3_4_5_6_7_8_9_10_11_12_13_14_15_16_17_18_19_20_22_23_24_25_26_27_28_30_31_32_34_36_37_38_39_40_42_43_46_47_48_50_51_52_54_56_57_58_60_61_62_64_65_68_69_70_72_73_74_76_77_80_81_82_84_85_87_90_92_93_94_96_97_98_100_101_104_105_106_108_109_112_113_115_118_119_120_122_123_124_126_127_130_131_132_135_138_142_144_145_147_149_151_153_155_159_163_169_174_175_177_179_186_192  1.12e+09  9.70e+08 -73560.45 -42727.30  14083.10    686.39     80.60    210.15  -2622.00    522.08      0.00 0
2275 14.0      3_4_5_9_10_12_13_17_18_21_22_25_26_29_30_33_34_35_38_41_42_45_46_49_50_53_54_55_59_60_63_64_67_68_71_72_75_76_79_83_84_86_89_90_91_95_96_99_100_103_104_107_108_111_112_114_116_117_121_122_125_126_129_130_133_134_137_138_141_142_143_146_147_148_152_153_155_158_162_163_168_169_173_174_177_181_182_185_186_191_197_199_200_206_212_214_220_226_227_231_235_238_243_246_249_250_253_258_260_261_267_270_274_275_276_277_281_284_286_287_289_291_293_294_295_297_298  1.91e+09  1.69e+09   8971.79  60683.57  12380.10    782.67     78.59     81.59   2188.99  -3095.91      0.00 0
2276 14.0      167_172_190_196_205_211_213_219_226_230_237_249_252_257_260_266_269_275_276_280_286  4.47e+09  3.94e+09   8470.47 -20229.46   8519.79    814.97     68.77    292.72  -1653.33  -8242.82      0.00 0
2277 14.0      40_44_45_55_62_66_67_78_79_82_88_89_91_94_102_103_106_107_110_111_116_117_120_124_128_129_132_136_137_140_141_145_148_151_152_157_158_161_162_167_168_172_173_175_176_181_182_184_185_190_191_196_197_198_199_200_202_203_205_206_211_212_213_214_217_218_219_220_223_224_226_227_228_230_231_233_234_235_237_238_241_242_243_244_245_246_248_249_250_251_252_253_254_255_256_257_258_259_260_261_262_263_264_265_266_267_268_269_270_271_272_273_274_277_279_281_282_284  1.91e+10  1.68e+10 -133732.72  28645.40  14254.05    808.40     84.05    167.91  -3463.97  -5365.84      0.00 0
2278 14.0      197_199_206_212_214_218_220_224_227_231_233_235_238_241_243_244_246_250_253_255_258_260_261_267_270_275_276_277_286_288  1.70e+10  1.52e+10 -21034.65 -17525.41   9224.61    827.77     71.38    219.80   2115.56  -8122.96      0.00 0
2280 14.0      16_20_24_28_32_35_37_40_44_48_52_55_58_62_66_69_70_73_74_78_79_82_85_88_91_94_97_98_102_103_106_110_116_117_128_129_148_157_158_181_182_191_200_206_214_227_231_238_253  5.13e+09  4.62e+09 -15434.43  26275.82   9748.81    800.41     72.26    120.43   -546.84  -3936.76      0.00 0
2281 14.0      92_101_104_109_115_118_127_135_139_150_156_160_166_171  1.20e+09  1.04e+09  22819.53  -4233.47   9072.12    748.01     68.65    349.49  -2333.54   4189.11      0.00 0
2282 14.0      23_24_31_32_37_39_47_48_51_57_58_61_65_69_70_73_74_81_82_85_87_93_94_97_98_101_105_106_109_113_119_120_123_124_127_135_139_150_156_160_166_171_189_195  6.92e+10  6.53e+10  -1927.66 -27091.19   8829.96    903.92     71.99    265.93  -2571.13   2491.76      0.00 0
2283 14.0      28_35_40_41_44_45_52_55_62_63_66_67_78_79_82_88_89_91_94_102_103_106_107_110_111_116_117_120_121_124_128_129_136_137_140_141_145_151_152_161_175_184  1.38e+10  1.23e+10 -30831.42   1205.98   9539.42    849.50     72.82    177.76  -1584.72  -3092.73      0.00 0
2284 14.0      0_1_2_3_4_5_6_7_8_9_10_11_12_13_14_15_16_17_18_19_20_21_22_23_24_25_26_27_28_29_30_31_32_33_34_35_36_37_38_39_40_41_42_43_44_45_46_47_48_49_50_51_52_53_54_55_56_57_58_59_60_61_62_63_64_65_66_67_68_69_70_71_72_73_74_75_76_77_78_79_80_81_82_83_84_85_86_87_88_89_90_91_92_93_94_96_97_98_100_101_102_104_105_106_108_109_110_112_113_115_116_118_119_120_122_123_124_126_127_128_130_131_132_135_136_138_139_140_142_144_145_147_149_150_151_153_155_156_157_159_161_163_166_167_169_172_174_175_177_179_180_183_184_186_189_190_192_196_198_201_204_207_211_213_217_219_223_225_234_242_254_263_278  2.82e+09  2.63e+09 -83773.77 -105620.44  14288.05    801.10     83.95    231.58  -1234.63    458.16      0.00 0
2285 14.0      0_1_2_3_4_5_6_7_9_10_12_13_14_15_17_18_19_21_22_25_27_29_30_36_39_42_43_46_56_61_65_68_77_80_87_92_101_115_127  1.58e+10  1.39e+10  -5707.02  18962.36   8295.77    791.41     67.27    106.75   -104.96   1534.72      0.00 0
2286 14.0      76_86_96_99_100_108_112_114_122_125_126_130_133_134_138_142_143_146_147_153_154_155_163_164_165_169_170_174_176_177_178_179_185_186_187_188_192_193_194_202_203_207_208_209_210_215_216_218_221_222_228_229_232_233_236_239_241_245_247_248_251_256_262_265_268_272_282  8.32e+10  7.53e+10 -22220.54  51152.55  11377.03    905.63     78.47    113.48   6134.39  -1680.26      0.00 0
2287 14.0      26_34_38_49_50_54_59_60_71_72_75_76_83_84_86_95_96_99_100_107_108_112_114_121_122_125_126_133_134_137_138_142_147_153_163_174  7.08e+09  6.26e+09    588.18 -26531.35   9137.72    823.25     71.00    271.27   3064.30    683.45      0.00 0
2288 14.0      0_1_2_3_4_5_6_7_8_9_10_11_12_13_14_15_16_17_18_20_21_22_24_25_26_28_29_30_32_33_34_35_36_38_40_41_42_44_45_46_49_50_52_54_55_58_60_62_64_66_68_72_76_78_82_84_88_90_96_106_108_110_112_122_138_153  9.77e+09  9.14e+09  17161.10  19547.82   8839.99    869.51     71.23     48.72    725.10    219.23      0.00 0
2289 14.0      2_8_11_15_16_19_20_23_24_28_31_32_37_40_44_47_48_51_52_57_58_61_62_66_69_70_73_74_78_81_82_85_87_88_93_94_97_98_102_105_106_109_110_119_123_135_139_144_150_160_171  1.91e+09  1.70e+09  -9430.16  28430.91  10034.11    738.53     71.48    108.35  -2458.96    705.05      0.00 0
2290 14.0      38_49_50_59_60_71_72_75_76_83_84_86_95_96_99_100_107_108_112_114_121_122_125_126_133_134_137_138_141_142_143_146_147_152_153_154_155_162_163_164_165_169_170_173_174_176_177_178_179_185_186_187_188_192_193_194_197_199_202_203_208_209_210_212_215_216_218_220_221_222_224_228_229_232_233_235_236_239_240_241_243_244_245_247_248_251_255_256_258_259_262_264_265_268_271_272_274_279_282  2.63e+09  2.33e+09  -7527.01  92143.47  13305.84    844.46     81.81     94.67   5109.15   1476.52      0.00 0
2291 14.0      11_15_16_19_20_23_24_31_32_37_39_40_47_48_51_52_57_58_61_62_69_70_73_74_81_82_85_87_93_97_105_109_119_135_139_150_160_171  3.98e+09  3.52e+09   5967.47 -21430.82   8472.74    834.15     69.15    285.56  -2379.17   1658.59      0.00 0
2292 14.0      0_1_2_3_4_5_6_7_8_9_10_12_13_14_17_18_21_22_25_26_27_28_29_30_33_34_35_36_38_41_42_43_44_45_46_49_50_53_54_55_56_59_60_63_64_67_68_71_72_75_76_77_78_79_80_83_84_86_89_90_91_92_95_96_99_100_103_104_107_108_111_112_114_115_116_117_118_121_122_125_126_129_130_133_134_137_138_141_142_143_146_147_148_149_152_153_154_155_156_158_159_162_163_164_165_168_169_170_173_174_176_177_178_179_180_181_182_183_185_186_187_188_191_192_193_197_199_200_201_202_203_204_206_207_209_212_214_218_220_224_225_227_228_231_233_235_238_241_243_244_246_250_251_253_255_256_258_259_261_264_267_270_271_272_274_275_277_279_281_284_287_289_291_293_295_298  5.01e+09  4.35e+09  -6506.08 112835.77  14298.19    759.76     82.79     93.30   3021.18  -4181.24      0.00 0
2293 14.0      112_118_122_130_138_142_147_153_159_163_169_174_177_179_186_210  1.10e+09  9.56e+08 -24402.43   7858.26   9923.16    665.96     68.84    162.15   4047.82   3706.11      0.00 0
2294 14.0      38_49_71_72_75_86_99_114_125_133_143_154_164_187_193_215  1.66e+09  1.45e+09 -17779.80   5111.71   8271.59    753.43     65.91    163.96   4459.33   -896.44      0.00 0
2295 14.0      0_1_2_3_4_5_6_7_8_9_10_11_12_13_14_15_16_17_19_20_21_23_24_25_27_28_29_31_32_33_35_36_37_39_40_41_43_44_45_47_48_51_52_53_55_57_58_59_61_62_63_65_66_67_69_70_73_74_78_79_81_82_83_85_87_88_89_91_93_94_97_98_102_103_105_106_107_109_110_111_113_116_117_119_120_121_123_124_128_129_131_132_135_136_137_139_140_141_144_145_148_150_151_152_157_158_160_161_162_167_168_171_172_173_175_181_182_184_185_190_191_196_197_198_199_200_205_206_211_212_213_214_217_218_219_220_223_224_226_227_230_231_234_235_237_238_241_242_243_244_246_249_250_251_252_253_254_255_256_257_258_259_260_261_263_264_266_267_268_269_270_271_272_273_274_275_276_277_279_280_281_283_284_286_287_288_289_290_291_293_294_295_296_297_298  6.17e+09  5.53e+09 133278.98 -159343.31  13506.39    850.01     86.28    309.91   2916.57  -9959.43      0.00 0
2296 14.0      0_2_3_5_8_9_12_13_16_17_20_21_25_26_28_29_32_33_35_38_40_41_44_45_48_49_52_53_55_58_59_62_63_66_67_71_72_74_75_78_79_82_83_86_88_89_91_94_95_98_99_100_102_103_106_107_110_111_114_116_117_120_121_124_125_128_129_133_134_136_137_140_141_143_145_146_148_151_152_154_157_158_161_162_164_165_167_168_170_172_173_175_176_178_181_182_184_185_187_190_191_193_194_196_197_198_199_200_202_203_205_206_208_209_211_212_213_214_215_217_218_219_220_221_222_223_224_226_227_228_229_230_231_232_233_234_235_236_237_238_239_240_241_242_243_244_245_246_247_248_249_250_251_252_253_254_255_256_257_258_259_260_261_262_263_264_265_266_267_268_269_270_271_272_273_274_275_276_278_280_282_283_285_292  4.47e+10  3.98e+10 188049.39  48108.01  13947.72    815.46     85.89     14.35  -3249.39  -6040.97      0.00 0
2297 14.0      230_246_249_252_260_261_266_267_275_276_277_281_287_289_291_295  8.32e+09  7.17e+09 -15171.43  15092.20   8685.16    767.37     67.91    135.15    734.88 -10492.27      0.00 0
2298 14.0      0_1_2_3_4_5_6_7_8_9_10_11_12_13_14_15_16_17_18_19_20_21_23_24_27_28_29_30_31_32_35_36_37_39_40_41_43_44_45_46_47_48_51_52_55_56_57_58_61_62_65_66_67_69_70_73_74_77_78_79_80_81_82_87_88_91_92_93_101_102_103_105_109_110_115_116_117_127_128_129_135_139_148_156_157_158_166_171_181_182_189_195_200_205_206_226_227  2.24e+09  1.88e+09  -6434.46  40717.55  11084.19    758.94     74.95     98.98   -774.41   -728.63      0.00 0
2299 14.0      94_102_106_110_116_120_124_128_132_136_140_145_148_151_157_161_167_172_181_182_190_200_205  2.40e+10  2.17e+10 -17400.49  18942.79   9351.77    762.43     70.02    132.57  -2528.49  -3801.68      0.00 0
