#event_number primary_type du_ids energy_primary em_energy Xmax_pos(x, y, z), Xmax_grams zenith azimuth shower_core_pos_x shower_core_pos_y shower_core_pos_z, N_tested_cores, units are degrees, GeV and meters
100000 5626.0    0_1_2_3_4_5_6_7_8_9_10_11_12_13_14_15_16_17_18_19_20_22_23_24_27_28_29_30_31_32_35_36_37_39_40_42_43_44_45_46_47_48_51_52_55_56_58_61_62_65_66_68_77_78_80_82_88_90_91_92_102_104_106_110_116_118_128_140_157_167  1.35e+10  1.16e+10   8465.40  30483.92  10261.34    733.74     72.03     74.48   -703.62   -727.18      0.00 0
100001 5626.0    244_251_255_256_258_259_264_265_267_268_270_271_272_274_277_279_281_282_284_287_289_291_293_295  6.31e+09  5.35e+09 -33389.02 -20871.88  11328.06    692.26     73.95    212.01   5593.76  -8769.17      0.00 0
100002 5626.0    94_106_120_136_140_145_151_161_172_184_198_211_217_223_234_242_254_263_278  4.37e+10  3.81e+10   6437.81  23876.15   9122.95    778.89     69.75     74.91  -4235.50  -5885.81      0.00 0
100003 5626.0    248_251_255_256_259_262_264_265_268_271_272_274_279_282_284_291_295_298  5.75e+10  4.99e+10 -39204.43 -44909.22  12595.24    731.63     78.07    228.88   5373.78 -10564.49      0.00 0
100004 5626.0    103_107_111_117_121_125_129_137_141_146_152_154_162_164_176_178_185_187_193_202_209_215_221_232_239  1.38e+09  1.13e+09 -28887.47 -12018.78  10706.16    657.37     71.11    202.59   5008.39  -2570.21      0.00 0
100005 5626.0    4_12_18_22_25_26_34_38_49_50_54_60_71_72_76_86_96_100_114_126_134_143_155_165_170_194  8.13e+09  6.97e+09  21086.80    577.96   8772.25    742.80     67.42      1.57   3909.61    558.05      0.00 0
100006 5626.0    0_1_2_3_4_5_6_7_8_9_10_11_12_13_14_16_17_18_20_21_22_24_25_26_28_29_30_32_33_34_35_36_38_40_41_42_44_45_46_49_50_52_53_54_55_58_59_60_62_63_64_66_67_68_71_72_75_76_78_79_82_83_84_86_88_89_90_91_95_96_99_100_102_103_106_107_108_110_111_112_114_116_117_121_122_125_126_128_129_133_134_136_138_140_142_143_147_148_153_155_157_161_163_165_167_170_172_174_177_179_181_186_188_190_194_196_198_205_210_211_213_216_217_219_223_234_237_242_254_263_278  1.10e+09  8.71e+08 -54373.11 -62637.37  14401.64    633.34     80.15    229.04   5028.20   3242.39      0.00 0
100007 5626.0    0_1_2_3_4_5_6_7_8_9_10_11_12_13_14_15_16_17_18_19_20_21_22_23_24_25_26_27_28_29_30_31_32_33_34_35_36_37_38_39_40_41_42_43_44_45_46_47_48_49_50_51_52_53_54_55_56_57_58_59_60_61_62_63_64_65_66_67_68_69_70_71_72_73_74_75_76_77_78_79_80_81_82_83_84_85_86_87_88_89_90_91_92_93_94_95_96_97_98_99_100_101_102_103_104_105_106_107_108_109_110_111_112_113_114_115_116_117_118_120_121_122_124_125_126_127_128_129_130_132_133_134_136_137_138_139_140_141_142_143_145_146_147_148_149_151_152_153_154_155_156_157_158_159_161_162_163_164_165_166_167_168_169_170_172_173_174_175_176_177_179_180_181_182_183_184_185_186_188_189_190_191_192_194_196_197_198_199_200_201_204_205_206_207_210_211_212_213_214_217_219_220_223_225_226_227_230_231_234_237_238_242_246_249_250_252_253_254_257_258_260_261_263_266_267_269_270_273_275_276_277_278_280_281_283_285_286_287_288_289_290_292_293_294_295_296_297_298  4.79e+09  3.96e+09  67005.01 184194.78  14565.58    723.51     85.75     70.01  -2503.36  -9768.25      0.00 0
100008 5626.0    0_1_2_3_4_5_6_7_8_9_10_11_12_13_14_15_16_17_18_19_20_21_22_23_24_25_26_27_28_29_30_31_32_33_34_35_36_37_38_39_40_41_42_43_44_45_46_47_48_49_50_51_52_53_54_55_56_57_58_59_60_61_62_63_64_65_66_67_68_69_70_71_72_73_74_75_76_77_78_79_80_81_82_83_84_85_86_87_88_89_90_91_92_93_94_95_96_97_98_99_100_101_102_103_104_105_106_107_108_109_110_111_112_113_114_115_116_117_118_119_120_121_122_123_124_125_126_127_128_129_130_131_132_133_134_135_136_137_138_139_140_141_142_143_144_145_146_148_149_150_151_152_154_156_157_158_159_160_161_162_164_166_167_168_169_171_172_173_176_178_180_181_182_183_185_187_189_190_191_192_195_196_197_199_200_201_202_203_204_205_206_207_209_212_213_214_218_220_224_225_226_227_228_229_230_231_233_235_238_241_243_244_246_248_249_250_251_253_255_256_258_259_260_261_264_265_267_268_270_271_272_274_275_277_279_281_282_284_287_289_291_295  1.45e+09  1.16e+09  89579.89 -183097.95  14933.06    661.65     85.81    296.07   -170.73    -72.54      0.00 0
100009 5626.0    148_157_158_167_168_181_182_190_191_196_200_205_211_213_219  2.88e+10  2.50e+10  19316.96   4250.64   8448.75    761.83     66.87     12.41   -638.45  -5979.56      0.00 0
100010 5626.0    11_15_19_23_24_27_31_32_37_39_43_47_48_51_57_58_61_65_69_70_73_74_77_81_82_85_87_92_93_94_97_98_101_105_106_109_113_115_119_120_123_124_127_131_132_135_136_139_144_145_149_150_151_156_160_161_166_171_175_180_183_184_189_195_198_201_204_217_223_225  2.69e+10  2.30e+10  16207.63  52749.25  12436.04    713.46     77.30     72.92  -2713.30   2341.48      0.00 0
100011 5626.0    0_1_2_3_4_5_6_7_8_9_10_11_12_13_14_15_16_17_18_19_20_21_22_23_24_25_26_27_28_29_30_32_33_34_35_36_40_41_42_44_45_46_48_52_53_54_55_58_62_64_66_67_68_78_79_80_82_88_90_91_94_102_106_110_116_117_120_128_136_140_148_151_157_161_167_172_181_184_190_196_198_205_211_213_219_223_230_234_237_242_252_254_257_263_266_269_273_278_280_283_285_290_292  6.46e+10  5.62e+10 -24703.01 -54813.10  12538.34    745.32     78.22    245.74  -3703.86  -8469.57      0.00 0
100012 5626.0    1_2_7_8_11_15_16_19_20_23_24_27_28_31_32_37_39_40_43_44_47_48_51_52_56_57_58_61_62_65_66_69_70_73_74_77_78_81_82_85_87_88_92_93_94_97_98_101_102_105_106_109_110_113_115_119_120_123_124_127_128_131_132_135_136_139_140_144_145_149_150_151_156_157_160_161_166_167_171_172_175_180_184_189_190_195_196_198_201_204_205_211_213_217_219_223_225_230_234_237_242_252_254_257_263_266_269_273_278_280_283_285_288_290_292_296  1.55e+10  1.30e+10 -12234.01 -141254.97  14952.12    709.80     83.98    265.05  -4390.89   -755.38      0.00 0
100013 5626.0    0_1_2_3_4_5_6_7_8_9_10_11_12_13_14_15_16_17_18_19_20_21_22_23_24_25_26_27_28_29_30_31_32_33_34_35_36_37_38_39_40_41_42_43_44_45_46_47_48_49_50_51_52_53_54_55_56_57_58_59_60_61_62_63_64_65_66_67_68_69_70_71_72_73_74_75_76_77_78_79_80_81_82_83_84_85_86_87_88_89_90_91_92_93_94_95_97_98_99_101_102_103_104_105_106_107_109_110_111_113_114_115_116_117_118_119_120_121_123_124_125_127_128_129_131_132_133_135_136_137_139_140_141_144_146_148_149_150_152_154_156_157_158_160_162_166_167_168_171_173_176_178_180_181_182_185_189_190_191_195_197_199_200_202_203_204_206_212_214_218_220_224_227_228_231_233_235_238_241_243_244_248_250_251_253_255_256_258_259_264_265_267_268_270_271_272_274_279_281_282_284_291  1.38e+09  1.09e+09 -79943.09 114255.44  15419.62    647.34     83.69    124.98   1360.46  -3167.29      0.00 0
100014 5626.0    4_10_12_14_17_18_22_25_26_27_30_33_34_36_38_42_43_46_49_50_53_54_56_59_60_64_65_68_71_72_75_76_77_80_83_84_86_90_92_95_96_99_100_101_104_107_108_112_114_115_118_121_122_125_126_127_130_133_134_138_142_143_146_149_152_154_156_159_164_166_169_176_178_180_183_185_187_189_192_195_201_202_203_204_209_218_225_228_229_233_245_248_251_265  3.24e+09  2.66e+09  30000.45 -43995.50  12499.63    684.49     76.79    304.29   2052.25   1639.32      0.00 0
100015 5626.0    0_1_2_3_4_5_6_7_8_9_10_11_12_13_14_15_16_17_18_19_20_21_22_23_24_25_26_27_28_29_30_31_32_33_34_35_36_37_38_39_40_41_42_43_44_45_46_47_48_49_50_51_52_53_54_55_56_57_58_59_60_61_62_63_64_65_66_67_68_69_70_71_72_73_74_75_76_77_78_79_80_81_82_83_84_85_86_87_89_90_92_93_94_95_96_97_98_99_100_101_104_105_107_108_109_111_112_113_114_115_118_119_121_122_123_125_126_127_130_131_132_133_134_135_137_138_139_142_143_144_146_147_149_150_152_153_154_155_156_159_160_162_163_164_165_166_170_171_176_177_178_179_180_185_187_188_189_193_194_195_202_203_208_209_210_215_216_221_222_228_229_232_233_236_239_240_245_247_248_262_265  2.45e+10  2.09e+10 -131159.23  54488.92  14977.82    706.45     83.98    157.44   2643.05    381.47      0.00 0
100016 5626.0    9_13_17_21_29_33_35_41_45_53_59_63_67_75_83_89_95_107_111_121_125_137_146_152_176_178_185_202_203_228  1.41e+10  1.22e+10  23454.05 -10996.66   9695.43    707.83     69.48    334.88   3565.57  -2693.46      0.00 0
100017 5626.0    148_157_158_167_168_172_173_181_182_190_191_196_197_198_199_200_205_206_211_212_213_214_218_219_220_223_224_226_227_230_231_233_234_235_237_238_241_242_243_244_246_248_249_250_251_252_253_254_255_256_257_258_259_260_261_262_263_264_265_266_267_268_269_270_271_272_273_274_275_276_277_278_279_280_281_282_283_284_285_286_287_288_289_290_291_292_293_294_295_296_297_298  2.40e+09  1.92e+09 -146998.77  -6289.58  15438.36    649.12     84.01    182.45  -1029.55  -9243.18      0.00 0
100018 5626.0    31_39_43_47_51_57_61_65_69_70_73_77_81_85_87_92_93_97_98_101_105_109_113_115_118_119_123_124_127_131_132_135_139_144_145_149_150_156_159_160_166_171_180_183_189_192_195_201_204_207_225  7.08e+10  6.18e+10  46300.34  60602.17  13241.79    761.14     80.15     52.62  -2810.47   3749.59      0.00 0
100019 5626.0    9_13_17_21_25_26_29_33_35_38_41_44_45_49_50_53_55_59_63_67_71_72_75_78_79_83_86_89_99_100_114  7.94e+09  6.71e+09  15951.20  12651.83   8772.40    721.69     66.69     38.42   1818.43  -1033.71      0.00 0
100020 5626.0    0_1_2_3_4_5_6_7_8_9_10_11_12_13_14_15_16_17_18_19_20_21_22_23_24_25_26_27_28_29_30_31_32_33_34_35_36_37_38_39_41_42_43_45_46_47_48_49_50_51_53_54_56_57_59_60_61_63_64_65_67_68_69_71_72_73_75_76_77_80_81_83_84_86_87_89_90_92_93_95_96_97_99_100_101_104_105_107_108_109_112_114_115_118_119_121_122_123_125_126_127_130_133_134_135_137_138_139_142_143_144_146_147_149_150_152_153_154_155_156_159_160_164_165_166_170_171_176_178_179_180_185_187_188_189_193_194_195_202_203_208_209_215_216_221_222_228_229_232_233_236_239_245_247_248_262_265  3.72e+09  3.06e+09 -84555.28  52161.26  14245.74    724.60     81.84    148.33   3469.93    -34.80      0.00 0
100021 5626.0    0_1_2_3_4_5_6_8_9_10_12_13_16_17_18_20_21_22_25_26_28_29_32_33_34_35_38_40_41_44_45_49_50_52_53_54_55_58_59_60_62_63_66_67_71_72_75_76_78_79_82_83_84_86_88_89_91_94_95_96_99_100_102_103_106_107_108_110_111_114_116_117_120_121_122_125_126_128_129_133_134_136_137_140_141_143_146_147_148_151_152_153_154_155_157_158_161_162_164_165_167_168_170_172_173_175_176_177_178_179_181_182_184_185_187_188_190_191_193_194_196_197_198_199_200_202_203_205_206_208_209_210_211_212_213_214_215_216_217_218_219_220_221_222_223_224_226_227_228_229_230_231_232_233_234_235_236_237_238_239_240_242_246_247_249_250_252_254_257_260_261_263_266_269_273_276_278_280_283_285_290_292  1.95e+10  1.66e+10 112797.70  91995.54  14836.36    727.72     84.18     39.20   2817.57  -2438.79      0.00 0
100022 5626.0    242_252_254_257_263_266_269_273_276_278_280_283_285_288  8.71e+09  7.43e+09  20862.29 -11803.32   9495.17    695.59     68.39    330.50  -3684.65  -9094.39      0.00 0
100023 5626.0    96_100_108_112_114_122_126_130_133_134_138_142_143_147_153_155_163_164_165_169_170_174_177_179_186_187_188_192_193_194  3.16e+10  2.73e+10  14853.12 -26072.01  10086.50    730.77     71.42    299.67   4166.08   2105.17      0.00 0
100024 5626.0    117_129_141_158_168_173_191_197_199_212_214_220_224_235_243_244_255_259_264_271_272  1.38e+09  1.12e+09  21968.80 -18565.07  10349.52    664.45     70.21    319.80   3664.76  -6693.62      0.00 0
100025 5626.0    16_20_23_24_31_32_37_40_47_48_51_52_57_58_62_66_69_70_73_74_81_82_85_88_93_94_97_98_102_105_106_109_110_113_116_119_120_123_124_128_131_132_135_136_139_140_144_145_150_151_157_160_161_167_171_172_175_181_184_190_195_196_198_200_205_211_213_217_219_223_226_230_234_237_242_246_249_252_254_257_260_261_263_266_269_273_275_276_278_280_283_285_286_287_288_290_292_293_294_296_297_298  6.92e+09  5.76e+09  18479.65 -96507.66  14229.66    722.88     81.76    280.84  -3763.09  -3702.21      0.00 0
100026 5626.0    173_182_191_197_199_200_203_205_206_212_213_214_218_220_224_226_227_228_230_231_233_235_237_238_241_242_243_244_245_246_247_248_249_250_251_252_253_254_255_256_257_258_259_260_261_262_263_264_265_266_267_268_269_270_271_272_273_274_275_276_277_278_279_280_281_282_283_284_285_286_287_288_289_290_291_292_293_294_295_296  3.02e+09  2.47e+09 -91534.66 -29794.41  14231.85    714.84     81.59    198.03   3614.17  -8241.43      0.00 0
100027 5626.0    211_213_217_219_223_230_234_237_242_246_249_252_254_257_260_261_263_266_269_273_275_276_277_278_280_283_285_286_287_288_289_290_291_292_293_294_295_296_297_298  1.12e+09  9.06e+08 -43805.94  36187.95  13034.42    642.56     77.08    140.44  -2826.35  -9183.63      0.00 0
100028 5626.0    9_13_17_21_28_29_33_35_40_41_44_45_49_53_55_59_62_63_66_67_71_75_78_79_83_88_89_95_99  2.69e+09  2.25e+09 -19557.77  -5637.67   9203.07    652.17     65.67    196.08   1284.70  -1613.75      0.00 0
100029 5626.0    0_1_2_3_5_7_8_9_11_13_15_16_19_20_21_23_24_28_29_31_32_35_37_39_40_41_44_45_47_48_51_52_53_55_57_58_61_62_63_66_67_69_70_73_74_78_79_81_82_85_88_89_91_93_94_97_98_102_103_105_106_107_110_111_113_116_117_119_120_123_124_128_129_131_132_135_136_137_140_141_144_145_148_150_151_157_158_160_161_162_167_168_172_173_175_181_182_184_190_191_196_197_198_199_200_205_206_211_212_213_214_217_219_220_223_224_226_227_230_231_234_235_237_238_242_243_244_246_249_250_252_253_254_255_256_257_258_259_260_261_264_266_267_269_270_271_272_274_275_276_277_279_280_281_284_286_287_288_289_291_293_294_295_298  1.78e+10  1.50e+10 -98575.83 121948.45  14795.07    734.66     84.61    128.95    832.51  -7480.45      0.00 0
100030 5626.0    18_22_25_26_34_38_42_49_50_54_59_60_64_68_71_72_75_76_84_86_90_95_99_100_114_121_125_133_146_152_176  1.86e+10  1.60e+10  11600.72 -20470.84   9306.44    715.90     68.42    299.54   3043.61   -733.17      0.00 0
100031 5626.0    0_1_2_3_4_5_6_7_8_9_10_11_12_13_14_15_16_17_18_19_20_21_22_23_24_25_26_27_28_29_30_31_32_33_34_35_36_37_38_39_40_41_42_43_44_45_46_47_48_49_50_51_52_53_54_55_56_57_58_59_60_61_62_63_64_65_66_67_68_69_70_71_72_73_74_75_76_77_78_79_80_81_82_83_84_85_86_87_88_89_90_91_92_93_94_95_96_97_98_99_100_101_102_103_104_105_106_107_108_109_110_111_112_113_114_115_116_117_118_119_120_122_123_124_126_127_128_129_130_131_132_133_134_135_136_138_139_140_142_143_144_145_147_148_149_150_151_153_155_156_157_158_159_160_161_163_165_166_167_169_171_172_174_175_177_179_180_181_182_183_184_186_188_189_190_192_195_196_198_201_204_205_207_210_211_213_217_219_223_225_230_234_237_242_252_254_257_263_269_273_278_283_285_292  5.50e+09  4.49e+09 -119828.83 -158097.72  14916.11    673.95     85.70    232.84    146.71   1490.56      0.00 0
100032 5626.0    2_5_8_9_13_16_20_21_28_29_35_40_41_44_45_53_55_63_67_78_79_83_89_91_103_107_111_117_129_137_141_158_162_168_173_185_191_197_199_212_214_218_220_224_235_238_241_243_244_255_256_258_259_264_271_272_274_279  8.71e+10  7.56e+10 -31698.88  45220.28  12303.56    734.45     77.44    125.03   5487.38  -9344.45      0.00 0
100033 5626.0    0_1_2_3_4_5_6_7_8_9_10_12_13_14_17_18_21_22_25_26_27_28_29_30_33_34_35_36_38_41_42_43_44_45_46_49_50_53_54_55_56_59_60_63_64_67_68_71_72_75_76_77_78_79_80_83_84_86_89_90_91_92_95_96_99_100_103_104_107_108_111_112_114_116_117_118_121_122_125_126_129_130_133_134_137_138_141_142_143_146_147_148_149_152_153_154_155_158_159_162_163_164_165_168_169_170_173_174_176_177_178_179_181_182_183_185_186_187_188_191_192_193_194_197_199_200_201_202_203_205_206_207_208_209_210_212_214_215_216_218_220_221_222_224_226_227_228_229_231_232_233_235_236_238_239_240_241_243_244_245_246_247_248_249_250_251_253_255_256_258_259_260_261_262_264_265_267_268_270_271_272_274_275_276_277_279_281_282_284_286_287_289_291_293_294_295_297_298  3.31e+10  2.87e+10   8774.37 163600.34  14535.46    769.03     84.93     86.93   3848.16   -593.98      0.00 0
100034 5626.0    14_19_27_30_31_36_39_42_43_46_51_54_56_57_61_64_65_68_73_77_80_81_84_87_90_92_93_96_97_101_104_105_108_109_112_115_118_119_122_123_127_130_131_135_138_139_142_144_147_149_150_153_156_159_160_163_166_169_174_177_179_183_186_192_210  2.09e+10  1.77e+10  59098.36  13502.77  12785.96    711.47     78.09     12.87   3410.65   4227.95      0.00 0
100035 5626.0    59_63_71_75_83_86_89_95_99_100_103_107_111_114_117_121_125_126_129_133_134_137_141_143_146_147_148_152_154_155_158_162_164_165_168_170_173_176_177_178_179_181_182_185_187_188_191_193_194_197_199_200_202_203_205_206_208_209_210_212_214_215_216_218_220_221_222_224_226_227_228_229_231_232_233_235_236_238_239_240_241_243_244_245_246_247_248_249_250_251_253_255_256_258_259_260_261_262_264_265_266_267_268_270_271_272_274_275_276_277_279_280_281_282_284_286_287_288_289_290_291_293_294_295_296_297_298  6.03e+09  4.98e+09 -74749.84 -149076.98  14854.28    722.21     84.91    243.37   2953.45  -9194.28      0.00 0
100036 5626.0    3_4_9_12_17_18_21_22_25_26_29_33_34_35_38_41_42_45_49_50_53_54_55_59_60_63_64_67_71_72_75_76_79_83_84_86_89_90_91_95_96_99_100_103_107_108_111_112_114_116_117_121_122_126_129_137_138_141_142_148_153_158_163_168_181_182_191_200_206_227  1.35e+10  1.15e+10  -8983.39 -37796.11  11227.89    699.97     73.88    256.63   1837.45  -1799.92      0.00 0
100037 5626.0    0_1_2_3_4_5_6_7_8_9_10_11_12_13_14_15_16_17_18_19_20_21_22_23_24_25_26_27_28_29_30_31_32_33_34_35_36_37_38_39_40_41_42_43_44_45_46_47_48_49_50_51_52_53_54_55_56_57_58_59_60_61_62_63_64_65_66_67_68_69_70_73_74_77_78_79_80_81_82_83_85_87_88_89_90_91_92_93_94_101_102_103_104_105_106_109_110_111_115_116_117_118_127_128_129_130_135_136_139_140_148_149_156_157_158_159_166_167_168_171_172_180_181_182_183_189_190_191_195_196_197_200_201_204_205_206_207_213_214_225_226_227_230_231_237_238_246_249_250_252_253_260_261_266_267_269_275_276_277_280_281_286_287_288_289_293_294_295_296_297_298  2.14e+10  1.82e+10   4857.53 -73913.95  13541.56    701.34     79.64    273.76   -433.37  -2998.21      0.00 0
100038 5626.0    0_3_4_5_6_9_10_12_13_14_17_18_21_22_25_26_29_30_33_34_35_36_38_41_42_45_46_49_50_53_54_55_56_59_60_63_64_67_68_71_72_75_76_77_79_80_83_84_86_89_90_92_95_96_99_100_103_104_107_108_111_112_114_115_117_118_121_122_125_126_129_130_133_134_137_138_141_142_143_146_147_149_152_153_154_155_158_159_162_163_164_165_168_169_170_173_174_176_177_178_179_180_182_183_185_186_187_188_191_192_193_194_197_199_201_202_203_206_207_208_209_210_212_214_215_216_218_220_221_222_224_225_227_228_229_231_232_233_235_236_238_239_240_241_243_244_245_247_248_250_251_253_255_256_258_259_262_264_265_267_268_270_271_272_274_277_279_281_282_284_289_291_295  1.05e+10  8.73e+09 -16811.82 176862.11  14887.25    708.14     85.21     95.43   4315.61   1283.76      0.00 0
100039 5626.0    0_1_2_3_4_5_6_7_8_9_10_11_12_13_14_15_16_17_18_19_20_21_22_23_24_25_26_27_28_29_30_31_32_33_34_35_36_37_38_39_41_42_43_46_47_48_49_50_51_53_54_56_57_58_59_60_61_63_64_65_68_69_70_71_72_73_74_75_76_77_80_81_83_84_85_86_87_93_95_97_99_100_105_109_113_114_119_123_125_131_133_135_143_144_146_150_154_164_178_187  2.82e+09  2.32e+09  52929.54 -19894.90  12774.09    676.44     77.27    339.40  -3082.69   1625.32      0.00 0
100040 5626.0    1_2_8_11_15_16_19_20_23_24_28_31_32_35_37_39_40_44_47_48_51_52_55_57_58_61_62_65_66_69_70_73_74_78_81_82_85_87_88_91_93_94_97_98_102_105_106_109_110_113_116_117_119_120_123_124_127_128_131_132_135_136_139_140_144_145_148_150_151_157_160_161_166_167_171_172_175_181_182_184_190_195_196_198_200_205_206_211_213_217_219_223_226_227_230_231_234_237_242_246_249_250_252_254_257_260_261_263_266_267_269_273_275_276_277_278_280_281_283_285_286_287_288_289_290_292_293_294_295_296_297_298  1.82e+09  1.46e+09  53684.36 -219224.16  14516.36    661.62     86.32    283.76  -3947.22  -7472.51      0.00 0
100041 5626.0    95_107_121_125_137_141_146_152_162_173_185_199_212_218_224_235_241_244_255  2.09e+10  1.81e+10   5328.18 -22504.72   9054.01    749.04     68.62    283.32   3991.72  -5100.73      0.00 0
100042 5626.0    106_110_120_124_128_136_140_145_151_157_161_167_172_181_184_190_196_198_200_205_211_213_219_226_227_230_237_246_249_250_252_260_261_275_277  6.17e+10  5.41e+10 -15332.88  25548.49   9871.51    763.41     71.67    120.97  -1803.18  -6140.01      0.00 0
100043 5626.0    0_1_4_6_7_10_11_14_15_18_19_22_23_24_27_30_31_34_36_37_39_42_43_46_47_48_51_54_56_57_60_61_64_65_68_69_70_73_76_77_80_81_84_85_87_90_92_93_96_97_98_101_104_105_108_109_112_113_115_118_119_122_123_126_127_130_131_132_135_138_139_142_144_147_149_150_153_156_159_160_163_169_174_177_179_186_210  3.24e+10  2.78e+10 -63587.75 -21115.86  12938.96    741.47     79.07    198.37  -1127.15   2427.03      0.00 0
100044 5626.0    200_205_213_219_226_227_230_237_246_249_250  1.12e+09  9.22e+08  16948.91  -7507.19   8557.48    704.56     65.22    336.11   -550.79  -7889.34      0.00 0
100045 5626.0    11_15_19_23_24_27_31_32_37_39_43_47_48_51_57_58_61_65_69_70_73_74_77_81_82_85_87_93_94_101_105_109_127  3.02e+10  2.60e+10   6148.35  20890.32   8997.79    722.55     67.55     73.60  -1935.54   1064.43      0.00 0
100046 5626.0    0_2_3_4_5_6_8_9_10_12_13_16_17_18_20_21_22_25_26_28_29_32_33_34_35_38_40_41_44_45_49_50_52_53_54_55_58_59_60_62_63_66_67_71_72_75_76_78_79_82_83_84_86_88_89_91_95_96_99_100_102_103_106_107_110_111_114_116_117_120_121_122_125_126_128_129_133_134_136_140_143_147_148_151_153_154_155_157_161_164_165_167_170_172_177_179_184_188_190_194_196_198_208_210_211_216_217_219_222_223_234_240  2.63e+10  2.25e+10 -49360.09 -37209.01  12666.04    740.54     78.42    217.01   3551.93    152.20      0.00 0
100047 5626.0    0_1_2_3_4_5_6_7_8_9_10_11_12_13_14_15_16_17_18_19_20_21_22_23_24_25_26_27_28_29_30_31_32_33_34_35_36_37_38_39_40_41_42_43_44_45_46_47_48_49_50_51_52_54_55_56_57_58_60_61_62_64_65_66_68_69_70_72_73_74_76_77_78_79_80_81_82_84_85_87_88_90_92_93_94_96_97_98_101_102_104_105_106_108_109_110_112_113_115_118_119_120_122_123_124_127_128_130_131_132_135_136_138_139_140_142_144_145_147_149_150_151_153_156_159_160_161_163_166_167_169_172_174_175_177_180_183_184_186_189_192_196_198_201_204_207_211_217_223_225_234_254  1.62e+10  1.36e+10 -77035.71 -95642.06  14665.75    727.30     83.19    231.15  -3748.76  -1803.80      0.00 0
100048 5626.0    0_1_2_3_4_5_6_7_8_10_11_12_14_15_16_18_19_20_22_23_24_26_27_30_31_32_34_36_37_39_42_43_46_47_48_50_51_52_54_56_57_58_60_61_64_65_68_69_70_73_74_77_80_81_82_84_85_90_93_94_97_98_108_113_120_124_131_132_145  3.47e+10  2.99e+10  40627.14  17564.10  11603.48    717.01     75.31     23.38  -4394.90   -889.75      0.00 0
100049 5626.0    0_1_2_3_4_5_6_7_8_9_10_11_12_13_14_15_16_17_18_19_20_21_22_23_24_25_26_27_28_29_30_31_32_33_34_35_36_37_38_39_40_41_42_43_44_45_46_47_48_49_50_51_52_53_54_55_56_57_58_59_60_61_62_63_64_65_66_67_68_69_70_71_72_73_74_75_76_77_78_79_80_81_82_83_84_85_86_87_88_89_90_91_92_93_94_95_96_97_98_99_100_101_102_103_104_105_106_107_108_109_110_111_112_113_114_115_116_117_118_119_120_121_122_123_124_125_126_127_128_129_130_131_132_133_134_135_136_137_138_139_140_141_142_143_144_145_146_147_148_149_150_151_152_153_154_155_156_157_158_159_160_161_162_163_164_165_166_167_169_170_171_172_174_175_176_177_178_179_180_183_184_185_186_187_188_189_192_193_194_195_198_202_207_208_209_210_211_215_216_217_221_222_223_229_232_236_239_240_247  5.13e+09  4.24e+09 -262393.81 -60530.15  13028.91    696.19     87.23    192.99   5314.21   1873.82      0.00 0
100050 5626.0    0_2_3_5_8_9_11_13_16_17_20_21_23_24_28_29_32_33_35_37_40_41_44_45_47_48_52_53_55_58_59_62_63_66_67_69_70_73_74_78_79_82_83_85_88_89_91_94_95_97_98_102_103_106_107_110_111_113_116_117_120_121_124_125_128_129_131_132_136_137_140_141_145_146_148_151_152_157_158_161_162_167_168_173_175_176_178_182_184_185_191_197_199_202_203_212_218_224_228_229_233_235_241_244_245_248_251_256_262_265_268_282  1.95e+10  1.66e+10  73596.33 -24982.58  13606.42    714.61     80.07    341.25  -2951.25  -1994.80      0.00 0
100051 5626.0    3_5_9_12_13_17_21_25_26_28_29_33_34_35_38_40_41_44_45_49_50_53_55_59_60_63_66_67_71_72_75_76_78_79_83_86_88_89_91_95_96_99_100_102_103_107_110_111_114_116_117_121_122_125_126_128_129_133_134_137_140_141_143_146_147_148_154_155_157_158_164_165_167_170_172_177_179_181_188_190_193_194_196_208_210_211_213_216_219_222_240  1.51e+09  1.23e+09  46137.99  41674.25  13374.10    640.61     77.86     42.09   4908.64    807.76      0.00 0
100052 5626.0    0_1_2_3_4_5_6_7_8_9_10_11_12_13_14_15_16_17_18_19_20_21_22_23_24_25_26_27_28_29_30_31_32_33_34_35_36_37_38_39_40_41_42_43_44_45_46_47_48_49_50_51_52_53_54_55_56_57_58_59_60_61_62_63_64_65_66_67_68_69_70_71_72_73_74_75_76_77_78_79_80_81_82_83_84_85_86_87_88_89_90_91_92_93_95_96_99_100_101_102_103_104_105_107_108_109_111_112_114_115_116_117_118_119_121_125_127_128_129_130_135_137_139_141_142_146_148_149_150_152_156_157_158_159_160_162_166_168_169_171_173_176_180_181_182_183_185_189_191_192_195_197_199_200_201_204_206_207_212_214_218_220_224_225_227_231_235_238_241_243_244_250_253_255_256_258_259_261_264_267_270_271_274_277_279_281_284_289_291  1.05e+09  8.30e+08 -32348.03  95953.98  14501.58    694.95     81.85    108.63     23.37   1528.93      0.00 0
100053 5626.0    0_1_2_3_4_5_6_7_8_9_10_11_12_13_14_15_16_17_18_19_20_22_23_24_25_26_27_28_29_30_31_32_34_35_36_37_38_39_40_42_43_44_46_47_48_50_51_52_54_56_58_60_62_64_65_66_68_70_74_76_77_80_82_84_88_90_92_94_96_104_106_108_112_118_122_130_138_142_153_159_163_169_174_186  1.58e+10  1.36e+10 -27437.95 -35334.57  11511.41    738.05     75.57    232.17   2342.70   3566.67      0.00 0
100054 5626.0    0_3_4_5_6_9_12_13_17_18_21_25_29_33_35_41_45_49_53_55_59_63_67_79_83_89_103_107_111_129_137_141_162_168_173_197_212_220  4.37e+10  3.82e+10  -9266.02  23073.21   9321.11    746.65     69.45    111.88   1739.56  -3050.34      0.00 0
100055 5626.0    23_24_31_32_37_47_48_51_52_57_58_61_62_69_70_73_74_81_82_85_94_98_106_110_120_124_136_140_145_151_161_172_175_184_198_211_217_223_234  2.75e+10  2.38e+10 -10318.67 -28090.72   9966.65    749.53     71.58    249.83  -3417.33  -2652.12      0.00 0
100056 5626.0    2_5_8_9_13_16_20_21_24_28_29_32_35_37_40_41_44_45_48_52_53_55_58_62_63_66_67_70_74_78_79_82_83_85_88_89_91_94_98_103_107_111_121_137  6.46e+10  5.69e+10  24619.75  -8242.43   9331.85    771.99     70.23    341.49   -202.51  -1879.92      0.00 0
100057 5626.0    39_43_51_56_57_61_65_68_77_80_81_87_90_92_93_97_101_104_105_109_112_115_118_119_123_127_130_131_135_138_139_142_144_149_150_153_156_159_160_163_166_169_171_174_180_183_186_189_192_195_201_204_207_225  4.07e+09  3.38e+09 -89673.14 -33331.33  14365.88    693.53     81.46    200.39  -2542.47   4404.21      0.00 0
100058 5626.0    50_60_71_72_75_76_84_86_95_96_99_100_108_114_121_125_126_133_146_152_154_176  1.82e+10  1.56e+10   7159.76 -21970.21   9378.25    693.64     67.91    288.05   3612.04   -645.10      0.00 0
100059 5626.0    0_1_2_3_4_5_6_7_8_9_10_11_13_14_15_16_17_19_20_21_23_24_27_28_29_31_32_35_36_37_39_40_41_43_44_45_47_48_51_52_53_55_57_58_61_62_63_65_66_67_69_70_73_74_77_78_79_81_82_85_87_88_89_91_93_94_97_98_101_102_103_105_106_109_110_111_113_116_117_119_120_123_124_127_128_129_131_132_135_136_139_140_141_144_145_148_150_151_157_158_160_161_166_167_168_171_172_173_175_181_182_184_190_191_195_196_197_198_200_205_206_211_212_213_214_217_219_220_223_226_227_230_231_234_235_237_238_242_243_246_249_250_252_253_254_255_257_258_260_261_263_264_266_267_269_270_271_273_274_275_276_277_278_279_280_281_283_284_285_286_287_288_289_290_291_292_293_294_295_296_297_298  1.23e+10  1.03e+10 103829.88 -214400.38  13693.88    727.41     86.71    295.84  -4356.79  -1858.73      0.00 0
100060 5626.0    2_5_8_13_16_20_28_29_35_40_44_45_55_62_66_67_78_79_88_91_102_103_116_117_129_148_157_158_181_182_191_200_206_227  1.62e+09  1.33e+09   4994.34 -27265.61  10391.38    638.46     69.45    280.38     52.79  -4242.58      0.00 0
100061 5626.0    103_116_117_129_148_157_158_167_181_182_190_196_200_205_213_219_230_234_237_242_254_257_263  1.05e+10  8.94e+09  20228.82  17467.21   9722.39    721.86     70.01     40.81  -1551.13  -6477.33      0.00 0
100062 5626.0    4_10_12_17_18_22_25_26_33_34_38_49_50_54_59_60_71_72_75_76_83_86_95_99_100_114_121_125_133_143_146_154_164_176_178_187_193_202_203_209_215_228_229_232_239_245_247_248_262  1.10e+10  9.40e+09  33997.09 -21775.50  11401.57    695.28     74.23    327.36   6268.11  -2601.08      0.00 0
100063 5626.0    10_12_17_18_22_25_26_30_33_34_38_42_49_50_53_54_59_60_63_71_72_75_76_83_86_95_99_107_121_125_133_137_146_152_154_162_176_178_185_199_202_203_218_224_228_233_241_248_251_256_265_268  2.34e+10  2.02e+10 -19705.32  26591.37  10511.65    719.65     72.38    126.54   4083.46  -2891.55      0.00 0
100064 5626.0    58_62_66_70_74_82_85_88_91_94_97_98_102_106_110_113_116_117_120_124_128_131_132_136_140_145_148_151_157_158_161_167_172_175_181_182_184_190_191_196_198_200_205_206_211_213_214_217_219_223_226_227_230_231_234_237_238_242_246_249_250_252_253_257_258_260_261_266_267_269_270_274_275_276_277_280_281_284_286_287_288_289_291_293_294_295_297_298  6.46e+10  5.57e+10 -46270.98  68136.84  13605.54    741.88     80.62    124.18   1376.62 -10521.51      0.00 0
100065 5626.0    0_1_2_3_4_5_6_7_8_9_10_11_12_13_14_15_16_17_18_19_20_21_22_23_24_25_26_27_28_29_30_31_32_33_34_35_36_37_38_39_40_41_42_43_44_45_46_47_48_49_50_51_52_53_54_55_56_57_58_59_60_61_62_63_64_65_66_67_68_69_70_71_72_73_74_75_76_77_78_79_80_81_82_83_84_85_86_87_88_89_90_91_92_93_94_95_96_97_98_99_100_101_103_104_105_106_107_108_109_111_112_113_114_115_118_119_121_122_123_124_125_126_127_130_131_132_133_134_135_137_138_139_142_143_144_146_147_149_150_152_153_154_155_156_159_160_162_163_164_165_166_169_170_171_174_176_177_178_179_180_183_185_186_187_188_189_192_193_194_195_201_202_203_204_207_208_209_210_215_216_221_222_225_228_229_232_233_236_239_240_245_247_248_262  2.75e+09  2.25e+09 226909.67 -63268.94  13747.62    729.15     86.66    344.42   -777.25   2434.46      0.00 0
100066 5626.0    190_196_200_205_206_211_213_214_219_220_223_226_227_230_231_234_235_237_238_242_243_244_246_249_250_252_253_254_255_256_257_258_259_260_261_263_264_266_267_268_269_270_271_272_273_274_275_276_277_278_279_280_281_283_284_285_286_287_288_289_290_291_292_293_294_295_296_298  7.76e+10  6.72e+10  97620.84  -6432.63  13749.47    794.74     82.00    356.23  -1828.97  -9430.89      0.00 0
100067 5626.0    59_63_67_75_79_83_89_91_95_99_103_107_111_114_116_117_121_125_128_129_133_134_137_141_143_146_148_152_154_157_158_162_164_165_167_168_170_173_176_178_181_182_185_187_188_190_191_193_194_196_197_199_200_202_203_205_206_208_209_210_211_212_213_214_215_216_218_219_220_221_222_224_226_227_228_229_230_231_232_233_234_235_236_237_238_239_240_241_242_243_244_245_246_247_248_249_250_252_253_254_257_258_260_261_263_266_267_269_273_275_276_277_278_280_283_285_286_288_290_292_294_296  5.62e+10  4.85e+10 -72710.66 -63922.86  14020.12    748.29     81.76    221.32   2728.83  -4859.16      0.00 0
100068 5626.0    20_24_32_37_40_44_48_52_58_62_66_69_70_73_74_78_82_85_88_94_97_98_106_113_123_124_131_132_144  6.03e+10  5.29e+10 -20265.22  19652.08   9352.29    823.95     71.67    135.88  -4284.49    535.70      0.00 0
100069 5626.0    115_127_135_139_149_150_156_159_160_166_171_180_183_189_192_195_201_204  3.02e+10  2.60e+10  31964.04   7168.24  10309.69    747.05     72.53     12.64  -4118.20   4982.12      0.00 0
100070 5626.0    267_270_274_275_277_279_281_284_286_287_289_291  1.86e+10  1.60e+10 -24205.54  -2899.19   9319.01    734.93     69.08    186.83   3131.01 -10638.88      0.00 0
100071 5626.0    141_146_152_154_162_164_173_176_178_185_187_193_197_199_202_203_209_212_214_215_218_220_224_231_235_238_243_250_253_258_267_270  5.01e+10  4.36e+10  15235.17  28188.61  10250.65    743.38     72.26     61.61   4003.14  -5181.48      0.00 0
100072 5626.0    86_99_100_114_122_126_134_147_153_155_177_179  3.24e+09  2.72e+09   7459.00  17866.33   8778.40    692.15     65.61     67.34   4387.54   1759.82      0.00 0
100073 5626.0    0_1_2_3_4_5_6_7_8_9_10_12_13_14_17_18_21_22_25_26_27_28_29_30_33_34_35_36_41_42_44_45_46_53_55_56_59_63_67_79_80_83_89_103  1.05e+09  8.52e+08   2988.13 -23888.19   9819.66    647.75     67.81    277.13    656.40   -824.61      0.00 0
100074 5626.0    3_4_9_10_12_17_18_21_22_25_26_29_30_33_34_38_41_42_45_46_49_50_53_54_59_60_63_64_67_68_71_72_75_76_79_80_83_84_86_89_90_95_96_99_100_103_104_107_108_111_112_114_117_121_122_125_126_129_130_133_134_137_138_141_142_143_146_147_152_153_154_155_158_159_162_163_164_165_168_169_170_173_174_176_177_178_179_182_185_186_187_188_191_192_194_197_199_200_202_203_206_207_210_212_214_218_220_224_227_231_235_238_241_243_244_250_253_255_258_261_264_267_270_271_274_277_279_281_284_287_289_291_295_298  1.62e+10  1.37e+10  -7586.32 -89038.45  14057.49    710.53     81.06    265.13   3623.69   2719.98      0.00 0
100075 5626.0    121_125_133_143_146_152_154_164_165_170_176_178_187_188_193_194_208_215_216_221_222_236_240  1.45e+09  1.20e+09  16283.03  24332.49  10511.91    650.01     70.25     56.21   6349.91      7.44      0.00 0
100076 5626.0    158_168_182_191_197_200_206_214_226_227_246_249  3.24e+09  2.69e+09 -12901.46 -13820.61   8752.07    683.42     65.16    226.97    820.41  -6748.29      0.00 0
100077 5626.0    0_1_2_3_4_5_6_7_8_9_10_11_12_13_14_15_16_17_18_19_20_21_22_23_24_25_26_27_28_29_30_31_32_33_34_35_36_37_38_39_40_41_42_43_44_45_46_47_48_49_50_51_52_53_54_55_56_57_58_59_60_61_62_63_65_66_67_68_69_70_71_72_73_74_75_76_77_78_79_80_81_82_83_85_86_87_88_89_91_92_93_95_97_99_101_103_105_107_109_111_113_117_119_121_123_125_127_129_131_135_137_139_141_144_146_150_152_158_160_162_166_168_171_173_176_178_185_197_199_202_203_212_218_220_224_228_233_235_241_243_244_248_251_255_256_259_265_268_271_272_282  8.13e+10  7.05e+10 -47909.56  50769.34  13152.10    729.97     79.33    133.34    883.02  -1364.63      0.00 0
100078 5626.0    76_84_96_100_114_126_134_143_155_165_170_188_194_208_216_222_236_240  6.61e+09  5.58e+09  27452.49  -5092.98  10107.23    685.04     70.10    349.49   6358.52    851.90      0.00 0
100079 5626.0    41_53_59_63_83_89_95_107_111_121_137_141_146_152_162_173_176_185_199_203_212_218_224_233_235_241_244_251_255_256_259_265_268_272_282  5.62e+09  4.72e+09  23076.64 -27894.87  10978.60    697.99     73.13    309.60   5243.30  -5874.81      0.00 0
100080 5626.0    60_64_68_76_84_90_92_96_100_104_108_112_114_115_118_122_126_130_133_134_138_142_143_147_149_153_154_155_156_159_163_164_165_169_170_174_177_179_180_183_186_187_188_189_192_193_194_195_201_204_207_208_209_210_215_216_221_222_225_229_232_236_239_240_247  5.37e+09  4.46e+09 -79003.73  79197.01  14687.56    700.46     82.52    134.93   4820.35   3409.10      0.00 0
100081 5626.0    0_1_2_3_4_5_6_7_8_9_10_11_12_13_14_15_16_17_18_19_20_21_22_23_24_25_26_27_28_29_30_31_32_33_34_35_36_37_38_39_40_41_42_43_44_45_46_47_48_49_50_51_52_53_54_55_56_57_58_59_60_61_62_63_64_65_66_67_68_69_70_71_72_73_74_75_76_77_78_79_80_81_82_83_84_85_86_87_88_89_90_91_92_93_94_95_96_97_98_99_100_101_102_103_104_105_106_107_108_109_110_111_112_113_114_115_116_117_118_119_120_122_123_124_126_127_128_130_131_132_134_135_136_138_139_140_142_145_147_148_149_151_153_155_156_157_159_161_163_166_167_169_172_174_175_177_179_180_181_183_184_186_189_190_192_196_198_201_204_205_207_211_213_217_219_223_225_230_234_237_242_252_254_257_263_269_273_278_283_285_292  1.45e+10  1.21e+10  75477.44 117658.48  14741.53    737.83     83.98     57.32   2441.06   4774.08      0.00 0
100082 5626.0    9_12_13_17_21_25_26_29_33_35_38_41_44_45_49_50_53_55_59_60_63_66_67_71_72_75_76_78_79_83_86_89_91_95_96_99_100_102_103_107_110_111_114_116_117_121_122_125_126_128_129_133_134_137_140_141_143_146_147_148_152_154_155_157_158_162_164_165_167_168_170_172_173_177_179_181_182_188_190_191_194_196_200_205_206_210_211_213_216_219_222_226_227_230_234_237_240_242_246_249_252_254_257_263_266_269_273_278_280_283_285_292  3.89e+09  3.21e+09 -40490.54 -49557.95  12985.22    710.17     78.53    230.75    965.21  -3765.78      0.00 0
100083 5626.0    226_227_230_231_237_238_242_243_246_249_250_252_253_255_257_258_259_260_261_263_264_266_267_269_270_271_273_274_275_276_277_278_279_280_281_283_284_285_286_287_288_289_290_291_292_293_294_295_296  6.92e+09  5.82e+09 -66229.70  -3656.44  13085.69    713.73     78.84    183.16  -2122.66 -10386.20      0.00 0
100084 5626.0    0_1_2_3_4_5_6_7_8_9_10_11_12_13_14_15_16_17_18_19_20_21_22_23_24_25_26_27_28_29_30_31_32_33_34_35_36_37_38_39_40_41_42_43_44_45_46_48_49_50_52_53_54_55_56_58_59_60_62_63_64_66_67_68_71_72_75_76_77_78_79_80_82_83_84_86_88_89_90_91_92_95_96_99_100_102_103_104_106_107_108_110_111_112_114_116_117_118_121_122_125_126_128_129_130_133_134_136_137_138_140_141_142_143_147_148_152_153_155_157_158_159_161_162_163_165_167_168_169_172_173_174_177_179_181_182_186_188_190_191_192_196_197_198_200_205_206_210_211_213_214_219_223_226_227_230_231_234_237_242_246_249_250_252_254_257_260_261_263_266_269_273_275_276_278_280_283_285_286_288_290_292_294_296  2.24e+09  1.82e+09 -44713.11 -97571.90  14721.34    683.65     82.19    245.38    112.40  -3700.14      0.00 0
100085 5626.0    45_55_63_66_67_78_79_83_88_89_91_95_102_103_107_110_111_116_117_121_125_128_129_137_141_146_152_154_158_162_168_173_176_178_185_187_199_202_203_209_218_228_229_232_233_245_247_248_262  7.24e+10  6.31e+10 -44480.28   2012.06  11432.28    748.18     75.60    177.41   5774.06  -3746.60      0.00 0
100086 5626.0    25_26_33_34_38_49_50_54_59_60_64_71_72_75_76_83_84_86_90_96_99_100_108_112_122_126_130_138_142_147_153_163_169_174_177_186  3.31e+10  2.88e+10   6149.78  37472.42  10895.96    739.74     73.99     80.68   3365.01   5001.01      0.00 0
100087 5626.0    0_1_2_3_4_5_6_7_8_9_10_11_12_13_14_15_16_17_18_19_20_21_22_23_24_25_26_27_28_29_30_31_32_33_34_35_36_37_38_39_40_41_42_43_44_45_46_47_48_49_50_51_52_53_54_55_56_57_58_59_60_61_62_63_64_65_66_67_68_69_70_71_72_73_74_75_76_77_78_79_80_81_82_83_84_85_86_87_88_89_90_92_93_94_95_96_97_98_99_100_101_104_105_106_107_108_109_112_113_114_115_118_119_120_121_122_123_124_125_126_127_130_131_132_133_134_135_138_139_142_143_144_145_146_147_149_150_153_154_155_156_159_160_163_164_165_166_169_170_171_174_177_178_179_186_187_188_193_194_202_208_209_210_215_216_221_222_229_232_236_239_240_247  9.77e+10  8.47e+10 -160248.50   8678.75  14576.88    764.68     84.81    176.90  -2533.08   1460.44      0.00 0
100088 5626.0    110_136_140_161_167_172_190_196_198_211_213_219_234_237_242_252_257_263_269_273_283  2.00e+10  1.72e+10    835.59 -25056.72   9558.51    711.21     69.13    271.91  -2901.44  -6324.36      0.00 0
100089 5626.0    12_17_21_25_26_29_33_34_38_41_45_49_50_53_54_59_60_63_67_71_72_75_76_79_83_84_86_89_95_96_99_103_107_111_117_121_129_137_141_158_168_191_197_214  6.03e+09  5.06e+09   2706.07  27798.45   9808.26    734.00     70.65     84.44   1954.67  -2420.21      0.00 0
100090 5626.0    45_55_63_66_67_78_79_88_89_91_102_103_106_107_110_111_116_117_120_121_128_129_136_137_140_141_145_146_148_151_152_157_158_161_162_167_168_172_173_175_176_178_181_182_184_185_190_191_196_197_198_199_200_202_203_205_206_209_211_212_213_214_217_218_219_220_223_224_226_227_228_229_230_231_232_233_234_235_237_238_241_242_243_244_245_247_248_251_254_255_256_259_262_263_265_268_282  4.07e+10  3.50e+10 -89553.59  -6576.40  13852.82    742.80     81.23    184.20  -2871.94  -5436.59      0.00 0
100091 5626.0    0_1_2_3_4_5_6_7_8_9_10_11_12_13_14_15_16_17_18_19_20_21_22_23_24_25_26_27_28_29_30_31_32_33_34_35_36_37_38_39_40_41_42_43_44_45_46_47_48_49_50_51_52_53_54_55_56_57_58_59_60_61_62_63_64_65_66_67_68_71_72_75_76_77_78_79_80_81_82_83_84_86_87_88_89_90_91_92_95_96_99_100_101_102_103_104_106_107_108_109_110_111_112_114_115_116_117_118_121_122_125_126_127_128_129_130_133_134_137_138_140_141_142_143_146_147_148_149_152_153_154_155_156_157_158_159_162_163_166_167_168_169_173_174_176_177_179_180_181_182_183_185_186_189_190_191_192_196_197_199_200_201_204_205_206_207_212_213_214_218_220_224_225_226_227_230_231_235_237_238_243_246_249_250_252_253_255_258_260_261_264_266_267_269_270_274_275_276_277_279_280_281_284_286_287_288_289_290_291_293_294_295_296_297_298  2.63e+09  2.16e+09  -4399.30 -127253.09  14552.35    751.27     83.48    268.02   1604.90   3127.67      0.00 0
100092 5626.0    0_1_2_3_4_5_6_7_8_9_10_11_12_13_14_15_16_17_18_19_20_21_22_23_24_25_26_27_28_29_30_31_32_33_34_35_36_37_38_39_40_41_42_43_44_45_46_47_48_49_50_51_52_53_54_55_56_57_58_59_60_61_62_63_64_65_66_67_68_69_70_71_72_73_74_75_76_77_78_79_80_81_82_83_84_85_86_87_88_89_90_91_92_94_95_96_98_99_100_101_102_103_104_106_107_108_109_110_111_112_114_115_116_117_118_120_121_122_124_125_126_127_128_129_130_133_134_136_137_138_140_141_142_143_145_146_147_148_149_151_152_153_154_155_156_157_158_159_161_162_163_165_167_168_169_172_173_174_177_179_180_181_182_183_184_186_188_190_191_192_196_197_198_200_201_205_206_207_210_211_213_214_217_219_220_223_226_227_230_231_234_237_238_242_246_249_250_252_253_254_257_260_261_263_266_267_269_273_275_276_277_278_280_283_285_286_287_288_290_292_293_294_295_296_297_298  8.51e+10  7.40e+10  53974.87 141420.27  14601.97    762.62     84.49     69.11  -2444.49  -9424.76      0.00 0
100093 5626.0    0_1_2_3_4_5_6_7_8_9_10_11_12_13_14_15_16_17_18_19_20_21_22_23_24_25_26_27_28_29_30_31_32_33_34_35_36_37_38_39_40_41_42_43_44_45_46_47_48_49_50_51_52_53_54_55_56_57_58_59_60_61_62_63_64_65_66_67_68_71_72_74_75_76_77_78_79_80_81_82_83_84_86_87_88_89_90_91_92_95_96_99_100_101_102_103_104_106_107_108_109_110_111_112_114_115_116_117_118_121_122_125_126_127_128_129_130_133_134_137_138_140_141_142_143_146_147_148_149_152_153_154_155_156_157_158_159_162_163_164_165_166_167_168_169_170_173_174_176_177_178_179_180_181_182_183_185_186_187_188_189_190_191_192_193_194_196_197_199_200_201_202_203_204_205_206_207_208_209_210_212_213_214_215_216_218_220_221_222_224_225_226_227_228_229_230_231_232_233_235_236_237_238_239_240_241_243_244_245_246_247_248_249_250_251_252_253_255_256_258_259_260_261_262_264_265_266_267_268_269_270_271_272_274_275_276_277_279_280_281_282_283_284_286_287_288_289_290_291_293_294_295_296_297_298  1.58e+09  1.28e+09  13290.34 245399.03  13998.21    664.52     86.74     86.90   3266.32   2116.74      0.00 0
100094 5626.0    0_1_2_3_4_5_6_7_8_9_10_11_12_13_14_15_16_17_18_19_20_21_22_23_24_25_26_27_28_29_30_31_32_33_34_35_36_37_39_40_41_42_43_44_45_46_47_48_49_51_52_53_55_56_57_58_59_61_62_63_65_66_67_69_70_73_74_77_78_79_80_81_82_83_85_87_88_89_91_92_93_94_97_98_101_102_103_105_106_107_109_110_111_113_115_116_117_119_123_127_128_129_131_135_137_139_141_144_148_150_156_157_158_160_162_166_168_171_173_181_182_189_191_195_197_199_200_206_212_214_220_224_227_231_235_238_243_250_253_255_258_264_267_270_271_274_279_281_284_291  2.40e+10  2.05e+10  32426.28 -65869.88  13223.34    744.78     79.79    296.21   -970.79   -494.36      0.00 0
100095 5626.0    0_1_2_3_4_5_6_7_8_9_10_11_12_13_14_15_16_17_18_19_20_21_22_23_24_25_26_27_28_29_30_31_32_33_34_35_36_37_38_39_40_41_42_43_44_45_46_47_48_49_50_51_52_53_54_55_56_57_58_59_60_61_62_63_64_65_66_67_68_69_70_71_72_73_74_75_76_77_78_79_80_81_82_83_84_85_86_87_88_89_90_91_92_94_96_98_100_101_102_103_104_106_108_110_112_115_116_117_118_120_122_124_128_130_136_138_140_142_145_148_149_151_153_157_159_161_163_167_169_172_174_175_181_183_184_186_190_192_196_198_205_207_211_213_217_219_223_230_234_237_242_254_257_263_273_278_285  2.75e+09  2.26e+09  42567.67  72150.34  14274.20    653.99     80.33     59.46  -1970.68  -2944.74      0.00 0
100096 5626.0    0_1_2_3_4_5_6_7_8_9_10_11_12_13_14_15_16_17_18_19_20_21_22_23_24_25_26_27_28_29_30_31_32_33_34_35_36_37_38_39_40_41_42_43_44_45_46_47_48_49_50_51_52_53_54_55_56_57_58_59_60_61_62_63_64_65_66_67_68_69_70_71_72_73_74_75_76_77_78_79_80_81_82_83_84_85_86_87_88_89_90_91_92_93_94_95_96_97_98_99_100_101_102_103_104_105_106_107_108_109_110_111_112_113_114_115_118_119_120_121_122_123_124_125_126_127_130_131_132_133_134_135_136_138_139_142_143_144_145_146_147_149_150_151_153_154_155_156_159_160_163_164_165_166_169_170_171_174_175_177_178_179_180_183_186_187_188_189_192_193_194_195_201_204_207_208_209_210_215_216_221_222_232_236_239_240  7.08e+10  6.12e+10 235443.86  14854.11  13396.05    775.81     86.75      3.61  -3309.24   1828.40      0.00 0
100097 5626.0    0_1_2_3_4_5_6_7_8_9_10_11_12_13_14_15_16_17_18_19_20_21_22_23_24_25_26_27_28_29_30_31_32_33_34_35_36_37_38_39_40_41_42_43_46_47_48_49_50_51_52_53_54_56_57_58_59_60_61_62_64_65_68_69_70_71_72_73_74_75_76_77_80_81_82_83_84_85_86_87_90_92_93_94_96_97_98_99_100_101_104_105_108_112_113_114_119_122_123_124_126_131_132_133_134_138_143_144_147_153_155_164_165_170_177_179_188_193_194_208_210_216_221_222_236_240  6.61e+09  5.53e+09  72948.48   8595.29  13481.17    706.10     79.60      6.72   2376.67   1107.11      0.00 0
100098 5626.0    271_272_274_279_284  1.78e+09  1.48e+09 -25944.37  -8908.04  10043.78    684.95     69.89    198.95   6490.39  -9252.19      0.00 0
100099 5626.0    0_2_3_4_5_8_9_12_13_16_17_18_20_21_25_26_28_29_32_33_34_35_38_40_41_44_45_49_50_52_53_54_55_58_59_60_62_63_66_67_71_72_75_76_78_79_82_83_84_86_88_89_91_95_96_99_100_102_103_106_107_110_111_114_116_117_120_121_122_125_126_128_129_133_134_136_137_140_141_143_146_147_148_151_152_154_155_157_158_161_162_164_165_167_168_170_172_173_175_176_177_178_179_181_182_184_185_187_188_190_191_193_194_196_197_198_199_200_202_203_205_206_208_209_210_211_212_213_214_215_216_217_218_219_220_221_222_223_224_226_227_228_229_230_231_232_234_236_237_238_239_240_242_246_247_249_250_252_254_257_260_263_266_269_273_276_278_280_283_285_290_292  1.62e+10  1.38e+10 105384.82  80427.14  14542.07    759.92     83.74     37.35  -1581.84  -5843.22      0.00 0
