#event_number primary_type du_ids energy_primary em_energy Xmax_pos(x, y, z), Xmax_grams zenith azimuth shower_core_pos_x shower_core_pos_y shower_core_pos_z, N_tested_cores, units are degrees, GeV and meters
101600 5626.0    0_1_2_5_7_8_11_13_15_16_19_20_23_24_28_29_31_32_35_37_40_44_45_47_48_51_52_55_57_58_61_62_66_67_69_70_73_74_78_79_81_82_85_88_91_93_94_97_98_102_103_105_106_110_113_116_117_119_120_123_124_128_129_131_135_136_140_144_148_150_157_158_160_167_168_181_182_190_191_197_200_205_206_214_220_226_227_231_238_246_250_253_258_261_267_270_274_277_281_284_289_291  2.34e+09  1.92e+09 -24426.50  51768.19  12994.46    651.69     77.21    115.26   -587.79  -3988.17      0.00 0
101601 5626.0    190_196_205_211_213_219_223_234_237_242_254  7.08e+10  6.23e+10 -19358.43  -2174.82   8369.36    767.07     66.75    186.41  -4031.17  -7033.18      0.00 0
101602 5626.0    0_1_2_3_4_5_6_7_8_9_10_11_13_14_15_16_19_20_23_24_27_28_29_30_31_32_35_36_37_39_40_43_44_45_46_47_48_51_52_55_56_57_58_61_62_65_66_67_69_70_73_74_77_78_79_81_82_85_87_88_91_92_93_94_97_98_101_102_103_105_106_109_110_115_116_117_119_123_127_128_135_139_140_148_150_156_157_158_160_166_167_171_180_181_182_189_190_195_200_204_205_226_227  3.98e+09  3.34e+09  -9646.50  53028.65  12413.82    703.84     77.03    100.31  -1860.83   2017.10      0.00 0
101603 5626.0    0_1_2_3_4_5_6_7_8_9_10_11_12_13_14_15_16_17_18_19_20_21_22_23_24_25_26_27_28_29_30_31_32_33_34_35_36_37_38_39_40_41_42_43_44_45_46_47_48_49_50_51_52_53_54_55_56_57_58_59_61_62_63_64_65_66_67_68_69_70_73_74_75_77_78_79_80_81_82_83_85_87_88_89_91_92_93_94_97_98_101_102_103_104_105_106_107_109_110_111_113_115_116_117_118_119_123_127_128_129_135_136_137_139_140_141_144_148_149_150_156_157_158_160_166_167_168_171_173_180_181_182_189_190_191_195_197_200_204_205_206_212_214_220_225_226_227_230_231_235_238_243_246_249_250_253_258_260_261_264_267_270_274_275_277_279_281_284_287_289_291_293_295_298  3.39e+09  2.76e+09 -24146.58  83167.26  14383.41    652.87     80.57    106.19   -357.03  -1826.21      0.00 0
101604 5626.0    0_1_2_3_4_5_6_7_8_9_10_11_12_13_14_15_16_17_18_19_20_21_22_23_24_25_26_27_28_29_30_31_32_33_34_35_36_37_38_39_40_41_42_43_44_45_46_47_48_49_50_51_52_53_54_55_56_57_58_59_61_62_63_65_66_67_68_69_70_71_72_73_74_75_77_78_79_80_81_82_83_85_87_88_89_91_92_93_94_95_97_98_101_102_103_105_106_107_109_110_111_113_115_116_117_119_120_121_123_124_127_128_129_131_132_135_136_137_139_140_141_144_145_148_150_151_152_156_157_158_160_161_162_166_167_168_171_172_173_175_181_182_184_185_189_190_191_195_196_197_198_199_200_205_206_211_212_213_214_217_218_219_220_223_224_226_227_230_231_234_235_237_238_241_242_243_244_246_249_250_252_253_255_256_257_258_259_260_261_264_266_267_269_270_271_272_274_275_276_277_279_280_281_284_286_287_288_289_291_293_294_295_297_298  1.86e+10  1.59e+10 -97318.66 159058.78  14347.99    770.59     85.60    121.46   3079.21  -9921.21      0.00 0
101605 5626.0    21_25_33_38_41_45_49_53_59_63_67_71_72_75_79_83_86_89_95_99_100_103_107_114_121_125_126_133_134_143_154_155_164_165_170_179_188_193_194_208_210_216_222_240  3.89e+10  3.38e+10  31204.38  23591.13  10826.46    770.07     74.53     37.09   6019.26   1141.91      0.00 0
101606 5626.0    66_78_88_91_94_102_103_106_110_111_116_117_120_124_128_129_136_140_141_145_148_151_157_158_161_162_167_168_172_173_175_181_182_184_190_191_196_197_198_199_200_206_212_214_218_220_224_231_235_238_241_243_244_251_255_256_259_268_271_272  6.92e+09  5.82e+09 -46388.39  18067.43  12255.44    683.97     76.17    158.72   -297.09  -4823.23      0.00 0
101607 5626.0    44_55_62_66_67_78_79_82_88_89_91_94_102_103_106_107_110_111_116_117_120_124_128_129_136_137_140_141_145_148_151_152_157_158_161_162_167_168_172_173_175_176_181_182_184_185_190_191_196_197_198_199_200_202_203_205_206_211_212_213_214_217_218_219_220_223_224_226_227_228_229_230_231_233_234_235_237_238_241_242_243_244_245_246_248_249_250_251_252_253_254_255_256_257_258_259_262_264_265_268_271_272_274_279_282  4.68e+09  3.90e+09 -108704.43  17080.98  14799.53    680.48     82.34    171.07  -4161.07  -4945.56      0.00 0
101608 5626.0    200_205_206_213_219_226_227_230_231_234_237_238_242_246_249_250_252_253_254_257_260_261_263_266_269_273_278  2.09e+10  1.79e+10  38074.90    844.09  10934.87    735.09     73.98      1.27  -3889.54  -8215.27      0.00 0
101609 5626.0    211_213_217_219_223_230_234_237_242_249_252_257_260_266_269  2.63e+10  2.28e+10  15022.85 -14887.12   8868.83    727.47     67.25    315.26  -2883.52  -7555.28      0.00 0
101610 5626.0    176_185_197_199_202_203_209_212_214_215_218_220_221_224_228_229_231_232_233_235_238_239_241_243_244_245_246_247_248_250_251_253_255_256_258_259_260_261_262_264_265_267_268_270_271_272_274_275_276_277_279_281_282_284_286_287_288_289_291_293_294_295_296_297_298  9.77e+09  8.13e+09 -107694.16 -116952.53  15168.40    683.92     84.55    227.36   5836.32  -8735.63      0.00 0
101611 5626.0    148_157_158_168_173_181_182_190_191_196_197_199_200_203_205_206_211_212_213_214_218_219_220_223_224_226_227_228_230_231_233_234_235_237_238_241_242_243_244_245_246_248_249_250_251_252_253_254_255_256_257_258_259_260_261_262_263_264_265_266_267_268_269_270_271_272_273_274_275_276_277_278_279_280_281_282_283_284_285_286_287_288_289_290_291_292_293_294_295_296_297_298  2.29e+09  1.84e+09 -243644.00 -31643.83  14037.34    660.10     86.73    187.40   3429.12 -10195.67      0.00 0
101612 5626.0    9_12_17_21_25_26_29_33_35_38_41_45_49_50_53_55_59_63_67_71_72_75_76_83_86_95_96_99_100_114_126_133_134_143_147_155_165_179_188_210_216  2.75e+09  2.29e+09 -21819.94 -15529.56   9716.11    724.16     70.06    215.44   3495.74    273.95      0.00 0
101613 5626.0    158_182_191_200_206_214_227_231_238_246_250_253_261_267_270_275_277_281_287_289_291_293_295_298  1.17e+09  9.63e+08   2043.90 -31017.91  10485.48    687.13     71.36    273.77   1294.31  -9982.33      0.00 0
101614 5626.0    200_206_214_226_227_230_231_237_238_246_249_250_252_253_257_260_261_263_266_269_273_276_278_280_283_285  1.35e+10  1.15e+10  25518.14  10418.95   9771.47    732.19     70.48     22.21  -1099.10  -8807.11      0.00 0
101615 5626.0    230_249_252_266_269_273_276_280_283_288_290_292_296  1.32e+09  1.09e+09 -10945.59 -23218.47   9971.86    659.28     68.77    244.76  -2551.92 -10812.96      0.00 0
101616 5626.0    0_1_2_3_4_5_6_7_8_9_10_11_12_13_14_15_16_17_18_19_20_21_22_23_24_25_26_27_28_29_30_31_32_33_34_35_36_37_38_39_40_41_42_43_44_45_46_47_48_49_50_51_52_53_54_55_56_57_58_59_60_61_62_63_64_65_66_67_68_69_70_71_72_74_75_76_77_78_79_80_81_82_83_84_86_87_88_89_90_91_92_94_96_101_102_103_104_106_108_110_111_112_115_116_117_118_122_128_129_130_136_138_140_142_148_149_153_156_157_158_159_161_163_167_169_172_174_180_181_182_183_190_192_196_200_201_205_207_211_213_219_226_227_230_237_242_246_249_252_257_260_263_266_269_273_276_280_283_285_288_290_292_296  2.69e+10  2.32e+10  18897.96  69941.89  13218.65    738.75     79.66     74.88    677.67   1487.76      0.00 0
101617 5626.0    116_117_128_140_148_157_158_161_167_168_172_173_181_182_184_190_191_196_197_198_200_205_206_211_212_213_214_217_220_223  1.26e+09  1.03e+09  32235.95  -4892.49  10979.17    639.93     71.39    351.37   -894.77  -5644.80      0.00 0
101618 5626.0    200_205_206_213_214_219_220_226_227_230_231_234_235_237_238_242_243_244_246_249_250_252_253_254_255_256_257_258_259_260_261_263_264_266_267_268_269_270_271_272_273_274_275_276_277_278_279_280_281_282_283_284_285_286_287_288_289_290_291_292  8.51e+09  7.19e+09  61896.25    507.74  12525.87    763.77     78.56      0.47   2651.53  -8993.56      0.00 0
101619 5626.0    111_137_141_162_173_185_199_212_218_224_235_241_244_255_256_259_272  2.51e+09  2.08e+09  18436.79 -20304.44  10210.54    659.32     69.58    312.24   4693.68  -6215.74      0.00 0
101620 5626.0    0_1_2_5_6_7_8_10_11_13_14_15_16_19_20_23_24_27_28_30_31_32_35_36_37_39_40_43_44_46_47_48_51_52_55_56_57_58_61_62_65_66_69_70_73_74_77_78_80_81_82_85_87_88_92_93_94_97_98_101_102_104_105_106_109_110_113_115_116_118_119_120_123_124_127_128_131_132_135_136_139_140_144_145_149_150_151_156_157_159_160_161_166_167_171_172_175_180_183_184_189_190_195_196_198_201_204_205_207_211_213_217_219_223_225_230_234_237_242_252_254_257_263_269_273_278_280_283_285_290_292  4.47e+10  3.86e+10 -18030.23 -95605.18  13811.84    782.51     81.92    259.32  -3278.31  -1308.35      0.00 0
101621 5626.0    0_1_2_3_4_5_6_7_8_9_10_11_12_13_14_15_16_17_18_19_20_21_22_23_24_25_26_27_28_29_30_31_32_33_34_35_36_37_38_39_40_41_42_43_44_45_46_47_48_49_50_51_52_53_54_55_56_57_58_59_60_61_62_63_64_65_66_67_68_69_70_71_72_73_74_75_76_77_78_79_80_81_82_83_84_85_86_87_88_89_90_91_92_93_94_95_96_97_98_99_100_101_102_103_104_105_106_107_108_109_110_111_112_113_114_115_116_117_118_119_120_121_122_123_124_125_126_127_128_129_130_131_132_133_134_135_136_137_138_139_140_141_142_143_144_145_146_147_148_149_150_151_152_153_154_155_156_157_158_159_160_161_162_163_164_165_166_167_168_169_170_171_172_173_174_175_176_177_178_179_180_181_182_183_184_185_186_187_188_189_190_191_192_194_195_196_197_198_199_200_201_204_205_206_207_210_211_212_213_214_216_217_219_220_223_225_226_227_230_231_234_235_237_238_242_243_246_249_250_252_253_254_257_258_260_261_263_266_267_269_270_273_275_276_277_278_280_281_283_285_286_287_288_289_290_292_293_294_295_296_297_298  5.89e+10  5.06e+10 -95044.08 -256524.64  12183.34    788.48     87.45    249.67  -2847.65  -7972.27      0.00 0
101622 5626.0    0_1_2_3_4_5_6_7_8_9_10_11_12_13_14_15_16_17_18_19_20_21_22_23_24_25_26_27_28_29_30_31_32_33_34_35_36_37_38_39_40_41_42_43_44_45_46_47_48_49_50_51_52_53_54_55_56_57_58_59_60_61_62_63_64_65_66_67_68_69_70_71_72_73_74_75_76_77_78_79_80_81_82_83_84_85_86_87_88_89_90_91_92_93_94_95_96_97_98_99_100_101_102_103_104_105_106_107_108_109_110_111_112_113_114_115_116_117_118_119_120_121_123_124_125_126_127_128_129_130_131_132_133_134_135_136_137_139_140_141_143_144_145_146_148_149_150_151_152_154_156_157_158_159_160_161_162_164_166_167_168_171_172_173_175_176_178_180_181_182_184_185_187_189_190_191_195_196_197_198_199_200_202_203_204_205_206_209_211_212_213_214_217_218_219_220_224_226_227_228_229_230_231_232_233_235_237_238_241_243_244_245_246_247_248_249_250_251_252_253_255_256_258_259_260_261_262_264_265_267_268_270_271_272_274_275_277_279_281_282_284_287_289_291_295  8.13e+09  6.75e+09 -165348.86 189076.12  13559.32    699.63     86.91    131.17  -3271.90   1363.65      0.00 0
101623 5626.0    0_1_2_3_4_5_6_7_8_9_10_11_12_13_14_15_16_17_18_19_20_21_22_23_24_25_26_27_28_29_30_31_32_33_34_35_36_37_38_39_40_41_42_43_44_45_46_47_48_49_50_51_52_53_54_55_56_57_58_59_60_61_62_63_64_65_66_67_68_69_70_71_72_73_74_75_76_77_78_79_80_81_82_83_84_85_86_87_88_89_90_91_92_93_94_95_96_97_98_99_100_101_102_103_104_105_106_107_108_109_110_111_112_113_114_115_116_117_118_119_120_121_122_123_124_125_126_127_128_129_130_131_132_133_134_135_136_137_138_139_140_141_142_143_144_145_146_147_148_149_150_151_152_153_154_155_156_157_158_159_160_161_162_163_164_165_166_167_168_169_170_171_172_173_174_175_176_177_178_179_180_181_182_183_184_185_186_187_188_189_190_191_192_193_194_195_196_197_198_199_200_201_202_203_204_205_206_207_208_209_210_211_212_213_214_215_216_217_218_219_220_221_222_223_224_225_226_227_228_229_230_231_232_233_234_235_236_237_238_239_240_241_242_243_244_245_246_247_248_249_250_251_252_253_254_255_256_257_258_259_260_261_262_263_264_265_266_267_268_269_270_271_272_273_274_275_276_277_278_279_280_281_283_284_285_286_287_288_289_290_291_292_293_294_295_296_297_298  1.20e+09  9.66e+08 -186784.28 -251780.55  11385.93    692.00     87.92    233.43  -3108.25  -5157.27      0.00 0
101624 5626.0    197_199_200_203_206_212_214_218_220_224_226_227_228_230_231_233_235_238_241_243_244_245_246_247_248_249_250_251_252_253_255_256_257_258_259_260_261_262_264_265_266_267_268_269_270_271_272_273_274_275_276_277_278_279_280_281_282_283_284_285_286_287_288_289_290_291_292_293_294_295_296  1.10e+09  8.76e+08 -65066.32 -33110.05  14071.99    622.48     79.09    206.97   3017.23  -8375.21      0.00 0
101625 5626.0    0_1_2_3_4_5_6_7_8_9_10_11_12_13_14_15_16_17_18_19_20_21_22_23_24_25_26_27_28_29_30_31_32_33_34_35_36_37_38_39_40_41_42_43_44_45_46_47_48_49_50_51_52_53_54_55_56_57_58_59_60_61_62_63_64_65_66_67_68_69_70_71_72_73_74_75_76_77_78_79_80_81_82_83_84_85_86_87_88_89_90_91_92_93_94_95_96_97_98_99_100_101_102_103_105_106_107_108_109_110_111_113_114_116_117_119_120_121_123_124_125_126_127_128_129_131_132_133_134_135_136_137_139_140_141_143_144_145_146_148_150_151_152_154_155_157_158_160_161_162_164_165_167_168_170_172_173_175_176_178_181_182_184_185_187_191_193_194_197_199_202_203_206_208_209_212_214_215_218_220_221_224_228_229_232_233_235_236_239_241_243_244_245_247_248_251_255_256_259_262_265_268_271_272_282  8.51e+09  7.06e+09 173560.66 -71147.04  14861.46    698.66     85.47    337.71   1254.70  -1918.50      0.00 0
101626 5626.0    1_2_6_7_10_11_14_15_16_19_23_24_27_30_31_32_36_37_39_42_43_46_47_48_51_56_57_58_61_64_65_68_69_70_73_74_77_80_81_82_85_87_90_92_93_94_97_98_101_104_105_109_112_113_115_118_119_120_123_124_127_130_131_132_135_139_142_144_145_149_150_151_156_159_160_163_166_169_171_174_175_180_183_189_192_195_201_204_207_225  1.12e+10  9.44e+09  49335.66  59891.52  13710.04    698.75     79.98     50.52    400.82   5140.24      0.00 0
101627 5626.0    95_99_107_111_114_121_125_129_133_134_137_141_143_146_152_154_155_158_162_164_165_168_170_173_176_178_179_185_187_188_191_193_194_197_199_202_203_206_208_209_210_212_214_215_216_218_220_221_222_224_227_228_229_231_232_233_235_236_238_239_240_241_243_244_245_246_247_248_250_251_253_255_256_258_259_260_261_262_264_265_267_268_270_271_272_274_275_276_277_279_281_282_284_286_287_288_289_291_293_294_295_296_297_298  6.76e+09  5.64e+09 -52229.86 -115837.98  14882.14    704.04     83.32    245.73   4986.49  -5806.21      0.00 0
101628 5626.0    0_1_2_3_4_5_6_7_8_9_10_11_12_13_14_15_16_17_18_19_20_21_22_23_24_25_26_27_28_29_30_31_32_33_34_35_36_37_38_39_40_41_42_43_44_45_46_47_48_49_50_51_52_53_54_55_56_57_58_59_60_61_62_63_64_65_66_67_68_69_70_71_72_73_74_75_76_77_78_79_80_81_82_83_84_85_86_87_88_89_90_91_92_93_94_95_96_97_98_99_100_101_102_103_104_105_106_107_108_109_110_111_112_113_114_115_116_117_118_119_120_121_122_123_124_125_126_127_128_129_130_131_132_133_135_136_137_138_139_140_141_142_144_146_148_149_150_152_154_156_157_158_159_160_162_166_167_168_169_171_173_176_178_180_181_182_183_185_189_190_191_192_195_197_199_200_201_202_203_204_205_206_207_212_214_218_220_224_225_226_227_228_231_233_235_238_241_243_244_246_248_250_251_253_255_256_258_259_261_264_265_267_268_270_271_272_274_277_279_281_282_284_289_291  3.63e+09  2.96e+09 -86285.72 150602.39  15307.46    658.39     84.96    119.81  -2522.12   3920.83      0.00 0
101629 5626.0    110_116_120_128_136_140_145_148_151_157_158_161_167_168_172_175_181_182_184_190_191_196_197_198_200_205_206_211_212_213_214_217_219_220_223_226_227_230_231_234_235_237_238_242_243_244_246_249_250_252_253_254_255_256_257_258_259_260_261_263_264_266_267_269_270_271_272_273_274_275_276_277_278_279_280_281_283_284_285_286_287_288_289_290_291_292_293_294_295_296_297_298  4.07e+10  3.50e+10 -158946.81  70203.34  14438.35    774.87     85.25    156.17  -2974.53  -8017.76      0.00 0
101630 5626.0    106_110_116_120_124_128_132_136_140_145_148_151_157_161_167_172_175_181_182_184_190_191_196_198_200_205_206_211_213_214_217_219_223_226_227_230_231_234_237_238_242_243_246_249_250_252_253_254_257_258_260_261_263_264_266_267_269_270_273_274_275_276_277_278_279_280_281_283_284_285_286_287_288_289_290_291_292_293_294_295_296_297_298  6.31e+10  5.47e+10  86626.32 -76532.73  14213.32    779.23     82.99    318.54   1576.39 -10746.14      0.00 0
101631 5626.0    182_191_200_206_214_227_231_246_250_253_260_261_267_275_277_286_287_289_293_294_295_297_298  7.76e+09  6.60e+09  -5442.78 -26328.49  10046.61    673.26     69.51    258.32    694.39  -9541.08      0.00 0
101632 5626.0    258_270_274_279_284  1.55e+09  1.28e+09 -11115.48  15999.03   8837.13    686.00     65.60    124.79   4328.51 -10775.78      0.00 0
101633 5626.0    18_22_25_26_33_34_38_42_46_49_50_54_59_60_64_68_71_72_75_76_80_83_84_86_90_95_96_99_100_104_107_108_112_114_118_121_122_125_126_130_133_134_137_138_142_143_146_147_149_152_153_154_155_159_162_163_164_165_169_170_173_174_176_177_178_179_180_183_185_186_187_188_192_193_194_199_201_202_203_207_209_212_215_218_224_225_228_229_233_235_241_244_245_248_251_255_256_259_265_268_271_272_282  3.47e+10  2.99e+10 -20380.76  65435.08  12937.54    753.76     79.31    107.30   3323.63   1982.31      0.00 0
101634 5626.0    176_178_185_199_202_203_209_212_215_218_220_221_224_228_229_232_233_235_238_239_241_243_244_245_247_248_251_253_255_256_258_259_262_264_265_267_268_270_271_272_274_277_279_281_284_287_289_291_293_295_297_298  8.71e+10  7.61e+10  27043.77  54935.98  12546.80    754.24     78.42     63.79   3134.25 -11283.23      0.00 0
101635 5626.0    4_6_7_10_12_14_15_18_19_22_25_26_27_30_31_34_36_38_39_42_43_46_49_50_51_54_56_57_60_61_64_65_68_71_72_76_77_80_81_84_86_87_90_92_96_99_100_101_105_109_114_119_133_134_135_139_143_150_160  1.32e+09  1.07e+09 -30449.95  13729.49  10872.33    668.61     71.97    155.73    516.04   1682.69      0.00 0
101636 5626.0    92_104_108_112_115_118_122_127_130_138_142_147_149_153_155_156_159_163_166_169_171_174_177_179_180_183_186_188_189_192_195_201_204_207_210_216_225_240  3.09e+09  2.56e+09  55907.69 -17060.69  13022.92    658.27     77.44    343.03   4186.85   4455.07      0.00 0
101637 5626.0    167_172_190_196_198_205_211_213_219_226_230_237_246_249_252_260_261  4.47e+09  3.75e+09 -14895.99  16193.59   9140.86    704.51     67.44    132.61  -1695.49  -7170.15      0.00 0
101638 5626.0    0_1_2_3_4_5_6_7_8_9_10_11_12_13_14_15_16_17_18_19_20_21_22_23_24_25_26_27_28_29_30_31_32_33_34_35_36_37_39_40_41_42_43_44_45_46_47_48_51_52_53_54_55_56_57_58_60_61_62_63_64_65_66_67_68_69_70_73_74_77_78_79_80_81_82_84_85_87_88_89_90_91_92_93_94_97_98_101_102_103_104_105_106_109_110_112_113_115_116_117_118_119_120_123_124_127_128_130_132_135_136_139_140_145_148_149_151_156_157_158_159_160_161_166_167_169_171_172_180_181_182_183_184_189_190_192_195_196_198_200_201_204_205_207_211_213_217_219_223_225_226_227_230_234_237_242_246_249_252_254_257_260_263_266_269_273_275_276_278_280_283_285_286_288_290_292_294_296  1.48e+09  1.20e+09  12329.30  88852.49  14207.69    690.74     81.00     82.10  -1406.69   -707.91      0.00 0
101639 5626.0    121_125_133_137_141_143_146_152_154_162_164_165_168_170_173_176_178_185_187_188_191_193_194_197_199_202_203_206_208_209_210_212_214_215_216_218_220_221_222_224_227_228_229_231_232_233_235_236_238_239_240_241_243_244_245_246_247_248_250_251_253_255_256_258_259_260_261_262_264_265_267_268_270_271_272_274_275_276_277_279_281_282_284_286_287_288_289_291_293_294_295_296_297_298  3.02e+09  2.48e+09  65559.74 110546.99  15030.01    686.13     83.33     59.33   3502.31  -9124.92      0.00 0
101640 5626.0    71_72_75_86_95_96_99_100_107_114_121_125_126_133_134_137_143_146_152_154_162_164_173_176_178_185_187_199_202_203_209_212_218_220_224_228_233_235_241_243_244_248_251_255_256_259_264_265_268_271_272_274_279  2.14e+09  1.75e+09 -12624.54  62893.93  13027.84    705.06     78.52    101.35   5990.21 -10138.12      0.00 0
101641 5626.0    0_1_2_3_4_5_6_7_8_9_10_11_12_13_14_15_16_17_18_19_20_21_22_23_24_25_26_27_28_29_30_31_32_33_34_35_36_37_38_39_40_41_42_43_44_45_46_47_48_49_50_51_52_53_54_55_56_57_58_59_60_61_62_63_64_65_66_67_68_69_70_71_72_73_74_75_76_77_78_79_80_81_82_83_84_85_86_87_88_89_90_91_93_94_95_96_97_98_99_100_101_102_103_105_106_107_109_110_111_113_114_116_117_119_120_121_123_124_125_126_128_129_131_132_133_134_135_136_137_140_141_143_144_145_146_148_150_151_152_154_158_161_162_164_165_168_170_173_175_176_178_185_187_193_194_197_199_202_203_208_209_212_215_218_221_224_228_229_232_233_236_239_241_245_247_248_251_256_262_265_268_282  1.17e+10  9.85e+09 136167.36 -42437.49  15041.06    698.26     83.98    342.69  -3999.97    108.77      0.00 0
101642 5626.0    0_1_2_3_4_5_6_7_8_9_10_11_12_13_14_15_16_17_18_19_20_21_22_23_24_25_26_27_28_29_30_31_32_33_34_35_36_37_38_39_40_41_42_43_44_45_46_47_48_49_50_51_52_53_54_55_56_57_58_59_60_61_62_63_64_65_66_67_68_69_70_71_72_73_74_75_76_77_78_79_80_81_82_83_84_86_87_88_89_90_91_92_93_95_96_99_100_101_102_103_104_105_107_108_109_111_112_114_115_116_117_118_119_121_122_125_126_127_128_129_130_133_134_135_137_138_139_141_142_143_146_147_148_149_152_153_154_155_156_157_158_159_160_162_163_164_165_166_168_169_170_171_173_174_176_177_178_179_180_181_182_183_185_186_187_188_189_191_192_193_194_195_197_199_200_201_202_203_204_206_207_208_209_210_212_214_215_216_218_220_221_222_224_225_226_227_228_229_231_232_233_235_236_238_239_240_241_243_244_245_246_247_248_250_251_253_255_256_258_259_261_262_264_265_267_268_270_271_272_274_277_279_281_282_284_287_289_291_295  1.12e+10  9.43e+09  83488.61 -280414.47  11444.32    794.90     87.76    286.58   2315.76   4782.10      0.00 0
101643 5626.0    231_250_253_267_270_274_277_281_284_289_291  1.32e+10  1.13e+10 -12418.14  21251.10   9300.63    743.98     69.30    120.30   2935.64 -11095.15      0.00 0
101644 5626.0    2_3_5_8_9_11_13_16_17_20_21_23_24_28_29_32_33_35_37_40_41_44_45_47_48_52_53_55_58_59_62_63_66_67_69_70_73_74_78_79_82_83_85_88_89_91_94_95_97_98_102_103_106_107_110_111_113_116_117_120_121_124_128_129_131_132_136_137_140_141_145_146_148_151_152_157_158_161_162_167_168_172_173_175_176_178_181_182_184_185_190_191_196_197_198_199_200_202_203_205_206_211_212_213_214_217_218_219_220_223_224_226_227_228_229_230_231_233_234_235_237_238_241_242_243_244_245_246_248_249_250_251_252_253_254_255_256_257_258_259_260_261_262_263_264_265_266_267_268_270_271_272_274_275_277_279_281_282_284_289_291  5.75e+09  4.81e+09 166487.39 -76505.23  14613.14    738.19     85.44    335.32   6047.85  -8100.31      0.00 0
101645 5626.0    0_1_2_3_4_5_6_7_8_9_10_11_12_13_14_15_16_17_18_19_20_21_22_23_24_25_26_27_28_29_30_31_32_33_34_35_36_37_38_39_40_41_42_43_44_45_46_47_48_49_50_51_52_53_54_55_56_57_58_59_61_62_63_65_66_67_69_70_71_72_73_74_75_77_78_79_81_82_83_85_86_87_88_89_91_93_94_95_97_98_99_101_102_103_105_106_107_109_110_111_113_116_117_119_120_121_123_124_125_128_129_131_132_135_136_137_139_140_141_144_145_146_148_150_151_152_157_158_160_161_162_167_168_171_172_173_175_176_178_181_182_184_185_190_191_196_197_198_199_200_202_203_205_206_211_212_213_214_217_218_219_220_223_224_226_227_228_230_231_233_234_235_237_238_241_242_243_244_245_246_248_249_250_251_252_253_254_255_256_257_258_259_260_261_262_263_264_265_266_267_268_269_270_271_272_274_275_276_277_279_280_281_282_284_286_287_288_289_291_293_295_298  7.76e+10  6.71e+10 179773.00 -165889.75  13376.47    747.13     86.87    317.30   2252.97  -6998.79      0.00 0
101646 5626.0    120_124_132_136_140_145_151_161_167_172_175_184_196_198_211_213_217_219_223_230_234_237_242_252_254_257_263_266_269_273_276_278_280_283_285_288_290_292_294_296  2.14e+09  1.75e+09 -10055.45  52612.71  12652.36    665.58     76.71    100.82  -3225.35  -9670.29      0.00 0
101647 5626.0    42_50_54_60_64_68_72_76_80_84_86_90_92_96_99_100_104_108_112_114_118_122_126_130_133_134_138_142_149_159_169_180_183_192_201  4.07e+09  3.42e+09 -14525.01  23795.78  10009.43    699.70     70.25    121.40   1934.46   3060.58      0.00 0
101648 5626.0    0_1_2_3_4_5_6_7_8_9_10_11_12_13_14_15_16_17_18_19_20_21_22_23_24_25_26_27_28_29_30_31_32_33_34_35_36_37_38_39_40_41_42_43_44_45_46_47_48_49_50_51_52_53_54_55_56_57_58_59_60_61_62_63_65_66_67_69_70_71_72_73_74_75_76_77_78_79_81_82_83_84_85_86_87_88_89_91_93_94_95_97_98_99_100_102_103_105_106_107_110_111_113_114_116_117_119_120_121_123_124_125_129_131_132_133_135_136_137_141_143_144_145_146_150_152_154_162_164_168_170_173_176_178_185_187_193_199_202_203_209_215_218_221_224_228_229_232_233_239_241_245_247_248_251_262_265_268_282  6.03e+10  5.23e+10 -94650.73  34543.62  14070.86    755.80     82.05    159.95  -2284.12   -268.62      0.00 0
101649 5626.0    42_46_54_56_64_68_80_84_90_96_104_108_112_122_126_138_147_155_179_188  6.17e+10  5.41e+10  19732.24  -3857.01   8534.35    756.26     67.00    348.94   2979.35   2312.00      0.00 0
101650 5626.0    0_1_2_3_4_5_6_7_8_9_10_11_12_13_14_15_16_17_18_19_20_21_22_23_24_25_26_27_29_30_31_32_33_34_36_37_38_39_41_42_43_46_47_48_49_50_51_53_54_56_57_59_60_61_64_65_68_69_70_71_72_73_75_76_77_80_81_83_84_85_86_87_90_92_93_95_96_97_99_100_101_104_105_108_109_112_113_114_115_118_119_122_123_125_126_127_130_131_133_134_135_138_139_142_143_144_146_147_149_150_153_154_155_156_159_160_163_164_165_166_169_170_171_174_177_178_179_180_183_186_187_188_189_192_193_194_195_201_204_207_208_209_210_215_216_221_222_225_229_232_236_239_240_247  3.72e+09  3.05e+09 163959.81 -51476.17  15397.73    648.71     84.88    342.57  -2175.28   3948.73      0.00 0
101651 5626.0    0_1_2_3_4_5_6_7_8_9_10_11_12_13_14_15_16_17_18_19_20_21_22_23_24_25_26_27_28_29_30_31_32_33_34_35_36_37_38_39_40_41_42_43_44_45_46_47_48_50_51_52_54_55_56_57_58_60_61_62_64_65_66_67_68_69_70_73_74_77_78_79_80_81_82_84_85_87_88_90_91_92_93_94_97_98_101_102_104_105_106_108_109_110_112_113_115_116_118_119_120_123_124_127_128_130_131_132_135_136_138_139_140_142_144_145_149_150_151_156_157_159_160_161_163_166_167_169_171_172_174_175_180_183_184_189_190_192_195_196_198_201_204_205_207_211_213_217_219_223_225_230_234_237_242_252_254_257_263_269_273_278_283_285_292  2.63e+10  2.23e+10  83560.63 199464.72  14060.73    745.16     86.28     67.27  -2173.79   3615.74      0.00 0
101652 5626.0    200_205_226_227_230_246_249_250_253_261_267_270_277_281  6.61e+09  5.59e+09  14843.61 -14683.85   9074.28    685.90     66.51    315.31    488.52  -8644.32      0.00 0
101653 5626.0    8_11_15_16_20_23_24_28_31_32_37_40_44_47_48_52_58_62_66_69_70_74_78_82_88_94_102_106_110_116_120_128_136_140_151_157_161_167_172_184_190_196_198_205_211_213_217_219_223_230_234_237_242_252_254_257_263_266_269_273_278_280_283_285_290_292_296  8.91e+10  7.77e+10 -13647.01 -58138.66  12367.19    769.19     78.30    256.79  -4175.56 -10987.52      0.00 0
101654 5626.0    0_1_2_3_4_5_6_7_8_9_10_11_12_13_14_15_16_17_18_19_20_21_22_23_24_25_26_27_28_29_30_31_32_33_34_35_36_37_38_39_40_41_42_43_44_45_46_47_48_49_50_51_52_53_54_55_56_57_58_59_60_61_62_63_64_65_66_67_68_69_70_73_74_75_77_78_79_80_81_82_83_84_85_87_88_89_90_91_92_93_94_97_98_101_102_103_104_105_106_107_109_110_111_112_113_115_116_117_118_119_120_123_124_127_128_129_130_131_132_135_136_139_140_141_144_145_148_149_150_151_156_157_158_159_160_161_166_167_168_169_171_172_175_180_181_182_183_184_189_190_191_192_195_196_197_198_200_201_204_205_206_207_211_213_214_217_219_223_225_226_227_230_231_234_237_238_242_246_249_250_252_253_254_257_260_261_263_266_267_269_270_273_275_276_277_278_280_281_283_285_286_287_288_289_290_291_292_293_294_295_296_297_298  8.91e+09  7.40e+09   7226.79 -253958.86  13270.35    725.78     87.01    271.63  -3405.18   3225.99      0.00 0
101655 5626.0    62_66_78_82_88_91_94_98_102_106_110_116_117_120_124_128_129_132_136_140_148_157_158_167_168_181_182_190_191_197_200_205_206_214_220_226_227_231_235_238_243_246_250_253_255_258_261_264_267_270_271_274_277_279_281_284_289_291  2.45e+09  2.03e+09 -41017.58  47069.07  13065.78    685.57     78.18    131.07   4020.45 -10299.78      0.00 0
101656 5626.0    212_235_243_244_255_256_259_271_272  9.77e+10  8.64e+10 -17743.07  15331.63   8870.15    791.60     69.28    139.17   6289.09  -8799.58      0.00 0
101657 5626.0    0_1_2_3_5_8_9_11_13_15_16_17_20_21_23_24_28_29_31_32_33_35_37_40_41_44_45_47_48_52_53_55_57_58_59_62_63_66_67_69_70_73_74_78_79_82_83_85_88_89_91_94_95_97_98_102_103_106_107_110_111_113_116_117_120_121_123_124_125_128_129_131_132_136_137_140_141_145_146_148_151_152_157_158_161_162_167_168_172_173_175_176_178_181_182_184_185_190_191_196_197_198_199_200_202_203_205_206_211_212_213_214_217_218_220_224_227_228_229_231_233_235_238_241_243_244_245_248_251_253_255_256_258_259_262_264_265_268_271_272_279_282  1.17e+10  9.84e+09 -109596.55  49346.64  14821.79    700.56     82.97    155.76  -1667.22  -3122.39      0.00 0
101658 5626.0    0_1_2_3_4_5_6_7_8_9_10_11_12_13_14_15_16_17_18_19_20_21_22_23_24_25_26_27_28_29_30_31_32_33_34_35_36_37_38_39_40_41_42_43_44_45_46_47_48_49_50_51_52_53_54_55_56_57_58_59_60_61_62_63_64_65_66_67_68_69_70_71_72_73_74_75_76_77_78_79_80_81_82_83_84_85_86_87_88_89_90_91_92_93_94_95_96_97_98_99_100_101_102_103_104_105_106_107_108_109_110_111_112_113_114_115_116_117_118_119_120_121_122_123_124_126_127_128_129_130_131_132_134_135_136_137_138_139_140_141_142_144_145_147_148_149_150_151_153_156_157_158_159_160_161_163_166_167_168_169_171_172_174_175_177_180_181_182_183_184_186_189_190_191_192_195_196_197_198_200_201_204_205_206_207_211_213_214_217_219_223_225_226_227_230_231_234_237_242_246_249_250_252_254_257_260_261_263_266_267_269_273_275_276_277_278_280_283_285_286_287_288_290_292_293_294_296_297_298  4.47e+10  3.85e+10 -69762.60 -256768.98  12268.66    812.03     87.36    254.80  -1250.55   2477.33      0.00 0
101659 5626.0    261_267_270_274_275_277_281_284_287_289_291  2.69e+10  2.34e+10 -25830.15   4638.27   9432.64    760.67     70.23    169.82   3710.05 -10922.05      0.00 0
101660 5626.0    191_206_214_227_231_246_250_253_260_261_267_275_276_277_286_287_288_293_294_297  4.90e+10  4.26e+10  -8809.34 -21803.88   9031.75    763.45     68.99    248.00    376.50  -9835.28      0.00 0
101661 5626.0    147_153_155_165_170_177_179_186_188_193_194_208_210_215_216_221_222_232_236_239_240  2.34e+09  1.91e+09  17153.77 -40747.47  11978.71    659.96     74.84    292.83   6117.73   3339.92      0.00 0
101662 5626.0    95_99_100_114_121_125_126_133_134_137_141_143_146_147_152_153_154_155_162_164_165_170_173_176_177_178_179_185_186_187_188_193_194_197_199_202_203_208_209_210_212_215_216_218_220_221_222_224_228_229_232_233_235_236_238_239_240_241_243_244_245_247_248_251_253_255_256_258_259_262_264_265_268_270_271_272_274_279_281_282_284_291  2.75e+10  2.37e+10   8268.76  83580.16  13422.66    779.73     80.92     84.35   5057.07  -9118.26      0.00 0
101663 5626.0    20_24_32_37_40_47_48_52_58_62_66_69_70_74_82_85_88_94_102_106_110_116_128_136_140_157_167_172_181_190_196_205_213  2.51e+09  2.09e+09  -3665.06  27107.38  10194.62    660.26     69.56     97.70  -1845.04  -3483.25      0.00 0
101665 5626.0    0_1_2_3_4_5_6_7_8_9_10_11_12_13_14_15_16_17_18_19_20_21_22_23_24_25_26_27_28_29_30_31_32_33_34_35_36_37_38_39_40_41_42_43_44_45_46_47_48_49_50_51_52_53_54_55_56_57_58_59_60_61_62_63_64_65_66_67_68_69_70_71_72_73_74_75_76_77_78_79_80_81_82_83_84_85_86_87_88_89_90_91_92_93_94_95_96_97_98_99_100_101_102_103_104_105_106_107_108_109_110_111_112_113_114_115_116_117_118_119_120_121_122_123_124_125_126_127_128_129_130_131_132_133_134_135_136_138_139_140_142_143_144_145_147_148_149_150_151_153_155_156_157_158_159_160_161_163_164_165_166_167_169_170_171_172_174_175_177_179_180_181_183_184_186_188_189_190_192_194_195_196_198_201_204_205_207_210_211_213_216_217_219_222_223_225_234_237_240_242_254_257_263_278  1.91e+09  1.52e+09 -204704.61 -181234.75  13180.40    661.50     87.24    221.52  -3521.90  -1249.58      0.00 0
101666 5626.0    0_1_2_3_4_5_6_8_9_10_11_12_13_16_17_18_20_21_22_25_26_28_29_32_33_34_35_38_40_41_44_45_49_50_52_53_54_55_58_59_60_62_63_66_67_71_72_75_76_78_79_82_83_84_86_88_89_91_94_95_96_99_100_102_103_106_107_108_110_111_114_116_117_120_121_122_125_126_128_129_133_134_136_137_140_143_147_148_151_153_155_157_158_161_164_165_167_170_172_177_179_181_184_188_190_194_196_198_205_210_211_213_216_217_219_223_234_237_242_254_263_278  1.10e+09  8.72e+08 -52914.61 -46552.11  13686.64    657.53     79.01    221.34   -829.39  -3381.01      0.00 0
101667 5626.0    176_178_185_187_193_199_202_203_208_209_212_215_218_220_221_222_224_228_229_232_233_235_236_239_240_241_243_244_245_247_248_251_255_256_258_259_262_264_265_268_270_271_272_274_279_281_282_284_289_291_295  2.95e+09  2.42e+09 -35133.28 -86696.42  14230.83    704.02     81.35    247.94   5524.66  -9390.20      0.00 0
101668 5626.0    0_1_2_3_4_5_6_7_8_9_11_13_14_15_16_19_20_23_24_27_28_29_31_32_35_36_37_39_40_43_44_45_47_48_51_52_55_56_57_58_61_62_65_66_69_70_73_74_77_78_79_81_82_85_87_88_91_94_101_102_103_105_106_109_110_116_117_128_136_140_148_157_158_161_167_172_181_182_190_196_200_205_206_211_213_219_226_227_230_237_242_246_249_250_252_257_260_261_266_269_275_276_277_280_283_286_287_288_290_293_294_296_297_298  6.31e+10  5.48e+10    896.04 -54036.55  12159.51    745.01     77.32    270.95  -1151.02  -6439.73      0.00 0
101669 5626.0    0_1_2_3_4_5_6_7_8_9_10_11_12_13_14_15_16_17_18_19_20_21_22_23_24_25_26_27_28_29_30_31_32_33_34_35_36_37_38_39_40_41_42_43_44_45_46_47_48_49_50_51_52_53_54_55_56_57_58_59_60_61_62_63_64_65_66_67_68_69_70_71_72_73_74_75_76_77_78_79_80_81_82_83_84_85_86_87_88_89_90_91_92_93_94_95_96_97_98_99_100_101_102_103_104_105_106_107_108_109_110_111_112_113_114_115_116_117_118_119_120_121_122_123_124_125_126_127_128_129_130_131_132_133_134_135_136_137_138_139_140_141_142_143_144_145_146_147_148_149_150_151_152_153_154_155_156_157_158_159_160_161_162_163_164_165_166_167_168_169_170_171_172_173_174_175_176_177_179_180_181_182_183_184_185_186_188_189_190_191_192_194_195_196_197_198_199_200_201_204_205_206_207_210_211_212_213_214_216_217_219_220_223_225_226_227_230_231_234_237_238_242_246_249_250_252_253_254_257_260_261_263_266_267_269_273_275_276_277_278_280_283_285_286_287_288_290_292_293_294_296_297  3.09e+09  2.54e+09 140350.53 277125.34  11336.34    712.90     87.91     63.14  -4149.99   -743.05      0.00 0
101670 5626.0    0_1_2_3_4_5_6_7_8_9_10_11_12_13_14_15_16_17_18_19_20_21_22_23_24_25_26_27_28_29_30_31_33_34_35_36_37_38_39_41_42_43_44_45_46_47_49_50_51_53_54_55_56_57_59_60_61_63_64_65_67_68_71_72_73_75_76_77_79_80_81_83_84_86_87_89_90_92_93_95_96_99_100_101_103_104_105_107_108_109_111_112_114_115_118_119_121_125_127_129_133_135_137_139_141_146_149_150_152_154_156_160_162_164_166_168_171_173_176_178_180_185_187_189_195_197_199_202_203_209_212_218_224_228_229_233_235_241_244_245_248_251_255_256_259_262_265_268_271_272_282  6.17e+09  5.09e+09 -47207.59  60728.23  13784.41    684.17     79.84    127.86   3659.47  -2940.69      0.00 0
101671 5626.0    127_139_156_160_166_171_180_189_195  6.17e+10  5.41e+10  20634.50   5313.40   8751.93    752.54     67.67     14.44  -3722.06   4919.93      0.00 0
101672 5626.0    205_211_213_219_223_226_227_230_234_237_242_246_249_250_252_253_254_257_258_260_261_263_266_267_269_270_273_274_275_276_277_278_279_280_281_283_284_285_286_287_288_289_290_291_292_293_294_295_298  1.05e+10  8.88e+09 -58918.48  27024.76  13023.07    711.17     78.64    155.36   1112.07 -10615.72      0.00 0
101673 5626.0    0_1_2_3_4_5_6_7_8_9_10_11_12_13_14_16_17_18_20_21_22_25_26_28_29_30_33_34_35_36_38_40_41_42_44_45_46_49_50_52_53_54_55_56_59_60_62_63_64_66_67_68_71_72_75_76_78_79_80_83_84_86_88_89_90_91_95_96_99_100_102_103_104_107_108_110_111_112_114_116_117_122_126_128_129_130_137_138_140_141_142_147_148_153_157_158_163_167_168_169_174_181_182_186_190_191_196_200_205_206_213_219_226_227_230_237_242_246_249_252_257_260_261_266_269_273_275_276_280_283_285_286_288_290_292_294_296  1.07e+09  8.66e+08  21444.35  60156.27  13248.89    670.87     78.28     70.38    484.35  -3097.25      0.00 0
101674 5626.0    50_54_60_64_71_72_76_84_86_90_96_99_100_104_108_112_114_118_122_125_126_130_133_134_138_142_143_146_147_149_153_154_155_159_163_164_165_169_170_174_176_177_178_179_180_183_186_187_188_192_193_194_201_202_203_204_207_208_209_210_215_221_225_228_229_232_233_239_245_247_248_251_262_265_282  1.74e+10  1.47e+10 -28530.11  56874.09  12852.94    727.21     78.58    116.64   2769.99   4569.72      0.00 0
101675 5626.0    146_152_162_173_176_185_199_203_212_218_220_224_235_241_243_244_255_258_264_271_274_279  2.63e+09  2.19e+09  -3037.07 -26329.10  10004.34    671.81     69.32    263.42   4231.34  -6566.65      0.00 0
101676 5626.0    0_1_2_3_4_5_6_7_8_9_10_11_12_13_14_15_16_17_18_19_20_21_22_23_24_25_26_27_28_29_30_31_32_33_34_35_36_37_38_39_40_41_42_43_44_45_46_47_48_49_50_51_52_53_54_55_56_57_58_59_60_61_62_63_64_65_66_67_68_69_70_71_72_73_74_75_76_77_78_79_80_81_82_83_84_85_86_87_88_89_90_91_92_93_94_95_96_97_98_99_100_101_102_103_104_105_106_108_109_110_112_113_114_115_116_117_118_119_120_122_123_124_126_127_128_130_131_132_134_135_136_138_139_140_142_144_145_147_148_149_150_151_153_155_156_157_159_160_161_163_166_167_169_171_172_174_175_177_179_180_181_183_184_186_189_190_192_195_196_198_201_204_205_207_211_213_217_219_223_225_230_234_237_242_254_257_263_273_278_285  2.45e+09  2.02e+09 176111.19 232776.30  11978.66    727.00     87.65     52.89  -3648.24   -271.35      0.00 0
101677 5626.0    198_211_217_219_223_234_237_242_252_254_257_263_266_269_273_276_278_280_283_285_286_288_290_292_293_294_296_297_298  2.24e+10  1.92e+10 -26599.83  40066.29  11963.99    708.68     76.03    123.58  -3036.95 -10019.87      0.00 0
101678 5626.0    181_182_190_196_200_205_206_211_213_214_219_223_226_227_230_231_234_237_238_242_246  7.59e+09  6.43e+09  29071.30  -4147.81  10145.84    708.07     70.94    351.88  -1480.81  -6963.45      0.00 0
101679 5626.0    88_94_98_102_106_110_113_116_120_124_128_132_136_140_145_148_151_157_161_167_172_175_181_182_184_190_196_198_200_205_206_211_213_217_219_223_226_227_230_231_234_237_246_249_250_252_253_260_261_266_267_270_275_277_281_284_287_289_291  2.57e+10  2.23e+10 -34672.61  41852.45  12009.09    773.05     77.54    129.64  -3356.71  -4133.78      0.00 0
101680 5626.0    206_214_220_224_226_227_230_231_235_238_241_243_244_246_249_250_251_252_253_255_256_257_258_259_260_261_264_265_266_267_268_269_270_271_272_273_274_275_276_277_278_279_280_281_282_283_284_285_286_287_288_289_290_292  1.45e+10  1.23e+10 -56796.00 -11256.21  12539.72    724.12     77.78    191.21   5955.99  -8207.27      0.00 0
101681 5626.0    0_1_2_3_4_5_6_7_8_9_10_11_12_13_14_15_16_17_18_19_20_21_22_23_24_25_26_27_28_29_30_31_32_33_34_35_36_37_38_39_40_41_42_43_44_45_46_47_48_49_50_51_52_53_54_55_56_57_58_59_60_61_62_63_64_65_66_67_68_69_70_71_72_73_74_75_76_77_78_79_80_81_82_83_84_85_86_87_88_89_90_91_92_93_94_95_96_97_98_99_100_101_102_103_104_105_106_107_108_109_110_111_112_113_114_115_116_117_118_119_120_121_122_123_124_125_126_127_128_129_130_131_132_133_134_135_136_137_138_139_140_141_143_144_146_148_149_150_152_154_156_157_158_159_160_162_164_166_167_168_171_173_176_178_180_181_182_183_185_187_189_190_191_195_197_199_200_201_202_203_204_206_209_212_214_218_220_224_225_227_228_229_231_232_233_235_238_241_243_244_245_247_248_250_251_253_255_256_258_259_262_264_265_267_268_270_271_272_274_279_281_282_284_291  3.98e+10  3.43e+10 -106929.65 141437.64  14608.63    746.50     85.29    127.09  -1816.40   2046.35      0.00 0
101682 5626.0    0_1_2_3_4_5_6_7_8_9_10_11_12_13_14_15_16_17_18_19_20_21_22_23_24_25_26_27_28_29_30_31_32_33_34_35_36_37_38_39_40_41_42_43_44_45_46_47_48_49_51_52_53_54_55_56_57_58_59_61_62_63_64_65_66_67_68_69_70_73_74_77_78_79_80_81_82_83_85_87_88_89_90_91_92_93_94_97_98_101_102_103_104_105_106_109_110_111_113_115_116_117_118_119_120_123_124_127_128_129_130_131_132_135_136_139_140_144_145_148_149_150_151_156_157_158_159_160_161_166_167_168_171_172_175_180_181_182_183_184_189_190_191_192_195_196_198_200_201_204_205_206_207_211_213_214_217_219_223_225_226_227_230_231_234_237_242_246_249_250_252_253_254_257_260_261_263_266_267_269_273_275_276_277_278_280_281_283_285_286_287_288_289_290_292_293_294_295_296_297_298  1.86e+09  1.50e+09  -6658.35 228375.70  14414.32    666.43     86.39     91.67  -3408.42   1077.01      0.00 0
101683 5626.0    14_19_27_30_31_36_39_42_43_46_47_51_56_57_61_64_65_68_73_77_80_81_84_87_90_92_93_97_101_104_105_108_109_112_115_118_119_122_123_127_130_131_135_138_139_142_144_150_153_160_163_186  1.23e+10  1.04e+10  48039.89   8194.35  11889.02    728.02     76.29      9.68  -4305.13   2342.11      0.00 0
101684 5626.0    9_13_17_21_25_28_29_33_35_38_40_41_44_45_49_53_55_59_63_67_71_72_75_79_83_86_89_95_99_107_114_121_125_133_134_143_146_154_164_165_170_178_187_193_194_208_215_221_222_236_239  5.13e+09  4.30e+09  35651.93   6164.57  10971.92    698.68     73.13      9.81   5084.57   -837.12      0.00 0
101685 5626.0    0_1_2_3_4_5_6_7_8_9_10_11_12_13_14_15_16_17_18_19_20_21_22_23_24_25_26_27_28_29_30_31_32_33_34_35_36_37_38_39_40_41_42_43_44_45_46_47_48_49_50_51_52_53_54_55_56_57_58_59_60_61_62_63_64_65_66_67_68_69_70_71_72_73_74_75_76_77_78_79_80_81_82_83_84_85_86_87_88_89_90_91_92_93_94_95_96_97_98_99_100_101_102_103_104_105_106_107_108_109_110_111_112_113_114_115_116_117_118_119_120_121_122_123_124_125_126_127_128_129_131_132_133_134_135_136_137_138_139_140_141_143_144_145_146_147_148_150_151_152_154_155_158_160_161_162_164_165_166_168_170_171_173_175_176_178_179_185_187_188_193_194_197_199_202_203_208_209_212_215_216_218_221_222_224_228_229_232_233_236_239_240_241_244_245_247_248_251_256_262_265_268_282  8.32e+09  6.90e+09 179236.12 -56650.54  14959.09    685.54     85.45    342.46  -2169.11    293.13      0.00 0
101686 5626.0    0_1_2_3_4_5_6_7_8_9_10_11_12_13_14_15_16_17_18_19_20_21_22_23_24_25_26_27_28_29_30_31_32_33_34_35_36_37_38_39_40_41_42_43_44_45_46_47_48_49_50_51_52_53_54_55_56_57_58_59_60_61_62_63_64_65_66_67_68_69_70_71_72_73_74_75_76_77_78_79_80_81_82_83_84_85_86_88_89_90_91_94_95_96_98_99_100_102_103_104_106_107_108_110_111_112_113_114_116_117_120_121_122_124_125_126_128_129_132_133_134_136_137_138_140_141_142_143_145_146_147_148_151_152_153_154_155_157_158_161_162_163_164_165_167_168_170_172_173_174_175_176_177_178_179_181_182_184_185_186_187_188_190_191_193_194_196_197_198_199_200_202_203_205_206_208_209_210_211_212_213_214_215_216_217_218_219_220_221_222_223_224_226_227_228_229_230_231_232_233_234_236_237_238_239_240_242_246_247_249_250_252_254_257_260_263_266_269_273_276_278_280_283_285_290_292  5.75e+09  4.74e+09 -169636.30 -127505.48  14467.20    701.69     86.10    216.93  -4097.80  -6306.34      0.00 0
101687 5626.0    235_238_241_243_244_251_253_255_256_258_259_261_264_267_270_271_274_277_281  6.76e+09  5.70e+09 -19549.70 -13067.62   9291.25    718.10     68.44    213.76   3527.51  -8438.82      0.00 0
101688 5626.0    0_1_2_3_4_5_6_7_8_9_10_12_13_14_16_17_18_20_21_22_25_26_28_29_30_33_34_35_36_38_40_41_42_44_45_46_49_50_53_54_55_56_59_60_63_64_66_67_68_71_72_75_76_78_79_80_83_84_86_88_89_90_91_95_96_99_100_102_103_104_107_108_111_112_114_116_117_118_121_122_125_126_128_129_130_133_134_137_138_141_142_143_146_147_148_152_153_154_155_157_158_159_162_163_165_167_168_169_173_174_177_179_181_182_185_186_190_191_192_197_199_200_205_206_212_213_214_220_224_226_227_230_231_235_237_238_243_246_249_250_252_253_258_260_261_264_266_267_269_270_274_275_276_277_280_281_283_284_286_287_288_289_290_291_293_294_295_296_297_298  8.71e+10  7.58e+10 -18874.63 -94031.16  13803.30    778.04     81.81    258.65    483.76  -9176.69      0.00 0
101689 5626.0    148_157_158_167_168_172_173_181_182_190_191_196_197_198_199_200_205_206_211_212_213_214_217_219_220_223_224_226_227_230_231_234_235_237_238_241_242_243_244_246_249_250_251_252_253_254_255_256_257_258_259_260_261_263_264_265_266_267_268_269_270_271_272_273_274_275_276_277_278_279_280_281_282_283_284_285  3.02e+10  2.58e+10  84936.72  -1304.63  13697.51    742.00     80.84    359.12  -2836.01  -7939.37      0.00 0
101690 5626.0    6_7_10_14_15_19_22_27_30_31_34_36_39_42_43_46_47_51_54_56_57_60_61_64_65_68_69_73_76_77_80_81_84_87_90_92_93_96_97_101_104_105_108_109_112_113_115_118_119_122_123_126_127_130_131_135_138_139_142_144_147_149_150_153_155_156_159_160_163_166_169_171_174_177_179_180_183_186_188_189_192_195_201_207_210_216_240  1.91e+10  1.61e+10 -96587.06 -16579.34  14296.61    712.23     81.70    189.74   6155.64   4846.34      0.00 0
101691 5626.0    0_1_2_3_5_8_9_11_13_15_16_17_20_21_23_24_28_29_31_32_33_35_37_40_41_44_45_47_48_52_53_55_57_58_59_62_63_66_67_69_70_73_74_78_79_82_83_85_88_89_91_95_97_98_103_107_111_113_121_123_131_137_141_152_162  3.47e+10  3.00e+10 -27095.88  15687.98  10173.15    742.22     72.00    149.93   -493.26  -1304.12      0.00 0
101692 5626.0    2_5_8_9_11_13_16_20_23_24_28_29_32_35_37_40_47_48_52_58_69_70_73_74_85_97_113  2.82e+10  2.45e+10  16103.18  -6339.96   8000.29    763.08     65.19    338.51  -1817.31   -395.06      0.00 0
101693 5626.0    52_62_66_82_88_102_106_110_128_136_140_161_167_172_190_196_198_211_213_219_223_234_237_242_254_257_263_273_278_285  2.04e+10  1.75e+10   8244.51  28904.29  10185.47    715.37     71.28     74.08  -2934.17  -6290.58      0.00 0
101694 5626.0    39_47_51_57_61_65_69_70_73_77_81_85_87_92_93_97_98_101_105_109_113_115_118_119_123_124_127_131_132_135_139_144_145_149_150_156_159_160_166_171_175_180_183_189_192_195_201_204_207_225  3.39e+10  2.92e+10  38196.43  59634.34  13227.69    725.82     79.42     57.36  -2563.28   4425.96      0.00 0
101696 5626.0    62_66_78_79_82_88_91_94_102_103_106_110_111_116_117_120_124_128_129_136_140_141_145_148_151_157_158_168_173  6.61e+09  5.60e+09 -26368.81  10159.02  10206.98    676.33     70.14    158.93   -741.58  -3659.85      0.00 0
101697 5626.0    0_1_2_6_7_8_10_11_14_15_16_19_20_22_23_24_27_30_31_32_36_37_39_42_43_46_47_48_51_52_56_57_58_61_62_64_65_68_69_70_73_74_77_80_81_82_85_87_90_92_93_94_97_98_101_104_105_106_109_112_113_115_118_119_120_123_124_127_130_131_132_135_136_139_142_144_145_149_150_151_156_159_160_161_166_169_171_174_175_180_183_184_189_192_195_198_201_204_207_217_223_225  1.32e+10  1.10e+10 -110870.95 -155665.09  14738.85    709.15     85.59    234.54  -2909.28   4081.85      0.00 0
101698 5626.0    4_6_7_10_12_14_18_19_22_26_27_30_34_36_38_39_42_43_46_50_54_56_60_61_64_65_68_71_72_76_77_80_84_86_87_90_96_100_108_114_126_133_134_143_164_165_170  1.51e+09  1.24e+09  28419.12  -9053.30  10591.35    648.35     70.45    342.33   2618.27   1001.43      0.00 0
101699 5626.0    0_1_2_3_4_5_6_7_8_9_10_11_12_13_14_15_16_17_18_19_20_21_22_23_24_25_26_27_28_29_30_31_32_33_34_35_36_37_38_39_40_41_42_43_44_45_46_47_48_49_50_51_52_53_54_55_56_57_58_59_60_61_62_63_64_66_67_68_69_70_71_72_73_74_75_76_78_79_81_82_83_84_85_86_88_89_93_94_95_96_97_98_99_100_106_107_108_113_114_120_121_122_124_125_126_131_132_133_134_143_145_146_147_154_155_164_165_170_178_179_187_188_193_194_208_209_210_215_216_221_222_232_236_239_240  9.33e+10  8.13e+10  74170.86   6124.02  13149.62    763.33     79.98      4.72   5893.34     94.27      0.00 0
