#event_number primary_type du_ids energy_primary em_energy Xmax_pos(x, y, z), Xmax_grams zenith azimuth shower_core_pos_x shower_core_pos_y shower_core_pos_z, N_tested_cores, units are degrees, GeV and meters
101900 5626.0    102_116_128_140_157_167_172_181_190_196_205_213_219_226_230_237_242_249_252_257_260_263_266_269_273_276_280_283_285_288_290_292_294_296  2.00e+09  1.65e+09  -8663.10 -42315.80  11557.50    710.00     75.02    258.43  -2601.50 -10632.66      0.00 0
101901 5626.0    3_5_8_9_12_13_17_20_21_25_26_28_29_33_35_38_40_41_44_45_49_50_52_53_55_59_60_62_63_66_67_71_72_75_76_78_79_82_83_86_88_89_91_95_96_99_100_102_103_106_107_110_111_114_116_117_121_125_126_128_129_133_134_136_137_140_141_143_146_147_148_151_152_154_155_157_158_161_162_164_165_167_168_170_172_173_176_178_179_181_182_184_185_187_188_190_191_193_194_196_197_198_199_200_202_203_205_206_208_209_210_211_212_213_214_215_216_217_218_219_220_221_222_223_224_226_227_228_229_230_231_232_233_234_235_236_237_238_239_240_241_242_243_245_246_247_248_249_250_252_253_254_257_260_261_263_266_269_273_276_278_280_283_285_290_292  1.95e+10  1.65e+10 116337.97  78382.34  14521.22    770.32     84.09     33.97   5470.52  -1546.40      0.00 0
101902 5626.0    0_1_2_3_4_5_6_7_8_9_10_11_12_13_14_15_16_17_18_19_20_21_22_23_24_25_26_27_28_29_30_31_32_33_34_35_36_37_38_39_40_41_42_43_44_45_46_47_48_50_52_53_54_55_56_58_60_62_64_66_67_68_70_74_78_79_80_82_84_88_90_91_94_102_106_108_110_112_116_120_124_128_136_140_145_151_157_161_167_172_175_184_190_196_198_211_213_217_219_223_234_237_242_254_257_263_273_278_285  6.61e+09  5.58e+09  33876.07  51965.79  12857.61    712.93     78.29     56.90  -4319.73  -6685.23      0.00 0
101903 5626.0    39_51_61_65_81_87_105_109_127_135_139_150_160_166_171_195  9.77e+10  8.64e+10  12025.97 -20448.68   9068.36    762.34     69.08    300.46  -3287.46   4925.27      0.00 0
101904 5626.0    0_1_2_5_6_7_8_10_11_14_15_16_19_20_23_24_27_28_30_31_32_36_37_39_40_43_44_46_47_48_51_52_56_57_58_61_62_65_66_68_69_70_73_74_77_80_81_82_85_87_88_92_93_94_97_98_101_102_104_105_106_109_110_113_115_118_119_120_123_124_127_128_130_131_132_135_136_139_140_144_145_149_150_151_156_159_160_161_166_167_169_171_172_175_180_183_184_189_192_195_196_198_201_204_207_211_217_219_223_225_234_242_254_257_263_273_278_285  3.80e+10  3.26e+10 -41478.34 -117261.32  14633.44    734.70     83.29    250.52  -4377.10  -1671.20      0.00 0
101905 5626.0    0_1_2_3_4_5_6_7_8_9_10_11_12_13_14_15_16_17_18_19_20_21_22_23_24_25_26_27_28_29_30_31_32_33_34_35_36_37_38_39_40_41_42_43_44_45_46_47_48_49_50_51_52_53_54_55_56_57_58_59_60_62_63_64_66_67_68_69_70_71_72_73_74_75_76_77_78_79_80_82_83_84_85_86_88_89_90_91_94_95_96_98_99_100_102_103_104_106_107_108_110_111_112_113_114_116_117_120_121_122_124_125_126_128_132_133_134_136_138_140_142_143_145_147_151_153_155_157_161_163_164_165_167_170_172_175_177_179_184_186_188_190_194_196_198_208_210_211_216_217_219_222_223_234_240_254  5.25e+09  4.37e+09  82005.10  55105.14  14325.30    711.10     81.75     33.90  -2624.38  -2800.17      0.00 0
101906 5626.0    200_205_206_213_214_219_226_227_230_231_234_237_238_242_246_249_250_252_254_257_263_266_269_273_278  4.57e+10  3.96e+10  28878.26   5487.93   9961.13    739.36     71.28     10.76  -1860.52  -8017.04      0.00 0
101907 5626.0    0_1_2_3_4_5_6_7_8_9_10_11_12_13_14_15_16_17_18_19_20_21_22_23_24_25_26_27_28_29_30_31_32_33_34_35_36_37_38_39_40_41_42_43_44_45_46_47_48_49_50_51_52_53_54_55_56_57_58_59_60_61_62_63_64_65_66_67_68_69_70_71_72_73_74_75_76_77_78_79_80_81_82_83_84_85_86_87_88_89_90_91_92_93_95_96_97_99_100_101_102_103_104_105_107_108_109_111_112_114_115_116_117_118_119_121_122_125_126_127_129_130_133_134_135_137_138_139_141_142_143_146_147_148_149_150_152_153_154_155_156_157_158_159_160_162_163_164_165_166_168_169_170_171_173_174_176_177_178_179_180_181_182_183_185_186_187_188_189_191_192_193_194_195_197_199_200_201_202_203_204_206_207_208_209_210_212_214_215_216_218_220_221_222_224_225_227_228_229_231_232_233_235_236_238_239_241_243_244_245_247_248_250_251_253_255_256_258_259_262_264_265_267_268_270_271_272_274_277_279_281_282_284_289_291  2.63e+09  2.13e+09 -86375.91 213787.84  13779.62    740.99     86.58    112.00   1824.56   2241.29      0.00 0
101908 5626.0    0_1_2_3_4_5_6_7_8_9_10_11_13_14_15_16_19_20_23_24_27_28_29_30_31_32_35_36_37_39_40_43_44_45_46_47_48_51_52_55_56_57_58_61_62_65_66_69_73_77_78_79_80_81_82_87_88_91_92_101_102_105_109_115_127_139_149_156_166_180_189_195_204  9.33e+10  8.18e+10  -2809.49  32242.25  10161.01    765.19     72.57     94.98   -933.94   1688.04      0.00 0
101909 5626.0    0_1_2_3_4_5_6_7_8_9_10_11_12_13_14_15_16_17_18_19_20_21_22_23_24_25_26_27_28_29_30_31_32_33_34_35_36_37_38_39_40_42_43_44_46_47_48_50_51_52_54_55_56_57_58_60_61_62_64_65_66_68_69_70_72_73_74_76_77_78_80_81_82_84_85_87_88_90_92_93_94_96_97_98_101_102_104_105_106_108_109_110_112_113_115_118_119_120_122_123_124_127_130_131_132_136_138_140_142_145_147_149_151_153_156_159_161_163_169_172_174_175_177_183_184_186_192_198_207_217_223  2.19e+10  1.87e+10  56847.26  60620.93  13445.26    771.08     80.81     46.84   -722.10   1227.05      0.00 0
101910 5626.0    0_1_2_3_5_8_9_11_13_15_16_17_20_21_23_24_28_29_31_32_33_35_37_40_41_44_45_47_48_52_53_55_57_58_62_63_66_67_69_70_73_74_78_79_82_83_85_88_89_91_93_94_97_98_102_103_106_107_110_111_113_116_117_119_120_121_123_124_128_129_131_132_136_137_140_141_144_145_148_151_152_157_158_162_167_168_173_181_182_185_191_197_199_200_203_206_212_214_218_220_224_231_233_235_238_241_243_244_251_253_255_256_258_259_264_265_268_271_272_274_279_282  4.17e+09  3.44e+09 -63843.62  53952.05  14032.71    686.00     80.47    139.80   4112.82  -6783.16      0.00 0
101911 5626.0    94_98_106_110_113_120_124_128_131_132_136_140_145_151_157_161_167_172_175_181_184_190_196_198_205_211_213_217_219_223_226_230_234_237_242_246_249_252_254_257_260_261_263_266_269_273_275_276_277_280_283_285_286_287_288_290_292_293_294_295_296_297_298  4.79e+09  3.98e+09 -23927.10  57793.66  13158.74    673.24     78.12    112.49  -2526.17  -7540.19      0.00 0
101912 5626.0    0_1_2_3_4_5_6_7_8_9_10_11_12_13_14_15_16_17_18_19_20_21_22_23_24_25_26_27_28_29_30_31_32_33_34_35_36_37_38_39_40_41_42_43_44_45_46_47_48_49_50_51_52_53_54_55_56_57_58_59_60_61_62_63_64_65_66_67_68_69_70_71_72_73_74_75_76_77_78_79_80_81_82_83_84_85_86_87_88_89_90_91_92_93_94_95_96_97_98_99_100_101_102_103_104_105_106_107_108_109_110_111_112_113_114_115_116_117_118_119_120_121_122_123_124_125_126_127_128_129_130_131_132_133_134_135_136_137_138_139_140_141_142_143_145_146_147_148_149_151_152_153_154_155_156_157_158_159_161_162_163_164_165_166_167_168_169_170_172_173_174_175_176_177_178_179_180_181_182_183_184_185_186_187_188_189_190_191_192_193_194_196_197_198_199_200_201_202_203_205_206_207_208_209_210_211_212_213_214_215_216_217_218_219_220_221_222_223_224_226_227_229_230_231_232_234_235_236_237_238_239_240_242_246_249_250_252_253_254_257_260_261_263_266_267_269_273_275_276_277_278_280_283_285_286_287_288_290_292_294_296  1.05e+09  8.25e+08 189533.72 230742.16  12097.62    680.20     87.68     50.60   -579.14  -2737.80      0.00 0
101913 5626.0    0_1_2_3_4_5_6_7_8_9_10_11_12_13_14_15_16_17_18_19_20_21_22_23_24_25_26_27_28_29_30_31_32_33_34_35_36_37_38_39_40_41_42_43_44_45_46_47_48_49_50_51_52_53_54_55_56_57_58_59_60_61_62_63_64_65_66_67_68_69_70_71_72_73_74_75_76_77_78_79_80_81_82_83_84_85_86_87_88_89_90_91_92_93_94_95_96_97_98_99_100_101_102_103_104_105_106_107_108_109_110_111_112_113_114_115_116_117_118_119_120_121_122_123_124_125_126_127_128_129_130_131_132_133_134_135_136_137_138_139_141_142_143_144_146_148_149_150_152_154_156_157_158_159_160_162_164_165_166_168_170_171_173_176_178_180_181_182_183_185_187_189_191_193_195_197_199_200_201_202_203_204_206_209_212_214_215_218_220_224_225_228_229_231_232_233_235_238_239_241_243_244_245_247_248_251_253_255_256_258_259_262_264_265_268_270_271_272_274_279_282_284  1.15e+09  9.04e+08 -124655.61 141195.19  15253.41    648.64     85.37    131.44   3031.33  -3283.42      0.00 0
101914 5626.0    0_1_2_3_4_5_6_7_8_9_10_11_13_14_15_16_17_19_20_21_23_24_27_28_29_30_31_32_35_36_37_39_40_41_43_44_45_46_47_48_51_52_55_56_57_58_61_62_65_66_67_69_70_73_74_77_78_79_80_81_82_85_87_88_91_92_93_94_97_98_101_102_103_105_106_109_110_115_116_117_119_120_127_128_135_136_139_140_148_149_156_157_158_166_167_171_172_180_181_182_189_190_195_196_200_204_205_213_219_225_226_227_230_237_246_249_252_260_261_266_269_275_276_280_286_288_294  3.89e+10  3.37e+10  -1826.77  52574.79  12009.85    753.48     77.14     91.99  -1279.55  -1786.80      0.00 0
101915 5626.0    155_165_170_177_179_188_193_194_208_210_216  2.24e+09  1.86e+09   2976.90 -19318.81   8879.17    681.08     65.57    278.76   5923.85   1626.16      0.00 0
101916 5626.0    200_205_206_213_214_226_227_230_231_238_243_246_249_250_253_258_261_264_267_270_271_274_279_281_284  4.90e+10  4.25e+10  32050.09 -12832.10  10548.30    739.21     73.01    338.18   3205.79  -9193.49      0.00 0
101917 5626.0    2_5_8_9_11_13_16_17_20_21_23_24_28_29_32_33_35_37_40_41_44_45_48_52_53_55_58_59_62_63_66_67_69_70_74_78_79_82_83_85_88_89_91_94_95_98_102_103_106_107_110_111_113_116_117_120_121_124_129_131_132_136_137_141_145_146_152_162_176_185_202_203  1.82e+09  1.49e+09  45353.87 -14230.42  12257.72    658.80     75.54    342.58  -1428.06  -1875.47      0.00 0
101918 5626.0    111_129_141_158_168_173_191_197_206_212_214_220_231_235_238_243_250_253_258_264_267_270_274_279_281_284_289_291  1.62e+09  1.32e+09   7499.26 -38580.33  11544.98    658.94     73.63    281.00   3015.37  -9787.13      0.00 0
101919 5626.0    0_1_2_3_4_5_6_7_8_9_10_11_12_13_14_15_16_17_18_19_20_21_22_23_24_25_26_27_28_29_30_31_32_33_34_35_36_37_38_39_40_41_42_43_44_45_46_47_48_49_50_51_52_53_54_55_56_57_58_59_60_61_62_63_64_65_66_67_68_69_70_71_72_73_74_75_76_77_78_79_80_81_82_83_84_85_86_87_88_89_90_91_92_93_94_95_96_97_98_99_100_101_103_104_105_106_107_108_109_111_112_113_114_115_118_119_120_121_122_123_124_125_126_127_130_131_132_133_134_135_137_138_139_142_143_144_145_146_147_149_150_152_153_154_155_156_159_160_163_164_165_166_169_170_171_174_176_177_178_179_180_183_186_187_188_189_192_193_194_195_201_202_204_207_208_209_210_215_216_221_222_229_232_236_239_240_245_247  1.20e+09  9.55e+08 -242689.39  24651.49  13937.23    677.76     86.73    174.20   2996.91   1772.67      0.00 0
101920 5626.0    168_173_182_191_197_199_200_206_212_214_218_220_224_226_227_231_238_246_249  5.13e+09  4.31e+09  21014.77  12260.37   9667.23    676.62     68.33     30.26   1990.65  -6607.84      0.00 0
101921 5626.0    0_1_2_3_4_5_6_7_8_9_10_11_12_13_14_15_16_17_18_19_20_21_22_23_24_25_26_27_28_29_30_31_32_33_34_35_36_37_38_40_41_42_44_45_46_47_48_49_50_52_53_54_55_58_59_60_62_63_64_66_67_68_69_70_71_72_74_75_76_78_79_82_83_84_85_86_88_89_90_91_94_95_96_98_99_100_102_103_106_107_108_110_111_114_116_117_120_121_122_124_125_126_128_129_132_133_134_136_137_140_141_143_145_146_147_148_151_152_153_154_155_157_158_161_162_164_165_167_168_170_172_175_176_177_178_179_181_182_184_187_188_190_193_194_196_198_208_209_210_211_213_215_216_217_219_221_222_223_234_236_239_240_242_254  6.46e+10  5.59e+10 -102536.25 -52019.61  14300.77    764.33     82.91    206.90   -791.47  -2623.96      0.00 0
101922 5626.0    0_1_2_3_4_5_6_7_8_9_10_11_12_13_14_15_16_17_18_19_20_21_22_23_24_25_26_27_28_29_30_31_32_33_34_35_36_37_38_39_40_41_42_43_44_45_46_47_48_49_50_51_52_53_54_55_56_57_58_59_60_61_62_63_64_65_66_67_68_69_70_71_72_73_74_75_76_77_78_79_80_81_82_83_84_85_86_87_88_89_90_91_92_93_94_95_96_97_98_99_100_101_102_103_104_105_106_107_108_109_110_111_112_113_114_115_116_117_118_119_120_121_122_123_124_125_126_127_128_129_130_131_132_134_135_136_137_138_139_140_141_142_144_145_147_148_149_150_151_153_155_156_157_158_159_160_161_163_166_167_168_169_171_172_174_175_177_179_180_181_182_183_184_186_189_190_191_192_195_196_198_200_201_204_205_206_207_211_213_217_219_223_225_226_227_230_234_237_242_246_249_250_252_254_257_260_261_263_266_269_273_275_276_278_280_283_285_286_288_290_292_294_296  5.50e+10  4.72e+10  82239.75 200620.98  13869.32    770.14     86.34     67.71    771.10   4489.58      0.00 0
101923 5626.0    43_56_61_65_68_77_80_87_90_92_101_104_105_108_109_112_115_118_119_122_127_130_135_138_139_142_144_149_150_153_156_159_160_163_166_169_171_174_177_180_183_186_189_192_195  3.24e+09  2.67e+09  52740.20   6653.28  12703.30    654.47     76.56      7.19    648.83   4330.30      0.00 0
101924 5626.0    53_59_63_67_75_79_83_86_89_91_95_99_103_107_111_114_116_117_121_125_129_137_141_148_157_158_168_181_182_190_191_200_205_206_213_226_227_230_246_249_252_266  5.50e+10  4.78e+10  17691.76  28423.00  10344.38    754.75     72.83     58.10   1039.20  -4776.89      0.00 0
101925 5626.0    53_59_63_67_75_79_83_86_89_91_95_99_103_107_111_114_116_117_121_125_128_129_133_134_137_141_143_146_148_152_154_155_157_158_162_164_165_167_168_170_173_176_178_181_182_185_187_188_190_191_193_194_196_197_199_200_202_203_205_206_208_209_210_212_213_214_215_216_218_219_220_221_222_224_226_227_228_229_230_231_232_233_234_235_236_237_238_239_240_241_242_243_244_245_246_247_248_249_250_251_252_253_254_255_256_257_258_259_260_261_262_263_264_265_266_267_268_269_270_271_272_273_274_275_276_277_278_279_280_281_282_283_284_285_286_287_288_289_290_291_292_293_294_295_296_297_298  5.89e+10  5.10e+10 -200723.73 -195331.69  12130.57    764.38     87.52    224.22   4928.90  -6693.97      0.00 0
101926 5626.0    95_99_100_107_111_114_121_125_126_133_134_137_141_143_146_147_152_154_155_162_164_165_168_170_173_176_177_178_179_185_187_188_191_193_194_197_199_202_203_208_209_210_212_214_215_216_218_220_221_222_224_231_235_238_240_243_253_258  2.82e+09  2.31e+09 -18954.82 -49846.49  12547.43    678.32     76.76    249.18   5334.36   -322.03      0.00 0
101927 5626.0    0_1_2_3_4_5_6_7_8_9_10_11_12_13_14_15_16_17_18_19_20_21_22_23_24_25_26_27_28_29_30_31_32_33_34_35_36_37_38_39_40_41_42_43_44_45_46_47_48_49_50_51_52_53_54_55_56_57_58_59_60_61_62_63_64_65_66_67_68_69_70_71_72_73_74_75_76_77_78_79_80_81_82_83_84_85_86_87_88_89_90_91_92_93_94_95_96_97_98_99_100_101_102_103_104_105_106_107_108_109_110_111_112_113_114_115_116_117_118_119_120_121_122_123_124_125_126_127_128_129_130_131_132_133_134_135_136_137_138_139_140_141_142_143_144_145_146_147_148_149_150_151_152_153_154_155_156_157_158_159_160_161_162_163_164_165_166_167_168_169_170_171_172_173_174_175_176_178_180_181_182_183_184_185_187_189_190_191_192_193_195_196_197_198_199_200_201_202_203_204_205_206_207_209_211_212_213_214_215_217_218_219_220_223_224_225_226_227_228_229_230_231_233_234_235_237_238_241_242_243_244_245_246_248_249_250_251_252_253_255_256_257_258_259_260_261_262_264_265_266_267_268_269_270_271_272_273_274_275_276_277_279_280_281_282_283_284_286_287_288_289_290_291_293_294_295_296_297_298  4.47e+10  3.86e+10 -112258.33 267705.75  11405.52    812.83     87.75    112.75   3676.39 -10248.38      0.00 0
101928 5626.0    41_45_63_67_79_83_89_95_103_107_111_121_137_141_146_152_162_176_178_185_199_202_203_218_228_229_233_241_245_247_248_251_262_265  1.07e+09  8.68e+08  34712.40 -13102.88  11159.69    684.17     73.26    339.32   6008.52  -4415.57      0.00 0
101929 5626.0    205_213_219_226_227_230_237_246_249_250_252_260_261_267_275_277_281_289_291  5.62e+10  4.93e+10 -16316.94  14512.34   8929.27    736.04     67.76    138.35   -127.41  -8873.09      0.00 0
101930 5626.0    167_172_181_190_196_198_200_205_206_211_213_219_226_227_230_231_246_250  2.63e+10  2.27e+10  17936.04 -12699.42   8847.96    754.34     68.07    324.70  -1045.95  -6854.25      0.00 0
101931 5626.0    0_1_2_3_4_5_6_7_8_9_10_11_12_13_14_15_16_17_18_19_20_21_22_23_24_25_26_27_28_29_30_31_32_33_34_35_36_37_38_39_40_41_42_43_44_45_46_47_48_49_50_51_52_53_54_55_56_57_58_59_60_61_62_63_64_65_66_67_68_69_70_71_72_73_74_75_76_77_78_79_80_81_82_83_84_85_86_87_88_89_90_91_92_93_94_95_96_97_98_99_100_101_102_103_104_105_107_108_109_111_112_113_114_115_116_117_118_119_121_122_123_125_126_127_129_130_131_133_134_135_137_138_139_141_142_143_144_146_147_148_149_150_152_153_154_155_156_158_159_160_162_163_164_165_166_168_169_170_171_173_174_176_177_178_179_180_182_183_185_186_187_188_189_191_192_193_194_195_197_199_201_202_203_204_206_207_208_209_210_212_214_215_216_218_220_221_222_224_225_228_229_231_232_233_235_236_238_239_241_243_244_245_247_248_251_253_255_256_258_259_262_264_265_268_270_271_272_274_279_282_284  1.07e+09  8.47e+08 120266.47 -181015.56  14777.71    651.33     86.11    303.60   4781.62  -4101.84      0.00 0
101932 5626.0    191_197_199_200_203_205_206_212_214_218_220_224_226_227_228_230_231_233_235_237_238_241_243_244_245_246_247_248_249_250_251_252_253_255_256_257_258_259_260_261_262_263_264_265_266_267_268_269_270_271_272_273_274_275_276_277_278_279_280_281_282_283_284_285_286_287_288_289_290_291_292_293_294_295_296_297  7.59e+09  6.34e+09 -75886.19 -33012.00  14056.51    678.42     80.36    203.51    727.96  -9410.08      0.00 0
101933 5626.0    273_278_280_283_285_288_290_292_294_296_297  1.23e+09  1.00e+09  17151.27 -15179.50   9281.64    704.35     67.94    318.49  -3187.53 -11075.57      0.00 0
101934 5626.0    161_167_172_184_190_196_198_205_211_213_219_223_226_230_234_237_242_246_249_252_257_260_261_266_269_275_276_277_280_286_287_289_293_295  7.41e+09  6.31e+09 -17734.13  25977.78  10426.73    703.22     71.66    124.32  -1598.79  -8238.23      0.00 0
101935 5626.0    176_185_199_203_218_224_233_241_244_251_255_256_259_268_271_272  5.37e+10  4.70e+10   9772.63 -26820.96   9851.44    740.03     70.96    290.02   6169.45  -7864.80      0.00 0
101936 5626.0    0_1_2_3_4_5_6_7_9_10_12_13_14_17_18_19_21_22_25_26_27_29_30_33_34_36_38_39_41_42_43_45_46_49_50_53_54_56_59_60_61_63_64_65_67_68_71_72_75_76_77_80_83_84_86_87_89_90_92_95_96_99_100_101_104_107_108_109_111_112_114_115_118_121_122_125_126_127_130_133_134_137_138_139_141_142_143_146_147_149_152_153_154_155_156_159_162_163_164_165_166_169_170_171_173_174_176_177_178_179_180_183_185_186_187_188_189_192_193_194_195_197_199_201_202_203_204_207_208_209_210_212_215_216_218_220_221_222_224_225_228_229_232_233_235_236_239_240_241_243_244_245_247_248_251_255_256_259_262_264_265_268_271_272_279_282  8.13e+10  7.08e+10 -81932.69 155794.42  14348.20    785.53     85.34    117.74   5916.72  -2296.21      0.00 0
101937 5626.0    11_16_20_23_24_28_31_32_37_40_44_47_48_51_52_57_58_62_66_69_70_73_74_78_81_82_85_88_91_93_94_97_98_102_105_106_110_113_116_119_120_123_124_128_131_132_135_136_140_144_148_150_157_160_167_181_182_190_200_205  6.31e+10  5.48e+10 -16196.93  41844.79  11570.79    730.23     75.54    111.16  -3095.68    104.40      0.00 0
101938 5626.0    0_1_2_3_4_5_6_7_8_9_10_11_12_13_14_15_16_17_18_19_20_21_22_23_24_25_26_27_28_29_30_31_32_33_34_35_36_37_38_39_40_41_42_43_44_45_46_47_48_49_50_51_52_53_54_55_56_57_58_59_60_61_62_63_64_65_66_67_68_69_70_71_72_73_74_75_76_77_78_79_80_81_82_83_84_85_86_87_88_89_90_91_93_94_95_96_97_98_99_100_102_103_105_106_107_108_110_111_112_113_114_116_117_119_120_121_122_123_124_125_126_128_129_131_132_133_134_136_137_138_140_141_143_144_145_146_147_148_151_152_153_154_155_157_158_161_162_164_165_167_168_170_172_173_175_176_177_178_179_181_182_184_185_187_188_190_191_193_194_196_197_198_199_202_203_208_209_210_211_212_215_216_217_218_221_222_223_224_228_229_232_233_236_239_240_245_247_248_262  8.13e+10  7.03e+10 182020.69   8583.87  14437.26    764.33     85.47      2.70    226.76  -1425.14      0.00 0
101939 5626.0    0_3_4_5_6_9_10_12_13_14_17_18_21_22_25_26_28_29_30_33_34_35_38_41_42_44_45_46_49_50_53_54_55_59_60_63_64_67_68_71_72_75_76_78_79_80_83_84_86_89_90_91_95_96_99_100_103_104_107_108_111_112_114_116_117_121_122_125_126_129_130_133_134_137_138_141_142_143_146_147_148_152_153_154_155_157_158_159_162_163_164_165_168_169_173_174_176_177_179_181_182_185_186_191_192_197_199_200_205_206_212_214_220_224_226_227_231_235_238_243_246_249_250_253_258_260_261_264_266_267_270_274_275_276_277_281_284_286_287_288_289_291_293_294_295_297_298  9.55e+09  7.99e+09 -13277.53 -80551.99  13793.54    709.81     80.41    260.64   2274.78  -2819.85      0.00 0
101940 5626.0    173_182_191_197_199_200_203_205_206_212_214_218_220_224_226_227_228_229_230_231_233_235_237_238_241_242_243_244_245_246_247_248_249_250_251_252_253_255_256_257_258_259_260_261_262_263_264_265_266_267_268_269_270_271_272_273_274_275_276_277_278_279_280_281_282_283_284_285_286_287_288_289_290_291_292_293_294_295_296_297_298  6.46e+10  5.58e+10 -163820.00 -65556.49  14537.85    757.50     85.29    201.81   3206.00 -10009.43      0.00 0
101941 5626.0    211_217_219_223_234_237_242_252_254_257_263_266_269_273_276_280_283_288_290_294_296  1.91e+10  1.64e+10 -12390.33  21305.83   9382.09    730.71     69.16    120.18  -2937.04  -8846.14      0.00 0
101942 5626.0    60_71_72_76_84_86_90_96_99_100_108_112_114_122_125_126_133_134_138_142_143_146_154_155_164_165_176_178_187_202_203_209_228_229_233  3.80e+10  3.31e+10 -13746.13  27862.14  10154.77    740.56     71.90    116.26   4222.76   -240.47      0.00 0
101943 5626.0    66_78_88_91_102_103_106_110_116_117_120_124_128_129_136_140_141_145_148_151_157_158_161_162_167_168_172_173_175_181_182_190_191_197_199_206_212_214_218_220_224_235_238_241_243_244_255_256_259_268_272  1.58e+09  1.29e+09 -38851.43  17550.26  11999.23    637.86     74.28    155.69   1028.84  -5164.45      0.00 0
101944 5626.0    162_173_199_212_218_224_233_241_244_248_251_256_265_268_272_282  2.63e+09  2.21e+09 -22728.36   7790.52   9367.52    717.96     68.70    161.08   5805.00  -6101.60      0.00 0
101945 5626.0    0_1_2_3_5_8_9_11_12_13_15_16_17_20_21_23_24_25_28_29_31_32_33_35_37_40_41_44_45_47_48_49_52_53_55_58_59_62_63_66_67_69_70_73_74_75_78_79_82_83_85_88_89_91_94_95_97_98_99_102_103_106_107_110_111_113_116_117_120_121_124_125_128_129_131_132_136_137_140_141_145_146_148_151_152_154_157_158_161_162_167_168_172_173_175_176_178_181_182_184_185_187_190_191_196_197_198_199_200_202_203_205_206_209_211_212_213_214_217_218_219_220_223_224_226_227_228_229_230_231_232_233_234_235_237_238_241_242_243_244_245_246_247_248_249_250_251_253_255_256_258_259_262_264_265_267_268_270_271_272_274_279_282  1.12e+10  9.40e+09 -156883.25  49977.34  14897.53    717.60     84.83    162.33   1496.78  -4795.52      0.00 0
101946 5626.0    157_167_172_181_182_184_190_196_198_200_205_206_211_213_214_217_219_220_223_226_227_230_231_234_237_238_242_243_246_249_250_252_253_254_255_258_260_261_264_267_270_271_274_279_281_284  3.63e+10  3.14e+10 -38742.75  14879.71  11166.99    749.20     74.94    158.99   -353.02  -7486.54      0.00 0
101947 5626.0    128_136_140_148_151_157_158_161_167_172_175_181_182_184_190_191_196_197_198_200_205_206_211_213_214_217_219_220_223_226_227_230_231_234_235_237_238_242_243_244_246_249_250_252_253_254_255_257_258_259_260_261_263_264_266_267_269_270_271_272_273_274_275_276_277_278_279_280_281_283_284_285_286_287_288_289_290_291_292_293_294_295_296_297_298  4.79e+10  4.11e+10 -149655.06  66599.43  14503.96    773.67     84.94    156.01  -1131.83  -9137.82      0.00 0
101948 5626.0    121_125_133_137_146_152_154_162_164_170_173_176_178_185_187_193_194_197_199_202_203_208_209_212_214_215_218_220_221_222_224_235_238_243  1.66e+09  1.36e+09 -15576.20 -29592.95  10627.67    707.09     72.37    242.24   4911.53  -3405.96      0.00 0
101950 5626.0    95_99_114_125_133_143_154_164_170_187_193_208_221_236  3.98e+10  3.49e+10 -19519.29  -3886.17   8534.29    750.06     66.79    191.26   5740.86   -686.69      0.00 0
101951 5626.0    0_1_2_3_4_6_7_10_11_12_14_15_17_18_19_22_23_25_26_27_30_31_34_36_37_38_39_42_43_46_47_49_50_51_54_56_57_60_61_64_65_68_69_71_72_73_76_77_80_81_84_86_87_90_92_93_96_97_99_100_101_104_105_108_109_112_114_115_118_119_122_123_126_127_130_131_133_134_135_138_139_142_143_144_147_149_150_153_155_156_159_160_163_164_165_166_169_170_171_174_177_179_180_183_186_188_189_192_193_194_195_201_204_207_208_210_216_221_222_225_236_240  2.29e+10  1.95e+10 -221357.52  34584.50  14017.07    729.16     86.42    171.12   1913.87   4720.79      0.00 0
101952 5626.0    146_152_162_173_176_178_185_187_193_197_199_202_203_208_209_212_214_215_218_220_221_222_224_228_229_231_232_233_235_236_238_239_240_241_243_244_245_246_247_248_250_251_253_255_256_258_259_260_261_262_264_265_267_268_270_271_272_274_275_276_277_279_281_282_284_286_287_288_289_291_293_294_295_296_297_298  2.88e+10  2.45e+10 -109000.39 -149531.66  14628.16    733.50     85.48    233.91   5929.94  -8738.38      0.00 0
101953 5626.0    0_1_2_3_4_5_6_7_8_9_10_11_12_13_14_15_16_17_18_19_21_22_23_24_25_26_29_31_33_34_38_41_49_50_53_59_60_63_71_72_75_76_83_86_95_99_100_107_114_121_125_133_143_146_154_164_170_178_187_193_202_208_209_215_221_229_232_239_247  2.69e+10  2.32e+10  39202.98 -10563.10  11031.09    758.44     74.80    344.92   5402.67  -1454.82      0.00 0
101954 5626.0    9_13_17_21_25_28_29_33_35_38_40_41_44_45_49_53_55_59_63_66_67_71_72_75_78_79_83_86_88_89_91_95_99_100_102_103_107_110_111_114_116_117_121_125_128_133_134_140_143_148_157_161_164_165_167_170_172_188_194_196_211  9.12e+09  7.71e+09  30925.61  22510.04  11301.25    679.92     73.54     36.05   1263.10  -2227.84      0.00 0
101955 5626.0    44_55_62_66_67_78_79_88_89_91_102_103_106_107_110_111_116_117_120_128_129_136_137_140_141_145_148_151_152_157_158_161_162_167_168_172_173_175_176_181_182_184_185_191_197_199_203_212_218_220_224_228_233_235_241_244_245_248_251_256_262_265_268_282  5.01e+09  4.19e+09  46198.64 -10411.31  11992.02    695.70     75.79    347.30   2331.94  -4672.29      0.00 0
101956 5626.0    3_5_9_12_13_17_18_21_25_26_28_29_33_34_35_38_40_41_44_45_49_50_53_54_55_59_60_63_66_67_71_72_75_76_78_79_83_84_86_88_89_91_95_96_99_100_102_103_107_108_110_111_114_116_117_121_122_125_126_128_129_133_134_137_140_141_143_146_147_148_152_153_154_155_157_158_162_164_165_167_168_170_172_173_176_177_178_179_181_182_185_186_187_188_190_191_193_194_196_197_199_200_202_203_205_206_208_209_210_211_212_213_214_215_216_218_219_220_221_222_224_226_227_230_231_232_234_236_237_238_239_240_242_246_249_250_252_253_254_257_260_261_263_266_267_269_273_275_276_278_280_283_285_286_288_290_292_294_296  1.55e+10  1.32e+10 -67327.04 -85373.29  14236.94    757.04     82.54    231.74   4280.11   -818.51      0.00 0
101957 5626.0    0_3_4_5_8_9_12_13_17_18_20_21_25_26_28_29_33_34_35_38_40_41_44_45_49_50_52_53_55_59_60_62_63_66_67_71_72_75_76_78_79_82_83_86_88_89_91_95_96_99_100_102_106_110_114_126_128_133_134_136_140_143_155_161_165_188  2.88e+10  2.48e+10 -28658.18 -19148.78  10741.84    706.64     72.69    213.75   1267.61  -1208.83      0.00 0
101958 5626.0    63_67_79_83_89_91_95_99_102_103_107_111_116_117_121_125_128_129_133_137_140_141_146_148_152_154_157_158_161_162_164_167_168_170_172_173_176_178_181_182_185_187_190_191_193_196_197_198_199_200_202_203_205_206_208_209_211_212_213_214_215_217_218_219_220_221_222_223_224_226_227_228_229_230_231_232_233_234_235_236_237_238_239_241_242_243_244_245_246_247_248_249_250_251_252_253_254_255_256_257_258_259_260_261_262_263_264_265_266_267_268_269_270_271_272_273_274_275_276_277_278_279_280_281_282_283_284_285_286_287_288_290_292_294_296  1.15e+10  9.64e+09 -131023.49 -62691.61  14805.13    731.97     84.18    205.57   6382.31  -4154.56      0.00 0
101959 5626.0    0_1_2_3_4_5_6_7_8_9_10_11_12_13_14_15_16_17_18_19_20_21_22_23_24_25_26_27_28_29_30_31_32_33_34_36_37_38_39_42_43_46_47_48_49_50_51_52_53_54_56_57_58_59_60_61_64_65_68_69_70_71_72_73_74_75_76_77_80_81_84_85_86_87_90_92_93_96_97_98_99_100_101_104_105_108_109_112_113_114_115_118_119_122_123_126_130_131_132_133_134_135_138_142_143_144_147_150_153_155_163_164_165_170_177_179_186_188_193_194_208_210_216_222_236_240  8.71e+09  7.30e+09  81020.75   7287.93  13817.38    704.74     80.36      5.14   2190.31   1610.87      0.00 0
101960 5626.0    93_97_105_109_113_119_123_127_131_135_139_144_150_160_166_171_189_195  6.76e+10  5.92e+10   8114.79  27255.25   9741.92    756.64     71.09     73.42  -3166.03   4376.86      0.00 0
101961 5626.0    3_5_8_9_12_13_17_20_21_25_26_28_29_33_35_38_40_41_44_45_49_50_52_53_55_59_62_63_66_67_71_72_75_76_78_79_82_83_86_88_89_91_95_99_100_102_103_106_107_110_111_114_116_117_120_121_125_126_128_129_133_134_136_137_140_141_143_146_148_151_152_154_155_157_158_161_162_164_165_167_168_170_172_173_175_176_178_179_181_182_184_185_187_188_190_191_193_194_196_197_198_199_200_202_203_205_206_208_209_210_211_212_213_214_215_216_217_218_219_220_221_222_223_224_226_227_228_229_230_231_232_233_234_235_236_237_238_239_240_241_242_243_244_245_246_247_248_249_250_251_252_253_254_255_256_257_258_259_260_261_262_263_264_265_266_267_268_269_270_271_272_273_274_275_276_277_278_279_280_281_282_283_284_285_286_287_288_289_290_291_292_293_294_295_296_297  8.71e+09  7.21e+09 -208507.44 -117392.04  13671.25    726.79     86.73    209.38  -2674.17  -8081.87      0.00 0
101962 5626.0    86_95_99_100_107_111_114_121_125_126_129_133_134_137_141_143_146_147_152_154_155_162_164_165_168_170_173_176_177_178_179_185_187_188_191_193_194_197_199_202_203_206_208_209_210_212_214_215_216_218_220_222_224_227_228_231_233_235_238_241_243_244_246_250_253_255_256_258_259_261_264_267_270_271_274_275_277_279_281_284_286_287_289_291_293_295_297_298  2.95e+09  2.43e+09  20336.00  75525.76  13876.00    678.88     79.94     74.93   2564.26 -10264.83      0.00 0
101963 5626.0    141_152_162_168_173_176_178_185_191_197_199_202_203_206_212_214_218_220_224_226_227_231_235_238_243_246_249_250_253_258_260_261_266_267_270_275_276_277_280_281_286_287_288_289_290_293_294_296_297  1.32e+10  1.12e+10  25752.89  32433.88  11415.25    707.84     74.59     51.55   1768.42  -8002.45      0.00 0
101964 5626.0    0_1_2_3_4_5_6_7_8_9_10_11_12_13_14_15_16_17_18_19_20_21_22_23_24_25_26_27_28_29_30_31_32_33_34_35_36_37_38_39_40_41_42_43_44_45_46_47_48_49_50_51_52_53_54_55_56_57_58_59_60_61_62_63_64_65_66_67_68_69_70_71_72_73_74_75_76_77_78_79_80_81_82_83_84_85_86_87_88_89_90_91_92_93_94_95_96_97_98_99_100_101_102_103_104_106_107_108_110_111_112_113_114_116_117_118_120_121_122_124_125_126_128_129_130_132_133_134_136_137_138_140_141_142_143_145_146_147_148_151_152_153_154_155_157_158_159_161_162_163_164_165_167_168_169_170_172_173_174_175_176_177_178_179_181_182_184_185_186_187_188_190_191_193_194_196_197_198_199_200_202_203_205_206_208_209_210_211_212_213_214_215_216_217_218_219_220_221_222_223_224_226_227_228_229_230_231_232_234_236_237_238_239_240_242_246_249_250_252_254_257_260_261_263_266_269_273_276_278_280_283_285_288_290_292  7.94e+09  6.67e+09 -178996.70 -156644.58  13714.93    725.85     86.70    221.19  -3934.91  -6217.54      0.00 0
101965 5626.0    185_199_202_203_212_218_224_228_229_232_233_241_245_247_248  1.62e+10  1.39e+10  19044.90  11625.06   9105.58    718.53     67.80     31.40   6069.16  -4422.69      0.00 0
101966 5626.0    0_1_2_3_4_5_6_7_8_9_11_12_13_14_15_16_17_19_20_21_23_24_27_28_29_31_32_33_35_37_39_40_41_43_44_45_47_48_51_52_53_55_57_58_61_62_63_65_66_67_69_70_73_74_78_79_81_82_83_85_87_88_89_91_93_94_97_98_102_103_105_106_107_109_110_111_113_116_117_119_120_123_124_128_129_131_132_135_136_137_139_140_141_144_145_148_150_151_157_158_160_161_162_167_168_171_172_173_175_181_182_184_190_191_196_197_198_199_200_205_206_211_212_213_214_217_219_220_223_224_226_227_230_231_234_235_237_238_242_243_244_246_249_250_252_253_255_257_258_259_260_261_263_264_266_267_269_270_271_273_274_275_276_277_279_280_281_283_284_286_287_288_289_290_291_293_294_295_297_298  1.07e+10  9.03e+09  77727.73 -132166.39  14790.84    735.61     84.49    300.46   1092.94  -8658.92      0.00 0
101967 5626.0    250_253_258_267_270_274_279_281_284_291  1.45e+10  1.24e+10 -20941.90  14631.02   9480.41    735.59     69.64    145.06   4101.92 -10906.75      0.00 0
101968 5626.0    0_1_2_3_4_5_6_7_8_9_10_11_12_13_14_15_16_17_18_19_20_21_22_23_24_25_26_27_28_29_30_31_32_33_34_36_37_38_39_41_43_47_48_49_50_51_53_57_59_60_61_65_69_70_71_72_73_75_76_81_83_85_86_93_95_97_99_105_113_119_123_125_131_133_144  8.51e+09  7.23e+09  32347.17 -10572.68  10566.96    727.37     72.75    341.90   -836.43    419.62      0.00 0
101969 5626.0    148_157_167_172_181_182_190_191_196_197_198_200_205_206_211_212_213_214_217_219_220_223_224_226_227_230_231_234_235_237_238_241_242_243_244_246_249_250_252_253_254_255_256_257_258_259_260_261_263_264_266_267_268_269_270_271_272_273_274_278_279_282  1.10e+09  8.89e+08 -59397.25   2022.30  12925.61    680.48     77.73    178.05  -2927.71  -7428.80      0.00 0
101970 5626.0    38_50_71_72_76_86_100_114_126_134_143_155_165_188_194_216  8.91e+09  7.60e+09  17734.74   7560.85   8672.50    707.31     65.78     23.09   4519.60    936.57      0.00 0
101971 5626.0    58_70_74_82_85_88_94_98_106_110_113_120_124_128_132_136_140_145_151_157_161_167_172_184_190_196_198_205_211_213_217_219_223_230_234_237_242_249_252_254_257_260_263_266_269_273_276_278_280_283_285_286_288_290_292_294_296  1.26e+09  1.03e+09   4543.62 -47977.16  12006.64    703.31     76.01    275.41  -2695.31  -7888.74      0.00 0
101972 5626.0    0_1_2_3_4_5_6_7_9_10_11_12_14_15_17_18_19_21_22_25_26_27_30_31_33_34_36_38_39_42_43_46_49_50_51_53_54_56_57_59_60_61_64_65_68_71_72_75_76_77_80_81_83_84_86_87_90_92_93_95_96_99_100_101_104_105_107_108_109_112_114_115_118_119_121_122_125_126_127_130_133_134_135_138_139_142_143_146_147_149_150_152_154_155_156_159_160_164_165_166_170_171_176_178_180_183_187_189_193_194_195_202_203_204_208_209_215_221_228_229_232_239_245_247_248_262  2.24e+10  1.91e+10  61289.59 -50111.39  13560.87    730.11     80.28    320.73  -1232.65   3891.14      0.00 0
101973 5626.0    55_79_91_103_111_117_129_141_158_168_173_191_197_212_220_235  3.24e+10  2.82e+10  14003.94 -15460.46   8768.70    736.67     67.20    312.17   2143.00  -4888.24      0.00 0
101974 5626.0    38_49_50_59_60_71_72_75_76_84_86_95_96_99_100_114_121_125_133_146_152_176_185  5.62e+10  4.93e+10   6634.22 -19289.04   8394.97    791.43     67.63    288.98   3406.49  -1220.20      0.00 0
101975 5626.0    0_1_2_3_4_5_6_7_8_9_10_11_12_13_14_15_16_17_18_19_20_21_22_23_24_25_26_27_28_29_30_31_32_33_34_35_36_37_38_39_40_41_42_43_44_45_46_47_48_49_50_51_52_53_54_55_56_57_58_59_60_61_62_63_64_65_66_67_68_69_70_71_72_73_74_75_76_77_78_79_80_81_82_83_84_85_86_87_88_89_90_91_92_93_94_95_96_97_98_99_100_101_102_103_104_105_106_107_108_109_110_111_112_113_114_115_118_119_120_121_122_123_124_125_126_127_130_131_132_133_134_135_136_137_138_139_142_143_144_145_146_147_149_150_151_152_153_154_155_156_159_160_163_164_165_166_169_170_171_174_175_176_177_178_179_180_183_186_187_188_189_193_194_195_202_208_209_210_215_216_221_222_229_232_236_239_240_247  3.16e+09  2.61e+09 196960.42  -7050.08  14646.06    710.80     85.75    357.95   -493.59   1094.32      0.00 0
101976 5626.0    0_1_2_3_4_5_6_7_8_9_10_11_12_13_14_15_16_17_18_19_20_21_22_23_24_25_26_27_28_29_30_31_32_33_34_35_36_37_38_39_40_41_42_43_44_45_46_47_48_49_50_51_52_53_54_55_56_57_58_59_60_61_62_63_64_65_66_67_68_69_70_71_72_73_74_75_76_77_78_79_80_81_82_83_84_85_86_87_88_89_90_91_92_93_94_95_96_97_98_99_100_101_102_103_104_105_106_107_108_109_110_111_112_113_114_115_116_117_118_119_120_121_122_123_124_125_126_127_128_129_130_131_132_133_134_135_136_137_138_139_140_141_142_143_144_145_146_147_148_149_150_151_152_153_154_155_156_157_158_159_160_161_162_163_164_165_166_167_168_169_170_172_174_175_177_179_180_181_182_183_184_186_188_189_190_191_192_194_196_198_200_201_204_205_206_207_210_211_213_216_217_219_223_225_226_227_230_234_237_242_246_249_252_254_257_260_263_266_269_273_276_278_280_283_285_288_290_292  1.26e+09  1.00e+09 130632.76 183275.66  14041.67    722.94     86.43     54.52  -2437.37  -3474.96      0.00 0
101977 5626.0    0_1_2_3_4_5_6_7_8_9_10_11_13_14_15_16_19_20_23_24_27_28_29_31_32_35_36_37_39_40_43_44_45_47_48_51_52_55_56_57_58_61_62_65_66_69_70_73_74_77_78_79_81_82_87_88_91_94_101_102_106_110_116_117_128_136_140_148_157_167_172_181_182_190_196_200_205_211_213_219_226_227_230_237_242_246_249_252_257_260_266_269_273_275_276_280_283_286_288_290_294_296_297  2.82e+10  2.43e+10  -2554.18 -49229.84  11916.86    730.26     76.41    267.03  -1333.35  -5697.39      0.00 0
101978 5626.0    0_1_2_3_4_5_6_8_9_10_12_13_16_17_18_20_21_22_25_26_28_29_30_32_33_34_35_38_40_41_42_44_45_49_50_52_53_54_55_59_60_62_63_64_66_67_68_71_72_75_76_78_79_82_83_84_86_88_89_90_91_95_96_99_100_102_103_106_107_108_110_111_112_114_116_117_121_122_125_126_128_129_133_134_136_137_138_140_141_143_146_147_148_152_153_154_155_157_158_161_162_163_164_165_167_168_170_172_173_176_177_178_179_181_182_185_186_187_188_190_191_193_194_196_197_198_199_200_202_203_205_206_208_209_210_211_212_213_214_215_216_217_218_219_220_221_222_223_224_226_227_228_229_230_231_232_233_234_235_236_237_238_239_240_241_242_243_244_245_246_247_248_249_250_251_252_253_254_255_256_257_258_259_260_261_262_263_264_265_266_267_268_269_270_271_272_273_274_275_276_277_278_279_280_281_282_283_284_285_286_287_288_289_290_291_292_293_294_295_296_297_298  6.76e+09  5.60e+09 167987.92 204511.86  13175.58    696.59     87.15     50.60   6178.22   -672.88      0.00 0
101979 5626.0    0_1_2_3_4_5_6_7_8_9_10_11_12_13_14_15_16_17_18_19_20_21_22_23_24_25_26_27_28_29_30_31_32_33_34_35_36_37_38_39_40_41_42_43_44_45_46_47_48_49_50_51_52_53_54_55_56_57_58_59_60_61_62_63_64_65_66_67_68_69_70_71_72_73_74_75_76_77_78_79_80_81_82_83_84_85_86_87_88_89_90_91_92_93_94_95_96_97_98_99_100_101_102_103_104_105_106_107_108_109_110_111_112_113_114_115_116_117_118_119_120_121_122_123_124_125_126_127_128_129_130_131_132_133_134_135_136_137_138_139_140_141_142_143_144_145_146_147_148_149_150_151_152_153_154_155_157_158_159_160_161_162_163_164_165_167_168_169_170_172_173_174_175_176_177_178_179_184_185_186_187_188_190_193_194_196_198_199_202_203_208_209_210_211_215_216_217_218_221_222_223_228_229_232_233_236_239_240_245_247  2.14e+09  1.72e+09 -240488.44 -30466.04  14147.11    657.49     86.66    187.22   4780.84    247.05      0.00 0
101980 5626.0    0_1_2_3_4_5_6_7_8_9_10_11_12_13_14_15_16_17_18_19_20_21_22_23_24_25_26_27_28_29_30_31_32_33_34_35_36_37_38_39_40_41_42_43_44_45_46_47_48_49_50_51_52_53_54_55_56_57_58_60_61_62_63_64_65_66_67_68_69_70_73_74_76_77_78_79_80_81_82_84_85_87_88_90_91_92_93_94_96_97_98_101_102_103_104_105_106_108_109_110_112_113_115_116_117_118_119_120_123_124_127_128_130_131_132_135_136_138_139_140_142_144_145_148_149_150_151_156_157_159_160_161_163_166_167_169_171_172_174_175_180_181_183_184_189_190_192_195_196_198_201_204_205_207_211_213_217_219_223_225_230_234_237_242_249_252_254_257_263_266_269_273_278_280_283_285_290_292  1.45e+10  1.22e+10  45376.79 125079.08  14642.48    745.76     83.72     70.06  -1060.91   2440.44      0.00 0
101981 5626.0    0_1_2_3_4_5_6_7_8_10_11_12_14_15_16_18_19_20_22_23_24_27_30_31_32_34_36_37_39_40_42_43_46_47_48_51_52_54_56_57_58_60_61_62_64_65_68_69_70_73_74_77_80_81_82_84_85_87_90_92_93_94_97_98_101_104_105_106_108_112_113_118_120_122_123_124_130_131_132_138_142_145_151_153_163_169_174_175_186  9.12e+10  7.94e+10  45580.54  33298.87  12287.06    749.66     77.72     36.15  -4063.95  -1046.84      0.00 0
101982 5626.0    48_52_58_62_70_74_82_85_88_94_97_98_102_106_110_113_120_124_131_132  7.41e+09  6.36e+09 -11487.32  16745.44   8783.35    718.31     66.61    124.45  -2895.68  -1405.38      0.00 0
101983 5626.0    0_1_2_3_4_5_6_7_8_9_10_11_12_13_14_15_16_17_18_19_20_21_22_23_24_25_26_27_28_29_30_31_32_33_34_35_36_37_38_39_40_41_42_43_44_45_46_47_48_49_50_51_52_53_54_55_56_57_58_59_60_61_62_63_64_65_66_67_68_69_70_71_72_73_74_75_76_77_78_79_80_81_82_83_84_85_87_88_89_90_91_92_93_94_96_97_98_101_102_103_104_105_106_108_109_110_112_113_115_116_117_118_119_120_122_123_124_127_128_130_131_132_135_136_138_139_140_142_145_148_149_150_151_153_156_157_159_160_161_163_166_167_169_171_172_174_175_180_181_182_183_184_186_189_190_192_195_196_198_200_201_204_205_207_211_213_217_219_223_225_226_230_234_237_242_249_252_254_257_263_266_269_273_278_280_283_285_290_292  4.37e+09  3.57e+09 -44096.82 -121949.09  15072.95    681.97     83.37    250.12    368.49   4360.48      0.00 0
101984 5626.0    0_1_2_3_5_6_7_8_9_11_13_15_16_19_20_21_23_24_27_28_29_31_32_35_37_39_40_41_44_45_47_48_51_52_55_57_58_61_62_63_65_66_67_69_70_73_74_78_79_81_82_85_87_88_89_91_93_94_97_98_102_103_105_106_109_110_111_113_116_117_119_120_123_124_128_129_131_132_135_136_139_140_141_144_145_148_150_151_157_158_160_161_167_168_171_172_173_175_181_182_184_190_191_196_197_198_200_205_206_211_212_213_214_219_220_226_227_230_231_235_238_243_246_249_250_253_255_258_260_261_264_267_270_271_274_275_277_279_281_284_287_289_291_295  3.72e+10  3.19e+10  52679.57 -84666.20  14085.32    749.74     81.96    301.89  -3477.26     71.18      0.00 0
101985 5626.0    198_211_219_223_234_242_254_263_278_285  1.91e+09  1.58e+09  -4853.42 -20595.62   9301.70    657.52     66.27    256.74  -4262.55  -7975.92      0.00 0
101986 5626.0    0_1_2_3_4_5_6_7_8_9_10_11_12_13_14_15_16_17_18_19_20_21_22_23_24_25_26_27_28_29_30_31_32_33_34_35_36_37_38_39_41_42_43_45_46_47_48_49_50_51_53_54_56_57_59_60_61_63_64_65_67_68_69_70_71_72_73_75_76_77_80_81_83_84_85_86_87_89_90_92_93_95_96_97_99_100_101_104_105_107_108_109_111_112_114_115_118_119_121_122_123_125_126_127_130_131_133_134_135_137_138_139_142_143_144_146_147_149_150_152_154_155_156_159_160_162_164_165_166_170_171_176_178_180_185_187_188_189_193_194_195_202_203_208_209_215_221_228_229_232_233_236_239_245_247_248_262_265  1.20e+09  9.59e+08 -91591.62  58417.74  14591.56    705.21     82.35    147.47  -3751.12   4206.44      0.00 0
101987 5626.0    0_1_2_3_4_5_8_9_11_12_13_16_17_18_20_21_24_25_26_28_29_32_33_35_37_38_40_41_44_45_48_49_50_52_53_55_58_59_62_63_66_67_70_71_72_74_75_76_78_79_82_83_86_88_89_91_94_95_98_99_100_102_103_106_107_110_111_114_116_117_120_121_124_125_128_129_132_133_134_136_137_140_141_143_145_146_148_151_152_154_157_158_161_162_164_165_167_168_170_172_173_175_176_178_181_182_184_185_187_190_191_193_194_196_197_198_199_200_202_203_205_206_208_209_211_212_213_214_215_216_217_218_219_220_221_222_223_224_226_227_228_229_230_231_232_233_234_235_236_237_238_239_240_241_242_243_244_245_246_247_248_249_250_251_252_253_254_255_256_257_258_259_260_261_262_263_264_265_266_267_268_269_270_271_272_273_274_275_276_277_278_279_280_281_282_283_284_285_288_290_292  5.13e+10  4.41e+10 -237943.91 -49145.90  13498.84    736.75     86.82    191.67   -358.16  -5356.64      0.00 0
101988 5626.0    0_1_2_3_4_5_6_7_8_9_10_11_12_13_14_15_16_17_18_19_20_21_22_23_24_25_26_27_28_29_30_31_32_33_34_35_36_37_38_39_40_41_42_43_44_45_46_47_48_49_50_51_52_53_54_55_56_57_58_59_60_61_62_63_64_65_66_67_68_69_70_71_72_73_74_75_76_77_78_79_80_81_82_83_84_85_86_87_88_89_90_91_92_93_94_95_96_97_98_99_100_101_102_103_104_105_106_107_108_109_110_111_112_113_114_115_116_117_118_119_120_121_122_123_124_125_126_127_128_129_130_131_132_133_134_135_136_137_138_139_140_141_142_143_144_145_146_147_148_149_150_151_152_153_154_155_156_157_158_159_160_161_162_163_164_165_166_167_168_169_170_171_172_173_174_175_176_177_178_179_180_181_182_183_184_185_186_187_188_189_190_191_192_193_194_195_196_197_198_199_200_201_202_203_204_205_206_207_208_209_210_211_213_215_216_217_219_221_222_223_225_229_230_232_234_236_237_239_240_242_254_257_263_278  5.25e+10  4.53e+10 -264648.62 -146033.62  11189.24    777.13     87.88    208.89   -472.74   2930.36      0.00 0
101989 5626.0    34_50_54_60_64_76_84_90_96_108_112_122_130_138_142_153_163_169_174_186  1.86e+10  1.60e+10  -6062.51 -26364.55   9505.50    766.95     70.64    257.05   3015.16   4801.68      0.00 0
101990 5626.0    88_94_102_106_110_116_117_120_124_128_132_136_140_145_148_151_157_158_161_167_172_175_181_182_184_190_191_196_197_198_200_205_206_211_213_214_217_219_220_223_226_227_230_231_234_237_238_243_246_249_250_253_258_261_264_267_270_271_274_279_281_284  1.91e+10  1.63e+10  48169.18 -35370.84  12528.25    743.54     78.16    323.71  -3035.66  -4589.66      0.00 0
101991 5626.0    136_140_145_151_161_167_172_175_181_184_190_196_198_200_205_211_213_217_219_223_226_227_230_234_237_242_246_249_250_252_253_254_257_260_261_263_266_267_269_270_273_275_276_277_278_280_281_283_284_285_286_287_288_289_290_291_292_293_294_295_296_297_298  3.63e+09  2.98e+09  67361.74 -67033.34  14507.98    671.59     81.32    315.14  -1679.73  -9202.15      0.00 0
101992 5626.0    0_1_2_3_4_5_6_7_8_9_10_11_12_13_14_15_16_17_18_19_20_21_22_23_24_25_26_27_28_29_30_31_32_33_34_35_36_37_38_39_40_41_42_43_44_45_46_47_48_49_50_51_52_53_54_55_56_57_58_59_60_61_62_63_64_65_66_67_68_69_70_71_72_73_74_75_76_77_78_79_80_81_82_83_84_85_86_87_88_89_90_91_92_93_94_95_96_97_98_99_100_101_102_103_104_105_106_107_108_109_110_111_112_113_114_115_116_117_118_119_120_121_122_123_124_125_126_127_129_130_131_132_133_134_135_137_138_139_141_142_143_144_146_147_149_150_152_153_154_155_156_158_159_160_162_163_164_165_166_168_169_170_171_173_174_176_177_178_179_180_183_185_186_187_188_189_192_193_194_195_197_199_201_202_203_204_207_208_209_210_212_215_216_218_221_222_224_225_228_229_232_233_235_236_239_240_241_244_245_247_248_251_256_259_262_265_268_272_282  2.57e+09  2.09e+09 204916.42 -113353.36  14117.88    686.21     86.55    331.05   3824.98   -657.29      0.00 0
101993 5626.0    0_1_2_3_4_5_6_7_8_9_10_11_12_13_14_15_16_17_18_19_20_21_23_24_25_28_29_31_32_33_37_47_48_49_51_53_57_58_59_69_70_73_74_81_85_93_97_113_123_131_144  1.70e+09  1.39e+09 -28479.22   9512.44  10615.03    648.47     70.53    161.53  -2330.16    475.35      0.00 0
101994 5626.0    46_56_64_68_77_80_84_90_92_101_104_115_118_127_156_166  2.14e+10  1.85e+10  15011.20 -10251.47   8268.74    743.42     65.54    325.67     71.43   3566.95      0.00 0
101995 5626.0    92_101_104_109_112_115_118_127_130_135_138_139_142_149_150_153_156_159_160_163_166_169_171_174_177_180_183_186_189_192_195  2.51e+09  2.08e+09 -43527.93   2098.41  11880.86    666.31     74.75    177.24    726.32   4667.13      0.00 0
101996 5626.0    99_100_114_125_126_133_134_143_147_153_155_165_177_179_186_188  2.69e+10  2.34e+10  -2650.05 -21428.34   8881.78    737.54     67.64    262.95   4663.09   1423.67      0.00 0
101997 5626.0    117_148_157_158_167_181_182_190_196_200_205_213_219_226_230_234_237_242_252_254_257_263_269_273_278_285  2.24e+09  1.84e+09 -29069.29 -23937.33  11419.41    653.91     73.13    219.47  -3530.68  -8450.62      0.00 0
101998 5626.0    117_129_141_148_157_158_162_168_173_181_182_190_191_200_205_206_213_230  1.41e+10  1.21e+10  18829.86  11233.76   8988.15    728.27     67.71     30.82    574.20  -5728.05      0.00 0
101999 5626.0    21_29_41_45_53_63_67_79_83_89_103_107_111_129_137_141_158_162_168_173_191_197_199_212_214_220_224_235_238_243_244_255_258_259_264_271_274_279  2.14e+10  1.85e+10 -15240.68  32198.27  10660.34    739.77     73.34    115.33   3476.24  -6878.34      0.00 0
