#event_number primary_type du_ids energy_primary em_energy Xmax_pos(x, y, z), Xmax_grams zenith azimuth shower_core_pos_x shower_core_pos_y shower_core_pos_z, N_tested_cores, units are degrees, GeV and meters
4300 14.0      158_168_191_197_214_220_238_243_258_264  3.02e+10  2.74e+10   7509.16 -13801.42   7299.93    839.96     65.08    298.55   2578.06  -6991.33      0.00 0
4301 14.0      129_141_148_157_158_162_168_173_176_181_182_185_190_191_196_197_199_200_202_203_205_206_211_212_213_214_218_219_220_224_226_227_228_229_230_231_232_233_234_235_237_238_241_242_243_244_245_246_247_248_249_250_251_252_253_254_255_256_257_258_259_260_261_262_263_264_265_266_267_268_269_270_271_272_273_274_275_276_277_278_279_280_281_282_283_284_285_286_287_288_289_290_291_292_293_294_296  1.91e+10  1.76e+10  96636.52  31399.11  13503.47    851.16     82.43     18.00   3933.46  -7248.26      0.00 0
4302 14.0      114_133_143_154_164_178_187_202_209_215_229_232_245_247  3.80e+09  3.26e+09 -12692.14  14508.33   8546.18    728.86     66.09    131.18   5768.96  -1932.30      0.00 0
4303 14.0      191_197_200_206_212_214_220_226_227_230_231_235_238_246_249_250_252_253_260_261_266_269_276_280_283  2.29e+10  2.04e+10  21418.76  13697.87   8993.23    822.16     70.52     32.60    565.78  -8149.73      0.00 0
4304 14.0      19_23_24_31_37_39_47_48_51_57_58_61_65_69_70_73_74_77_81_82_85_87_93_94_97_98_101_105_106_109_113_115_119_120_123_124_127_131_132_135_136_139_144_145_149_150_151_156_160_161_166_171_175_180_184_189_195_201_204_217_225  2.45e+10  2.19e+10  12739.26  42114.78  11387.20    748.40     75.49     73.17  -2664.68   2353.55      0.00 0
4305 14.0      140_145_151_157_161_167_172_175_181_184_190_196_198_200_205_206_211_213_217_219_223_226_227_230_231_234_237_242_246_249_250_252_253_254_257_258_260_261_263_266_267_269_270_273_274_275_276_277_278_279_280_281_283_284_285_286_287_288_289_290_291_292_293_294_295_296_297_298  8.51e+09  7.55e+09 -128170.92  95188.12  14136.17    832.16     84.94    143.40  -3447.08  -9063.12      0.00 0
4306 14.0      0_1_2_3_4_5_6_7_8_9_10_11_12_13_14_15_16_17_18_19_20_21_22_23_24_25_26_27_28_29_30_31_32_33_34_35_36_38_39_40_41_42_43_44_45_46_49_50_52_53_54_55_56_59_60_62_63_64_65_66_67_68_71_72_75_76_77_78_79_80_83_84_86_88_89_90_91_92_96_101_102_103_104_108_110_112_115_116_117_118_122_128_130_138_142_148_149_153_157_158_159_163_167_169_174_181_183_190_192_201_205_207  7.08e+09  6.24e+09 -13371.62 -52497.22  11100.50    941.55     78.42    255.71   1925.60   4852.83      0.00 0
4307 14.0      0_1_2_3_4_5_6_7_8_9_10_11_12_13_14_15_16_17_18_19_20_21_22_23_24_25_26_27_28_29_30_31_32_33_34_35_36_37_38_39_41_42_43_45_46_47_48_49_50_51_53_54_56_57_59_60_61_63_64_65_67_68_69_70_71_72_73_75_76_77_79_80_81_83_84_86_87_89_90_92_93_95_96_97_99_100_101_104_105_107_108_109_111_112_114_115_118_119_121_122_123_125_126_127_130_133_134_135_137_138_139_142_143_144_146_147_149_150_152_153_154_155_156_159_160_162_163_164_165_166_169_170_171_174_176_177_178_179_180_183_185_186_187_188_189_192_193_194_195_199_201_202_203_204_207_208_209_210_215_216_218_221_222_225_228_229_232_233_236_239_240_241_245_247_248_251_262_265_268_282  7.76e+10  6.94e+10 162181.56 -123773.04  13264.65    899.81     86.28    322.65   2412.04   2602.47      0.00 0
4309 14.0      4_6_10_12_14_18_22_25_26_27_30_34_36_38_39_42_43_46_49_50_54_56_60_61_64_65_68_71_72_75_76_77_80_84_86_87_90_92_96_99_100_101_104_105_108_109_112_114_115_118_122_125_126_127_130_133_134_135_138_139_142_143_147_149_150_153_154_155_156_159_160_163_164_165_166_169_170_171_174_177_178_179_180_183_186_187_188_189_192_193_194_195_201_204_207_208_209_210_215_216_221_222_225_229_232_236_239_240_247  2.82e+10  2.49e+10 124065.37 -81992.57  14424.04    788.78     84.46    326.54   1489.89   4789.96      0.00 0
4310 14.0      0_1_2_3_4_5_6_7_8_9_10_11_12_13_14_15_16_17_18_19_20_21_22_23_24_25_26_27_28_29_30_31_32_33_34_35_36_37_38_40_41_42_44_45_47_48_49_50_52_53_54_55_57_58_59_60_62_63_64_66_67_69_70_71_72_73_74_75_76_78_79_82_83_84_85_86_88_89_91_94_95_96_98_99_100_102_103_106_107_110_111_113_114_116_117_120_121_122_124_125_126_128_129_132_133_134_136_137_140_141_143_145_146_147_148_151_152_154_155_157_158_161_162_164_165_167_168_170_172_173_175_176_178_179_181_182_184_185_187_188_190_193_194_196_198_199_202_203_208_209_210_211_215_216_217_219_221_222_223_228_229_232_234_236_239_240_247  1.82e+10  1.67e+10 -115976.95 -32468.64  13998.85    824.51     83.37    195.64   3882.47  -1225.09      0.00 0
4311 14.0      244_251_255_256_258_259_264_268_270_271_272_274_279_281_284_289_291_295_298  3.55e+09  3.18e+09  21927.14  28762.66  10589.83    761.19     73.68     52.68   3494.02 -10868.79      0.00 0
4312 14.0      0_1_2_3_4_5_6_7_8_9_10_11_12_13_14_15_16_17_18_19_20_21_22_23_24_25_26_27_28_29_30_31_32_33_34_35_36_37_38_39_40_41_42_43_44_45_46_47_48_49_50_51_52_53_54_55_56_57_58_59_60_61_62_63_64_65_66_67_68_69_70_71_72_73_74_75_76_77_78_79_80_81_82_83_84_85_86_87_88_89_90_91_92_93_94_95_96_97_98_99_100_101_102_103_104_105_106_107_108_109_110_111_112_113_114_115_116_117_118_119_120_121_123_124_125_126_127_128_129_130_131_132_133_134_135_136_137_139_140_141_143_144_145_146_148_149_150_151_152_154_156_157_158_160_161_162_164_166_167_168_171_172_173_176_178_180_181_182_185_187_189_190_191_193_195_197_199_200_202_203_204_205_206_209_212_214_215_218_220_224_226_227_228_229_231_232_233_235_238_241_243_244_245_247_248_250_251_253_255_256_258_259_262_264_265_267_268_270_271_272_274_279_281_282_284  6.92e+10  6.30e+10 -128170.37 135016.19  13965.06    828.37     85.71    133.51  -2764.93   1779.00      0.00 0
4313 14.0      0_1_2_3_4_5_6_7_8_9_10_11_12_13_14_15_16_17_18_19_20_21_22_23_24_25_26_27_28_29_30_31_32_33_34_35_36_37_38_39_40_41_42_43_44_45_46_47_48_49_50_51_52_53_54_55_56_57_58_59_60_61_62_63_64_65_66_67_68_69_70_71_72_73_74_75_76_77_78_79_80_81_82_83_84_85_86_87_88_89_90_91_92_93_94_95_96_97_98_99_100_101_102_103_104_105_106_107_108_109_110_111_112_113_114_115_116_117_118_119_120_121_122_123_124_125_126_127_128_129_130_131_132_133_134_135_136_137_138_139_141_142_143_144_145_146_147_148_149_150_152_153_154_155_156_158_159_160_162_163_164_165_166_168_169_170_171_173_174_176_177_178_179_180_183_185_186_187_188_189_191_192_193_194_195_197_199_201_202_203_204_208_209_210_212_215_216_218_221_222_224_228_229_232_233_235_236_239_240_241_244_245_247_248_251_256_259_262_265_268_272_282  9.77e+10  8.83e+10 201474.41 -98788.53  12741.82    919.22     86.75    333.88  -1987.83   1867.65      0.00 0
4314 14.0      2_8_11_13_16_20_23_24_28_29_32_35_37_40_44_45_47_48_52_55_58_62_66_67_69_70_73_74_78_79_82_85_88_91_102_103_116_117_129_148_158_168_191  5.37e+10  4.87e+10  14510.40 -20448.34   8711.94    869.67     70.84    305.36   -469.72  -2579.72      0.00 0
4315 14.0      0_1_2_3_4_5_6_8_9_10_12_13_14_17_18_20_21_22_25_26_28_29_30_33_34_35_36_38_40_41_42_44_45_46_49_50_53_54_55_59_60_63_64_66_67_68_71_72_75_76_78_79_80_83_84_86_88_89_90_91_95_96_99_100_102_103_104_107_108_110_111_112_114_116_117_121_122_125_126_128_129_130_133_134_137_138_141_142_143_146_147_148_152_153_154_155_157_158_162_163_164_165_167_168_169_173_174_177_179_181_182_186_188_190_191_196_197_199_200_205_206_210_212_213_214_219_220_226_227_230_231_237_238_246_249_250_252_253_257_260_261_266_267_269_273_275_276_277_280_281_283_285_286_287_288_289_290_292_293_294_295_296_297_298  3.55e+10  3.17e+10  28423.53  78305.55  13194.15    813.38     81.00     70.05   1260.96  -3764.54      0.00 0
4316 14.0      0_1_2_3_4_5_6_7_8_9_10_11_12_13_14_15_16_17_18_19_20_21_22_23_24_25_26_27_28_29_30_32_33_34_35_36_38_39_40_41_42_43_44_45_46_49_50_52_53_54_55_56_58_59_60_62_63_64_66_67_68_71_72_75_76_77_78_79_80_82_83_84_86_88_89_90_91_92_95_96_99_100_102_103_104_106_107_108_110_111_112_114_116_117_118_121_122_125_126_128_129_130_133_134_137_138_140_141_142_143_146_147_148_152_153_154_155_157_158_159_162_163_164_165_167_168_169_170_172_173_174_177_179_181_182_185_186_188_190_191_192_196_197_199_200_205_206_207_210_211_212_213_214_219_220_226_227_230_231_237_238_242_246_249_250_252_253_257_258_260_261_263_266_267_269_270_273_275_276_277_278_280_281_283_285_286_287_288_289_290_292_293_294_295_296_297_298  3.39e+10  3.03e+10 -32588.78 -99236.05  13398.90    880.54     82.69    251.82   1393.96  -2525.46      0.00 0
4317 14.0      219_226_227_230_234_237_242_246_249_250_252_253_254_257_258_260_261_263_266_267_269_270_273_274_275_276_277_278_279_280_281_283_284_285_286_287_288_289_291  1.26e+09  1.10e+09  44223.16  -9319.28  11805.97    697.64     75.36    348.10  -1625.26  -9150.71      0.00 0
4318 14.0      227_250_253_261_267_277_281_287_289_291_295  3.02e+09  2.68e+09  -4624.71  16170.90   7735.97    795.88     65.30    105.96   1502.44 -10325.13      0.00 0
4319 14.0      241_244_245_248_251_255_256_259_262_264_265_268_271_272_274_279_282_284_291  3.24e+09  2.83e+09 -17482.85 -34866.84  10978.34    742.47     74.28    243.37   4652.08 -10898.48      0.00 0
4320 14.0      121_125_137_146_152_154_176_178_187_193_209_215_221_239  2.63e+09  2.30e+09 -17907.22  -6595.67   8488.44    733.09     66.02    200.22   5217.84  -2231.81      0.00 0
4321 14.0      140_161_172_196_198_211_219_223_234_242_254_263_278  1.95e+10  1.75e+10   8552.61  20607.12   8689.90    793.29     68.72     67.46  -4172.95  -7212.66      0.00 0
4322 14.0      75_83_86_89_95_99_103_107_111_114_117_121_125_129_133_137_141_146_152_158_162_168_173_182_185_191_197_199_200_206_212_214_220_226_227_231_235_238_243_246_249_250_253_258_260_261_267_270_274_275_276_277_281_284_286_287_288_289_291_293_294_295_296_297_298  2.34e+10  2.10e+10 -14796.02 -51531.96  11728.96    813.01     77.66    253.98    824.00 -10537.90      0.00 0
4323 14.0      0_1_2_3_4_5_6_7_8_9_10_11_12_13_14_15_16_17_18_19_20_21_22_23_24_25_26_27_28_29_30_31_32_33_34_35_36_37_38_39_40_41_42_43_44_45_46_47_48_49_50_51_52_53_54_55_56_57_58_59_60_61_62_63_64_65_66_67_68_69_70_71_72_73_74_75_76_77_78_79_80_81_82_83_84_85_86_87_88_89_90_91_92_93_94_95_96_97_98_99_100_101_103_104_105_107_108_109_111_113_114_115_119_121_123_125_126_127_131_132_133_134_135_137_139_141_143_144_146_150_152_154_160_162_164_165_166_170_171_176_178_185_187_193_199_202_203_208_209_215_218_221_228_229_232_233_239_245_247_248_251_262_265_282  4.90e+10  4.46e+10 -86719.12  44548.44  13042.91    916.47     82.38    152.81  -3484.73   2247.61      0.00 0
4324 14.0      143_146_154_164_165_170_176_178_185_187_193_194_202_203_208_209_215_216_218_221_222_224_228_229_233_241  5.50e+10  5.01e+10  -5256.53 -24540.40   8946.53    822.45     70.38    257.91   5853.84  -2396.90      0.00 0
4325 14.0      73_81_87_93_97_101_105_109_113_115_119_123_127_131_135_139_144_149_150_156_160_166_171_180_189_195_201_204_225  1.78e+10  1.57e+10 -12552.31 -25509.66   9446.61    810.62     71.62    243.80  -2103.35   4403.43      0.00 0
4326 14.0      141_162_168_173_191_197_199_212_214_220_231_238_253  5.62e+09  5.13e+09  -6554.10 -15189.25   7601.91    811.84     65.32    246.66   2541.55  -6249.82      0.00 0
4327 14.0      95_99_107_111_121_125_129_133_137_141_146_152_162_168_173_185_191_197_199_206_212_214_220_224_231_235_238_243_250_253_258_264_267_270_274_277_281_284_289_291  3.63e+09  3.13e+09  -6631.93 -33524.38  10487.20    743.23     72.94    258.81   2814.72  -6390.20      0.00 0
4328 14.0      0_1_2_5_7_8_9_11_13_15_16_19_20_23_24_28_29_31_32_35_37_39_40_44_45_47_48_51_52_55_57_58_61_62_66_69_70_73_74_78_79_81_82_85_87_93_97_105_109_119_123_135_144_150_160  4.07e+10  3.68e+10 -16202.75  23243.38   9233.44    850.14     71.95    124.88  -2462.64   1343.13      0.00 0
4329 14.0      120_136_140_151_161_167_172_196_198_211_213_219_237  5.75e+09  5.09e+09  -2428.94  18753.01   8230.00    774.63     66.48     97.38  -2898.81  -5475.95      0.00 0
4330 14.0      3_5_9_12_13_17_18_21_25_26_29_33_34_38_49_50_53_59_60_71_72_75_76_86_96_100_114_126_134_155  2.57e+09  2.34e+09 -13497.07  -9083.34   7080.68    913.01     66.48    213.94   2432.50    257.92      0.00 0
4331 14.0      8_13_16_20_24_28_29_32_35_40_44_45_48_52_55_58_62_66_67_70_74_78_79_82_85_88_89_91_94_98_102_103_106_113_120_124_132_145  4.07e+09  3.49e+09  27138.39  -8781.16   9394.67    822.89     71.77    342.07  -3430.38  -1360.09      0.00 0
4332 14.0      2_3_5_8_9_11_13_16_17_20_21_24_28_29_32_33_35_37_40_41_44_45_48_49_52_53_55_58_59_62_63_66_67_69_70_74_75_78_79_82_83_85_88_89_91_94_95_98_99_102_103_106_107_110_111_113_116_117_120_121_124_125_128_129_132_133_136_137_140_141_145_146_148_151_152_154_157_158_161_162_167_168_172_173_175_176_178_181_182_184_185_187_190_191_196_197_198_199_200_202_203_205_206_209_211_212_213_214_215_217_218_219_220_223_224_226_227_228_229_230_231_232_233_234_235_237_238_239_241_242_243_244_245_246_247_248_249_250_251_252_253_254_255_256_257_258_259_260_261_262_263_264_265_266_267_268_269_270_271_272_274_279_282_284  1.86e+09  1.65e+09 -171194.05  27175.73  13428.89    938.85     85.57    170.98  -1455.92  -4854.00      0.00 0
4333 14.0      0_3_4_5_6_9_10_12_13_14_17_18_21_22_25_26_29_30_33_34_35_36_38_41_42_45_46_49_50_53_54_55_56_59_60_63_64_67_68_71_72_75_76_79_80_83_84_86_89_90_91_92_95_96_99_100_103_104_107_108_111_112_114_117_118_121_122_125_126_129_130_133_134_137_138_141_142_143_146_147_148_149_152_153_154_155_158_159_162_163_164_165_168_169_170_173_174_176_177_178_179_182_183_185_186_187_188_191_192_193_194_197_199_200_201_202_203_206_207_208_209_210_212_214_215_216_218_220_221_222_224_227_228_229_231_232_233_235_236_238_239_240_241_243_244_245_246_247_248_250_251_253_255_256_258_259_261_262_264_265_267_268_270_271_272_274_275_277_279_281_282_284_287_289_291_293_295_298  8.13e+09  7.29e+09   -874.93 217956.70  13674.59    794.72     86.41     90.23   5052.51  -1692.50      0.00 0
4334 14.0      28_35_40_44_52_55_62_66_78_79_82_88_91_102_103_116_117_129_158_168  7.24e+09  6.59e+09  12588.35 -12033.89   8032.10    760.94     65.24    316.29     68.62  -3280.91      0.00 0
4335 14.0      0_1_3_4_6_7_10_12_14_15_17_18_19_22_25_26_27_30_31_33_34_36_38_39_42_43_46_49_50_51_54_56_57_59_60_61_64_65_68_71_72_75_76_77_80_81_84_86_87_90_92_93_95_96_99_100_101_104_105_108_109_112_114_115_118_119_121_122_125_126_127_130_133_134_135_138_139_142_143_146_147_149_150_153_154_155_156_159_160_163_164_165_166_169_170_171_176_178_179_180_183_187_188_189_192_193_194_195_201_202_204_208_209_215_216_221_222_228_229_232_236_239_245_247_262  5.75e+10  5.30e+10 -63438.84  44602.11  12462.97    906.13     80.87    144.89  -1708.45   4515.05      0.00 0
4336 14.0      19_31_39_51_57_61_81_87_93_105_109_119_135_139_144_150_160  3.72e+09  3.19e+09 -21126.91  19116.43  10111.88    695.90     70.46    137.86  -4318.03   3937.22      0.00 0
4337 14.0      0_1_2_3_4_5_6_7_8_9_10_11_12_13_14_15_16_17_18_19_20_21_22_23_24_25_26_27_28_29_30_31_32_33_34_35_36_37_38_39_40_41_42_43_44_45_46_47_48_49_50_51_52_53_54_55_56_57_58_59_60_62_63_64_66_67_68_69_70_71_72_73_74_75_76_78_79_82_83_84_85_86_88_89_90_91_94_95_96_98_99_100_102_103_106_107_108_110_114_120_122_124_125_126_128_132_133_134_136_138_140_143_145_147_151_153_154_155_161_164_165_170_172_175_177_179_184_186_188_193_194_198_208_210_216_217_222_236_240  1.58e+10  1.44e+10 -69463.27 -34150.05  13078.00    795.32     80.41    206.18   4902.62   1455.66      0.00 0
4338 14.0      175_184_198_211_217_219_223_234_237_242_252_254_257_263_266_269_273_276_278_280_283_285_286_288_290_292_293_294_296_297_298  4.90e+09  4.41e+09 -38128.31  66226.89  13199.75    768.87     80.20    119.93  -4316.73  -9407.65      0.00 0
4339 14.0      75_83_86_89_95_99_100_103_107_111_114_117_121_125_126_129_133_134_137_141_143_146_147_152_154_155_158_162_164_165_168_170_173_176_177_178_179_182_185_187_188_191_193_194_197_199_200_202_203_206_208_209_210_212_214_215_216_218_220_221_222_224_226_227_228_229_231_232_233_235_236_238_239_240_241_243_244_245_246_247_248_249_250_251_253_255_256_258_259_260_261_262_264_265_266_267_268_270_271_272_274_275_276_277_279_280_281_282_284_286_287_288_289_290_291_293_294_295_296_297_298  1.86e+09  1.64e+09 -64823.33 -125970.27  14765.20    735.75     84.05    242.77   5314.21  -4077.40      0.00 0
4340 14.0      0_1_2_3_4_5_6_7_8_9_10_11_12_13_14_15_16_17_18_19_21_22_23_24_25_26_27_30_31_32_33_34_36_37_38_39_42_43_46_47_48_49_50_51_54_56_57_59_60_61_64_65_68_69_70_71_72_73_74_75_76_77_80_81_84_85_86_87_90_92_93_96_97_98_99_100_101_104_105_108_109_112_113_114_115_118_119_122_123_126_127_130_131_132_133_134_135_138_139_142_143_144_147_149_150_153_155_156_159_160_163_164_165_166_169_170_171_174_177_179_180_183_186_188_189_192_193_194_195_201_204_208_210_216_221_222_236_240  3.55e+10  3.12e+10 132109.23  -6183.89  14367.37    785.87     83.80    357.32  -2252.33   2995.52      0.00 0
4341 14.0      9_13_17_21_25_28_29_33_35_38_40_41_44_45_49_53_55_59_63_66_67_71_72_75_78_79_83_86_89_91_99_102  1.17e+09  1.05e+09  14319.27  10119.86   7515.23    869.44     66.80     35.25   1174.64  -1456.38      0.00 0
4342 14.0      0_1_2_3_4_5_6_7_8_9_10_11_12_13_14_15_16_17_18_19_20_21_22_23_24_25_26_27_28_29_30_31_32_33_34_35_36_37_38_39_40_41_42_43_44_45_46_47_48_49_50_51_52_53_54_55_56_57_58_59_60_61_62_63_64_65_66_67_68_69_70_73_74_75_77_78_79_80_81_82_83_85_87_88_89_90_91_92_93_94_97_98_101_102_103_104_105_106_107_109_110_111_113_115_116_117_118_119_120_123_124_127_128_129_131_132_135_136_137_139_140_141_144_145_148_149_150_151_156_157_158_159_160_161_166_167_168_171_172_173_175_180_181_182_183_184_189_190_191_195_196_197_198_200_201_204_205_206_211_212_213_214_217_219_220_223_225_226_227_230_231_234_237_238_242_243_246_249_250_252_253_254_257_258_260_261_263_264_266_267_269_270_273_274_275_276_277_278_280_281_283_284_285_286_287_288_289_290_291_292_293_294_295_296_297_298  5.89e+10  5.32e+10  44268.16 -198206.81  13524.84    859.85     86.19    282.59  -1333.46  -7752.20      0.00 0
4343 14.0      49_59_63_71_72_75_76_83_86_89_95_96_99_100_107_111_114_121_122_125_126_129_133_134_137_141_143_146_147_152_153_154_155_158_162_164_165_168_170_173_176_177_178_179_182_185_186_187_188_191_193_194_197_199_202_203_206_208_209_210_212_214_215_216_218_220_221_222_224_227_228_231_233_235_238_240_241_243_244_246_250_253_255_258_259_261_264_267_270_271_274_275_277_279_281_284_287_289_291_293_295_297_298  2.34e+10  2.08e+10  18272.10  67113.61  12653.10    808.83     79.69     74.77   4283.62  -2635.51      0.00 0
4344 14.0      173_191_197_199_206_212_214_220_227_231_238_246_250  1.29e+10  1.18e+10  11620.39  13269.19   7915.81    790.95     65.83     48.79   1998.07  -6934.95      0.00 0
4345 14.0      0_1_2_5_6_7_8_11_14_15_16_19_20_23_24_27_28_31_32_37_40_48_52_58_62_70_74_82_88_94_106_120  2.88e+10  2.60e+10  -9135.38 -12779.00   7142.24    873.80     65.55    234.44  -1537.43   -904.08      0.00 0
4346 14.0      115_118_127_130_142_149_156_159_163_169_174_183_192  1.35e+09  1.18e+09  19589.63    102.57   8546.40    738.35     66.43      0.30   1004.80   4963.63      0.00 0
4347 14.0      0_1_2_3_4_5_6_7_8_9_10_11_12_13_14_15_16_17_18_19_20_21_23_24_27_28_29_30_31_32_35_36_37_39_40_41_43_44_45_46_47_48_51_52_55_56_57_58_61_62_63_65_66_67_69_70_73_74_77_78_79_80_81_82_85_87_88_89_91_92_93_94_97_98_101_102_103_105_106_109_110_113_115_116_117_119_120_123_124_127_128_129_131_132_135_136_139_140_144_145_148_149_150_151_156_157_158_160_161_166_167_168_171_172_175_180_181_182_184_189_190_191_195_196_198_200_204_205_206_211_213_214_217_219_223_225_226_227_230_231_234_237_238_242_246_249_250_252_253_254_257_260_261_263_266_267_269_270_273_275_276_277_278_280_281_283_284_285_286_287_288_289_290_291_292_293_294_295_296_297_298  3.98e+09  3.45e+09  51761.68 -244990.95  13122.88    759.58     87.00    281.93  -4316.82  -2224.64      0.00 0
4348 14.0      3_5_8_9_12_13_17_20_21_25_26_28_29_33_35_38_40_41_44_45_49_50_52_53_55_59_62_63_66_67_71_72_75_78_79_82_83_86_88_89_91_95_99_100_102_106_110_114_136_140  2.00e+09  1.82e+09 -19570.74 -11917.92   8335.48    884.26     70.01    211.34    584.30  -1668.27      0.00 0
4349 14.0      257_269_273_283_285_290_292  3.16e+09  2.82e+09  -6811.77 -16518.40   8256.07    735.54     65.20    247.59  -3630.51 -11154.42      0.00 0
4350 14.0      0_1_2_3_4_5_6_7_8_9_10_11_12_13_14_15_16_17_18_19_20_21_22_23_24_25_26_27_28_29_30_31_32_33_34_35_36_37_38_39_40_41_42_43_44_45_46_47_48_49_51_52_53_54_55_56_57_58_59_61_62_63_64_65_66_67_68_69_70_73_74_77_78_79_80_81_82_83_85_87_88_89_90_91_92_93_94_97_98_101_102_103_104_105_106_109_110_111_113_115_116_117_118_119_120_123_124_127_128_129_131_132_135_136_139_140_141_144_145_148_149_150_151_156_157_158_159_160_161_166_167_168_171_172_175_180_181_182_183_184_189_190_191_195_196_197_198_200_201_204_205_206_207_211_213_214_217_219_223_225_226_227_230_231_234_237_238_242_246_249_250_252_253_254_257_258_260_261_263_266_267_269_270_273_275_276_277_278_280_281_283_284_285_286_287_288_289_290_291_292_293_294_295_296_297_298  1.26e+10  1.12e+10  19576.40 -141806.64  14036.13    848.19     84.40    277.86  -2666.28   2586.15      0.00 0
4351 14.0      86_95_96_99_100_107_114_121_122_125_126_133_134_137_141_143_146_147_152_153_154_155_162_163_164_165_170_173_176_177_178_179_185_186_187_188_193_194_197_199_202_203_208_209_210_212_215_216_218_220_221_222_224_228_229_232_233_235_236_238_239_240_241_243_244_245_247_248_251_255_256_258_259_262_264_265_268_270_271_272_274_279_281_282_284_291  1.51e+09  1.29e+09   8497.00  88568.73  14235.62    683.60     80.91     84.52   5726.61  -1088.27      0.00 0
4352 14.0      32_40_44_48_52_55_58_62_66_74_78_79_82_88_91_94_98_102_103_106_110_111_113_116_117_120_124_128_129_132_136_140_141_145_148_151_157_158_161_167_168_173_175_181_182_190_191_197_199_206_212_214_220_224_235_238_243_244_255_259  2.40e+09  2.09e+09  35763.93 -23225.36  10482.16    893.90     76.19    327.00  -1506.00  -3453.35      0.00 0
4353 14.0      60_64_68_76_84_86_90_96_100_104_108_112_114_115_118_122_126_130_133_134_138_142_143_147_149_153_154_155_156_159_163_164_165_169_170_174_177_179_180_183_186_187_188_189_192_193_194_201_204_207_208_209_215_221_225_229_232_239_247  1.95e+09  1.69e+09  31311.05 -42969.66  12059.82    751.57     77.22    306.08   2001.82   4765.33      0.00 0
4354 14.0      138_142_147_153_155_163_165_169_174_177_179_183_186_188_192_194_201_207_208_210_216_222_225_236_240  6.92e+09  6.06e+09 -38262.13  37600.09  12197.63    734.62     77.19    135.50   5331.28   4249.47      0.00 0
4355 14.0      0_1_2_3_4_5_6_7_9_10_12_13_14_17_18_19_21_22_25_26_27_29_30_33_34_35_36_38_39_41_42_43_45_46_49_50_53_54_56_59_60_63_64_65_67_68_71_72_75_76_77_79_80_83_84_86_87_89_90_92_95_96_99_100_101_103_104_107_108_111_112_114_115_118_121_122_125_126_127_129_130_133_134_137_138_141_142_143_146_149_152_154_156_159_162_164_166_168_169_173_176_178_180_183_185_189_197_199_201_202_203_204_212_214_218_220_224_225_228_233_235_238_241_243_244_248_251_255_256_258_259_264_265_268_271_272_274_279_282  4.47e+09  3.86e+09  28296.84 -61777.18  11907.97    933.09     80.06    294.61   5008.90  -6398.22      0.00 0
4356 14.0      254_257_263_266_269_273_276_278_280_283_285_286_288_290_292_293_294_295_296_297_298  7.94e+10  7.12e+10  29445.63 -19437.94  10190.54    816.84     73.89    326.57  -4205.04  -9849.54      0.00 0
4357 14.0      88_91_94_102_106_110_116_117_120_124_128_132_136_140_145_148_151_157_158_161_167_168_172_175_181_182_184_190_191_196_197_198_200_205_206_211_212_213_214_217_219_220_226_227_230_231_235_238_243_246_250_253_255_258_259_264_267_270_271_274_279_284  1.26e+09  1.10e+09  44854.22 -30873.58  12031.96    770.35     77.54    325.46   -914.86  -5618.88      0.00 0
4358 14.0      66_78_91_102_116_117_128_148_157_158_181_182_190_191_200_205_206_214_226_227_230_231_246_249_250_253_260_261_267_270_275_277_281_284_286_287_289_291_293_295_298  8.51e+10  7.65e+10   9809.08 -36455.24  10278.18    846.97     74.77    285.06    908.79  -9561.25      0.00 0
4359 14.0      1_2_7_8_11_13_15_16_19_20_23_24_27_28_31_32_35_37_39_40_44_47_48_51_52_55_57_58_61_62_65_66_69_70_73_74_78_81_82_85_87_88_91_93_94_97_98_101_102_105_106_109_110_113_116_119_120_123_124_127_128_131_132_135_136_139_140_144_145_148_150_151_157_160_161_166_167_171_172_181_182_190_195_196_200_205_213_219_226_230_237_246_249_252_260_266  3.72e+09  3.25e+09  11989.24 -56991.60  12517.26    730.83     77.87    281.88  -2856.33    983.04      0.00 0
4360 14.0      0_1_2_3_4_5_6_7_8_9_10_11_12_13_14_15_16_17_18_19_20_21_22_23_24_25_26_27_28_29_30_31_32_33_34_35_36_37_38_39_40_41_42_43_44_45_46_47_48_49_50_51_52_53_54_55_56_57_58_59_60_61_62_63_64_65_66_67_68_69_70_71_72_73_74_75_76_77_78_79_80_81_82_83_84_85_86_87_88_89_90_91_92_93_94_95_96_98_99_100_101_102_103_104_105_106_107_108_109_110_111_112_114_115_116_117_118_120_121_122_125_126_127_128_129_130_133_134_136_137_138_139_140_141_142_143_146_147_148_149_151_152_153_155_156_157_158_159_161_162_163_166_167_168_169_172_173_174_177_180_181_182_183_186_189_190_191_192_196_197_198_199_200_201_204_205_206_207_211_212_213_214_219_220_223_225_226_227_230_231_234_237_238_242_243_246_249_250_252_253_254_257_258_260_261_263_266_267_269_270_273_274_275_276_277_278_280_281_283_284_285_286_287_288_289_290_291_292_293_294_295_296_297_298  4.79e+10  4.40e+10  23132.78 142984.19  14150.98    830.29     84.42     80.81   -588.83  -8111.67      0.00 0
4361 14.0      0_1_2_3_4_5_6_7_8_9_10_12_13_14_17_18_21_22_25_26_27_28_29_30_33_34_35_36_38_41_42_43_44_45_46_49_50_53_54_55_56_59_60_63_64_67_68_71_72_75_76_77_78_79_80_83_84_86_89_90_91_92_95_96_99_100_103_104_107_108_111_112_114_115_116_117_118_121_122_125_126_129_130_133_134_137_138_141_142_143_146_147_148_149_152_153_154_155_158_159_162_163_164_165_168_169_170_173_174_176_177_178_179_181_182_183_185_186_187_188_191_192_193_194_197_199_200_201_202_203_206_207_208_209_210_212_214_215_216_218_220_221_222_224_226_227_228_229_231_232_233_235_236_238_239_240_241_243_244_245_246_247_248_250_251_253_255_256_258_259_260_261_262_264_265_267_268_270_271_272_274_275_277_279_281_282_284_286_287_289_291_293_294_295_297_298  2.00e+10  1.74e+10   7521.18 291105.16  11339.56    817.29     87.77     88.52   5838.73   3875.07      0.00 0
4362 14.0      0_1_2_5_6_7_8_9_11_13_14_15_16_19_20_23_24_27_28_29_31_32_35_36_37_39_40_43_44_45_47_48_51_52_55_56_57_58_61_62_65_66_69_70_73_74_77_78_79_81_82_85_87_88_91_92_93_94_97_98_101_102_105_106_109_110_113_115_116_117_119_120_123_124_127_128_131_132_135_136_139_140_144_145_148_149_150_151_156_157_160_161_166_167_171_172_175_180_181_182_184_189_190_195_196_198_200_204_205_211_213_217_219_223_225_226_227_230_234_237_242_246_249_250_252_254_257_260_261_263_266_269_273_275_276_277_278_280_283_285_286_287_288_290_292_293_294_295_296_297_298  2.09e+09  1.82e+09 -12293.52 130294.55  13963.21    848.79     83.91     95.39  -4065.44   4567.55      0.00 0
4363 14.0      0_1_2_3_4_5_6_7_8_9_10_11_12_13_14_15_16_17_18_19_20_21_22_23_24_25_26_27_28_29_30_31_32_33_34_35_36_37_38_39_40_41_42_43_44_45_46_47_48_49_50_51_52_53_54_55_56_57_58_59_60_61_62_63_64_65_66_67_68_69_70_71_72_73_74_75_76_77_78_79_80_81_82_83_84_85_86_87_88_89_90_91_93_94_95_96_97_98_99_100_102_103_105_106_107_108_110_111_112_113_114_116_117_119_120_121_122_123_124_125_126_128_129_131_132_133_134_136_137_138_140_141_143_144_145_146_147_148_151_152_153_154_155_157_158_161_162_164_165_167_168_170_172_173_175_176_177_178_179_181_182_184_185_187_188_190_191_193_194_196_197_198_199_200_202_203_205_206_208_209_210_211_212_213_214_215_216_217_218_219_220_221_222_223_224_226_227_228_229_230_231_232_233_234_235_236_237_238_239_240_241_242_243_244_245_247_248_251_252_254_256_257_262_263_265_268_282  1.55e+09  1.30e+09 -243937.98 -35412.79  13177.10    767.26     86.94    188.26  -4357.22  -3204.51      0.00 0
4364 14.0      0_1_2_3_4_5_6_7_9_10_11_12_14_15_16_17_18_19_22_23_24_25_26_27_30_31_33_34_36_37_38_42_49_50_54_60_64_71_72_75_76_84_86_96_99_100_114_122_126_134_143_147_155_165_170_179_188_194_208_210_216_222_240  1.23e+10  1.09e+10 -31531.66  -4751.83  10023.57    780.04     72.55    188.57   3836.83    948.60      0.00 0
4365 14.0      12_17_18_21_22_25_26_30_33_34_38_42_46_49_50_53_54_59_60_63_64_68_71_72_75_76_80_83_84_86_89_90_95_96_99_100_104_107_108_111_112_114_121_125_130_133_137_141_146_152_154_162_168_173_176_178_185_197_199_202_203_212_218_220_224_233_235_241_243_244_251_255_256_259_264_268_271_272_279  1.91e+10  1.69e+10 -15235.48  45826.24  11504.89    786.21     76.60    108.39   4189.14  -4580.39      0.00 0
4366 14.0      0_1_2_3_4_5_6_7_8_9_10_11_12_13_14_15_16_17_18_19_20_21_22_23_24_25_26_27_28_29_30_31_32_33_34_35_36_37_38_39_40_41_42_43_44_45_46_47_48_49_50_51_52_53_54_55_56_57_58_59_60_61_62_63_64_65_66_67_68_69_70_71_72_73_74_75_76_77_78_79_80_81_82_83_84_85_86_87_88_89_90_91_92_93_94_95_96_97_98_99_100_101_102_103_104_105_106_107_108_109_110_111_112_113_114_115_116_117_118_119_120_121_122_123_124_125_126_127_128_129_130_131_132_133_134_135_136_137_138_139_140_141_142_144_145_146_147_148_149_150_151_152_153_156_157_158_159_160_161_162_163_166_167_168_169_171_172_173_174_175_180_181_182_183_184_185_189_190_191_192_195_196_197_198_199_200_201_204_205_206_207_211_212_213_214_219_220_223_224_225_226_227_230_231_234_235_237_238_242_243_246_249_250_252_253_254_255_257_258_260_261_263_264_266_267_269_270_271_273_274_275_276_277_278_279_280_281_283_284_285_286_287_288_289_290_291_292_293_294_295_296_297_298  3.55e+10  3.28e+10   9287.32 -182703.45  13851.62    851.94     85.67    272.91   -318.84    799.81      0.00 0
4367 14.0      52_58_62_66_82_88_102_106_110_128_136_140_157_167_172_190_196_205_213_219_230_237  5.25e+10  4.75e+10   -435.84 -19974.31   7918.34    874.98     68.38    268.75  -1921.10  -4690.73      0.00 0
4368 14.0      22_30_34_42_50_54_60_64_72_76_84_96_100_108_114_122_126_134_143_147_155_165_170_179_188_194_208_210_216_222_236_240  8.91e+10  8.25e+10  29779.37   1222.09   9203.22    893.59     72.84      2.35   6458.24   1645.72      0.00 0
4369 14.0      116_117_148_157_158_181_182_191_200_206_214_231_238  1.20e+09  1.06e+09   9709.71 -12932.12   7397.08    838.91     65.42    306.90    744.28  -6211.01      0.00 0
4370 14.0      257_260_261_263_266_269_273_275_276_277_278_280_281_283_285_286_287_288_289_290_291_292_293_294_295_296  2.75e+09  2.34e+09  38463.12  -7539.19  11024.61    737.79     74.29    348.91  -2978.72 -10478.99      0.00 0
4371 14.0      21_29_33_41_45_49_53_59_63_67_71_75_83_86_89_95_99_107_114_121_125_133_143_154_164_165_170_193_194_208  4.57e+09  4.15e+09  21558.90   7180.05   8658.94    811.41     69.14     18.42   4186.60   -888.12      0.00 0
4372 14.0      0_1_2_3_4_5_6_7_8_9_10_11_12_13_14_15_16_17_18_19_20_21_22_23_24_25_26_27_28_29_30_31_32_33_34_35_36_37_38_39_40_41_42_43_44_45_46_47_48_49_50_51_52_53_54_55_56_57_58_59_60_61_62_63_64_65_66_67_68_69_70_71_72_73_74_75_76_77_78_79_80_81_82_83_84_85_86_87_88_89_90_91_92_93_94_95_96_97_98_99_100_101_102_103_104_105_106_107_108_109_110_111_112_113_114_115_118_119_120_121_122_123_124_125_126_127_130_131_132_133_134_135_137_138_139_142_143_144_145_146_147_149_150_152_153_154_155_156_159_160_163_164_165_166_169_170_171_174_176_177_178_179_180_183_186_187_188_189_192_193_194_195_201_202_204_207_208_209_210_215_216_221_222_225_229_232_236_239_240_247  2.40e+09  2.09e+09 272343.00 -12033.66  12474.43    753.13     87.38    357.47    218.91   2476.84      0.00 0
4373 14.0      161_172_175_184_196_198_211_213_217_219_223_230_234_237_242_249_252_254_257_260_261_263_266_269_273_275_276_277_278_280_283_285_286_287_288_289_290_292_293_294_295_296_297_298  1.32e+10  1.17e+10  53322.51 -71355.52  13471.79    799.33     81.40    306.77  -3121.62  -9936.13      0.00 0
4374 14.0      88_91_102_103_106_110_111_116_117_120_128_129_136_137_140_141_145_148_151_152_157_158_161_162_167_168_172_173_175_176_181_182_184_185_190_191_196_197_198_199_200_202_203_205_206_211_212_213_214_217_218_219_220_223_224_226_227_228_230_231_233_234_235_237_238_241_242_243_244_245_246_248_250_251_253_254_255_256_258_259_262_264_265_268_271_272_282  2.34e+09  2.06e+09  71565.70  -5129.88  12006.72    948.50     80.50    355.90  -1565.63  -5573.00      0.00 0
4375 14.0      0_1_2_3_4_5_6_7_8_9_10_11_12_13_14_15_16_17_18_19_20_21_22_23_24_25_26_27_28_29_30_31_32_33_34_35_36_37_38_39_40_41_42_43_44_45_46_47_48_49_50_51_52_53_54_55_56_57_58_59_60_61_62_63_64_65_66_67_68_69_70_71_72_73_74_75_76_77_78_79_80_81_82_83_84_85_86_87_88_90_92_93_94_96_97_98_99_100_101_102_104_105_106_108_109_110_112_113_114_115_118_119_120_122_123_124_126_127_130_131_132_134_135_136_138_139_140_142_143_144_145_147_149_150_151_153_155_156_159_160_161_163_165_166_169_171_174_175_177_179_180_183_184_186_188_189_192_194_195_198_201_204_207_210_216_217_225  6.31e+09  5.39e+09 -215692.56 -132435.61  13264.71    730.18     87.00    211.55  -1403.40   2823.94      0.00 0
4376 14.0      129_141_148_158_162_168_173_181_182_185_190_191_197_199_200_205_206_212_213_214_218  4.57e+09  3.97e+09  21742.21   6909.57   8729.97    800.25     69.06     17.63   1693.28  -5597.77      0.00 0
4377 14.0      91_102_116_117_128_129_140_141_148_157_158_167_168  1.26e+09  1.13e+09  16839.03  -2213.91   7661.41    817.03     65.72    352.51    163.49  -4658.78      0.00 0
4378 14.0      182_191_197_206_212_214_220_224_231_235_238_243_244_255_256_258_259_264_268_271_272  1.58e+09  1.42e+09  27133.48  -7970.38   9748.59    752.00     70.98    343.63   4823.65  -7630.79      0.00 0
4379 14.0      0_1_2_3_4_5_6_7_8_9_10_11_12_13_14_15_16_17_18_19_20_21_22_23_24_25_26_27_28_29_30_31_32_33_34_35_36_37_38_39_40_41_42_43_44_45_46_47_48_49_50_51_52_53_54_55_56_57_58_59_60_61_62_63_64_65_66_67_68_69_70_71_73_74_75_77_78_79_80_81_82_83_85_87_88_89_91_92_93_95_101_102_103_104_105_107_109_110_111_115_116_117_118_119_127_128_129_135_137_139_141_148_149_156_157_158_160_162_166_168_171_173_180_181_182_189_191_195_197_199_200_204_205_206_212_214_220_226_227_231_235_238_243_246_250_253_255_258_261_264_267_270_271_274_277_279_281_284_287_289_291_295  1.12e+10  1.02e+10 -20037.11  64173.93  12387.41    835.49     79.56    107.34   1256.05  -5027.23      0.00 0
4380 14.0      0_1_2_3_4_5_6_7_8_9_10_11_12_13_14_15_16_17_18_19_20_21_22_23_24_25_26_27_28_29_30_31_32_33_34_35_36_37_38_39_40_41_42_43_44_45_46_47_48_49_50_51_52_53_54_55_56_57_58_59_61_62_63_64_65_66_67_68_69_70_73_74_77_78_79_80_81_82_83_87_88_89_90_91_92_93_101_102_103_104_105_107_109_111_115_116_117_118_119_127_128_129_135_139_141_148_149_156_157_158_160_166_168_171_173_180_181_182_189_191_195_197_200_201_204_206_214_220_225_227_231_238_243_250_253_258_267_270_274_281_284_291  2.24e+09  1.98e+09 -14608.13  53325.18  11621.17    852.57     78.13    105.32   -516.31    477.78      0.00 0
4381 14.0      60_64_76_84_90_96_104_108_112_118_130_138_142_159_169_183_192_207  2.95e+10  2.67e+10  -4540.36  16450.01   7282.40    901.82     66.89    105.43   1832.40   4059.36      0.00 0
4382 14.0      0_1_2_3_4_5_6_7_8_9_10_11_12_13_14_15_16_17_18_19_20_21_22_23_24_25_26_27_28_29_30_31_32_33_34_35_36_37_38_39_40_41_42_43_44_45_46_47_48_49_50_51_52_53_54_55_56_57_58_59_60_61_62_63_64_65_66_67_68_69_70_71_72_73_74_75_76_77_78_79_80_81_82_83_84_85_86_87_88_90_92_93_94_95_96_97_98_99_100_104_105_106_108_112_113_114_120_122_123_124_125_126_131_132_133_134_138_143_145_147_151_153_155_163_164_165_170_175_177_179_186_188_193_194_208_210_216_221_222_236_240  1.00e+10  8.75e+09 -83184.25 -20678.49  13637.42    755.31     80.96    193.96   3868.95   1317.67      0.00 0
4383 14.0      106_110_116_120_124_128_136_140_145_148_151_157_161_167_172_175_181_182_184_190_196_198_200_205_206_211_213_214_217_219_223_226_227_230_231_237_238_246_249_250_252_253_258_260_261_266_267_270_274_275_277_281_284_287_289_291  2.29e+10  2.06e+10  32839.58 -33023.51  11000.67    854.12     76.71    314.84   -260.45  -7506.44      0.00 0
4384 14.0      0_1_2_3_4_5_6_7_8_9_10_11_12_13_14_15_16_17_18_19_20_21_22_23_24_25_26_27_28_29_30_31_32_33_34_35_36_37_38_39_40_41_42_43_44_45_46_47_48_49_50_51_52_53_54_55_56_57_58_59_60_61_62_63_64_65_66_67_68_71_72_73_75_76_77_78_79_80_81_82_83_84_86_87_88_89_90_91_92_95_96_99_100_101_102_103_104_105_107_108_109_111_112_114_115_116_117_118_121_122_125_126_127_128_129_130_137_138_139_141_142_146_148_149_152_156_157_158_159_162_163_166_168_169_171_173_174_180_181_182_183_185_189_191_192_195_197_199_200_201_204_206_207_212_214_220_224_225_226_227_231_235_238_243_244_246_250_253_255_258_261_264_267_270_271_274_275_277_279_281_284_287_289_291_295  1.66e+10  1.49e+10  14562.89 -85465.85  12926.12    880.77     81.52    279.67    484.67   2769.03      0.00 0
4385 14.0      200_205_213_226_230_237_242_249_252_257_263_269_273_278  1.58e+09  1.38e+09 -17984.41  -9728.19   8486.12    775.64     67.46    208.41  -2289.39  -8245.40      0.00 0
4386 14.0      250_253_258_261_267_270_274_277_279_281_284  2.09e+10  1.84e+10  20692.72  -2522.42   8698.66    748.71     67.35    353.05   3094.40  -9832.66      0.00 0
4387 14.0      0_1_2_6_7_10_11_14_15_16_19_22_23_24_27_30_31_32_36_37_39_42_43_46_47_48_51_52_56_57_58_61_64_65_68_69_70_73_74_77_80_81_82_85_87_90_92_93_94_97_98_101_104_105_109_112_113_115_118_119_120_123_124_127_130_131_132_135_138_139_142_144_145_149_151_156_159_163_169_174_175_180_183_192_207  8.71e+09  7.95e+09  44448.90  41102.52  12163.08    811.98     78.64     42.76  -3780.64    -21.66      0.00 0
4388 14.0      0_1_2_3_4_5_6_7_8_9_10_11_12_13_14_15_16_17_18_19_20_21_22_23_24_25_26_27_28_29_30_31_32_33_34_35_36_37_38_39_40_41_42_43_44_45_46_47_48_49_50_51_52_53_54_55_56_57_58_59_60_61_62_63_64_65_66_67_68_69_70_71_72_73_74_75_76_77_78_79_80_81_82_83_84_85_86_87_88_89_90_91_92_93_94_95_96_97_98_99_100_101_102_103_104_105_106_107_108_109_110_111_112_113_114_115_116_117_118_119_120_121_123_124_125_126_127_128_129_130_131_132_133_134_135_136_137_139_140_141_143_144_145_146_148_149_150_151_152_154_156_157_158_159_160_161_162_164_166_167_168_171_172_173_176_178_180_181_182_183_185_187_189_190_191_195_196_197_199_200_201_202_203_204_205_206_209_212_213_214_218_220_224_226_227_228_229_230_231_233_235_238_241_243_244_245_246_247_248_250_251_253_255_256_258_259_261_262_264_265_267_268_270_271_272_274_277_279_281_282_284_289_291  1.91e+10  1.72e+10 122102.77 -157982.50  14102.27    780.46     85.96    307.70   -676.60   -462.32      0.00 0
4389 14.0      62_82_88_102_106_110_128_136_140_157_161_167_172_190_196_205_211_213_219_230_234_237_242_249_252_257_263_266_269_273_280_283_288_290_292_296  3.55e+10  3.43e+10   -947.32 -23382.58   7545.03   1098.50     72.13    267.68  -2277.47  -6960.93      0.00 0
4390 14.0      9_13_20_21_28_29_33_35_40_41_44_45_52_53_55_59_62_63_66_67_75_78_79_82_83_88_89_91_95_99_102_103_106_107_110_116_120_125_128_136_140_145_151_161_175_184  2.09e+10  1.90e+10 -26825.45  -8088.86   9461.93    797.89     71.34    196.78   -982.03  -2806.53      0.00 0
4391 14.0      154_164_165_170_176_178_187_188_193_194_202_203_208_209_215_216_221_222_228_229_232_233  1.29e+10  1.16e+10   2272.17  22291.73   8700.19    794.14     68.78     84.18   6282.27  -1361.21      0.00 0
4392 14.0      92_101_104_109_112_115_118_127_130_135_138_139_142_149_150_153_156_159_160_163_166_169_171_174_177_180_183_186_189_192_195  2.82e+09  2.43e+09 -38321.72    949.95  10659.65    786.33     74.46    178.58   -272.46   4840.42      0.00 0
4393 14.0      185_197_199_202_203_209_212_214_218_220_224_228_229_231_232_233_235_238_241_243_244_245_247_248_250_251_253_255_256_258_259_261_264_267_268_270_271_272_274_275_276_277_279_281_284_286_287_288_289_291_293_294_295_296_297_298  1.00e+11  9.28e+10 -28981.73 -38460.05  10843.86    908.85     77.31    233.00   1540.73 -10950.97      0.00 0
4394 14.0      0_1_2_3_4_6_7_10_11_12_14_15_17_18_19_22_23_24_25_26_27_30_31_34_36_37_38_39_42_43_46_47_49_50_51_54_56_57_60_61_64_65_68_69_70_71_72_73_76_77_80_81_84_85_86_87_90_92_93_96_97_99_100_101_104_105_108_109_112_113_114_115_118_119_122_123_126_127_130_131_133_134_135_138_139_142_143_144_147_149_150_153_155_156_159_160_163_164_165_166_169_170_171_174_177_179_180_183_186_188_189_192_193_194_195_201_204_207_208_210_216_221_222_225_236_240  1.78e+10  1.56e+10 -204622.27  17470.37  13712.44    824.55     86.18    175.12  -2280.19   4905.77      0.00 0
4395 14.0      273_278_280_283_285_290_292  9.33e+09  8.10e+09  18113.72   1025.40   8352.39    727.46     65.28      3.24  -4098.69 -10687.61      0.00 0
4396 14.0      212_220_235_238_243_253_258_264_270_274_281_284_291  4.57e+10  4.23e+10   4649.15  17423.81   7800.01    828.59     66.61     75.06   3122.14  -8121.54      0.00 0
4397 14.0      0_1_2_3_4_5_6_7_8_9_10_11_12_13_14_15_16_17_18_19_20_21_22_23_24_25_26_27_28_29_30_31_32_33_34_35_36_37_38_39_40_41_42_43_44_45_46_47_48_49_50_51_52_53_54_55_56_57_58_59_60_61_62_63_64_65_66_67_68_69_70_71_72_73_74_75_76_77_78_79_80_81_82_83_84_86_87_88_89_90_91_92_94_95_96_99_100_101_102_103_104_105_106_107_108_109_110_111_112_114_115_116_117_118_121_122_125_126_127_128_129_130_133_134_136_137_138_139_140_141_142_143_146_147_148_149_152_153_154_155_156_157_158_159_162_163_164_165_166_167_168_169_170_172_173_174_176_177_178_179_180_181_182_183_185_186_187_188_189_190_191_192_193_194_195_196_197_199_200_201_202_203_204_205_206_207_208_209_210_212_213_214_215_216_218_219_220_221_222_224_225_226_227_228_229_230_231_232_233_235_236_237_238_239_240_241_243_244_245_246_247_248_249_250_251_252_253_255_256_257_258_259_260_261_262_264_265_266_267_268_269_270_271_272_274_275_276_277_279_280_281_282_283_284_286_287_288_289_290_291_293_294_295_296_297_298  8.91e+10  8.13e+10   2182.82 240506.38  12731.20    856.42     86.97     89.48   2674.37 -10582.89      0.00 0
4398 14.0      122_147_155_177_179_188_210  6.46e+10  5.90e+10 -17265.56  -3967.03   7902.25    796.37     65.96    192.94   6128.25   3039.41      0.00 0
4399 14.0      46_56_68_80_90_104_108_112_130_138_142_153_163_186  3.16e+09  2.77e+09  13681.83   7070.79   7155.41    857.21     65.08     27.33   2098.09   3540.62      0.00 0
