#event_number primary_type du_ids energy_primary em_energy Xmax_pos(x, y, z), Xmax_grams zenith azimuth shower_core_pos_x shower_core_pos_y shower_core_pos_z, N_tested_cores, units are degrees, GeV and meters
105600 5626.0    63_67_75_79_83_89_91_95_99_103_107_111_114_116_117_121_125_128_129_133_137_141_143_146_148_152_154_157_158_162_164_165_167_168_170_173_176_178_181_182_185_187_190_191_193_194_196_197_199_200_202_203_205_206_208_209_213_215_216_219_221_222_230_232_236_237_239_240  2.19e+08  1.64e+08  48979.43  34193.96  13363.19    623.05     77.39     34.92   5531.16  -1547.13      0.00 0
105601 5626.0    41_45_63_67_79_89_91_103_111_117_129_141_148_158_168_182_191_197_200_206_214_220_227_231_238_246_250_253_258_261_267_270_277_281_284_289_291  6.76e+08  5.39e+08   4229.85 -35525.32  11417.66    627.10     72.30    276.79   1443.82  -7220.37      0.00 0
105602 5626.0    114_126_133_134_143_146_147_153_154_155_164_165_170_176_177_178_179_186_187_188_193_194_202_203_208_209_210_215_216_228_229  8.91e+08  7.14e+08   4473.87 -37463.39  11499.10    643.59     73.05    276.81   5505.75   1080.68      0.00 0
105603 5626.0    0_1_2_5_8_9_11_13_15_16_19_20_23_24_28_29_31_32_35_37_40_41_44_45_47_48_51_52_55_57_58_61_62_66_67_69_70_73_74_78_79_81_82_85_88_89_91_93_94_97_98_102_103_105_106_110_111_113_116_117_119_120_123_124_128_129_131_132_135_136_140_141_144_145_148_150_151_157_158_160_161_167_168_172_173_175_181_182_184_190_191_196_197_198_200_205_206_211_212_213_214_217_219_220_223_226_227_230_231_234_235_237_238_242_243_246_249_250_252_253_255_257_258_260_261_264_266_267_269_270_271_274_275_276_277_279_280_281_284_286_287_288_289_291_293_295_298  1.91e+08  1.46e+08 -69332.30 107253.49  15409.58    636.39     83.12    122.88   2547.73 -10481.95      0.00 0
105604 5626.0    28_29_35_40_41_44_45_53_55_62_63_66_67_78_79_83_88_89_91_95_103_107_111_121_125_137_146_152_176_178  1.70e+08  1.30e+08 -25901.05   2772.60  10476.92    595.25     68.09    173.89   2104.04  -2644.25      0.00 0
105605 5626.0    0_1_2_3_4_5_6_7_8_9_10_11_12_13_14_15_16_17_18_19_20_21_22_23_24_25_26_27_28_29_30_31_32_33_34_35_36_37_38_39_40_41_42_43_44_45_46_47_48_49_50_51_52_53_54_55_56_57_58_59_60_61_62_63_64_65_66_67_68_69_70_71_72_73_74_75_76_77_78_79_80_81_82_83_84_85_86_87_88_89_90_91_92_93_94_95_96_97_98_99_100_101_102_103_104_105_106_107_108_109_110_111_112_113_114_115_116_117_118_119_120_121_122_123_124_125_126_127_128_129_130_131_132_133_134_135_137_138_139_141_142_143_144_146_147_148_149_150_152_154_155_156_158_159_160_162_164_165_166_168_170_171_173_176_178_180_182_183_185_187_189_191_193_194_195_197_199_202_203_204_208_209_212_214_215_218_220_221_224_228_229_232_233_235_238_239_241_243_244_245_247_248_251_255_256_259_262_264_265_268_271_272_279_282  1.51e+08  1.13e+08 -146772.50 126066.09  15703.05    590.33     85.36    139.34   2874.93  -2134.04      0.00 0
105606 5626.0    3_4_5_9_12_13_17_18_21_22_25_26_28_29_33_34_35_38_40_41_44_45_49_50_53_54_55_59_60_63_66_67_71_72_75_76_78_79_83_84_86_88_89_91_95_96_99_100_102_103_107_108_110_111_114_116_117_121_122_125_126_128_129_133_134_137_138_140_141_143_146_147_148_152_153_154_155_157_158_162_163_164_165_167_168_170_172_173_176_177_178_179_181_182_185_186_187_188_190_191_193_194_196_197_199_200_202_203_205_206_208_209_210_211_212_213_214_215_216_218_219_220_221_222_224_226_227_230_231_234_235_236_237_238_239_240_242_243_246_249_250_252_253_254_257_258_260_261_263_266_267_269_270_273_275_276_277_278_280_281_283_285_286_287_288_289_290_292_293_294_295_296_297_298  8.71e+08  6.90e+08  71857.71 107096.98  15082.05    679.83     83.33     56.14   -858.41  -8307.46      0.00 0
105607 5626.0    41_44_45_55_63_66_67_78_79_83_88_89_91_95_102_103_106_107_110_111_116_117_121_125_128_129_136_137_140_141_146_148_151_152_154_157_158_161_162_167_172_175_176_178_184_198_217  4.17e+08  3.32e+08 -37069.65  -6816.93  11624.15    625.65     72.86    190.42    199.03  -3574.80      0.00 0
105608 5626.0    200_206_226_227_246_249_250_260_261_275_276_277_286_287  1.26e+08  9.53e+07  -4121.27 -23277.82  10436.27    555.50     66.18    259.96    186.07  -9193.05      0.00 0
105609 5626.0    0_1_2_3_4_5_6_7_8_9_10_12_13_14_17_18_21_22_25_26_27_28_29_30_33_34_35_36_38_41_42_44_45_46_49_50_53_54_55_56_59_60_63_64_67_68_71_72_75_76_78_79_80_83_84_89_90_91_92_103_104_107_108_111_112_116_117_118_129_130_148_158_168_181_182_191_200_206  2.29e+08  1.75e+08  -1430.87 -40568.73  12047.60    606.44     73.47    267.98    955.61  -1347.90      0.00 0
105610 5626.0    21_29_33_35_41_44_45_49_53_55_59_63_66_67_71_75_78_79_83_86_88_89_91_95_99_102_103_107_110_111_114_116_117_121_125_128_129_133_134_136_137_140_141_143_146_148_152_154_157_158_161_162_164_165_167_168_170_172_173_176_178_181_182_184_185_187_188_190_191_193_194_196_197_198_199_200_202_203_205_206_208_209_211_212_213_214_215_216_217_218_219_220_221_222_223_224_226_227_228_229_230_231_232_233_234_235_236_237_238_239_240_241_242_243_244_245_246_247_248_249_250_251_252_253_254_255_256_257_258_259_260_261_262_263_264_265_266_267_268_269_270_271_272_273_274_275_276_277_278_280_281_282_283_285_286_287_288_290_292_294_296  2.24e+08  1.68e+08 -154149.66 -92110.56  15584.28    620.00     85.04    210.86   -728.19  -7193.95      0.00 0
105611 5626.0    2_5_8_11_13_16_20_23_24_28_29_31_32_35_37_40_41_44_45_47_48_52_55_57_58_62_63_66_67_69_70_73_74_78_79_82_85_88_89_91_93_94_97_98_102_103_106_110_111_113_116_117_119_120_123_124_128_129_131_132_136_137_140_141_144_145_148_151_157_158_161_162_167_168_172_173_175_181_182_184_190_191_196_197_198_199_200_205_206_211_212_213_214_217_219_220_223_224_226_227_230_231_235_237_238_241_243_244_246_249_250_253_255_256_258_259_260_261_264_267_270_271_272_274_277_279_281_284_289_291  7.08e+08  5.52e+08  83729.07 -79206.33  15214.82    638.97     82.48    316.59  -1377.94  -4123.70      0.00 0
105612 5626.0    0_1_2_3_4_5_6_7_8_9_10_11_13_14_15_16_17_19_20_21_23_24_27_28_29_30_31_32_35_36_37_39_40_41_43_44_45_47_48_51_52_55_56_57_58_61_62_65_66_67_69_70_73_74_77_78_79_81_82_85_87_88_91_92_93_94_97_98_101_102_103_105_106_109_110_115_116_117_119_123_127_128_129_135_139_140_148_150_156_157_158_160_166_167_171_181_182_189_190_191_195_200_205_206_226_227_231_246_250_261  2.95e+08  2.28e+08 -12706.73  55748.71  13379.51    600.50     76.83    102.84  -1473.60     97.95      0.00 0
105613 5626.0    128_136_140_145_151_157_161_167_172_175_181_184_190_196_198_200_205_211_213_217_219_223_226_227_230_231_237_246_249_250_252_253_260_261_267_277_281  1.95e+08  1.53e+08  28537.20 -27156.62  11983.71    599.94     73.08    316.42  -2066.37  -6214.94      0.00 0
105614 5626.0    0_3_4_5_6_9_10_12_14_17_18_21_22_25_26_29_30_33_34_38_41_49_50_53_59_63_67_71_72_75_83_86_89_95_99_107_111_121_125_133_137_146_152_154_162_176_178_185_199_202_203_209_218_224_228_229_233_241_245_248_251_256_262_265_268_272_282  6.61e+08  5.23e+08  34525.11 -34296.88  12485.93    639.23     75.61    315.19   5775.48  -4613.57      0.00 0
105615 5626.0    2_5_8_9_13_16_17_20_21_24_28_29_32_33_35_40_41_44_45_48_49_52_53_55_58_59_62_63_66_67_74_75_78_79_82_83_88_89_91_94_95_98_102_103_106_107_110_120_121_124_125_132_145  1.48e+08  1.12e+08 -34446.13    264.53  11565.98    588.38     71.44    179.56   -500.73  -1917.00      0.00 0
105616 5626.0    121_125_133_137_141_143_146_152_154_162_164_165_168_170_173_176_178_185_187_188_191_193_194_197_199_202_203_206_208_209_210_212_214_215_216_218_220_221_222_224_228_229_231_232_233_235_236_238_239_240_241_243_244_245_247_248_250_251_253_255_256_258_259_261_264_267_270_271_274_275_277_279_281_284_287_289_291_293_295_297_298  8.91e+08  7.14e+08 -30650.58 -63094.35  13507.85    680.09     79.10    244.09   5820.01  -2600.21      0.00 0
105617 5626.0    0_1_2_3_4_5_6_7_8_9_10_11_12_13_14_15_16_17_18_19_20_21_22_23_24_25_26_28_29_31_32_33_34_35_37_38_40_41_44_45_47_48_49_50_52_53_55_58_59_60_62_63_66_67_69_70_71_72_73_74_75_76_78_79_82_83_85_86_88_89_91_94_95_97_98_99_100_102_103_106_107_110_111_113_114_116_117_120_121_124_125_128_129_132_133_134_136_137_140_141_143_145_146_148_151_152_154_157_158_161_162_164_165_167_168_170_172_173_175_176_178_181_182_184_185_187_188_190_191_193_194_196_197_198_199_200_202_203_205_206_208_209_211_212_213_215_216_217_218_219_221_222_223_224_228_229_232_233_234_236_239_240_241_245_247_248_251_262_265  1.62e+08  1.21e+08 153751.75  12559.65  15996.05    585.31     84.08      4.67   5541.72  -2423.48      0.00 0
105618 5626.0    0_1_2_3_4_5_6_7_8_9_10_11_12_13_14_15_16_17_18_19_20_21_22_23_24_25_26_27_28_29_30_31_32_33_34_35_36_37_38_39_40_41_42_43_44_45_46_47_48_49_50_51_52_53_54_55_56_57_58_59_60_61_62_63_64_65_66_67_68_69_70_71_72_73_74_75_76_77_78_79_80_81_82_83_84_85_86_87_88_89_90_91_92_93_94_95_96_97_98_99_100_101_102_103_104_105_106_107_108_109_110_111_112_113_114_115_116_117_118_119_120_121_122_123_124_125_126_127_128_129_130_131_132_133_134_135_136_137_138_139_140_141_142_143_144_145_146_147_148_149_150_151_152_153_154_155_156_157_158_159_161_162_163_164_165_167_168_169_170_172_173_174_175_176_177_178_179_181_182_183_184_185_186_187_188_190_191_192_193_194_196_198_202_205_208_209_210_211_213_215_216_217_219_221_222_223_232_234_236_237_239_240_242_254_263  3.09e+08  2.37e+08 226055.47 116975.87  14007.51    634.78     86.85     27.36   3637.63   1408.88      0.00 0
105619 5626.0    141_162_168_173_197_199_212_214_220_224_235_238_243_244_255_258_259_264_270_271_274_279_284  1.05e+08  7.85e+07  11749.60 -36269.21  12218.55    555.21     72.23    287.95   4136.13  -8948.53      0.00 0
105620 5626.0    96_100_122_126_138_147_153_163_177_186  5.25e+08  4.20e+08   8475.05  22310.74   9802.85    645.65     67.67     69.20   4366.77   3972.00      0.00 0
105621 5626.0    161_167_172_175_181_184_190_196_198_200_205_206_211_213_217_219_223_226_227_230_231_234_237_242_246_249_250_252_253_254_257_258_260_261_266_267_270_274_277_281_284  7.24e+08  5.80e+08 -39870.12  23279.55  12388.18    625.70     74.98    149.72  -3049.47  -6446.93      0.00 0
105622 5626.0    58_69_70_73_74_82_85_93_94_97_98_106_110_113_119_120_123_124_128_131_132_135_136_140_144_145_150_151_160_161_167_172_175_184_190_196_198_205_211_213_217_219_223_230_234_237_242_249_252_254_257_263_266_269_273_276_278_280_283_285_286_288_290_292_294_296_297  7.59e+08  6.06e+08 -17364.21 101906.02  14601.98    688.04     81.96     99.67  -4388.95  -7037.64      0.00 0
105624 5626.0    141_152_162_168_173_176_185_191_197_199_206_212_214_218_220_224_227_231_235_238_243_246_250_253_260_261_267  4.57e+08  3.62e+08  19217.06  25753.52  11208.82    600.93     70.77     53.27   2673.94  -6309.44      0.00 0
105625 5626.0    65_77_87_92_101_104_105_109_115_118_119_127_135  3.63e+08  2.87e+08  20632.73   3794.26   9547.28    617.13     65.53     10.42  -1531.32   3332.11      0.00 0
105626 5626.0    206_214_220_226_227_230_231_235_238_243_246_249_250_252_253_255_257_258_260_261_264_266_267_269_270_273_275_276_280_283  1.12e+08  8.50e+07  33099.93   8906.26  11575.53    584.77     71.34     15.06    618.33  -8663.92      0.00 0
105627 5626.0    39_43_56_61_65_77_80_87_92_101_115_118_149_156_159_180_183_192_201_207  2.14e+08  1.65e+08  -7594.15 -24027.07  10406.71    588.61     67.56    252.46      5.90   4741.48      0.00 0
105628 5626.0    17_21_25_29_33_38_41_45_49_53_59_63_67_71_72_75_83_86_89_95_99_100_114_125_133_134_143_154_155_164_165_170_188_193_194_208_210_216_221_222_236_240  2.88e+08  2.22e+08  37539.64  16400.67  12157.99    596.57     73.47     23.60   6176.05    518.44      0.00 0
105629 5626.0    0_1_2_3_4_5_6_7_8_9_10_11_12_13_14_15_16_17_18_19_20_21_22_23_24_25_26_27_28_29_30_31_32_33_34_35_36_37_38_39_40_41_42_43_44_45_46_47_48_49_50_51_52_53_54_55_56_57_58_59_60_61_62_63_64_65_66_67_68_69_70_71_72_73_75_76_77_78_79_80_81_83_84_86_87_89_90_91_92_93_95_99_101_103_104_105_107_109_111_115_117_118_119_121_125_127_129_135_137_139_141_149_150_152_156_158_160_162_166_168_171_173_180_185_189_191_195_197_199_204_212_214_218_220_224_235_238_241_243_244_255_259_264_271_279  5.37e+08  4.24e+08 -39596.31  71699.00  14398.04    628.77     80.03    118.91  -2402.82   4786.13      0.00 0
105630 5626.0    153_163_174_177_179_186_188_210_216  1.55e+08  1.20e+08  13564.52 -21523.43  10160.30    627.03     68.23    302.22   4784.55   4592.43      0.00 0
105631 5626.0    7_14_15_19_23_27_30_31_36_37_39_42_43_46_47_51_56_57_61_65_68_69_70_73_77_80_81_85_87_90_92_93_97_98_101_104_105_109_112_113_115_118_119_123_127_130_131_132_135_138_139_142_144_149_150_156_159_160_163_166_169_171_174_180_183_186_189_192_195_201_204_207_225  2.69e+08  2.08e+08 -101901.64 -69460.48  15557.52    612.08     82.81    214.28  -3754.79   2907.13      0.00 0
105632 5626.0    0_1_2_3_4_5_6_7_8_9_10_11_12_14_15_16_17_18_19_22_23_24_25_26_30_31_33_34_37_38_47_49_50_60_71_72_75_76_86  1.62e+08  1.24e+08  24513.56  -2243.85  10647.21    547.59     66.61    354.77    939.33    156.35      0.00 0
105633 5626.0    0_1_2_3_4_5_6_7_8_9_10_11_12_13_14_15_16_17_18_19_20_21_22_23_24_25_26_27_28_29_30_31_32_33_34_35_36_37_38_39_40_41_42_43_44_45_46_47_48_49_50_51_52_53_54_55_56_57_58_59_60_61_62_63_64_65_66_67_68_69_70_71_72_73_74_75_76_77_78_79_80_81_82_83_84_86_87_88_89_90_91_92_95_96_101_102_103_104_106_107_108_109_110_111_112_115_116_117_118_127_128_129_130_138_140_141_142_148_149_156_157_158_159_163_166_167_168_169_174_180_181_182_183_189_190_191_192_196_200_201_204_205_206_207_213_214_225_226_227_230_231_246_249_250_252_260_261_266_267_275_276_277_280_286_287_288_293_294_297  4.07e+08  3.12e+08   5386.92  85861.85  14844.62    592.53     80.21     86.41    527.18   3672.52      0.00 0
105634 5626.0    0_1_2_3_4_5_6_7_8_9_10_11_12_13_14_15_16_17_18_19_20_21_22_23_24_25_26_27_28_29_30_31_32_33_34_35_36_37_38_39_40_41_42_43_44_45_46_47_48_49_50_51_52_53_54_55_56_57_58_59_60_61_62_63_64_65_66_67_68_69_70_71_72_73_74_75_76_77_78_79_80_81_82_83_84_85_86_87_88_89_90_91_92_93_94_95_96_97_98_99_100_101_102_103_104_105_106_107_108_109_110_111_112_113_114_115_116_117_118_119_120_121_122_123_124_125_126_127_128_129_130_131_132_133_134_135_136_137_138_139_140_141_142_143_144_145_146_147_148_149_150_151_152_153_154_155_156_157_158_159_160_161_162_163_164_165_166_167_168_169_170_171_172_173_174_175_176_177_178_180_181_182_183_184_185_186_187_189_190_191_192_195_196_197_198_199_200_201_202_203_204_205_206_207_209_211_212_213_214_217_218_219_220_223_224_225_226_227_228_230_231_233_234_235_237_238_241_242_243_244_246_248_249_250_251_252_253_254_255_256_257_258_259_260_261_263_264_266_267_268_269_270_271_272_273_274_275_276_277_279_280_281_283_284_285_286_287_288_289_290_291_292_293_294_295_296_297_298  8.13e+08  6.40e+08  58743.50 -272159.38  12691.97    699.39     87.39    282.18   1990.68  -9975.36      0.00 0
105635 5626.0    3_9_12_13_17_18_21_25_26_29_33_34_38_41_49_50_53_59_60_71_72_75_76_86_96_100_114_126_134_147_155_165_179_188_210  7.08e+08  5.72e+08 -21720.71 -15700.07  10325.44    630.34     68.93    215.86   3321.24    772.06      0.00 0
105636 5626.0    0_1_2_3_4_5_6_7_8_9_10_11_12_13_14_15_16_17_18_19_20_21_22_23_24_25_26_27_28_29_30_31_32_33_34_35_36_37_38_39_40_41_42_43_44_45_46_47_48_49_50_51_52_53_54_55_56_57_58_59_60_61_62_63_64_65_66_67_68_69_70_71_72_73_74_75_76_77_78_79_80_81_82_83_84_85_86_87_88_90_92_93_94_96_97_98_99_100_101_102_104_105_106_108_109_110_112_113_114_115_118_119_120_122_123_124_126_127_130_131_132_134_135_136_138_139_140_142_143_144_145_147_149_150_151_153_155_156_159_161_163_165_169_174_175_177_179_183_184_186_188_192_194_198_210_216_217_240  2.57e+08  1.96e+08 120389.30  70208.97  15730.92    609.84     83.56     30.25   1438.02   2237.69      0.00 0
105637 5626.0    0_1_2_3_4_5_6_7_8_9_10_12_13_14_16_17_18_20_21_22_25_26_27_28_29_30_33_34_35_36_38_40_41_42_44_45_46_49_50_53_54_55_56_59_60_62_63_64_66_67_68_71_72_75_76_78_79_80_83_84_86_88_89_90_91_95_96_99_100_102_103_104_107_108_110_111_112_114_116_117_121_122_125_126_128_129_130_133_134_137_138_141_142_143_146_147_148_152_153_155_157_158_159_162_163_165_167_168_169_173_174_177_179_181_182_186_190_191_192_196_197_199_200_205_206_212_213_214_219_220_226_227_230_231_237_238_246_249_250_252_253_257_260_261_266_267_269_270_273_275_276_277_280_281_283_286_287_288_289_290_292_293_294_295_296_297_298  9.77e+08  7.84e+08 -24960.71 -86705.57  14209.83    692.78     81.05    253.94    683.31  -5334.22      0.00 0
105638 5626.0    0_1_2_3_4_5_6_7_8_9_10_11_12_13_14_15_16_17_18_19_20_21_22_23_24_25_26_27_28_29_30_31_32_33_34_35_36_37_38_39_40_41_42_43_44_45_46_47_48_49_50_51_52_53_54_55_56_57_58_59_60_61_62_63_64_65_66_67_68_69_70_71_72_73_74_75_76_77_78_79_80_81_82_83_84_85_86_87_88_89_90_91_92_93_94_95_96_97_98_99_100_102_103_104_106_107_108_110_111_112_113_114_116_117_120_121_122_124_125_126_128_129_130_132_133_134_136_137_138_140_141_142_143_145_146_147_148_151_152_153_154_155_157_158_161_162_163_164_165_167_168_170_172_173_174_175_176_177_178_179_181_182_184_185_186_187_188_190_191_193_194_196_197_198_199_200_202_203_205_206_208_209_210_211_213_214_215_216_217_219_221_222_223_226_227_229_230_232_234_236_237_239_240_242_249_252_254_257_263_269_273_278_285  7.08e+08  5.48e+08 -173550.38 -117856.18  15184.81    620.48     85.86    214.18     21.17  -2245.24      0.00 0
105639 5626.0    0_1_2_3_4_5_6_7_8_9_10_12_13_14_17_18_21_22_25_26_27_28_29_30_33_34_35_36_38_41_42_43_45_46_49_50_53_54_55_56_59_60_63_64_67_68_71_72_75_76_77_79_80_83_84_86_89_90_91_92_95_96_99_100_101_103_104_107_108_111_112_114_115_117_118_121_122_125_126_129_130_133_137_138_141_142_146_149_152_154_156_158_159_162_168_169_173_176_180_182_183_185_191_192_197_199_201_203_204_206_207_212_214_218_220_224_225_231_233_235_238_241_243_244_250_253_255_256_258_259_264_267_270_271_272_274_279_281_284_289_291  1.38e+08  1.03e+08 -20793.49  89284.13  14683.71    635.45     80.90    103.11   4330.69 -10292.81      0.00 0
105640 5626.0    111_117_129_141_148_157_158_168_181_182_190_191_196_200_205_206_213_219_226_227_230_234_237_242_246_249_252_254_257_263_266_269_273_278_280_283_285_290_292  2.14e+08  1.64e+08 -39375.96 -36056.14  13024.99    613.41     76.29    222.48  -4236.33  -9945.28      0.00 0
105641 5626.0    9_13_17_21_25_28_29_33_35_38_40_41_44_45_49_53_55_59_62_63_66_67_71_72_75_78_79_83_86_88_89_91_95_99_100_102_103_107_110_111_114_116_117_121_125_128_129_133_134_136_137_140_141_143_146_148_152_154_155_157_158_161_162_164_165_167_168_170_172_173_176_178_181_182_184_185_187_188_190_191_193_194_196_197_198_199_200_202_203_205_206_208_209_210_211_212_213_214_215_216_217_219_221_222_223_226_227_230_232_234_236_237_239_240_242_246_249_252_254_257_263_266_269_273_278_283_285_292  7.41e+08  5.77e+08  80484.74  57091.88  14817.91    643.98     81.46     35.35  -4186.53  -7814.68      0.00 0
105642 5626.0    0_1_4_6_7_10_14_15_19_27_30_36_39_43_46_51_56_61_65_77_80_87_92_101_109_115_127_156_166  1.51e+08  1.17e+08   7922.00 -21210.91   9648.30    641.00     66.92    290.48   -875.22   2808.10      0.00 0
105643 5626.0    21_29_35_41_44_45_53_55_63_66_67_78_79_88_89_91_102_103_110_116_117_128_136_140_148_157_161_167_172_181_190_196_198_205_211_213_219_223_234_237_242_254_257_263_273_278  1.86e+08  1.44e+08 -33790.59 -37096.34  12949.17    593.52     75.53    227.67  -4031.55  -7307.41      0.00 0
105644 5626.0    91_102_103_110_111_116_117_128_129_137_140_141_148_152_157_158_161_162_167_168_172_173_176_181_182_184_185_190_191_196_197_198_199_200_202_203_205_206_211_212_213_214_217_218_219_220_223_224_226_227_228_229_230_231_233_234_235_237_238_241_242_243_244_245_246_248_249_250_251_252_253_254_255_256_257_258_259_260_261_262_263_264_265_266_267_268_269_270_271_272_274_279_282  1.95e+08  1.47e+08 103669.45  -2262.08  15349.21    594.27     81.58    358.75   6443.51  -6709.13      0.00 0
105645 5626.0    0_1_2_3_4_5_6_7_8_9_10_11_12_13_14_15_16_17_18_19_20_21_23_24_25_27_28_29_30_31_32_33_35_36_37_39_40_41_43_44_45_47_48_51_52_53_55_56_57_58_59_61_62_63_65_66_67_69_70_73_74_77_78_79_81_82_83_85_87_88_89_91_93_94_97_98_101_102_103_105_106_107_109_110_111_113_116_117_119_120_123_124_127_128_129_131_132_135_136_137_139_140_141_144_145_148_150_151_157_158_160_161_162_166_167_168_171_172_173_175_181_182_184_190_191_195_196_197_198_199_200_205_206_211_212_213_214_217_219_220_223_224_226_227_230_231_234_235_237_238_242_243_244_246_249_250_252_253_254_255_257_258_259_260_261_263_264_266_267_269_270_271_273_274_275_276_277_278_279_280_281_283_284_285_286_287_288_289_290_291_292_293_294_295_296_297_298  6.61e+08  5.13e+08  92841.36 -172281.05  15161.72    648.63     85.57    298.32  -1221.19  -5392.35      0.00 0
105646 5626.0    0_1_2_3_4_5_6_7_8_9_10_11_12_13_14_15_16_17_18_19_20_21_22_23_24_25_26_27_28_29_30_31_32_33_35_36_37_38_39_40_41_43_44_45_47_48_49_51_52_53_55_56_57_58_59_61_62_63_65_66_67_69_70_73_74_75_77_78_79_81_82_83_85_87_88_89_91_93_94_95_97_98_101_102_103_105_106_107_109_110_111_113_116_117_119_120_121_123_124_128_129_131_132_135_136_137_139_140_141_144_145_148_150_151_152_157_158_160_161_162_167_168_171_173_176_181_182_185_190_191_197_199_200_203_205_206_212_214_218_220_224_227_231_233_235_238_241_243_244_250_251_253_255_256_258_259_264_267_268_270_271_272_274_279_282_284  1.35e+08  1.01e+08 -77200.78  84872.30  15247.28    633.79     82.43    132.29  -1480.24  -1265.14      0.00 0
105647 5626.0    8_13_16_20_28_29_32_35_40_41_44_45_48_52_55_58_62_63_66_67_70_74_78_79_82_88_89_91_94_98_102_103_106_107_111_137  5.75e+08  4.64e+08  25102.94  -9832.68  10160.44    657.53     69.35    338.61   -564.57  -2249.74      0.00 0
105648 5626.0    0_2_3_4_5_8_9_12_13_16_17_18_20_21_25_26_28_29_33_34_35_38_40_41_44_45_49_50_52_53_55_59_60_62_63_71_72_75_76_83_86_95_96_99_100_114_126_133_134_143_155_165_170_179_188_194_210_216_222_240  5.50e+08  4.36e+08 -32697.57 -13031.78  11341.78    629.15     72.14    201.73   3541.59    246.65      0.00 0
105649 5626.0    116_117_128_129_137_141_148_152_157_158_162_167_168_172_173_176_181_182_185_190_191_196_197_198_199_200_202_203_205_206_211_212_213_214_218_219_220_223_224_226_227_228_229_230_231_233_234_235_237_238_241_242_245_246_248_249_251_252_254_257_263_269_273_278  1.66e+08  1.24e+08  60253.53  16698.46  13746.93    595.30     77.60     15.49  -2107.14  -6942.06      0.00 0
105650 5626.0    0_1_2_3_4_5_6_7_9_10_12_14_15_17_18_19_21_22_25_26_27_30_31_33_34_36_38_39_42_43_46_49_50_51_53_54_56_57_59_60_61_64_65_68_71_72_75_76_77_80_81_83_84_86_87_90_92_95_96_99_100_101_104_105_107_108_109_112_114_115_118_119_121_122_125_126_127_130_133_134_135_138_139_142_143_146_149_150_152_154_155_156_159_160_164_165_166_170_171_176_178_180_183_187_189_193_195_202_203_204_209_215_221_228_229_232_239_245_247_248_262  4.68e+08  3.57e+08  59232.66 -54524.50  14558.10    602.01     79.75    317.37  -1117.08   4044.52      0.00 0
105651 5626.0    0_1_4_6_7_10_14_15_19_27_30_31_36_39_43_46_51_56_57_61_65_77_81_87_101_105_109_127_135_139_160_166_171_195  2.29e+08  1.79e+08  14779.51 -25485.74  10664.77    631.31     70.10    300.11  -1816.34   3509.98      0.00 0
105652 5626.0    112_122_130_138_142_147_149_153_155_159_163_169_174_177_179_180_183_186_188_192_194_201_204_207_208_210_216_222_225_236_240  6.76e+08  5.29e+08  91384.99 -65256.49  14863.36    677.63     82.46    324.47   5825.49   5113.57      0.00 0
105653 5626.0    96_100_108_114_122_126_133_134_138_142_143_147_153_154_155_163_164_165_169_170_174_177_178_179_186_187_188_193_194_202_208_209_210_215_216_221_222_228_229_232_236_239_245_247_248_262_265  2.57e+08  2.01e+08 -21591.29  39782.77  12213.23    639.41     74.90    118.49   5979.24   -370.68      0.00 0
105654 5626.0    116_117_128_140_148_157_158_167_172_190_196  3.80e+08  3.02e+08  19970.73   3266.75   9393.31    621.27     65.10      9.29  -1193.90  -4857.75      0.00 0
105655 5626.0    0_1_2_3_4_5_8_9_11_12_13_16_17_20_21_23_24_25_28_29_32_33_35_37_38_40_41_44_45_48_49_52_53_55_58_59_62_63_66_67_70_71_74_75_78_82_83_85_88_94_98_106_120_124_132_145  2.63e+08  2.05e+08  36884.73   5644.16  11722.13    607.35     72.56      8.70  -2638.36  -1517.46      0.00 0
105656 5626.0    14_22_27_30_36_39_42_43_46_51_54_56_60_61_64_65_68_77_80_81_84_87_90_92_96_101_104_105_108_109_112_115_118_119_122_126_127_130_135_138_142_147_153_155_163_177_179_186_188_210_216_240  1.78e+08  1.38e+08  46083.04   2721.69  12481.76    613.21     74.87      3.38   3472.54   3116.02      0.00 0
105657 5626.0    121_125_133_137_141_143_146_152_154_162_164_165_168_170_173_176_178_185_187_188_191_193_194_197_199_202_203_208_209_210_212_214_215_216_218_220_221_222_224_228_229_231_232_233_235_236_238_239_240_241_243_244_245_247_248_250_251_253_255_256_258_259_261_264_267_270_271_274_275_277_279_281_284_286_287_289_291_293_295_297_298  3.80e+08  2.97e+08 -29101.72 -63681.11  13723.83    649.47     78.91    245.44   4849.92  -4911.14      0.00 0
105658 5626.0    7_11_14_15_19_23_24_27_31_36_37_39_43_46_47_48_51_56_57_61_65_68_69_70_73_74_77_80_81_85_87_92_93_94_97_98_101_104_105_109_112_113_115_118_119_123_124_127_130_131_132_135_142_144_145_149_159_169_175_192  3.89e+08  3.06e+08 -37662.95 -34210.62  12525.79    656.68     76.17    222.25  -3855.81    243.04      0.00 0
105659 5626.0    89_95_99_103_107_111_114_117_121_125_129_133_137_141_143_146_148_152_154_158_162_164_165_168_170_173_176_178_181_182_185_187_191_193_194_197_199_200_205_206_208_212_214_216_220_222_226_227_230_231_238_246_249_250_252_253_260_261_266_269_275_276_280_283_286_288_290_292_296  9.77e+08  7.89e+08 -29947.50 -40708.99  12600.50    642.80     76.00    233.66   1992.22  -5469.40      0.00 0
105660 5626.0    3_5_8_9_13_17_21_28_29_35_40_41_44_45_55_62_66_67_78_79_88_91_102_110_116_117_128_140_148_157_167_172_181_190_196_205_213_219_237  1.78e+08  1.37e+08  12841.19  27313.66  10818.48    622.27     70.28     64.82  -1102.79  -4280.55      0.00 0
105661 5626.0    102_116_128_148_157_181_182_190_200_205_206_226_227_230_231_246_249_250_260_261_267_275_277_287_289_295  6.46e+08  5.19e+08   6802.82 -29774.32  10815.34    628.81     70.50    282.87    128.94  -7856.08      0.00 0
105662 5626.0    0_1_2_3_4_5_6_7_8_9_10_11_13_14_15_16_19_20_23_24_27_28_29_30_31_32_35_36_37_39_40_43_44_45_46_47_48_51_52_55_56_57_58_61_62_65_66_69_70_73_74_77_78_79_80_81_82_85_87_88_91_92_93_94_97_98_101_102_105_106_109_110_113_115_116_117_118_119_120_123_124_127_128_131_132_135_136_139_140_144_145_148_149_150_151_156_157_159_160_161_166_167_171_172_175_180_181_182_183_184_189_190_195_196_198_200_201_204_205_207_211_213_217_219_223_225_226_230_234_237_242_246_249_252_254_257_260_263_266_269_273_275_276_278_280_283_285_286_288_290_292_293_294_296_297  8.32e+08  6.40e+08   8977.11 161071.70  15618.76    627.60     84.47     86.81  -3932.66  -9498.18      0.00 0
105663 5626.0    9_13_17_21_25_29_33_41_49_53_59_63_71_75_83_95_99_107_121_125_133_146_154_164_178_187_193_209_215_232  8.13e+08  6.59e+08 -26172.26   2732.34  10185.59    640.91     68.84    174.04   3912.67  -1511.66      0.00 0
105664 5626.0    196_205_211_213_219_223_226_230_234_237_242_246_249_250_252_257_260_261_266_267_269_275_276_277_280_281_286_287_289_291_293_295  2.19e+08  1.71e+08  27183.37 -25251.51  11392.87    649.76     72.93    317.11   -121.13  -9703.39      0.00 0
105665 5626.0    0_1_2_3_4_5_6_7_8_9_10_11_12_13_14_15_16_17_18_19_20_21_22_23_24_25_26_27_28_29_30_31_32_33_34_35_36_37_38_39_40_41_42_43_44_45_46_47_48_49_50_51_52_53_54_55_56_57_58_59_60_61_62_63_65_66_67_68_69_70_71_72_73_74_75_77_78_79_80_81_82_83_85_86_87_88_89_91_93_94_95_97_98_99_101_102_103_105_106_107_109_110_111_113_116_117_119_121_123_125_127_129_131_132_135_137_139_141_144_146_148_150_152_158_160_162_166_168_171_173_176_182_185_191_197_199_203_212_214_218_220_224_228_233_235_238_241_243_244_248_251_255_256_259_264_265_268_271_272_279_282  1.29e+08  9.66e+07  66442.24 -69625.09  15036.44    608.46     81.12    313.66  -2138.44    989.03      0.00 0
105666 5626.0    5_8_9_13_16_17_20_21_28_29_32_33_35_40_41_44_45_49_52_53_55_58_59_62_63_66_67_74_75_78_79_82_83_88_89_91_94_95_98_99_102_103_106_107_110_111_116_117_120_121_124_125_128_129_132_133_136_137_140_141_145_146_148_151_152_154_157_158_161_162_164_167_168_172_173_175_176_178_181_182_184_185_187_190_191_193_196_197_198_199_202_203_209_211_212_215_217_218_221_223_228_229_232_233_239_245_247_248_262  3.16e+08  2.44e+08 -79932.57  -2190.83  14474.00    609.66     79.74    181.57   -268.12  -3407.54      0.00 0
105667 5626.0    0_1_2_3_4_5_6_7_9_10_12_13_14_17_18_21_22_25_26_27_29_30_33_34_36_38_41_45_49_53_59_63_67_71_75_83_89_95_107_111_121_137_152_162  6.61e+08  5.34e+08 -15196.33  21462.55  10179.09    641.51     68.84    125.30   1717.61  -1400.42      0.00 0
105668 5626.0    0_1_2_3_4_5_6_7_8_9_10_11_12_13_14_15_16_17_18_19_20_21_22_23_24_25_26_27_28_29_30_31_32_33_34_35_36_37_38_39_40_41_42_43_44_45_46_47_48_49_50_51_52_53_54_55_56_57_58_59_60_61_62_63_64_65_66_67_68_69_70_71_72_73_74_75_76_77_78_79_80_81_82_83_84_85_86_87_88_89_90_91_92_93_94_95_96_97_98_99_100_101_102_103_104_105_106_107_108_109_110_111_112_113_114_119_120_121_122_123_124_125_126_127_129_131_132_133_134_135_137_139_141_143_144_145_146_147_150_152_154_155_160_162_164_165_170_176_178_179_185_187_188_193_194_199_202_203_208_209_215_216_218_221_222_228_229_232_233_236_239_240_245_247_248_262_265  2.09e+08  1.57e+08 -138118.53  35026.32  15882.17    594.49     83.64    165.77   3458.79   -933.56      0.00 0
105669 5626.0    0_1_2_3_4_5_6_7_8_9_10_11_12_13_14_15_16_17_18_19_20_21_22_23_24_25_26_27_28_29_30_31_32_33_34_35_36_37_38_39_40_41_42_43_44_45_46_47_48_49_50_51_52_53_54_55_56_57_58_59_60_61_62_63_64_65_66_67_68_69_70_71_72_73_74_75_76_77_78_79_80_81_82_83_84_85_86_87_88_89_90_91_92_93_94_95_96_97_98_99_100_101_102_103_104_105_106_107_108_109_110_111_112_113_114_115_116_117_118_119_121_122_123_125_126_127_128_129_130_131_133_134_135_137_138_139_141_142_143_144_146_147_148_149_150_152_153_154_155_156_157_158_159_160_162_163_164_165_166_168_169_170_171_173_174_176_177_178_179_180_182_183_185_186_187_188_189_191_192_193_194_195_197_199_201_202_203_204_206_207_208_209_212_214_215_218_220_221_224_225_228_229_231_232_233_235_236_238_239_241_243_244_245_247_248_251_253_255_256_258_259_262_264_265_268_270_271_272_274_279_282_284  3.63e+08  2.79e+08 -120592.12 181162.53  14836.45    643.72     86.10    123.65   1696.34    116.75      0.00 0
105670 5626.0    0_1_2_3_4_5_6_7_8_9_10_11_12_13_14_15_16_17_18_19_20_21_22_23_24_25_26_27_28_29_30_31_32_33_34_35_36_37_38_39_40_41_42_43_44_45_46_47_48_49_50_51_52_53_54_55_56_57_58_59_60_61_62_63_64_65_66_67_68_69_70_71_72_73_74_75_76_77_78_79_80_81_82_83_84_85_86_87_88_89_90_91_92_93_94_95_96_97_98_99_100_101_102_103_104_105_106_107_108_109_110_111_112_113_114_115_116_117_118_119_120_121_122_123_124_125_126_127_128_129_130_133_134_135_136_137_138_139_140_141_142_143_145_146_147_148_149_150_151_152_153_154_155_156_157_158_159_160_161_162_163_164_165_166_167_168_169_170_171_172_173_174_176_177_178_179_180_181_182_183_184_185_186_187_188_189_190_191_192_194_195_196_197_198_199_200_201_202_203_204_205_206_207_210_211_212_213_214_218_219_220_223_224_225_226_227_230_231_234_235_237_238_241_242_243_244_246_249_250_252_253_254_255_257_258_259_260_261_263_264_266_267_269_270_271_273_274_275_276_277_278_279_280_281_283_284_285_286_287_288_289_290_291_292_293_294_295_296_297_298  3.09e+08  2.34e+08 -21391.20 -235505.14  14794.85    601.44     86.42    264.81    674.24  -3827.33      0.00 0
105671 5626.0    57_69_73_81_85_93_97_98_105_109_113_119_123_124_127_131_132_135_139_144_145_150_160_166_171_175_189_195  4.47e+08  3.50e+08  15904.57  35840.04  11942.97    602.96     73.06     66.07  -4178.25    554.54      0.00 0
105672 5626.0    0_1_4_6_7_10_11_12_14_15_18_19_22_23_26_27_30_31_34_36_37_38_39_42_43_46_47_50_51_54_56_57_60_61_64_65_68_69_72_73_76_77_80_81_84_85_86_87_90_92_93_96_97_100_101_104_105_108_109_112_113_114_115_118_119_122_123_126_127_130_131_134_135_138_139_142_143_144_147_149_150_153_155_156_159_160_163_165_166_169_170_171_174_177_179_180_183_186_188_189_192_194_195_201_204_207_208_210_216_222_225_240  7.76e+08  6.12e+08 -206441.84  -7966.78  14953.93    653.69     85.86    182.21   5982.12   5066.86      0.00 0
105673 5626.0    244_255_256_259_264_271_272_274_279  1.29e+08  1.00e+08  -9932.58 -20473.52   9970.11    598.14     66.34    244.12   4813.94  -9045.76      0.00 0
105674 5626.0    116_117_129_141_148_157_158_162_168_173_182_185_191_197_199_203_212_214_218_220_224_228_233_235_241_244_248_251_256_262_265_268_282  2.19e+08  1.69e+08 -37765.09   6258.74  11630.42    632.82     73.10    170.59   4707.08  -5693.55      0.00 0
105675 5626.0    0_1_2_3_4_5_6_7_8_9_10_11_12_13_14_15_16_17_18_20_21_22_24_25_26_28_29_30_32_33_34_35_38_40_41_42_44_45_46_48_49_50_52_53_54_55_58_59_60_62_63_64_66_67_68_71_72_74_75_76_78_79_82_83_84_86_88_89_90_91_94_95_96_99_100_102_103_106_107_108_110_111_114_116_117_120_121_122_125_126_128_129_133_134_136_137_138_140_141_143_146_147_148_151_152_153_154_155_157_158_161_162_163_164_165_167_168_170_172_173_175_176_177_178_179_181_182_184_185_186_187_188_190_191_193_194_196_197_198_199_200_205_206_208_209_210_211_213_214_215_216_217_219_221_222_223_226_227_230_234_236_237_240_242_246_249_252_254_257_263_266_269_273_278_280_283_285_292  1.29e+08  9.63e+07  99759.88  92120.27  15831.21    595.42     83.35     42.72   3316.62   -614.49      0.00 0
105676 5626.0    151_161_167_172_175_184_190_196_198_205_211_213_217_219_223_226_227_230_234_237_242_246_249_250_252_254_257_260_261_266  3.02e+08  2.35e+08  31988.87 -26633.21  11975.01    628.82     73.95    320.22  -3897.40  -5861.65      0.00 0
105677 5626.0    85_93_94_97_98_113_119_123_124_131_132_144_150  5.01e+08  4.00e+08   5585.40 -25616.95  10069.70    656.02     68.99    282.30  -4328.03   1732.10      0.00 0
105678 5626.0    29_35_44_45_55_66_67_78_79_91_102_103_116_117_128_148_157_158_167_181_182_190_196_200_205_213_219_226_227_230_237_242_246_249_252_257_260_263_266_269_273_276_280_283_285_286_288_290_292_294_296  1.66e+08  1.27e+08 -15318.07 -49090.14  12916.96    609.31     75.90    252.67  -2212.54  -9829.17      0.00 0
105679 5626.0    4_6_7_10_14_18_19_22_26_27_30_34_36_38_39_42_43_46_50_51_54_56_60_61_64_65_68_71_72_76_77_80_81_84_86_87_90_92_96_100_101_104_105_108_109_114_115_118_127_135_139_150_156_160_166_171_195  1.20e+08  9.03e+07  33807.89 -21921.56  12149.84    589.58     73.22    327.04   -980.12   3168.10      0.00 0
105680 5626.0    0_1_2_3_4_5_6_7_8_9_10_11_12_13_14_15_16_17_18_19_20_21_22_23_24_25_26_27_28_29_30_31_32_33_34_35_36_37_38_39_40_41_42_43_44_45_46_47_48_49_50_51_52_53_54_55_56_57_58_59_60_61_62_63_64_65_66_67_68_69_70_71_72_73_74_75_76_77_78_79_80_81_82_83_84_85_86_87_88_89_90_91_92_93_94_95_96_97_98_99_100_101_102_103_104_105_106_107_108_109_110_111_112_113_114_115_116_117_118_119_120_121_122_123_124_125_126_127_128_129_130_131_132_133_134_135_136_137_138_139_140_141_142_143_144_145_146_147_148_149_150_151_152_153_154_155_156_157_158_159_161_162_163_164_165_167_168_169_170_172_174_175_176_177_178_179_181_182_183_184_186_187_188_190_192_193_194_196_198_205_208_209_210_211_213_215_216_217_219_221_222_223_234_236_237_239_240_242_254_263  6.17e+08  4.72e+08 -202870.05 -117694.29  14755.89    610.80     86.40    210.12   2642.03   1342.25      0.00 0
105681 5626.0    0_1_2_3_4_5_6_7_8_9_10_11_12_13_14_15_16_17_18_19_20_21_22_23_24_25_26_27_28_29_30_31_32_33_34_35_36_37_38_39_40_41_42_43_44_45_46_47_48_49_50_51_52_53_54_55_56_57_58_59_60_61_62_63_64_65_66_67_68_69_70_71_72_73_74_75_76_77_78_79_80_81_82_83_84_85_86_87_88_90_92_93_94_96_97_98_99_100_101_102_104_105_106_108_109_110_112_113_114_115_118_119_120_122_123_124_126_127_130_131_132_134_135_136_138_142_143_144_145_147_149_151_153_155_159_161_163_165_169_174_175_177_179_184_186_188_192_194_210_216_217_240  3.02e+08  2.31e+08 110824.79  61481.75  15202.16    661.08     83.16     29.02   4052.29   3490.57      0.00 0
105682 5626.0    55_66_67_78_79_88_89_91_102_103_110_111_116_117_128_136_140  1.41e+08  1.09e+08  22024.23   2365.37   9829.80    604.28     66.07      6.13   -182.35  -3387.54      0.00 0
105683 5626.0    57_69_73_81_85_87_93_97_98_105_109_113_119_123_124_127_131_132_135_139_144_150_156_160_166_171_189_195_204  1.07e+08  8.00e+07 -10218.26 -33443.32  11856.95    559.19     71.27    253.01  -2862.08   3128.09      0.00 0
105684 5626.0    0_1_2_3_4_5_6_7_8_9_10_11_12_13_14_15_16_17_18_19_20_21_22_25_26_27_28_29_30_33_34_35_36_38_39_40_41_42_43_44_45_46_49_50_53_54_55_56_59_60_63_64_65_66_67_68_71_72_75_76_77_78_79_80_83_84_86_89_90_91_92_95_96_99_100_101_102_103_104_107_108_111_112_114_115_116_117_118_121_122_125_126_129_130_133_134_137_138_141_142_143_146_147_148_149_152_153_154_155_156_157_158_159_162_163_168_169_173_174_176_177_180_181_182_183_185_186_191_192_197_199_200_201_204_205_206_207_212_214_220_224_225_226_227_231_235_238_243_246_249_250_253_255_258_260_261_264_267_270_274_275_276_277_281_284_286_287_289_291_293_294_295_297_298  3.09e+08  2.36e+08   4467.39 101911.73  14899.78    644.31     81.69     87.49   2055.99   2631.23      0.00 0
105685 5626.0    146_152_154_164_170_176_178_185_187_193_199_202_203_208_209_212_215_218_220_221_224_228_229_232_233_235_241_243_244_245_248_251_255_256_258_259_264_270_271_274_279_284  1.51e+08  1.14e+08 -13125.79 -38957.50  12067.94    610.05     73.64    251.38   5221.72  -5469.48      0.00 0
105686 5626.0    0_1_2_3_4_5_6_7_8_9_10_11_12_13_14_15_16_17_18_19_20_21_22_23_24_25_26_27_28_29_30_31_32_34_35_36_37_39_40_41_42_43_44_45_46_47_48_51_52_54_55_56_57_58_61_62_64_65_66_67_68_69_70_73_74_77_78_79_80_81_82_85_87_88_90_91_92_94_98_101_102_104_105_106_109_110_115_116_117_118_120_124_127_128_130_136_140_148_149_151_156_157_159_161_167_169_172_180_181_183_184_190_192_196_198_200_201_205_207_211_213_217_219_223_226_230_234_237_242_249_252_254_257_260_263_266_269_273_276_278_280_283_285_288_290_292_296  6.46e+08  5.00e+08 -18388.30 -74248.11  14232.05    621.89     79.46    256.09  -2529.49  -6477.54      0.00 0
105687 5626.0    0_1_2_3_4_5_6_7_8_9_10_11_12_13_14_15_16_17_18_19_20_21_22_23_24_25_26_27_28_29_30_31_32_33_34_35_36_37_38_39_40_42_43_44_46_47_48_49_50_51_52_54_56_57_58_59_60_61_62_64_65_68_69_70_71_72_73_74_75_76_77_80_81_82_84_85_86_87_90_92_93_94_96_97_98_100_101_104_105_106_108_109_112_113_114_115_118_119_120_122_123_124_126_130_131_132_134_135_138_142_143_144_145_147_153_155_163_165_174_177_179_186_188_194_210_216_222_240  2.82e+08  2.17e+08  88390.87  28362.19  14868.92    616.70     80.90     17.79  -1979.25    743.39      0.00 0
105688 5626.0    43_46_56_64_65_68_77_80_87_90_92_101_104_105_108_109_112_115_118_119_122_127_130_135_138_139_149_150_156_160_166_171  2.09e+08  1.63e+08 -34840.58   7973.16  11385.87    630.97     72.33    167.11  -1768.94   3885.55      0.00 0
105689 5626.0    111_117_121_129_137_141_146_148_152_158_162_168_173_176_178_181_182_185_187_190_191_197_199_200_202_203_205_206_212_213_214_220_226_227_230_231_237_246_249_252_257_266_269_273  3.39e+08  2.66e+08  31775.44  25338.77  12115.76    598.15     73.40     38.57   1485.35  -5846.05      0.00 0
105690 5626.0    0_1_2_5_6_7_8_9_11_13_15_16_19_20_23_24_27_28_29_31_32_35_37_39_40_41_44_45_47_48_51_52_55_57_58_61_62_65_66_67_69_70_73_74_78_79_81_82_85_87_88_89_91_93_94_97_98_102_103_105_106_109_110_111_113_116_117_119_120_123_124_128_129_131_132_135_136_139_140_141_144_145_148_150_151_157_158_160_161_167_168_171_172_175_181_182_184_190_191_196_197_198_200_205_206_211_213_214_217_219_220_223_226_227_230_231_234_237_238_242_243_246_249_250_252_253_257_258_260_261_264_266_267_269_270_274_275_276_277_279_280_281_284_286_287_288_289_291_293_294_295_297_298  5.01e+08  3.89e+08 -52410.75 102331.47  15156.80    645.65     82.49    117.12  -1655.45  -3992.22      0.00 0
105691 5626.0    231_235_238_243_244_246_250_253_255_256_258_259_260_261_264_267_270_271_274  5.13e+08  4.11e+08 -23249.07  -7702.40  10024.83    626.88     67.74    198.33   2903.28  -8500.37      0.00 0
105692 5626.0    78_91_102_116_128_140_157_167_172_181_190_196_205_213_219_230_237_242_257  3.89e+08  3.09e+08  10780.82  23569.08  10361.10    608.41     68.21     65.42  -1922.62  -6017.61      0.00 0
105693 5626.0    0_1_2_3_4_5_6_7_8_9_10_11_12_13_14_16_17_18_20_21_22_25_26_27_28_29_30_33_34_35_36_38_40_41_42_43_44_45_46_49_50_53_54_55_56_59_60_63_64_66_67_68_71_72_75_76_77_78_79_80_83_84_86_89_90_91_92_95_96_99_100_102_103_104_107_108_111_112_114_115_116_117_118_121_122_125_126_129_130_133_134_137_138_141_142_143_146_147_148_149_152_153_154_155_157_158_159_162_163_168_169_173_174_176_177_181_182_183_185_186_191_192_197_199_200_201_205_206_207_212_214_218_220_224_226_227_230_231_235_238_243_244_246_249_250_253_255_258_260_261_264_266_267_270_271_274_275_276_277_279_281_284_286_287_288_289_291_293_294_295_297_298  1.23e+08  9.15e+07  -4554.64 -109584.79  15433.95    599.78     81.99    267.62   1902.77  -8264.95      0.00 0
105694 5626.0    275_276_277_281_284_286_287_288_289_290_291_293_294_295_296  1.38e+08  1.07e+08  24066.76   6733.14   9945.08    648.92     68.30     15.63    -33.89 -11174.18      0.00 0
105695 5626.0    53_59_63_67_71_75_79_83_86_89_91_95_99_100_103_107_111_114_116_117_121_125_126_129_133_134_137_141_143_146_148_152_154_155_157_158_162_164_165_168_170_173_176_178_179_181_182_185_187_188_190_191_193_194_197_199_200_202_203_205_206_208_209_210_212_213_214_215_216_218_220_221_222_224_226_227_228_229_230_231_232_233_235_236_237_238_239_240_243_246_249_250_252_253_257_258_260_261_266_267_269_270_273_275_276_277_280_283_285_286_287_288_290_292_293_294_296  4.07e+08  3.18e+08  50450.78  66010.77  14067.27    678.60     80.39     52.61   3828.76  -3130.61      0.00 0
105696 5626.0    0_1_2_3_4_5_6_7_8_9_10_11_12_13_14_15_16_17_18_19_20_21_22_23_24_25_26_27_28_29_30_31_32_33_34_35_36_37_38_39_40_41_42_43_44_45_46_47_48_49_50_51_52_53_54_55_56_57_58_59_60_61_62_63_64_65_66_67_68_69_70_71_72_73_74_75_76_77_78_79_80_81_82_83_84_85_86_87_88_89_90_91_92_93_94_95_96_97_98_99_100_101_102_103_104_105_106_107_108_109_110_111_112_113_115_116_117_118_119_120_121_122_123_124_125_127_128_129_130_131_132_135_136_137_138_139_140_141_142_144_145_148_149_150_151_152_156_157_158_159_160_161_162_166_167_168_169_171_172_173_174_175_180_181_182_183_184_189_190_191_192_195_196_197_198_199_200_201_204_205_206_207_211_212_213_214_217_219_220_223_224_225_226_227_230_231_234_235_237_238_242_243_246_249_250_252_253_254_255_257_258_260_261_263_264_266_267_269_270_271_273_274_275_276_277_278_279_280_281_283_284_285_286_287_288_289_290_291_292_293_294_295_296_297_298  3.47e+08  2.65e+08  40874.73 -315148.62  11819.38    621.68     87.87    277.39  -4233.44  -9998.88      0.00 0
105697 5626.0    0_1_2_3_5_8_9_11_13_15_16_17_20_21_23_24_28_29_31_32_33_35_37_40_41_44_45_47_48_52_53_55_57_58_62_63_66_67_69_70_73_74_78_79_82_83_85_88_89_91_93_97_102_103_107_111_116_117_123_129_137_141_148_152_158_162_168_173_182_185_191_197_199_212_214_218_220_224_235_238_241_243_244_251_255_256_258_259_264_268_271_272_279  2.40e+08  1.85e+08 -38463.80  41060.20  13258.29    608.32     76.74    133.13   3131.93  -5544.44      0.00 0
105698 5626.0    75_95_99_107_111_121_125_137_141_146_152_162_168_173_176_185_197_199_203_212_214_218_220_224_235_238_241_243_244_255_256_258_259_264_270_271_274_279_284_291  2.14e+08  1.65e+08  -8639.50  55423.77  13146.19    621.38     76.81     98.86   4538.71  -9903.64      0.00 0
105699 5626.0    10_14_19_22_27_30_34_36_39_42_43_46_51_54_56_60_61_64_65_68_76_77_80_81_84_87_90_92_93_96_100_101_104_105_108_109_112_115_118_119_122_123_126_127_130_134_135_138_139_142_144_147_149_150_153_155_156_159_160_163_165_166_169_171_174_177_179_180_183_186_188_189_192_194_195_201_204_207_210_216_222_240  1.10e+08  7.96e+07 -92822.08  11578.05  15334.76    564.51     80.69    172.89  -1511.56   4187.17      0.00 0
