#event_number primary_type du_ids energy_primary em_energy Xmax_pos(x, y, z), Xmax_grams zenith azimuth shower_core_pos_x shower_core_pos_y shower_core_pos_z, N_tested_cores, units are degrees, GeV and meters
4400 14.0      148_157_158_161_167_168_172_173_181_182_184_190_191_196_197_198_199_200_205_206_211_212_213_214_217_219_220_223_224_226_227_230_231_234_235_237_238_241_242_243_244_246_249_250_251_252_253_254_255_256_257_258_259_260_261_263_264_265_266_267_268_269_270_271_272_273_274_275_276_277_278_279_280_281_282_283_284_285_286_287_288_289_290_291_292_293_294_295_296  3.80e+09  3.26e+09 -137314.30  16252.22  14972.39    704.53     83.82    173.25   2264.04  -8991.09      0.00 0
4401 14.0      0_1_2_3_4_5_6_8_9_10_11_12_13_16_17_18_20_21_22_24_25_26_28_29_32_33_34_35_38_40_41_44_45_48_49_50_52_53_54_55_58_59_60_62_63_66_67_71_72_74_75_76_78_79_82_83_84_86_88_89_91_94_95_96_98_99_100_102_103_106_107_110_111_114_116_117_120_121_122_124_125_126_128_129_133_134_136_137_140_141_143_145_146_147_148_151_152_154_155_157_158_161_162_164_165_167_168_170_172_173_175_176_177_178_179_181_182_184_185_187_188_190_191_193_194_196_198_200_202_205_208_209_210_211_213_215_216_217_219_221_222_223_230_234_236_237_239_240_242_254_257_263_278  5.89e+10  5.29e+10  91716.29  52590.21  13768.71    821.52     82.58     29.83  -4073.91  -5365.40      0.00 0
4402 14.0      13_21_28_29_33_35_40_41_44_45_52_53_55_59_62_63_66_67_75_78_79_82_83_88_89_91_94_95_99_102_103_106_107_110_111_116_117_120_121_125_128_129_133_136_137_140_141_145_146_148_151_152_154_157_158_161_162_164_167_168_172_173_175_176_178_181_182_184_185_187_190_191_193_196_198_199_202_203_209_211_215_217_219_221_223_228_229_232_234_239_247  1.00e+11  9.14e+10  59335.14  12190.55  11950.13    850.59     78.84     11.61  -1143.12  -3942.09      0.00 0
4403 14.0      0_1_2_3_4_5_6_7_8_9_10_11_12_13_14_15_16_17_18_19_20_21_22_23_24_26_27_28_29_30_31_32_34_35_36_39_40_41_42_43_44_45_46_51_52_54_55_56_61_62_64_65_66_68_77_78_79_80_87_88_90_91_92_101_102_104_115_118_127_130_149_156_159_180_183_201_204_207_225  1.62e+09  1.47e+09   -980.58 -31553.39   9579.25    857.90     73.12    268.22   -153.25   2113.54      0.00 0
4404 14.0      205_230_237_249_252_257_266_269_280_283_290_292  2.29e+09  2.06e+09  -5816.37 -15112.73   7366.09    846.34     65.54    248.95  -2052.04  -9347.86      0.00 0
4405 14.0      235_238_243_244_253_255_258_264_267_270_274_277_281_284_287_289_291_293_295_297_298  2.45e+09  2.15e+09 -15711.22 -21824.26   9654.96    737.00     70.25    234.25   2022.48 -10405.02      0.00 0
4406 14.0      0_1_2_3_4_5_6_7_8_9_10_11_12_13_14_15_16_17_18_19_20_21_22_23_24_25_26_27_28_29_30_31_32_33_34_35_36_37_38_39_40_41_43_44_45_46_47_48_49_50_51_52_53_55_56_57_58_59_61_62_63_65_66_67_69_70_71_72_73_74_75_77_78_79_81_82_83_85_87_88_89_91_93_94_95_97_98_99_102_103_105_106_107_109_110_111_113_116_117_119_120_121_123_124_125_128_129_131_132_135_136_137_139_140_141_144_145_146_148_150_151_152_154_157_158_160_161_162_167_168_172_173_175_176_178_181_182_184_185_190_191_196_197_198_199_200_202_203_205_206_211_212_213_214_217_218_219_220_223_224_226_227_228_229_230_231_233_234_235_237_238_241_242_243_244_245_246_248_249_250_251_252_253_254_255_256_257_258_259_260_261_262_263_264_265_266_267_268_269_270_271_272_273_274_275_276_277_279_280_281_282_284_286_287_288_289_291_293_295_298  3.09e+09  2.89e+09 195175.27 -162498.52  12776.53    793.32     87.12    320.22    951.70  -5974.69      0.00 0
4407 14.0      0_1_2_3_4_5_6_7_8_9_10_11_12_13_14_15_16_17_18_19_20_21_22_23_24_25_26_27_28_29_30_31_32_33_34_35_36_37_38_39_40_41_42_43_44_45_46_47_48_49_50_51_52_53_54_55_56_57_58_59_60_61_62_63_64_65_66_67_68_69_70_71_72_73_74_75_76_77_78_79_80_81_82_83_84_85_86_87_88_89_90_91_92_93_94_95_96_97_98_99_100_101_102_103_104_105_106_107_108_109_110_112_113_114_115_116_117_118_119_120_122_123_124_126_127_128_130_131_132_134_135_136_138_139_140_142_143_144_145_147_148_149_150_151_153_155_156_157_159_160_161_163_165_166_167_169_171_172_174_175_177_179_180_183_184_186_188_189_190_192_195_196_198_201_204_207_210_211_213_216_217_219_223_225_234_242_254_263_278  2.75e+09  2.52e+09 -146271.12 -146271.12  13703.28    821.99     86.21    225.00  -4157.14  -2039.76      0.00 0
4408 14.0      0_1_2_3_4_5_6_7_8_9_10_11_12_13_14_15_16_17_18_19_20_21_22_23_24_25_26_27_28_29_30_31_32_33_34_35_36_37_38_39_40_41_42_43_44_45_46_47_48_49_50_51_52_53_54_55_56_57_58_59_60_61_62_63_64_65_66_67_68_69_70_71_72_73_74_76_77_78_79_80_81_82_83_84_85_87_88_89_90_91_92_93_94_96_97_98_101_102_103_104_105_106_108_109_110_112_113_115_116_117_118_119_120_123_124_127_128_130_131_132_135_136_138_139_140_142_144_145_148_149_150_151_156_157_158_159_160_161_163_166_167_169_171_172_174_175_180_181_182_183_184_189_190_192_195_196_198_200_201_204_205_207_211_213_217_219_223_225_226_227_230_234_237_242_246_249_252_254_257_260_263_266_269_273_276_278_280_283_285_286_288_290_292_294_296  6.92e+10  6.22e+10  30933.72 118586.67  13443.59    925.62     83.74     75.38  -1815.25  -1008.13      0.00 0
4409 14.0      0_1_2_3_4_5_6_7_8_9_10_11_12_13_14_15_16_17_18_19_20_21_22_23_24_25_26_27_28_29_30_31_32_33_34_35_36_37_38_39_40_41_42_43_44_45_46_47_48_49_50_51_52_53_54_55_56_57_58_59_60_61_62_63_64_65_66_67_68_69_70_71_72_73_74_75_76_77_78_79_80_81_82_83_84_85_86_87_88_89_90_91_92_93_94_95_96_97_98_99_100_101_102_103_104_105_106_107_108_110_111_112_113_114_116_120_121_122_123_124_125_126_128_130_131_132_133_134_136_138_140_142_143_145_147_151_153_154_155_161_163_164_165_167_170_172_174_175_177_179_184_186_188_193_194_198_208_210_211_216_217_221_222_223_236_240  1.48e+10  1.34e+10  97779.85  47774.94  12899.80    991.77     83.24     26.04   2510.72    950.83      0.00 0
4410 14.0      0_1_2_3_4_5_6_8_9_11_12_13_15_16_17_20_21_23_24_25_26_28_29_31_32_33_35_37_38_40_41_44_45_47_48_49_52_53_55_58_59_62_63_66_67_69_70_71_73_74_75_78_79_82_83_85_86_88_89_91_94_95_97_98_99_102_103_106_107_110_111_113_116_117_120_121_124_125_128_129_131_132_133_136_137_140_141_145_146_148_151_152_154_157_158_161_162_164_167_168_172_173_175_176_178_184_185_187_193_197_199_202_203_209_212_215_218_224_228_229_232_233_239_241_245_247_248_251_262_265  2.19e+09  1.95e+09 -80376.35  13637.93  12839.39    864.14     81.05    170.37  -1754.86  -2239.02      0.00 0
4411 14.0      7_10_14_18_19_22_27_30_34_36_39_42_43_46_50_51_54_56_57_60_61_64_65_68_72_76_77_80_81_84_87_90_92_93_96_100_101_104_105_108_109_112_114_115_118_119_122_123_126_127_130_134_135_138_139_142_143_144_147_149_150_153_155_156_159_160_163_165_166_169_170_171_174_177_179_180_183_186_188_189_192_194_195_208_210_216_222_236_240  1.00e+09  8.59e+08 -71791.15  14775.78  13267.27    737.14     79.74    168.37   -514.98   3715.86      0.00 0
4412 14.0      0_1_2_3_4_5_6_7_8_9_10_11_12_13_14_15_16_17_18_19_20_21_22_23_24_25_26_27_28_29_30_31_32_33_34_35_36_38_39_40_41_42_43_44_45_46_47_49_50_51_52_53_54_55_56_57_59_60_61_62_63_64_65_66_67_68_71_72_75_76_77_78_79_80_81_83_84_87_88_89_90_91_92_95_101_102_103_104_107_109_111_115_116_117_118_127_128_129_137_141_148_149_156_157_158_159_162_168_173_180_181_182_183_189_191_197_200_201_204_205_206_212_214_220_226_227_231_235_238_243_246_250_253_258_260_261_264_267_270_274_275_277_279_281_284_287_289_291_293_295_298  3.72e+10  3.34e+10 -10380.27  62297.19  12493.78    780.55     78.81     99.46   1424.14  -6161.87      0.00 0
4413 14.0      90_96_104_108_112_115_118_122_126_130_134_138_142_147_149_153_155_156_159_163_165_169_170_174_177_179_180_183_186_188_189_192_193_194_195_201_204_207_208_210_216_221_222_225_236_239_240  2.82e+10  2.60e+10 -53739.81  38729.87  12217.40    857.34     79.55    144.22   3882.54   4292.25      0.00 0
4414 14.0      0_1_2_3_4_5_6_7_8_9_10_11_12_13_14_15_16_17_18_19_21_22_23_25_26_27_29_30_31_33_34_36_38_39_41_42_43_46_47_49_50_51_53_54_56_57_59_61_63_65_73_75_77_80_81_83_87_92_93_101_105_109_119_127_135_139_150_160_166_171_195  2.57e+09  2.21e+09  26217.83 -28722.26  11136.51    714.94     74.02    312.39  -2182.41   3129.14      0.00 0
4415 14.0      0_1_2_3_4_5_6_7_8_9_10_11_12_13_14_15_16_17_18_19_20_21_23_24_25_26_27_28_29_31_32_33_35_37_38_40_41_44_45_47_48_49_50_51_52_53_55_57_58_59_62_63_66_67_69_70_71_72_73_74_75_78_79_81_82_83_85_86_88_89_91_93_94_95_97_98_99_102_103_106_107_110_111_113_116_117_120_121_123_124_125_129_131_132_133_136_137_141_144_145_146_152_154_162_164_168_173_176_178_185_187_199_202_203_209_215_218_224_228_229_232_233_241_245_247_248_251_262_265  1.62e+09  1.37e+09  71156.14 -23836.13  13191.48    760.92     80.03    341.48   -783.27  -1459.02      0.00 0
4416 14.0      157_161_167_172_181_182_184_190_196_198_200_205_206_211_213_214_217_219_220_223_226_227_230_231_234_237_238_242_243_246_249_250_252_253_254_255_257_258_260_261_263_264_266_267_269_270_271_273_274_275_276_277_278_279_280_281_284_289_291  3.47e+10  3.09e+10  61345.54 -22146.24  12512.30    795.98     79.14    340.15  -3719.73  -6979.61      0.00 0
4417 14.0      44_45_55_62_63_66_67_78_79_83_88_89_91_95_102_103_106_107_110_111_116_117_120_121_125_128_129_136_137_140_141_145_146_148_151_152_154_157_158_161_162_167_168_172_173_175_176_178_181_182_184_185_187_190_191_196_197_198_199_200_202_203_205_206_209_211_212_213_214_215_217_218_219_220_223_224_226_227_228_229_230_231_232_233_234_235_237_238_239_241_242_243_244_245_246_247_248_249_250_251_252_253_254_255_256_257_258_259_260_261_262_263_264_265_266_267_268_269_270_271_272_273_274_275_276_277_278_279_280_281_282_283_284_285_286_287_288_289_290_291_292_293_294_295_296  9.33e+09  8.23e+09 -207359.84 -16610.93  14108.72    759.90     86.12    184.58  -2226.87  -7258.96      0.00 0
4418 14.0      0_1_2_3_4_5_6_7_8_9_10_11_12_13_14_15_16_17_18_19_20_21_22_23_24_25_26_27_28_29_30_31_32_33_34_35_36_37_38_39_40_41_42_43_44_45_46_47_48_49_50_51_52_53_54_55_56_57_58_59_60_61_62_63_64_65_66_67_68_69_70_71_72_73_74_75_76_77_78_79_80_81_82_83_84_85_86_87_88_89_90_91_92_93_94_95_96_97_98_99_100_101_102_103_104_105_106_107_108_109_110_111_112_113_114_115_116_117_118_119_120_121_122_123_124_125_126_127_128_129_130_131_132_133_134_135_136_137_138_139_140_141_142_144_145_146_147_148_149_150_151_152_153_156_157_158_159_160_161_162_163_166_167_168_169_171_172_173_174_175_180_181_182_183_184_185_186_189_190_191_192_195_196_197_198_199_200_201_204_205_206_207_211_212_213_214_217_219_220_223_224_225_226_227_230_231_234_235_237_238_242_243_246_249_250_252_253_254_255_257_258_260_261_263_264_266_267_269_270_273_274_275_276_277_278_279_280_281_283_284_285_286_287_288_289_290_291_292_293_294_295_296_297_298  4.07e+10  3.61e+10   5068.43 -276539.94  12124.40    782.12     87.49    271.05  -1281.21  -1667.11      0.00 0
4419 14.0      23_31_37_47_48_51_57_58_61_69_70_73_74_81_85_87_93_97_105_109_113_119_123_135_139_144_150_160_166_171_195  1.23e+10  1.09e+10   8065.04 -32299.07   9760.13    859.75     73.66    284.02  -3872.07   5166.41      0.00 0
4420 14.0      102_106_110_116_117_120_124_128_136_140_145_148_151_157_158_161_167_168_172_175_181_182_184_190_191_196_197_198_200_205_206_211_212_213_214_217_219_220_223_226_227_230_231_234_235_237_238_242_243_246_249_250_252_253_255_258_259_260_261_264_267_270_271_274_277_279_281_284_291  3.02e+10  2.66e+10  61189.32 -36447.21  13058.78    754.90     79.61    329.22   -320.14  -6879.37      0.00 0
4421 14.0      120_124_132_136_140_145_151_161_167_172_175_184_190_196_198_205_211_213_217_219_223_226_230_234_237_242_246_249_252_254_257_260_261_263_266_269_273_275_276_280_283_286_287_288_290_293_294_295_296_297_298  1.17e+09  1.02e+09  22803.51 -43786.46  11825.00    745.92     76.53    297.51  -3313.38  -6006.07      0.00 0
4422 14.0      0_1_2_3_4_5_6_7_8_9_10_11_12_13_14_15_16_17_18_19_20_21_22_23_24_25_26_27_28_29_30_31_32_33_34_35_36_37_38_39_40_41_42_43_44_45_46_47_48_49_50_51_52_53_54_55_56_57_58_59_60_61_63_64_65_67_68_69_70_71_72_73_74_75_76_77_79_80_81_83_84_85_86_87_89_90_92_93_95_96_97_98_99_100_101_104_105_107_108_109_111_112_113_114_115_118_119_121_122_123_125_126_127_130_131_133_134_135_137_138_139_142_143_144_146_147_149_150_152_153_154_155_156_159_160_162_163_164_165_166_169_170_171_174_176_177_178_179_180_183_185_186_187_188_189_192_193_194_195_201_202_203_204_207_208_209_210_215_216_218_221_222_225_228_229_232_233_236_239_240_245_247_248_251_262_265_282  9.77e+09  8.75e+09 -187966.53  99355.20  13860.63    783.13     86.27    152.14    210.87   3128.69      0.00 0
4423 14.0      161_167_172_181_184_190_196_198_205_211_213_217_219_223  2.00e+10  1.78e+10  17832.33  -5390.69   7594.90    895.57     67.82    343.18  -3442.71  -5609.77      0.00 0
4424 14.0      90_92_96_101_104_108_112_115_118_122_126_127_130_138_139_142_147_149_153_155_156_159_163_165_166_169_171_174_177_179_180_183_186_188_189_192_194_195_201_204_207_210_216_222_225_236_240  1.26e+09  1.08e+09  48183.57 -20482.50  11243.35    888.16     77.88    336.97   2553.08   4475.83      0.00 0
4425 14.0      0_1_2_3_4_5_6_7_8_9_10_11_12_13_14_15_16_17_18_19_21_22_23_24_25_26_27_29_30_31_33_34_35_36_38_39_41_43_45_47_49_50_51_53_56_57_59_61_63_65_67_71_75_77_81_83_87_89_95_105_107_121  5.50e+10  4.96e+10  18032.85 -16582.05   8540.67    889.22     70.78    317.40    361.56     32.86      0.00 0
4426 14.0      0_1_2_3_4_5_6_7_8_9_10_11_12_13_14_15_16_17_18_19_20_21_22_23_24_25_26_27_28_29_30_32_33_34_35_36_38_40_41_42_43_44_45_46_49_50_52_53_54_55_56_58_59_60_62_63_64_66_67_68_71_72_75_76_78_79_80_82_83_84_86_88_89_90_91_95_96_99_100_102_103_104_106_107_108_110_111_112_114_116_117_121_122_125_126_128_129_130_133_134_136_137_138_140_141_142_143_147_148_153_155_157_158_161_163_165_167_168_169_172_174_177_179_181_182_186_188_190_191_196_198_200_205_206_210_211_213_219_223_226_227_230_234_237_242_246_249_252_254_257_263_266_269_273_278_280_283_285_290_292  2.69e+09  2.32e+09 -43453.54 -75997.13  13787.14    741.77     81.05    240.24   3042.35   1938.95      0.00 0
4427 14.0      107_111_121_129_137_141_148_152_158_162_168_173_181_182_191_197_200_205_206_212_214_220_226_227_230_231_238_246_249_250_252_253_260_261_266_267_269_275_276_277_280_283_286_287_288_290_293_294_296_297  2.88e+09  2.53e+09 -20437.69 -36961.80  11340.79    731.27     74.97    241.06     30.07  -8938.63      0.00 0
4428 14.0      91_102_103_110_111_116_117_128_129_136_137_140_141_148_152_157_158_161_162_167_168_172_173_181_182_184_185_190_191_196_198_199_211_217_223  3.24e+10  2.95e+10 -29707.44  -3263.99   9716.38    793.45     71.99    186.27   -776.58  -4808.11      0.00 0
4429 14.0      0_1_2_3_4_5_6_7_8_9_10_11_12_13_14_15_16_17_18_19_20_21_22_23_24_25_26_27_28_29_30_31_32_33_34_35_36_37_38_39_40_41_42_43_44_45_46_47_48_49_50_51_52_53_54_55_56_57_58_59_60_61_62_63_64_65_66_67_68_69_70_71_72_73_74_75_76_77_78_79_80_81_82_83_84_85_86_87_88_89_90_91_92_93_94_95_96_97_98_99_100_101_102_103_104_105_106_107_108_109_110_111_112_113_114_115_116_117_118_119_120_121_122_123_124_125_126_127_128_129_130_131_132_133_134_135_136_137_138_139_140_141_142_143_144_145_146_147_148_149_150_151_152_153_154_155_156_157_158_159_160_161_162_163_164_165_166_167_168_169_170_171_172_173_174_176_177_178_179_180_181_182_183_185_186_187_188_189_190_191_192_193_194_195_196_197_199_200_201_202_203_204_205_206_207_208_209_212_213_214_215_218_220_221_224_225_226_227_228_229_230_231_232_233_235_238_239_241_243_244_245_246_247_248_249_250_251_253_255_256_258_259_260_261_262_264_265_267_268_270_271_272_274_275_277_279_281_282_284_287_289_291_295  3.02e+10  2.67e+10 -136574.78 240708.48  11793.02    828.62     87.56    119.57  -1911.21   4396.20      0.00 0
4430 14.0      0_1_2_3_4_5_6_8_9_11_12_13_16_17_18_20_21_23_24_25_26_28_29_32_33_35_37_38_40_41_44_45_48_49_50_52_53_55_58_59_62_63_66_67_70_71_72_74_75_76_78_79_82_83_85_86_88_89_94_95_98_99_100_106_107_114_120_121_124_125_132_133_134_143_145_146_154_164_170_187_193_208_215_221_236  1.78e+10  1.58e+10 -36122.24  -3077.72  10108.41    851.52     74.42    184.87   1352.35  -1155.04      0.00 0
4431 14.0      125_133_143_146_152_154_155_164_165_170_176_178_185_187_188_193_194_199_202_203_209_215_218_224_228_229_232_233_235_241_244_245_248_251_255_256_259_264_265_268_271_272_279_282  2.88e+09  2.55e+09  -2118.50  47382.95  11641.22    752.01     76.21     92.56   5874.72  -7030.37      0.00 0
4432 14.0      181_190_200_205_213_226_227_230_246_249_260_261_266_275_276_277_287  8.32e+09  7.55e+09  -7637.34  18912.59   8511.11    769.44     67.35    111.99   -506.82  -8512.85      0.00 0
4433 14.0      62_66_78_82_88_91_102_106_110_116_117_128_129_136_140_148_157_158_167_168_181_182_190_191_197_200_206_212_214_220_227_231_235_238_243_250_253_255_258_264_267_270_271_274_279_284  3.31e+10  3.02e+10  26539.75 -28560.17  10279.16    869.71     75.23    312.90   2339.54  -7630.27      0.00 0
4434 14.0      0_1_2_3_4_5_6_7_8_9_10_11_12_13_14_15_16_17_18_19_20_21_22_23_24_25_26_27_28_29_30_31_32_33_34_35_36_37_38_39_40_41_42_43_44_45_46_47_48_49_50_51_52_53_54_55_56_57_58_59_60_61_62_63_64_65_66_67_68_69_70_71_72_73_74_75_76_77_78_79_80_81_82_83_84_85_86_87_88_89_90_91_92_93_94_95_96_97_98_99_100_101_102_103_104_105_106_107_108_109_110_111_112_113_114_115_116_117_118_119_120_121_122_123_124_125_126_127_128_129_130_131_132_135_136_137_138_139_140_141_142_144_145_148_149_150_151_152_153_156_157_158_159_160_161_162_163_166_167_168_169_171_172_173_174_175_180_181_182_183_184_185_189_190_191_192_195_196_197_198_199_200_201_204_205_206_207_211_212_213_214_217_219_220_223_224_225_226_227_230_231_234_235_237_238_242_243_246_249_250_252_253_254_255_257_258_260_261_263_264_266_267_269_270_273_274_275_276_277_278_279_280_281_283_284_285_286_287_288_289_290_291_292_293_294_295_296_297_298  1.07e+09  8.94e+08 -18566.13 287883.31  11637.05    789.81     87.69     93.69  -2086.40    776.45      0.00 0
4435 14.0      8_13_16_20_24_28_29_32_35_40_44_45_48_52_55_58_62_66_67_74_78_79_82_88_89_91_102_103_111_116_117_129_141_158_168_173_197_212  9.33e+09  8.31e+09 -13074.19  13211.82   7116.38   1009.80     69.05    134.70    481.54  -3298.91      0.00 0
4436 14.0      0_1_2_3_4_5_6_7_8_9_10_11_12_13_14_15_16_17_18_19_20_21_22_23_24_25_26_27_28_29_30_31_32_33_34_35_36_37_38_39_40_41_42_43_44_45_46_47_48_49_50_51_52_53_54_55_56_57_58_59_60_61_62_63_64_65_66_67_68_69_70_71_72_73_74_75_76_77_78_79_80_81_82_83_84_85_86_87_88_89_91_93_94_95_97_98_99_101_102_103_105_106_107_109_110_111_113_114_116_117_119_120_121_123_124_125_127_128_129_131_132_133_135_136_137_139_140_141_144_145_146_148_150_151_152_154_157_158_160_161_162_164_167_168_171_172_173_175_176_178_181_182_184_185_187_190_191_196_197_198_199_200_202_203_205_206_209_211_212_213_214_217_218_219_220_223_224_226_227_228_229_230_231_232_233_235_238_241_243_244_245_246_247_248_249_250_251_253_255_256_258_259_261_262_264_265_267_268_270_271_272_274_279_281_282_284_291  2.04e+09  1.90e+09 163283.22 -119242.88  13783.85    821.79     86.10    323.86  -1315.69  -2076.03      0.00 0
4437 14.0      0_1_2_3_4_5_6_7_8_9_10_11_12_13_14_15_16_17_18_19_20_21_22_23_24_25_26_27_28_29_30_31_32_33_34_35_36_37_38_39_40_41_42_43_44_45_46_47_48_49_50_51_52_53_54_55_56_57_58_59_60_61_62_63_64_65_66_67_68_69_70_71_72_73_74_75_76_77_78_79_80_81_82_83_84_85_86_87_88_89_90_91_92_93_94_95_96_97_98_99_100_101_102_103_104_105_106_107_108_109_110_111_113_114_115_116_117_118_119_120_121_123_124_125_127_128_129_131_132_133_134_135_136_137_139_140_141_143_144_145_146_148_149_150_151_152_154_156_157_158_160_161_162_164_166_167_168_171_172_173_175_176_178_181_182_184_185_187_189_190_191_195_196_197_198_199_200_202_203_205_206_209_211_212_213_214_215_217_218_219_220_224_226_227_228_229_230_231_232_233_235_238_241_243_244_245_246_247_248_249_250_251_253_255_256_258_259_260_261_262_264_265_267_268_270_271_272_274_277_279_281_282_284_289_291  9.77e+10  8.90e+10 160221.34 -153164.33  13013.35    884.38     86.64    316.29  -2063.12   -481.22      0.00 0
4438 14.0      68_77_80_90_92_96_101_104_108_109_112_115_118_122_126_127_130_135_138_139_142_147_149_153_155_156_159_160_163_166_169_171_174_177_179_180_183_186_188_189_192_195_201_204_207_210_216_240  2.29e+10  2.01e+10  54947.52 -14476.74  12005.48    800.72     78.07    345.24    -30.66   4985.92      0.00 0
4439 14.0      111_121_125_129_137_141_146_148_152_154_158_162_164_168_173_176_178_181_182_185_187_191_193_197_199_200_202_203_205_206_208_209_212_213_214_215_218_220_221_222_224_226_227_228_229_230_231_232_233_235_236_237_238_239_241_243_244_245_246_247_248_249_250_251_252_253_255_256_257_258_259_260_261_262_263_264_265_266_267_268_269_270_271_272_273_274_275_276_277_278_279_280_281_282_283_284_285_286_287_288_289_290_291_292_293_294_295_296_297_298  1.78e+09  1.60e+09 -107484.86 -88982.43  14764.54    734.39     83.96    219.62   5303.16  -5949.18      0.00 0
4440 14.0      0_1_4_6_7_10_12_14_18_22_25_26_30_34_38_42_50_54_60_64_71_72_76_84_86_96_100_126_134_155_165  4.07e+09  3.63e+09 -17954.94  -2561.76   7762.19    840.26     66.83    188.12   2489.27   1009.46      0.00 0
4441 14.0      0_1_2_3_5_8_9_11_13_15_16_17_20_21_23_24_28_29_31_32_33_35_37_40_41_44_45_47_48_52_53_55_57_58_59_62_63_66_67_69_70_73_74_78_79_82_83_85_88_89_91_93_94_95_97_98_102_103_106_107_110_111_113_116_117_119_120_121_123_124_128_129_131_132_136_137_140_141_144_145_148_151_152_157_158_161_162_167_168_172_173_175_176_181_182_184_185_190_191_196_197_199_200_203_205_206_212_214_218_220_224_226_227_228_231_233_235_238_241_243_244_248_250_251_253_255_256_258_259_264_265_267_268_270_271_272_274_279_282_284  3.24e+09  2.84e+09  88660.91 -65749.43  14257.50    758.72     82.64    323.44   6087.29  -8405.20      0.00 0
4442 14.0      103_107_111_116_117_121_125_129_137_141_146_148_152_154_157_158_162_167_168_173_176_178_181_182_185_187_190_191_193_196_197_199_200_202_203_205_206_209_212_213_214_215_218_219_220_221_224_226_227_228_229_230_231_232_233_234_235_237_238_239_242_246_247_249_250_252_253_254_257_260_261_263_266_269_273_276_278_280_283_285_290_292  3.98e+09  3.51e+09 -51431.68 -35639.55  12446.57    783.09     78.75    214.72  -1419.25  -7934.79      0.00 0
4443 14.0      190_196_200_205_206_211_213_214_219_223_226_227_230_231_234_237_238_242_243_246_249_250_252_253_254_257_258_260_261_264_266_267_270_271_274_277_279_281_284  4.37e+10  3.97e+10 -33449.67  10194.68   9888.56    869.44     74.21    163.05    805.95  -8478.81      0.00 0
4444 14.0      243_255_256_258_259_264_270_271_272_274_279_284  3.24e+10  2.89e+10  15453.52   8241.01   7797.55    809.69     66.00     28.07   4515.34  -8589.68      0.00 0
4445 14.0      0_1_2_3_4_5_6_7_9_10_12_13_14_17_18_19_21_22_25_26_27_29_30_33_34_36_38_39_41_42_43_45_46_49_50_53_54_56_59_60_61_63_64_65_67_68_71_72_75_76_77_80_83_84_86_87_89_90_92_95_96_99_100_101_104_107_108_109_111_112_114_115_118_121_122_125_126_127_130_133_134_137_138_139_141_142_143_146_147_149_152_153_154_155_156_159_162_163_164_166_169_171_173_174_176_178_180_183_185_187_189_192_195_199_201_202_203_204_207_209_212_218_224_225_228_229_233_235_241_244_245_248_251_255_256_259_265_268_271_272_282  2.57e+10  2.38e+10 -29101.38  61731.68  11641.20    991.65     80.32    115.24   1332.87   2737.72      0.00 0
4446 14.0      226_227_230_231_237_238_242_246_249_250_252_253_257_258_260_261_263_264_266_267_269_270_271_273_274_275_276_277_278_279_280_281_283_284_285_286_288_290_292  1.17e+10  1.04e+10  38244.81   1770.13  10848.21    752.79     74.18      2.65  -1188.35  -9398.92      0.00 0
4447 14.0      35_40_44_45_52_55_62_63_66_67_78_79_82_88_89_91_94_102_103_106_107_110_111_116_117_120_121_124_128_129_132_136_137_140_141_145_146_148_151_152_157_158_161_162_167_168_172_173_175_176_181_182_184_185_190_191_196_197_198_199_200_202_203_205_206_211_212_213_214_217_218_220_223_224_228_229_233_235_241_243_244_245_248_251_255_256_259_262_265_268_272_282  4.27e+10  3.86e+10 -67960.31  12558.90  12447.49    841.11     79.79    169.53  -1026.61  -4274.00      0.00 0
4448 14.0      0_1_2_3_4_5_6_7_8_9_10_11_12_13_14_15_16_17_18_19_20_21_22_23_24_25_26_27_28_29_30_31_32_33_34_35_36_37_38_39_40_41_42_43_44_45_46_47_48_49_50_51_52_53_54_55_56_57_58_59_60_61_63_64_65_67_68_69_70_71_72_73_74_75_76_77_79_80_81_82_83_84_85_86_87_89_90_92_93_95_96_97_98_99_100_101_105_107_109_113_114_119_121_123_125_131_133_134_135_139_143_144_146_150_152_154_160_164_165_170_176_178_187_193_202_208_209_215_221_229_232_239_245_247  2.34e+10  2.12e+10  69604.77 -27741.32  13036.84    785.12     80.13    338.27  -4251.11   2197.97      0.00 0
4449 14.0      224_228_233_235_241_243_244_245_248_251_255_256_259_262_264_265_268  2.82e+10  2.53e+10 -15191.31 -12801.33   8289.68    794.63     67.35    220.12   5667.57  -6465.92      0.00 0
4450 14.0      0_1_2_3_4_5_6_7_8_9_10_11_12_13_14_15_16_17_18_19_20_21_22_23_24_25_26_27_28_29_30_31_32_33_34_35_36_37_38_39_40_41_42_43_44_45_46_47_48_49_50_51_52_53_54_55_57_58_59_60_61_62_63_66_67_69_70_71_72_73_74_75_76_78_79_81_82_83_84_85_86_88_89_91_93_94_95_96_97_98_99_100_102_103_106_107_110_111_113_114_116_117_120_121_123_124_125_126_128_129_131_132_133_134_136_137_140_141_143_145_146_148_151_152_154_155_157_158_161_162_164_165_167_168_170_172_173_175_176_178_181_182_184_185_187_190_191_193_194_196_197_198_199_200_202_203_205_206_208_209_211_212_213_214_215_217_218_219_220_221_222_223_224_227_228_229_231_232_233_234_235_236_238_239_241_243_244_245_247_248_251_255_256_259_262_265_268_272_282  6.31e+09  5.48e+09 181781.28 -12105.76  13986.30    831.87     85.61    356.19   2559.26  -3011.17      0.00 0
4451 14.0      217_219_223_234_237_242_249_252_254_257_260_263_266_269_273_275_276_278_280_283_285_286_287_288_290_292_293_294_295_296_297_298  2.04e+09  1.80e+09  48346.36 -49628.92  13016.39    747.11     79.36    314.25  -3387.27 -10120.84      0.00 0
4452 14.0      5_8_9_13_16_20_21_24_28_29_32_35_40_41_44_45_48_52_53_55_58_59_62_63_66_67_70_74_78_79_82_83_88_89_91_94_95_98_102_103_106_107_110_111_116_117_120_121_124_129_132_137_141_146_152_162_168_173_176_178_185_199_202_203_218_228_229_233_241_245_248_251_262_265  2.82e+09  2.44e+09 -38063.86  13173.35  11056.87    749.17     74.65    160.91   2136.83  -3216.90      0.00 0
4453 14.0      0_1_2_3_4_5_6_7_8_9_10_11_12_13_14_15_16_17_18_19_20_21_22_23_24_25_26_27_28_29_30_31_32_33_34_35_36_37_38_40_41_42_43_44_45_46_47_48_49_50_52_53_54_55_56_58_59_60_62_63_64_66_67_68_69_70_71_72_74_75_76_78_79_80_82_83_84_85_86_88_89_90_91_94_95_96_98_99_100_102_103_106_107_108_110_111_112_114_116_117_120_121_122_124_125_126_128_129_133_134_136_137_138_140_141_142_143_145_146_147_148_151_152_153_154_155_157_158_161_162_163_164_165_167_168_170_172_173_175_176_177_178_179_181_182_184_185_186_187_188_190_191_193_194_196_198_200_205_206_208_209_210_211_213_215_216_217_219_221_222_223_226_230_234_236_237_240_242_252_254_257_263_269_273_278_285  4.17e+09  3.67e+09 104067.12  82749.07  14420.20    778.65     83.81     38.49   3842.65    303.74      0.00 0
4454 14.0      0_1_2_3_4_5_6_7_8_9_10_11_12_13_14_15_16_17_18_19_20_21_22_25_26_27_28_29_30_33_34_35_36_38_39_40_41_42_43_44_45_46_49_50_53_54_55_56_59_60_63_64_65_66_67_68_71_72_75_76_77_78_79_80_83_84_86_89_90_91_92_95_96_99_100_101_102_103_104_107_108_111_112_115_116_117_118_121_122_129_130_137_138_141_142_148_149_157_158_159_162_168_169_173_174_180_181_182_183_191_192_197_200_201_206_207_212_214_220_225_226_227_231_238_246_250_253_258_260_261_267_270_275_277_281_287_289_291_295  3.09e+09  2.68e+09   -177.44  56481.70  11943.81    807.77     78.06     90.18   1243.28   -931.48      0.00 0
4455 14.0      38_49_50_53_59_63_71_72_75_76_83_86_89_95_96_99_100_107_108_111_114_121_122_125_126_129_133_134_137_138_141_143_146_147_152_153_154_155_158_162_163_164_165_168_170_173_176_177_178_179_185_186_187_188_191_193_194_197_199_202_203_206_208_209_210_212_214_215_216_218_220_221_222_224_227_228_229_231_232_233_235_236_238_239_240_241_243_244_248_250_251_253_255_256_258_259_261_264_267_270_271_274_275_277_279_281_284_287_289_291_293_295_298  5.37e+10  4.86e+10  18019.52  80089.22  12635.07    905.81     81.25     77.32   5275.51    808.83      0.00 0
4456 14.0      158_168_173_181_182_190_191_196_197_199_200_205_206_211_212_213_214_218_219_220_224_226_227_228_230_231_233_234_235_237_238_241_242_243_244_245_246_248_249_250_251_252_253_254_255_256_257_258_259_260_261_262_263_264_265_266_267_268_269_270_271_272_273_274_275_276_277_278_279_280_281_282_283_284_285_286_287_288_289_290_291_292_293_294_295_296_297_298  5.62e+10  5.19e+10 -120818.05 -20044.63  13910.35    843.39     83.52    189.42   2869.92  -8839.32      0.00 0
4457 14.0      3_9_12_17_18_21_25_26_29_33_34_35_38_41_45_49_50_53_54_55_59_60_63_67_71_72_75_76_78_79_83_84_86_89_91_95_96_99_100_103_107_108_111_114_116_117_121_122_125_126_129_133_134_137_138_141_143_146_147_148_152_153_154_155_157_158_162_163_164_165_168_170_173_176_177_178_179_181_182_185_186_187_188_190_191_193_194_197_199_200_202_203_205_206_208_209_210_212_213_214_215_216_218_220_221_222_224_226_227_228_229_230_231_232_233_235_236_237_238_239_240_241_243_244_245_246_247_248_249_250_251_252_253_255_256_257_258_259_260_261_262_264_265_266_267_268_269_270_271_272_273_274_275_276_277_279_280_281_282_283_284_285_286_287_288_289_290_291_292_293_294_295_296_297_298  8.32e+10  7.55e+10 -112786.20 -242755.17  11921.07    855.94     87.45    245.08   4837.68  -5520.85      0.00 0
4458 14.0      173_182_191_197_199_200_205_206_212_214_218_220_224_226_227_230_231_233_235_237_238_241_243_244_246_248_249_250_251_252_253_255_256_257_258_259_260_261_262_263_264_265_266_267_268_269_273_276_278_280_283_285  2.40e+09  2.12e+09  36440.82  13602.92  10313.34    861.26     75.15     20.47   1654.71  -7637.19      0.00 0
4459 14.0      148_157_158_167_168_172_173_181_182_190_191_196_197_198_199_200_205_206_211_212_213_214_217_219_220_223_224_226_227_230_231_234_235_238_241_243_244_246_250_251_253_255_256_258_259_264_265_268_270_271_272_274_279_282  1.29e+10  1.17e+10 -48536.84  10449.71  10888.79    921.87     77.63    167.85   6008.48  -7889.75      0.00 0
4460 14.0      182_191_200_206_214_220_227_231_238_243_250_253_255_258_264_267_270_271_274_279_284  1.66e+10  1.49e+10 -28658.71  27234.15  10778.49    785.30     74.75    136.46   5553.87 -11109.88      0.00 0
4461 14.0      0_3_4_5_8_9_12_13_17_18_20_21_25_26_28_29_33_34_35_38_40_41_44_45_49_50_52_53_55_59_60_62_63_66_67_71_72_75_76_78_79_82_83_86_88_89_95_96_99_100_102_106_107_114_125_126_133_134_143_154_155_164_165_170_179_188_193_194_208_210_216_221_222_236_240  3.16e+10  2.85e+10 -40122.38 -17529.04  10414.77    927.59     76.62    203.60   6424.45    938.79      0.00 0
4462 14.0      5_8_9_13_16_17_20_21_28_29_32_33_35_40_41_44_45_48_49_52_53_55_58_59_62_63_66_67_74_75_78_79_82_83_88_89_91_94_95_98_99_102_103_106_107_110_111_116_117_120_121_124_125_128_129_132_133_136_137_140_141_145_146_148_151_152_154_157_158_161_162_164_167_168_172_173_175_176_178_181_182_184_185_187_190_191_193_196_197_198_199_200_202_203_205_206_209_211_212_213_214_215_217_218_219_220_221_223_224_226_227_228_229_230_231_232_233_234_235_237_238_239_241_242_243_244_245_246_247_248_249_250_251_252_253_254_255_256_257_258_259_260_261_262_263_264_265_266_267_268_269_270_271_272_273_274_275_276_277_278_279_280_281_282_283_284_285  1.38e+09  1.18e+09 -202854.45  -5524.51  14652.99    698.43     85.87    181.56  -4350.10  -5531.74      0.00 0
4463 14.0      111_121_125_129_133_137_141_146_152_154_162_164_168_173_176_178_185_187_191_193_197_199  1.55e+09  1.34e+09 -16479.39 -19247.22   9594.74    711.44     69.26    229.43   3848.19  -3395.65      0.00 0
4464 14.0      63_75_83_89_95_99_103_107_111_117_121_125_129_137_141_148_152_158_162_168_173_181_182_191_197_200_205_206_214_226_227_230_231_246_249_250_252_253_260_261_266_267_275_276_280_286_288_290_294_296  5.89e+09  5.41e+09  16231.05  34275.11  10631.40    784.37     74.34     64.66    977.64  -6490.09      0.00 0
4465 14.0      211_213_217_219_223_226_227_230_234_237_242_246_249_250_252_253_254_257_260_261_263_266_267_269_270_273_274_275_276_277_278_280_281_283_284_285_286_287_288_289_290_291_292_293_294_295_296_297_298  1.26e+10  1.11e+10 116425.99 -55931.98  14214.23    805.57     83.72    334.34  -2095.06 -10984.32      0.00 0
4466 14.0      181_182_191_197_200_205_206_212_213_214_219_220_224_226_227_230_231_234_235_237_238_241_242_243_244_246_249_250_251_252_253_254_255_256_257_258_259_260_261_263_264_265_266_267_268_269_270_271_272_273_274_275_276_277_278_279_280_281_282_283_285_288_290_292  1.95e+09  1.77e+09  57080.80  13503.85  11837.85    850.74     78.59     13.31  -3358.39  -9302.99      0.00 0
4467 14.0      2_5_8_9_11_13_16_20_23_24_28_29_31_32_35_37_40_41_44_45_47_48_52_55_57_58_62_63_66_67_69_70_73_74_78_79_82_85_88_89_91_93_94_97_98_102_103_106_110_111_113_116_117_123_124_129_131_132_141_144_168  6.31e+09  5.68e+09  32184.93 -24848.44  11039.72    757.90     74.81    322.33  -3044.39   -393.26      0.00 0
4468 14.0      19_27_31_39_43_47_51_57_61_65_69_73_77_81_85_87_93_97_105_113_119_123_131  5.01e+09  4.36e+09  21635.95   6871.64   8550.83    832.31     69.36     17.62  -4049.06   1102.22      0.00 0
4469 14.0      0_1_2_3_4_5_6_7_8_9_10_11_13_14_15_16_17_19_20_21_23_24_27_28_29_30_31_32_35_36_37_39_40_41_43_44_45_46_47_48_51_52_55_56_57_58_61_62_65_66_67_69_70_73_74_77_78_79_81_82_85_87_88_91_92_93_94_97_98_101_102_103_105_106_109_110_113_115_116_117_119_120_123_124_127_128_129_131_132_135_136_139_140_144_145_148_150_151_156_157_158_160_161_166_167_171_172_175_180_181_182_184_189_190_191_195_196_198_200_204_205_206_211_213_214_219_226_227_230_231_234_237_242_246_249_250_252_253_257_260_261_266_267_269_275_276_277_280_281_283_286_287_288_289_290_293_294_295_296_297_298  1.20e+09  1.06e+09  19779.95 -90871.44  13451.11    822.31     81.77    282.28  -3298.36   3866.01      0.00 0
4470 14.0      206_226_227_230_231_237_238_246_249_250_252_253_257_260_266_269  7.59e+10  6.92e+10  16864.89   2988.91   7224.46    917.91     67.13     10.05    -39.64  -8301.25      0.00 0
4471 14.0      0_1_2_3_4_5_6_7_8_10_11_12_14_15_16_18_19_20_23_24_26_31_32_37_47_48_52_58_69_70_73_74_85_98_113_132  7.24e+10  6.84e+10  16542.38   3302.49   6890.90    987.51     67.78     11.29  -1837.53   -199.40      0.00 0
4472 14.0      226_227_246_249_260_261_266_275_276_280_286_287_288_293_294_296_297  2.19e+10  1.95e+10   3404.92  21619.89   8780.52    764.01     68.14     81.05   -670.08 -10553.72      0.00 0
4473 14.0      0_1_2_3_4_5_6_7_8_9_10_11_12_13_14_15_16_17_18_19_20_21_22_23_24_25_26_27_28_29_30_31_32_33_34_35_36_37_38_39_40_41_42_43_44_45_46_47_48_49_50_51_52_53_54_55_56_57_58_59_60_61_62_63_64_65_66_67_68_69_70_71_72_73_74_75_76_77_78_79_80_81_82_83_84_85_86_87_88_89_90_91_92_93_94_95_96_97_98_99_100_101_102_103_104_105_106_107_108_109_110_111_112_113_114_115_116_117_118_119_120_121_122_123_124_125_126_127_128_130_131_132_133_134_135_136_138_139_140_142_143_144_145_147_149_150_151_153_154_155_156_157_159_160_161_163_164_165_166_167_169_170_171_172_174_175_177_179_180_183_184_186_188_189_192_193_194_196_198_201_207_208_210_211_216_217_222_223_234_236_240  3.72e+10  3.30e+10 -170041.56 -100002.30  13379.20    898.92     86.12    210.46   4845.38   3810.76      0.00 0
4474 14.0      0_3_4_5_9_10_12_13_17_18_21_22_25_26_29_30_33_34_35_38_41_42_45_46_49_50_53_54_55_59_60_63_64_67_68_71_72_75_76_79_83_84_86_89_90_91_95_96_99_100_103_104_107_108_111_112_116_117_121_122_129_130_137_138_141_142_148_158_162_168_173_181_182_191_197_200_206_212_214_220_226_227_231_238_246_250_253_258_261_267_270_275_277_281_287_289_295  1.82e+10  1.64e+10  -3001.00 -41968.80  10568.75    866.87     75.90    265.91   1639.76  -3733.20      0.00 0
4475 14.0      191_197_200_205_206_212_213_214_220_224_226_227_230_231_235_237_238_241_242_243_244_246_249_250_251_252_253_255_256_257_258_259_260_261_263_264_266_267_268_270_271_272_274_282  2.34e+10  2.11e+10  35108.14   3145.67  10040.88    844.86     74.10      5.12   2622.91  -7769.46      0.00 0
4476 14.0      18_22_25_26_30_34_36_38_42_46_49_50_54_56_60_64_68_71_72_75_76_77_80_84_86_90_92_95_96_99_100_101_104_108_112_114_115_118_121_122_125_126_127_130_133_134_138_142_143_146_147_149_153_154_155_156_159_163_164_165_166_169_170_174_176_177_178_179_180_183_186_187_188_189_192_193_194_195_201_202_203_204_207_208_209_215_216_221_222_225_228_229_232_233_236_239_245_247_248_251_262_265_282  4.79e+09  4.30e+09 -44780.39  52691.27  12666.36    803.23     79.62    130.36   5790.14  -1076.85      0.00 0
4477 14.0      33_41_45_49_53_59_63_67_75_79_83_89_91_103_107_111_116_117_129_148_157_158_181_182_200_205_226  4.07e+10  3.71e+10  -9212.83 -19747.97   8321.27    850.95     69.10    244.99    762.33  -4257.23      0.00 0
4478 14.0      220_224_228_233_235_238_241_243_244_245_247_248_250_251_253_255_256_258_259_261_262_264_265_267_268_270_271_272_274_275_277_279_281_282_284_286_287_288_289_291_293_294_295_296_297_298  1.58e+09  1.43e+09  40789.52  35784.06  12049.30    765.36     77.48     41.26   3823.99  -9332.94      0.00 0
4479 14.0      0_1_2_3_4_5_6_7_8_9_10_11_12_13_14_15_16_17_18_19_20_21_22_23_24_25_26_27_28_29_30_31_32_33_34_35_36_37_38_39_40_41_42_43_44_45_46_47_48_49_50_51_52_53_54_55_56_57_58_59_60_61_63_64_65_67_68_69_70_71_72_73_74_75_76_77_80_81_82_83_84_85_86_87_89_90_92_93_95_96_97_98_99_100_101_104_105_107_108_109_112_113_114_115_118_119_121_122_123_125_126_127_130_131_132_133_134_135_138_139_142_143_144_146_147_150_153_154_155_156_160_164_165_166_170_171_176_177_178_179_187_188_193_194_202_208_209_210_215_216_221_222_229_232_236_239_240_247  2.24e+10  2.01e+10 104334.90 -26284.57  13687.79    841.40     82.75    345.86   5700.47    -58.11      0.00 0
4480 14.0      15_19_23_24_31_32_37_39_47_48_51_52_57_58_61_62_65_69_70_73_74_81_82_85_87_88_93_94_97_98_101_105_106_109_110_113_119_120_123_124_127_131_132_135_136_139_140_144_145_150_151_156_160_161_166_167_171_172_175_184_189_195_196_198_204_211_213_217_219_223_234_237_242_254_257_263_273_278_283_285_292  1.35e+10  1.19e+10  -8878.42 -63253.33  12172.95    843.05     79.21    262.01  -4197.93  -3588.26      0.00 0
4481 14.0      0_1_3_4_6_7_10_12_14_15_17_18_19_22_25_26_27_30_33_34_36_38_39_42_43_46_49_50_51_54_56_59_60_61_64_65_68_71_72_75_76_77_80_81_84_86_87_90_92_95_96_99_100_101_104_105_108_109_112_114_115_118_119_122_125_126_127_130_133_134_135_138_139_142_143_146_147_149_150_153_154_155_156_159_160_163_164_165_166_169_170_171_177_178_179_180_183_187_188_189_192_193_194_195_201_202_204_208_209_215_216_221_222_229_232_236_239_245_247  2.29e+09  2.06e+09 -62528.17  44076.09  12939.25    812.45     80.40    144.82   -481.02   3822.45      0.00 0
4482 14.0      0_1_2_4_6_7_10_11_14_15_16_18_19_22_23_24_27_30_31_32_34_36_37_39_42_43_46_47_48_51_54_56_57_58_60_61_64_65_68_69_70_73_74_77_80_81_84_85_87_90_92_93_94_96_97_98_101_104_105_108_109_112_113_115_118_119_122_123_124_127_130_131_132_135_138_139_142_144_145_147_149_150_153_156_159_160_163_166_169_171_174_175_177_180_183_186_189_192_195_201_204_207_225  9.77e+09  8.79e+09 111735.80  72506.64  14140.88    822.63     83.94     32.98     24.93   4549.01      0.00 0
4483 14.0      138_142_153_163_169_174_177_179_186  1.20e+10  1.07e+10 -15584.30   8286.32   8159.33    745.67     65.19    152.00   4028.59   4204.27      0.00 0
4484 14.0      220_231_235_238_243_244_255_256_258_259_264_271_272  4.17e+09  3.59e+09 -17800.04   -233.02   8172.75    748.32     65.34    180.75   4306.54  -7606.05      0.00 0
4485 14.0      255_256_258_259_264_267_268_270_271_272_274_275_277_279_281_282_284_286_287_288_289_291_293_294_295_296_297_298  9.12e+09  8.18e+09  47969.88  24168.30  11348.74    885.20     78.07     26.74   4700.04 -10225.18      0.00 0
4486 14.0      0_1_2_4_6_7_10_11_12_14_15_18_19_22_23_24_26_27_30_31_34_36_37_39_42_43_46_47_48_50_51_54_56_57_60_61_64_65_68_69_70_72_73_76_77_80_81_84_85_87_90_92_93_96_97_98_100_101_104_105_108_109_112_113_115_118_119_122_123_126_127_130_131_132_134_135_138_139_142_144_147_149_150_153_155_156_159_160_163_165_166_169_171_174_177_179_180_183_186_188_189_192_194_195_201_204_207_210_216_225_240  1.62e+09  1.38e+09 156885.78  28454.42  14650.97    754.36     84.75     10.28    -14.50   4231.44      0.00 0
4487 14.0      0_1_2_3_4_5_6_7_8_9_10_11_12_13_14_15_16_17_18_20_21_22_23_24_25_26_28_29_30_32_33_34_35_37_38_40_41_42_44_45_48_49_50_52_53_54_55_58_59_60_62_63_64_66_67_71_72_74_75_76_78_79_82_83_84_86_88_89_90_91_94_95_96_99_100_102_103_106_107_108_110_111_114_116_117_120_121_122_124_125_126_128_129_133_134_136_137_138_140_141_143_145_146_147_148_151_152_153_154_155_157_158_161_162_164_165_167_168_170_172_175_177_178_179_181_182_184_186_187_188_190_191_193_194_196_198_200_205_208_210_211_213_216_217_219_221_222_223_230_234_236_237_240_242_252_254_257_263_273_278_285  1.66e+10  1.48e+10  78799.45  63651.28  13803.76    799.72     82.24     38.93  -3106.33  -5323.50      0.00 0
4488 14.0      0_1_2_3_4_5_6_7_8_9_10_11_12_13_15_16_17_18_20_21_23_24_25_26_28_29_31_32_33_34_35_37_38_40_41_44_45_47_48_49_50_52_53_55_58_59_62_63_66_67_69_70_71_72_73_74_75_76_78_79_82_83_85_86_88_89_91_94_95_97_98_99_100_102_103_106_107_110_111_113_114_120_121_124_125_131_132_133_134_136_137_143_145_146_151_152_154_164_165_170_175_176_178_187_193_202_208_209_215_221_229_232_236_239_247  1.45e+10  1.33e+10 -53846.76   -281.94  11249.33    906.65     78.20    180.30    745.81  -1430.96      0.00 0
4489 14.0      0_1_2_3_4_5_6_7_8_9_10_11_12_13_14_15_16_17_18_19_20_21_22_23_24_25_26_27_28_29_30_31_32_33_34_35_36_37_38_39_40_41_42_43_44_45_46_47_48_49_51_52_53_54_55_56_57_58_59_61_62_63_64_65_66_67_68_69_70_73_74_77_78_79_80_81_82_83_85_87_88_89_91_92_93_94_97_98_101_102_103_104_105_106_107_109_110_111_115_116_117_118_119_127_128_129_135_136_139_140_141_148_149_150_156_157_158_160_166_167_168_171_172_173_180_181_182_189_190_191_195_196_197_200_204_205_206_212_213_214_220_226_227_230_231_237_238_243_246_249_250_252_253_258_260_261_264_266_267_270_274_275_276_277_280_281_284_286_287_288_289_291_293_294_295_297_298  2.40e+10  2.21e+10  15434.00 -76269.24  12310.80    937.91     81.01    281.44    819.91  -8454.34      0.00 0
4490 14.0      0_1_2_3_4_5_6_7_8_9_10_11_12_13_14_15_16_17_18_19_20_21_23_24_25_26_27_28_29_31_33_35_38_39_41_44_45_47_49_51_53_55_57_59_61_63_67_75_79_81_83_89_95_103_107_111_121_137_141_152_162_173_185_199_218_224_241  1.23e+09  1.06e+09 -21620.44  22608.70  10182.42    740.13     71.97    133.72   1737.35  -2061.32      0.00 0
4491 14.0      0_1_2_3_4_5_6_7_8_9_10_11_12_13_14_15_16_17_18_19_20_21_22_23_24_25_26_27_28_29_30_31_32_33_34_35_36_37_38_39_40_41_42_43_44_45_46_47_48_49_50_51_52_53_54_55_56_57_58_59_60_62_63_64_66_67_68_69_70_71_72_73_74_75_76_78_79_80_82_83_84_85_86_88_89_90_91_94_95_96_98_99_100_102_103_106_107_108_110_112_114_116_120_122_124_126_128_132_133_134_136_138_140_143_145_147_151_153_155_157_161_163_165_167_172_175_177_179_184_186_188_196_198_210_211_216_217_219_223_234_254  1.91e+09  1.67e+09  62687.82  48293.55  13228.12    781.97     80.51     37.61  -3280.62  -3417.30      0.00 0
4492 14.0      141_152_158_162_168_173_176_178_181_182_185_191_197_199_200_202_203_205_206_209_212_214_218_220_224_226_227_228_229_230_231_232_233_235_237_238_239_241_243_244_245_246_247_248_249_250_251_252_253_255_256_257_258_259_260_261_262_263_264_265_266_267_268_269_270_271_272_273_274_275_276_277_278_280_281_282_283_285_286_287_288_290_292_294_296  8.13e+09  7.14e+09 -57276.94 -33913.98  12517.30    806.91     79.35    210.63   3405.07  -6825.21      0.00 0
4493 14.0      9_12_17_18_21_22_25_26_29_33_34_38_41_42_45_49_50_53_54_59_60_63_64_67_68_71_72_75_76_79_83_84_86_89_90_95_96_99_100_103_107_108_111_112_114_117_121_122_125_126_129_130_133_134_137_138_141_142_143_146_147_148_152_153_154_155_158_162_163_164_165_168_169_173_174_176_177_178_179_182_185_186_191_197_199_200_203_206_212_214_218_220_224_227_231_235_238_241_243_244_246_250_253_255_258_259_261_264_267_270_271_274_275_277_279_281_284_287_289_291_293_295_298  9.12e+10  8.38e+10   4560.63  69581.67  12446.09    846.65     79.88     86.25   2678.67  -7330.06      0.00 0
4494 14.0      0_1_2_3_4_5_6_7_8_9_10_11_13_14_15_16_19_20_23_24_27_28_29_30_31_32_35_36_37_39_40_43_44_45_47_48_51_52_55_56_57_58_61_62_65_66_69_70_73_74_77_78_79_81_82_85_87_88_91_92_93_94_97_98_101_102_105_106_109_110_113_115_116_117_119_120_123_124_127_128_131_132_135_136_139_140_144_145_148_149_150_151_156_157_160_161_166_167_171_172_180_181_182_184_189_190_195_196_198_200_204_205_211_213_219_225_226_227_230_234_237_242_246_249_252_257_260_263_266_269_273_275_276_280_283_286_288_290_292_293_294_296_297  7.24e+10  6.61e+10   2063.14 -59377.91  11591.91    906.37     78.96    271.99  -1981.76  -1841.34      0.00 0
4495 14.0      220_224_231_233_235_238_241_243_244_245_246_248_250_251_253_255_256_258_259_260_261_262_264_265_266_267_268_270_271_272_274_275_276_277_279_280_281_282_283_284_286_287_288_289_290_291_292_293_294_295_296_297_298  5.75e+10  5.31e+10  61407.64  36678.98  10728.21   1251.40     81.47     30.85   2857.39 -10416.15      0.00 0
4496 14.0      0_1_2_6_7_8_11_14_15_16_19_20_23_24_27_28_31_32_36_37_39_40_43_44_47_48_51_52_57_58_61_62_65_66_69_70_73_74_77_81_82_87_88_94_101_102_106_110_128_136_140  6.76e+10  6.11e+10   3721.36  22749.89   8559.32    841.26     69.63     80.71  -1551.25   -561.01      0.00 0
4497 14.0      0_1_2_3_4_5_6_7_8_9_10_11_12_13_14_15_16_17_18_19_20_22_23_24_25_26_27_28_30_31_32_34_35_36_37_38_39_40_42_43_44_46_47_48_50_51_52_54_56_57_58_60_61_62_64_65_66_68_69_70_72_73_74_76_77_80_81_82_84_85_87_88_90_92_93_94_96_97_98_101_104_105_106_108_109_112_113_115_118_119_120_122_123_124_126_127_130_131_132_135_136_138_139_142_144_145_147_149_151_153_156_159_161_163_169_174_175_177_180_183_184_186_192_207_217  1.20e+09  1.05e+09  73228.08  62321.99  14525.38    673.52     81.41     40.40    762.43   3037.73      0.00 0
4498 14.0      114_121_125_133_134_143_146_147_152_154_155_162_164_165_170_173_176_177_178_179_185_187_188_193_194_199_202_203_208_209_210_212_215_216_218_220_221_222_224_228_229_232_233_235_236_238_239_240_241_243_244_245_247_248_251_255_256_258_259_262_264_265_268_270_271_272_274_279_281_282_284_291  7.76e+09  6.87e+09  15612.41  85065.38  13574.31    769.27     81.08     79.60   5845.63  -5888.37      0.00 0
4499 14.0      9_13_17_21_25_28_29_33_35_40_41_44_45_53_55_59_63_66_67_78_79_88_89_91_102_103_110_116_117_128_140_148_157_161_167_172_181_190_196_198_205_211_213_219_223_230_234_237_242_252_254_257_263_269_273_278_283_285_292  1.32e+09  1.13e+09  29025.09  42869.88  12448.34    676.88     76.48     55.90  -3581.71  -8206.64      0.00 0
