#event_number primary_type du_ids energy_primary em_energy Xmax_pos(x, y, z), Xmax_grams zenith azimuth shower_core_pos_x shower_core_pos_y shower_core_pos_z, N_tested_cores, units are degrees, GeV and meters
300 14.0      20_28_32_35_40_44_45_52_55_58_62_66_67_74_78_79_82_88_89_91_102_103_106_110_111_116_117_128_129_141_148_158_162_168_173_182_191_197_199_206_212_214_220_224_231_235_238_243_244_255_258_259_264_271_272_274_279  1.74e+10  1.57e+10  25654.71 -25087.88   9883.73    889.42     74.60    315.64   2549.33  -6092.80      0.00 0
301 14.0      3_5_8_9_12_13_16_17_20_21_25_28_29_32_33_35_38_40_41_44_45_49_52_53_55_58_59_62_63_66_67_71_75_78_79_82_83_88_94_102_106_110_120_136_140_151_161_184  1.78e+10  1.61e+10  21787.02  12807.94   9034.07    810.11     70.33     30.45  -1327.36  -2474.11      0.00 0
302 14.0      181_182_191_197_200_205_206_213_214_226_227_230_231_237_242_249_252_257  2.34e+10  2.07e+10  17565.72   7197.07   7654.20    896.10     68.04     22.28   -402.74  -7337.91      0.00 0
303 14.0      0_1_2_3_4_5_6_7_8_9_10_11_12_13_14_15_16_17_18_20_21_22_24_25_26_27_28_29_30_32_33_34_35_36_38_40_41_42_44_45_46_49_50_52_53_54_55_56_58_59_60_62_63_64_66_67_68_71_72_75_76_78_79_80_82_83_84_86_88_89_90_91_95_96_99_100_102_103_104_106_107_108_110_111_112_114_116_117_121_122_125_126_128_129_130_133_134_136_137_138_140_141_142_143_147_148_153_155_157_158_161_163_165_167_168_169_172_174_177_179_181_182_186_188_190_191_196_198_200_205_206_210_211_213_219_223_226_227_230_234_237_242_246_249_252_254_257_260_263_266_269_273_276_278_280_283_285_288_290_292_296  2.63e+09  2.29e+09  43790.80  80184.77  13850.00    750.59     81.38     61.36   -816.80  -5166.67      0.00 0
304 14.0      91_116_117_148_157_167_181_190_205_213_230_237  3.24e+10  2.88e+10  -7890.76 -14716.20   7536.03    831.44     65.71    241.80   -908.12  -5707.86      0.00 0
305 14.0      176_178_185_187_199_202_203_209_212_215_218_224_228_229_233  2.00e+10  1.77e+10   9502.30  13450.42   7085.59    920.97     66.72     54.76   5347.38  -3999.78      0.00 0
306 14.0      0_1_2_3_4_5_6_7_8_9_10_11_12_13_14_15_16_17_18_19_20_21_22_23_24_25_26_27_28_29_30_31_32_33_34_35_36_37_38_39_40_41_42_43_44_45_46_47_48_49_50_51_52_53_54_55_56_57_58_59_60_61_62_63_64_65_66_67_68_69_70_71_72_73_74_75_76_77_78_79_80_81_82_83_84_85_86_87_88_89_90_91_92_93_94_95_96_97_98_99_100_101_102_103_104_105_106_107_108_109_110_111_112_113_114_115_116_117_118_120_122_124_126_127_128_129_130_132_134_136_138_139_140_142_145_147_148_149_151_153_155_156_157_158_159_161_163_166_167_169_172_174_175_177_179_180_181_182_183_184_186_189_190_192_196_198_200_201_204_205_207_211_213_217_219_223_225_226_230_234_237_242_249_252_254_257_263_266_269_273_276_278_280_283_285_288_290_292_296  8.13e+09  7.20e+09 -59869.40 -119037.06  14263.27    803.23     83.89    243.30    527.61   1303.24      0.00 0
307 14.0      112_122_126_130_134_138_142_143_147_153_155_159_163_165_169_170_174_177_179_183_186_188_192_193_194_201_207_208_210_215_216_221_222_225_232_236_239_240  2.75e+10  2.42e+10 -33958.01  38194.09  11667.54    793.58     77.14    131.64   5628.95   2703.22      0.00 0
308 14.0      6_10_14_18_22_30_34_36_42_46_54_60_64_68_76_80_84_90_96_108_112_122_126_138_147_153_163_177_179_186  7.08e+10  6.34e+10  20337.94  10818.43   8645.00    823.48     69.43     28.01   3226.07   2751.00      0.00 0
309 14.0      0_2_3_4_5_8_9_12_13_16_17_18_20_21_25_26_28_29_32_33_34_35_38_40_41_44_45_49_50_52_53_54_55_58_59_60_62_63_66_67_71_72_75_76_78_79_82_83_84_86_88_89_91_94_95_96_99_100_102_103_106_107_110_111_114_116_117_120_121_122_125_126_128_129_133_134_136_137_140_141_143_146_147_148_151_152_154_155_157_158_161_162_164_165_167_168_170_172_173_175_176_177_178_179_181_182_184_185_187_188_190_191_193_194_196_197_198_199_200_202_203_205_206_208_209_210_211_212_213_214_215_216_217_218_219_220_221_222_223_224_226_227_228_229_230_231_232_233_234_235_236_237_238_239_240_241_242_243_244_245_246_247_248_249_250_251_252_253_254_255_256_257_258_259_260_261_262_263_264_265_266_267_268_269_270_273_274_275_276_277_278_280_281_283_285_286_287_288_290_292_294_296  1.35e+10  1.17e+10 161724.28 115101.48  14124.34    779.84     85.93     35.44    197.25  -5696.66      0.00 0
310 14.0      9_13_17_21_25_28_29_33_35_38_40_41_44_45_49_53_55_59_63_66_67_71_72_75_76_78_79_83_86_88_89_91_95_99_100_102_103_107_110_111_114_116_117_121_125_126_128_129_133_134_136_137_140_141_143_146_148_152_154_155_157_158_161_162_164_165_167_168_170_172_173_176_178_179_181_182_184_185_187_188_190_191_193_194_196_197_198_199_200_202_203_205_206_208_209_210_211_212_213_214_215_216_217_218_219_220_221_222_223_224_226_227_228_229_230_231_232_233_234_235_236_237_238_239_240_241_242_243_244_245_246_247_248_249_250_251_252_253_254_255_256_257_258_259_260_261_262_263_264_265_266_267_268_269_270_271_272_273_274_275_276_277_278_279_280_281_282_283_284_285_286_287_288_289_290_291_292_293_294_295_296_297_298  6.61e+10  6.21e+10 -208182.91 -156535.53  11554.47    953.29     87.46    216.94   3173.64  -6258.11      0.00 0
311 14.0      0_1_2_3_4_5_6_7_8_9_10_11_12_13_14_15_16_17_18_19_20_21_22_23_24_25_26_27_28_29_30_31_32_33_34_35_36_37_38_39_40_41_42_43_44_45_46_47_48_49_50_51_52_53_54_55_56_58_59_60_61_62_63_64_65_66_67_68_71_72_75_76_77_78_79_80_82_83_84_86_88_89_90_91_92_95_96_100_101_102_103_104_106_107_108_110_111_112_115_116_117_118_122_128_129_130_136_138_140_141_142_148_149_153_157_158_159_163_167_168_169_172_174_181_182_183_190_191_192_196_200_205_206_207_211_213_214_219_226_227_230_231_234_237_242_246_249_250_252_257_260_261_263_266_269_273_275_276_277_278_280_283_285_286_287_288_290_292_293_294_296_297  2.19e+09  1.92e+09 -19206.36 -78253.24  13657.30    723.89     80.38    256.21   -822.70  -6212.44      0.00 0
312 14.0      1_2_5_8_9_11_13_15_16_19_20_23_24_28_29_31_32_35_37_40_41_44_45_47_48_51_52_55_57_58_62_66_67_69_70_73_74_78_79_81_82_85_88_89_91_93_94_97_98_102_103_105_106_110_111_113_116_117_119_120_123_124_128_129_131_132_135_136_140_141_144_145_148_150_151_157_158_161_167_168_172_173_181_182_190_191_196_197_200_205_206_212_213_214_220_226_227_231_235_238_243_246_250_253_255_258_261_264_267_270_271_274_277_279_281_284_289_291  5.62e+09  5.06e+09 -41651.12  57327.86  12698.86    811.47     79.84    126.00   -648.22  -4043.81      0.00 0
313 14.0      1_2_5_7_8_11_13_15_16_19_20_23_24_28_31_32_35_37_39_40_44_45_47_48_51_52_55_57_58_61_62_66_69_70_73_74_78_79_81_82_85_87_88_91_93_94_97_98_102_105_106_109_110_113_116_117_119_123_128_131_135_139_144_148_150_160_171  8.71e+10  8.00e+10 -18012.23  35766.67  10237.42    897.78     75.66    116.73  -3268.62   1962.26      0.00 0
314 14.0      1_6_7_10_11_14_15_19_22_23_24_27_30_31_36_37_39_42_43_46_47_48_51_54_56_57_61_64_65_68_69_70_73_74_77_80_81_84_85_87_90_92_93_94_97_98_101_104_105_108_109_112_113_115_118_119_123_124_127_130_131_132_135_138_139_142_144_145_149_150_153_156_159_160_163_166_169_171_174_180_183_186_189_192_195_201_204_207_225  4.17e+09  3.54e+09 -141401.86 -98496.62  14743.22    733.04     85.11    214.86  -3534.54   3470.40      0.00 0
315 14.0      0_1_2_3_4_5_6_7_8_9_10_11_12_13_14_15_17_18_19_21_22_25_26_27_28_29_30_33_34_35_36_38_39_41_42_43_44_45_46_49_50_53_54_55_56_59_60_63_64_65_67_68_71_72_75_76_77_78_79_80_83_84_86_87_89_90_91_92_95_96_99_100_101_103_104_107_108_111_112_114_115_117_118_121_122_125_126_127_129_130_133_134_137_138_141_142_143_146_147_148_149_152_153_154_155_156_158_159_162_163_164_165_166_168_169_170_173_174_176_177_178_179_180_182_183_185_186_187_188_189_191_192_193_194_197_199_201_202_203_204_206_207_208_209_210_212_214_215_216_218_220_221_222_224_225_227_228_229_231_232_233_235_236_238_239_240_241_243_244_245_247_248_250_251_253_255_256_258_259_262_264_265_267_268_270_271_272_274_277_279_281_282_284_289_291  1.74e+09  1.50e+09 -45764.11 236981.34  13536.37    737.44     86.79    100.93   5271.27  -3107.94      0.00 0
316 14.0      211_219_234_237_242_254_257_263_269_273_278_283_285_292  1.32e+10  1.17e+10    538.14  18569.10   7498.01    915.60     68.02     88.34  -3586.15  -9491.46      0.00 0
317 14.0      1_2_7_11_15_16_19_20_23_24_27_31_32_36_37_39_40_43_47_48_51_52_56_57_58_61_62_65_69_70_73_74_77_81_82_85_87_88_92_93_94_97_98_101_105_106_110_120_124_136_140_145_151_161_172_184_198_223  3.80e+10  3.53e+10  -9077.86 -24331.62   8398.06    967.48     72.08    249.54  -2386.73   -851.64      0.00 0
318 14.0      120_136_140_145_151_161_172_175_184_196_198_211_213_217_219_223_230_234_237_242_252_254_257_263_266_269_273_280_283_288_290_296  3.63e+09  3.20e+09  -7248.38  28582.37   9694.88    788.52     71.80    104.23  -3065.81  -7385.99      0.00 0
319 14.0      100_114_122_125_126_133_134_138_143_146_147_153_154_155_163_164_165_170_174_176_177_178_179_186_187_188_193_194_202_203_208_209_210_215_216  4.79e+10  4.30e+10  -4084.46  39323.10  10290.64    877.48     75.41     95.93   4916.01   3733.76      0.00 0
320 14.0      67_78_79_89_91_102_103_107_110_111_116_117_121_125_128_129_136_137_140_141_146_148_151_152_154_157_158_161_162_167_168_172_173_176_178_181_182_184_185_187_190_191_196_197_198_199_200_202_203_205_206_209_211_212_213_214_215_217_218_219_220_223_224_226_227_228_229_230_231_232_233_234_235_237_238_239_241_242_243_244_245_246_247_248_249_250_251_252_253_254_255_256_257_258_259_260_261_262_263_264_265_266_267_268_269_270_271_272_273_274_275_276_277_278_279_280_281_282_283_284_285_286_287_288_289_290_291_292_293_294_295_296_297_298  2.88e+10  2.57e+10 205547.16  42716.43  13539.34    838.58     86.31     11.74  -1396.83  -8239.02      0.00 0
321 14.0      176_185_199_203_212_218_224_233_235_241_243_244_255_256_259_264_271_279  4.79e+10  4.36e+10    -77.00  19181.41   7610.01    913.94     68.36     90.23   4846.12  -6799.87      0.00 0
322 14.0      0_1_2_3_4_5_6_7_8_9_10_11_12_13_15_16_17_18_20_21_23_24_25_26_28_29_31_32_33_34_35_37_38_40_41_44_45_47_48_49_50_52_53_55_58_59_62_63_66_67_69_70_71_72_73_74_75_76_78_79_82_83_85_86_88_89_91_94_95_97_98_99_100_102_103_106_107_110_111_113_114_116_117_120_121_124_125_128_129_132_133_134_136_137_140_141_143_145_146_148_151_152_154_157_158_161_162_164_165_167_168_170_172_173_175_176_178_184_185_187_193_194_198_199_202_203_208_209_215_217_218_221_222_228_229_232_233_236_239_245_247_248_262  1.48e+09  1.29e+09 104491.98   4397.78  14493.69    706.91     82.11      2.41   -126.68  -2449.23      0.00 0
323 14.0      33_38_41_45_49_53_59_63_67_71_72_75_79_83_86_89_91_95_99_100_103_107_111_114_116_117_121_125_126_129_133_134_137_141_143_146_147_148_152_154_155_157_158_162_164_165_167_168_170_173_176_177_178_179_181_182_185_187_188_190_191_193_194_196_197_199_200_202_203_205_206_208_209_210_212_213_214_215_216_218_219_220_221_222_224_226_227_228_229_230_231_232_233_235_236_237_238_239_240_241_242_243_246_249_250_252_253_257_258_260_261_263_266_267_269_270_273_275_276_277_278_280_281_283_285_286_287_288_290_292_293_294_296_297  7.24e+09  6.53e+09 -56813.93 -73907.73  13765.70    772.15     81.60    232.45   1519.63  -5930.38      0.00 0
324 14.0      89_107_111_121_137_146_152_162_176_178_185_202_203_209_228_229_232_245_247  1.07e+09  9.49e+08 -23881.14   2139.74   9304.81    727.37     68.79    174.88   4979.02  -3154.71      0.00 0
325 14.0      0_1_2_3_4_5_6_7_8_9_10_11_12_13_14_15_16_17_18_19_20_21_22_23_24_25_26_27_28_29_30_31_32_33_34_35_36_37_38_39_40_41_42_43_44_45_46_47_48_49_50_51_52_53_54_55_56_57_58_59_60_61_62_63_64_65_66_67_68_69_70_71_72_73_74_75_76_77_78_79_80_81_82_83_84_85_86_87_88_89_90_91_92_93_95_96_99_100_101_102_103_104_105_106_107_108_109_110_111_112_114_115_116_117_118_119_121_122_125_126_127_128_129_130_133_134_135_137_138_139_141_142_143_146_148_149_152_153_154_156_157_158_159_160_162_163_166_167_168_169_171_173_174_176_178_180_181_182_183_185_189_190_191_192_195_197_199_200_201_203_204_205_206_207_212_214_218_220_224_225_226_227_230_231_233_235_238_241_243_244_246_249_250_253_255_256_258_259_260_261_264_267_270_271_272_274_275_277_279_281_284_286_287_289_291_293_295_298  1.38e+10  1.24e+10  27343.79 -123748.62  13700.54    887.36     83.83    282.46   2296.60  -6189.18      0.00 0
326 14.0      129_141_158_168_173_182_191_197_206_214_227_231_238_246_250_253_261_267_275_277_281_287_289  5.89e+10  5.32e+10  -4542.16 -23631.52   8968.48    789.98     69.56    259.12   1394.96  -7862.07      0.00 0
327 14.0      13_28_29_35_41_44_45_55_66_67_78_79_88_91_102_110_116_128_140_148_157_167_172_181_190_196_213_219_237  1.32e+10  1.18e+10  10023.79  18523.15   8126.93    867.86     68.90     61.58  -1161.37  -4514.21      0.00 0
328 14.0      8_11_15_16_20_23_24_28_31_32_37_40_44_47_48_51_52_55_57_58_62_66_69_70_73_74_78_81_82_85_88_91_93_94_97_98_102_105_106_110_113_116_117_119_120_123_124_128_131_132_135_136_140_144_145_148_150_151_157_158_160_161_167_172_181_182_184_190_196_198_200_205_206_211_213_219_226_227_230_231_237_246_249_250_252_253_260_261_266_267_275_276_277_281_286_287_289_291_293_295_298  1.02e+10  8.92e+09 -21767.02  58002.41  12716.97    733.79     78.40    110.57  -2131.72  -3457.95      0.00 0
329 14.0      115_118_127_139_149_156_159_160_166_169_171_180_183_189  5.13e+09  4.58e+09  16799.86   1730.17   7315.40    886.79     66.58      5.88  -1143.17   5029.64      0.00 0
330 14.0      8_13_20_21_28_29_32_35_40_41_44_45_48_52_53_55_58_62_63_66_67_74_78_79_82_83_88_89_91_94_95_98_102_103_106_107_110_111_116_117_120_121_124_125_128_129_132_136_137_140_141_145_146_148_151_152_157_158_161_162_167_168_172_173_175_176_178_181_182_184_185_190_191_196_197_198_199_202_203_206_209_212_214_217_218_220_224_228_229_232_233_235_241_243_244_245_247_248_251_255_256_259_262_265_268_272_282  1.82e+10  1.60e+10 -81020.86  18869.05  13428.99    774.16     80.83    166.89   5984.85  -5195.31      0.00 0
331 14.0      0_1_2_3_4_5_6_7_8_9_10_11_12_13_14_15_16_17_18_19_20_21_22_23_24_25_26_27_28_29_30_31_32_33_34_35_36_37_38_39_40_41_42_43_44_45_46_47_48_49_50_51_52_53_54_55_56_57_58_59_60_61_62_63_64_65_66_67_68_69_70_71_72_73_74_75_76_77_78_79_80_81_82_83_84_85_86_87_88_90_91_92_93_94_96_97_98_100_101_102_104_105_106_108_109_110_112_113_114_115_116_118_119_120_122_123_124_126_127_128_130_131_132_134_135_136_138_139_140_142_144_145_147_149_151_153_155_156_159_161_163_166_167_169_172_174_175_177_179_180_183_184_186_192_196_198_201_207_210_211_217_223_234_254  1.55e+10  1.37e+10  96909.88  88739.34  14321.11    791.92     83.78     42.48  -3825.68  -1887.63      0.00 0
332 14.0      107_111_121_125_137_141_146_152_154_176_178_187_209_215  9.55e+10  8.79e+10  15910.97   5828.89   7336.29    884.51     66.59     20.12   4108.70  -2702.87      0.00 0
333 14.0      0_3_4_5_6_9_10_12_13_14_17_18_21_22_25_26_29_30_33_34_35_36_38_41_42_45_46_49_50_53_54_55_56_59_60_63_64_67_68_71_72_75_76_79_80_83_84_86_89_90_92_95_96_99_100_103_104_107_108_111_112_114_115_117_118_121_122_125_126_129_130_133_134_137_138_141_142_143_146_147_149_152_153_154_155_158_159_162_163_164_165_168_169_170_173_174_176_177_178_179_180_182_183_185_186_187_188_191_192_193_194_197_199_201_202_203_206_207_208_209_210_212_214_215_216_218_220_221_222_224_225_227_228_229_231_232_233_235_236_238_239_240_241_243_244_245_247_248_250_251_253_255_256_258_259_261_262_264_265_267_268_270_271_272_274_277_279_281_282_284_289_291_295  8.32e+10  7.54e+10  20751.21 -272169.94  11965.43    822.65     87.49    274.36   5768.90   2743.09      0.00 0
334 14.0      0_1_2_3_4_5_6_7_8_9_10_11_12_13_14_15_16_17_18_19_20_21_22_23_24_25_26_27_28_29_30_31_32_33_34_35_36_37_38_39_40_41_42_43_44_45_46_47_48_49_50_51_52_53_54_55_56_57_58_59_60_61_63_64_65_67_68_69_70_71_72_73_74_75_76_77_79_80_81_83_84_85_86_87_89_92_93_95_97_99_100_101_103_105_107_109_111_114_119_121_123_125_127_131_133_135_137_139_141_144_146_150_152_154_160_162_166_171_176_178_185_187_199_202_203_209_218_228_229_233_241_245_247_248_251_262_265_268_282  1.55e+10  1.36e+10 -50260.02  39070.04  12720.43    748.16     78.70    142.14   -583.06    862.70      0.00 0
335 14.0      8_11_16_20_23_24_28_31_32_37_40_44_47_48_51_52_55_57_58_62_66_69_70_73_74_78_81_82_85_88_91_93_94_97_98_102_105_106_110_113_116_117_119_120_123_124_128_131_132_135_136_140_144_148_150_157_160_161_167_172_181_182_190_196_200_205_206_213_226_227_230_246_249_250_260_261_275_277  3.63e+09  3.21e+09 -14519.48  42650.69  11752.58    704.03     75.38    108.80  -1815.98  -3225.82      0.00 0
336 14.0      48_58_62_69_70_74_82_85_88_94_97_98_102_106_110_113_116_120_123_124_128_131_132_136_140_144_145_148_151_157_161_167_172_175_181_184_190_196_198_200_205_211_213_226_227_230_246  2.63e+10  2.38e+10  21797.98 -37724.79  10960.10    816.54     75.88    300.02  -4010.90  -1393.19      0.00 0
337 14.0      71_72_75_86_95_96_99_100_107_114_121_122_125_126_133_134_137_141_143_146_147_152_153_154_155_162_163_164_165_168_170_173_176_177_178_179_185_186_187_188_193_194_197_199_202_203_209_212_214_218_220_224_233_235_238_241_243_244_255_256_258_259_264_270_271_274_279_284_291  1.95e+09  1.73e+09  -3313.79 -49241.75  11730.27    761.34     76.63    266.15   4295.90  -3348.26      0.00 0
338 14.0      151_161_172_184_196_198_211_213_219_223_230_234_237_242_252_257_266_269_280  3.09e+09  2.75e+09  -7243.56  24006.97   9600.66    704.39     69.05    106.79  -3110.05  -6805.91      0.00 0
339 14.0      0_1_2_3_4_5_6_7_8_9_10_11_12_13_14_15_16_17_18_19_20_21_22_23_24_25_26_27_28_29_30_31_32_33_34_35_36_37_38_39_40_41_42_43_44_45_46_47_48_49_50_51_52_53_54_55_56_57_58_59_60_61_62_63_64_65_66_67_68_69_70_71_72_73_75_76_77_78_79_80_81_83_84_86_87_88_89_90_91_92_93_95_96_99_100_101_102_103_104_105_107_108_109_111_112_114_115_116_117_118_119_121_122_125_126_127_129_130_133_134_135_137_138_139_141_142_143_146_147_148_149_150_152_153_154_155_156_158_159_160_162_163_164_165_166_168_169_170_171_173_174_176_177_178_179_180_182_183_185_186_187_188_189_191_192_193_194_195_197_199_201_202_203_204_206_207_208_209_212_214_215_218_220_221_224_225_228_229_231_232_233_235_238_239_241_243_244_245_247_248_251_253_255_256_258_259_262_264_265_268_270_271_272_274_279_282_284  5.50e+09  4.80e+09  70491.09 -152766.67  14068.86    836.82     85.22    294.77    140.46   4984.56      0.00 0
340 14.0      0_1_2_3_4_5_6_7_8_9_10_11_12_13_14_15_16_17_18_19_20_21_22_23_24_25_26_27_28_29_30_31_32_33_34_35_36_37_38_39_40_41_42_43_44_45_46_47_48_49_50_51_52_53_54_55_56_57_58_59_60_61_62_63_64_65_66_67_68_69_70_71_72_73_74_75_76_77_78_79_80_81_82_83_84_85_86_87_88_89_90_92_93_94_95_96_97_98_99_100_101_102_104_105_106_108_109_110_112_113_114_115_118_119_120_122_123_124_125_126_127_130_131_132_133_134_135_136_138_139_142_143_144_145_147_149_150_151_153_155_156_159_160_163_164_165_166_169_170_171_174_175_177_179_180_183_184_186_188_189_192_193_194_195_201_204_207_208_210_216_222_225_236_240  1.95e+09  1.76e+09 -237466.88 -79778.04  12909.44    788.82     87.05    198.57   4872.67   4633.01      0.00 0
341 14.0      34_38_50_54_60_64_71_72_76_84_86_96_99_100_114_125_126_133_134_143_154_164_165_170_178_187_193_202_208_209_215_221_229_232_239_245_247  9.12e+09  7.99e+09  28939.72 -20711.16  10737.68    726.37     73.21    324.41   6484.86  -1757.92      0.00 0
342 14.0      0_1_2_3_4_5_6_7_8_9_10_11_12_13_14_15_16_17_18_19_20_21_22_23_24_25_26_27_28_29_30_31_32_33_34_35_36_37_38_39_40_41_42_43_44_45_46_47_48_49_50_51_52_53_54_55_56_57_58_59_60_61_62_63_64_65_66_67_68_69_70_71_72_73_74_75_76_77_78_79_80_81_82_83_84_85_86_87_88_89_90_91_92_93_94_95_96_97_98_99_100_101_102_103_104_105_106_107_108_109_110_111_112_113_114_115_116_117_118_119_120_121_122_123_124_125_126_127_128_129_130_131_132_133_134_135_136_137_138_139_140_141_142_143_144_145_146_147_148_149_150_151_152_153_154_155_156_157_158_159_160_161_162_163_164_165_166_167_168_169_170_171_172_173_174_175_176_177_178_179_180_181_182_183_184_185_186_187_188_189_190_191_192_193_194_195_196_197_198_199_200_201_202_203_204_205_206_207_209_210_211_212_213_214_217_218_219_220_223_224_225_226_227_228_230_231_233_234_235_237_238_241_242_243_244_246_249_250_251_252_253_254_255_256_257_258_259_260_261_263_264_266_267_269_270_271_273_274_275_276_277_278_279_280_281_283_284_285_286_287_288_289_290_291_292_293_294_295_296_297_298  6.61e+09  5.79e+09   6521.51 280893.62  11776.12    809.29     87.60     88.67    209.46 -10447.79      0.00 0
343 14.0      100_114_122_125_126_133_134_138_143_146_147_153_154_155_163_164_165_170_174_176_177_178_179_186_187_188_193_194_202_203_208_209_210_215_216_218_221_222_228_229_232_233_236_239_241_245_247_248_251_256_262_265_268_272_282  1.35e+10  1.23e+10  -9380.64  45138.68  10626.79    921.65     77.02    101.74   5517.18   1538.91      0.00 0
344 14.0      12_17_18_21_25_26_33_34_38_41_49_50_53_54_59_60_63_64_67_71_72_75_76_83_84_86_89_90_95_96_99_100_103_107_108_111_112_114_121_122_125_126_129_130_133_134_137_138_141_142_143_146_147_152_153_154_155_158_162_163_164_165_168_169_170_173_174_176_177_178_179_185_186_187_188_191_192_194_197_199_202_203_210_212_214_218_220_224_231_233_235_238_241_243_244_253_255_256_258_259_264_267_270_271_274_279_281_284_289_291  3.98e+10  3.59e+10   1898.92  61798.87  11671.35    917.60     79.31     88.24   3722.32   -300.03      0.00 0
345 14.0      10_18_22_25_26_30_34_36_38_42_46_49_50_54_56_60_64_68_71_72_75_76_80_84_86_90_96_99_100_114_125_133_154  7.24e+10  6.78e+10 -12742.19  10760.36   6897.94    976.51     67.53    139.82   2342.08    697.59      0.00 0
346 14.0      96_108_112_122_126_134_138_142_147_153_155_165_170_177_179_188_194_208_210_216_222_236_240  7.59e+10  6.87e+10  27796.59 -11411.55   9497.12    839.11     72.46    337.68   6350.49   1648.90      0.00 0
347 14.0      121_125_137_141_146_152_154_162_164_168_173_176_178_185_187_191_197_199_202_203_212_214_218_220_224_231_233_235_238_241_243_244_250_253_255_258_261_264_267_270_271_274_275_277_279_281_284_287_289_291_293_295_297_298  2.82e+09  2.51e+09 -14622.36 -41361.08  10881.04    835.82     76.07    250.53   2669.50  -9090.98      0.00 0
348 14.0      14_22_27_30_36_42_43_46_54_56_64_68_80_84_90_104_108_112_122_138_142_153_163_186  2.51e+09  2.19e+09 -17847.57 -12820.05   8999.06    727.73     67.73    215.69   2367.62   3231.85      0.00 0
349 14.0      4_6_7_10_14_15_18_19_22_26_27_30_31_34_36_38_39_42_43_46_50_51_54_56_57_60_61_64_65_68_72_73_76_77_80_81_84_86_87_90_92_93_96_100_101_104_105_108_109_112_114_115_118_119_122_123_126_127_130_134_135_138_139_142_143_144_147_149_150_153_155_156_159_160_163_165_166_169_170_171_174_177_179_180_183_186_188_189_194_195_208_210_216_222_236_240  5.50e+09  4.92e+09  70441.78 -15178.58  12407.82    873.13     80.23    347.84  -3285.04   3964.51      0.00 0
350 14.0      7_14_19_27_36_39_43_51_56_61_65_77_81_87_101_105_109_127_135_139_160_171  2.29e+09  2.03e+09  14538.67 -13178.24   8576.90    733.96     66.39    317.81  -2021.94   3143.89      0.00 0
351 14.0      67_78_79_88_89_91_102_103_107_110_111_116_117_121_128_129_136_137_140_141_146_148_151_152_157_158_161_162_167_168_172_173_175_176_178_181_182_184_185_190_191_196_197_198_199_200_202_203_205_206_209_211_212_213_214_215_217_218_219_220_223_224_226_227_228_229_230_231_232_233_234_235_237_238_239_241_242_243_244_245_246_247_248_249_250_251_252_253_254_255_256_257_258_259_262_263_264_265_266_268_269_271_272_273_278_282  2.82e+10  2.52e+10  99640.83  13277.23  13537.45    840.95     82.33      7.59  -2128.14  -6165.09      0.00 0
352 14.0      0_1_2_3_4_5_6_7_8_9_10_11_12_13_14_15_16_17_18_19_20_21_22_23_24_25_26_27_30_31_32_33_34_36_37_38_42_46_47_48_49_50_54_58_60_64_68_69_70_71_72_74_75_76_84_86_90_96_100_108_114_122_126_134_138_143_147_153_155_165_177_179_188_194_210_216_222_240  2.95e+09  2.55e+09  42469.19  14897.47  11146.27    804.20     76.09     19.33   5445.13   2298.71      0.00 0
353 14.0      28_29_35_40_41_44_45_52_53_55_62_63_66_67_78_79_82_83_88_89_91_94_95_102_103_106_107_110_111_116_117_120_121_124_125_128_129_136_137_140_141_145_146_148_151_152_154_157_158_161_162_167_168_172_173_175_176_178_181_182_184_185_187_190_191_196_197_198_199_200_202_203_205_206_209_211_212_213_214_215_217_218_219_220_223_224_228_229_232_233_234_235_239_241_244_245_247_248_251_256_262_265_268_282  5.75e+10  5.19e+10  78703.91   1538.67  12918.94    831.25     80.68      1.12    957.12  -4318.41      0.00 0
354 14.0      0_1_2_3_4_5_6_7_8_9_10_11_12_14_15_16_17_18_19_22_23_24_25_26_27_30_31_32_33_34_36_37_38_39_42_43_46_47_48_49_50_51_54_56_57_60_61_64_65_68_69_70_71_72_73_74_75_76_77_80_81_84_85_86_87_90_92_93_96_97_99_100_101_104_105_108_109_112_113_114_115_119_122_123_126_127_131_133_134_135_138_139_143_144_147_150_153_155_160_165_170_177_179_188_194_208_210_216_222_236_240  6.92e+09  6.18e+09  60108.33  -2918.76  11621.36    909.24     79.07    357.22  -2631.80   1778.52      0.00 0
355 14.0      8_9_13_16_20_21_28_29_32_35_40_41_44_45_48_52_53_55_58_59_62_63_66_67_74_78_79_82_83_88_89_91_94_95_98_102_103_106_107_110_120_124_145  5.13e+09  4.51e+09  25908.33   -972.66   9150.54    804.91     70.56    357.85  -1191.60  -2073.71      0.00 0
356 14.0      9_12_17_21_25_26_29_33_34_35_38_41_45_49_50_53_55_59_60_63_67_71_72_75_76_78_79_83_84_86_89_91_95_96_99_100_102_103_107_108_111_114_116_117_121_122_125_126_128_129_133_134_137_141_143_146_147_148_152_153_154_155_157_158_162_164_165_167_168_170_173_177_179_181_182_186_188_190_191_194_196_197_200_205_206_210_213_214_216_219_226_227_230_231_237_246_249_250_252_257_260_261_266_269_273_275_276_280_283_285_286_288_290_292_294_296  1.29e+10  1.15e+10  31060.03  54431.96  12091.08    846.15     79.08     60.29   1931.51  -3369.54      0.00 0
357 14.0      0_1_2_3_4_5_6_7_8_9_10_11_12_13_14_15_16_18_19_20_22_23_24_27_28_29_30_31_32_35_36_37_39_40_42_43_44_45_46_47_48_51_52_55_56_57_58_61_62_65_66_68_69_70_73_74_77_78_80_81_82_85_87_88_90_91_92_93_94_97_98_101_102_104_105_106_109_110_113_115_116_118_119_120_123_124_127_128_130_132_135_136_139_140_145_149_151_156_157_159_161_166_167_171_172_175_180_183_184_189_190_192_195_196_198_201_204_205_207_211_213_217_219_223_225_230_234_237_242_252_254_257_263_269_273_278_283_285_292  9.12e+09  8.25e+09 -12907.51 -58318.32  11675.19    893.58     78.94    257.52  -1646.27    311.36      0.00 0
358 14.0      41_63_67_79_83_89_91_103_111_116_117_129_148_157_158_181_182_190_200_205_213_226_230  2.88e+10  2.59e+10  10237.49  19674.40   8642.60    798.46     68.71     62.51     95.00  -4945.69      0.00 0
359 14.0      114_125_126_133_134_143_146_147_153_154_155_164_165_170_176_177_178_179_186_187_188_193_194_208_210_216  1.35e+09  1.22e+09  -3791.53 -33643.25  10118.72    802.31     73.36    263.57   5559.17   1786.44      0.00 0
360 14.0      3_5_8_9_12_13_17_18_21_25_26_28_29_33_34_35_38_40_41_44_45_49_50_53_55_59_60_62_63_66_67_71_72_75_76_78_79_83_86_88_89_91_95_96_99_100_102_103_107_110_111_114_116_117_121_122_125_126_128_129_133_134_137_140_143_146_147_148_154_155_157_161_164_165_167_170_172_177_179_181_188_190_193_194_196_198_208_210_211_216_219_222_223_234_240  4.47e+10  4.02e+10 -42455.74 -35979.62  11575.40    865.49     78.25    220.28   5080.89    987.56      0.00 0
361 14.0      176_178_185_199_202_203_209_212_218_220_224_228_233_235_241_243_244_255_256_258_259_264_270_271_274_279_284  4.68e+10  4.19e+10 -10093.84 -23103.88   9012.53    812.64     70.33    246.40   4595.10  -6594.61      0.00 0
362 14.0      121_125_133_137_141_143_146_152_154_162_164_165_168_170_173_176_178_185_187_191_193_194_197_199_202_203_208_209_212_214_215_216_218_220_221_222_224_228_229_231_233_235_238_241_243_244_250_253_255_258_261_264_267_270_274_275_277_281_284_287_289_291_293_295_298  1.35e+10  1.19e+10 -15930.12 -36016.23   9775.23    985.80     76.06    246.14   3791.61  -6136.72      0.00 0
363 14.0      50_60_71_72_75_76_84_86_95_96_99_100_108_112_114_121_122_125_126_133_134_137_138_142_143_146_147_152_153_154_155_162_163_164_165_169_174_176_177_178_185_186_187_199_202_203_218_224_233_241  2.57e+10  2.35e+10  -6252.67  34785.71  10074.44    840.20     74.09    100.19   3887.20    427.95      0.00 0
364 14.0      163_174_177_186_192_207_210_216_240  1.48e+10  1.31e+10  38514.13 -28457.36  11540.85    774.73     76.45    323.54   6381.89   4769.22      0.00 0
365 14.0      0_1_2_3_4_5_6_7_8_9_10_11_12_13_14_15_16_17_19_20_21_23_24_27_28_29_31_32_35_36_37_39_40_41_43_44_45_47_48_51_52_53_55_57_58_61_62_63_65_66_67_69_70_73_74_77_78_79_81_82_85_87_88_89_91_93_94_97_98_101_102_103_105_106_109_110_111_113_116_117_119_120_123_124_127_128_129_131_132_135_136_139_140_141_144_145_148_150_151_157_158_160_161_166_167_168_171_172_173_175_181_182_184_190_191_195_196_197_198_200_205_206_211_212_213_214_217_219_220_223_226_227_230_231_234_235_237_238_242_243_246_249_250_252_253_254_257_258_260_261_263_264_266_267_269_270_273_274_275_276_277_278_279_280_281_283_284_285_286_287_288_289_290_291_292_293_294_295_296_297_298  7.94e+09  7.17e+09  82768.70 -185552.80  13423.71    875.91     86.22    294.04   -737.70  -8949.68      0.00 0
366 14.0      218_224_233_235_241_243_244_255_256_258_259_264_271_274_279_284_291  9.55e+10  8.57e+10   8406.52  28804.03   9801.58    780.45     71.91     73.73   4337.79  -9436.11      0.00 0
367 14.0      152_162_173_176_178_185_187_197_199_202_203_209_212_214_215_218_220_221_224_228_229_231_232_233_235_238_239_241_243_245_247  4.07e+09  3.60e+09 -21548.08 -22399.59   9919.38    782.15     72.30    226.11   5090.04  -4508.69      0.00 0
368 14.0      63_89_103_107_111_129_137_141_158_162_168_173_191_197_212_214_220_235_238_243_258_264_274  7.08e+10  6.41e+10   6155.96 -22379.58   8655.09    826.65     69.55    285.38   2726.92  -6063.03      0.00 0
369 14.0      1_2_5_8_11_13_15_16_20_23_24_28_29_31_32_35_37_40_44_45_47_48_51_52_55_57_58_62_66_69_70_73_74_78_79_81_82_85_88_91_93_97_98_113_119_123_131_144_150  2.29e+09  1.97e+09 -19165.54  20653.47   9542.51    786.59     71.29    132.86  -2695.70    377.49      0.00 0
370 14.0      10_12_14_18_22_25_26_30_34_36_38_42_43_46_49_50_54_56_59_60_64_68_71_72_75_76_77_80_84_86_90_92_95_96_99_100_101_104_108_112_114_115_118_121_122_125_126_127_130_133_134_138_139_142_143_146_147_149_152_153_154_155_156_159_163_164_165_166_169_170_171_174_176_177_178_179_180_183_186_187_188_189_192_193_194_195_201_202_203_204_207_208_209_210_215_216_221_222_225_228_229_232_233_236_239_240_245_247_248_251_262_265_268_282  5.01e+09  4.47e+09 -116219.37 135404.05  13918.28    848.47     85.54    130.64   5892.57   1762.55      0.00 0
371 14.0      8_11_15_16_20_23_24_28_31_32_37_40_44_47_48_52_58_62_66_69_70_74_78_82_88_94_102_106_110_116_128_136_140_157_167_172_190_196_213  3.89e+10  3.49e+10   -336.46 -24713.81   9000.81    801.53     69.99    269.22  -1744.86  -3200.46      0.00 0
372 14.0      36_39_42_43_46_56_61_64_65_68_77_80_84_87_90_92_101_104_105_108_109_112_135  6.17e+10  5.61e+10 -15610.93   1682.11   6918.55    924.63     66.22    173.85   -163.22   2784.21      0.00 0
373 14.0      147_153_155_165_177_179_186_188_194_208_210_216_222  5.01e+10  4.57e+10   8514.07 -16666.62   7523.54    915.30     68.10    297.06   5571.85   2926.83      0.00 0
374 14.0      260_266_269_275_276_280_283_285_286_288_290_292  8.91e+10  8.12e+10  16195.83   5406.48   7552.08    843.14     66.14     18.46  -2194.14 -10743.22      0.00 0
375 14.0      0_1_2_3_4_5_6_7_9_10_12_13_14_15_17_18_19_21_22_25_26_27_29_30_33_34_36_38_39_41_42_43_45_46_49_50_51_53_54_56_59_60_61_63_64_65_67_68_71_72_75_76_77_80_81_83_84_86_87_89_90_92_95_96_99_100_101_104_105_107_108_109_111_112_114_115_118_121_122_125_126_127_130_133_134_135_137_138_139_141_142_143_146_147_149_152_153_154_155_156_159_160_162_163_164_165_166_169_170_171_173_174_176_177_178_179_180_183_185_186_187_188_189_192_193_194_195_199_201_202_203_204_207_208_209_212_215_218_221_224_225_228_229_232_233_235_239_241_244_245_247_248_251_255_256_259_262_265_268_271_272_282  1.17e+09  9.84e+08  61808.64 -95067.96  14606.59    715.64     82.66    303.03   2296.01   1746.43      0.00 0
376 14.0      111_117_121_129_137_141_146_148_152_157_158_162_167_168_173_176_178_181_182_185_187_190_191_196_197_199_200_202_203_205_206_209_211_212_213_214_215_218_219_220_224_226_227_228_229_230_231_232_233_234_235_237_238_239_241_242_243_244_245_246_247_248_249_250_251_252_253_254_255_256_257_258_259_260_261_262_263_264_265_266_267_268_269_270_271_272_273_274_275_276_277_278_279_280_281_282_283_284_285_286_287_288_290_292_294_296  8.71e+09  7.66e+09  89470.59  42541.20  13500.36    841.30     82.24     25.43    458.39  -7818.61      0.00 0
377 14.0      45_55_63_67_78_79_89_91_103_107_111_121_137_152  6.76e+10  6.14e+10 -16340.01   1291.73   7549.41    816.44     65.27    175.48   1864.41  -3014.60      0.00 0
378 14.0      0_1_2_3_4_5_6_7_8_9_10_11_12_13_14_15_16_17_19_20_21_23_24_25_27_28_29_31_32_33_35_37_39_40_41_44_45_47_48_49_51_52_53_55_57_58_59_61_62_63_66_67_69_70_73_74_78_79_81_82_83_85_87_88_89_91_93_94_95_97_98_102_103_105_106_107_110_111_113_116_117_119_120_121_123_124_128_129_131_132_135_136_137_140_141_144_145_148_150_152_157_158_162_167_168_173_176_181_182_185_191_197_199_200_203_206_212_214_218_220_224_227_231_233_235_238_241_243_244_251_253_255_256_258_259_264_265_268_270_271_272_274_279_282  3.02e+09  2.63e+09  62363.99 -60287.35  13195.63    833.14     81.35    315.97   2713.04  -5547.89      0.00 0
379 14.0      191_197_206_214_220_227_231_238_246_250_253_260_261_267_270_275_276_277_281_286_287_288_289_293_294_295_296_297  1.20e+09  1.10e+09  15427.75  27201.95  10148.94    745.63     72.02     60.44    436.26 -10031.78      0.00 0
380 14.0      44_55_66_78_88_91_102_116_117_128_148_157_167_181_182_190_196_200_205_213_219_226_227_230_237_246_249_252_257_260_261_266_269_273_275_276_280_283_286_288_290_292_293_294_296_297  4.90e+09  4.37e+09  -4681.02 -36041.83   9473.81    989.94     75.39    262.60  -1531.57 -10007.38      0.00 0
381 14.0      2_5_8_9_11_13_16_20_21_23_24_28_29_32_35_40_41_44_45_52_53_55_63_66_67_78_79_89_91_103_107_111_117_129_137_141_162_168_173  3.63e+09  3.42e+09  14916.83 -16543.58   8532.96    822.89     69.04    312.04    826.15  -2661.23      0.00 0
382 14.0      2_8_11_13_15_16_20_23_24_28_31_32_35_37_40_44_47_48_52_55_58_62_66_70_74_78_79_82_88_91_102_106_110_116_117_128_140_148_157_158_167_181_182_190_200_205_206_213_226_227_230_246_249_250_260_261_275_277_287  9.77e+09  8.78e+09  -5707.89  30558.80   9498.41    863.19     73.01    100.58   -638.84  -5139.01      0.00 0
383 14.0      0_2_3_4_5_8_9_11_12_13_16_17_18_20_21_24_25_26_28_29_32_33_35_38_40_41_44_45_48_49_50_52_53_55_58_59_62_63_66_67_71_72_74_75_76_78_79_82_83_86_88_89_91_94_95_99_100_102_106_110_114_120_124_133_134_136_140_143_145_151_161_175_184  2.04e+10  1.81e+10  33919.99  13649.50  10761.16    738.94     73.60     21.92   -685.87  -1801.01      0.00 0
384 14.0      111_137_141_162_173_185_199_212_218_224_241_244_256  1.32e+09  1.14e+09 -14610.88  11980.17   8634.63    702.33     65.44    140.65   4109.98  -5184.01      0.00 0
385 14.0      91_102_103_110_111_116_117_128_129_141_148_157_158_162_168_173_182_185_191_197_199_206_212_214_218_220_224_233_235_238_241_243_244_251_255_256_259_264_265_268_271_272_282  5.62e+10  5.08e+10  41297.68 -19964.08  10885.50    865.79     76.65    334.20   6364.17  -7479.83      0.00 0
386 14.0      17_21_25_26_33_34_38_41_49_50_53_59_60_63_67_71_72_75_76_79_83_84_86_89_95_96_99_100_103_107_108_111_114_117_121_122_125_126_129_133_134_137_138_141_142_143_146_147_148_152_153_154_155_158_162_163_164_165_168_170_173_174_176_177_178_179_181_182_185_186_187_188_191_193_194_197_199_200_202_203_206_208_209_210_212_214_215_216_218_220_221_222_224_226_227_228_229_231_232_233_235_236_238_239_240_241_243_244_245_246_247_248_249_250_251_253_255_256_258_259_260_261_262_264_265_266_267_268_270_271_272_274_275_276_277_279_281_282_284_286_287_288_289_291_293_294_295_296_297_298  5.37e+09  4.82e+09 -73918.88 -268178.03  11318.71    893.47     87.67    254.59   5535.92  -7822.77      0.00 0
387 14.0      0_1_2_3_4_5_6_7_8_9_10_11_12_13_14_15_16_17_18_19_20_21_22_23_24_25_26_27_28_29_30_31_32_33_34_35_36_37_38_39_40_41_42_43_44_45_46_47_48_49_50_51_52_53_54_55_56_57_58_59_60_61_62_63_64_65_66_67_68_70_71_72_74_75_76_77_78_79_80_81_82_83_84_86_87_88_89_90_91_92_95_96_99_100_101_102_103_104_106_107_108_110_111_112_114_115_116_117_118_121_122_125_126_127_128_129_130_133_134_136_137_138_140_141_142_147_148_149_152_153_155_156_157_158_159_162_163_167_168_169_172_173_174_177_180_181_182_183_186_190_191_192_196_197_200_201_205_206_207_211_212_213_214_219_220_225_226_227_230_231_237_238_242_246_249_250_252_253_257_260_261_263_266_267_269_270_273_275_276_277_280_281_283_285_286_287_288_289_290_292_293_294_295_296_297_298  1.00e+11  9.07e+10  20514.81 102480.38  13870.83    800.62     82.44     78.68    735.45  -2032.92      0.00 0
388 14.0      4_10_12_17_18_21_22_25_26_30_33_34_38_41_42_46_49_50_53_54_56_59_60_63_64_67_68_71_72_75_76_80_83_84_86_89_90_92_95_96_99_100_104_107_108_111_112_114_118_121_122_125_126_129_130_133_134_137_138_141_142_143_146_147_149_152_153_154_155_159_162_163_164_165_168_169_170_173_174_176_177_178_179_180_183_185_186_187_188_192_193_194_197_199_201_202_203_207_208_209_210_212_215_216_218_220_221_224_225_228_229_232_233_235_238_239_241_243_244_245_247_248_251_255_256_258_259_262_264_265_268_271_272_274_279_282  2.00e+10  1.84e+10  24389.50 -94375.15  13144.59    897.47     82.32    284.49   4928.64  -3363.57      0.00 0
389 14.0      0_1_2_3_4_5_6_7_8_9_10_11_12_13_14_15_16_17_18_19_20_21_22_23_24_25_26_27_28_29_30_31_32_33_34_35_36_37_38_39_40_41_42_43_44_45_46_48_49_50_51_52_53_54_55_56_58_59_60_62_63_64_65_66_67_68_71_72_76_77_78_79_80_82_83_84_88_89_90_91_92_102_103_104_106_108_110_112_115_116_117_118_128_130_136_138_140_142_148_149_157_159_167_169_172_174_181_182_183_190_192_196_200_205_207_211_213_219_226_230_237_242_249_252_257_266_269_273_280_283  6.92e+09  6.22e+09  14159.49  47618.46  11624.68    783.25     76.83     73.44   -156.63  -1315.05      0.00 0
390 14.0      2_3_5_8_9_13_16_17_20_21_25_28_29_32_33_35_40_41_44_45_48_49_52_53_55_58_59_62_66_74_78_82_88_94_106_110_120_124_136_145_151_175  6.92e+09  6.14e+09 -23019.02  -7271.12   9223.04    745.62     69.09    197.53  -1738.41  -1958.14      0.00 0
391 14.0      228_229_232_233_239_241_244_245_247_248_251_255_256_259_262_264_265_268_271_272_274_279_282_284_291  8.13e+10  7.30e+10 -24965.10 -44487.29  11104.08    897.57     77.72    240.70   6209.40  -8570.28      0.00 0
392 14.0      0_1_2_3_4_5_6_7_8_9_10_11_12_13_14_15_16_17_18_19_20_21_22_23_24_25_26_27_28_29_30_31_32_33_34_35_36_37_38_39_40_41_42_43_44_45_46_47_48_49_50_51_52_53_54_55_56_57_58_59_60_61_62_63_64_65_66_67_68_69_70_71_72_73_74_75_76_77_78_79_80_81_82_83_84_85_86_87_88_89_90_91_92_93_94_95_96_97_98_99_101_102_103_104_105_106_107_108_109_110_111_112_115_116_117_118_119_120_121_123_127_128_129_130_135_136_137_139_140_141_142_148_149_150_156_157_158_159_160_162_166_167_168_169_171_172_173_180_181_182_183_189_190_191_192_195_196_197_199_200_201_204_205_206_207_212_213_214_220_225_226_227_230_231_235_237_238_243_246_249_250_252_253_255_258_260_261_264_266_267_270_274_275_276_277_279_280_281_284_286_287_288_289_291_293_294_295_297_298  4.47e+09  3.87e+09 -19190.88 107195.09  14220.88    759.98     82.56    100.15    112.27  -2205.47      0.00 0
393 14.0      0_1_2_3_4_5_6_7_8_9_10_11_12_13_14_15_16_17_18_19_20_21_22_23_24_25_26_27_28_29_30_31_32_33_34_35_36_37_38_39_40_41_42_43_44_45_46_47_48_49_50_51_52_53_54_55_56_57_58_59_60_61_62_63_64_65_66_67_68_69_70_71_72_73_74_75_76_77_78_79_80_81_82_83_84_85_86_87_88_89_90_91_92_94_95_96_98_99_100_101_102_103_104_106_107_108_110_111_112_114_115_116_117_118_120_122_124_126_128_129_130_134_136_138_140_142_145_147_148_149_151_153_155_157_158_159_161_163_167_169_172_174_175_177_181_182_183_184_186_190_192_196_198_200_205_207_211_213_217_219_223_226_230_234_237_242_249_252_254_257_263_266_269_273_278_280_283_285_290_292  4.79e+09  4.38e+09 -50520.41 -94975.07  13780.79    825.74     82.70    241.99  -2490.17  -5100.99      0.00 0
394 14.0      0_1_2_3_4_5_6_7_8_9_10_11_12_13_14_15_16_17_18_19_20_21_22_23_24_25_26_27_28_29_30_31_32_33_34_35_36_37_38_39_40_41_42_43_44_45_46_47_48_49_50_51_52_53_54_55_56_57_58_59_60_61_62_63_64_65_66_67_68_69_71_72_73_75_76_77_78_79_80_81_83_84_86_87_89_90_91_92_93_95_96_99_100_101_103_104_105_107_108_109_111_112_114_115_117_118_119_121_122_125_126_127_129_130_133_134_135_137_138_139_141_142_143_146_147_149_150_152_153_154_155_156_158_159_160_162_163_164_165_166_168_169_170_171_173_174_176_177_178_179_180_183_185_186_187_188_189_191_192_193_194_195_197_199_201_202_203_204_207_208_209_210_212_214_215_216_218_220_221_222_224_225_228_229_232_233_235_236_238_239_240_241_243_244_245_247_248_251_255_256_258_259_262_264_265_268_271_272_274_279_282_284  2.00e+10  1.77e+10 -108503.37 198514.36  12767.17    907.88     86.77    118.66   5246.07  -2668.38      0.00 0
395 14.0      116_128_136_140_145_148_151_157_158_161_167_172_175_181_182_184_190_191_196_197_198_200_205_206_211_213_214_217_219_220_223_226_227_230_231_234_235_237_238_242_243_244_246_249_250_252_253_254_255_257_258_259_260_261_263_264_266_267_269_270_271_272_273_274_275_276_277_278_279_280_281_283_284_285_286_287_288_289_290_291_292_293_294_295_296_297_298  2.40e+10  2.12e+10 -221711.50 102915.05  12724.64    841.12     87.02    155.10    680.36 -11220.57      0.00 0
396 14.0      0_1_2_3_4_5_6_7_8_9_10_11_12_13_14_15_16_17_18_19_20_21_22_23_24_25_26_27_28_29_30_31_32_33_34_35_36_37_38_39_40_41_42_43_44_45_46_47_48_49_50_51_52_53_54_55_56_57_58_60_61_62_63_64_65_66_67_68_69_70_73_74_77_78_79_80_81_82_84_85_87_88_89_90_91_92_93_94_97_98_101_102_103_104_105_106_108_109_110_112_113_115_116_117_118_119_120_123_124_127_128_130_131_132_135_136_139_140_142_145_148_149_150_151_156_157_158_159_160_161_166_167_169_171_172_174_175_180_181_182_183_184_189_190_192_195_196_198_200_201_204_205_207_211_213_217_219_223_225_226_230_234_237_242_246_249_252_254_257_260_263_266_269_273_276_278_280_283_285_286_288_290_292_294_296  3.39e+09  2.91e+09  17685.76  99589.24  13729.61    811.24     82.27     79.93   -543.91   4495.06      0.00 0
397 14.0      121_125_129_133_137_141_143_146_152_154_158_162_164_165_168_170_173_176_178_182_185_187_191_193_194_197_199_200_202_203_206_208_209_212_214_215_216_218_220_221_222_224_226_227_228_229_231_232_233_235_236_238_239_240_241_243_244_245_246_247_248_249_250_251_253_255_256_258_259_260_261_262_264_265_266_267_268_270_271_272_274_275_276_277_279_280_281_284_286_287_288_289_290_291_293_294_295_296_297_298  1.23e+10  1.09e+10 -48176.07 -64963.84  13012.46    829.31     80.86    233.44   5319.81  -4374.21      0.00 0
398 14.0      88_94_102_106_110_116_117_120_124_128_136_140_145_148_151_157_158_161_167_168_172_175_181_182_184_190_191_196_197_198_200_205_206_211_212_213_214_217_219_220_223_226_227_230_231_235_238_243_246_250_253_255_258_259_264_267_270_271_274_279_284  2.09e+09  1.82e+09 -47095.82  29337.38  12290.80    739.19     77.51    148.08  -1757.62  -5240.76      0.00 0
399 14.0      18_22_25_26_33_34_38_42_49_50_54_59_60_64_68_71_72_75_76_80_83_84_86_90_95_96_99_100_104_107_108_112_114_118_121_122_125_126_130_133_134_137_138_142_143_146_147_149_152_153_154_155_159_162_163_169_174_176_183_185_186_192_199_201_207_225  5.50e+09  4.83e+09   9935.74 -45115.23  10716.24    904.66     76.94    282.42   2373.27   4307.32      0.00 0
