#event_number primary_type du_ids energy_primary em_energy Xmax_pos(x, y, z), Xmax_grams zenith azimuth shower_core_pos_x shower_core_pos_y shower_core_pos_z, N_tested_cores, units are degrees, GeV and meters
4800 14.0      0_2_3_5_8_9_11_12_13_16_17_20_21_24_25_28_29_32_33_35_37_38_40_41_44_45_48_49_52_53_55_58_59_62_63_66_67_70_71_74_75_78_79_82_83_85_86_88_89_91_94_95_98_99_102_103_106_107_110_111_114_116_117_120_121_124_125_128_129_132_133_136_137_140_141_143_145_146_148_151_152_154_157_158_161_162_164_167_168_170_172_173_175_176_178_181_182_184_185_187_190_191_193_196_197_198_199_200_202_203_205_206_208_209_211_212_213_214_215_217_218_219_220_221_223_224_228_229_232_233_234_235_236_239_241_244_245_247_248_251_256_262_265_268_282  1.58e+09  1.34e+09 -121592.15  -2186.08  14824.34    702.89     83.05    181.03  -1134.22  -3628.24      0.00 0
4801 14.0      214_220_231_238_243_253_258_264_270_274_279_284  3.63e+09  3.21e+09  13044.54 -22804.73   9634.97    726.23     69.86    299.77   4030.64 -10146.38      0.00 0
4802 14.0      21_29_33_35_41_44_45_49_53_55_59_63_66_67_71_75_78_79_83_86_88_89_91_95_99_102_103_107_110_111_114_116_117_121_125_128_129_133_136_137_140_141_143_146_148_152_154_157_158_161_162_164_165_167_168_170_172_173_176_178_181_182_185_187_190_191_193_194_196_197_198_199_200_202_203_205_206_208_209_211_212_213_215_216_217_218_219_221_222_223_226_228_229_230_232_234_236_237_239_240_242_245_247_254_263  8.91e+10  8.17e+10  64456.63  31814.46  12415.93    870.15     80.20     26.27   6121.16  -1687.75      0.00 0
4803 14.0      211_219_223_234_237_242_254_257_263_269_273_283  1.02e+10  9.10e+09   7150.06 -19849.19   8881.67    723.79     67.17    289.81  -3647.11  -8083.34      0.00 0
4804 14.0      47_57_69_70_73_74_81_85_87_93_94_97_98_105_109_113_119_123_124_127_131_132_135_139_144_150_160_166_171_195  8.32e+09  7.28e+09   4400.46  27350.73   9875.30    717.82     70.38     80.86  -3148.46   1866.87      0.00 0
4805 14.0      255_264_271_279  1.35e+09  1.19e+09 -11781.36  17539.12   9112.57    686.31     66.67    123.89   5613.43 -10155.79      0.00 0
4806 14.0      96_126_134_147_155_165_179_188_194_208_210_216_222_236_240  3.39e+10  3.06e+10  19245.77  -3842.19   8249.82    794.49     67.20    348.71   6238.36   1361.25      0.00 0
4807 14.0      0_1_2_3_4_5_6_7_8_9_10_11_12_13_14_15_16_18_19_20_22_23_24_26_27_28_30_31_32_34_36_37_39_40_42_43_46_47_48_50_51_52_54_56_57_58_60_61_64_65_68_69_70_74_76_77_80_82_84_85_90_92_94_96_104_108_112_122_130_138_142_147_153_163_169_174_177_186  9.55e+09  8.45e+09  27786.37  25054.11  10495.41    799.90     74.33     42.04   1715.28   2580.79      0.00 0
4808 14.0      220_226_227_230_231_235_237_238_243_244_246_249_250_252_253_255_256_257_258_259_260_261_263_264_266_267_269_270_271_272_273_274_275_276_277_278_279_280_281_283_284_285  5.50e+10  4.94e+10 -38980.88  -4896.78  10902.70    759.70     74.49    187.16   1200.59  -9002.78      0.00 0
4809 14.0      191_197_200_205_206_212_213_214_220_224_226_227_230_231_235_237_238_242_243_244_246_249_250_252_253_255_257_258_260_261_263_266_269_273  8.32e+10  7.57e+10  28834.67   6055.40   9459.74    832.69     72.20     11.86    647.56  -7812.71      0.00 0
4810 14.0      96_100_104_108_112_118_122_126_130_134_138_142_143_147_149_153_155_159_163_165_169_170_174_177_179_180_183_186_188_192_193_194_201_208_216_221_222_236_239  4.47e+09  4.03e+09 -21986.66  21010.91   9361.67    875.25     72.89    136.30   3939.90   2681.93      0.00 0
4811 14.0      0_1_2_3_4_5_6_7_8_9_10_11_12_13_14_15_16_17_18_19_20_21_22_23_24_25_26_27_28_29_30_31_32_33_34_35_36_37_38_39_40_41_42_43_44_45_46_47_48_49_50_51_52_53_54_55_56_57_58_59_60_61_62_63_64_65_66_67_68_69_70_71_72_73_74_75_76_77_78_79_80_81_82_83_84_85_86_87_88_89_90_91_92_93_94_95_96_97_98_99_100_101_102_103_104_106_107_108_110_111_112_113_114_116_117_118_120_121_122_124_125_126_128_129_130_132_133_134_136_137_138_140_141_142_143_145_146_147_148_151_152_153_154_155_157_158_159_161_162_163_164_165_167_168_169_170_172_173_174_175_176_177_178_179_181_182_184_185_186_187_188_190_191_193_194_196_197_198_200_205_206_208_209_210_211_213_215_216_217_219_221_222_223_226_227_230_234_236_237_239_240_242_249_252_254_257_263_266_269_273_278_283_285  1.29e+09  1.09e+09 149878.30 126836.44  14625.34    714.93     85.74     40.24   5555.98   2737.98      0.00 0
4812 14.0      16_20_24_28_32_35_37_40_44_47_48_52_55_58_62_66_69_70_73_74_78_79_82_85_88_91_93_94_97_98_102_103_106_110_113_116_117_120_123_124_128_129_131_132_136_140_144_145_148_151_157_158_161_167_168_172_181_182_190_191_196_197_200_205_206_214_220_226_227_231_238_243_246_250_253_258_264_267_270_274_279_281_284  3.39e+10  3.05e+10  28383.40 -35913.84  10156.63   1020.50     77.49    308.32  -1883.57  -3067.47      0.00 0
4813 14.0      58_70_74_82_85_94_97_98_106_113_120_123_124_131_132_144  1.51e+09  1.30e+09 -12041.52  21822.17   9572.42    705.49     68.99    118.89  -4017.92     71.37      0.00 0
4814 14.0      0_1_3_4_5_6_7_9_10_12_14_17_18_19_21_22_25_26_27_29_30_33_34_36_38_39_41_42_43_46_49_50_53_54_56_59_60_61_63_64_65_67_68_71_72_75_76_77_80_83_84_86_87_89_90_92_95_96_99_100_101_104_107_108_109_111_112_114_115_118_121_122_125_126_127_130_133_134_137_138_139_141_142_143_146_147_149_152_153_154_155_156_159_162_163_164_165_166_169_170_171_173_174_176_177_178_179_180_183_185_186_187_188_189_192_193_194_195_199_201_202_203_204_207_208_209_210_212_215_216_218_221_222_224_225_228_229_232_233_235_236_239_241_244_245_247_248_251_255_256_259_262_265_268_271_272_282  2.34e+09  2.04e+09 -67345.58 114512.85  14736.97    731.95     83.67    120.46   4443.21   -232.32      0.00 0
4815 14.0      0_1_2_3_4_5_6_7_8_9_10_11_12_13_14_15_16_17_18_19_20_21_22_23_24_25_26_27_28_29_30_31_32_33_34_35_36_37_38_39_40_41_42_43_44_45_46_47_48_49_50_51_52_53_54_55_56_57_58_59_60_61_62_63_64_65_66_67_68_69_70_71_72_73_74_75_76_77_78_79_80_81_82_83_84_85_86_87_88_89_90_91_92_93_94_95_96_97_98_99_100_101_102_103_104_105_106_107_108_109_110_111_112_114_115_116_117_118_120_121_122_124_125_126_127_128_129_130_133_134_136_137_138_140_141_142_143_145_146_147_148_149_151_152_153_154_155_156_157_158_159_161_162_163_164_165_167_168_169_170_172_173_174_175_176_177_178_179_180_181_182_183_184_185_186_187_188_190_191_192_193_194_196_197_198_199_200_201_202_203_205_206_207_208_209_210_211_212_213_214_215_216_217_218_219_220_221_222_223_224_226_227_228_229_230_231_232_233_234_235_236_237_238_239_240_241_242_243_244_245_246_248_249_250_251_252_253_254_255_256_257_258_259_260_261_263_264_266_267_269_270_271_273_274_275_276_277_278_279_280_281_283_284_285_286_287_288_289_290_291_292_293_294_295_296_297_298  5.01e+10  4.61e+10 107722.62 236923.36  11590.90    948.18     87.45     65.55   4093.28   2831.33      0.00 0
4816 14.0      158_168_173_181_182_185_190_191_197_199_200_203_205_206_212_213_214_218_219_220_224_226_227_228_230_231_233_234_235_237_238_241_242_243_244_245_246_248_249_250_251_252_253_254_255_256_257_258_259_260_261_262_263_264_265_266_267_268_269_270_271_272_273_278_282_283_285  1.70e+09  1.47e+09  48411.02  12204.93  11297.06    845.30     77.25     14.15   2551.41  -7085.07      0.00 0
4817 14.0      127_139_156_160_166_171_189_195  2.63e+10  2.37e+10  15610.77   2693.64   7313.07    842.70     65.22      9.79  -3054.13   5032.88      0.00 0
4818 14.0      162_168_173_181_182_185_191_197_199_200_202_203_205_206_212_213_214_218_220_224_226_227_228_229_230_231_233_235_237_238_241_242_243_244_245_246_247_248_249_250_251_252_253_255_256_257_258_259_260_261_262_263_264_265_266_267_268_269_270_271_272_273_274_275_276_277_278_279_280_281_282_283_284_285_286_287_288_289_290_291_292_293_294_295_296_297_298  1.48e+10  1.33e+10 132792.73  60545.14  14515.70    774.19     84.32     24.51    351.48 -10410.66      0.00 0
4819 14.0      0_1_2_3_4_5_6_7_8_9_10_11_12_13_14_15_16_17_18_19_20_21_22_23_24_25_26_27_29_30_31_32_33_34_36_37_38_39_41_42_43_46_47_48_49_50_51_53_54_56_57_59_60_61_64_65_68_69_70_71_72_73_75_76_77_80_81_83_84_85_86_87_90_92_93_95_96_97_99_100_101_105_108_109_113_114_119_122_123_125_126_131_133_134_135_143_144_147_150_154_155_164_165_170_179_187_188_193_194_208_209_215_216_221_222_232_236_239_240  1.74e+09  1.50e+09  55021.95  -9900.01  11435.08    895.76     78.44    349.80   3673.61    369.88      0.00 0
4820 14.0      0_1_3_4_6_7_10_12_14_15_17_18_19_21_22_25_26_27_30_33_34_36_38_39_42_43_46_49_50_51_53_54_56_59_60_61_64_65_68_71_72_75_76_77_80_81_83_84_86_87_90_92_95_96_99_100_101_104_105_108_109_112_114_115_118_121_122_125_126_127_130_133_134_135_138_139_142_143_146_147_149_150_152_153_154_155_156_159_160_163_164_165_166_169_170_171_176_178_179_180_183_187_188_189_193_194_195_202_203_204_208_209_215_216_221_222_228_229_232_233_236_239_245_247_248_262_265  4.79e+10  4.24e+10  63057.96 -49979.13  13075.33    815.86     80.77    321.60   5522.71   -962.85      0.00 0
4821 14.0      227_231_250_253_261_267_270_277_281_284_289_291  5.01e+09  4.48e+09  10944.73 -19583.28   8945.79    749.54     68.26    299.20   2338.66 -10271.53      0.00 0
4822 14.0      0_1_2_3_4_5_6_7_8_9_10_11_12_13_14_15_16_17_18_19_20_21_22_23_24_25_26_27_28_29_30_31_32_33_34_35_36_38_39_40_41_42_43_44_45_46_49_50_51_52_53_54_55_56_59_60_62_63_64_65_66_67_68_71_72_75_76_77_78_79_80_83_84_86_88_89_90_91_92_95_96_99_101_102_103_104_107_108_111_112_115_116_117_118_121_128_129_130_137_138_141_142_148_149_157_158_159_162_167_168_169_173_180_181_182_183_190_191_192_197_200_201_205_206_207_212_213_214_220_226_227_230_231_238_243_246_249_250_252_253_258_260_261_266_267_270_275_276_277_280_281_284_286_287_288_289_291_293_294_295_296_297_298  1.00e+11  9.03e+10  -1081.12 -65891.24  11928.56    908.97     79.74    269.06    784.77  -6519.67      0.00 0
4823 14.0      0_1_2_3_4_5_6_7_8_9_10_11_12_13_14_15_16_17_18_19_20_21_22_23_24_25_26_27_28_29_30_31_32_33_34_35_36_37_38_39_40_41_42_43_44_45_46_47_48_49_50_51_52_53_54_55_56_57_58_59_60_61_62_63_64_65_66_67_68_69_70_71_72_73_74_75_76_77_78_79_80_81_82_83_84_85_86_87_88_89_91_92_93_94_95_97_98_99_101_102_103_105_106_107_109_110_111_113_114_116_117_119_120_121_123_124_125_127_128_129_131_132_133_135_136_137_139_140_141_144_145_146_148_150_151_152_154_157_158_160_161_162_164_167_168_171_172_173_175_176_178_181_182_184_185_187_190_191_196_197_198_199_200_202_203_205_206_209_211_212_213_214_217_218_219_220_223_224_226_227_228_229_230_231_232_233_235_238_241_243_244_245_246_247_248_249_250_251_253_255_256_258_259_261_262_264_265_267_268_270_271_272_274_279_281_282_284_291  9.33e+09  8.26e+09 -163136.16 122263.62  14112.75    769.35     86.04    143.15  -3389.64   -435.94      0.00 0
4824 14.0      8_13_16_20_28_29_32_35_40_41_44_45_48_52_55_58_62_66_67_74_78_79_82_88_89  4.57e+09  4.13e+09  14244.32  -6365.83   7242.24    847.42     65.10    335.92   -765.38  -1819.63      0.00 0
4825 14.0      100_114_125_126_133_134_143_147_153_154_155_164_165_170_177_179  2.24e+09  1.98e+09  -1496.79  21899.37   9209.10    692.04     67.24     93.91   4724.23    865.21      0.00 0
4826 14.0      3_5_9_12_13_17_18_21_25_26_28_29_33_34_35_38_40_41_44_45_49_50_53_55_59_60_62_63_66_67_71_72_75_76_78_79_83_84_86_88_89_91_95_96_99_100_102_103_107_110_111_114_116_117_121_122_125_126_128_129_133_134_137_140_141_143_146_147_148_152_153_154_155_157_158_161_162_164_165_167_168_170_172_173_176_177_178_179_181_182_185_186_187_188_190_191_193_194_196_197_198_199_200_202_203_205_206_208_209_210_211_212_213_214_215_216_218_219_220_221_222_223_224_226_227_228_229_230_231_232_233_234_235_236_237_238_239_240_241_242_243_244_245_246_247_248_249_250_251_252_253_254_255_256_257_258_259_260_261_262_263_264_265_266_267_268_269_270_271_272_273_274_275_276_277_278_279_280_281_282_283_284_285_286_287_288_289_290_291_292_293_294_295_296_297_298  1.26e+09  1.09e+09 -144268.97 -164102.36  14015.01    745.22     86.33    228.68   3612.01  -4316.63      0.00 0
4827 14.0      55_66_67_78_79_88_89_91_102_103_106_107_110_111_116_117_120_121_128_129_136_137_140_141_145_146_148_151_152_157_158_161_162_167_168_172_173_175_176_178_181_182_184_185_190_191_196_197_198_199_200_202_203_205_206_209_211_212_213_214_217_218_219_220_223_224_226_227_228_229_230_231_232_233_234_235_237_238_241_242_243_244_245_246_247_248_249_250_251_252_253_254_255_256_257_258_259_262_263_265_268_272_282  2.09e+09  1.81e+09 -95917.09  -6152.25  13850.27    771.54     81.80    183.67  -2783.60  -5721.65      0.00 0
4828 14.0      3_5_8_9_12_13_17_20_21_25_26_28_29_33_35_38_40_41_44_45_49_50_52_53_55_59_62_63_66_67_71_72_75_76_78_79_82_83_86_88_89_91_95_99_100_102_103_106_107_110_111_114_116_117_120_121_125_126_128_129_133_134_136_137_140_141_143_146_148_151_152_154_155_157_158_161_162_164_165_167_168_170_172_173_175_176_178_179_181_182_184_185_187_188_190_191_193_194_196_197_198_199_200_202_203_205_206_208_209_210_211_212_213_214_215_216_217_219_221_222_223_226_227_229_230_232_234_236_237_239_240_242_249_252_254_257_263_269_273_278_285  4.57e+09  3.97e+09 -84041.93 -52474.45  13783.57    794.32     82.08    211.98  -2228.74  -5609.98      0.00 0
4829 14.0      0_1_2_3_4_5_6_7_8_9_10_11_12_13_14_15_16_17_18_19_20_21_22_23_24_25_26_27_28_29_30_31_32_33_34_35_36_37_38_39_40_41_42_43_44_45_46_47_48_49_50_51_52_53_54_55_56_57_58_59_60_61_62_63_64_65_66_67_68_69_70_71_72_73_74_75_76_77_78_79_80_81_82_83_84_85_86_87_88_89_90_91_92_93_94_95_96_97_98_99_100_101_102_103_104_105_106_107_108_109_110_111_112_113_114_115_116_117_118_119_120_121_122_123_124_125_126_127_128_129_130_131_132_133_134_135_136_137_138_139_140_141_143_144_145_146_147_148_149_150_151_152_153_154_155_156_157_158_160_162_164_165_166_168_170_171_173_175_176_178_179_182_185_187_188_189_191_193_194_195_197_199_202_203_208_209_212_215_216_218_220_221_222_224_228_229_232_233_235_236_239_241_244_245_247_248_251_255_256_259_262_265_268_272_282  4.37e+09  3.72e+09 -185833.59  89475.62  14494.92    711.82     85.98    154.29  -3122.37   1263.32      0.00 0
4830 14.0      0_1_2_3_4_5_6_8_9_10_12_13_16_17_18_20_21_22_25_26_28_29_30_32_33_34_35_38_40_41_42_44_45_49_50_52_53_54_55_59_60_62_63_64_66_67_71_72_75_76_78_79_82_83_84_86_88_89_91_95_96_99_100_102_103_106_107_108_110_111_114_116_117_121_122_125_126_128_129_133_134_136_137_138_140_141_143_146_147_148_152_153_154_155_157_158_161_162_163_164_165_167_168_170_172_173_176_177_178_179_181_182_184_185_186_187_188_190_191_193_194_196_197_198_199_200_205_206_208_209_210_211_213_214_215_216_217_219_221_222_223_226_227_230_231_234_236_237_240_242_246_249_252_254_257_260_263_266_269_273_276_278_280_283_285_290_292  6.17e+09  5.40e+09  69693.54  78085.00  13704.88    828.41     82.54     48.25   2289.27  -1929.77      0.00 0
4831 14.0      0_1_2_3_4_5_6_7_8_9_10_11_12_13_14_15_16_17_18_19_20_21_22_23_24_25_26_27_28_29_30_31_32_33_34_35_36_37_38_39_40_41_42_43_44_45_46_47_48_49_50_51_52_53_54_55_56_57_58_59_60_61_62_63_64_65_66_67_68_69_70_71_72_73_74_75_76_77_78_79_80_81_82_83_84_85_86_87_88_89_90_91_92_93_94_95_97_98_99_101_102_103_104_105_106_107_109_110_111_113_115_116_117_118_119_121_123_125_127_128_129_131_135_137_139_141_144_146_148_149_150_152_156_157_158_160_162_166_168_171_173_176_180_181_182_185_189_191_195_197_199_200_203_204_206_212_214_218_220_224_227_231_233_235_238_241_243_244_250_251_253_255_256_258_259_264_267_268_270_271_272_274_279_281_284_291  3.24e+10  2.91e+10 -57228.79  95964.10  14075.53    790.64     82.82    120.81    465.61  -1892.10      0.00 0
4832 14.0      0_1_2_3_4_5_6_7_8_9_10_11_12_13_14_15_16_17_18_20_21_22_23_24_26_27_28_29_30_32_34_35_36_40_41_42_44_45_46_48_52_55_58_62_66_67_78_79_82_88_91_102_106_110_116_128_136_140_148_157_161_167_172_181_190_196_198_205_211_213_219_223_230_234_237_242_252_254_257_263_269_273_278_283_285_292  2.09e+10  1.88e+10  17730.97  41349.51  11117.42    809.15     76.12     66.79  -2582.30  -6179.27      0.00 0
4833 14.0      38_50_54_60_64_68_71_72_75_76_84_86_90_95_96_99_100_104_108_112_114_118_121_122_125_126_130_133_134_138_142_143_146_147_149_152_153_154_155_159_163_164_165_169_170_174_176_177_178_179_180_183_185_186_187_188_192_193_194_201_202_203_204_207_208_209_210_215_216_218_221_222_225_228_229_232_233_236_239_240_241_245_247_248_251_256_262_265_268_272_282  7.08e+09  6.19e+09  55977.18 -118957.52  14073.28    831.41     83.89    295.20   4364.84   4564.08      0.00 0
4834 14.0      0_1_2_3_4_5_6_7_8_9_10_11_12_13_14_15_16_17_18_19_20_21_22_23_24_25_26_27_28_29_30_31_32_33_34_35_36_37_38_39_40_41_42_43_44_45_46_47_48_49_50_51_52_53_54_55_56_57_58_59_60_61_62_63_64_65_66_67_68_69_70_71_72_73_74_75_76_77_78_79_81_82_83_84_85_86_87_88_89_91_93_94_95_96_97_98_99_100_102_103_105_106_107_110_111_113_114_116_117_119_120_121_123_124_125_126_128_129_131_132_133_134_136_137_140_141_143_144_145_146_148_151_152_154_155_157_158_161_162_164_165_167_168_170_172_173_175_176_178_181_182_184_185_187_190_191_193_194_196_197_198_199_200_202_203_205_206_208_209_211_212_213_214_215_217_218_219_220_221_222_223_224_226_227_228_229_230_231_232_233_234_235_236_237_238_239_241_242_243_244_245_246_247_248_249_250_251_252_253_254_255_256_257_258_259_260_261_262_263_264_265_266_267_268_269_270_271_272_273_274_275_277_278_279_281_282_284  4.90e+10  4.45e+10 -273662.41  42316.27  10638.00   1017.00     87.80    171.21    531.25  -4056.04      0.00 0
4835 14.0      0_1_2_3_4_5_6_7_8_9_10_11_12_13_14_15_16_17_18_19_20_21_22_23_24_25_26_27_28_29_30_31_32_33_34_35_36_37_38_39_40_41_42_43_44_45_46_47_48_49_50_51_52_53_54_55_56_57_58_59_60_61_62_63_64_65_66_67_68_69_70_71_72_73_74_75_76_77_78_79_80_81_82_83_84_85_86_87_88_89_90_91_92_93_94_95_96_97_98_99_100_101_102_103_104_105_106_107_108_109_110_111_112_113_114_115_116_117_118_119_120_121_122_123_124_125_126_127_128_129_130_131_132_133_134_135_136_137_138_139_140_141_142_144_145_146_147_148_149_150_151_152_153_155_156_157_158_159_160_161_162_163_166_167_168_169_171_172_173_174_175_177_180_181_182_183_184_185_186_189_190_191_192_195_196_197_198_199_200_201_204_205_206_207_211_212_213_214_217_219_220_223_225_226_227_230_231_234_235_237_238_242_243_246_249_250_252_253_254_257_258_260_261_263_264_266_267_269_270_273_274_275_276_277_278_280_281_283_284_285_286_287_288_289_290_291_292_293_294_295_296_297_298  3.39e+10  3.05e+10 -15469.91 -188567.05  13562.07    887.24     85.90    265.31   -989.07 -11152.51      0.00 0
4836 14.0      0_1_2_3_4_5_6_7_8_9_10_11_12_13_14_15_16_17_18_19_20_21_22_23_24_25_26_27_28_29_30_31_32_33_34_35_36_37_38_39_40_41_42_43_44_45_46_47_48_49_50_51_52_53_54_55_56_57_58_59_60_61_62_63_64_65_66_67_68_69_70_71_72_73_74_75_76_77_78_79_80_81_82_83_84_85_86_87_88_89_90_91_92_93_94_95_96_97_98_99_100_101_102_103_104_105_106_107_108_109_110_111_112_113_114_115_116_117_118_119_120_121_122_123_124_125_126_127_128_129_130_131_132_133_134_135_136_137_138_139_140_141_142_144_145_146_147_148_149_150_151_152_153_154_156_157_158_159_160_161_162_163_166_167_168_169_171_172_173_174_175_176_180_181_182_183_184_185_189_190_191_192_195_196_197_198_199_200_201_204_205_206_207_211_212_213_214_217_218_219_220_223_224_225_226_227_230_231_234_235_237_238_241_242_243_244_246_249_250_252_253_254_255_257_258_259_260_261_263_264_266_267_269_270_271_273_274_275_276_277_278_279_280_281_283_284_285_286_287_288_289_290_291_292_293_294_295_296_297_298  3.72e+09  3.24e+09 -26365.86 217875.78  13692.23    787.65     86.43     96.90    303.57  -6293.12      0.00 0
4837 14.0      128_148_157_158_167_181_182_190_191_197_200_206_214  2.75e+09  2.50e+09 -17578.91   5444.95   8224.29    758.89     65.92    162.79    140.98  -5737.06      0.00 0
4838 14.0      74_85_94_97_98_106_110_113_120_123_124_128_131_132_136_140_144_145_151_157_161_167_172_175_181_184_190_196_198_200_205_211_213_217_219_223_226_227_230_234_237_242_246_249_250_252_254_257_260_261_263_266_269_273_275_276_277_280_283_285_286_287_288_289_290_292_293_294_295_296_297_298  6.46e+09  5.77e+09 -26919.54  62296.84  12945.80    747.21     79.20    113.37  -2555.21  -7074.77      0.00 0
4839 14.0      23_24_31_32_37_47_48_51_52_57_58_69_70_73_74_81_82_85_93_94_97_98_105_106  6.76e+09  5.95e+09    787.19  19263.89   8624.35    715.51     65.90     87.66  -2503.58   -280.79      0.00 0
4840 14.0      69_73_85_93_97_98_113_124_131_132_145  2.45e+09  2.18e+09  -8912.21 -14850.01   7998.86    763.78     65.21    239.03  -4042.32   -347.18      0.00 0
4841 14.0      196_213_219_237_242_252_257_263_266_269_273_280_283_285_290_292_296  3.02e+10  2.79e+10    247.52 -20854.95   8245.01    836.13     68.43    270.68  -2779.54  -9468.53      0.00 0
4842 14.0      0_1_2_3_4_5_6_8_9_10_11_12_13_16_17_18_20_21_22_28_29_32_35_40_41_44_45_52_55_62_66_67_78_79_82_88_91_102_106_110_116_117_128_140_148_157_167_172_181_190_196_205_211_213_219_230_237_242_252_257_263_269_273  1.02e+10  8.95e+09 -11036.42 -28856.18   9410.09    876.81     73.06    249.07  -1315.77  -4451.55      0.00 0
4843 14.0      6_7_10_14_15_19_22_27_30_31_34_36_39_42_43_46_47_51_54_56_57_60_61_64_65_68_73_76_77_80_81_84_87_90_92_93_96_97_100_101_104_105_108_109_112_115_118_119_122_123_126_127_130_131_135_138_139_142_144_147_149_150_153_155_156_159_160_163_166_169_171_174_177_179_186_188_210_216_240  5.25e+09  4.78e+09 -61391.23  -2680.40  11599.94    927.80     79.31    182.50  -2075.03   3192.68      0.00 0
4844 14.0      0_1_2_3_4_5_6_7_8_9_10_11_12_13_14_15_16_17_18_19_20_21_22_23_24_25_26_27_28_29_30_31_32_33_34_35_36_37_38_39_40_41_42_43_44_45_46_47_48_49_50_51_52_53_54_55_56_57_58_59_60_61_62_63_64_65_66_67_68_69_70_71_72_73_74_75_76_77_78_79_80_81_82_83_84_85_86_87_88_89_90_91_92_93_94_95_96_97_98_99_100_101_102_103_104_105_106_107_108_109_110_111_112_113_114_115_116_117_118_119_120_121_122_123_124_125_126_127_128_129_130_131_132_133_134_135_136_137_138_139_140_141_142_143_144_145_146_147_148_149_150_151_152_153_154_155_156_157_158_159_160_161_162_163_164_165_166_167_168_169_170_171_172_173_175_176_177_178_179_181_182_184_185_186_187_188_189_190_191_193_194_195_196_197_198_199_200_202_203_205_206_208_209_210_211_212_213_214_215_216_217_218_219_220_221_222_223_224_226_227_228_229_230_231_232_233_234_235_236_237_238_239_240_241_242_243_244_245_246_247_248_249_250_251_252_253_254_255_256_257_258_259_260_261_262_263_264_265_266_267_268_269_270_271_272_273_274_275_276_277_278_279_280_281_282_283_284_285_286_287_288_289_290_291_292_293_294_295_296_297_298  1.82e+09  1.59e+09 287542.84 -66120.28  11025.14    841.42     87.86    347.05  -1821.77  -3331.96      0.00 0
4845 14.0      114_126_134_143_147_155_165_177_179_188_210  9.55e+10  8.67e+10  11554.15  24387.89   9318.53    799.82     70.95     64.65   6260.27   4422.09      0.00 0
4846 14.0      56_61_65_77_80_87_92_101_104_105_109_112_115_118_130_142_159_169_174  8.71e+10  7.88e+10 -16609.64  -9172.80   8077.53    806.30     66.94    208.91    273.65   3798.26      0.00 0
4847 14.0      30_36_42_43_46_54_56_60_64_65_68_76_77_80_84_87_90_92_96_100_101_104_108_109_112_115_118_122_126_127_130_134_138_139_142_147_153_155_165_170_177_179_188_194_208_210_216_222_236_240  1.35e+09  1.17e+09  29882.75  -9370.41   9514.97    865.16     73.10    342.59   2973.16   2414.61      0.00 0
4848 14.0      96_100_108_114_122_126_133_134_143_154_155_164_165_170_187_193_209_215_232  2.63e+09  2.29e+09  15619.93 -18191.93   9213.77    743.10     68.98    310.65   4913.15    -16.23      0.00 0
4849 14.0      114_133_134_143_147_154_155_164_165_170_177_179_188_194_210  3.63e+10  3.33e+10   3971.50  21345.09   8587.39    795.08     68.42     79.46   5470.52   1784.36      0.00 0
4850 14.0      0_1_2_3_4_5_6_7_8_9_10_11_12_13_14_15_16_17_18_19_20_21_22_23_24_25_26_27_28_29_30_31_32_33_34_35_36_37_38_39_40_41_42_43_44_45_46_47_48_49_50_51_52_53_54_55_56_57_58_59_60_61_62_63_64_65_66_67_68_69_70_71_72_73_74_75_76_77_78_79_80_81_82_83_84_86_87_88_89_90_91_92_95_96_99_100_101_102_103_104_105_106_107_108_109_110_111_112_115_116_117_118_121_122_127_128_129_130_137_138_139_140_141_142_148_149_156_157_158_159_162_163_166_167_168_169_173_174_180_181_182_183_189_190_191_192_195_196_197_200_201_204_205_206_207_213_214_220_225_226_227_230_231_237_238_246_249_250_252_253_258_260_261_266_267_269_270_275_276_277_280_281_286_287_288_289_291_293_294_295_296_297_298  3.55e+10  3.14e+10   2146.53  98373.90  13933.94    767.83     81.94     88.75    574.03   4481.47      0.00 0
4851 14.0      62_66_78_82_88_91_94_98_102_103_106_110_116_117_120_124_128_129_132_136_140_145_148_151_157_158_161_167_168_172_173_175_181_182_184_190_191_196_197_198_200_205_206_211_212_213_214_217_219_220_223_224_226_227_230_231_234_235_237_238_243_244_246_249_250_253_255_258_259_260_261_264_267_270_271_272_274_277_279_281_284_291  2.24e+09  2.04e+09 -60329.20  41401.13  12231.12    916.07     80.51    145.54  -2700.08  -4494.04      0.00 0
4852 14.0      91_102_103_107_110_111_116_117_121_128_129_137_140_141_146_148_152_157_158_161_162_167_168_172_173_176_178_181_182_184_185_190_191_196_197_198_199_200_202_203_205_206_209_211_212_213_214_217_218_219_220_223_224_226_227_228_229_230_231_232_233_234_235_237_238_241_242_243_244_245_246_247_248_249_250_251_252_254_255_256_257_259_262_263_265_268_273_278_282  1.95e+09  1.67e+09  78508.10  15687.46  13498.04    745.00     80.43     11.30   -139.40  -6006.85      0.00 0
4853 14.0      0_1_2_3_4_5_6_7_8_9_10_11_12_13_14_15_16_17_18_19_20_21_22_23_24_25_26_27_28_29_30_31_32_33_34_35_36_37_38_40_41_42_44_45_46_47_48_49_50_52_53_54_55_58_59_60_62_63_64_66_67_68_69_70_71_72_73_74_75_76_78_79_82_83_84_85_86_88_89_90_91_94_95_96_98_99_100_102_103_106_107_108_110_111_114_116_117_120_121_122_124_125_126_128_129_132_133_134_136_137_138_140_141_143_145_146_147_148_151_152_153_154_155_157_158_161_162_164_165_167_168_170_172_173_175_176_177_178_179_181_182_184_185_186_187_188_190_191_193_194_196_197_198_199_200_202_203_205_206_208_209_210_211_212_213_214_215_216_217_218_219_220_221_222_223_224_226_227_228_229_230_231_232_233_234_235_236_237_238_239_240_241_242_245_246_247_248_249_250_252_254_257_260_262_263_266_269_273_278_283_285  5.89e+10  5.26e+10 170551.97  89238.22  13595.08    874.60     85.96     27.62   1383.41  -2889.95      0.00 0
4854 14.0      23_24_31_32_37_47_48_51_52_57_58_61_69_70_73_74_81_82_85_87_93_94_97_98_105_106_113_120_124_132_136_145_151_161_184_198  2.45e+10  2.18e+10   6629.58  26550.33   9631.55    751.87     70.61     75.98  -3053.40  -1391.79      0.00 0
4855 14.0      13_28_29_35_41_44_45_55_63_67_78_79_89_91_103_107_111_117_129_137_141_152_158_162_168_173_185_191_197_199_203_212_218_220_224_233_235_241_243_244_251_255_256_259_264_268_271_272_282  6.46e+09  5.62e+09  30469.77 -29280.77  10622.41    859.42     75.89    316.14   5626.58  -7297.81      0.00 0
4856 14.0      0_1_2_3_5_6_7_8_9_11_13_15_16_17_19_20_21_23_24_28_29_31_32_33_35_37_40_41_44_45_47_48_51_52_53_55_57_58_59_62_63_66_67_69_70_73_74_78_79_81_82_83_85_88_89_91_93_94_97_98_102_103_105_106_107_110_111_113_116_117_119_120_121_123_124_128_129_131_132_136_137_140_141_144_145_148_150_151_152_157_158_161_162_167_168_172_173_175_181_182_184_185_190_191_196_197_199_200_203_205_206_212_213_214_218_220_224_226_227_231_233_235_238_241_243_244_246_250_251_253_255_256_258_259_264_267_268_270_271_272_274_279_281_282_284_291  2.40e+10  2.28e+10 -73224.64  68450.53  13125.18    913.47     82.54    136.93   4189.47  -7896.04      0.00 0
4857 14.0      0_1_2_3_4_5_6_7_8_9_10_11_12_13_14_15_16_17_18_19_20_21_22_23_24_25_26_27_28_29_30_31_32_33_35_36_37_39_40_41_43_44_45_46_47_48_51_52_53_55_56_57_58_59_61_62_63_65_66_67_69_70_73_74_77_78_79_81_82_83_85_87_88_89_91_93_94_97_98_101_102_103_105_106_107_109_110_111_113_116_117_119_120_123_124_127_128_129_131_132_135_136_137_139_140_141_144_145_148_150_151_157_158_160_161_162_166_167_168_171_172_173_175_181_182_184_190_191_195_196_197_198_199_200_205_206_211_212_213_214_219_220_224_226_227_230_231_235_237_238_243_244_246_249_250_252_253_255_258_259_260_261_264_266_267_270_271_274_275_276_277_279_281_284_286_287_288_289_291_293_294_295_297_298  2.82e+09  2.52e+09  57582.70 -112963.65  14289.38    790.15     83.57    297.01   -218.84  -4979.03      0.00 0
4858 14.0      0_2_3_4_5_6_8_9_10_12_13_17_18_20_21_22_25_26_28_29_30_33_34_35_38_40_41_42_44_45_46_49_50_53_54_55_59_60_63_64_66_67_68_71_72_75_76_78_79_83_84_86_88_89_90_91_95_96_99_100_102_103_107_108_111_112_114_116_117_121_122_125_126_128_129_130_133_134_137_138_141_142_143_146_147_148_152_153_154_155_157_158_162_163_164_165_167_168_169_170_173_174_176_177_178_179_181_182_185_186_187_188_190_191_194_196_197_199_200_205_206_210_212_213_214_216_219_220_226_227_230_231_237_238_242_246_249_250_252_253_257_260_261_266_267_269_273_275_276_277_280_283_285_286_287_288_290_292_294_296  2.09e+10  1.90e+10 -40495.42 -85014.95  13452.25    827.68     81.87    244.53   5130.25   4151.39      0.00 0
4859 14.0      2_8_11_16_20_23_24_28_31_32_35_37_40_44_47_48_52_55_57_58_62_66_69_70_73_74_78_79_82_85_88_91_94_102_106_110_116_117_128_140_148_157_158_167_181_182_190_200_205_206_226_227_246_250_261  6.61e+10  6.13e+10   8538.78 -28679.33   9365.98    862.53     72.62    286.58   -873.17  -3978.56      0.00 0
4860 14.0      1_7_11_14_15_19_23_24_27_31_32_36_37_39_43_46_47_48_51_56_57_58_61_65_69_70_73_74_77_80_81_85_87_92_93_94_97_98_101_105_113_118_120_124_132_145  2.14e+09  1.84e+09  16606.25  22409.32   9904.36    717.09     70.45     53.46  -2099.82    669.41      0.00 0
4861 14.0      83_95_99_107_114_121_125_133_143_154_164_165_170_187_193_194_208_221_222_236_240  7.24e+10  6.53e+10  19756.07  10442.65   8533.17    825.05     69.10     27.86   5670.68   -369.90      0.00 0
4862 14.0      0_1_2_3_4_5_6_7_8_9_10_11_12_13_14_15_16_17_18_19_20_21_22_23_24_25_26_27_28_29_30_31_32_33_34_35_36_37_38_39_40_41_42_43_44_45_46_47_48_49_50_51_52_53_54_55_56_57_58_59_60_61_62_63_64_65_66_67_68_69_70_71_72_74_75_76_77_78_79_80_82_83_84_85_86_88_89_90_91_92_94_95_96_98_99_100_102_103_104_106_107_108_110_111_112_114_116_117_118_120_121_122_124_125_126_128_129_130_133_134_136_137_138_140_141_142_143_145_146_147_148_151_152_153_154_155_157_158_159_161_162_163_164_165_167_168_169_170_172_173_174_175_177_179_181_182_184_186_188_190_191_192_194_196_197_198_200_205_206_210_211_213_214_216_217_219_222_223_226_227_230_231_234_237_240_242_246_249_250_252_254_257_260_263_266_269_273_276_278_280_283_285_288_290_292_296  7.08e+09  6.37e+09 -76199.53 -114994.06  14401.69    786.55     84.04    236.47   2290.47    493.08      0.00 0
4863 14.0      28_29_35_40_41_44_45_53_55_62_63_66_67_78_79_82_83_88_89_91_102_103_106_107_110_111_116_117_120_128_136_140_145_151_161_175_184  1.38e+09  1.20e+09  32586.67   6269.30  10782.22    678.55     72.00     10.89  -1929.01  -3286.25      0.00 0
4864 14.0      60_64_68_76_84_86_90_96_100_104_108_112_114_115_118_122_126_130_133_134_138_142_143_147_149_153_154_155_156_159_163_164_165_169_170_174_177_178_179_180_183_186_187_188_189_192_193_194_201_202_204_207_208_209_210_215_216_221_222_225_229_232_236_239_240_245_247_262  1.32e+09  1.14e+09 -49495.82  56718.14  12921.60    806.79     80.26    131.11   5494.22   1563.62      0.00 0
4865 14.0      0_1_2_3_4_5_6_7_8_9_10_11_12_13_14_15_16_17_18_19_20_21_22_23_24_25_27_28_29_30_31_32_33_35_36_37_39_40_41_43_44_45_46_47_48_51_52_53_55_56_57_58_61_62_63_65_66_67_69_70_73_74_77_78_79_80_81_82_83_85_87_88_89_91_92_93_94_97_98_101_102_103_105_106_109_110_111_113_115_116_117_119_120_123_124_127_128_129_131_132_135_136_139_140_141_144_148_150_151_156_157_158_160_161_166_167_168_171_172_173_181_182_189_190_191_195_196_197_200_205_206_212_213_214_219_220_226_227_230_231_237_238_243_246_249_250_252_253_258_260_261_264_266_267_270_274_275_276_277_279_280_281_284_286_287_288_289_291_293_294_295_297_298  2.09e+10  1.92e+10 -27438.74  92335.68  13709.27    794.87     81.90    106.55   1504.36 -10871.90      0.00 0
4866 14.0      0_1_2_3_4_5_6_7_8_9_10_11_12_13_14_15_16_17_18_19_20_21_22_23_24_25_26_27_28_29_30_31_32_33_34_35_36_37_38_39_40_41_42_43_44_45_46_47_48_49_50_51_52_53_54_55_56_57_58_59_60_61_62_63_64_65_66_67_68_69_70_71_72_73_74_75_76_77_78_79_80_81_82_83_84_85_86_87_88_89_90_91_92_93_94_95_96_97_98_99_100_101_102_103_104_105_106_107_108_109_110_111_112_113_114_115_116_117_118_119_120_121_122_123_124_125_126_127_128_129_130_131_132_133_134_135_136_137_138_139_140_141_142_143_144_145_146_147_150_151_152_153_154_155_160_161_162_163_164_165_167_170_172_174_175_176_177_178_179_184_185_186_187_188_193_194_198_202_203_208_209_210_215_216_217_221_222_228_229_232_236_239_240_247  4.37e+10  3.83e+10 185616.67  19116.12  14226.94    787.99     85.64      5.88   -138.18    -65.45      0.00 0
4867 14.0      0_1_2_3_4_5_6_7_8_9_10_11_12_13_14_15_16_17_18_19_20_21_22_23_24_25_26_27_28_29_30_31_32_33_34_35_36_37_38_39_40_41_42_43_44_45_46_47_48_49_50_51_52_53_54_55_56_57_58_59_60_61_62_63_64_65_66_67_68_71_72_74_75_76_77_78_79_80_81_82_83_84_86_87_88_89_90_91_92_95_96_99_100_101_102_103_104_106_107_108_110_111_112_114_115_116_117_118_121_122_125_126_128_129_130_134_137_138_140_141_142_147_148_149_153_156_157_158_159_162_163_167_168_169_172_173_174_180_181_182_183_186_190_191_192_196_197_200_201_205_206_207_212_213_214_219_220_225_226_227_230_231_237_238_242_246_249_250_252_253_257_258_260_261_266_267_269_270_273_275_276_277_280_281_283_286_287_288_289_290_291_292_293_294_295_296_297_298  3.02e+10  2.67e+10  14822.62  92437.43  13190.52    870.60     81.98     80.89    346.97  -4584.34      0.00 0
4868 14.0      0_1_2_3_4_5_6_7_8_9_10_11_13_14_15_16_19_20_23_24_27_28_29_30_31_32_35_36_37_39_40_43_44_45_46_47_48_51_52_55_56_57_58_61_62_65_66_68_69_70_73_74_77_78_80_81_82_85_87_88_91_92_93_94_97_98_101_102_104_105_106_109_110_113_115_116_118_119_120_123_124_127_128_131_132_135_136_139_140_144_145_148_149_150_151_156_157_159_160_161_166_167_171_172_175_180_181_183_184_189_190_195_196_198_201_204_205_207_211_213_217_219_223_225_226_230_234_237_242_249_252_254_257_263_266_269_273_276_278_280_283_285_288_290_292_296  1.70e+09  1.45e+09   8084.89  78773.76  12273.03    956.04     81.19     84.14  -2302.37   1139.49      0.00 0
4869 14.0      0_1_2_3_4_5_6_7_8_9_10_11_12_13_14_15_16_17_18_19_20_21_22_23_24_25_26_27_28_29_30_31_32_33_34_35_36_37_38_39_40_41_42_43_44_45_46_47_48_49_50_51_52_53_54_55_56_57_58_59_60_61_62_63_64_65_66_67_68_69_70_71_72_73_74_75_76_77_78_79_80_81_82_83_84_85_86_87_88_89_90_91_92_93_95_97_99_101_102_103_104_105_107_109_111_115_116_117_118_119_121_125_127_129_130_135_137_139_141_146_148_149_150_152_156_158_159_160_162_166_168_171_173_176_180_182_183_185_189_191_195_197_199_201_203_204_206_212_214_218_220_224_225_233_235_238_241_243_244_255_256_258_259_264_271_272_274_279  8.13e+10  7.44e+10 -34492.64  65421.11  12336.38    902.23     80.53    117.80   -846.61   2288.49      0.00 0
4870 14.0      12_17_21_25_26_29_33_34_38_41_45_49_50_53_55_59_60_63_67_71_72_75_76_79_83_84_86_89_91_95_96_99_100_103_107_108_111_114_116_117_121_122_125_126_129_133_134_137_138_141_143_146_147_148_152_153_154_155_157_158_162_163_164_165_168_170_173_176_177_178_179_181_182_185_186_187_188_191_193_194_197_199_200_202_203_205_206_208_209_210_212_214_215_216_218_220_221_222_224_226_227_228_229_230_231_232_233_235_236_238_239_240_241_243_244_245_246_247_248_249_250_251_252_253_255_256_258_259_260_261_264_266_267_268_269_270_271_272_274_275_276_277_279_280_281_283_284_286_287_288_289_290_291_293_294_295_296_297_298  3.72e+09  3.27e+09  52259.27 127484.66  14432.65    781.69     84.02     67.71   6012.36   1451.01      0.00 0
4871 14.0      121_125_133_143_146_152_154_162_164_165_170_173_176_178_185_187_193_194_197_199_202_203_208_209_212_214_215_216_218_220_221_222_224_228_229_232_233_235_236_238_239_240_241_243_244_253_255_258_264_267_270_274_281  1.48e+09  1.29e+09  18254.92  38169.31  11400.28    722.75     74.92     64.44   5268.73  -3484.35      0.00 0
4872 14.0      13_28_35_40_44_45_55_66_78_79_88_91_102_116_117_128_148_157_167_181_190_200_205_213_226_230_249_252  2.40e+09  2.13e+09  -4042.19 -25724.78   9824.28    690.07     69.33    261.07   -799.35  -4985.03      0.00 0
4873 14.0      0_1_2_3_4_5_6_7_8_9_10_11_12_13_14_15_16_17_18_19_20_21_22_23_24_25_26_27_28_29_30_31_32_33_34_35_36_37_38_39_40_41_42_43_44_45_46_47_48_49_50_51_52_53_54_55_56_57_58_59_60_61_62_63_64_65_66_67_68_69_70_71_72_73_74_75_76_77_78_79_80_81_82_83_84_85_86_87_88_89_90_91_92_93_94_95_96_97_98_99_100_101_102_103_104_105_106_107_108_109_110_111_112_113_114_115_116_117_118_119_120_121_122_123_124_125_126_127_128_129_130_131_132_133_134_135_136_137_138_139_140_141_142_143_144_146_147_148_149_150_152_153_154_155_156_157_158_159_160_162_163_164_165_166_167_168_169_170_171_173_174_176_177_178_179_180_181_182_183_185_186_187_188_189_191_192_193_194_195_197_199_200_201_202_203_204_206_207_208_209_212_214_215_216_218_220_221_222_224_225_227_228_229_231_232_233_235_236_238_239_241_243_244_245_247_248_250_251_253_255_256_258_259_262_264_265_267_268_270_271_272_274_279_281_282_284_291  2.04e+10  1.84e+10 -121615.01 185776.44  12219.76   1021.90     86.85    123.21   2638.18  -1902.57      0.00 0
4874 14.0      3_9_13_17_21_29_33_35_41_45_53_55_63_67_79_83_89_103_107_111_117_129_141_158_168_173_191_197_214_220  2.45e+10  2.28e+10  -5594.43  17797.40   7386.42    945.17     68.40    107.45   1648.33  -3797.18      0.00 0
4875 14.0      0_1_3_4_6_7_10_12_14_17_18_19_22_25_26_27_30_33_34_36_38_39_42_43_46_49_50_51_54_56_60_61_64_65_68_71_72_75_76_77_80_81_84_86_87_90_92_101_104_105_109_115_127_135_139_150_156_160_166_171_189_195  9.12e+10  8.42e+10  23951.14 -22350.43   9140.51    982.39     74.41    316.98  -1828.68   3834.30      0.00 0
4876 14.0      0_1_2_3_4_5_6_7_8_9_10_11_12_13_14_15_16_17_18_19_20_21_22_23_24_25_26_27_28_29_30_31_32_33_34_35_36_37_38_39_40_41_42_43_44_45_46_47_48_49_50_51_52_53_54_55_56_57_58_59_60_61_62_63_64_65_66_67_68_69_70_71_72_73_74_75_76_77_78_79_80_81_82_83_84_85_86_87_88_89_90_91_92_93_94_95_96_97_98_99_100_101_102_103_104_105_106_107_108_109_110_111_112_113_114_115_116_118_119_120_121_122_123_124_125_126_127_128_130_131_132_133_134_135_136_137_138_139_140_142_143_144_145_146_147_149_150_151_152_153_154_155_156_159_160_161_163_164_165_166_169_170_171_174_175_177_178_179_180_183_184_186_187_188_189_192_193_194_195_201_204_207_208_209_210_215_216_221_222_232_236_239_240  5.37e+10  4.88e+10 251302.56  47029.99  12504.12    825.49     87.20     10.60  -2850.09   1222.95      0.00 0
4877 14.0      99_114_121_125_133_134_137_143_146_147_152_154_155_162_164_165_170_173_176_177_178_179_185_187_188_193_194_197_199_202_203_208_209_210_212_215_216_218_220_221_222_224_228_229_232_233_235_236_238_239_240_241_243_244_245_247_248_251_253_255_256_258_259_262_264_265_268_270_271_272_274_279_281_284_289_291  1.29e+09  1.13e+09 -15175.02 -74388.24  13441.45    728.02     79.96    258.47   5117.88  -6620.76      0.00 0
4878 14.0      0_1_2_3_4_5_6_7_8_9_10_11_12_13_14_15_16_17_18_19_20_21_22_23_24_25_26_27_28_29_30_31_32_33_34_35_36_37_38_39_40_41_42_43_44_45_46_47_48_49_50_51_52_53_54_55_56_57_58_59_60_61_62_63_64_65_66_67_68_69_70_71_72_73_74_75_76_77_78_79_80_81_82_83_84_85_86_87_88_89_90_91_92_93_94_95_96_97_98_99_100_101_102_103_104_105_106_107_108_109_110_111_112_114_115_116_117_118_119_120_121_122_123_125_126_127_128_129_130_133_134_135_136_137_138_139_140_141_142_143_146_147_148_149_150_152_153_154_155_156_157_158_159_160_161_162_163_164_165_166_167_168_169_170_171_172_173_174_176_177_178_179_180_181_182_183_185_186_187_188_189_190_191_192_193_194_195_196_197_199_200_201_202_203_204_205_206_207_208_209_210_211_212_213_214_215_216_218_219_220_221_222_224_225_226_227_228_229_230_231_232_233_235_236_237_238_239_240_241_242_243_244_245_246_247_248_249_250_251_252_253_255_256_257_258_259_260_261_262_264_265_266_267_268_269_270_271_272_273_274_275_276_277_279_280_281_282_283_284_286_287_288_289_290_291_293_294_295_296_297_298  2.45e+10  2.19e+10  16498.57 -304637.34  11026.97    783.53     87.93    273.10   5905.95  -7451.01      0.00 0
4879 14.0      116_117_128_129_140_141_148_157_158_161_167_168_172_173_181_182_190_191_197_199_200_206_212_214_218_220_224_231_233_235_238_241_243_244_251_255_256_259_264_265_268_271_272_282  6.76e+10  6.10e+10 -38918.63  12667.96  10584.81    844.29     75.50    161.97   4606.53  -6848.33      0.00 0
4880 14.0      0_1_2_3_4_5_6_7_8_9_10_11_12_13_14_15_16_17_18_19_20_21_22_23_24_25_26_27_28_29_30_31_32_33_34_35_36_37_38_39_41_42_43_45_46_47_48_49_50_51_53_54_56_57_59_60_61_63_64_65_67_68_69_70_71_72_73_75_76_77_80_81_83_84_86_87_89_90_92_93_95_96_97_99_100_101_105_107_109_114_119_121_123_125_127_133_134_135_137_139_143_144_146_150_152_154_160_164_170_171_176_178_185_187_193_202_203_209_215_228_229_232_233_239_245_247_248_262  3.72e+10  3.29e+10  50380.80 -30752.57  12201.99    790.00     78.32    328.60   1948.83   -222.99      0.00 0
4881 14.0      5_8_9_13_28_29_35_40_41_44_45_55_66_67_78_79_91_102_103_116_117_128_129_148_157_158_167_181_182_190_191_200_205_206_213_226_227_230_231_237_246_249_250_252_260_261_266_267_269_275_276_277_280_283_286_287_288_290_293_294_295_296_297_298  2.29e+09  2.12e+09  -4158.26 -46137.66  11113.02    829.36     76.51    264.85   -680.08 -10034.90      0.00 0
4882 14.0      0_1_2_3_4_5_6_7_9_10_11_12_13_14_15_17_18_19_21_22_25_26_27_29_30_31_33_34_36_38_39_41_43_49_50_51_53_54_59_60_61_63_71_72_75_76_83_86_95_99_107_114_121_125_133_137_146_152_154_176_178_185_187_202_203_209_228_229_233_245_247_248_262  4.17e+09  3.64e+09 -27150.75  18849.19  10010.56    806.24     73.15    145.23   3526.69  -1725.88      0.00 0
4883 14.0      41_45_49_53_55_59_63_67_71_75_79_83_86_89_91_95_99_102_103_107_111_114_116_117_121_125_128_129_133_134_137_141_143_146_148_152_154_157_158_162_164_165_167_168_170_172_173_176_178_181_182_187_188_190_191_193_194_196_197_200_205_206_208_211_213_216_219_222_226_227_230_234_237_242_249_252_254_257_263_266_269_273_278_283_285  3.24e+09  2.84e+09 -36874.93 -34895.28  11888.95    752.13     76.82    223.42    356.19  -5012.69      0.00 0
4884 14.0      8_9_13_16_20_21_28_29_32_35_40_41_44_45_48_52_53_55_58_59_62_63_66_67_70_74_78_79_82_83_88_89_91_94_95_98_102_103_106_107_110_111_116_117_120_121_124_125_128_129_132_136_137_140_141_145_146_148_151_152_154_157_158_161_162_167_168_172_173_175_176_178_181_182_184_185_190_191_196_197_198_199_200_202_203_205_206_209_211_212_213_214_217_218_219_220_223_224_227_228_229_231_232_233_234_235_238_241_243_244_245_247_248_251_255_256_259_262_265_268_271_272_282  2.45e+09  2.12e+09 -100259.22  18600.05  14113.22    753.76     82.12    169.49    311.93  -4312.05      0.00 0
4885 14.0      0_1_2_3_4_5_6_7_8_9_10_11_12_13_14_15_16_17_18_19_20_21_22_23_24_25_26_27_28_29_30_31_32_33_34_35_36_37_38_39_40_41_42_43_44_45_46_47_48_49_50_51_52_53_54_55_56_57_58_59_60_61_62_63_64_65_66_67_68_69_70_71_72_73_74_75_76_77_78_79_80_81_82_83_84_85_86_87_88_89_90_91_92_93_94_95_96_97_98_99_100_101_102_103_104_105_106_107_108_109_110_111_112_113_114_115_116_117_118_119_120_121_122_123_124_125_126_127_128_129_130_131_132_133_134_135_136_137_138_139_140_141_142_144_145_147_148_149_150_151_152_153_156_157_158_159_160_161_162_163_166_167_168_169_171_172_173_174_175_180_181_182_183_184_186_189_190_191_192_195_196_197_198_199_200_201_204_205_206_207_211_212_213_214_217_219_220_223_225_226_227_230_231_234_235_237_238_242_243_246_249_250_252_253_254_257_258_260_261_263_264_266_267_269_270_273_274_275_276_277_278_280_281_283_284_285_286_287_288_289_290_291_292_293_294_295_296_297_298  6.61e+09  5.74e+09 -11796.51 -276836.69  12146.39    776.66     87.49    267.56  -1994.95  -9211.11      0.00 0
4886 14.0      11_16_20_23_24_28_31_32_37_40_44_47_48_52_57_58_62_66_69_70_73_74_78_82_85_88_91_94_98_102_106_110_116_120_128_136_140_148_157_161_167_172_181_182_190_196_200_205_211_213_219_226_227_230_237_242_246_249_250_252_257_260_261_266_269_275_276_277_280_283_286_287_288_290_293_294_295_296_297_298  4.68e+09  4.09e+09   5828.60 -47884.66  11092.31    860.77     77.05    276.94  -1196.59  -8522.25      0.00 0
4887 14.0      158_168_173_181_182_190_191_197_199_200_205_206_212_213_214_218_219_220_224_226_227_230_231_235_237_238_242_246_249_252_257_263_273  1.10e+09  9.49e+08 -28467.88 -11059.12   9964.49    762.73     71.93    201.23    330.64  -7034.20      0.00 0
4888 14.0      270_271_274_277_279_281_284_286_287_289_291_293_294_295_297_298  1.26e+09  1.06e+09  42880.20  19028.76  12123.72    671.00     75.51     23.93   4769.20 -10754.83      0.00 0
4889 14.0      0_1_2_3_4_5_6_7_8_9_10_11_12_13_14_15_16_17_18_19_20_21_22_23_24_25_26_27_28_29_30_31_32_33_34_35_36_37_38_39_40_41_42_43_44_45_46_47_48_49_50_51_52_53_54_55_56_57_58_59_60_61_62_63_64_65_66_67_68_69_70_71_72_73_74_75_76_77_78_79_80_81_82_83_84_85_86_87_89_90_92_93_94_95_96_97_98_99_100_101_104_105_107_108_109_112_113_114_115_118_119_121_122_123_124_125_126_127_130_131_132_133_134_135_137_138_139_142_143_144_146_147_149_150_152_153_154_155_156_159_160_163_164_165_166_169_170_171_174_176_177_178_179_180_183_186_187_188_189_192_193_194_195_201_202_203_204_208_209_210_215_216_221_222_228_229_232_236_239_240_245_247  5.50e+10  4.99e+10 -169756.17  45168.62  13979.21    842.66     85.45    165.10   3273.82   1249.60      0.00 0
4890 14.0      1_6_7_10_11_14_15_16_19_23_24_27_30_31_32_36_37_39_42_43_46_47_48_51_56_57_58_61_65_68_69_70_73_74_77_80_81_85_87_90_92_101_104_112_115_118_130_142_149_159_169_174_183_192  1.29e+09  1.12e+09  17904.42  26907.55  10376.83    727.50     72.20     56.36    152.72   3201.61      0.00 0
4891 14.0      45_55_67_78_79_89_91_103_111_129_137_141_162_168_173_185_199_218  1.45e+09  1.24e+09 -16415.50   9700.37   8270.96    772.12     66.55    149.42   2327.08  -3935.49      0.00 0
4892 14.0      91_102_103_110_111_116_117_128_129_136_137_140_141_148_151_152_157_158_161_162_167_168_172_173_175_176_181_182_184_185_190_191_196_197_198_199_200_202_203_205_206_211_212_213_214_217_218_219_220_223_224_226_227_228_229_230_231_233_234_235_237_238_241_242_243_244_245_246_247_248_249_250_251_252_253_254_255_256_257_258_259_260_261_262_263_264_265_266_267_268_269_270_271_272_273_274_275_276_277_278_279_280_281_282_283_284_285_286_287_288_289_290_291_292_293_294_295_296  1.55e+09  1.30e+09 -195499.36   4436.50  14600.49    719.70     85.73    178.70   5031.07  -7933.40      0.00 0
4893 14.0      0_1_2_3_4_5_6_7_8_9_11_13_15_16_19_20_21_23_24_27_28_29_31_32_35_37_39_40_41_44_45_47_48_51_52_55_57_58_61_62_63_65_66_67_69_70_73_74_78_79_81_82_85_87_88_89_91_93_102_103_105_106_110_111_116_117_128_129_141_148_157_158_168_181_182_190_191_197_200_205_206_214_220_226_227_231_238_243_246_250_253_258_261_267_270_274_275_277_281_284_287_289_291_295  2.19e+09  1.90e+09  18175.52 -51526.05  12654.31    675.70     76.96    289.43    895.78  -6281.36      0.00 0
4894 14.0      200_226_227_246_249_260_261_266_275_276_280_286_287_288_293_294_296_297  3.72e+10  3.38e+10   4224.02  22484.02   8403.63    868.38     69.83     79.36   -711.04 -10911.01      0.00 0
4895 14.0      53_59_63_67_71_75_83_86_89_95_99_103_107_111_114_117_121_125_129_133_137  2.82e+10  2.49e+10 -11853.97 -16411.78   8489.46    768.79     67.25    234.16   2294.83  -2354.04      0.00 0
4896 14.0      0_1_2_3_4_5_6_7_8_9_10_11_12_13_14_15_16_17_18_19_20_21_22_23_24_25_26_27_28_29_30_31_32_33_34_35_36_39_40_41_42_43_44_45_46_51_53_54_55_56_61_63_64_65_66_67_68_77_78_79_80_87_89_91_92_101_103_104_115_117_118_127_149_156_180  5.62e+10  5.06e+10  -2668.85  28878.89   9412.11    831.02     72.02     95.28    -29.82    743.21      0.00 0
4897 14.0      58_62_74_82_85_88_94_98_102_106_110_113_120_124_128_132_136  5.50e+10  5.11e+10  11024.93 -15427.89   7935.99    834.57     67.29    305.55  -2745.21  -2068.58      0.00 0
4898 14.0      0_1_2_3_4_5_6_7_8_9_10_11_12_13_14_15_16_17_18_19_20_21_23_24_25_26_27_28_29_31_32_33_35_37_38_40_41_44_45_47_48_49_51_52_53_55_57_58_59_63_66_67_69_70_73_75_78_79_81_83_85_89_93_95_97_103_107_111_121_125_129_137_141_146_152_162_173_176_178_185_199_202_203_212_218_224_228_233_241_244_248_251_256_262_265_268_272_282  4.79e+09  4.27e+09 -33395.05  26194.47  10992.23    793.47     75.48    141.89   3179.96  -3363.42      0.00 0
4899 14.0      246_250_253_261_267_270_274_277_279_281_284_291  3.80e+10  3.61e+10 -20196.62  10567.52   8336.99    880.03     69.91    152.38   3849.09 -10728.95      0.00 0
