#event_number primary_type du_ids energy_primary em_energy Xmax_pos(x, y, z), Xmax_grams zenith azimuth shower_core_pos_x shower_core_pos_y shower_core_pos_z, N_tested_cores, units are degrees, GeV and meters
106200 5626.0    11_15_16_19_20_23_24_31_32_37_39_40_47_48_51_52_57_58_61_62_65_66_69_70_73_74_81_82_85_87_88_93_94_97_98_105_106_109_110_113_120_124_128_136_140_145_151_161_167_172_184_196_198_211_217_219_223_234_237_242_254_257_263  5.13e+08  4.04e+08  -6337.48 -40984.95  11970.29    627.57     73.90    261.21  -2878.06  -2667.55      0.00 0
106201 5626.0    5_8_9_13_16_20_21_28_29_32_33_35_40_41_44_45_48_52_53_55_58_59_62_63_66_67_74_75_78_79_82_83_88_89_91_94_95_98_102_103_106_107_110_111_116_117_120_121_124_125_128_129_132_136_137_140_141_145_146_148_151_152_154_157_158_161_162_167_168_172_173_175_176_178_181_182_184_185_187_190_191_196_197_198_199_200_202_203_205_206_209_211_212_213_214_215_217_218_219_220_223_224_228_229_231_232_233_234_235_238_239_241_243_244_245_247_248_251_255_256_259_262_265_268_272_282  4.07e+08  3.17e+08 114583.60 -10992.79  15215.80    638.53     82.47    354.52   3340.83  -4445.93      0.00 0
106202 5626.0    213_219_223_226_230_234_237_242_246_249_250_252_253_254_257_260_261_263_266_267_269_270_273_274_275_276_277_278_279_280_281_283_284_285_286_287_288_289_290_291_292_293_294_295_296_297_298  3.02e+08  2.35e+08 -101570.88  36647.89  15079.55    638.63     82.05    160.16   -278.27 -11187.45      0.00 0
106203 5626.0    0_1_2_3_4_5_6_7_8_9_10_11_12_13_14_15_16_17_18_19_20_21_22_23_24_25_26_27_28_29_30_31_32_33_34_35_36_37_38_39_40_41_42_43_44_45_46_47_48_49_50_51_52_53_54_55_56_57_58_59_60_61_62_63_64_65_66_67_68_69_70_71_72_73_74_75_76_77_78_79_80_81_82_83_84_85_86_87_88_89_90_91_92_93_94_95_96_97_98_99_100_101_102_103_104_105_106_107_108_109_110_111_112_113_114_115_116_117_118_119_120_121_122_123_124_125_126_127_128_129_130_131_132_133_134_135_136_137_138_139_140_141_142_143_144_146_147_148_149_150_152_153_154_155_156_157_158_159_160_162_163_164_165_166_167_168_169_170_171_173_174_176_178_180_181_182_183_185_187_189_191_192_193_195_197_199_200_201_202_203_204_206_207_208_209_212_214_215_218_220_221_224_225_227_228_229_231_232_233_235_238_239_241_243_244_245_247_248_250_251_253_255_256_258_259_262_264_265_267_268_270_271_272_274_279_281_282_284_291  9.33e+08  7.37e+08 -129514.14 172433.95  14815.38    650.73     86.07    126.91   3234.57  -3570.60      0.00 0
106204 5626.0    0_1_2_3_4_5_6_7_8_9_10_11_12_13_14_15_16_17_18_19_20_21_23_24_25_26_27_28_29_30_31_32_33_35_36_37_38_39_40_41_43_44_45_47_48_49_51_52_53_55_57_58_59_61_62_63_65_66_67_69_70_73_74_75_78_79_81_82_83_85_87_88_89_91_93_94_95_97_98_102_103_105_106_107_109_110_111_113_116_117_119_120_121_123_124_128_129_131_132_135_136_137_140_141_144_145_146_148_150_151_152_157_158_160_162_167_168_173_176_181_182_185_190_191_197_199_200_203_206_212_214_218_220_224_231_233_235_238_241_243_244_248_251_253_255_256_258_259_264_265_268_271_272_274_279_282  1.91e+08  1.43e+08 -82739.26  74944.48  15351.69    614.15     82.17    137.83  -3203.87     94.87      0.00 0
106205 5626.0    196_213_219_237_242_254_257_263_273_278_285  4.27e+08  3.42e+08  11956.32  19906.53   9656.54    652.99     67.42     59.01  -3765.69  -9108.29      0.00 0
106206 5626.0    94_106_110_120_136_140_151_161_167_172_190_196_211_213_219_237  6.31e+08  5.03e+08  -4170.12  22325.93   9710.94    633.44     66.85    100.58  -2749.58  -4764.68      0.00 0
106207 5626.0    0_1_3_4_6_7_10_12_14_17_18_19_21_22_25_26_27_30_33_34_36_38_39_42_43_46_49_50_53_54_56_59_60_61_64_65_68_71_72_75_76_77_80_83_84_86_87_90_92_95_99_101_104_109_115_127_139_166  5.50e+08  4.36e+08  19533.15 -24840.04  10874.65    638.27     71.01    308.18    414.67   1690.69      0.00 0
106208 5626.0    8_13_16_20_24_28_29_32_35_37_40_41_44_45_48_52_55_58_62_66_67_69_70_74_78_79_82_85_88_89_91_102_103_110_111_116_117_128_129_141_148_158_168_173_182_191_197_199_206_212_214_220_224_231_235_238_243_244_253_255_258_259_264_270_271_274_279  1.70e+08  1.29e+08 -30907.74  38441.47  12967.99    583.14     75.27    128.80   2266.35  -6088.04      0.00 0
106209 5626.0    167_172_181_182_190_191_196_197_198_200_205_206_211_212_213_214_217_219_220_223_226_227_230_231_234_235_237_238_242_243_244_246_249_250_252_253_254_255_256_257_258_259_260_261_263_264_266_267_268_269_270_271_272_273_274_275_276_277_278_279_280_281_282_283_284_285_286_287_288_289_290_291_292_293_294_295_296_297_298  1.26e+08  8.98e+07 192503.23 -31558.09  16037.91    553.14     85.30    350.69  -3275.21  -9702.01      0.00 0
106210 5626.0    220_231_235_238_243_250_253_258_261_267_270_275_277_281  2.88e+08  2.29e+08 -13878.48 -13647.87   9060.03    650.70     65.04    224.52   2012.92  -8907.38      0.00 0
106211 5626.0    96_100_114_122_126_133_134_138_142_143_147_153_154_155_163_164_165_170_174_177_178_179_186_187_188_193_194_208_209_215_221_229_232  4.27e+08  3.39e+08  14954.08 -29823.59  11286.17    609.35     71.31    296.63   5150.17    786.01      0.00 0
106212 5626.0    0_1_2_3_4_5_6_7_8_9_10_11_12_13_14_15_16_17_18_19_20_21_22_23_24_25_26_27_28_29_30_31_32_33_34_35_36_37_38_39_40_41_42_43_44_45_46_47_48_49_50_51_52_53_54_55_56_57_58_59_60_61_62_63_64_65_66_67_68_69_70_71_72_73_74_75_76_77_78_79_80_81_82_83_84_85_86_87_88_89_90_91_92_94_95_96_98_99_100_101_102_103_104_106_107_108_110_111_112_114_115_116_117_118_120_121_122_125_126_127_128_129_130_133_134_136_137_138_140_141_142_143_147_148_149_151_153_155_156_157_158_159_161_162_163_165_167_168_169_172_173_174_177_179_180_181_182_183_184_186_190_191_192_196_197_198_200_201_205_206_207_211_213_214_217_219_223_226_227_230_231_234_237_242_246_249_250_252_254_257_260_261_263_266_269_273_275_276_277_278_280_283_285_286_287_288_290_292_293_294_296_297  1.29e+08  9.33e+07 -50690.33 -131640.64  16022.23    578.02     83.52    248.94    546.36  -1069.28      0.00 0
106213 5626.0    111_129_137_141_158_162_168_173_181_182_191_197_200_206_214_226_227_231_246_249_250_260_261_266_275_276_280_286_288  2.88e+08  2.27e+08  15561.34  30110.85  11117.64    640.79     71.84     62.67    754.07  -7298.99      0.00 0
106214 5626.0    104_108_112_118_122_130_138_142_149_153_159_169  2.24e+08  1.72e+08 -18360.07   9655.61   9664.38    595.55     65.02    152.26   1714.56   4079.96      0.00 0
106215 5626.0    0_1_2_3_4_5_6_7_8_9_10_11_12_13_14_15_16_17_18_19_20_21_22_23_24_25_26_27_28_29_30_31_32_33_34_35_36_37_38_39_40_41_42_43_44_45_46_47_48_49_50_51_52_53_54_55_57_58_59_60_61_62_63_64_66_67_69_70_71_72_73_74_75_76_78_79_81_82_83_84_85_86_88_89_91_93_94_95_96_97_98_99_100_102_103_106_107_110_111_113_114_116_117_120_121_123_124_125_126_128_131_132_133_134_136_137_140_143_145_146_151_152_154_155_161_164_165_170_175_176_178_184_187_188_193_194_202_208_209_215_216_221_222_229_232_236_239_240_247  5.13e+08  4.01e+08  99257.25   7114.84  14925.43    633.09     81.47      4.10    998.53  -1017.48      0.00 0
106216 5626.0    49_59_71_75_83_95_99_107_121_125_137_146_152_162_176_185_199_202_203_218_224_228_233_241_244_248_251_256_268_272  8.13e+08  6.46e+08 -17273.17  25038.88  10694.28    643.94     70.63    124.60   4635.98  -4164.25      0.00 0
106217 5626.0    106_110_120_124_128_132_136_140_145_148_151_157_161_167_172_175_181_182_184_190_196_198_200_205_206_211_213_217_219_223_226_227_230_231_234_237_238_242_246_249_250_252_253_254_257_258_260_261_266_267_269_270_274_275_276_277_280_281_284_286_287_289_291_293_295  8.71e+08  6.94e+08 -48379.79  48633.77  13583.00    659.07     78.80    134.85  -1522.18  -7115.35      0.00 0
106218 5626.0    158_168_182_191_200_206_214_226_227_231_246_249_250_260_261_266_275_276_286_288  3.16e+08  2.50e+08  12795.73  24146.54  10621.55    599.30     68.76     62.08    261.13  -8318.95      0.00 0
106219 5626.0    0_1_2_3_4_5_6_7_8_9_10_11_12_13_14_15_16_17_18_19_20_21_22_23_24_25_26_27_28_29_30_31_32_33_34_35_36_37_38_39_41_42_43_45_46_47_48_49_50_51_53_54_56_57_59_60_61_63_64_65_67_68_69_70_71_72_73_75_76_77_79_80_81_83_84_86_87_89_90_92_93_95_96_97_99_100_101_104_105_107_108_109_111_112_114_115_118_119_121_123_125_126_127_133_134_135_137_139_143_144_146_149_150_152_154_156_160_162_164_166_170_171_176_178_185_187_189_193_195_202_203_209_215_218_228_229_232_233_245_247_248_251_262_265_282  1.82e+08  1.36e+08  68212.30 -54161.39  14935.18    586.27     80.27    321.55  -1019.52   2258.25      0.00 0
106220 5626.0    253_258_264_267_270_271_274_277_279_281_284  2.69e+08  2.11e+08  19204.83   5510.52   9223.49    639.57     65.22     16.01   3120.30  -9434.59      0.00 0
106221 5626.0    266_269_273_275_276_278_280_283_285_286_287_288_290_292_296  6.17e+08  4.94e+08 -26043.17   1738.92  10024.52    660.38     68.99    176.18  -2838.24 -10715.28      0.00 0
106222 5626.0    69_73_85_93_97_105_113_119_123_135_139_144_150_160_171  1.91e+08  1.51e+08     83.21  22701.89   9880.55    609.23     66.48     89.79  -3338.15   2145.93      0.00 0
106223 5626.0    112_138_142_153_163_177_186  2.82e+08  2.23e+08 -22957.31  -5494.61   9903.53    625.41     67.24    193.46   4915.63   4193.54      0.00 0
106224 5626.0    106_110_120_124_128_136_140_145_151_157_161_167_172_175_181_184_190  1.15e+08  8.78e+07  20891.20 -19149.97  10652.36    613.19     69.40    317.49  -3620.17  -3428.74      0.00 0
106225 5626.0    0_1_2_5_6_7_8_11_13_14_15_16_19_20_23_24_27_28_31_32_35_36_37_39_40_43_44_47_48_51_52_56_57_58_61_62_65_66_69_70_73_74_77_78_81_82_85_87_88_92_93_94_97_98_101_102_105_106_109_110_113_115_116_119_120_123_124_127_128_131_132_135_136_139_140_144_145_149_150_151_156_157_160_161_166_167_171_172_175_180_183_184_189_190_195_196_198_201_204_205_211_213_217_219_223_225_230_234_237_242_252_254_257_263_266_269_273_278_280_283_285_290_292_296  9.33e+08  7.50e+08  -5269.83 -81052.40  14307.29    637.05     80.01    266.28  -2608.77   1835.08      0.00 0
106226 5626.0    88_91_102_103_106_110_116_117_120_124_128_129_136_140_141_145_148_151_157_158_161_167_168_172_173_175_181_182_184_190_191_196_197_198_199_200_205_206_211_212_213_214_217_218_219_220_223_224_226_227_230_231_234_235_237_238_241_242_243_244_246_249_250_251_252_253_254_255_256_257_258_259_260_261_264_266_267_268_270_271_272_274_277_279_281_282_284  3.89e+08  3.04e+08  94888.95 -35553.05  14945.16    636.42     81.61    339.46   -869.67  -6283.95      0.00 0
106227 5626.0    86_96_99_100_114_121_122_125_126_133_134_138_142_143_146_147_152_153_154_155_163_164_165_170_174_176_177_178_179_185_186_187_188_193_194_199_202_203_208_209_210_215_216_218_221_222_224_228_229_232_233_236_239_240_241_244_245_247_248_251_255_256_259_262_265_268_271_272_282  3.39e+08  2.60e+08 -10033.78  71303.79  14022.70    622.82     78.98     98.01   5604.30   -261.88      0.00 0
106228 5626.0    148_157_158_181_182_190_191_196_200_205_211_213_219_226_230_234_237_242_252_254_257_263  4.47e+08  3.50e+08  28353.55  12570.49  11068.41    602.03     70.36     23.91  -2346.59  -7210.15      0.00 0
106229 5626.0    2_5_8_9_11_13_16_20_21_23_24_28_29_32_35_37_40_41_44_45_48_52_53_55_58_62_63_66_67_69_70_74_78_79_82_83_85_88_89_91_94_98_102_103_106_107_111_113_116_117_121_129_137_141_152_158_162_168_173_176_185_191_197_199_203_212_218_220_224_228_233_235_241_244_248_251_255_256_259_262_265_268_271_272_282  5.13e+08  4.08e+08 -47675.97  32877.17  13072.49    646.82     77.28    145.41   5008.52  -5877.96      0.00 0
106230 5626.0    140_151_161_167_172_175_184_190_196_198_205_211_213_217_219_223_226_230_237  2.45e+08  1.92e+08  18965.65 -20416.62  10763.91    589.91     68.88    312.89  -3222.23  -5432.98      0.00 0
106231 5626.0    107_111_129_137_141_168_173_191_197_214_220_238  9.12e+08  7.53e+08   1406.29  18968.74   8817.06    676.28     65.13     85.76   2303.89  -5106.44      0.00 0
106232 5626.0    59_63_67_75_83_89_91_95_99_103_107_111_114_116_117_121_125_129_133_134_137_141_143_146_148_152_154_155_157_158_162_164_165_168_170_173_176_178_179_181_182_185_187_188_190_191_193_194_197_199_200_202_203_205_206_208_209_210_212_213_214_215_216_218_219_220_221_222_224_226_227_228_229_230_231_232_233_235_236_237_238_239_240_241_242_243_244_245_246_247_248_249_250_251_252_253_255_256_257_258_259_260_261_262_263_264_265_266_267_268_269_270_271_272_273_274_275_276_277_278_279_280_281_282_283_284_285_286_287_288_289_290_291_292_293_294_295_296_297_298  6.03e+08  4.68e+08 115580.42 132679.17  15301.83    656.99     85.03     48.94   3633.62  -6288.42      0.00 0
106233 5626.0    21_25_29_33_38_41_45_49_53_55_59_63_67_71_72_75_79_83_86_89_91_95_99_100_103_107_111_114_116_117_121_129_137_141_148_157_158_168_181_182_190_200_205_213_226_230_237_252  3.16e+08  2.45e+08 -19431.45 -30725.64  11483.44    626.32     72.47    237.69    965.99  -3780.90      0.00 0
106234 5626.0    0_1_2_3_4_5_6_7_8_9_10_11_12_13_14_15_16_17_18_19_20_21_22_23_24_25_26_27_28_29_30_31_32_33_34_35_36_37_38_39_40_41_42_43_44_45_46_47_48_49_50_51_52_53_54_55_56_57_58_59_61_62_63_64_65_66_67_68_69_70_73_77_78_79_80_81_82_83_87_88_89_90_91_92_101_102_103_104_105_109_111_115_116_117_118_127_128_129_130_135_139_148_149_156_157_158_159_166_168_171_180_181_182_183_189_191_195_200_201_204_206_207_225_227_231  1.91e+08  1.46e+08  -6736.13  58218.68  13325.96    618.88     77.19     96.60   -497.68   1997.14      0.00 0
106235 5626.0    0_1_2_3_4_5_6_7_8_9_10_11_12_13_14_15_16_17_18_19_20_21_22_23_24_25_26_27_28_29_30_31_32_33_34_35_36_37_38_39_40_41_43_44_45_46_47_48_49_51_52_53_55_56_57_58_59_61_63_65_67_69_70_71_73_74_75_77_79_81_83_85_87_89_93_95_97_101_105_107_109_111_119_121_123_131_135_137_139_144_150_152_160_162  6.92e+08  5.53e+08  37272.35 -33430.82  12437.07    660.77     76.05    318.11  -2394.98   1825.25      0.00 0
106236 5626.0    0_1_2_3_4_5_6_7_8_9_10_11_12_13_14_15_16_17_19_21_23_24_27_28_29_31_33_35_39_41_45_47_51_53_57_61_63_67_81  7.08e+08  5.72e+08  13105.79 -16178.53   9418.46    631.79     65.66    309.01   -266.87    -95.61      0.00 0
106237 5626.0    231_238_250_253_258_260_261_267_270_275_276_277_281_286_287_288_289_293_294_296_297  5.13e+08  4.09e+08 -18393.83 -19821.85  10142.66    661.81     69.44    227.14    383.75 -10522.48      0.00 0
106238 5626.0    128_136_140_148_151_157_158_161_167_172_175_181_182_184_190_191_196_197_198_200_205_206_211_213_214_217_219_220_223_226_227_230_231_234_235_237_238_242_243_244_246_249_250_252_253_254_255_257_258_259_260_261_263_264_266_267_269_270_271_272_274_275_276_277_279_281_284_287_289_291  2.75e+08  2.11e+08 -81154.59  39669.45  14986.64    593.00     80.58    153.95   3205.41  -9378.23      0.00 0
106239 5626.0    16_20_23_24_28_32_37_40_44_47_48_52_57_58_62_66_69_70_73_74_78_82_85_88_91_93_94_97_98_102_106_110_113_116_119_123_128_131_144_148_157  1.86e+08  1.43e+08  16064.75 -30456.63  11514.69    594.83     71.51    297.81  -2370.35  -1184.88      0.00 0
106240 5626.0    42_46_64_68_80_90_92_104_112_118_130_142_159_169_183_192_207  3.39e+08  2.68e+08  -3947.70 -22342.93   9997.58    593.04     66.22    259.98   1328.19   4570.94      0.00 0
106241 5626.0    63_83_89_91_95_103_107_111_116_117_121_125_128_129_133_137_141_146_148_152_154_157_158_162_167_168_172_173_181_182_190_191_196_197_200_205_206_211_213_214_219_226_227_230_234_237_242_246_249_252_254_257_260_263_266_269_273_278_280_283_285_290_292  1.17e+08  8.81e+07 -51774.80 -45903.23  14052.42    601.86     78.52    221.56  -4399.47  -9659.31      0.00 0
106242 5626.0    0_1_2_3_4_5_6_7_8_9_10_11_12_13_14_15_16_17_18_19_20_21_22_23_24_25_26_27_28_29_30_31_32_33_34_35_36_37_38_39_40_41_42_43_44_45_46_47_48_49_50_51_52_53_54_55_56_57_58_59_60_61_62_63_64_65_66_67_68_69_70_71_72_73_74_75_76_77_78_79_80_81_82_83_84_85_86_87_88_89_90_91_92_93_94_95_96_99_100_101_102_103_104_105_106_107_108_109_110_111_112_114_115_116_117_118_121_122_125_126_127_128_129_130_133_134_135_136_137_138_139_140_141_142_143_146_147_148_149_152_153_154_155_156_157_158_159_162_163_164_165_166_167_168_169_171_172_173_174_176_177_178_179_180_181_182_183_185_186_189_190_191_192_195_196_197_199_200_201_203_204_205_206_207_212_213_214_218_219_220_224_225_226_227_230_231_235_237_238_241_243_244_246_249_250_252_253_255_257_258_259_260_261_264_266_267_269_270_271_274_275_276_277_279_280_281_283_284_286_287_288_289_290_291_293_294_295_296_297_298  8.51e+08  6.72e+08   -702.04 174888.88  15147.14    677.25     85.05     90.23   1270.93 -11158.05      0.00 0
106243 5626.0    21_25_33_38_41_45_49_53_59_63_67_71_72_75_76_79_83_86_89_91_95_99_100_103_107_111_114_116_117_121_129_137_141_148_157_158_168_173_181_182_190_191_197_200_205_206_213_214_226_227_230_231_237_246_249_250_252_253_260_261_266_267_269_275_276_277_280_283_286_287_288_290_292_293_294_296_297  6.03e+08  4.76e+08  20358.56  51419.85  12930.58    643.22     76.84     68.40   -146.66  -8030.09      0.00 0
106244 5626.0    9_13_17_21_25_28_29_33_35_40_41_44_45_49_53_55_59_63_66_67_71_75_78_79_83_89_95_99_107_121_125_133_146_154_164_178_187_193_209_215_221_232_239  1.29e+08  9.76e+07  36639.13    997.82  11789.07    589.83     72.17      1.56   4138.70  -1707.81      0.00 0
106245 5626.0    0_1_2_3_4_5_6_7_8_9_10_11_12_13_14_15_16_17_18_19_20_21_22_23_24_25_26_27_28_29_30_31_32_33_34_35_36_37_38_39_40_41_42_43_44_45_46_47_48_49_50_51_52_53_54_55_57_58_59_60_62_63_64_66_67_68_69_70_71_72_73_74_75_76_78_79_82_83_84_85_86_88_89_90_91_94_95_96_97_98_99_100_102_103_106_107_108_110_111_113_114_116_117_120_121_122_124_125_126_128_129_132_133_134_136_137_140_141_143_145_146_147_148_151_152_154_155_157_158_161_162_164_165_167_168_170_172_173_175_176_177_178_179_181_182_184_185_187_188_190_191_193_194_196_197_198_199_200_202_203_205_206_208_209_210_211_212_213_214_215_216_217_218_219_220_221_222_223_224_226_227_228_229_230_231_232_233_234_235_236_237_239_240_241_242_245_247_248_251_252_254_257_262_263_278  3.47e+08  2.68e+08 193395.16  62092.39  15058.67    647.94     85.76     17.80  -3832.35  -4295.86      0.00 0
106246 5626.0    0_1_2_3_4_5_6_7_9_10_11_12_14_15_17_18_19_22_23_24_25_26_27_30_31_33_34_36_37_38_39_42_46_47_49_50_51_54_57_59_60_64_69_71_72_73_75_76_84_86_96_99_100_114_126_133_134_143_164_165_170_193_194_208  7.76e+08  6.30e+08 -31608.87   3327.80  10733.42    661.91     71.34    173.99   2431.27    335.94      0.00 0
106247 5626.0    6_7_10_14_18_19_22_27_30_36_39_42_43_46_51_56_61_65_68_77_80_87_92_101_105_109_115_127_135_139_156_160_166_171_195  7.24e+08  5.85e+08  20754.23 -23516.23  11069.91    607.43     70.56    311.43  -1909.04   3987.92      0.00 0
106248 5626.0    0_1_2_3_4_5_6_7_8_9_10_11_12_13_14_15_16_17_18_19_20_21_22_23_24_25_26_27_28_29_30_31_32_33_34_35_36_37_38_39_40_41_42_43_44_45_46_47_48_49_50_51_52_53_54_55_56_57_58_59_60_61_62_63_64_65_66_67_68_69_70_71_72_73_74_75_76_77_78_79_80_81_82_83_84_85_86_87_88_89_90_91_92_93_94_96_97_98_101_102_103_104_105_106_107_108_109_110_111_112_113_115_116_117_118_119_120_123_124_127_128_129_130_131_132_135_136_138_139_140_141_142_144_145_148_149_150_151_156_157_158_159_160_161_166_167_168_169_171_172_174_175_180_181_182_183_184_189_190_191_192_195_196_197_198_200_201_204_205_206_207_211_213_214_217_219_223_225_226_227_230_231_234_237_238_242_246_249_250_252_253_254_257_260_261_263_266_267_269_270_273_275_276_277_278_280_281_283_285_286_287_288_289_290_292_293_294_295_296_297_298  1.20e+08  8.84e+07  14636.46 318638.00  12142.25    582.75     87.82     87.37  -3319.46   2326.66      0.00 0
106249 5626.0    9_17_21_25_26_29_33_35_38_41_44_45_49_50_53_55_59_63_67_71_72_75_76_78_79_83_86_89_91_95_96_99_100_102_103_107_110_111_114_116_117_121_125_126_128_129_133_134_137_140_141_143_146_147_148_152_154_155_157_158_162_164_165_167_168_170_172_173_176_177_178_179_181_182_185_187_188_190_191_193_194_196_197_199_200_205_206_208_210_211_212_213_214_216_219_220_222_226_227_230_231_234_237_238_240_242_246_249_250_252_253_254_257_260_261_263_266_269_273_275_276_278_280_283_285_286_288_290_292_294_296  7.59e+08  6.04e+08 -61150.72 -78948.77  14764.08    654.92     81.59    232.24  -3774.11 -10937.35      0.00 0
106250 5626.0    40_48_52_58_62_66_69_70_74_78_82_85_88_91_94_97_98_102_106_110_113_116_117_120_123_124_128_131_132_136_140_144_145_148_151_157_158_161_167_172_175_181_182_184_190_191_196_198_200_205_206_211_213_214_217_219_226_227_230_231_237_238_246_249_250_252_253_258_260_261_266_267_270_274_275_276_277_281_284_287_289_291_295  4.37e+08  3.44e+08 -39023.59  57249.36  13555.39    667.56     78.93    124.28  -2699.63  -3839.36      0.00 0
106251 5626.0    0_3_4_5_6_8_9_10_12_13_14_17_18_21_22_25_26_28_29_30_33_34_35_38_41_42_44_45_46_49_50_53_54_55_59_60_63_64_66_67_68_71_72_75_76_78_79_80_83_84_86_89_90_91_95_96_99_100_102_103_104_107_108_111_112_114_116_117_121_122_125_126_128_129_130_133_134_137_138_141_142_143_146_147_148_152_153_154_155_157_158_162_163_164_165_168_169_170_173_174_176_177_178_179_181_182_185_186_187_188_190_191_192_193_194_197_199_200_202_203_205_206_208_209_210_212_213_214_215_216_218_220_221_222_224_226_227_230_231_233_235_237_238_240_241_243_244_246_249_250_252_253_255_258_260_261_264_266_267_269_270_274_275_276_277_279_280_281_283_284_286_287_288_289_290_291_293_294_295_296_297_298  7.76e+08  6.06e+08  38789.33 128233.79  15406.32    644.22     83.44     73.17   4568.75   2899.39      0.00 0
106252 5626.0    88_91_102_110_116_128_136_140_151_161_167_172_175_184_198_217  2.69e+08  2.15e+08 -22660.04  -5398.38   9383.11    697.45     68.06    193.40  -3124.06  -4162.61      0.00 0
106253 5626.0    0_1_2_3_4_5_6_7_8_9_10_11_12_13_14_15_17_18_19_21_22_25_26_27_29_30_31_33_34_35_36_38_39_41_42_43_45_46_49_50_51_53_54_56_59_60_61_63_64_65_67_68_71_72_75_76_77_79_80_81_83_84_86_87_89_90_92_95_96_99_100_101_103_104_107_108_109_111_112_114_115_118_121_122_125_126_127_129_130_133_134_137_138_139_141_142_143_146_147_149_152_153_154_155_156_159_162_163_164_165_166_168_169_170_171_173_174_176_177_178_179_180_183_185_186_187_188_189_192_193_194_195_197_199_201_202_203_204_207_208_209_212_215_218_220_221_224_225_228_229_232_233_235_239_241_243_244_245_247_248_251_255_256_259_262_264_265_268_271_272_279_282  2.40e+08  1.79e+08 -60275.59 118093.62  15528.44    627.82     83.32    117.04    781.91   4693.01      0.00 0
106254 5626.0    206_214_226_227_231_246_249_250_260_261_266_275_276_280_288  3.80e+08  3.05e+08  14050.54  17252.24   9623.78    635.60     66.61     50.84    -67.92  -9116.70      0.00 0
106255 5626.0    7_10_14_18_19_22_26_27_30_34_36_39_42_43_46_50_51_54_56_60_61_64_65_68_72_76_77_80_81_84_87_90_92_96_100_101_104_105_108_112_114_122_126_134_143_147_155_165_179_188_194_216_222  9.12e+08  7.40e+08 -33576.68   5227.95  11198.76    630.72     71.76    171.15   2295.57   1799.38      0.00 0
106256 5626.0    36_42_43_46_56_61_64_65_68_77_80_87_90_92_101_104_105_109_115_127_135_139_150_160  5.37e+08  4.35e+08 -22711.18   6102.44   9515.71    681.56     67.97    164.96  -1080.91   3258.89      0.00 0
106257 5626.0    0_1_2_3_4_5_6_7_8_9_10_11_12_13_14_15_16_17_18_19_20_21_22_23_24_25_26_28_29_30_31_32_33_34_35_37_38_40_41_42_44_45_47_48_49_50_52_53_54_55_58_59_60_62_63_64_66_67_69_70_71_72_74_75_76_78_79_82_83_84_85_86_88_89_91_94_95_96_98_99_100_102_103_106_107_110_111_114_116_117_120_121_122_124_125_126_128_129_132_133_134_136_137_140_143_145_146_147_151_152_154_155_157_161_164_165_167_170_172_175_178_179_184_187_188_193_194_198_208_209_210_211_215_216_217_221_222_223_236_239_240  7.59e+08  6.01e+08  87343.96  32153.64  14558.40    657.24     81.11     20.21   2158.97  -1031.01      0.00 0
106258 5626.0    0_2_3_4_5_8_9_12_13_16_17_18_20_21_25_26_28_29_33_34_35_38_40_41_44_45_49_50_52_53_55_59_62_63_66_67_78_79_82_88_91_102_106_110_116_128_136_140_157_161_167_172_190_196_198_211_213_219_223_234_237_242_254_263  1.17e+08  8.95e+07  24564.77  33197.38  12256.44    587.94     73.47     53.50  -1724.78  -4201.67      0.00 0
106259 5626.0    110_116_128_136_140_145_148_151_157_158_161_167_172_175_181_182_184_190_191_196_198_200_205_206_211_213_214_217_220_223_226_227_231_238  2.57e+08  2.00e+08 -34455.61  16301.81  11443.03    657.09     73.29    154.68  -2558.02  -5032.85      0.00 0
106260 5626.0    0_1_2_3_4_5_6_7_8_9_10_11_12_13_14_15_16_17_18_19_20_21_22_23_24_25_26_27_28_29_30_31_32_33_34_35_36_37_38_39_40_41_42_43_44_45_46_47_48_49_50_51_52_53_54_55_56_57_58_59_60_61_62_63_64_65_66_67_68_69_70_71_72_73_74_75_76_77_78_79_80_81_82_83_84_85_86_87_88_89_90_91_92_93_94_96_97_98_100_101_102_104_105_106_108_109_110_112_113_115_116_118_120_122_124_126_127_128_130_132_136_138_140_142_145_147_149_151_153_156_157_159_161_163_167_169_172_174_175_177_180_183_184_186_190_192_196_198_207_211_213_217_219_223_234_242_254_263_278  8.32e+08  6.65e+08  62125.53  85602.68  15072.21    633.57     81.89     54.03   1205.78   2696.63      0.00 0
106261 5626.0    106_110_116_120_128_136_140_145_148_151_157_161_167_172_181_182_190_196_200_205_206_213_214_226_227_230_231_238_246_249_250_253_258_260_261_267_270_274_275_277_281_284_287_289_291  1.35e+08  1.03e+08  29258.12 -36507.05  12395.98    631.38     75.16    308.71    442.22  -8154.94      0.00 0
106262 5626.0    0_1_2_3_4_5_6_7_8_9_11_13_14_15_16_17_19_20_21_23_24_27_28_29_31_32_35_37_39_40_41_43_44_45_47_48_51_52_53_55_57_58_61_62_63_65_66_67_69_70_73_74_78_79_81_82_85_87_89_91_93_97_103_105_109_111_119_123_129_131_135_139_144_150_160  6.17e+08  4.92e+08 -27800.92  34441.76  12175.17    633.07     74.62    128.91  -2540.48   1559.06      0.00 0
106263 5626.0    121_125_133_137_141_143_146_152_154_158_162_164_165_168_170_173_176_178_182_185_187_188_191_193_194_197_199_200_202_203_206_208_209_210_212_214_215_216_218_220_221_222_224_226_227_228_229_231_232_233_235_236_238_239_240_241_243_244_245_246_247_248_249_250_251_253_255_256_258_259_260_261_262_264_265_266_267_268_270_271_272_274_275_276_277_279_280_281_282_284_286_287_288_289_290_291_293_294_295_296_297_298  4.37e+08  3.40e+08  96160.40 140386.17  15306.31    661.13     84.86     55.59   3556.67  -9454.67      0.00 0
106264 5626.0    74_82_94_98_106_110_120_124_136_140_151_161_167_172_184_196_198_211_219_234_242  1.48e+08  1.13e+08   -414.94 -28991.27  10932.89    586.99     69.34    269.18  -3121.76  -4044.74      0.00 0
106265 5626.0    110_116_128_140_161_167_172_184_198_211_217_223  2.19e+08  1.71e+08 -22564.04  -5822.85   9920.46    616.57     66.94    194.47  -3624.00  -4912.44      0.00 0
106266 5626.0    0_1_2_3_4_5_6_7_8_9_10_11_12_13_14_15_16_17_18_19_20_21_22_23_24_25_26_27_28_29_30_31_32_33_34_35_36_37_38_39_40_41_42_43_44_45_46_47_49_50_51_53_54_55_56_57_59_60_61_63_64_65_67_68_71_72_73_75_76_77_78_79_80_81_83_84_86_87_89_90_91_92_93_95_96_99_100_101_103_104_105_107_108_109_111_112_114_115_117_118_119_121_122_125_126_127_129_130_133_134_135_137_138_139_141_142_143_146_147_149_150_152_153_154_155_156_159_160_162_163_164_165_166_168_169_170_171_173_174_176_177_178_179_180_183_185_186_187_188_189_192_193_194_195_197_199_201_202_203_204_207_208_209_210_212_215_216_218_220_221_222_224_225_228_229_232_233_235_236_239_240_241_243_244_245_247_248_251_255_256_259_262_264_265_268_271_272_279_282  8.13e+08  6.42e+08 106373.63 -174885.08  15175.57    631.31     85.76    301.31   4407.46  -1103.40      0.00 0
106267 5626.0    231_238_243_246_250_253_255_258_260_261_264_266_267_270_274_275_276_277_280_281_283_284_286_287_288_289_290_292_293_294_296  4.47e+08  3.57e+08  31717.79  18862.60  11289.36    661.82     72.99     30.74   -178.39 -10492.98      0.00 0
106268 5626.0    0_1_2_3_4_5_6_7_8_9_10_11_12_13_14_15_16_17_18_19_20_21_22_25_26_27_28_29_30_33_34_35_36_38_39_40_41_42_43_44_45_46_49_50_53_54_55_56_59_60_63_64_65_66_67_68_71_75_77_78_79_80_83_89_91_92_102_103_104_107_111_116_117_129_137_141_148_157_158_168_173_181_182_191_197_200_206_212_214_220_226_227_231_238_243_246_250_253_258_261_267_270_274_275_277_281_284_287_289_291_295  9.12e+08  7.33e+08   7799.10 -54594.39  12721.93    670.87     77.01    278.13   1253.41  -5766.23      0.00 0
106269 5626.0    0_1_2_3_4_5_6_7_8_9_10_11_12_13_14_15_16_17_18_19_20_21_22_23_24_25_26_27_28_29_30_31_32_33_34_35_36_37_38_39_40_41_42_43_44_45_46_47_48_49_50_51_52_53_54_55_56_57_58_59_60_61_62_63_64_65_66_67_68_69_70_71_72_73_74_75_76_77_78_79_80_81_82_83_84_85_86_87_88_89_90_91_92_93_94_95_96_97_98_99_100_101_102_103_104_105_106_107_108_109_110_111_112_113_114_115_116_117_118_119_120_121_122_123_124_125_126_127_128_129_130_131_132_133_134_135_136_137_138_139_140_141_142_143_144_145_146_147_149_150_151_152_153_154_155_156_159_160_161_163_164_165_166_167_169_170_171_172_174_175_176_177_178_179_184_186_187_188_192_193_194_198_202_208_209_210_215_216_217_221_222_232_236_239_240  4.17e+08  3.24e+08 -213156.53 -45152.31  14586.58    673.01     86.17    191.96   2744.06   1043.19      0.00 0
106270 5626.0    141_148_157_158_162_167_168_172_173_181_182_185_190_191_196_197_199_200_203_205_206_211_212_213_214_218_219_220_223_224_226_227_228_230_231_233_234_235_237_238_241_242_243_244_245_246_247_248_249_250_251_252_253_254_255_256_257_258_259_260_261_262_263_264_265_266_267_268_269_270_271_272_273_274_275_276_277_278_279_280_281_282_283_284_285_286_287_288_289_290_291_292_293_294_295_296_297_298  9.12e+08  7.29e+08 -193691.97 -31648.85  14894.71    680.38     85.66    189.28   3679.56  -9102.23      0.00 0
106271 5626.0    33_41_49_53_59_63_67_71_72_75_79_83_86_89_95_99_100_103_107_111_114_117_121_125_126_129_133_134_137_141_143_148_155_158_168_181_182_191_200_206  5.01e+08  3.99e+08  17035.76  31310.78  11547.46    607.64     72.05     61.45   2331.97  -2773.43      0.00 0
106272 5626.0    261_267_270_274_275_276_277_279_280_281_284_286_287_288_289_290_291_293_294_295_296  1.20e+08  9.13e+07 -41233.27  -3143.77  12524.58    555.70     73.15    184.36   3128.84 -10810.55      0.00 0
106273 5626.0    44_45_55_66_67_78_79_88_91_102_106_110_116_128_136_140_151_161_167_172_184_198_211_217_223  3.55e+08  2.81e+08  24840.99  12761.05  10625.22    609.51     69.17     27.19  -2427.06  -4119.47      0.00 0
106274 5626.0    0_1_2_3_4_5_6_7_8_9_10_11_12_13_14_15_16_17_18_19_20_21_22_23_24_25_26_27_28_29_30_31_32_33_35_36_39_40_41_42_43_44_45_46_48_52_53_55_56_58_62_63_66_67_68_77_78_79_80_82_88_89_91_102_103_106_110_116_117_128_129_140_148_157_158_167_172_181_182_190_191_196_200_205_206_213_219_226_227_230_231_237_242_246_249_250_252_257_260_261_266_269_273_275_276_277_280_283_285_286_287_288_290_292_293_294_295_296_297_298  7.24e+08  5.73e+08  -7733.69 -69494.85  13693.17    653.01     78.92    263.65  -1296.17 -10636.55      0.00 0
106275 5626.0    211_213_219_223_230_234_237_242_249_252_254_257_260_266_269  4.27e+08  3.39e+08  19756.54 -15861.96  10021.08    644.99     68.42    321.24  -2658.06  -7736.73      0.00 0
106276 5626.0    9_17_21_25_29_33_35_38_41_44_45_49_53_55_59_63_66_67_71_72_75_76_78_79_83_86_89_91_95_99_100_102_103_107_110_111_114_116_117_121_125_126_128_129_133_134_137_140_141_143_146_147_148_152_154_155_157_158_162_164_165_167_168_170_172_173_176_178_179_181_182_185_187_188_190_191_193_194_196_197_198_199_200_202_203_205_206_208_209_210_211_212_213_214_215_216_218_219_220_221_222_223_224_226_227_228_229_230_231_232_233_234_235_236_237_238_239_240_241_242_243_244_245_246_247_248_249_250_251_252_253_254_255_256_257_258_259_260_261_262_263_264_265_266_267_268_269_270_271_272_273_274_275_276_277_278_279_280_281_282_283_284_285_286_287_288_289_290_291_292_293_294_295_296_297_298  2.00e+08  1.51e+08 155316.53 140634.95  14945.53    648.69     85.92     42.16   2585.22  -5822.74      0.00 0
106277 5626.0    26_34_38_49_50_54_59_60_64_71_72_75_76_83_84_86_95_96_99_100_107_114_121_125_133_137_143_146_152_154_162_164_176_178_185_187_199_202_203_209_218_224_228_229_233_241_244_245_248_251_256_259_262_265_268_272_282  1.66e+08  1.27e+08  24743.12 -48041.72  12983.63    624.68     76.49    297.25   6170.17  -5960.72      0.00 0
106278 5626.0    0_1_2_3_4_5_6_7_8_9_10_11_12_13_14_15_16_17_18_19_20_21_22_23_24_25_26_27_28_29_30_31_32_33_34_35_36_37_38_39_40_41_42_43_44_45_46_47_48_49_50_51_52_53_54_55_56_57_58_59_60_61_62_63_64_65_66_67_68_69_70_71_72_73_74_75_76_77_78_79_80_81_82_83_84_85_86_87_88_89_90_91_92_93_94_95_96_97_98_99_100_101_102_103_104_105_106_107_108_109_110_111_113_114_115_116_117_118_119_120_121_123_124_125_127_128_129_131_132_133_135_136_137_139_141_144_146_148_149_150_152_154_156_157_158_160_162_166_168_171_173_176_178_180_181_182_185_189_191_195_197_199_200_202_203_204_206_209_212_214_218_220_224_227_228_229_231_233_235_238_241_243_244_245_248_250_251_253_255_256_258_259_262_264_265_268_270_271_272_274_279_282_284  9.77e+08  7.85e+08 -87273.91 113000.75  15359.53    656.99     83.86    127.68   2697.29  -4209.36      0.00 0
106279 5626.0    119_135_139_144_150_160_166_171_189_195  8.13e+08  6.54e+08  12865.29  19160.01   9753.53    635.45     67.09     56.12  -3383.19   4199.53      0.00 0
106280 5626.0    0_1_2_3_4_5_6_7_8_9_10_11_12_13_14_15_16_17_18_19_20_21_22_23_24_25_26_27_28_29_30_31_32_33_34_35_36_37_38_39_40_41_42_43_44_45_46_47_48_49_50_51_52_53_54_55_56_57_58_59_60_61_62_63_64_65_66_67_68_69_70_71_72_73_74_75_76_77_78_79_80_81_82_83_84_85_86_87_88_90_92_93_94_95_96_97_98_99_100_101_104_105_106_108_109_112_113_114_115_118_119_120_122_123_124_126_127_130_131_132_133_134_135_136_138_139_142_143_144_145_147_149_150_151_153_155_156_159_160_163_164_165_166_169_170_171_174_175_177_179_180_183_186_188_189_192_193_194_195_201_204_207_208_210_216_222_225_236_240  1.20e+08  8.72e+07 271242.91  78033.87  13112.84    634.17     87.34     16.05  -3491.22   2516.31      0.00 0
106281 5626.0    0_3_4_5_6_9_10_12_14_17_18_21_22_25_26_29_30_33_34_36_38_41_42_43_45_46_49_50_53_54_56_59_60_63_64_67_68_71_72_75_76_77_79_80_83_84_86_89_90_92_95_96_99_100_103_104_107_108_111_114_118_121_125_129_133_137_141_146_152_154_162_168_173_176_178_185_197_199_202_203_212_214_218_220_224_228_233_235_238_241_243_244_248_251_255_256_258_259_264_265_268_271_272_274_279  2.14e+08  1.62e+08  31771.41 -72514.80  14301.92    627.25     79.76    293.66   6293.69 -10063.31      0.00 0
106282 5626.0    1_2_5_8_11_13_15_16_19_20_23_24_28_29_31_32_35_37_40_41_44_45_47_48_51_52_55_57_58_61_62_66_67_69_70_73_74_78_79_81_82_85_88_89_91_93_94_97_98_102_103_105_106_110_111_113_116_117_119_120_123_124_128_129_131_132_135_136_140_141_144_148_150_157_158_160_161_167_168_172_181_182_190_191_196_197_200_205_206_213_214_220_226_227_230_231_238_243_246_249_250_253_258_260_261_264_267_270_274_275_277_279_281_284_287_289_291_295  2.69e+08  2.11e+08 -35328.11  67318.67  14420.15    596.06     79.26    117.69   1033.11  -7314.19      0.00 0
106283 5626.0    0_1_2_3_5_7_8_9_11_13_15_16_17_19_20_21_23_24_28_29_31_32_33_35_37_40_41_44_45_47_48_51_52_53_55_57_58_62_63_66_67_69_70_73_74_78_79_81_82_83_85_88_89_91_93_94_97_98_102_103_106_107_110_111_113_116_117_119_120_123_124_128_129_131_132_136_137_141_144_148_150_152_157_158_162_168_173_182_185_191_197_199_212_214_218_220_224_235_238_241_243_244_255_256_259_264_268_271_272  2.82e+08  2.18e+08  50444.34 -43527.01  13737.28    625.07     78.35    319.21  -1358.44  -1639.24      0.00 0
106284 5626.0    33_38_49_53_59_63_67_71_72_75_76_83_86_89_95_96_99_100_103_107_111_114_117_121_122_125_126_129_133_134_137_141_143_146_147_148_152_153_154_155_158_162_164_165_168_170_173_176_177_178_179_181_182_185_186_187_188_191_193_194_197_199_200_202_203_205_206_208_209_210_212_214_215_216_218_220_221_222_224_226_227_228_229_230_231_232_233_235_236_238_239_240_241_243_244_245_246_247_248_249_250_251_253_255_256_258_259_260_261_262_264_265_266_267_268_270_271_272_274_275_276_277_279_280_281_282_284_286_287_288_289_290_291_293_294_295_296_297_298  5.13e+08  3.95e+08 -106575.48 -250468.17  13455.64    634.63     87.17    246.95   4003.37  -9993.02      0.00 0
106285 5626.0    92_101_104_109_112_115_118_127_130_135_138_139_142_149_150_153_156_159_160_163_166_169_171_174_180_183_186_189_192_195_207  1.91e+08  1.47e+08 -47486.79  -4924.04  12747.62    595.29     75.05    185.92    788.93   4871.33      0.00 0
106286 5626.0    148_157_167_181_182_190_191_196_197_200_205_206_214_220_227_231_238_243  1.48e+08  1.15e+08  24142.63  -7704.90  10280.13    608.37     67.92    342.30    743.73  -6596.99      0.00 0
106287 5626.0    116_117_129_141_148_157_158_162_167_168_173_181_182_190_191_197_199_212  1.45e+08  1.09e+08 -26300.11   -601.43  10639.40    578.69     67.98    181.31   1187.22  -5431.95      0.00 0
106288 5626.0    86_95_96_99_100_114_121_122_125_126_133_134_138_143_146_147_152_153_154_155_162_163_164_165_170_174_176_177_178_179_185_186_187_188_193_194_199_202_203_208_209_210_212_215_216_218_221_222_224_228_229_232_233_235_236_239_240_241_243_244_245_247_248_251_255_256_259_262_264_265_268_271_272_279_282  1.78e+08  1.34e+08   2943.64 -100964.58  15005.57    627.83     81.55    271.67   6108.67   1987.88      0.00 0
106289 5626.0    42_54_60_64_68_76_80_84_90_92_96_100_104_108_112_122_126_134_138_143_147_155_165_170_188_194_208  4.47e+08  3.50e+08 -26216.87  12741.54  10921.61    591.02     69.46    154.08   3366.97   1950.99      0.00 0
106290 5626.0    2_5_8_9_11_13_16_20_21_23_24_28_29_32_35_37_40_41_44_45_47_48_52_53_55_58_62_63_66_67_69_70_73_74_78_79_82_85_88_89_91_97_103_111_129_141  2.82e+08  2.23e+08  23671.93 -18674.84  11039.83    591.95     69.89    321.73   -435.34  -1699.27      0.00 0
106291 5626.0    70_74_82_85_94_97_98_106_110_113_120_123_124_128_131_132_136_140_145_151_161_167_172_175_184_190_196_198_205_211_213_217_219_223_230_234_237_242_249_252_254_257_260_263_266_269_273_276_278_280_283_285_286_288_290_292_294_296_297  1.02e+08  7.61e+07  -9104.57  52113.12  13190.07    588.19     76.00     99.91  -2878.15  -6882.55      0.00 0
106292 5626.0    75_83_86_95_99_100_107_111_114_121_125_126_129_133_134_137_141_143_146_147_152_154_155_162_164_165_168_173_179_188_191_197_214  2.45e+08  1.90e+08 -11979.96 -33774.14  11733.75    586.02     71.87    250.47   3714.35  -1908.39      0.00 0
106293 5626.0    102_110_128_136_140_151_161_167_172_184_198_217  6.92e+08  5.58e+08 -19849.98  -3610.93   9143.63    656.61     65.62    190.31  -3349.71  -4515.05      0.00 0
106294 5626.0    17_21_25_26_33_34_38_41_45_49_50_53_59_60_63_67_71_72_75_76_79_83_84_86_89_91_95_96_99_100_103_107_108_111_114_117_121_122_125_126_129_133_134_137_138_141_143_146_147_148_152_153_154_155_158_162_163_164_165_168_170_173_176_177_178_179_181_182_185_186_187_188_191_193_194_197_199_200_202_203_205_206_208_209_210_212_214_216_218_220_222_224_226_227_231_235_238_241_243_244_246_249_250_253_255_258_260_261_264_266_267_270_274_275_276_277_281_284_286_287_288_289_291_293_294_295_296_297_298  3.98e+08  3.10e+08 -25980.93 -85728.43  14749.38    618.79     80.65    253.14   2639.26  -5370.28      0.00 0
106295 5626.0    25_26_33_38_41_49_50_53_59_60_63_67_71_72_75_76_83_84_86_89_95_96_99_100_103_107_108_111_114_117_121_122_125_126_129_133_134_137_138_141_143_146_147_148_152_153_154_155_158_162_163_164_165_168_170_173_176_177_178_179_181_182_185_186_187_188_191_193_194_197_199_200_202_203_206_208_209_210_212_214_215_216_218_220_221_222_224_226_227_228_229_231_232_233_235_236_238_239_240_241_243_244_245_246_247_248_249_250_251_253_255_256_258_259_260_261_264_265_266_267_268_270_271_272_274_275_276_277_279_281_284_286_287_288_289_291_293_294_295_296_297_298  2.00e+08  1.51e+08  43266.32 131286.28  15773.98    604.01     83.49     71.76   5512.82   -133.26      0.00 0
106296 5626.0    116_128_140_148_151_157_158_161_167_168_172_175_181_182_184_190_191_196_197_198_200_205_206_211_212_213_214_217_219_220_223_224_226_227_230_231_234_235_237_238_242_243_244_246_249_250_252_253_255_256_258_259_261_264_267_270_271_272_274_279_284  2.40e+08  1.83e+08  61618.26 -21977.63  13619.37    632.05     78.24    340.37   2246.67  -7718.52      0.00 0
106297 5626.0    129_141_158_168_173_181_182_191_197_200_205_206_226_227_230  3.98e+08  3.15e+08  18244.36  14177.29   9731.54    639.29     67.16     37.85    744.53  -6296.46      0.00 0
106298 5626.0    0_1_2_3_4_5_6_7_8_9_10_11_12_13_14_15_16_17_18_19_20_21_22_23_24_25_26_27_28_29_30_31_32_33_34_35_36_37_38_39_40_41_42_43_44_45_46_47_48_49_50_51_52_53_54_55_56_57_58_59_60_61_62_63_64_65_66_67_68_69_70_71_72_73_74_75_76_77_78_79_80_81_82_83_84_85_86_87_88_89_90_91_92_93_94_95_96_97_98_99_100_101_102_103_104_105_106_107_108_109_110_111_112_113_114_115_116_117_118_119_120_121_122_123_124_125_126_127_128_129_130_131_132_133_134_135_136_137_138_139_140_142_143_145_147_148_149_151_153_154_155_156_157_158_159_161_163_164_165_167_169_170_172_174_175_177_179_180_181_182_183_184_186_188_190_192_194_196_198_205_207_210_211_213_216_217_219_222_223_230_234_237_240_242_254_257_263_273_278_285  7.08e+08  5.55e+08 137012.77 134407.27  15037.95    669.67     85.52     44.45    -80.60     54.42      0.00 0
106299 5626.0    226_246_249_250_253_260_261_267_270_274_277_281_284_289_291  3.24e+08  2.56e+08 -24762.24  15702.47  10510.08    651.07     70.28    147.62   2811.11 -10527.17      0.00 0
