#event_number primary_type du_ids energy_primary em_energy Xmax_pos(x, y, z), Xmax_grams zenith azimuth shower_core_pos_x shower_core_pos_y shower_core_pos_z, N_tested_cores, units are degrees, GeV and meters
4700 14.0      102_106_110_116_117_120_128_136_140_145_148_151_157_158_161_167_168_172_175_181_182_184_190_191_196_197_198_200_205_206_211_213_214_217_219_220_223_226_227_231_238_243_258  3.09e+09  2.62e+09  45045.78 -21024.34  12200.90    691.25     76.21    334.98  -3801.01  -4344.87      0.00 0
4701 14.0      200_206_214_220_227_231_235_238_243_244_250_253_255_258_259_264_270_271_272_274_279  1.45e+09  1.26e+09 -31255.70   8386.63  10240.75    751.24     72.44    164.98   5162.45  -8624.81      0.00 0
4702 14.0      147_153_155_163_177_179_186_188_194_210_216_222_240  3.39e+10  3.11e+10 -13077.65   9522.41   7192.40    883.45     66.03    143.94   5631.23   2568.11      0.00 0
4703 14.0      0_1_2_3_4_5_6_7_8_9_10_11_12_13_14_15_16_17_18_19_20_21_22_23_24_25_26_27_28_29_30_31_32_33_34_35_36_37_38_39_40_41_42_43_44_45_46_47_48_49_50_51_52_53_54_55_56_57_58_59_60_61_63_64_65_67_68_69_70_71_72_73_74_75_76_77_78_79_80_81_83_84_85_86_87_89_90_92_93_95_97_99_100_101_103_105_107_109_111_114_115_119_121_123_125_127_131_133_135_137_139_141_144_146_150_152_154_160_162_166_171_173_176_178_185_187_199_202_203_209_218_224_228_229_233_241_245_248_251_256_262_265_268_282  3.24e+10  2.88e+10 -50998.71  43449.37  12780.53    766.65     79.20    139.57   -461.58    810.52      0.00 0
4704 14.0      102_116_128_148_157_181_182_190_200_205_226_230_246_249  3.02e+09  2.67e+09  -2132.30  19221.85   8610.61    719.65     66.00     96.33   -695.74  -6185.37      0.00 0
4705 14.0      0_1_2_3_4_5_6_7_8_9_10_11_12_13_14_15_16_17_18_19_20_21_22_23_24_25_26_27_28_29_30_31_32_33_34_35_36_37_38_40_41_42_44_45_46_48_49_50_52_53_54_55_56_58_59_60_62_63_64_66_67_68_70_71_72_74_75_76_78_79_80_82_83_84_86_88_89_90_91_94_95_96_98_99_100_102_103_106_107_108_110_111_112_114_116_117_120_121_122_124_125_126_128_129_133_134_136_137_138_140_141_142_143_145_146_147_148_151_152_153_154_155_157_158_161_162_163_164_165_167_168_170_172_173_175_176_177_178_179_181_182_184_186_187_188_190_191_193_194_196_198_200_205_206_208_210_211_213_215_216_217_219_221_222_223_226_230_234_236_237_240_242_252_254_257_263_269_273_278_285  3.63e+09  3.33e+09  95524.56  82309.22  14366.62    777.13     83.50     40.75   6122.84   2432.64      0.00 0
4706 14.0      162_173_185_197_199_202_203_212_218_224_228_229_233_241_245_248  4.57e+10  4.16e+10  16608.88   6482.21   7553.28    872.96     67.04     21.32   4954.13  -4905.70      0.00 0
4707 14.0      249_252_260_261_266_269_275_276_277_280_281_286_287_289_291_295  2.09e+09  1.86e+09  15500.47  -9640.69   7230.94    965.80     68.39    328.12    305.59 -10474.15      0.00 0
4708 14.0      20_28_35_40_41_44_45_52_55_58_62_63_66_67_74_78_79_82_88_89_91_94_98_102_103_106_107_110_111_116_117_120_124_128_129_132_136_137_140_141_145_151_152_162  4.57e+10  4.06e+10  30961.44  -7513.25   9789.24    823.02     72.92    346.36  -1454.57  -2798.68      0.00 0
4709 14.0      25_26_33_34_38_49_50_53_54_59_60_63_64_71_72_75_76_83_84_86_89_90_95_96_99_100_107_108_111_112_114_121_122_125_126_133_134_137_138_141_142_143_146_147_152_153_154_155_162_163_168_169_173_174_176_185_186_197_199_212_220  3.89e+09  3.39e+09   -430.42  31215.18   8569.61   1083.90     74.65     90.79   3218.63    323.85      0.00 0
4710 14.0      120_124_136_140_145_151_161_172_175_184_196_198_211_217_219_223_234_237_242_254_257_263_269_273  1.32e+10  1.18e+10   3359.51 -26297.87   9325.80    786.69     70.62    277.28  -3637.44  -5402.93      0.00 0
4711 14.0      220_224_235_238_241_243_244_251_253_255_256_258_259_264  7.24e+09  6.27e+09 -16352.65  -7294.35   8319.18    725.66     65.08    204.04   4025.53  -7417.08      0.00 0
4712 14.0      0_1_2_3_4_5_6_7_8_9_10_11_12_13_14_15_16_17_18_19_20_22_23_24_26_27_28_30_31_32_34_35_36_37_39_40_42_43_44_46_47_48_51_52_54_56_57_58_60_61_62_64_65_66_68_69_70_73_74_77_78_80_81_82_84_85_88_90_92_94_98_104_106_108_110_112_118_120_124_130_136_138_140_142_145_151_161_169_174_184_198_217  3.47e+10  3.13e+10  21389.09  30399.75  10511.16    792.75     74.21     54.87   -970.29    -73.88      0.00 0
4713 14.0      9_13_17_21_25_28_29_33_35_38_40_41_44_45_49_53_55_59_62_63_66_67_71_72_75_78_79_83_86_88_89_91_95_99_100_102_103_106_107_110_111_114_116_117_121_125_128_129_133_134_136_137_140_141_143_146_148_151_152_154_155_157_158_161_162_164_165_167_168_170_172_173_176_178_181_182_184_185_187_188_190_191_193_194_196_197_198_199_200_202_203_205_206_208_209_210_211_212_213_214_215_216_217_218_219_220_221_222_223_224_226_227_228_229_230_231_232_233_234_235_236_237_238_239_240_241_242_245_246_247_248_249_250_252_254_257_260_263_266_269_273_278_280_283_285_292  6.61e+10  5.98e+10 105266.60  61119.13  13868.64    848.86     83.50     30.14   2105.56  -4019.70      0.00 0
4714 14.0      18_22_25_26_30_34_38_42_46_49_50_54_56_59_60_64_68_71_72_75_76_80_84_86_90_92_95_96_99_100_104_108_112_114_118_121_125_130_133_146_149_159  1.07e+09  9.45e+08  14165.15 -26219.76  10191.70    709.31     71.12    298.38   2239.84   1175.88      0.00 0
4715 14.0      3_4_9_10_12_17_18_21_22_25_26_29_30_33_34_38_41_42_45_46_49_50_53_54_59_60_63_64_67_68_71_72_75_79_83_84_89_90  1.62e+09  1.44e+09   -505.41  18558.21   8107.03    786.46     66.41     91.56   1284.56   -241.22      0.00 0
4716 14.0      0_1_2_3_4_5_6_7_8_9_10_12_13_14_17_18_21_22_25_26_27_28_29_30_33_34_35_36_38_41_42_43_44_45_46_49_50_53_54_55_56_59_60_63_64_67_68_71_72_75_76_78_79_80_83_84_86_89_90_91_92_95_96_99_103_104_107_108_111_112_116_117_118_121_129_130_137_141_148_158_159_162_168_173_181_182_191_197_200_206_212_214_220_227_231_238_243_246_250_253_258_261_267_270_274_277_281_284_289_291_295  1.35e+09  1.20e+09  -2691.24  44901.54  10840.78    860.82     76.45     93.43   1575.41  -3808.76      0.00 0
4717 14.0      0_1_2_3_4_5_6_7_8_9_10_11_12_13_14_15_16_17_18_19_20_21_22_23_24_25_26_27_28_29_30_31_32_33_34_35_36_37_38_39_40_41_42_43_44_45_46_47_48_49_51_52_53_55_56_57_59_61_62_63_65_66_67_77_78_79_80_81_83_87_88_89_91_101_102_103_107_111_116_117_129_137_141_148_157_158_162_168_173_181_182_191_197_199_200_206_212_214_220_224_226_227_231_235_238_243_246_250_253_255_258_261_264_267_270_271_274_277_279_281_284_287_289_291_295  2.24e+10  2.01e+10  21689.91 -67596.70  12709.41    810.69     79.85    287.79   3434.79 -11255.28      0.00 0
4718 14.0      0_1_2_3_4_5_6_7_8_9_10_11_12_13_14_15_16_17_18_19_20_21_22_23_24_25_26_27_28_29_30_31_32_33_34_35_36_37_38_39_40_41_42_43_44_45_46_47_48_49_50_51_52_53_54_55_56_57_58_59_60_61_62_63_64_65_66_67_68_69_70_71_72_73_74_75_76_77_78_79_80_81_82_83_84_85_86_87_88_89_90_91_92_93_94_95_96_97_98_99_100_101_102_103_104_105_106_107_108_109_110_111_112_113_114_115_116_117_118_119_120_121_122_123_124_125_126_127_128_129_130_131_132_133_134_135_136_137_138_139_140_141_142_143_144_145_146_147_148_149_150_151_152_153_154_155_156_157_158_159_160_161_162_163_164_165_166_167_168_169_170_171_172_173_174_175_176_177_178_179_180_181_182_183_184_185_186_187_188_189_190_191_192_193_194_195_196_197_198_199_200_201_202_203_204_205_206_207_208_209_210_211_212_213_214_215_216_217_218_219_220_221_222_223_224_225_226_227_228_229_230_231_232_233_234_235_236_237_238_239_240_241_242_243_244_245_246_247_248_249_250_251_252_253_254_255_256_257_258_259_260_261_262_263_264_265_266_267_268_269_270_271_272_273_274_275_276_277_278_279_280_281_282_283_284_285_286_287_288_289_290_291_292_293_294_295_296_297_298  1.45e+09  1.23e+09 -93835.27 292789.28  11220.26    744.59     87.91    107.77    374.36   1488.95      0.00 0
4719 14.0      20_24_32_37_40_44_47_48_52_58_62_66_69_70_73_74_78_82_85_88_91_93_94_97_98_102_106_110_113_116_117_119_120_123_124_128_131_132_136_140_144_145_148_150_151_157_158_161_167_172_175_181_182_184_190_191_196_198_200_205_206_211_213_214_217_219_223_226_227_230_231_234_237_238_242_246_249_250_252_253_254_257_258_260_261_263_266_267_269_270_273_274_275_276_277_278_280_281_283_284_285_286_287_288_289_290_291_292_293_294_295_296_297_298  3.63e+10  3.30e+10 -82749.32 136045.22  13791.23    889.27     85.05    121.31  -3537.46  -5714.88      0.00 0
4720 14.0      86_99_114_125_133_143_154_164_178_187_209  4.68e+09  4.10e+09 -13236.68  10734.16   7727.04    806.05     65.61    140.96   4877.57  -1240.28      0.00 0
4721 14.0      0_1_2_3_4_5_6_7_8_9_10_11_12_13_14_15_16_17_18_19_20_21_22_23_24_25_26_27_28_29_30_31_32_33_34_35_36_37_38_40_41_42_43_44_45_46_47_48_49_50_52_53_54_55_56_58_59_60_62_63_64_66_67_68_70_71_72_74_75_76_78_79_80_82_83_84_86_88_89_90_91_94_95_96_98_99_100_102_103_104_106_107_108_110_111_112_114_116_117_120_121_122_124_125_126_128_129_133_134_136_137_138_140_141_142_143_145_146_147_148_151_152_153_154_155_157_158_161_162_163_164_165_167_168_170_172_173_174_175_177_178_179_181_182_184_186_187_188_190_191_193_194_196_198_200_205_206_208_210_211_213_216_217_219_222_223_226_227_230_234_236_237_240_242_249_252_254_257_263_266_269_273_278_280_283_285_292  2.00e+09  1.73e+09 -90139.45 -90517.82  14441.70    768.37     83.55    225.12  -1869.81  -4763.14      0.00 0
4722 14.0      0_1_3_4_6_7_10_12_14_15_18_19_22_27_30_36_39_43_46_51_56_61_65_77_87_101_109_127  4.27e+10  3.85e+10  -7950.40  14747.00   7578.62    824.89     65.66    118.33   -615.32   2038.53      0.00 0
4723 14.0      141_158_162_168_173_182_185_191_197_199_200_205_206_212_214_220_226_227_230_231_238_246_249_250_252_253_260_261_266_267_269_275_276_277_280_283_286_288_290_292_294_296  2.00e+09  1.77e+09  26935.62  29047.12  11038.05    742.06     74.43     47.16   -228.79  -8954.36      0.00 0
4724 14.0      33_38_49_53_59_63_67_71_72_75_76_83_86_89_95_96_99_100_103_107_111_114_117_121_122_125_126_129_133_134_137_141_143_146_147_148_152_153_154_155_158_162_163_164_165_168_170_173_176_177_178_179_182_185_186_187_188_191_193_194_197_199_200_202_203_206_208_209_210_212_214_215_216_218_220_221_222_224_226_227_228_229_231_232_233_235_236_238_239_240_241_243_244_245_246_247_248_249_250_251_253_255_256_258_259_260_261_264_266_267_268_270_271_272_274_275_276_277_279_281_284_286_287_288_289_291_293_294_295_296_297_298  7.76e+10  7.04e+10  36018.62  99500.35  13255.48    911.79     82.86     70.10   4822.92  -2555.74      0.00 0
4725 14.0      95_99_107_111_114_121_125_129_133_134_137_141_143_146_152_154_155_158_162_164_165_168_170_173_176_178_179_182_185_187_188_191_193_194_197_199_200_202_203_206_208_209_210_212_214_215_216_218_220_221_222_224_226_227_228_229_231_232_233_235_236_238_239_240_241_243_244_245_246_247_248_249_250_251_253_255_256_258_259_260_261_262_264_265_266_267_268_270_271_272_274_275_276_277_279_280_281_282_284_286_287_288_289_290_291_292_293_294_295_296_297_298  5.75e+10  5.25e+10 107651.19 171212.17  13716.66    831.94     86.12     57.84   3378.78 -10153.19      0.00 0
4726 14.0      0_1_2_3_4_5_6_7_8_9_10_11_12_13_14_15_16_17_18_20_21_22_23_24_25_26_28_29_30_32_33_34_35_37_38_40_41_42_44_45_48_49_50_52_53_54_55_58_59_60_62_63_64_66_67_70_71_72_74_75_76_78_79_82_83_84_86_88_89_91_94_95_96_98_99_100_102_103_106_107_108_110_111_114_116_117_120_121_122_124_125_126_128_133_134_136_140_143_145_147_151_153_154_155_161_164_165_167_170_172_175_177_179_184_188_193_194_198_208_210_211_216_217_222_223_236_240  1.48e+09  1.33e+09  60157.96  33538.52  12703.13    794.78     79.55     29.14   2347.85   -297.13      0.00 0
4727 14.0      0_1_2_3_4_5_6_7_8_9_10_11_12_13_14_15_16_17_18_19_20_21_22_23_24_25_26_27_28_29_30_31_32_33_34_35_36_37_38_39_40_41_42_43_44_45_46_47_48_49_50_51_52_53_54_55_56_57_58_59_60_61_62_63_64_65_66_67_68_69_70_71_72_74_75_76_77_78_79_80_82_83_84_86_87_88_89_90_91_92_94_95_96_99_100_101_102_103_104_106_107_108_110_111_112_114_115_116_117_118_120_121_122_125_126_128_129_130_133_134_136_137_138_140_141_142_143_146_147_148_149_151_152_153_154_155_157_158_159_161_162_163_164_165_167_168_169_170_172_173_174_176_177_178_179_181_182_183_184_185_186_187_188_190_191_192_193_194_196_197_198_199_200_202_203_205_206_207_208_209_210_211_212_213_214_215_216_217_218_219_220_221_222_223_224_226_227_228_229_230_231_232_233_234_235_236_237_238_239_240_241_242_243_244_245_246_247_248_249_250_251_252_253_254_255_256_257_258_259_260_261_262_263_264_265_266_267_268_269_270_271_272_273_274_275_276_277_278_279_280_281_282_283_284_285_286_287_288_289_290_291_292_293_294_295_296_297_298  6.03e+09  5.29e+09 -132617.44 -280301.06  11099.52    745.93     87.95    244.68   4614.55  -6555.55      0.00 0
4728 14.0      0_1_2_3_4_5_6_7_8_9_10_11_12_13_14_15_16_17_18_19_20_21_22_23_24_25_26_27_28_29_30_31_32_33_34_35_36_37_38_39_40_41_42_43_44_45_46_47_48_49_50_51_52_53_54_55_56_57_58_59_61_62_63_64_65_66_67_68_69_70_73_74_75_77_78_79_80_81_82_83_85_87_88_89_90_91_92_93_94_97_98_101_102_103_104_105_106_107_109_110_111_115_116_117_118_119_123_127_128_129_135_136_137_139_140_141_148_149_150_156_157_158_160_162_166_167_168_171_173_180_181_182_189_190_191_195_196_197_200_201_204_205_206_212_213_214_220_225_226_227_230_231_235_238_243_246_249_250_252_253_258_260_261_264_266_267_270_274_275_276_277_279_281_284_286_287_289_291_293_294_295_297_298  1.62e+09  1.40e+09 -21734.84  87564.23  13821.92    749.53     81.29    103.94   1168.26  -7825.82      0.00 0
4729 14.0      226_227_230_237_242_246_249_252_254_257_263_266_269_273_278  2.75e+10  2.46e+10 -23612.21  -4180.47   8770.48    826.00     69.91    190.04  -3089.10  -8660.83      0.00 0
4730 14.0      107_111_121_125_129_133_137_141_143_146_152_154_158_162_164_165_168_170_173_176_178_182_185_187_188_191_193_194_197_199_200_202_203_205_206_208_209_212_214_215_216_218_220_221_222_224_226_227_228_229_230_231_232_233_235_236_238_239_240_241_243_244_245_246_247_248_249_250_251_252_253_255_256_258_259_260_261_262_264_265_266_267_268_269_270_271_272_274_275_276_277_279_280_281_282_283_284_286_287_288_289_290_291_292_293_294_295_296_297_298  5.62e+09  4.90e+09 -138940.44 -175173.56  14066.77    723.92     86.40    231.58   3191.09 -10228.26      0.00 0
4731 14.0      0_1_2_3_4_5_6_7_8_9_10_11_12_13_14_15_16_17_18_19_20_21_22_23_24_25_26_27_28_29_30_31_32_33_34_35_36_37_38_39_40_41_42_43_44_45_46_47_48_49_50_51_52_53_54_55_56_57_58_59_60_61_62_63_64_65_66_67_68_69_70_71_72_73_74_75_76_77_78_79_80_81_82_83_84_85_86_87_88_89_90_91_92_93_94_95_96_97_98_99_100_101_102_103_104_105_106_107_108_109_110_111_112_113_114_115_116_117_118_119_120_121_122_123_125_126_127_128_129_130_131_133_134_135_136_137_138_139_140_141_142_143_144_146_148_149_150_152_154_156_157_158_159_160_162_163_164_166_167_168_169_171_173_174_176_178_180_181_182_183_185_189_190_191_192_195_197_199_200_201_202_203_204_205_206_207_212_213_214_218_220_224_225_226_227_228_230_231_233_235_238_241_243_244_246_249_250_251_253_255_256_258_259_260_261_264_267_268_270_271_272_274_275_277_279_281_284_286_287_289_291_293_295_298  1.23e+09  1.04e+09  54271.88 -157975.17  14878.33    718.76     84.91    288.96   2274.17  -5455.19      0.00 0
4732 14.0      69_73_81_85_93_97_105_119_123_135_139_144_150_160_171  3.55e+10  3.27e+10  -2832.70  15587.36   6914.90    932.27     66.42    100.30  -3347.12   2729.50      0.00 0
4733 14.0      175_184_198_211_217_219_223_234_242_254_257_263_269_273_278_283_285_292  1.82e+09  1.61e+09  -5346.44  26184.99   9390.47    779.99     70.64    101.54  -4137.31  -7607.65      0.00 0
4734 14.0      147_153_163_174_177_179_186_188_210_216  1.02e+10  9.03e+09  14588.94 -14000.07   8616.12    744.97     66.92    316.18   4977.20   3570.21      0.00 0
4735 14.0      3_9_12_13_17_18_21_25_26_29_33_34_35_38_41_45_49_50_53_55_59_60_63_67_71_72_75_76_79_83_89_91_103_111_117_129_148  1.05e+10  9.58e+09  -5354.03 -20350.44   8540.38    783.77     67.91    255.26   1090.06  -1985.69      0.00 0
4736 14.0      78_79_89_91_102_103_107_110_111_116_117_121_128_129_136_137_140_141_146_148_152_157_158_161_162_167_168_173_176_178_182_185_191_197_199_202_203_209_212_218_224_228_229_232_233_241_245_247_248_251_262_265  2.14e+10  1.90e+10 -45602.98   1576.55  11351.52    776.97     76.03    178.02   5357.32  -4426.71      0.00 0
4737 14.0      103_111_117_129_137_141_162_168_173_185_197_199_203_212_218_224_233_241_244_251_256_265_268  3.63e+09  3.16e+09  23798.62 -12251.84   9689.58    728.29     70.10    332.76   4190.74  -5292.59      0.00 0
4738 14.0      0_1_2_3_4_5_6_7_8_9_10_11_12_13_14_15_16_17_18_19_20_21_22_23_24_25_26_27_28_29_30_31_32_33_34_35_36_37_38_39_40_41_42_43_44_45_46_47_48_49_50_51_52_53_54_55_56_57_58_59_60_61_62_63_64_65_66_67_68_69_70_71_72_73_74_75_76_77_78_79_80_81_82_83_84_85_86_87_88_89_90_91_92_93_94_95_96_97_98_99_100_101_102_103_104_105_107_108_109_111_113_114_115_117_118_119_121_123_125_126_127_129_131_132_133_134_135_137_139_141_143_144_146_150_152_154_156_158_160_162_164_166_168_170_171_173_176_178_185_187_193_195_197_199_202_203_209_212_215_218_220_224_228_229_232_233_235_239_241_244_245_247_248_251_255_256_259_262_265_268_272_282  1.95e+10  1.74e+10 -89836.36  71075.86  14187.11    780.71     82.94    141.65   4071.08  -3046.66      0.00 0
4739 14.0      263_269_273_276_278_280_283_285_286_287_288_290_292_293_294_295_296_297_298  8.71e+09  7.84e+09  31304.69 -13178.57   9964.41    833.69     73.65    337.17  -3595.84 -10635.44      0.00 0
4740 14.0      258_264_271_274_279  6.46e+10  5.83e+10  12681.08 -11538.90   7203.64    923.58     67.21    317.70   5294.46 -10398.09      0.00 0
4741 14.0      2_5_8_9_11_13_16_20_21_23_24_28_29_32_33_35_37_40_41_44_45_47_48_52_53_55_58_59_62_63_66_67_69_70_73_74_78_79_82_83_85_88_89_91_94_95_97_98_102_103_106_107_110_111_113_116_117_120_121_124_128_129_131_132_136_137_140_141_145_146_148_151_152_157_158_161_162_167_168_172_173_175_176_181_182_184_185_190_191_196_197_198_199_200_202_203_205_206_211_212_213_214_217_218_219_220_223_224_226_227_228_229_230_231_233_234_235_237_238_241_242_243_244_245_246_248_249_250_251_252_253_254_255_256_257_258_259_260_261_262_263_264_265_266_267_268_269_270_271_272_274_275_276_277_279_281_282_284_287_289_291  6.61e+09  5.64e+09 176088.98 -80174.13  14547.96    730.53     85.70    335.52   1556.31  -6298.84      0.00 0
4742 14.0      226_227_231_238_243_246_249_250_252_253_255_258_259_260_261_264_266_267_269_270_271_272_273_274_275_276_277_279_280_281  2.19e+10  2.07e+10 -24268.04  -3700.53   8275.82    950.93     71.37    188.67   1599.77  -8937.05      0.00 0
4743 14.0      0_3_4_5_6_9_10_12_13_14_17_18_21_22_25_26_29_30_33_34_35_36_38_41_42_45_46_49_50_53_54_55_56_59_60_63_64_67_68_71_72_75_76_79_80_83_84_86_89_90_92_95_96_99_100_103_104_107_108_111_112_114_117_118_121_122_125_126_129_130_133_134_137_138_141_142_143_146_147_149_152_153_154_155_158_159_162_163_164_165_168_169_170_173_174_176_177_178_179_182_183_185_186_187_188_191_192_193_194_197_199_201_202_203_206_207_208_209_210_212_214_215_216_218_220_221_222_224_227_228_229_231_232_233_235_236_238_239_240_241_243_244_245_247_248_250_251_253_255_256_258_259_261_262_264_265_267_268_270_271_272_274_277_279_281_282_284_287_289_291_295_298  9.12e+10  8.21e+10 -12134.27 242042.00  12955.30    815.11     86.94     92.87   6123.33 -10174.10      0.00 0
4744 14.0      121_137_141_146_152_154_162_164_173_176_178_185_187_193_197_199_202_203_208_209_212_215_218_221_232_236_239  9.77e+09  8.48e+09 -19033.81 -20808.19   9897.77    724.76     70.66    227.55   5447.97  -2690.16      0.00 0
4745 14.0      200_205_206_213_226_227_230_231_237_238_243_246_249_250_253_255_258_260_261_264_267_270_271_274_277_279_281_284_291  7.76e+09  6.88e+09 -40070.92  15631.06  11219.75    762.45     75.38    158.69   5225.31 -10214.36      0.00 0
4746 14.0      200_205_211_213_219_223_226_227_230_231_234_237_238_242_246_249_250_252_253_254_257_258_260_261_263_264_266_267_269_270_273_274_275_276_277_279_280_281_284_286_287_289_291_295  3.63e+09  3.13e+09  48489.48 -21224.86  11686.14    812.49     77.55    336.36   2767.45 -10507.40      0.00 0
4747 14.0      0_1_2_3_4_5_6_7_8_9_10_11_12_13_14_15_16_17_18_19_20_21_22_23_24_25_26_27_28_29_30_31_32_33_34_35_36_37_38_39_40_41_42_43_44_45_46_47_48_49_50_51_52_53_54_55_56_57_58_59_60_61_62_63_65_66_67_69_70_71_72_73_74_75_76_77_78_79_81_82_83_85_86_87_88_89_91_93_94_95_97_98_99_102_103_105_106_107_109_110_111_113_114_116_117_119_120_121_123_124_125_129_131_132_133_135_137_141_144_146_150_152_154_158_162_164_168_173_176_178_185_187_199_202_203_209_212_215_218_224_228_229_232_233_241_244_245_247_248_251_256_262_265_268_282  1.29e+10  1.17e+10  78367.85 -40691.48  13417.55    804.23     81.36    332.56  -1397.87   -452.92      0.00 0
4748 14.0      2_5_8_9_13_16_20_21_24_28_29_32_35_37_40_41_44_45_48_52_53_55_58_59_62_63_66_67_69_70_74_78_79_82_83_85_88_89_91_94_95_98_102_103_106_107_110_111_113_116_117_120_121_124_125_128_129_131_132_136_137_140_141_145_146_148_151_152_157_158_161_162_167_168_172_173_175_176_178_181_182_184_185_190_191_196_197_198_199_200_202_203_205_206_209_211_212_213_214_217_218_219_220_223_224_226_227_228_229_230_231_233_234_235_237_238_241_242_243_244_245_246_247_248_249_250_251_252_253_254_255_256_257_258_259_260_261_262_263_264_265_266_267_268_269_270_271_272_273_274_275_276_277_278_279_280_281_282_284_287_289_291  1.26e+10  1.13e+10 191616.92 -62371.06  13737.73    830.53     86.10    341.97   5533.16  -7666.95      0.00 0
4749 14.0      115_118_127_139_149_156_159_160_166_171_180_183_189_195  2.24e+10  2.02e+10 -17746.34     80.53   7812.36    815.39     66.24    179.74  -1197.52   5159.48      0.00 0
4750 14.0      146_152_154_162_164_170_173_176_178_185_187_193_194_197_199_202_203_208_209_212_215_218_220_221_222_224_228_229_232_233_235_236_238_239_240_241_243_244_245_247_248_251_253_255_256_258_259_264_267_270_271_274_279_281_284_289_291  1.23e+09  1.05e+09  26040.42  43787.41  12362.66    680.74     76.36     59.26   6404.15  -3232.31      0.00 0
4751 14.0      181_182_190_191_197_199_200_205_206_212_213_214_218_219_220_224_226_227_230_231_233_234_235_237_238_241_242_243_244_246_248_249_250_251_252_253_254_255_256_257_258_259_260_261_262_263_264_265_266_267_268_269_270_271_272_273_274_275_276_277_278_279_280_281_282_283_284_285_286_287_288_289_290_291_292_293_294_295_296_297_298  4.17e+09  3.82e+09 -197398.78 -37084.84  13270.17    907.77     86.22    190.64   -761.04 -11279.15      0.00 0
4752 14.0      0_1_2_3_4_5_6_7_8_9_10_11_12_14_15_16_17_18_19_22_23_24_25_26_27_30_31_32_33_34_36_37_38_39_42_43_46_47_48_49_50_51_54_56_57_60_61_64_65_68_69_70_71_72_73_74_75_76_81_84_85_86_87_93_96_97_98_100_105_113_114_123_126_131_134_143  5.01e+10  4.53e+10 -33562.72   1160.31   9985.94    821.73     73.44    178.02  -1154.47    754.95      0.00 0
4753 14.0      0_1_2_3_4_5_6_7_8_9_10_11_12_13_14_15_16_17_18_19_20_21_22_23_24_25_26_27_28_29_30_31_32_33_34_35_36_37_38_39_40_41_42_43_44_45_46_47_48_49_50_51_52_53_54_55_56_57_58_59_60_61_62_63_64_65_66_67_68_69_70_71_72_73_74_75_76_77_78_79_80_81_82_83_84_85_86_87_88_89_90_91_92_93_94_95_96_97_98_99_100_101_102_103_104_105_106_107_108_110_111_112_113_114_116_117_119_120_121_122_123_124_125_126_128_129_131_132_133_134_136_137_138_140_141_143_144_145_146_147_148_151_152_153_154_155_157_158_161_162_163_164_165_167_168_170_172_173_175_176_177_178_179_181_182_184_185_186_187_188_190_191_193_194_196_197_198_199_200_202_203_205_206_208_209_210_211_212_213_214_215_216_217_218_219_221_222_223_224_228_229_230_232_233_234_236_237_239_240_241_242_245_247_248_251_254_262  3.16e+10  2.87e+10 -213834.69 -49524.89  13309.53    844.76     86.53    193.04   3535.48  -1104.48      0.00 0
4754 14.0      0_1_2_3_4_5_6_7_8_9_11_12_13_15_16_17_19_20_21_23_24_25_28_29_31_32_33_35_37_40_41_44_45_47_48_49_51_52_53_55_57_58_59_62_63_66_67_69_70_73_74_75_78_79_81_82_83_85_88_89_91_93_94_95_97_98_102_103_106_107_110_111_113_117_120_121_123_124_125_129_131_132_137_141_144_146_152_162_168_173_176_178_185_199_202_203_218_228_229_233_241_245_248_251_262_265  2.95e+09  2.58e+09  55722.51 -25300.31  12684.48    732.15     78.29    335.58  -2373.26   -747.63      0.00 0
4755 14.0      67_79_89_91_102_103_107_111_116_117_121_129_137_141_146_152_162_168_173_176_185_202_203_228  2.24e+10  2.00e+10  25096.88   -354.82   9155.28    782.58     69.96    359.19   2648.53  -3727.64      0.00 0
4756 14.0      0_1_2_3_4_5_6_8_9_10_12_13_14_16_17_18_20_21_22_25_26_28_29_30_32_33_34_35_38_40_41_42_44_45_49_50_52_53_54_55_59_60_62_63_64_66_67_68_71_72_75_76_78_79_82_83_84_86_88_89_90_91_95_96_99_100_102_103_106_107_108_110_111_112_114_116_117_121_122_125_126_128_129_133_134_136_137_138_140_141_142_143_146_147_148_152_153_154_155_157_158_161_162_163_164_165_167_168_170_172_173_174_176_177_178_179_181_182_185_186_187_188_190_191_193_194_196_197_198_199_200_202_203_205_206_208_209_210_211_212_213_214_215_216_218_219_220_221_222_223_226_227_230_231_234_236_237_238_240_242_246_249_250_252_253_254_257_260_261_263_266_267_269_273_275_276_278_280_283_285_286_288_290_292_294_296  6.46e+09  5.70e+09  80429.63 105349.95  14468.95    770.79     83.77     52.64   6344.07   2997.80      0.00 0
4757 14.0      96_104_108_112_118_122_126_130_138_142_147_153_155_159_163_169  7.41e+09  6.60e+09  13499.66 -12223.58   7861.94    822.49     66.65    317.84   2683.34   3362.92      0.00 0
4758 14.0      37_48_58_69_70_74_85_94_98_106_120_124_136_145_151_161_175_184_217  8.71e+09  7.86e+09  -9152.67 -17308.29   8302.84    782.77     67.02    242.13  -3656.56  -2358.49      0.00 0
4759 14.0      19_27_31_36_39_43_46_47_51_56_57_61_65_68_69_73_77_80_81_85_87_90_92_93_97_101_104_105_109_112_113_115_118_119_123_127_130_131_132_135_139_142_144_149_150_156_159_160_163_166_169_174_183_192  1.38e+10  1.28e+10  36046.05  21795.88  10658.85    850.09     75.80     31.16  -2603.86   2410.03      0.00 0
4760 14.0      0_1_2_3_4_5_6_7_8_9_11_12_13_15_16_17_19_20_21_23_24_25_28_29_31_32_33_35_37_40_41_44_45_47_48_49_51_52_53_55_57_58_59_62_63_66_67_69_70_73_74_75_78_79_81_82_83_85_88_89_91_93_94_95_97_98_102_103_106_107_110_111_113_116_117_119_120_121_123_124_125_128_129_131_132_136_137_140_141_144_145_146_148_151_152_157_158_162_168_173_176_178_182_185_191_197_199_202_203_212_214_218_220_224_228_233_235_241_243_244_245_248_251_255_256_259_262_265_268_272_282  1.02e+09  8.91e+08 -70232.28  39026.59  13546.42    739.29     80.43    150.94  -1722.43  -1747.28      0.00 0
4761 14.0      17_21_25_26_33_38_41_45_49_50_53_59_60_63_67_71_72_75_76_79_83_86_89_91_95_96_99_100_103_107_111_114_117_121_122_125_126_129_133_134_137_143_147_148_153_155_158_164_165_170_177_179_186_188_194_210_216  2.34e+09  2.07e+09 -26739.93 -40445.62  11972.08    712.05     76.13    236.53   4977.80   2073.88      0.00 0
4762 14.0      116_117_129_137_141_148_152_157_158_162_167_168_172_173_176_181_182_185_190_191_196_197_198_199_200_202_203_205_206_209_211_212_213_214_218_219_220_223_224_226_227_228_229_230_231_232_233_234_235_237_238_241_242_243_244_245_246_247_248_249_250_251_252_253_254_255_256_257_258_259_260_261_262_263_264_265_266_267_268_269_270_271_272_273_274_275_276_277_278_279_280_281_282_283_284_285_286_288_290_292  1.51e+09  1.32e+09 101065.66  25874.06  14012.62    777.47     82.35     14.36   3091.71  -6887.14      0.00 0
4763 14.0      283_285_288_290_292  1.78e+10  1.60e+10 -17721.36   3249.28   8085.73    771.71     65.83    169.61  -4299.13 -10974.37      0.00 0
4764 14.0      0_1_2_3_4_5_6_7_8_9_10_11_12_13_14_15_16_17_18_20_21_22_25_26_27_28_29_30_33_34_35_36_38_40_41_42_43_44_45_46_49_50_52_53_54_55_56_59_60_62_63_64_66_67_68_71_72_75_76_78_79_80_83_84_86_88_89_90_91_92_95_96_99_100_102_103_104_107_108_110_111_112_114_116_117_118_121_122_125_126_128_129_130_133_134_137_138_140_141_142_143_146_147_148_152_153_154_155_157_158_159_162_163_164_165_167_168_169_170_173_174_176_177_178_179_181_182_185_186_187_188_190_191_192_193_194_196_197_199_200_202_203_205_206_207_208_209_210_212_213_214_215_216_218_219_220_221_222_224_226_227_228_229_230_231_232_233_235_236_237_238_239_240_241_242_243_244_245_246_247_248_249_250_251_252_253_255_256_257_258_259_260_261_264_265_266_267_268_269_270_271_272_273_274_275_276_277_279_280_281_283_284_285_286_287_288_289_290_291_292_293_294_295_296_297_298  1.02e+09  9.04e+08  57914.52 192185.73  14000.68    792.87     86.01     73.23   4368.45    676.96      0.00 0
4765 14.0      0_1_2_3_4_5_6_7_8_9_10_11_12_13_14_15_16_17_18_19_20_21_22_23_24_25_26_27_28_29_30_31_32_33_34_35_36_37_38_39_40_41_42_43_44_45_46_47_48_49_50_51_52_53_54_55_56_57_58_59_60_61_62_63_64_65_66_67_68_69_70_71_72_73_74_75_76_77_78_79_80_81_82_83_84_85_86_87_88_89_90_92_93_94_95_96_97_98_99_100_101_104_105_106_107_108_109_112_113_114_115_118_119_121_122_123_124_125_126_127_130_131_132_133_134_135_138_139_142_143_144_146_147_149_150_153_154_155_156_160_163_164_165_166_170_171_176_177_178_179_186_187_188_193_194_202_208_209_210_215_216_221_222_229_232_236_239_240_247  3.98e+09  3.58e+09 128308.85 -12173.94  13773.84    878.09     83.90    354.58   4994.66    627.04      0.00 0
4766 14.0      38_49_59_71_75_86_95_99_114_125_133_143_154_164_170_187_193_215_221_239  5.25e+10  4.77e+10 -20486.26   3025.15   8476.26    785.63     67.74    171.60   5035.97  -1008.64      0.00 0
4767 14.0      9_21_29_41_45_53_63_67_79_83_89_103_107_111_129_137_141_168_173_197  1.12e+09  1.02e+09  -7894.51  16983.97   8268.32    761.52     66.18    114.93   1850.24  -3524.32      0.00 0
4768 14.0      27_36_39_43_46_51_56_57_61_65_68_73_77_80_81_87_90_92_93_97_101_104_105_108_109_112_115_118_119_123_127_130_131_135_138_139_142_144_149_150_153_156_159_160_163_166_169_171_174_177_180_183_186_189_192_195_201_204_207_225  3.89e+10  3.73e+10 -112403.55 -36240.38  13184.58    964.15     83.63    197.87  -1776.88   5192.56      0.00 0
4769 14.0      0_1_2_3_4_5_6_7_8_9_10_12_13_14_17_18_21_22_25_26_28_29_30_33_34_35_36_38_41_42_44_45_46_49_50_53_54_55_56_59_60_63_64_66_67_68_75_78_79_80_83_89_90_91_102_103_107_111_116_117_129_141_148_158_168_181_182_191_197_200_206_214_226_227_231_246_250_261_267  1.12e+09  9.82e+08    374.68 -34074.18  10009.80    827.24     73.63    270.63    854.59  -3429.41      0.00 0
4770 14.0      11_16_20_23_24_31_32_37_40_47_48_51_52_57_58_61_62_66_69_70_73_74_78_81_82_85_87_88_93_94_97_98_102_105_106_109_110_113_116_119_120_123_124_128_131_132_135_136_139_140_144_145_148_150_151_157_160_161_167_171_172_175_181_184_190_195_196_198_200_205_211_213_217_219_223_226_227_230_234_237_242_246_249_252_254_257_260_261_263_266_269_273_275_276_277_278_280_283_285_286_287_288_290_292_293_294_295_296_297_298  1.29e+09  1.11e+09 -24432.09 127113.02  13947.38    849.38     83.85    100.88  -3812.96  -6628.77      0.00 0
4771 14.0      64_68_84_90_96_108_112_122_126_138_147_153_155_179_188  1.91e+09  1.73e+09 -16988.20   2185.28   7686.93    817.40     65.83    172.67   3672.55   2509.49      0.00 0
4772 14.0      49_59_63_71_72_75_76_83_86_89_95_96_99_100_107_111_114_121_122_125_126_129_133_134_137_141_143_146_147_152_153_154_155_158_162_164_165_168_170_173_176_177_178_179_185_186_187_188_191_197_199_203_206_210_212_214_218_220_224_231_235_238_243_250_253_258_264_267_270_274_277_281_284_289_291  2.45e+10  2.22e+10   8329.68  38591.49   9580.45   1034.20     76.36     77.82   3615.55  -2716.63      0.00 0
4773 14.0      52_58_62_66_70_74_82_85_88_91_94_98_102_106_110_113_116_117_120_124_128_131_132_136_140_145_148_151_157_158_161_167_172_175_181_182_184_190_191_196_198_200_205_206_211_213_214_217_219_226_227_230_231_237_238_246_249_250_252_253_258_260_261_267_270_274_275_277_281_284_289_291  4.79e+10  4.35e+10  34163.93 -41784.78  11049.73    949.53     78.43    309.27  -3019.57  -3648.67      0.00 0
4774 14.0      185_197_199_202_203_206_212_214_218_220_224_226_227_228_229_231_232_233_235_238_239_241_243_244_245_246_247_248_249_250_251_253_255_256_258_259_260_261_262_264_265_266_267_268_269_270_271_272_274_275_276_277_279_280_281_282_283_284_285_286_287_288_289_290_291_292_293_294_295_296_297_298  9.55e+10  8.77e+10 -113866.71 -83980.46  13773.12    891.82     84.44    216.41   4509.05  -9510.45      0.00 0
4775 14.0      3_4_9_10_12_13_17_18_21_22_25_26_29_30_33_34_35_38_41_42_45_49_50_53_54_55_59_60_63_64_67_68_71_72_75_76_79_83_84_86_89_90_91_95_96_99_100_103_104_107_108_111_112_114_117_121_122_125_126_129_130_133_134_137_138_141_142_143_146_147_148_152_153_155_158_162_163_168_169_173_174_177_179_182_186_191_197_200_206_214_220_227_231_238_246_250_253_261_267  9.77e+09  8.70e+09  10851.41  55106.42  12235.61    755.08     77.71     78.86   2828.29    991.57      0.00 0
4776 14.0      80_90_92_101_104_108_109_112_115_118_122_127_130_135_138_139_142_147_149_153_156_159_160_163_166_169_171_174_177_179_180_183_186_189_192_210  5.89e+10  5.45e+10 -43788.92   -221.64  10496.76    910.47     76.52    180.29   5397.61   4468.49      0.00 0
4777 14.0      33_38_49_50_53_59_60_63_71_72_75_76_83_84_86_89_95_96_99_100_107_108_111_112_114_121_122_125_126_129_133_134_137_138_141_142_143_146_147_152_153_154_155_162_163_164_165_168_170_173_174_176_177_178_179_185_186_187_188_191_193_194_197_199_202_203_206_208_209_210_212_214_215_216_218_220_221_222_224_228_229_231_232_233_235_236_238_239_240_241_243_244_245_247_248_250_251_253_255_256_258_259_262_264_265_267_268_270_271_272_274_277_279_281_282_284_289_291_295_298  1.26e+10  1.09e+10  15993.62 130634.59  14460.14    770.97     83.73     83.02   6213.08   5077.53      0.00 0
4778 14.0      25_26_33_34_38_49_50_53_54_59_60_63_64_71_72_75_76_83_84_86_89_90_95_96_99_100_103_107_108_111_112_114_121_122_125_126_129_130_133_134_137_138_141_142_143_146_147_152_153_154_155_158_162_163_164_165_168_169_170_173_174_176_177_178_179_185_186_187_188_191_192_193_194_197_199_202_203_206_208_209_210_212_214_215_216_218_220_221_222_224_228_229_231_232_233_235_238_241_243_244_245_248_250_251_253_255_256_258_259_264_265_267_268_270_271_272_274_277_279_281_284_289_291  2.09e+10  1.84e+10    856.53  98149.01  13654.74    811.52     82.08     89.50   4456.24  -4862.93      0.00 0
4779 14.0      162_168_173_176_185_191_197_199_202_203_212_214_218_220  1.00e+10  9.03e+09  12787.53   9798.04   7206.22    877.38     65.90     37.46   3787.52  -5041.95      0.00 0
4780 14.0      0_1_2_3_4_5_6_7_8_9_10_11_12_13_14_15_16_17_19_20_21_23_24_25_27_28_29_31_32_33_35_36_37_39_40_41_43_44_45_47_48_51_52_53_55_57_58_59_61_62_63_65_66_67_69_70_73_74_77_78_79_81_82_83_85_87_88_89_91_93_94_97_98_102_103_105_106_107_109_110_111_113_116_117_119_120_123_124_128_129_131_132_135_136_137_139_140_141_144_145_148_150_151_157_158_160_161_162_167_168_171_172_173_175_181_182_184_190_191_196_197_198_199_200_205_206_211_212_213_214_217_219_220_223_224_226_227_230_231_234_235_237_238_242_243_244_246_249_250_252_253_254_255_257_258_259_260_261_263_264_266_267_269_270_271_272_273_274_275_276_277_278_279_280_281_283_284_285_286_287_288_289_290_291_292_293_294_295_296_297_298  1.74e+10  1.58e+10 143197.38 -210471.45  12138.59    886.86     87.27    304.23   -125.81  -8523.66      0.00 0
4781 14.0      0_1_2_3_4_5_6_7_8_9_10_11_12_13_14_15_16_17_18_19_20_21_22_23_24_25_26_27_28_29_30_31_32_33_34_35_36_37_38_39_40_41_42_43_44_45_46_47_48_50_51_52_53_54_55_56_57_58_60_61_62_63_64_65_66_67_68_69_70_73_74_77_78_79_80_81_82_84_85_87_88_90_91_92_93_94_97_98_101_102_103_104_105_106_108_109_110_112_113_115_116_117_118_119_120_123_124_127_128_130_131_132_135_136_138_139_140_142_144_145_148_149_150_151_156_157_159_160_161_166_167_169_171_172_174_175_180_181_183_184_189_190_192_195_196_198_200_201_204_205_207_211_213_217_219_223_225_226_230_234_237_242_249_252_254_257_263_266_269_273_278_280_283_285_288_290_292_296  6.03e+10  5.61e+10 -43743.33 -149687.50  13918.00    869.19     84.90    253.71  -2677.86   -255.45      0.00 0
4782 14.0      271_272_279_291  1.38e+10  1.21e+10  16821.04  20617.29   9480.15    760.98     70.39     50.79   4496.39 -11130.01      0.00 0
4783 14.0      142_153_163_169_174_177_186_192_207  4.90e+10  4.50e+10 -10040.79   7878.65   5908.09   1020.50     65.16    141.88   2853.55   5183.18      0.00 0
4784 14.0      0_1_2_3_4_5_6_7_8_9_10_11_12_13_14_15_16_17_18_19_20_21_22_23_24_25_26_27_28_29_30_31_32_33_34_35_36_37_38_39_40_41_42_43_44_45_46_47_48_49_50_51_52_53_54_55_56_57_58_59_60_61_62_63_64_65_66_67_68_69_70_71_72_73_74_75_76_77_78_79_80_81_82_83_84_85_86_87_88_89_90_91_92_93_94_95_96_97_98_99_100_102_103_104_105_106_107_108_110_111_112_113_114_116_117_120_121_122_123_124_125_126_128_129_130_131_132_133_134_136_137_138_140_141_142_143_145_146_147_148_151_152_153_154_155_157_158_161_162_163_164_165_167_168_170_172_174_175_176_177_178_179_181_182_184_185_186_187_188_190_193_194_196_198_202_205_208_209_210_211_213_215_216_217_219_221_222_223_232_234_236_237_239_240_242_254_263  8.13e+09  6.96e+09 156908.86  80156.15  14733.75    730.43     85.22     27.06  -2640.08  -2730.50      0.00 0
4785 14.0      147_153_155_163_165_170_174_177_179_186_188_193_194_208_210_215_216_221_222_236_239_240  1.82e+10  1.68e+10  19129.68 -33922.03  10500.65    825.99     74.91    299.42   5055.01   4159.07      0.00 0
4786 14.0      75_83_86_89_95_99_100_103_107_111_114_117_121_125_126_129_133_134_137_141_143_146_152_154_155_158_162_164_165_168_170_173_176_178_179_182_185_187_188_191_193_194_197_199_200_203_206_208_210_212_214_216_218_220_224_226_227_231_235_238_243_246_249_250_253_258_260_261_266_267_270_275_276_277_281_286_287_288_289_293_294_295_296_297_298  1.15e+10  1.04e+10  21413.20  47030.48  11541.45    823.02     77.41     65.52   2434.24  -5772.08      0.00 0
4787 14.0      9_13_20_21_28_29_33_35_40_41_44_45_52_53_55_59_62_63_66_67_75_78_79_82_83_88_89_91_94_95_99_102_103_106_107_111_121_125_129_133_137_141_146_152_154_162_176_178_185_187_202_203_209_215_228_229_232_239_245_247  4.37e+10  3.96e+10 -40798.05   3547.84  10873.53    791.32     75.13    175.03   4828.01  -2857.19      0.00 0
4788 14.0      110_116_128_136_140_148_151_157_161_167_172  1.78e+09  1.57e+09  16581.48  -8105.25   8182.62    768.45     66.09    333.95  -2356.98  -4315.49      0.00 0
4789 14.0      0_1_2_3_4_5_6_7_8_9_10_11_12_13_14_15_16_17_18_19_20_21_22_23_24_25_26_27_28_29_30_31_32_33_34_35_36_37_38_39_40_41_42_43_44_45_46_47_48_49_50_51_52_53_54_55_56_57_58_59_60_61_62_63_64_65_66_67_68_69_70_71_72_73_74_75_76_77_78_79_80_81_82_83_84_85_86_87_88_89_90_91_92_93_94_95_96_97_98_99_100_101_102_103_104_105_106_108_109_110_112_113_114_115_116_118_119_120_122_123_124_126_127_128_130_131_132_133_134_135_136_138_139_140_142_143_144_145_147_149_150_151_153_155_156_159_160_161_163_165_166_167_169_171_172_174_175_177_179_180_183_184_186_188_189_192_194_196_198_201_207_210_211_216_217_223_234  5.62e+10  5.05e+10 132805.69 102495.90  14057.56    839.08     85.21     37.66  -3388.97  -1046.29      0.00 0
4790 14.0      0_1_2_3_4_5_6_7_8_9_10_11_12_13_14_15_16_17_18_19_20_21_22_23_24_25_26_27_28_29_30_31_32_33_34_35_36_37_38_39_40_41_42_43_44_45_46_47_48_49_50_51_52_53_54_55_56_57_58_59_60_61_62_63_64_65_66_67_68_69_70_71_72_73_74_75_76_77_78_79_80_81_82_83_84_85_86_87_88_89_90_91_92_93_94_95_96_97_98_99_100_101_102_103_104_105_106_107_108_109_110_111_112_113_114_115_116_117_118_119_120_121_122_123_124_125_126_128_129_130_131_132_133_134_136_137_138_140_141_142_143_145_146_147_148_149_151_152_153_154_155_157_158_159_161_162_163_164_165_167_168_169_170_172_173_174_175_176_177_178_179_181_182_184_185_186_187_188_190_191_192_193_194_196_197_198_200_205_206_208_209_210_211_213_215_216_217_219_221_222_223_226_230_234_236_237_240_242_249_252_254_257_263_269_273_278_283_285  5.37e+09  4.69e+09 163643.25 134131.33  13868.33    784.80     86.25     39.34  -2401.98  -3286.07      0.00 0
4791 14.0      91_102_103_110_111_116_117_128_129_137_140_141_148_152_157_158_161_162_167_168_172_173_176_181_182_184_185_190_191_196_197_198_199_200_202_203_205_206_211_212_213_214_217_218_219_220_223_224_226_227_228_229_230_231_233_234_235_237_241_242_244_245_247_248_251_254_257_262_263_265  5.50e+10  4.97e+10 -56723.71  -9757.11  11919.43    823.85     78.30    189.76  -1651.05  -5970.52      0.00 0
4792 14.0      23_24_31_37_47_48_51_57_69_70_73_81_85_93_97_105_119_123_135_144_150_160  3.02e+09  2.79e+09  -9920.34  18134.90   7955.53    891.72     68.95    118.68  -3387.83   2562.14      0.00 0
4793 14.0      121_125_133_146_152_154_162_173_176_178_185_199_203_212_218_224_235_243_244_255  4.47e+10  4.06e+10  -1835.05 -21944.83   8714.45    780.14     68.41    265.22   4322.70  -4444.14      0.00 0
4794 14.0      158_168_182_191_197_206_214_227_231_238_250_253_258_261_267_270_277_281_284_289_291  7.24e+09  6.43e+09  -3826.12  22573.47   8542.04    840.03     69.54     99.62   1742.93  -8553.30      0.00 0
4795 14.0      5_8_9_13_17_20_21_25_28_29_33_35_40_41_44_45_49_52_53_55_59_63_66_67_71_75_78_79_83_89_95_99_107_121_125_133_146_154_164_178_187_193_209_215_232_239  3.80e+10  3.40e+10 -26511.79   1347.67   9150.89    820.91     70.98    177.09   3310.23  -1809.70      0.00 0
4796 14.0      41_49_53_59_63_67_71_75_79_83_86_89_91_95_99_100_103_107_111_114_116_117_121_125_126_129_133_134_137_141_143_146_148_152_154_155_157_158_162_164_165_168_170_173_176_178_179_181_182_185_187_188_190_191_193_194_197_199_200_202_203_205_206_208_209_210_212_213_214_215_216_218_219_220_221_222_224_226_227_228_229_230_231_232_233_235_236_237_238_239_240_241_242_243_244_245_246_247_248_249_250_251_252_253_255_256_257_258_259_260_261_262_263_264_265_266_267_268_269_270_271_272_273_274_275_276_277_278_279_280_281_282_283_284_285_286_287_288_289_290_291_292_293_294_295_296_297_298  5.89e+09  5.01e+09 128607.83 160873.75  13788.30    811.53     86.17     51.36   4827.77  -5351.31      0.00 0
4797 14.0      10_12_17_18_22_25_26_30_33_34_38_42_46_49_50_53_54_59_60_63_64_68_71_72_75_76_80_83_84_86_90_92_95_96_99_100_104_107_108_112_114_118_121_122_125_126_130_133_134_137_138_142_146_149_152_154_159_162_163_169_174_176_180_183_185_192_199_201_207_218_225  1.41e+09  1.25e+09 -12057.30  40214.58  11178.72    754.35     75.09    106.69   2265.62   1870.32      0.00 0
4798 14.0      158_168_173_191_197_199_212_218_220_224_233_235_241_244_248_251_256_259_265_268_272_282  2.09e+10  1.87e+10 -26979.40   6611.80   9526.71    780.18     71.07    166.23   5534.49  -6282.18      0.00 0
4799 14.0      0_1_2_3_4_5_6_7_8_9_11_12_13_15_16_17_20_21_23_24_25_28_29_31_32_33_35_37_38_40_41_44_45_47_48_49_52_53_55_57_58_59_62_63_66_67_69_70_71_73_74_75_78_79_82_83_85_88_89_91_94_95_97_98_99_102_103_106_107_110_111_113_116_117_120_121_123_124_125_128_129_131_132_133_136_137_140_141_145_146_148_151_152_154_157_158_161_162_167_168_172_173_175_176_178_181_182_184_185_187_190_191_196_197_198_199_200_202_203_205_206_209_211_212_213_214_215_217_218_219_220_223_224_226_227_228_229_230_231_232_233_234_235_237_238_241_242_243_244_245_246_247_248_249_250_251_252_253_254_255_256_257_258_259_260_261_262_264_265_267_268_270_271_272_274_279_281_282_284  3.55e+09  3.00e+09 176338.70 -57568.24  13915.09    837.38     85.71    341.92    618.44  -4703.89      0.00 0
