#event_number primary_type du_ids energy_primary em_energy Xmax_pos(x, y, z), Xmax_grams zenith azimuth shower_core_pos_x shower_core_pos_y shower_core_pos_z, N_tested_cores, units are degrees, GeV and meters
6300 14.0      0_1_2_4_5_6_7_8_10_11_13_14_15_16_19_20_23_24_27_28_30_31_32_36_37_39_40_42_43_44_46_47_48_51_52_56_57_58_61_62_65_66_68_69_70_73_74_77_80_81_82_85_87_88_92_94_98_101_104_106_110_118_120_124_132_136_140_145_151_161_172_175_184_198_211_217_223_234_254  4.90e+08  4.18e+08 -26873.51 -45314.19  12551.00    671.35     76.60    239.33  -3940.99  -3903.93      0.00 0
6301 14.0      185_199_212_218_224_235_241_243_244_255_256_259_264_271_274_279  3.02e+08  2.58e+08   1314.78 -27372.17   9516.18    773.33     70.85    272.75   4747.24  -8542.71      0.00 0
6302 14.0      0_1_2_3_4_5_6_7_8_9_10_11_12_13_14_15_16_17_18_19_20_21_22_23_24_25_26_27_28_29_30_31_32_33_34_35_36_37_38_39_40_41_42_43_44_45_46_47_48_49_50_51_52_53_54_55_56_57_58_59_60_61_62_63_64_65_66_67_68_69_70_71_72_73_74_75_77_78_79_80_81_82_83_84_85_87_88_89_90_91_92_93_101_102_103_104_105_106_107_109_110_111_115_116_117_118_127_128_129_130_135_137_139_140_141_148_149_156_157_158_159_160_166_167_168_171_173_180_181_182_183_189_190_191_195_197_200_201_204_205_206_212_213_214_220_225_226_227_230_231_238_243_246_249_250_253_258_260_261_266_267_270_274_275_276_277_281_284_286_287_289_291_293_294_295_297_298  2.88e+08  2.45e+08  12416.54 -76324.39  13245.66    767.51     80.28    279.24    347.85  -3980.55      0.00 0
6303 14.0      0_1_2_3_4_5_6_7_8_9_10_11_12_13_14_15_16_17_18_19_20_21_22_23_24_25_26_27_28_29_30_31_32_33_34_35_36_37_38_39_40_41_42_43_44_45_46_47_48_49_50_51_52_53_54_55_56_57_58_59_60_61_62_63_64_65_66_67_68_69_70_71_72_73_74_75_76_77_78_79_80_81_82_83_84_85_86_87_88_89_90_91_92_93_94_95_96_97_98_99_100_101_102_103_104_105_106_107_108_109_110_111_112_113_114_115_116_117_118_119_120_121_122_123_124_125_126_127_128_129_130_131_132_133_134_135_136_137_138_139_140_141_142_143_144_145_146_147_148_149_150_151_152_153_154_155_156_157_158_159_160_161_162_163_164_165_166_167_168_169_170_171_172_173_174_175_176_177_178_179_180_181_182_183_184_185_186_187_188_189_190_191_192_193_194_195_196_197_198_199_200_201_204_205_206_207_208_210_211_212_213_214_216_217_219_220_222_223_225_226_227_230_231_234_237_238_240_242_246_249_250_252_253_254_257_260_261_263_266_267_269_273_275_276_277_278_280_283_285_286_287_288_290_292_293_294_296_297  9.55e+08  8.14e+08 -129127.28 -235660.47  11967.47    843.64     87.45    241.28    885.89    337.27      0.00 0
6304 14.0      146_152_154_162_164_170_173_176_178_185_187_193_194_197_199_202_203_208_209_212_214_215_216_218_220_221_222_224_228_229_232_233_235_236_238_239_240_241_243_244_245_247_248_251_253_255_256_258_259_262_264_265_267_268_270_271_272_274_277_279_281_284_287_289_291_295_298  7.94e+08  6.88e+08 -25629.89 -63982.12  12973.61    751.08     79.34    248.17   4627.48  -7594.47      0.00 0
6305 14.0      0_1_2_3_4_5_6_7_8_9_10_11_12_13_14_15_16_17_18_19_20_21_22_23_24_25_26_27_28_29_30_31_32_33_34_35_36_37_38_39_40_41_42_43_44_45_46_47_48_49_50_51_52_53_54_55_56_57_59_60_61_63_64_65_66_67_68_69_71_72_73_75_76_77_78_79_80_81_83_84_86_87_89_90_91_92_93_95_96_99_100_101_103_104_105_107_108_109_111_112_114_115_117_118_119_121_122_125_126_127_129_130_133_134_135_137_138_139_141_142_143_146_147_149_150_152_153_154_155_156_158_159_160_162_163_164_165_166_168_169_170_171_173_174_176_177_178_179_180_183_185_186_187_188_189_191_192_193_194_195_197_199_201_202_203_204_207_208_209_210_212_214_215_216_218_220_221_222_224_225_228_229_232_233_235_236_238_239_240_241_243_244_245_247_248_251_255_256_258_259_262_264_265_268_271_272_274_279_282  1.10e+08  8.76e+07 -106231.09 198037.19  14887.19    621.08     86.21    118.21   1833.88   3337.67      0.00 0
6306 14.0      27_36_39_43_56_65_77_80_92_101_104_115_118_130_149_159_169_183_192_207  2.95e+08  2.56e+08  -8872.11 -18206.65   8781.18    717.17     66.56    244.02    424.29   4315.73      0.00 0
6307 14.0      35_40_44_45_55_62_63_66_67_78_79_88_89_91_102_103_107_111_116_117_121_129_137_141_152_158_162_168_173_176_185_197_199_203_212_218_224_228_233_235_241_244_245_248_251_256_259_262_265_268_272_282  1.05e+08  8.78e+07  39355.34 -18084.79  11297.99    753.58     75.38    335.32   5305.80  -5474.93      0.00 0
6308 14.0      62_66_78_82_88_91_94_98_102_103_106_110_116_117_120_124_128_129_132_136_140_141_145_148_151_157_158_161_167_168_172_173_175_181_182_184_190_191_196_197_198_199_200_205_206_212_213_214_220_224_226_227_231_235_238_241_243_244_250_253_255_256_258_259_264_267_268_270_271_272_274_279_284  1.17e+08  9.56e+07  56422.95 -37501.52  12519.83    816.72     79.53    326.39   4762.98  -8488.98      0.00 0
6309 14.0      172_184_196_198_205_211_213_217_219_223_226_227_230_234_237_242_246_249_250_252_253_254_257_260_261_263_266_267_269_270_273_274_275_276_277_278_280_281_283_284_285_286_287_288_289_290_291_292_293_294_295_296_297_298  1.15e+08  1.00e+08  95331.97 -58993.23  14819.13    683.11     82.47    328.25  -2026.02  -9984.44      0.00 0
6310 14.0      0_1_2_3_4_5_6_7_8_9_10_11_12_13_14_15_16_17_18_19_20_21_22_23_24_25_26_27_28_29_30_31_32_33_34_35_36_37_38_39_40_41_42_43_44_45_46_47_48_49_50_51_52_53_54_55_56_57_58_59_60_61_62_63_64_65_66_67_68_69_70_71_72_73_74_75_76_77_78_79_80_81_82_83_84_85_86_87_88_89_90_91_92_93_94_95_96_97_98_99_100_101_102_103_104_105_106_107_108_109_110_111_112_113_114_115_116_117_118_119_120_121_122_123_124_125_126_127_128_129_130_131_132_133_134_135_136_137_138_139_140_141_142_143_145_146_147_148_149_151_152_153_154_155_156_157_158_159_161_162_163_164_165_166_167_168_169_170_172_173_174_175_176_177_178_179_180_181_182_183_184_185_186_187_188_189_190_191_192_193_194_196_197_198_199_200_201_204_205_206_207_208_210_211_212_213_214_216_217_219_220_222_223_225_226_227_230_231_234_237_238_240_242_246_249_250_252_253_254_257_260_261_263_266_267_269_273_275_276_277_278_280_283_285_286_287_288_290_292_293_294_296_297  5.25e+08  4.39e+08 127018.06 210809.78  13544.72    719.55     86.85     58.93   2738.26   2798.19      0.00 0
6311 14.0      1_2_8_11_13_15_16_20_23_24_28_31_32_35_37_40_44_47_48_52_55_58_62_66_74_78_79_82_88_91_102_106_110_116_117_128_140_148_157_167_172_181_182_190_196_200_205_213_219_226_227_230_237_246_249_252_260_261_266_269_275_276_280_286_287_288_290_293_294_296_297  8.71e+08  7.75e+08  -1638.24  42070.29  11383.69    722.48     74.87     92.23   -998.30  -6716.28      0.00 0
6312 14.0      89_95_99_103_107_111_114_117_121_125_129_133_134_137_141_143_146_148_152_154_155_158_162_164_165_168_170_173_176_178_179_181_182_185_187_188_191_193_194_197_199_200_202_203_205_206_208_209_210_212_214_215_216_218_220_221_222_224_226_227_228_229_230_231_232_233_235_236_238_239_240_241_243_244_245_246_247_248_249_250_251_252_253_255_256_257_258_259_260_261_262_264_265_266_267_268_269_270_271_272_273_274_275_276_277_279_280_281_282_283_284_285_286_287_288_289_290_291_292_293_294_295_296_297_298  1.82e+08  1.58e+08 -90533.46 -121947.86  14999.04    706.90     84.36    233.41   5642.17  -4073.42      0.00 0
6313 14.0      0_1_2_3_4_5_6_7_8_9_10_11_12_13_14_15_16_17_18_19_20_21_22_23_24_25_26_27_28_29_30_31_32_33_34_35_36_37_38_39_40_41_42_43_45_46_47_48_49_50_51_52_53_54_56_57_58_59_60_61_63_64_65_68_69_70_71_72_73_74_75_76_77_80_81_83_84_85_86_87_90_92_93_95_96_97_98_99_100_101_104_105_108_109_112_113_114_115_118_119_122_123_125_126_127_130_131_132_133_134_135_138_139_142_143_144_146_147_149_150_153_154_155_156_159_160_163_164_165_166_169_170_171_174_177_178_179_180_183_186_187_188_189_192_193_194_195_201_204_207_208_209_210_215_216_221_222_225_232_236_239_240  6.76e+08  5.56e+08 234566.23 -37907.43  13783.71    717.73     86.68    350.82   4255.55   2987.13      0.00 0
6314 14.0      0_3_4_5_9_10_12_13_17_18_21_22_25_26_29_30_33_34_35_38_41_42_45_46_49_50_53_54_55_59_60_63_64_67_68_71_72_75_76_78_79_83_84_86_89_90_91_95_96_99_100_103_104_107_108_111_112_114_116_117_121_122_125_126_129_130_133_134_137_138_141_142_143_146_147_148_152_153_154_155_157_158_162_163_164_165_168_169_173_174_177_179_181_182_186_188_191_192_197_200_205_206_210_212_214_220_226_227_231_238_246_249_250_253_260_261_267_275_276_277_286_287  1.95e+08  1.57e+08 -21795.61 -80331.98  14212.88    659.54     80.31    254.82   4157.14   4883.04      0.00 0
6315 14.0      145_151_161_167_172_175_184_190_196_198_205_211_213_217_219_223_226_230_234_237_242_246_249_250_252_254_257_260_261_263_266_267_269_273_275_276_277_280_281_283_286_287_288_289_290_291_293_294_295_296_297_298  2.34e+08  1.94e+08  35159.97 -41079.86  12126.16    750.69     77.36    310.56  -2491.16  -8020.38      0.00 0
6316 14.0      0_1_2_3_4_5_6_7_8_10_11_13_14_15_16_19_20_22_23_24_27_28_30_31_32_35_36_37_39_40_42_43_44_46_47_48_51_52_56_57_58_61_62_65_66_68_69_70_73_74_77_78_80_81_82_85_87_88_90_92_93_94_97_98_101_102_104_105_106_109_110_113_115_118_120_124_127_128_130_132_136_140_145_149_151_156_159_161_167_169_172_175_183_184_192_196_198_207_211_217_219_223_234_242_254_263_278  5.50e+08  4.66e+08 -23586.48 -50420.44  12718.21    676.26     77.13    244.93  -2658.57  -2028.43      0.00 0
6317 14.0      5_8_9_13_17_20_21_25_28_29_33_35_40_41_44_45_49_52_53_55_58_59_62_63_66_67_71_75_78_79_82_83_88_89_91_94_95_99_102_103_106_107_110_116_120_128_136_140_145_151_161_172_175_184_198_217  1.32e+08  1.14e+08  34690.81  13094.73  10800.81    740.95     73.76     20.68  -2149.93  -3115.58      0.00 0
6318 14.0      3_5_9_12_13_17_18_21_25_26_28_29_33_34_35_38_41_44_45_49_50_53_55_59_60_63_66_67_71_72_75_76_78_79_83_86_88_89_91_95_96_99_100_102_103_107_110_111_116_117_126_128_148_157_167_181_190_196_213_219  1.74e+08  1.45e+08  19916.88  28528.96  10856.94    694.02     72.67     55.08    505.82  -2691.29      0.00 0
6319 14.0      73_81_93_97_105_109_119_123_135_139_150_160_166_171_195  1.02e+08  8.42e+07  -2805.98 -19234.28   8331.08    772.83     66.80    261.70  -2934.22   3315.92      0.00 0
6320 14.0      79_91_103_116_117_148_157_158_167_181_182_190_196_200_205_213_226_230_237_249_252_257_266_269_273_280_283_292  3.72e+08  3.22e+08 -13230.74 -27430.16  10498.16    673.62     70.98    244.25  -1140.57  -6951.93      0.00 0
6321 14.0      148_157_158_167_168_172_173_181_182_184_190_191_196_197_198_199_200_205_206_211_212_213_214_217_218_219_220_223_224_226_227_230_231_233_234_235_237_238_241_242_243_244_246_249_250_251_252_253_254_255_256_257_258_259_260_261_263_264_265_266_267_268_269_270_271_272_273_274_275_276_277_278_279_280_281_282_283_284_285_286_287_288_289_290_291_292_293_294_295_296  2.57e+08  2.13e+08 123831.77  -7573.88  14969.35    687.48     83.12    356.50  -2937.71  -8255.84      0.00 0
6322 14.0      0_1_2_3_4_5_6_7_8_9_10_11_12_13_14_15_16_17_18_19_20_21_22_23_24_25_26_27_28_29_30_31_32_33_34_35_36_37_38_39_40_41_42_43_44_45_46_47_48_49_50_51_52_53_54_55_56_57_58_59_60_61_62_63_64_65_66_67_68_69_70_71_72_73_74_75_76_77_78_79_80_81_82_83_84_85_87_88_89_90_91_92_93_94_97_98_101_102_103_104_105_106_107_109_110_111_112_113_115_116_117_118_119_120_123_124_127_128_129_130_131_132_135_136_139_140_141_144_145_148_149_150_151_156_157_158_159_160_161_166_167_168_169_171_172_175_180_181_182_183_184_189_190_191_192_195_196_197_198_200_201_204_205_206_207_211_213_214_217_219_223_225_226_227_230_231_234_237_238_242_246_249_250_252_253_254_257_260_261_263_266_267_269_270_273_275_276_277_278_280_281_283_285_286_287_288_289_290_291_292_293_294_295_296_297_298  8.13e+08  7.00e+08   5769.83 -161983.73  14636.94    755.28     84.84    272.04  -1537.08  -9197.64      0.00 0
6323 14.0      61_81_87_93_97_105_109_113_119_123_131_144  1.35e+08  1.11e+08  18431.87  12409.06   9212.82    698.31     67.48     33.95  -4163.81   1327.52      0.00 0
6324 14.0      0_1_2_3_4_5_6_7_8_9_10_11_12_13_14_15_16_17_18_19_20_21_22_23_24_25_26_27_28_29_30_31_32_33_34_35_36_37_38_39_40_41_42_43_44_45_46_47_48_49_50_51_52_53_54_55_56_57_58_59_60_61_62_63_65_66_67_69_70_71_72_73_74_75_77_78_79_81_82_83_85_86_87_88_89_91_93_94_95_97_98_99_101_102_103_105_106_107_109_110_111_113_116_117_119_120_121_123_124_125_127_128_129_131_132_135_136_137_139_140_141_144_145_146_148_150_151_152_154_157_158_160_161_162_167_168_171_172_173_175_176_178_181_182_184_185_190_191_196_197_199_200_202_203_205_206_212_213_214_218_220_224_226_227_228_229_231_233_235_238_241_243_244_245_246_248_250_251_253_255_256_258_259_262_264_265_267_268_270_271_272_274_279_281_282_284  3.31e+08  2.81e+08 -115322.88 104495.08  14984.81    708.78     84.50    137.82   1174.47  -3951.82      0.00 0
6325 14.0      0_2_3_5_8_9_11_12_13_16_17_20_21_24_25_26_28_29_32_33_35_38_40_41_44_45_48_49_52_53_55_58_59_62_63_66_67_70_71_72_74_75_78_79_82_83_86_88_89_91_94_95_98_99_102_103_106_107_110_114_120_121_124_125_128_132_133_136_140_145_151_161_164_175_184  4.68e+08  4.17e+08  48033.64  11142.43  12175.37    690.62     76.13     13.06  -3072.96  -2571.20      0.00 0
6326 14.0      41_45_53_55_63_67_78_79_83_89_91_95_99_102_103_107_110_111_116_117_121_125_128_129_133_136_137_140_141_143_146_148_152_154_157_158_161_162_164_167_168_170_172_173_176_178_181_182_184_185_187_190_191_193_196_197_198_199_200_202_203_205_206_208_209_211_212_213_214_215_217_218_219_220_221_222_223_224_226_227_228_229_230_231_232_233_234_235_236_237_238_239_241_242_245_246_247_248_249_250_251_252_254_257_262_263_266_269_273_278_285  6.46e+08  5.76e+08 -85069.08 -37626.40  14184.03    708.49     81.33    203.86   1166.56  -5063.95      0.00 0
6327 14.0      66_78_88_102_106_110_128_136_140_161_172_198  6.76e+08  5.80e+08  14340.25   9826.33   7992.02    767.37     65.31     34.42  -2404.54  -3956.60      0.00 0
6328 14.0      2_8_11_16_20_24_28_32_35_40_44_52_55_58_62_66_78_82_88_91_102_106_110_116_128_136_140_148_157_167_172_181_190_196_200_205_213_219_226_230_237_242_249_252_257_260_266_269_276_280_283_288_290_296  2.14e+08  1.92e+08   3296.96  36869.07  11013.91    705.37     73.43     84.89  -1577.34  -6401.71      0.00 0
6329 14.0      25_26_34_38_49_50_54_59_60_64_71_72_75_76_83_84_86_90_95_96_99_100_107_108_112_114_121_122_125_126_130_137_138_142_169  8.91e+08  7.76e+08  -3043.16  27476.70   9909.12    711.03     70.28     96.32   2821.24    877.42      0.00 0
6330 14.0      0_1_2_3_4_5_6_7_8_9_10_11_12_13_14_15_16_17_18_19_20_21_22_23_24_25_26_27_28_29_30_31_32_33_34_35_36_38_39_40_41_42_43_44_45_46_49_50_51_52_53_54_55_56_58_59_60_62_63_64_65_66_67_68_71_72_75_76_77_78_79_80_82_83_84_88_89_90_91_92_102_103_104_107_108_110_111_112_115_116_117_118_128_129_130_140_141_142_148_149_157_158_159_167_168_169_181_182_183_190_191_192_196_200_205_206_207_213_214_226_227_230_231_237_246_249_250_252_253_260_261_266_267_269_275_276_277_280_283_286_287_288_290_293_294_295_296_297_298  4.47e+08  3.78e+08   7322.53  63383.66  13178.59    680.36     78.33     83.41    -40.97  -5082.80      0.00 0
6331 14.0      0_1_2_3_4_5_6_7_10_11_12_14_15_17_18_19_22_23_25_26_27_30_31_33_34_36_37_38_39_42_43_46_47_49_50_51_54_56_57_60_61_64_65_68_69_71_72_73_75_76_77_80_81_84_86_87_90_92_93_96_97_99_100_101_104_105_108_109_112_114_115_118_119_122_123_126_127_130_131_133_134_135_138_139_142_143_144_147_149_150_153_155_156_159_160_163_164_165_166_169_170_171_174_177_179_180_183_186_187_188_189_192_193_194_195_204_208_210_215_216_221_222_236_239_240  1.91e+08  1.62e+08 -109940.31  20336.54  14163.96    777.01     82.78    169.52   5984.41   1995.00      0.00 0
6332 14.0      3_4_9_12_17_18_21_25_26_29_33_34_38_41_49_53_59_63_67_71_75_83_89_95_103_107_111_121_129_137_141_152_162_168_173_185_197_199_212_220_224_235_244_255  1.07e+08  9.25e+07  11390.49 -27828.21  10336.02    691.47     71.03    292.26   2774.01  -3647.56      0.00 0
6333 14.0      23_24_31_32_37_47_48_51_57_58_61_69_70_73_74_81_82_85_87_93_94_97_98_105_109_113_119_123_127_135_139_144_150_160_166_171_189_195  5.13e+08  4.53e+08  -2395.59  35049.59  10969.11    682.28     72.66     93.91  -2864.65   3191.48      0.00 0
6334 14.0      116_128_148_157_167_181_182_190_200_205_206_226_227_231_246_249_250_253_260_261_267_270_275_277_281_284_287_289_291  1.82e+08  1.50e+08 -13390.59  27491.31  10201.95    722.98     71.55    115.97    765.61  -8526.49      0.00 0
6335 14.0      129_148_158_168_181_182_190_191_200_205_206_213_226_227_230_237_242_249_252_257_263_266_269_273_278_283_285  1.62e+08  1.34e+08  23405.28  20824.05  11050.80    609.40     70.57     41.66  -1099.38  -7575.05      0.00 0
6336 14.0      0_1_2_3_4_5_6_7_8_9_10_11_12_13_14_15_16_17_18_20_21_22_24_25_26_28_29_30_32_33_34_35_36_38_40_41_42_44_45_46_48_49_50_52_53_54_55_58_59_60_62_63_64_66_67_68_71_72_75_76_78_79_82_83_84_86_88_89_90_91_94_95_96_99_100_102_103_106_107_108_110_111_112_114_116_117_120_121_122_125_126_128_129_133_134_136_137_138_140_141_142_143_146_147_148_151_152_153_154_155_157_158_161_162_163_164_165_167_168_170_172_173_174_176_177_178_179_181_182_184_185_186_187_188_190_191_193_194_196_197_198_199_200_202_203_205_206_208_209_210_211_212_213_214_215_216_217_218_219_220_221_222_223_224_226_227_230_231_234_236_237_238_239_240_242_246_249_250_252_253_254_257_260_261_263_266_267_269_273_275_276_278_280_283_285_286_288_290_292_294_296  1.62e+08  1.33e+08 -102697.34 -123480.12  15294.80    667.34     84.56    230.25  -1767.63  -6887.55      0.00 0
6337 14.0      8_20_28_35_40_44_52_58_62_66_78_82_88_94_106_110_120_136_140_151_161_175_184_198_217  6.61e+08  5.81e+08  15974.22  12615.67   8063.27    857.12     68.39     38.30  -3031.20  -3411.22      0.00 0
6338 14.0      0_1_2_3_4_5_6_7_8_9_10_11_12_13_14_15_16_17_18_19_20_21_22_23_24_25_26_27_28_29_30_31_32_33_34_35_36_37_38_39_40_42_43_46_47_48_49_50_51_52_53_54_56_57_58_59_60_61_62_64_65_68_69_70_71_72_73_74_75_76_77_80_81_82_84_85_86_87_90_92_93_94_96_97_98_99_100_101_104_105_108_109_112_113_114_115_118_119_122_123_124_126_127_130_131_132_133_134_135_138_139_142_143_144_145_147_149_150_153_155_156_159_160_163_165_169_170_174_177_179_186_188_194_208_210_216_222_236_240  1.26e+08  1.03e+08 107736.68  24793.77  14456.42    729.77     82.55     12.96   4976.95   2950.46      0.00 0
6339 14.0      95_103_107_111_117_121_125_129_133_137_141_146_148_152_154_157_158_162_164_168_170_173_176_178_181_182_185_187_190_191_193_194_197_199_200_202_203_205_206_208_209_212_213_214_215_218_219_220_221_222_224_226_227_228_229_230_231_232_233_235_236_237_238_239_240_241_242_243_244_245_246_247_248_249_250_251_252_253_255_256_257_258_259_260_261_262_263_264_265_266_267_268_269_270_271_272_273_274_275_276_277_278_279_280_281_282_283_284_285_286_287_288_289_290_291_292_293_294_295_296_297_298  2.29e+08  1.88e+08 -171287.05 -145056.52  13846.32    750.93     86.47    220.26   4843.06  -7260.72      0.00 0
6340 14.0      0_1_2_3_4_5_6_7_8_9_10_11_12_13_14_15_16_17_18_19_20_21_22_23_24_25_26_27_28_29_30_31_32_33_34_35_36_37_38_39_40_41_42_43_44_45_46_47_48_49_50_51_52_53_54_55_56_57_58_59_60_61_62_63_64_65_66_67_68_69_70_71_72_73_74_75_76_77_78_79_80_81_82_83_84_85_86_87_88_89_90_91_92_93_94_95_96_97_98_99_100_101_102_103_104_105_106_107_108_109_110_111_112_113_114_115_116_117_118_119_121_122_123_125_126_127_128_129_130_131_133_134_135_137_138_139_141_142_143_144_146_147_148_149_150_152_153_154_155_156_157_158_159_160_162_163_164_165_166_168_169_170_171_173_174_176_177_178_179_180_181_182_183_185_186_187_188_189_191_192_193_194_195_197_199_200_201_202_203_204_206_207_208_209_210_212_214_215_216_218_220_221_222_224_225_227_228_229_231_232_233_235_236_238_239_240_241_243_244_245_247_248_251_253_255_256_258_259_262_264_265_268_270_271_272_274_279_282_284  3.39e+08  2.79e+08 168062.83 -255074.33  11788.13    684.16     87.79    303.38   -367.04   5184.78      0.00 0
6341 14.0      128_140_157_167_172_190_196_205_211_213_219_230_237_242_249_252_257_263_266_269_273_276_280_283_285_288_290_292_296  1.58e+08  1.28e+08  -3850.72 -38174.72  11847.67    604.67     72.84    264.24  -2372.04  -9584.77      0.00 0
6342 14.0      32_37_48_52_58_62_69_70_73_74_82_85_88_94_97_98_102_106_110_113_120_124_128_136_140_145_151_157_161_167_172_184_190_196_198_205_211_213_219_223_230_234_237_242_249_252_257_263_266_269_273_280_283_288_290_296  1.41e+08  1.18e+08   2480.14 -41019.92  11667.41    665.41     74.15    273.46  -2664.31  -5419.40      0.00 0
6343 14.0      110_120_128_136_140_145_148_151_157_161_167_172_175_181_182_184_190_191_196_198_200_205_206_211_213_214_217_219_223_226_227_230_231_234_237_238_242_243_246_249_250_252_253_257_258_260_261_264_266_267_270_274_275_276_277_279_281_284_287_289_291_295  4.79e+08  3.88e+08  54361.65 -43974.08  13578.55    668.66     79.01    321.03   1457.23  -9256.89      0.00 0
6344 14.0      250_253_258_260_261_267_270_275_276_277_281_286_287_288_289_290_293_294_296_297  3.09e+08  2.71e+08  22483.34  17622.86  10121.67    695.86     70.49     38.09    -98.57 -10897.80      0.00 0
6345 14.0      7_10_14_15_19_22_23_27_30_31_36_39_42_43_46_47_51_54_56_57_60_61_64_65_68_69_73_77_80_81_84_85_87_90_92_93_96_97_101_104_105_108_109_112_113_115_118_119_122_123_126_127_130_131_135_138_139_142_144_147_149_150_153_156_159_160_163_166_169_171_174_177_179_180_183_186_192_210  3.98e+08  3.25e+08  71572.78  22306.15  13151.46    766.79     80.05     17.31   4924.20   4988.84      0.00 0
6346 14.0      1_2_7_8_11_15_16_19_20_23_24_27_28_31_32_37_39_40_43_44_47_48_51_52_57_58_61_62_65_66_69_70_73_74_77_78_81_82_85_87_88_93_94_97_98_101_102_105_106_109_110_113_115_116_119_120_123_124_127_128_131_132_135_136_139_140_144_145_148_150_151_156_157_160_161_166_167_171_172_175_181_184_189_190_195_196_198_204_205_211_213_217_219_223_226_230_234_237_242_249_252_254_257_260_263_266_269_273_276_278_280_283_285_286_288_290_292_294_296  1.26e+08  1.04e+08   6271.51 -74219.42  12771.91    826.70     80.27    274.83  -3271.78   2023.30      0.00 0
6347 14.0      101_109_127_135_139_160_166_171  2.95e+08  2.49e+08  22026.38 -12824.81   9962.98    656.79     68.65    329.79  -4047.71   5130.29      0.00 0
6348 14.0      71_72_75_76_84_86_95_96_99_100_108_112_114_121_122_125_126_133_134_137_138_142_143_146_147_152_153_154_155_162_163_164_165_169_170_174_176_177_178_179_185_186_187_188_192_193_194_199_202_203_208_209_210_212_215_216_218_221_222_224_228_229_232_233_235_236_239_240_241_243_244_245_247_248_251_255_256_259_262_264_265_268_271_272_279_282  2.04e+08  1.70e+08  21631.23 -135502.50  14640.17    750.35     83.91    279.07   6404.08   -119.23      0.00 0
6349 14.0      172_175_184_196_198_211_213_217_219_223_234_237  1.66e+08  1.37e+08 -11891.44  14821.72   8631.85    705.97     65.57    128.74  -3850.08  -5808.01      0.00 0
6350 14.0      25_26_38_49_50_71_72_75_86_95_99_114_125_133_143_146_154_164_170_178_187_193_209_215_221_229_232_239_247  1.35e+08  1.08e+08 -31332.82  11107.84  11446.65    586.51     71.00    160.48   5948.94  -1455.62      0.00 0
6351 14.0      136_140_151_161_167_172_190_196_198_205_211_213_219_226_230_237_246_249_252_260_261_266_275_276_286_287  3.98e+08  3.56e+08  12848.14 -26756.19  10058.05    728.90     71.28    295.65  -1666.35  -7430.09      0.00 0
6352 14.0      224_233_235_238_241_243_244_248_251_253_255_256_258_259_262_264_265_267_268_270_271_272_274_277_279_281_282_284  2.69e+08  2.38e+08 -26562.68 -16720.94   9764.05    817.56     72.72    212.19   5846.35  -7272.16      0.00 0
6353 14.0      7_10_14_19_22_27_30_34_36_39_42_43_46_50_51_54_56_57_60_61_64_65_68_76_77_80_81_84_87_90_92_93_96_100_101_104_105_108_109_112_115_118_119_122_123_126_127_130_134_135_138_139_142_144_147_150_153_155_160_163_165_177_179_186_188_194_210_216_222_240  4.27e+08  3.58e+08 -44816.16   3291.09  11755.43    702.12     75.34    175.80   2037.11   2637.71      0.00 0
6354 14.0      0_1_2_3_4_5_6_7_8_9_10_11_12_13_14_15_16_17_18_19_20_21_22_23_24_25_26_27_28_29_30_32_33_34_35_36_38_40_41_42_43_44_45_46_48_49_50_52_53_54_55_56_58_59_60_62_64_66_67_68_71_72_76_78_79_80_82_84_88_90_91_96_102_104_106_108_110_112_122_126_128_130_136_138_140_142_147_153_163_169_174_177_186  4.47e+08  3.79e+08 -26165.14 -41007.83  12489.71    638.48     75.60    237.46   1824.14   2196.74      0.00 0
6355 14.0      121_137_141_146_152_154_162_176_178_185_187_202_209  8.91e+08  8.10e+08 -15275.62  -8862.09   7896.07    795.60     65.91    210.12   4312.88  -3258.73      0.00 0
6356 14.0      251_256_259_265_268_271_272_279_282  2.69e+08  2.35e+08  12968.48  27176.78   9941.25    757.86     71.73     64.49   5510.79 -10107.94      0.00 0
6357 14.0      0_1_2_3_4_5_6_7_8_9_11_12_13_15_16_17_19_20_21_23_24_25_28_29_31_32_33_35_37_40_41_44_45_47_48_49_51_52_53_55_57_58_59_62_63_66_67_69_70_73_74_75_78_79_81_83_85_89_91_93_95_97_103_107_111_121_123_129_137_141_146_152_162_173_176_185_199_203_218_224_233_241_251_256  2.88e+08  2.41e+08 -32567.08  26203.33  12096.53    614.59     73.86    141.18   1400.57  -2210.43      0.00 0
6358 14.0      0_1_2_3_4_5_6_8_9_10_11_12_13_16_17_18_20_21_22_23_24_25_26_28_29_32_33_34_35_37_38_40_41_44_45_48_49_50_52_53_55_58_59_60_62_63_66_67_70_71_72_74_75_76_78_79_82_83_86_88_89_91_94_95_96_98_99_100_102_103_106_107_110_111_114_116_117_120_121_124_125_126_128_129_132_133_134_136_137_140_141_143_145_146_148_151_152_154_155_157_158_161_162_164_165_167_168_170_172_173_175_176_178_179_181_182_184_185_187_188_190_193_194_196_198_202_208_209_210_211_213_215_216_217_219_221_222_223_229_232_234_236_239_240_254  9.55e+08  8.24e+08 -96055.49 -36219.73  14317.93    725.78     82.06    200.66  -3187.08  -3972.79      0.00 0
6359 14.0      206_214_227_231_238_250_253_258_267_270_274_279_281_284  1.38e+08  1.13e+08  13667.61 -17632.89   8995.59    737.37     68.04    307.78   2992.09  -9572.22      0.00 0
6360 14.0      91_102_103_110_116_117_120_128_129_136_140_141_145_148_151_157_158_161_162_167_168_172_173_175_181_182_184_185_190_191_196_197_198_199_200_203_205_206_211_212_213_214_217_218_219_220_223_224_226_227_230_231_233_234_235_237_238_241_242_243_244_246_248_249_250_251_252_253_254_255_256_257_258_259_260_261_262_263_264_265_267_268_270_271_272_274_279_282_284  2.63e+08  2.18e+08  84230.02 -17965.12  12748.49    910.44     81.58    347.96   3506.10  -7251.01      0.00 0
6361 14.0      0_1_2_3_4_5_6_7_8_9_10_11_12_13_14_15_16_17_18_19_20_21_22_23_24_25_26_27_28_29_30_31_32_33_34_35_36_37_38_39_40_41_42_43_44_45_46_47_48_49_50_51_52_53_54_55_56_57_58_59_60_61_62_63_64_65_66_67_68_69_70_71_72_73_74_75_76_77_78_79_80_81_82_83_84_85_86_87_88_89_90_91_92_93_94_95_96_97_98_99_100_101_102_103_104_105_106_107_108_109_110_111_112_113_114_115_116_117_118_119_120_121_122_123_124_125_126_127_128_129_130_131_132_133_134_135_136_137_138_139_140_141_142_143_144_145_146_147_148_149_150_151_152_153_154_155_156_158_159_160_161_162_163_164_165_166_168_169_170_171_173_174_175_176_177_178_179_180_183_184_185_186_187_188_189_192_193_194_195_199_201_202_203_204_207_208_209_210_215_216_218_221_222_224_225_228_229_232_233_236_239_240_241_245_247_248_251_262_265  2.51e+08  2.08e+08 -297086.94  58286.14  11154.27    779.21     87.89    168.90   3290.71   3676.42      0.00 0
6362 14.0      0_3_4_5_9_10_12_13_17_18_21_22_25_26_29_30_33_34_35_38_41_42_44_45_49_50_53_54_55_59_60_63_64_67_68_71_72_75_76_78_79_83_84_86_89_90_91_95_103_107_111_116_117_129_137_141_148_158_162_168_173_181_182_191_197_200_205_206_212_214_220_226_227_231_238_246_249_250_253_258_260_261_267_270_275_276_277_281_284_286_287_289_291_293_295_297_298  1.29e+08  1.07e+08   2717.88  52920.57  12575.21    670.95     76.65     87.06   1243.81  -6521.83      0.00 0
6363 14.0      0_1_2_3_4_5_6_8_9_10_11_12_13_16_17_18_20_21_23_24_25_26_28_29_32_33_34_35_37_38_40_41_44_45_48_49_50_52_53_55_58_59_60_62_63_66_67_70_71_72_74_75_76_82_83_86_94_95_98_99_100_114_125_133_134_143_164_165_170_194_208  1.82e+08  1.53e+08 -32096.32  -5584.39  10497.46    712.54     72.14    189.87   1895.18   -519.19      0.00 0
6364 14.0      0_1_2_3_4_5_6_7_8_9_10_11_12_13_14_15_16_17_18_19_20_21_22_23_24_25_26_27_28_29_30_31_32_33_34_35_36_37_38_39_40_41_42_43_44_45_46_47_48_49_50_51_52_53_54_55_56_57_58_59_60_61_62_63_64_65_66_67_68_69_70_71_72_73_74_75_76_77_78_79_80_81_82_83_84_85_87_88_89_90_91_92_93_94_97_98_101_102_103_104_105_106_107_108_109_110_111_112_113_115_116_117_118_119_120_123_124_127_128_129_130_131_132_135_136_139_140_141_142_144_145_148_149_150_151_156_157_158_159_160_161_166_167_168_169_171_172_175_180_181_182_183_184_189_190_191_192_195_196_197_198_200_201_204_205_206_207_211_213_214_217_219_223_225_226_227_230_231_234_237_238_242_246_249_250_252_253_254_257_260_261_263_266_267_269_270_273_275_276_277_278_280_281_283_285_286_287_288_289_290_291_292_293_294_295_296_297_298  5.13e+08  4.43e+08  -4749.18 -215924.30  14080.13    743.28     86.27    268.74  -2521.34  -4386.25      0.00 0
6365 14.0      0_1_2_3_4_5_6_7_8_9_10_11_12_13_14_15_16_17_18_19_20_21_22_23_24_25_26_27_28_29_30_31_32_33_34_35_36_37_38_39_40_41_42_43_44_45_46_47_48_49_50_51_52_53_54_55_56_57_58_59_60_61_62_63_64_65_66_67_68_69_70_71_72_73_74_75_76_77_78_79_80_81_82_83_84_85_86_87_88_89_90_91_92_93_94_95_96_97_98_99_100_101_102_103_104_105_106_107_108_110_112_113_114_116_118_120_122_123_124_125_126_128_130_131_132_133_134_136_138_140_142_143_145_147_151_153_155_161_163_164_165_167_169_170_172_174_175_177_179_184_186_188_194_198_208_210_211_216_217_222_223_240  5.62e+08  5.09e+08 -101067.04 -60271.96  14406.90    754.70     83.02    210.81   2275.77   1286.70      0.00 0
6366 14.0      0_1_2_3_4_5_6_7_8_9_10_11_12_13_14_15_16_17_18_19_20_21_22_23_24_25_26_27_28_29_30_31_32_33_34_35_36_37_38_39_40_41_42_43_44_45_46_47_48_49_50_51_52_53_54_55_56_57_58_59_60_61_62_63_64_65_66_67_68_69_70_71_72_73_74_75_76_77_78_79_80_81_82_83_84_85_86_87_88_89_90_91_92_93_94_95_96_97_98_99_100_101_102_103_104_105_106_107_108_109_110_112_113_114_115_116_117_118_119_120_122_123_124_126_127_128_130_131_132_133_134_135_136_138_139_140_142_143_144_145_147_149_150_151_153_155_156_157_159_160_161_163_165_166_167_169_171_172_174_175_177_179_180_183_184_186_188_189_190_192_194_195_196_198_201_204_207_210_211_216_217_219_223_225_234_242_254  7.08e+08  5.96e+08 173014.39 151036.47  14288.34    678.41     86.44     41.12  -3251.25   -840.44      0.00 0
6367 14.0      0_1_2_3_4_5_6_7_8_9_10_11_12_13_14_15_16_17_18_19_20_21_22_23_24_25_26_27_28_29_30_31_32_33_34_35_36_37_38_39_40_42_43_46_47_48_49_50_51_52_53_54_56_57_58_59_60_61_64_65_68_69_70_71_72_73_74_75_76_77_80_81_82_84_85_86_87_90_92_93_94_96_97_98_99_100_101_104_105_108_109_112_113_114_115_118_119_122_123_124_126_127_130_131_132_133_134_135_138_139_142_143_144_147_149_150_153_155_156_159_160_163_164_165_166_169_170_171_174_177_179_180_183_186_188_189_192_193_194_195_208_210_216_221_222_236_240  3.24e+08  2.81e+08 119949.26   9419.14  13113.27    983.69     83.78      4.49     34.89   2284.78      0.00 0
6368 14.0      0_1_2_3_4_5_6_7_8_9_10_11_12_13_14_15_16_17_18_19_20_21_22_23_24_25_26_27_28_29_30_31_33_34_35_36_37_38_39_41_43_45_47_49_50_51_53_57_59_61_63_65_67_71_72_73_75_79_81_83_86_87_89_93_95_99_105_107_111_121_125_137_146_152_154_162_176_178_185_202_203_218_228_233_248  4.07e+08  3.49e+08  29661.71 -22941.72  10901.42    731.16     73.79    322.28   2252.47  -1612.66      0.00 0
6369 14.0      42_43_46_54_56_60_64_65_68_76_77_80_84_87_90_92_96_100_101_104_108_109_112_114_115_118_122_126_127_130_134_135_138_139_142_143_147_149_153_155_156_159_160_163_165_166_169_170_171_174_177_179_180_183_186_188_189_192_193_194_195_201_204_207_208_210_216_221_222_225_236_239_240  1.32e+08  1.10e+08 -89319.82  39413.36  14190.34    726.20     81.73    156.19   5400.09   2981.89      0.00 0
6370 14.0      91_102_103_110_116_117_128_129_136_140_141_145_148_151_157_158_161_162_167_168_172_173_175_181_182_184_185_190_191_196_197_198_199_200_203_205_206_211_212_213_214_217_218_219_220_223_224_226_227_228_230_231_233_234_235_237_238_241_242_243_244_246_248_249_250_251_252_253_254_255_256_257_258_259_260_261_262_263_264_265_266_267_268_269_270_271_272_273_274_275_276_277_278_279_280_281_282_283_284_285_286_287_288_289_290_291_292_293_294_295_296  2.29e+08  1.86e+08 -181880.61  28416.70  15458.23    629.79     85.20    171.12  -3424.36  -7441.40      0.00 0
6371 14.0      133_143_146_154_164_165_170_176_178_187_188_193_194_202_208_209_210_216  6.03e+08  5.27e+08   4232.76  16690.96   6950.06    989.21     68.02     75.77   5828.51   -522.25      0.00 0
6372 14.0      8_9_13_16_20_21_24_28_29_32_35_40_41_44_45_48_52_53_55_58_62_63_66_67_70_74_78_79_82_83_85_88_89_91_94_95_98_102_103_106_107_110_111_113_116_117_120_121_124_128_129_132_136_137_141_145_146_148_152_158_162_168_173_176_185_197_199_202_203_212_218_224_228_229_233_235_241_244_245_248_251_256_262_265_268_272_282  1.17e+08  1.00e+08 -46013.56  18227.35  11562.74    791.62     76.85    158.39   2880.11  -4102.19      0.00 0
6373 14.0      0_1_2_3_4_5_6_7_8_9_10_12_13_14_17_18_21_22_25_26_27_28_29_30_33_35_36_41_44_45_49_53_55_59_63_67_78_79_83_89_91_103_107_111_117_129_137_141_148_158_162_168_173_182_191_197_199_206_212_214_220_231_235_238_243_253_255_258_264_270_274_279_281_284_291  1.00e+08  8.09e+07 -13253.02  42033.20  12123.19    638.02     74.62    107.50   1996.78  -5250.38      0.00 0
6374 14.0      0_1_2_3_4_5_6_8_9_10_11_12_13_15_16_17_18_20_21_22_23_24_25_26_28_29_32_33_34_35_37_38_40_41_44_45_48_49_50_52_53_54_55_58_59_60_62_63_66_67_70_71_72_74_75_76_78_79_82_83_86_88_89_91_94_95_96_98_99_100_102_103_106_107_110_111_114_116_117_120_121_124_125_126_128_129_132_133_134_136_137_140_141_143_145_146_148_151_152_154_155_157_161_164_165_167_170_172_175_178_179_184_187_188_193_194_196_198_208_210_211_215_216_217_221_222_223_236_239_240  2.14e+08  1.74e+08  81313.34  30871.79  14554.89    632.28     80.50     20.79  -2782.79  -3229.15      0.00 0
6375 14.0      0_1_2_3_4_5_6_7_8_9_10_11_12_13_14_15_16_17_18_19_21_22_23_25_26_27_29_30_31_33_34_35_36_38_39_41_42_43_45_46_47_49_50_51_53_54_56_57_59_60_61_63_64_65_67_68_71_72_75_76_77_79_80_81_83_84_86_87_89_90_92_95_96_99_100_101_104_105_107_108_109_111_112_114_115_118_119_121_122_125_126_127_130_133_134_135_137_138_139_141_142_143_146_147_149_150_152_153_154_155_156_159_160_162_163_164_165_166_169_170_171_173_174_176_178_180_183_185_187_189_192_193_195_199_201_202_203_204_207_209_212_215_218_221_224_225_228_229_232_233_235_239_241_244_245_247_248_251_256_259_262_265_268_272_282  1.38e+08  1.13e+08 -54564.70  71730.23  12746.46    934.76     81.95    127.26    968.28   2317.54      0.00 0
6376 14.0      0_1_2_3_4_5_6_7_8_9_10_11_12_13_14_15_16_17_18_20_21_22_23_24_25_26_28_29_32_33_34_35_37_38_40_41_44_45_48_49_50_52_53_54_55_58_59_60_62_63_66_67_70_71_72_74_75_76_78_79_82_83_84_86_88_89_91_94_95_96_98_99_100_102_103_106_107_110_111_114_116_117_120_121_122_124_125_126_128_129_133_134_136_137_140_141_143_145_146_147_148_151_152_154_155_157_158_161_162_164_165_167_168_170_172_173_175_176_177_178_179_181_182_184_185_187_188_190_191_193_194_196_197_198_199_200_202_203_205_206_208_209_210_211_212_213_214_215_216_217_218_219_220_221_222_223_224_226_227_228_229_230_231_232_233_234_235_236_237_238_239_240_241_242_243_244_245_246_247_248_249_250_251_252_253_254_255_256_257_258_259_260_261_262_263_264_265_266_267_268_269_270_271_272_273_274_275_276_277_278_279_280_281_282_283_284_285_286_287_288_290_292_294_296  3.02e+08  2.38e+08 -227462.66 -124325.85  13585.27    667.47     87.00    208.66   2039.91  -4324.56      0.00 0
6377 14.0      0_1_2_3_4_5_6_7_8_9_10_11_12_14_15_16_17_18_19_20_22_23_24_25_26_27_30_31_32_34_36_37_38_39_42_43_46_47_48_49_50_51_52_54_56_57_58_60_61_64_65_68_69_70_71_72_73_74_76_77_80_81_84_85_86_87_90_92_93_94_96_97_98_100_101_104_105_108_109_112_113_114_115_118_119_122_123_124_126_127_130_131_132_134_135_138_139_142_144_147_149_150_153_155_156_159_160_163_165_166_169_174_177_179_186_188_192_194_210_216_240  1.23e+08  1.02e+08  94404.73  24678.58  14304.53    709.50     81.66     14.65   1159.69   2636.20      0.00 0
6378 14.0      0_1_2_3_4_5_6_7_8_9_10_11_12_13_14_15_16_17_18_19_20_21_22_23_24_25_26_27_28_29_30_31_32_33_35_36_37_39_40_41_42_43_44_45_46_47_49_51_53_55_56_57_59_61_63_65_67_73_77_78_79_81_83_87_89_93_101_103_105_107_109_111_127_129_135_137_139_141_160_166_171_195  8.32e+08  7.06e+08 -14671.12  25555.12   8834.93    967.21     73.31    119.86   -493.08    655.71      0.00 0
6379 14.0      0_3_4_5_6_7_9_10_12_13_14_17_18_21_22_25_26_27_29_30_33_34_36_38_41_42_43_46_50_54_56_60_64_68_76_77_80_84_90_92_104_108_112_118_130_138_142_149_159_169_174_183_192_207  7.41e+08  6.50e+08  -4173.52 -30908.69   9953.74    778.18     72.30    262.31   1324.89   3595.70      0.00 0
6380 14.0      0_1_2_6_7_8_11_14_15_16_19_20_23_24_27_31_32_36_37_39_40_43_47_48_51_52_56_57_58_61_62_65_69_70_74_77_82_88_94_106  1.05e+08  9.60e+07  -7634.46 -19450.85   8668.01    755.68     67.47    248.57  -1455.68   -257.16      0.00 0
6381 14.0      0_1_2_3_4_6_7_10_11_12_14_15_16_18_19_22_23_24_26_27_30_31_34_36_37_38_39_42_43_46_47_48_50_51_54_56_57_60_61_64_65_68_69_70_72_73_74_76_77_80_81_84_85_86_87_90_92_93_96_97_98_100_101_104_105_108_109_112_113_115_118_119_122_123_126_127_130_131_132_134_135_138_139_142_144_147_149_150_153_155_156_159_160_163_165_166_169_171_174_177_179_180_183_186_188_192_194_210_216_240  2.57e+08  2.17e+08 -90882.83 -14768.64  13777.13    765.12     81.49    189.23   -902.25   2681.29      0.00 0
6382 14.0      0_1_2_3_4_5_6_7_8_9_10_11_12_13_14_15_16_17_18_19_20_21_22_23_24_25_26_27_28_29_30_31_32_33_34_35_36_37_38_39_40_41_42_43_44_45_46_47_48_49_50_51_52_53_54_55_56_57_58_59_60_61_62_63_64_65_66_67_68_69_70_71_72_73_74_75_76_77_78_79_80_81_82_83_84_85_86_87_88_89_90_91_92_93_94_95_96_97_98_99_100_101_102_103_104_105_106_107_108_109_110_111_112_113_114_115_116_117_118_119_120_121_122_123_124_125_126_127_128_129_130_131_132_133_134_135_136_137_138_139_140_142_143_145_147_148_149_151_153_154_155_156_157_158_159_161_163_164_165_167_169_170_172_174_175_177_179_180_181_182_183_184_186_188_190_192_194_196_198_205_207_210_211_213_216_217_219_222_223_230_234_237_240_242_254_257_263_273_278  2.29e+08  1.81e+08 -139861.59 -131292.84  15299.57    638.24     85.44    223.19  -1183.48  -1043.54      0.00 0
6383 14.0      249_252_260_266_275_276_280_286_288_293_294_296_297  3.16e+08  2.71e+08   2987.74 -22724.77   9559.59    660.71     67.36    277.49   -859.47 -11291.11      0.00 0
6384 14.0      0_1_3_4_6_7_9_10_12_14_17_18_19_21_22_25_26_27_30_33_34_36_38_39_42_43_46_49_50_53_54_56_59_60_61_63_64_65_68_71_72_75_76_77_80_83_84_86_87_90_92_95_96_99_100_101_104_107_108_109_112_114_115_118_121_122_125_126_127_130_133_134_137_138_139_142_143_146_147_149_152_153_154_155_156_159_160_162_163_164_165_166_169_170_171_176_178_180_183_185_187_189_192_193_195_201_202_203_204_207_208_209_215_218_221_225_228_229_232_233_239_241_245_247_248_251_256_262_265_268_282  2.04e+08  1.78e+08 -51204.13  60699.27  14145.44    648.86     79.90    130.15   3224.59    257.25      0.00 0
6385 14.0      25_33_38_49_50_53_59_60_63_67_71_72_75_76_83_86_89_95_96_99_100_103_107_108_111_114_117_121_122_125_126_129_133_134_137_138_141_143_146_147_152_153_154_155_158_162_163_164_165_168_170_173_176_177_178_179_182_185_186_187_188_191_193_194_197_199_200_202_203_206_208_209_210_212_214_215_216_218_220_221_222_224_227_228_229_231_232_233_235_236_238_239_240_241_243_244_246_248_250_251_253_255_256_258_259_260_261_264_267_270_271_272_274_275_276_277_279_281_284_286_287_289_291_293_294_295_297_298  1.26e+08  1.00e+08  25743.59 104025.04  15022.66    643.64     82.02     76.10   3782.39  -5067.96      0.00 0
6386 14.0      10_14_18_22_26_27_30_34_36_38_39_42_43_46_50_54_56_60_61_64_65_68_72_76_77_80_81_84_86_87_90_92_96_100_101_104_105_108_109_112_114_115_118_119_122_126_127_130_133_134_135_138_139_142_143_147_149_150_153_155_156_159_160_163_164_165_166_169_170_171_174_177_179_180_183_186_188_189_193_194_195_208_210_215_216_221_222_236_239_240  6.61e+08  5.77e+08 -59207.48  23981.50  12498.00    786.41     78.93    157.95   2654.91   2558.33      0.00 0
6387 14.0      85_94_97_98_106_113_120_123_124_131_132_136_144_145_151_161_172_175_184_198  2.19e+08  1.90e+08  -1669.94  27381.77  10218.46    658.26     69.57     93.49  -3942.28  -1733.60      0.00 0
6388 14.0      252_257_260_263_266_269_273_275_276_277_278_280_283_285_286_287_288_290_292  1.10e+08  9.68e+07 -29401.26   5816.27  10261.38    701.43     71.10    168.81  -3800.71  -9697.54      0.00 0
6389 14.0      177_179_186_188_194_210_216_222_236_240  7.41e+08  6.54e+08  17361.79 -21578.28   9379.88    805.61     71.29    308.82   6103.55   3564.57      0.00 0
6390 14.0      0_1_2_3_4_5_6_7_8_9_10_11_12_13_14_15_16_17_18_19_20_21_22_25_26_27_28_29_30_33_34_35_36_38_39_40_41_42_43_44_45_46_49_50_53_54_55_56_59_60_63_64_65_66_67_68_71_72_75_76_77_78_79_80_83_84_86_89_90_91_92_95_96_99_100_101_102_103_104_107_108_111_112_114_115_116_117_118_121_122_125_126_127_129_130_133_134_137_138_141_142_143_146_147_148_149_152_153_154_155_156_158_159_162_163_164_165_168_169_170_173_174_176_177_178_179_180_181_182_183_185_186_187_188_189_191_192_193_194_197_199_200_201_202_203_204_206_207_208_209_210_212_214_215_216_218_220_221_222_224_225_226_227_228_229_231_232_233_235_236_238_239_240_241_243_244_245_246_247_248_250_251_253_255_256_258_259_260_261_262_264_265_267_268_270_271_272_274_275_277_279_281_282_284_287_289_291_293_295_298  2.63e+08  2.13e+08 -13819.98 189551.19  14557.15    735.27     85.62     94.17   3447.54   3070.41      0.00 0
6391 14.0      0_1_2_3_4_5_6_7_8_9_10_11_12_13_14_15_16_17_18_19_20_21_22_23_24_25_26_27_28_29_30_31_32_33_34_35_36_37_38_39_40_41_43_44_45_47_48_49_50_51_52_53_54_55_57_58_59_60_61_62_63_65_66_67_69_70_71_72_73_74_75_76_78_79_81_82_83_85_86_88_89_93_94_95_97_98_99_103_105_107_111_113_114_119_121_123_124_125_131_132_133_137_144_146_152_154_164_176_178_185_187_193_202_203_209_215_228_229_232_239_245_247  2.51e+08  2.13e+08  60624.71 -20461.39  13110.87    691.54     78.42    341.35  -1548.13   -127.93      0.00 0
6392 14.0      21_29_33_35_41_45_49_53_55_59_63_67_71_75_78_79_83_86_89_91_95_99_102_103_107_110_111_114_116_117_121_125_128_129_133_134_137_140_141_143_146_148_152_154_157_158_161_162_164_165_167_168_170_172_173_176_178_181_182_185_187_188_190_191_193_194_196_197_198_199_200_202_203_205_206_208_209_211_212_213_214_215_216_217_218_219_220_221_222_223_224_226_227_228_229_230_231_232_233_234_235_236_237_238_239_240_241_242_243_244_245_246_247_248_249_250_251_252_253_254_257_260_261_262_263_266_269_273_276_278_280_283_285_290_292  2.40e+08  2.04e+08 -96123.38 -58489.90  13716.07    851.90     83.05    211.32   6166.84  -2363.30      0.00 0
6393 14.0      53_63_67_83_89_103_107_111_117_129_137_141_148_158_168_173_181_182_191_197_200_206_214_220_226_227_231_238_246_249_250_253_258_260_261_267_270_275_276_277_281_284_286_287_289_291_293_294_295_297_298  4.79e+08  4.17e+08  -4820.71 -49611.22  12012.71    721.55     76.45    264.45    972.15 -10814.65      0.00 0
6394 14.0      0_1_2_3_4_5_6_7_8_9_10_11_12_13_14_15_16_17_18_19_20_21_22_23_24_25_26_27_28_29_30_31_32_33_34_35_36_37_38_39_40_41_42_43_44_45_46_47_48_49_50_51_52_53_54_55_56_57_58_59_60_61_62_63_64_65_66_67_68_69_70_73_74_76_77_78_79_80_81_82_83_84_85_87_88_89_90_91_92_93_94_97_98_101_102_103_104_105_106_108_109_110_111_112_113_115_116_117_118_119_120_123_124_127_128_129_130_131_132_135_136_139_140_142_144_145_148_149_150_151_156_157_158_159_160_161_166_167_169_171_172_175_180_181_182_183_184_189_190_191_192_195_196_198_200_201_204_205_206_207_211_213_217_219_223_225_226_227_230_231_234_237_242_246_249_250_252_254_257_260_261_263_266_269_273_275_276_277_278_280_283_285_286_287_288_290_292_293_294_296_297_298  3.02e+08  2.56e+08 -18404.61 -179014.41  13531.10    910.36     85.70    264.13  -2192.31   3629.75      0.00 0
6395 14.0      7_14_19_22_27_30_36_39_42_43_46_51_54_56_64_65_68_77_80_84_90_104_108_112_138  3.47e+08  3.02e+08  16909.03   8731.14   8484.73    732.08     65.97     27.31   1026.26   2427.89      0.00 0
6396 14.0      1_2_7_8_11_15_16_19_20_23_24_27_28_31_32_37_39_40_43_44_47_48_51_52_57_58_61_62_65_66_69_70_73_74_77_78_81_82_85_87_88_93_94_97_98_101_102_105_106_109_110_113_115_116_119_120_123_124_127_128_131_132_135_136_139_140_144_145_150_151_156_157_160_161_166_167_171_172_181_184_189_190_195_196_198_204_205_211_213_219_223_230_234_237_242_249_252_257_266_269_280_283  5.89e+08  5.07e+08  -3858.75  66119.54  13222.45    692.79     78.71     93.34  -2933.75   2312.87      0.00 0
6397 14.0      148_157_158_162_167_168_173_181_182_185_190_191_196_197_199_200_203_205_206_211_212_213_214_218_219_220_223_224_226_227_228_230_231_233_234_235_237_238_241_242_243_244_245_246_248_249_250_251_252_253_254_255_256_257_258_259_260_261_262_263_264_265_266_267_268_269_270_271_272_273_274_275_276_277_278_279_280_281_282_283_284_285_286_287_288_289_290_291_292_293_294_295_296_297_298  4.68e+08  3.85e+08 164121.41  25759.44  14972.91    706.61     84.85      8.92    537.76  -9250.58      0.00 0
6398 14.0      66_78_88_91_94_102_103_106_110_111_116_117_120_124_128_129_136_140_141_145_148_151_157_158_161_162_167_168_172_173_175_181_182_184_190_191_196_197_198_199_200_205_206_211_212_213_214_217_218_219_220_223_224_226_227_230_231_233_234_235_237_238_241_242_243_244_246_249_250_251_252_253_254_255_256_257_258_259_260_261_263_264_265_266_267_268_269_270_271_272_273_274_275_276_277_278_279_280_281_282_283_284_285_286_287_288_289_290_291_292_293_294_295_296_297_298  5.89e+08  5.07e+08 285852.97 -109271.01  11756.35    685.20     87.80    339.08    427.91  -9686.11      0.00 0
6399 14.0      7_15_19_23_27_31_36_37_39_43_46_47_48_51_56_57_61_65_69_70_73_74_77_80_81_85_87_93_97_98_113_132  8.91e+08  7.73e+08 -18851.88 -14423.78   9474.85    693.30     68.24    217.42  -2329.41    867.39      0.00 0
