#event_number primary_type du_ids energy_primary em_energy Xmax_pos(x, y, z), Xmax_grams zenith azimuth shower_core_pos_x shower_core_pos_y shower_core_pos_z, N_tested_cores, units are degrees, GeV and meters
6600 14.0      0_1_2_3_4_5_6_7_8_9_11_12_13_15_16_17_19_20_21_23_24_27_28_29_31_32_33_35_37_39_40_41_44_45_47_48_51_52_53_55_57_58_59_61_62_63_66_67_69_70_73_74_78_79_81_82_83_85_87_88_89_91_93_94_97_98_102_103_105_106_107_110_111_113_116_117_119_120_121_123_124_128_129_131_132_135_136_137_140_141_144_145_148_150_151_152_157_158_160_161_162_167_168_172_173_175_181_182_184_185_190_191_196_197_198_199_200_205_206_211_212_213_214_217_218_219_220_223_224_226_227_230_231_233_234_235_237_238_241_242_243_244_246_249_250_251_252_253_254_255_256_257_258_259_260_261_264_266_267_268_269_270_271_272_274_275_276_277_279_280_281_284_286_287_289_291_293_295_298  3.39e+08  3.00e+08 -126810.66 130447.80  14733.40    723.54     85.37    134.19   -997.96  -4743.91      0.00 0
6601 14.0      0_1_2_3_4_5_6_7_8_9_10_11_12_13_14_15_16_17_18_19_20_21_22_23_24_25_26_27_28_29_30_31_32_33_34_35_36_37_38_39_40_41_42_43_45_46_47_48_49_50_51_52_53_54_56_57_58_59_60_61_63_64_65_68_69_70_71_72_73_74_75_76_77_80_81_83_84_85_86_87_90_92_93_95_96_97_98_99_100_101_104_105_108_109_112_113_114_115_118_119_121_122_123_125_126_127_130_131_132_133_134_135_138_139_142_143_144_146_147_149_150_153_154_155_156_159_160_163_164_165_166_169_170_171_174_177_178_179_180_183_186_187_188_189_192_193_194_195_201_204_208_209_210_215_216_221_222_232_236_239_240_247  5.75e+08  5.15e+08 -150483.33  28542.94  14316.68    805.53     84.66    169.26  -3509.01   3085.54      0.00 0
6602 14.0      0_1_2_3_4_5_6_7_8_9_10_11_12_13_14_15_16_17_18_19_21_22_23_25_26_27_29_30_31_33_34_35_36_38_39_41_42_43_45_46_49_50_51_53_54_56_57_59_60_61_63_64_65_67_68_71_72_75_76_77_79_80_81_83_84_86_87_89_90_92_95_99_101_104_105_107_109_111_115_121_127_135_137_139_141_152_156_160_162_166_171_185_189_195_199  2.00e+08  1.65e+08  22131.02 -34013.77  10949.27    772.14     74.90    303.05    271.38   1029.84      0.00 0
6603 14.0      99_114_121_125_133_134_137_141_143_146_152_154_155_162_164_165_168_170_173_176_178_179_185_187_188_193_194_197_199_202_203_208_209_210_212_214_215_216_218_220_224_228_231_233_235_238_241_243_244_253_255_256_258_259_264_267_270_271_274_279_281_284_289_291_295  1.95e+08  1.59e+08  11128.57  40819.13  10423.40    900.16     76.16     74.75   4272.47  -5217.03      0.00 0
6604 14.0      3_4_5_9_12_13_17_18_21_25_26_28_29_33_34_35_38_41_44_45_49_50_53_54_55_59_60_63_66_67_71_72_75_76_78_79_83_84_86_89_91_102_103_107_111_116_117_128_129_148_157_158_167_168_181_182_190_191_196_200_205_206_213_219_226_227_230_237_246_249_252_257_260_266_269_273_276_280_283_285_286_288_290_292_294_296  2.19e+08  1.86e+08 -16942.37 -46422.69  12458.72    650.89     75.85    249.95   -598.90  -6422.34      0.00 0
6605 14.0      0_1_2_3_4_5_6_7_8_9_10_11_12_13_14_15_16_17_18_19_20_21_22_23_24_25_26_27_28_29_30_31_32_33_34_35_36_37_38_39_40_41_42_43_44_45_46_47_48_49_50_51_52_53_54_55_56_57_58_59_60_61_62_63_64_65_66_67_68_69_70_71_72_73_74_75_76_77_78_79_80_81_82_83_84_85_86_87_88_89_90_91_92_93_94_95_96_97_98_99_100_101_102_103_104_105_106_107_108_109_110_111_112_113_114_115_116_117_118_119_120_121_122_123_124_125_126_127_128_129_130_131_132_133_134_135_136_137_138_139_140_141_142_143_144_145_146_147_148_149_150_151_152_153_154_155_156_157_158_159_160_161_162_163_164_165_166_167_168_169_170_171_173_175_176_177_178_179_184_185_186_187_188_193_194_199_202_203_208_209_210_215_216_218_221_222_228_229_232_233_236_239_240_245_247_248_262  1.02e+08  9.04e+07 -219053.09  11441.75  14031.08    740.67     86.34    177.01    -48.54      6.97      0.00 0
6606 14.0      18_22_25_26_30_34_38_42_46_49_50_54_59_60_64_68_71_72_75_76_80_84_86_90_92_95_96_99_100_104_108_112_114_115_118_121_122_125_126_130_133_134_138_142_143_146_147_149_152_153_154_159_163_164_169_174_176_178_180_183_185_192_201_204_207_225  6.61e+08  5.68e+08  18351.95 -49665.04  12496.69    681.86     76.72    290.28   1696.39   4527.38      0.00 0
6607 14.0      11_15_16_20_23_24_28_31_32_37_40_44_47_48_51_52_57_58_61_62_66_69_70_73_74_78_81_82_85_88_91_93_94_97_98_102_105_106_109_110_113_116_119_120_123_124_128_131_132_135_136_139_140_144_145_148_150_151_157_160_161_167_171_172_175_181_182_184_190_196_198_200_205_211_213_219_226_227_230_237_246_249_250_252_260_261_266_275_276_277_286_287_293_295  2.88e+08  2.48e+08 -21341.02  64453.80  12939.39    748.45     79.21    108.32  -4028.80   1243.43      0.00 0
6608 14.0      2_8_11_13_15_16_20_23_24_28_31_32_35_37_40_44_47_48_52_55_57_58_62_66_69_70_73_74_78_79_82_88_91_94_102_106_110_116_117_128_136_140_148_157_158_167_181_182_190_191_196_200_205_206_213_226_227_230_231_246_249_250_252_253_260_261_266_267_275_276_277_281_286_287_289_293_294_295_297_298  3.31e+08  2.89e+08  -8902.46  43254.39  11429.04    743.73     75.49    101.63   -386.98  -6850.33      0.00 0
6609 14.0      0_1_2_3_5_6_7_8_9_11_13_15_16_19_20_21_23_24_28_29_31_32_35_37_39_40_41_44_45_47_48_51_52_55_57_58_61_62_63_66_67_69_70_73_74_78_79_81_82_85_87_88_89_91_93_97_102_103_105_106_110_111_116_117_119_123_128_129_135_141_144_148_150_158_160_168_182_191_197_206_214_220_231_238  1.74e+08  1.55e+08 -18079.29  32177.43  10374.55    813.04     74.30    119.33   -599.05  -2091.57      0.00 0
6610 14.0      0_1_2_3_4_5_6_7_8_9_11_12_13_15_16_17_19_20_21_23_24_25_28_29_31_32_33_35_37_40_41_44_45_47_48_49_52_53_55_57_59_63_67_75_78_79_83_89_91_95_103_107_111_121_125_129_137_141_146_152_162_168_173_176_185_197_199_202_203_212_218_224_228_233_235_241_244_248_251_255_256_259_262_265_268_272_282  5.13e+08  4.22e+08 -42282.04  38460.21  12922.90    660.87     77.26    137.71   5785.56  -6083.92      0.00 0
6611 14.0      3_9_12_13_17_21_25_26_28_29_33_34_35_38_40_41_44_45_49_50_53_55_59_60_63_66_67_71_72_75_76_78_79_83_86_88_89_91_95_96_99_100_102_103_107_110_111_114_116_117_121_122_125_126_128_129_133_134_137_140_141_143_146_147_148_152_154_155_157_158_161_162_164_165_167_168_170_172_173_176_177_178_179_181_182_185_187_188_190_191_193_194_196_197_198_199_200_202_205_206_208_209_210_211_212_213_214_215_216_219_221_222_223_226_227_230_231_234_236_237_239_240_242_246_249_252_254_257_260_263_266_269_273_278_280_283_285_292  2.19e+08  1.95e+08 -66221.05 -64195.08  13800.22    762.24     81.49    224.11   5067.97   -193.10      0.00 0
6612 14.0      147_153_155_163_165_174_177_179_186_188_194_208_210_216_221_222_236_239_240  9.33e+08  7.98e+08  28398.89 -39332.62  11951.96    715.51     76.16    305.83   5547.69   4153.53      0.00 0
6613 14.0      62_74_82_88_94_98_102_106_110_113_116_117_120_124_128_131_132_136_140_145_148_151_157_158_161_167_172_175_181_182_184_190_191_196_198_200_205_206_211_213_214_219_226_227_230_231_237_238_246_249_250_252_253_258_260_261_266_267_270_274_275_276_277_279_281_284_286_287_289_291_293_295_298  5.01e+08  4.40e+08  39096.85 -53438.64  12547.12    798.78     79.27    306.19   1310.48  -9596.09      0.00 0
6614 14.0      0_1_2_3_4_5_6_7_8_9_10_11_12_13_14_15_16_17_18_19_20_21_22_23_24_25_26_27_28_29_30_32_33_34_35_36_37_38_40_41_42_43_44_45_46_48_49_50_52_53_54_55_56_58_59_60_62_63_64_66_67_68_71_72_74_75_76_78_79_80_82_83_84_86_88_89_90_91_94_95_96_99_100_102_103_104_106_107_108_110_111_112_114_116_117_120_121_122_125_126_128_129_130_133_134_136_137_138_140_141_142_143_146_147_148_151_152_153_154_155_157_158_161_162_163_164_165_167_168_169_170_172_173_174_176_177_178_179_181_182_184_185_186_187_188_190_191_193_194_196_197_198_199_200_202_203_205_206_208_209_210_211_212_213_214_215_216_217_218_219_220_221_222_223_224_226_227_228_229_230_231_232_233_234_235_236_237_238_239_240_241_242_243_244_245_246_247_249_250_252_253_254_255_257_258_260_261_263_264_266_267_269_270_273_274_275_276_277_278_280_281_283_285_286_287_288_289_290_292_293_294_295_296_297_298  2.29e+08  1.90e+08 -126990.52 -168889.80  14627.73    683.48     86.04    233.06  -2356.17  -8936.70      0.00 0
6615 14.0      273_278_280_283_285_286_288_290_292_293_294_296_297  1.07e+08  9.06e+07  22830.09  -9256.42   9353.12    735.41     69.21    337.93  -3245.25 -11021.17      0.00 0
6616 14.0      40_44_52_55_58_62_66_70_74_78_79_82_85_88_91_94_98_102_103_106_110_113_116_117_120_124_128_129_131_132_136_140_141_145_148_151_157_158_161_167_168_172_173_175_181_182_184_190_191_196_197_198_200_205_206_212_214_220_224_227_231_235_238_243_244_255_258_259_264_271  2.57e+08  2.30e+08 -49729.89  32815.73  12251.97    787.09     78.38    146.58  -4391.34  -2075.84      0.00 0
6617 14.0      205_226_230_237_242_249_252_257_263_269_273_278_283_285  4.07e+08  3.42e+08 -21343.84 -13352.66   9654.25    698.01     69.02    212.03  -3782.00  -9356.77      0.00 0
6618 14.0      38_49_50_59_71_72_75_76_83_86_95_96_99_100_107_108_111_114_121_122_125_126_133_134_137_138_141_143_146_147_152_153_155_162_163_177_186  1.17e+08  1.08e+08   4674.87  28959.58   9940.59    741.58     71.28     80.83   3568.79    342.80      0.00 0
6619 14.0      0_1_2_3_4_5_6_8_9_11_12_13_15_16_17_20_21_23_24_25_26_28_29_32_33_35_37_38_40_41_44_45_47_48_49_52_53_55_58_59_62_63_66_67_69_70_71_74_75_78_79_82_83_85_86_89_95_98_99_107_111_113_121_125_133_137_146_152_154_164_176_178_185_187_193_202_203_209_215_228_229_232_239_245_247_262  2.34e+08  1.99e+08 -41498.67  12040.77  11247.35    760.64     75.41    163.82   4189.20  -2279.23      0.00 0
6620 14.0      111_121_125_129_137_141_146_148_152_154_158_162_164_168_170_173_176_178_181_182_185_187_191_193_197_199_200_202_203_205_206_208_209_212_214_215_218_220_221_222_224_226_227_228_229_230_231_232_233_235_236_238_239_241_243_244_246_249_250_252_253_257_258_260_261_266_267_269_270_273_275_276_277_280_281_283_285_286_287_288_290_292_293_294_296  1.66e+08  1.46e+08 -41239.45 -44628.21  12528.51    752.88     78.35    227.26    759.09  -8071.46      0.00 0
6621 14.0      202_203_209_215_218_221_224_228_229_232_233_235_236_239_241_243_244_245_247_248_251_255_256_258_259_262_264_265_268_270_271_272_274_279_281_282_284_289_291_295_298  4.57e+08  3.91e+08 -46781.31 -87613.62  14418.54    699.80     81.74    241.90   5790.14  -9247.49      0.00 0
6622 14.0      153_163_169_174_177_186_210  1.95e+08  1.67e+08  26227.74  -8284.68   9605.21    759.72     70.75    342.47   6332.30   4229.40      0.00 0
6623 14.0      31_37_47_48_51_57_58_61_69_70_73_74_81_82_85_87_93_94_97_98_105_106_109_113_119_120_123_124_127_131_132_135_136_139_140_144_145_150_151_160_161_166_171_172_175_184_189_195_198_211_217_223_234_254  3.16e+08  2.64e+08  -7440.44 -48966.37  12027.95    715.54     76.35    261.36  -3738.35    397.32      0.00 0
6624 14.0      15_19_23_24_31_37_39_47_48_51_57_61_65_69_70_73_74_81_85_87_93_94_97_98_113_124_132_145_175  1.91e+08  1.54e+08 -19700.68 -21612.84  10800.41    608.76     69.73    227.65  -3589.85   -597.29      0.00 0
6625 14.0      96_122_126_134_147_155_165_179_188_194_210_216_222_240  4.27e+08  3.64e+08 -21447.74   -584.10   8935.54    724.49     67.39    181.56   5715.36   1962.49      0.00 0
6626 14.0      21_25_33_38_41_49_50_53_59_63_67_71_72_75_76_79_83_86_89_95_96_99_100_103_107_111_114_117_121_122_125_126_129_133_134_137_141_143_146_147_148_152_153_154_155_158_162_164_165_168_170_173_176_177_178_179_181_182_185_186_187_188_191_193_194_197_199_200_205_206_208_210_212_214_216_220_222_226_227_231_238_240_246_249_250_253_260_261_266_275_276  3.89e+08  3.23e+08 -29001.39 -58654.06  13383.71    663.93     78.44    243.69   4446.22    170.48      0.00 0
6627 14.0      0_1_2_3_4_5_6_7_8_9_10_11_12_13_14_15_16_17_18_19_20_21_22_23_24_25_26_27_28_29_30_31_32_33_34_35_36_37_38_39_40_41_42_43_44_45_46_47_48_49_50_51_52_53_54_55_56_57_58_59_60_61_62_63_64_65_66_67_68_69_70_71_72_73_74_75_76_77_78_79_80_82_83_84_85_86_88_89_90_91_92_94_95_96_98_99_100_102_103_104_106_107_108_110_111_112_114_116_117_120_121_122_124_125_126_128_129_130_133_134_136_137_138_140_141_142_143_145_146_147_148_151_152_153_154_155_157_158_161_162_163_164_165_167_168_169_170_172_173_174_175_176_177_178_179_181_182_184_185_186_187_188_190_191_193_194_196_197_198_199_200_202_203_205_206_208_209_210_211_212_213_214_215_216_217_219_221_222_223_226_227_230_231_234_236_237_239_240_242_246_249_250_252_254_257_260_263_266_269_273_276_278_280_283_285_288_290_292  2.00e+08  1.63e+08 -128022.41 -135190.72  15111.22    668.92     85.36    226.56   4662.57   1718.30      0.00 0
6628 14.0      56_61_65_68_77_80_87_90_92_101_104_105_108_109_112_115_118_119_127_130_135_138_139_142_144_149_150_153_156_159_160_163_166_169_171_174_177_180_183_186_189_192_195_201_204_207  8.32e+08  6.95e+08  66326.05   8073.32  13581.64    646.89     78.51      6.94   -574.88   4652.95      0.00 0
6629 14.0      185_197_199_202_203_209_212_214_218_220_224_228_229_231_232_233_235_238_239_241_243_244_245_247_248_250_251_253_255_256_258_259_260_261_262_264_265_267_268_270_271_272_274_275_276_277_279_281_282_284_286_287_288_289_291_293_294_295_296_297_298  2.24e+08  1.93e+08 -40576.55 -39818.82  12968.33    651.86     77.15    224.46   5116.69  -6633.23      0.00 0
6630 14.0      0_1_2_3_4_5_6_7_8_9_10_11_12_13_14_15_16_17_18_19_20_21_22_23_24_25_26_27_28_29_30_31_32_33_34_35_36_37_38_39_40_41_42_43_44_45_46_47_48_49_50_51_52_53_54_55_56_57_58_59_60_61_62_63_64_65_66_67_68_70_71_72_74_75_76_77_78_79_80_81_82_83_84_87_88_89_90_91_92_96_101_102_103_104_106_107_108_110_111_112_115_116_117_118_128_129_130_136_138_140_142_148_149_156_157_158_159_167_168_169_172_174_180_181_182_183_190_191_192_196_200_201_205_206_207_211_213_214_219_226_227_230_231_237_242_246_249_250_252_257_260_261_266_267_269_273_275_276_277_280_283_285_286_287_288_290_292_293_294_296_297_298  1.29e+08  1.06e+08 -12104.70 -78736.88  14433.94    613.11     79.73    261.26   -557.73  -5328.54      0.00 0
6631 14.0      64_84_90_96_108_122_126_134_147_153_155_165_177_179_188_194_210_216_222_240  3.24e+08  2.74e+08  29879.32    719.80  10244.60    702.48     71.08      1.38   6321.14   2341.74      0.00 0
6632 14.0      266_269_280_283_285_290_292  2.29e+08  1.95e+08 -17073.12  -6977.84   7734.22    857.82     67.25    202.23  -4121.94 -11191.88      0.00 0
6633 14.0      4_10_12_17_18_21_22_25_26_30_33_34_38_42_46_49_50_53_54_56_59_60_63_64_68_71_72_75_76_80_83_84_86_90_92_95_96_99_100_104_107_108_112_114_118_121_122_126_130_137_138_142_149_159_163_169_174_180_183_192_201_207_225  6.31e+08  5.63e+08   6411.28 -42847.71  11059.44    794.88     75.68    278.51   1687.96   4598.42      0.00 0
6634 14.0      71_72_75_76_86_95_96_99_100_108_114_122_125_126_133_134_138_147_153_155_163_174_177_179_186  1.62e+08  1.35e+08  -4514.93 -31763.30  10697.33    672.51     71.56    261.91   3912.90   2692.74      0.00 0
6635 14.0      0_1_2_3_4_5_6_7_8_9_10_11_12_13_14_15_16_17_18_19_20_21_22_23_24_25_26_27_28_29_30_31_32_33_34_35_36_37_38_39_40_41_42_43_44_45_46_47_48_49_50_51_52_53_54_55_56_57_58_59_60_62_63_64_65_66_67_68_69_70_71_72_74_75_76_77_78_79_80_82_83_84_85_86_88_89_90_91_94_95_96_98_99_100_102_103_104_106_107_108_110_111_112_114_116_117_120_122_124_126_128_130_134_136_138_140_142_145_147_148_151_153_155_157_161_163_165_167_172_174_175_177_179_181_184_186_188_190_196_198_210_211_213_217_219_223_234_237_242_254_257_263_278  3.98e+08  3.46e+08  60586.54  65702.99  14107.40    703.43     81.03     47.32  -2532.02  -3818.21      0.00 0
6636 14.0      25_26_33_34_38_49_50_53_54_59_60_63_64_71_72_75_76_83_84_86_89_90_95_96_99_100_107_108_111_112_114_121_122_125_126_130_133_134_137_138_141_142_143_146_147_152_153_154_155_162_163_164_165_168_169_170_173_174_176_177_178_179_185_186_187_188_192_193_194_197_199_202_203_208_209_210_212_214_215_218_220_224_228_229_232_233_235_238_241_243_244_245_248_251_253_255_256_258_259_262_264_265_268_270_271_272_274_279_282_284_291  8.32e+08  7.35e+08 -10125.99  92758.99  13895.33    752.47     81.53     96.23   5411.56 -10061.29      0.00 0
6637 14.0      0_1_2_3_4_5_6_7_8_9_10_11_12_13_14_15_16_17_18_19_20_21_22_23_24_25_26_27_28_29_30_31_32_33_34_35_36_37_38_39_40_41_42_43_44_45_46_47_48_49_50_51_52_53_54_55_57_58_59_60_62_63_64_66_67_69_70_71_72_73_74_75_76_78_79_81_82_83_84_85_86_88_89_91_93_94_95_96_97_98_99_100_102_103_106_107_110_111_113_114_120_121_123_124_125_126_131_132_133_134_136_137_143_145_146_151_152_154_155_164_165_170_176_178_187_188_193_194_202_208_209_215_216_221_222_229_232_236_239_240_247  9.33e+08  8.23e+08  79873.45   -195.17  13681.75    716.22     80.28    359.86   3404.03   -858.09      0.00 0
6638 14.0      246_250_260_261_266_267_269_270_273_274_275_276_277_280_281_283_284_285_286_287_288_290  3.98e+08  3.52e+08 -21635.86  -1679.98   8592.03    793.88     68.40    184.44   -332.30 -10004.06      0.00 0
6639 14.0      78_79_91_102_110_116_128_140_157_161_167_172_190_196_198_211_217_219_223_234_254  5.62e+08  4.66e+08 -24755.87 -18178.35  10575.43    666.64     71.00    216.29  -3043.84  -5545.69      0.00 0
6640 14.0      0_1_2_3_4_5_6_7_8_9_10_11_12_13_14_15_16_17_18_19_20_21_22_23_24_27_28_29_30_31_32_34_35_36_37_39_40_41_42_43_44_45_46_47_48_51_52_54_55_56_57_58_61_62_64_65_66_68_69_70_73_74_77_78_79_80_81_82_85_87_88_90_91_92_94_101_102_104_105_106_109_110_115_116_118_120_127_128_130_136_140_148_149_156_157_159_161_166_167_172_180_181_183_189_190_192_196_201_204_205_207_211_213_219_225_230_237_242_252_257_269  3.55e+08  3.09e+08  -8485.69 -48520.78  11399.09    817.59     76.97    260.08   -920.05    -15.33      0.00 0
6641 14.0      220_238_243_253_258_264_270_274_279_281_284_291  5.75e+08  5.26e+08  -1239.21  25705.23   9285.50    774.76     70.16     92.76   3328.86 -11197.21      0.00 0
6642 14.0      0_1_2_3_4_5_6_7_8_9_10_11_12_13_14_15_16_17_18_19_20_21_22_23_24_25_26_27_28_29_30_31_32_33_34_35_36_37_38_39_40_41_42_43_44_45_46_47_48_49_50_51_52_53_54_55_56_57_58_60_61_62_63_64_65_66_67_68_69_70_73_74_77_78_79_80_81_82_84_85_87_88_90_91_92_93_94_97_98_101_102_103_104_105_106_108_109_110_112_115_116_117_118_120_124_127_128_130_136_138_139_140_142_145_148_149_151_156_157_159_161_166_167_169_172_174_180_181_183_184_189_190_192_196_198_201_204_205_207_211_213_217_219_223_225_226_230_234_237_242_249_252_254_257_263_266_269_273_278_280_283_285_290_292  4.79e+08  4.04e+08 -21017.56 -72201.78  13110.74    774.94     80.11    253.77  -1134.72   -934.71      0.00 0
6643 14.0      162_168_173_182_185_191_197_199_200_202_203_206_212_214_218_220_224_226_227_228_229_230_231_232_233_235_238_241_243_244_245_246_247_248_249_250_251_252_253_255_256_257_258_259_260_261_262_264_265_266_267_268_269_270_271_272_273_274_275_276_277_278_279_280_281_283_284_285_286_287_288_289_290_292_293_294_295_296_297  1.58e+08  1.40e+08 -61988.06 -42794.64  13811.19    670.92     79.61    214.62  -1959.76 -10999.17      0.00 0
6644 14.0      63_67_83_89_91_95_99_103_107_111_116_117_121_125_129_137_141_148_157_158_168_181_182_190_191_200_205_213_226_230  7.08e+08  6.15e+08  17703.50  22569.99   9865.77    740.56     71.02     51.89    897.80  -4606.98      0.00 0
6645 14.0      255_256_258_259_264_267_268_270_271_272_274_275_276_277_279_281_282_284_286_287_288_289_290_291_293_294_295_296_297_298  4.79e+08  4.07e+08 -114236.36 -57404.95  14883.05    705.06     83.36    206.68   6456.99 -10968.48      0.00 0
6646 14.0      86_95_96_99_100_114_121_122_125_126_133_134_137_143_146_147_152_153_154_155_162_164_165_170_176_177_179_185_186_188  6.17e+08  5.15e+08  -3452.33 -31522.99  10463.02    702.19     71.74    263.75   4454.27    508.77      0.00 0
6647 14.0      0_1_2_3_4_5_6_7_8_9_10_11_13_14_15_16_19_20_21_23_24_27_28_29_31_32_35_36_37_39_40_41_43_44_45_47_48_51_52_55_56_57_58_61_62_65_66_67_69_70_73_74_77_78_79_81_82_85_87_88_91_93_94_97_98_101_102_103_105_106_109_110_113_115_116_117_119_120_123_124_127_128_129_131_132_135_136_139_140_144_145_148_150_151_156_157_158_160_161_166_167_168_171_172_175_181_182_184_189_190_191_195_196_198_200_205_206_211_213_214_217_219_223_226_227_230_231_234_237_238_242_246_249_250_252_253_254_257_258_260_261_263_266_267_269_270_273_275_276_277_278_280_281_283_284_285_286_287_288_289_290_291_292_293_294_295_296_297_298  1.62e+08  1.29e+08 -34488.18 128621.82  14725.11    734.00     83.69    105.01  -1412.81  -7233.62      0.00 0
6648 14.0      181_190_200_205_206_226_227_231_246_250_253_261_267_270_277_281_284_289_291  1.15e+08  9.80e+07  12591.35 -17606.88   8417.62    826.48     68.75    305.57    667.99  -8464.98      0.00 0
6649 14.0      246_249_250_252_253_258_260_261_264_266_267_270_271_274_275_276_277_279_281_284_287_289_291  3.24e+08  2.64e+08 -48260.09  14029.99  12428.31    664.01     76.11    163.79   6283.99 -11188.63      0.00 0
6650 14.0      0_1_3_4_6_7_10_12_14_15_18_19_22_25_26_27_30_31_34_36_38_39_42_43_46_49_50_51_54_60_71_72_76_84_86_100_114  7.94e+08  6.78e+08 -19770.91   5268.02   9161.09    661.29     65.88    165.08   1180.25    777.04      0.00 0
6651 14.0      226_227_246_249_250_260_261_266_275_276_286_287_288_293_294_296_297  1.86e+08  1.54e+08  -8501.78 -23032.71   9914.55    644.08     68.01    249.74   -578.61 -10632.97      0.00 0
6652 14.0      0_1_2_3_5_6_7_8_9_11_13_15_16_17_19_20_21_23_24_28_29_31_32_33_35_37_40_41_44_45_47_48_51_52_53_55_57_58_59_62_63_66_67_69_70_73_74_78_79_81_82_83_85_88_89_91_93_94_97_98_102_103_106_107_110_111_113_116_117_119_120_121_123_124_128_129_131_132_136_137_141_144_148_152_157_158_162_168_173_181_182_185_191_197_199_203_206_212_214_218_220_224_231_233_235_238_241_243_244_251_253_255_256_258_259_264_265_268_271_272_274_279_282  4.27e+08  3.59e+08 -56688.87  51909.39  12973.13    809.22     80.42    137.52   5445.68  -7831.21      0.00 0
6653 14.0      0_3_4_5_8_9_12_13_17_18_21_25_26_28_29_33_34_35_38_40_41_44_45_49_50_53_55_59_60_63_66_67_78_79_88_91_102_116_128_157  4.27e+08  3.54e+08 -12191.44 -21858.79   9843.95    664.94     68.53    240.85    173.15  -2043.30      0.00 0
6654 14.0      71_72_75_76_86_95_96_99_100_107_108_114_121_122_125_126_133_134_137_138_141_142_143_146_147_152_153_154_155_162_163_164_165_170_173_174_176_177_178_179_185_186_187_188_193_194_197_199_202_203_208_209_210_212_214_215_216_218_220_221_222_224_228_229_232_233_235_236_238_239_240_241_243_244_245_247_248_251_253_255_256_258_259_262_264_265_268_270_271_272_274_279_281_282_284_291  1.23e+08  1.09e+08  -2831.48 -146136.84  15078.82    694.89     84.11    268.89   6206.34  -7027.63      0.00 0
6655 14.0      0_1_2_3_4_5_6_7_8_9_10_11_12_13_14_15_16_17_18_19_20_21_22_23_24_25_26_27_28_29_30_31_32_33_34_35_36_37_38_39_40_41_42_43_44_45_46_47_48_49_50_51_52_53_54_55_56_57_58_59_60_61_62_63_64_65_66_67_68_69_70_71_72_73_74_75_76_77_78_79_80_81_82_83_84_85_86_87_88_89_90_91_92_93_94_95_96_97_98_99_100_101_102_103_104_105_106_107_108_109_110_111_112_113_114_115_118_119_120_121_122_123_124_125_126_127_131_132_133_134_135_137_138_139_141_143_144_145_146_147_150_152_153_154_155_160_162_164_165_170_176_178_179_185_187_188_193_194_202_203_208_209_210_215_216_221_222_228_229_232_233_236_239_240_245_247_248_262  3.31e+08  2.84e+08 140589.72 -31399.77  15140.63    685.80     84.00    347.41   5624.45   -979.19      0.00 0
6656 14.0      37_47_48_58_69_70_73_74_82_85_93_94_97_98_105_106_110_113_119_120_123_124_131_132_135_136_140_144_145_150_151_160_161_167_172_175_184_196_198_211_213_217_219_223_234_237_242_252_254_257_263_269_273_278_283_285_290_292  8.32e+08  7.26e+08   -561.20 -50239.45  11424.05    826.01     77.19    269.36  -3999.10  -5349.41      0.00 0
6657 14.0      228_229_232_233_241_244_245_247_248_251_255_256_259_262_264_265_268_271_272_274_279_282_284_291  4.57e+08  3.83e+08  20348.06  34406.69  11108.12    736.02     74.47     59.40   6230.75  -7346.95      0.00 0
6658 14.0      0_1_2_3_4_5_6_7_8_9_10_11_12_13_14_15_16_17_18_19_20_21_22_23_24_25_26_27_28_29_30_31_32_33_34_35_36_37_38_39_40_41_42_43_44_45_46_47_48_49_50_51_52_53_54_55_56_57_58_59_60_61_62_63_64_65_66_67_68_69_70_71_72_73_74_75_76_77_78_79_80_81_82_83_84_85_86_87_88_89_90_91_92_93_94_95_96_97_98_99_100_101_102_103_104_105_106_107_108_109_110_111_112_114_115_116_117_118_119_120_121_122_125_126_127_128_129_130_133_134_135_136_137_138_139_140_141_142_146_147_148_149_152_153_156_157_158_159_160_161_162_163_166_167_168_169_171_172_173_174_180_181_182_183_185_186_189_190_191_192_195_196_197_199_200_201_204_205_206_207_211_212_213_214_219_220_224_225_226_227_230_231_235_237_238_242_243_246_249_250_252_253_255_257_258_260_261_264_266_267_269_270_273_274_275_276_277_279_280_281_283_284_286_287_288_289_290_291_293_294_295_296_297_298  8.32e+08  7.15e+08  -2624.15 140499.91  14298.73    804.45     84.19     91.07    555.36  -2560.99      0.00 0
6659 14.0      0_1_2_3_4_5_6_7_8_9_10_11_12_13_14_15_16_17_18_19_20_21_22_23_24_25_26_27_28_29_30_31_32_33_34_35_36_37_38_39_40_41_42_43_44_45_46_47_48_49_50_51_52_53_54_55_56_57_58_59_60_61_62_63_64_65_66_67_68_69_70_71_72_73_74_75_76_77_78_79_80_81_82_83_84_85_86_87_88_89_90_91_92_93_94_95_96_97_98_99_100_101_102_103_104_106_107_108_110_111_112_113_114_116_117_118_120_121_122_124_125_126_128_129_130_132_133_134_136_137_138_140_141_142_143_145_146_147_148_151_152_153_154_155_157_158_159_161_162_163_164_165_167_168_169_170_172_173_174_175_176_177_178_179_181_182_184_185_186_187_188_190_191_193_194_196_197_198_199_200_202_203_205_206_208_209_210_211_212_213_214_215_216_217_218_219_220_221_222_223_224_226_227_228_229_230_231_232_233_234_235_236_237_238_239_240_241_242_243_244_245_246_247_248_249_250_251_252_253_254_255_256_257_258_259_260_261_262_263_264_265_266_267_268_269_270_271_272_273_274_275_276_277_278_279_280_281_282_283_284_285_286_287_288_289_290_291_292_293_294_295_296_297_298  1.41e+08  1.20e+08 233818.02 204548.06  10957.12    761.46     87.98     41.18   4477.40  -4313.80      0.00 0
6660 14.0      10_12_14_18_22_25_26_30_33_34_36_38_42_43_46_49_50_54_56_59_60_64_68_71_72_75_76_77_80_84_86_90_92_95_96_99_100_101_104_108_112_114_115_118_121_122_125_126_127_130_133_134_138_139_142_143_146_147_149_152_153_154_155_156_159_163_164_165_166_169_170_171_174_176_177_178_179_180_183_185_186_187_188_189_192_193_194_195_201_202_203_204_207_208_209_210_215_216_218_221_222_225_228_229_232_233_236_239_240_245_247_248_251_262_265_268_282  7.41e+08  6.21e+08 -69626.84  90151.62  14188.09    778.90     82.90    127.68   1713.69   4906.44      0.00 0
6661 14.0      13_20_28_29_32_35_40_41_44_45_52_53_55_58_62_63_66_67_74_78_79_82_83_88_89_91_94_98_102_103_106_107_110_111_116_117_120_121_124_128_129_132_136_137_140_141_145_146_148_151_152_157_158_161_162_167_168_172_173_175_176_181_182_184_185_191_197_199_202_203_206_212_214_218_220_224_228_229_233_235_241_243_244_245_248_251_255_256_259_262_265_268_272_282  2.29e+08  1.87e+08  68195.52 -21960.85  13369.05    710.43     79.43    342.15   4358.09  -5175.24      0.00 0
6662 14.0      0_1_2_5_6_7_8_11_13_14_15_16_19_20_23_24_27_28_31_32_35_37_39_40_43_44_47_48_51_52_55_57_58_61_62_65_66_69_70_73_77_78_81_82_87_88_101_105_109  8.51e+08  7.10e+08   5241.50 -25855.17  10079.24    657.94     69.09    281.46  -1215.09    430.60      0.00 0
6663 14.0      3_9_12_17_18_21_22_25_26_29_33_34_38_41_42_45_49_50_53_54_55_59_60_63_64_67_71_72_75_76_79_83_84_86_89_90_91_95_96_99_100_103_107_108_111_112_114_116_117_121_122_125_126_129_133_134_137_138_141_142_143_146_147_148_152_153_154_155_158_162_163_164_165_168_170_173_174_176_177_178_179_181_182_185_186_187_188_191_193_194_197_199_200_205_206_210_212_214_216_220_224_226_227_231_235_238_243_246_249_250_253_258_260_261_266_267_270_275_276_277_281_286_287_288_289_293_294_295_297_298  6.61e+08  5.49e+08 -26908.62 -83710.12  14194.10    684.59     80.83    252.18   4770.23   3419.54      0.00 0
6664 14.0      0_1_4_6_7_10_11_12_14_15_18_19_22_23_26_27_30_31_34_36_37_39_42_43_46_47_50_51_54_56_57_60_64_68_76_80_84_90_96_108_112_122_126_138_147_153_177_179  2.29e+08  2.00e+08  24740.44   9097.80   9641.24    727.19     69.91     20.19   1641.34   1779.62      0.00 0
6665 14.0      8_9_13_20_21_28_29_32_35_40_41_44_45_48_52_53_55_58_59_62_63_66_67_74_78_79_82_83_88_89_91_94_95_98_102_103_106_107_110_111_116_117_120_121_124_125_128_129_132_136_137_140_141_145_146_148_151_152_154_157_158_161_162_167_168_172_173_175_176_178_181_182_184_185_190_191_196_197_198_199_202_203_209_211_212_214_217_218_220_223_224_228_229_232_233_235_241_244_245_247_248_251_256_262_265_268_282  2.45e+08  2.12e+08 -73164.12   8206.67  12412.74    885.00     80.43    173.60  -2570.11  -3503.62      0.00 0
6666 14.0      138_142_147_153_163_169_174_177_179_186_192  1.15e+08  9.75e+07 -15634.42  11841.38   8884.28    682.05     65.63    142.86   3510.73   4272.28      0.00 0
6667 14.0      41_45_53_55_59_63_67_75_78_79_83_89_91_95_99_102_103_107_110_111_114_116_117_121_125_128_129_133_137_140_141_143_146_148_152_154_157_158_162_164_165_167_168_170_172_173_176_178_181_182_185_187_190_191_193_194_196_197_198_199_200_202_203_205_206_208_209_211_212_213_214_215_216_218_219_220_221_222_223_224_226_227_228_229_230_231_232_233_234_236_237_239_240_242_245_246_247_249_252_254_257_263_266_269_273_278_285  2.19e+08  2.08e+08  59655.34  37103.29  11693.22   1000.40     80.55     31.88   3830.35  -3112.25      0.00 0
6668 14.0      0_1_2_3_4_5_6_7_8_9_10_11_12_13_14_15_16_17_18_19_20_21_22_23_24_25_26_27_28_29_30_31_32_33_34_35_36_37_38_39_40_41_42_43_44_45_46_47_48_49_50_51_52_53_54_55_56_57_58_59_60_61_62_63_64_65_66_67_68_69_70_71_72_73_74_75_76_77_78_79_80_81_82_83_84_85_86_87_88_89_90_92_93_94_95_96_97_98_99_100_101_102_104_105_106_108_109_110_112_113_114_118_119_120_122_123_124_125_126_130_131_132_133_134_136_138_142_143_145_147_151_153_155_161_163_164_165_170_174_175_177_179_184_186_188_193_194_208_210_216_222_236_240  7.24e+08  6.27e+08 -102886.13 -40860.19  14318.84    750.41     82.63    201.66   5232.69   2575.03      0.00 0
6669 14.0      7_10_14_18_19_22_26_27_30_34_36_38_39_42_43_46_50_51_54_56_60_61_64_65_68_72_76_77_80_81_84_86_87_90_92_93_96_100_101_104_105_108_109_112_114_115_118_119_122_126_127_130_133_134_135_138_139_142_143_144_147_149_150_153_155_156_159_160_163_164_165_166_169_170_171_174_177_179_180_183_186_188_189_192_193_194_195_201_204_208_210_216_221_222_236_239_240  1.32e+08  1.05e+08 -79349.93  28083.70  14161.27    671.17     80.45    160.51    661.94   3586.96      0.00 0
6670 14.0      0_1_2_3_4_5_6_7_8_9_10_11_12_13_14_15_16_17_18_19_20_21_22_23_24_25_26_27_28_29_30_31_32_33_34_35_36_37_38_39_40_41_42_43_44_45_46_47_48_49_50_51_52_53_54_55_56_57_58_59_60_61_62_63_64_65_66_67_68_69_70_71_72_73_74_75_76_77_78_79_80_81_82_83_84_85_86_87_88_90_92_93_94_96_97_98_99_100_101_104_105_106_108_109_110_112_113_114_115_118_119_120_122_123_124_126_130_131_132_133_134_136_138_142_143_144_145_147_151_153_155_163_165_169_170_174_175_177_179_184_186_188_194_210_216_222_240  5.62e+08  4.92e+08 -95532.27 -40040.40  14557.79    694.79     82.00    202.74  -1812.89     79.31      0.00 0
6671 14.0      8_13_16_20_24_28_29_32_35_37_40_41_44_45_48_52_55_58_62_63_66_67_69_70_74_78_79_82_85_88_89_91_94_97_98_102_103_106_107_110_111_113_116_117_120_124_128_129_131_132_136_137_141_145_148_158_162_168_173_197_199_212_224  3.09e+08  2.51e+08  43358.21 -24982.46  12457.96    657.52     76.02    330.05  -2430.09  -1782.97      0.00 0
6672 14.0      8_11_16_20_23_24_28_31_32_37_40_44_47_48_51_52_55_57_58_62_66_69_70_73_74_78_81_82_85_88_91_93_94_97_98_102_105_106_110_113_116_117_119_120_123_124_128_131_132_135_136_140_144_145_148_150_151_157_160_161_167_172_181_182_190_196_200_205_206_213_226_227_246_250  8.32e+08  7.32e+08 -19700.52  43835.64  11440.42    794.36     76.61    114.20  -3217.85   -179.05      0.00 0
6673 14.0      55_62_66_67_78_79_88_89_91_102_103_106_107_110_111_116_117_120_124_128_129_136_137_140_141_145_148_151_152_157_158_161_162_167_168_172_173_175_176_181_182_184_185_190_191_196_197_198_199_200_202_203_205_206_211_212_213_214_217_218_219_220_223_224_226_227_228_230_231_233_234_235_237_238_241_243_244_245_248_251_255_256_259_262_265_268_272_282  1.02e+08  8.67e+07  81959.83  -9541.07  13852.41    706.01     80.47    353.36  -2859.53  -4804.81      0.00 0
6674 14.0      273_276_278_280_283_285_286_287_288_290_292_293_294_295_296_298  1.35e+08  1.17e+08 -20787.67   8079.71   9224.39    698.52     67.53    158.76  -1731.26 -11266.35      0.00 0
6675 14.0      0_1_2_3_4_5_6_7_8_9_10_11_12_13_14_15_16_17_18_19_20_21_22_23_24_25_26_27_28_29_30_31_32_33_34_35_36_37_38_39_40_41_42_43_44_45_46_47_48_49_50_51_52_53_54_55_56_57_58_59_60_61_62_63_64_65_66_67_68_69_70_71_72_73_74_75_76_77_78_79_80_81_82_83_84_85_86_87_88_89_90_91_92_93_94_95_96_97_98_99_100_101_102_103_104_105_106_107_108_109_110_111_112_113_114_115_116_117_118_120_121_122_124_125_126_127_128_129_130_132_133_134_136_137_138_140_141_142_143_145_146_147_148_149_151_152_153_154_155_156_157_158_159_161_162_163_164_165_167_168_169_170_172_173_174_175_177_179_180_181_182_183_184_186_188_189_190_191_192_194_196_197_198_200_201_204_205_206_207_210_211_212_213_214_216_217_219_220_223_225_226_227_230_231_234_237_238_242_246_249_250_252_253_254_257_260_261_263_266_267_269_273_275_276_277_278_280_283_285_286_287_288_290_292_293_294_296_297  4.57e+08  3.77e+08  72244.80 164500.22  14518.65    756.25     85.38     66.29   1645.81   1467.51      0.00 0
6676 14.0      106_110_128_136_140_157_161_167_172_190_196_205_211_213_219_226_230_237_242_249_252_257_260_266_269_275_276_280_283_286_288_290_293_294_296_297  3.09e+08  2.66e+08   6286.55 -30013.51   9774.60    799.78     72.32    281.83  -1863.01  -7921.37      0.00 0
6677 14.0      111_117_121_129_137_141_146_148_152_154_157_158_162_168_173_176_178_181_182_185_187_190_191_196_197_199_200_202_203_205_206_209_212_213_214_215_218_219_220_221_224_226_227_228_229_230_231_232_233_235_237_238_239_241_242_243_244_245_246_247_248_249_250_251_252_253_254_257_260_261_263_266_269_273_276_278_280_283_285_290_292  1.74e+08  1.52e+08 -48167.56 -29609.71  11956.22    806.24     78.06    211.58   1458.77  -6444.42      0.00 0
6678 14.0      0_1_2_3_4_5_6_7_8_9_10_12_13_14_17_18_20_21_22_25_26_27_28_29_30_33_34_35_36_38_40_41_42_43_44_45_46_49_50_53_54_55_56_59_60_63_64_66_67_68_71_72_75_76_77_78_79_80_83_84_86_89_90_91_92_95_96_99_100_102_103_104_107_108_111_112_114_115_116_117_118_121_122_125_126_129_130_133_134_137_138_141_142_143_146_147_148_149_152_153_154_155_157_158_159_162_163_164_165_168_169_170_173_174_176_177_178_179_180_181_182_183_185_186_187_188_191_192_193_194_197_199_200_201_202_203_205_206_207_208_209_210_212_214_215_216_218_220_221_222_224_225_226_227_228_229_231_232_233_235_236_238_239_240_241_243_244_245_246_247_248_249_250_251_253_255_256_258_259_260_261_262_264_265_267_268_270_271_272_274_275_276_277_279_281_282_284_286_287_289_291_293_294_295_297_298  7.08e+08  6.16e+08  10107.40 236227.97  13757.50    724.97     86.67     87.55   4612.16   -345.76      0.00 0
6679 14.0      88_106_110_136_140_161_172_198_211_223_234  5.01e+08  4.45e+08  -8175.92 -15820.23   8141.87    754.15     65.43    242.67  -2999.23  -4378.26      0.00 0
6680 14.0      21_25_29_33_38_41_45_49_53_55_59_63_67_71_72_75_78_79_83_86_89_91_95_99_100_102_103_107_111_114_116_117_121_125_126_128_129_133_134_137_141_143_146_147_148_152_154_155_157_158_162_164_165_167_168_170_173_176_178_179_181_182_185_187_188_190_191_193_194_196_197_199_200_205_206_208_210_212_213_214_216_219_222_226_227_230_231_234_237_240_242_246_249_250_252_254_257_260_261_263_266_269_273_275_276_278_280_283_285_288_290_292_296  7.76e+08  6.63e+08 -42101.67 -52777.62  12671.34    788.89     79.37    231.42   -416.13  -6688.01      0.00 0
6681 14.0      0_1_2_3_4_5_6_7_8_9_10_11_12_13_14_15_16_17_18_19_20_21_22_23_24_25_26_27_28_29_30_31_32_33_34_35_36_37_38_39_40_41_42_43_44_45_46_47_48_49_50_51_52_53_54_55_56_57_58_59_60_61_62_63_64_65_66_67_68_69_70_71_72_73_74_75_76_77_78_79_80_81_82_83_84_85_86_87_88_89_91_92_93_94_95_97_98_99_101_102_103_105_106_107_109_110_111_113_115_116_117_119_121_123_125_127_129_131_132_135_137_139_141_144_146_148_150_152_156_158_160_162_166_168_171_173_176_178_182_185_191_195_197_199_202_203_206_212_214_218_220_224_228_233_235_238_241_243_244_248_251_255_256_258_259_264_265_268_271_272_274_279_282  6.92e+08  5.79e+08 -68849.94  78591.27  14963.31    643.65     81.85    131.22  -2172.14   1526.01      0.00 0
6682 14.0      71_72_75_86_95_99_100_114_121_125_133_146_152_154_162_164_176_178_185_187_199_202_203_209_218_224_228_229_233_241_244_245_248_251_256_259_262_265_268_272_282  1.23e+08  1.08e+08 -21593.86  39458.34  12035.69    661.07     75.02    118.69   6459.99  -5849.93      0.00 0
6683 14.0      0_1_2_3_4_5_6_7_8_9_10_11_12_13_14_15_16_17_18_19_20_21_22_23_24_25_26_27_28_29_30_31_32_33_34_35_36_37_38_39_40_41_42_43_44_45_46_47_48_49_50_51_52_53_54_55_56_57_58_59_60_61_63_64_65_67_68_69_70_71_72_73_74_75_76_77_78_79_80_81_83_84_85_86_87_89_93_95_97_99_100_101_103_105_107_109_111_114_119_121_123_125_131_133_135_137_139_141_143_144_146_150_152_154_160_162_164_173_176_178_185_187_199_202_203_209_215_218_224_228_229_232_233_241_245_247_248_251_256_262_265_268_282  1.48e+08  1.22e+08 -59867.68  41919.80  13558.69    692.45     79.49    145.00   4930.17  -3254.37      0.00 0
6684 14.0      196_205_211_213_219_223_226_227_230_234_237_242_246_249_250_252_253_257_260_261_266_267_270_275_276_277_281_284_287_289_291  1.48e+08  1.22e+08 -26121.75  17566.32  10222.04    737.28     72.01    146.08   -430.38  -8728.69      0.00 0
6685 14.0      60_72_76_84_86_90_96_99_100_104_108_112_114_118_122_125_126_130_133_134_138_142_143_146_147_153_154_155_159_163_164_165_169_170_174_176_177_178_179_183_186_187_188_192_193_194_201_202_203_207_208_209_210_215_216_221_222_225_228_229_232_233_236_239_240_245_247_248_251_256_262_265_268_272_282  1.26e+08  1.08e+08 -104042.05 210051.42  13433.68    775.80     86.72    116.35   6374.47   4899.10      0.00 0
6686 14.0      0_1_2_3_4_5_6_7_8_9_10_11_12_13_14_15_16_17_18_19_20_21_22_23_24_25_26_27_28_29_30_31_32_33_34_35_36_37_38_39_40_41_42_43_44_45_46_47_48_49_50_51_52_53_54_55_56_57_59_60_61_63_64_65_66_67_68_69_70_71_72_73_75_76_77_78_79_80_81_83_84_86_87_89_90_91_92_93_95_96_99_100_101_103_104_105_107_108_109_111_112_114_115_117_118_119_121_125_127_129_133_135_137_139_141_143_144_146_149_150_152_154_156_160_162_164_166_168_171_173_176_178_180_185_187_189_195_197_199_202_203_209_212_218_220_224_228_229_233_235_241_243_244_245_248_251_255_256_259_262_264_265_268_271_272_282  7.94e+08  6.67e+08  58622.76 -71981.16  14354.68    683.75     81.21    309.16   4450.07  -4176.79      0.00 0
6687 14.0      0_1_2_3_4_5_6_8_9_11_12_13_16_17_18_20_21_24_25_26_28_29_32_33_34_35_38_40_41_44_45_48_49_50_52_53_55_58_59_60_62_63_66_67_71_72_74_75_76_78_79_82_83_86_88_89_91_94_95_96_98_99_100_102_103_106_107_110_111_114_116_117_120_121_124_125_126_128_129_133_134_136_137_140_143_145_146_151_152_154_155_157_161_164_165_167_170_172_175_178_184_187_188_193_194_198_208_209_210_211_215_216_217_221_222_223_236_239_240  1.35e+08  1.12e+08 -60962.39 -23731.48  12349.15    826.01     79.31    201.27   1160.06  -1831.13      0.00 0
6688 14.0      241_244_245_248_251_255_256_259_262_264_265_268_270_271_272_274_279_281_282_284_289_291_295_297_298  1.35e+08  1.09e+08 -49317.09 -54964.79  13620.00    688.59     79.55    228.10   5261.53 -10385.43      0.00 0
6689 14.0      146_152_154_162_164_170_173_176_178_185_187_193_194_197_199_202_203_208_209_212_214_215_216_218_220_221_222_224_228_229_231_232_233_235_236_238_239_240_241_243_244_245_247_248_250_251_253_255_256_258_259_261_262_264_265_267_268_270_271_272_274_277_279_281_282_284_287_289_291_293_295_297_298  5.25e+08  4.40e+08  58537.70 122396.82  14571.30    758.98     83.87     64.44   4336.01 -11056.95      0.00 0
6690 14.0      0_1_2_3_4_5_6_7_8_10_11_12_14_15_16_18_19_20_22_23_24_25_26_27_30_31_32_34_36_37_38_39_42_43_46_47_48_50_51_52_54_56_57_58_60_61_64_65_68_69_70_72_73_74_76_77_80_81_82_84_85_87_90_92_93_94_96_97_98_100_101_104_105_108_112_113_122_123_124_126_130_131_132_138_142_147_153_155_163_174_177_179_186_210  1.32e+08  1.07e+08 -49116.57 -23966.37  13009.83    626.72     76.61    206.01   1294.67   2093.10      0.00 0
6691 14.0      23_31_37_39_47_48_51_57_58_61_65_69_70_73_74_81_85_87_93_94_97_98_101_105_106_109_113_115_119_120_123_124_127_131_132_135_136_139_144_145_149_150_151_156_160_161_166_171_175_180_184_189_195_198_201_204_217_223_225_254  2.29e+08  1.90e+08  20984.26  62317.48  12353.36    828.34     79.36     71.39  -4375.14   -162.15      0.00 0
6692 14.0      0_1_2_3_4_5_6_7_8_9_10_11_12_13_14_15_16_17_18_20_21_22_23_24_25_26_28_29_30_32_33_34_35_37_38_40_41_42_44_45_48_49_50_52_53_54_55_58_59_60_62_63_64_66_67_70_71_72_74_75_76_78_79_82_83_84_86_88_89_90_91_94_95_96_99_100_102_103_106_107_108_110_111_114_116_117_120_121_122_124_125_126_128_129_133_134_136_137_138_140_143_145_146_147_148_151_153_154_155_157_158_161_164_165_167_170_172_175_177_179_181_184_186_187_188_190_193_194_196_198_208_210_211_213_216_217_219_222_223_234_236_240_242_254  4.68e+08  4.07e+08  68165.05  49126.01  13503.41    767.05     80.87     35.78   1188.43  -1422.90      0.00 0
6693 14.0      279_284_291  1.35e+08  1.14e+08 -21381.70  -9390.36   9644.43    657.85     67.56    203.71   4899.04 -10805.36      0.00 0
6694 14.0      64_68_84_90_96_108_112_122_138_142_147_153_163_177_179_186  3.09e+08  2.63e+08 -26507.88 -11763.29   9731.66    770.97     71.45    203.93   5517.74   4176.31      0.00 0
6695 14.0      0_2_3_4_5_8_9_11_12_13_16_17_18_20_21_24_25_26_28_29_32_33_34_35_38_40_41_44_45_48_49_50_52_53_55_58_59_62_63_66_67_71_72_74_75_76_78_79_82_83_86_88_89_91_94_95_98_99_100_102_103_106_107_110_111_114_116_117_120_121_124_125_128_129_133_134_136_137_140_141_143_145_146_148_151_152_154_155_157_158_161_162_164_165_167_168_170_172_173_175_176_178_181_182_184_185_187_188_190_191_193_194_196_197_198_199_200_202_203_205_206_208_209_211_212_213_214_215_216_217_218_219_220_221_222_223_224_226_227_228_229_230_231_232_233_234_235_236_237_239_240_241_242_245_247_248_249_251_252_254_257_262_263_278  8.32e+08  7.35e+08 -124577.50 -42118.70  13914.56    857.80     83.96    198.68  -1427.53  -4452.94      0.00 0
6696 14.0      0_1_2_3_4_5_6_7_8_9_10_11_12_13_14_15_16_17_18_19_20_21_22_23_24_25_26_27_28_29_30_31_32_33_34_35_36_37_38_39_40_41_42_43_44_45_46_47_48_49_50_51_52_53_54_55_56_57_58_59_60_61_62_64_65_66_67_68_69_70_71_72_73_74_76_77_78_79_80_81_82_84_85_87_88_90_91_92_94_96_97_98_101_102_104_106_108_110_112_113_116_118_120_122_124_126_128_130_132_136_138_140_142_145_147_151_153_159_161_163_167_169_172_174_175_177_184_186_192_196_198_211_217_219_223_234_242_254  2.82e+08  2.42e+08  46878.50  58765.73  13742.62    679.54     79.64     51.42  -2310.02  -2163.63      0.00 0
6697 14.0      4_10_12_17_18_21_22_25_26_30_33_34_38_41_42_46_49_50_53_54_59_60_63_64_67_68_71_72_75_76_80_83_84_86_89_90_95_96_99_100_104_107_108_111_112_114_118_121_122_125_126_129_130_133_134_137_138_141_142_143_146_152_154_159_162_164_168_169_173_176_178_185_187_197_199_202_203_209_212_218_220_224_228_233_235_241_243_244_248_251_255_256_258_259_264_265_268_271_272_274_279_282  9.33e+08  8.09e+08  22418.53 -65330.29  12751.46    788.26     79.54    288.94   5708.49  -8363.81      0.00 0
6698 14.0      246_250_253_260_261_266_267_270_275_276_277_280_283_286_288_290  2.51e+08  2.17e+08 -18040.23  -6975.62   8526.76    734.28     66.21    201.14   -204.18  -9962.52      0.00 0
6699 14.0      0_1_2_3_4_5_6_7_8_9_10_11_12_13_14_15_16_17_18_19_20_21_22_23_24_25_26_27_28_29_30_31_32_33_34_35_36_37_38_39_40_41_42_43_44_45_46_47_48_49_50_51_52_53_54_55_56_57_58_59_60_61_62_63_64_65_66_67_68_69_70_71_72_73_74_75_76_77_78_79_80_81_82_83_84_85_86_87_88_89_90_91_92_93_94_95_96_97_98_99_100_101_102_103_104_105_106_107_108_109_110_111_112_113_114_115_116_117_118_119_120_121_122_123_124_125_126_127_128_129_131_132_133_134_135_136_137_138_139_140_141_143_144_145_146_147_148_150_151_152_154_155_157_158_160_161_162_164_165_166_167_168_170_171_172_173_175_176_178_179_181_182_184_185_187_188_190_191_193_194_196_197_198_199_200_202_203_205_206_208_209_211_212_213_214_215_216_217_218_219_220_221_222_223_224_226_227_228_229_230_231_232_233_234_235_236_237_238_239_240_241_242_243_244_245_246_247_248_249_250_251_252_253_254_255_256_257_258_259_260_261_262_263_264_265_266_267_268_269_270_271_272_273_274_275_276_277_278_279_280_281_282_283_284_285_286_287_288_289_290_291_292_293_294_295_296_297_298  3.39e+08  2.83e+08 299717.50 -106665.67  11498.60    655.46     87.93    340.41   4891.89  -7009.42      0.00 0
