#event_number primary_type du_ids energy_primary em_energy Xmax_pos(x, y, z), Xmax_grams zenith azimuth shower_core_pos_x shower_core_pos_y shower_core_pos_z, N_tested_cores, units are degrees, GeV and meters
106000 5626.0    67_79_89_103_107_111_129_137_141_162_168_173_185_197_199_212_218_224_235_241_244  5.62e+08  4.48e+08  18566.86 -19233.26  10406.59    617.62     68.73    313.99   3271.08  -4959.63      0.00 0
106001 5626.0    61_65_77_81_87_92_93_97_101_105_109_119_123_131_135  2.40e+08  1.88e+08  19080.94  11003.07   9664.21    624.66     66.31     29.97  -2471.14   2379.29      0.00 0
106002 5626.0    111_129_141_168_173_191_197_212_214_220_231_235_238_243_253_258_264_270_274_284  4.47e+08  3.52e+08   3193.70 -28338.49  10804.46    595.80     69.25    276.43   2671.85  -7150.60      0.00 0
106003 5626.0    2_8_13_16_20_28_32_35_40_44_52_55_58_62_66_78_82_88_102_106_110_116_128_136_140_157_161_167_172_190_196_198_205_211_213_219_230_234_237_242_252_254_257_263_269_273_278_283_285_292  3.72e+08  2.92e+08  11823.22  36216.01  11712.92    619.08     72.91     71.92  -2456.79  -5993.47      0.00 0
106004 5626.0    0_1_2_3_4_5_6_8_9_10_12_13_14_16_17_18_20_21_22_25_26_28_29_30_33_34_35_38_40_41_42_44_45_46_49_50_52_53_54_55_59_60_62_63_64_66_67_68_71_72_75_76_78_79_82_83_84_86_88_89_90_91_95_96_99_100_102_103_108_110_112_114_116_117_122_126_128_134_138_140_142_147_148_153_157_163_167_172_177_181_186_190_196_211_213_219_234_237_242  2.09e+08  1.60e+08 -28188.74 -43109.75  13186.64    576.33     75.64    236.82    938.51  -1008.73      0.00 0
106005 5626.0    148_157_161_167_172_181_182_184_190_191_196_197_198_200_205_206_211_212_213_214_217_219_220_223_226_227_230_231_234_235_237_238_242_243_244_246_249_250_252_253_254_255_256_257_258_259_260_261_263_264_266_267_268_269_270_271_272_273_274_275_276_277_278_279_280_281_282_283_284_285_286_287_288_289_290_291_292_293_294_295  2.95e+08  2.25e+08 -122353.48  29510.02  15543.11    617.62     82.96    166.44   6268.91 -10315.27      0.00 0
106006 5626.0    181_182_200_205_213_226_227_230_237_246_249_252_257_260_266_269_273_276_280_283_285_288_290_292  5.62e+08  4.53e+08 -16309.87 -25124.59  10595.59    650.04     70.52    237.01  -1799.02  -9167.00      0.00 0
106007 5626.0    0_1_2_3_4_5_6_7_8_9_10_11_12_13_14_15_16_17_18_19_20_21_22_23_24_25_26_27_28_29_30_31_32_33_34_35_36_37_38_39_40_41_42_43_44_45_46_47_48_49_50_51_52_53_54_55_56_57_58_59_60_61_62_63_64_65_66_67_68_69_70_71_72_73_74_75_76_77_78_79_80_81_82_83_84_85_86_87_88_89_90_92_93_94_95_96_97_98_99_100_101_104_105_106_107_108_109_112_113_114_115_118_119_120_121_122_123_124_125_126_127_130_131_132_133_134_135_138_139_142_143_144_145_146_147_149_150_153_154_155_156_159_160_163_164_165_166_169_170_171_174_177_178_179_180_183_186_187_188_189_192_193_194_195_208_209_210_215_216_221_222_232_236_239_240  3.98e+08  3.07e+08 171721.02  -3926.88  15390.14    649.69     84.88    358.69  -2234.86   1713.05      0.00 0
106008 5626.0    249_252_257_260_261_266_267_269_273_275_276_277_280_281_283_286_287_288_289_291  7.24e+08  5.85e+08  26188.70  -7941.76  10428.33    626.51     69.14    343.13   -483.56 -10224.07      0.00 0
106009 5626.0    164_170_176_178_185_187_193_194_199_202_203_208_209_212_215_216_218_221_222_224_228_229_232_233_235_236_239_240_241_243_244_245_247_248_251_255_256_258_259_262_264_265_268_270_271_272_274_279_282_284_291  6.03e+08  4.77e+08  18520.17  63170.29  13548.72    644.33     78.37     73.66   5320.33  -8506.91      0.00 0
106010 5626.0    140_157_161_167_172_175_181_182_184_190_196_198_200_205_206_211_213_217_219_223_226_227_230_231_234_237_238_242_246_249_250_252_253_254_257_258_260_261_264_266_267_269_270_274_275_276_277_279_281_284_287_289_291  3.02e+08  2.33e+08  48373.68 -31969.29  13237.32    625.36     77.14    326.54   -120.57  -8383.81      0.00 0
106011 5626.0    0_1_2_3_4_5_6_7_8_9_10_11_12_13_14_15_16_17_18_19_20_21_22_23_24_25_26_27_28_29_30_31_32_33_34_35_36_37_38_39_40_41_42_43_44_45_46_47_48_49_50_51_52_53_54_55_56_57_58_59_60_61_62_63_64_65_66_67_68_69_70_71_72_73_74_75_76_77_78_79_80_81_82_83_84_85_86_87_88_89_90_91_92_93_94_95_96_97_98_99_100_101_102_103_104_105_106_107_108_109_110_111_112_113_114_115_116_117_118_119_120_121_122_123_124_125_126_127_128_129_130_132_133_134_135_136_137_138_139_140_141_142_143_145_146_147_148_149_151_152_153_154_155_156_157_158_159_161_162_163_164_165_166_167_168_169_170_172_173_174_175_176_177_178_179_180_181_182_183_184_185_186_187_188_189_190_191_192_193_194_195_196_197_198_199_200_201_202_203_204_205_206_207_208_210_211_212_213_214_216_217_218_219_220_222_223_224_225_226_227_230_231_234_235_237_238_242_243_244_246_249_250_252_253_254_255_257_258_260_261_263_264_266_267_269_270_273_274_275_276_277_278_280_281_283_284_285_286_287_288_289_290_291_292_293_294_295_296_297_298  2.09e+08  1.56e+08 -74923.43 -245369.84  14298.68    596.42     86.81    253.02   -702.21  -6754.93      0.00 0
106012 5626.0    42_54_64_68_84_90_96_108_112_122_138_142_147_153_163_177_179_186  1.86e+08  1.44e+08  27655.83  16050.87  10637.06    679.79     71.60     30.13   5289.46   4324.80      0.00 0
106013 5626.0    0_1_2_3_4_5_6_7_8_9_10_11_12_13_14_15_16_17_18_19_20_21_22_23_24_25_26_27_28_29_30_31_32_33_34_35_36_37_38_39_40_41_42_44_45_47_48_49_50_51_52_53_54_55_57_58_59_60_62_63_66_67_69_70_71_72_73_74_75_76_78_81_82_83_84_85_86_88_94_95_96_97_98_99_100_106_113_114_120_124_125_126_131_132_133_134_143_154_155_164_165_170_188_193_194_208_221_222_236  6.31e+08  5.00e+08  53899.70   3580.01  12829.16    645.26     76.64      3.80   -103.81   -320.63      0.00 0
106014 5626.0    275_277_279_281_284_286_287_289_291_293_295  7.94e+08  6.39e+08  36832.87    385.73  11374.13    648.57     72.84      0.60   4954.99 -11256.52      0.00 0
106015 5626.0    99_114_125_133_143_154_164_178_187_193_209_215_221_232_239  1.26e+08  9.61e+07  24693.42  -5973.96  10528.61    576.63     67.49    346.40   6222.69  -1448.78      0.00 0
106016 5626.0    82_88_94_98_102_106_110_113_116_117_120_124_128_132_136_140_145_148_151_157_158_161_167_172_175_181_182_184_190_191_196_198_200_205_206_213_214_226_227_230_231_238_246_250_253_258_261_267_270_274_281_284  2.00e+08  1.54e+08 -32962.39  35298.40  12724.27    603.82     75.24    133.04  -1896.67  -4592.72      0.00 0
106017 5626.0    71_75_83_86_95_99_100_107_111_114_121_122_125_126_129_133_134_137_141_143_146_147_152_153_154_155_158_162_164_165_168_170_173_176_177_178_179_182_185_186_187_188_191_193_194_197_199_202_203_206_208_209_210_212_214_215_216_218_220_221_222_224_227_228_229_231_232_233_235_236_238_239_240_241_243_244_245_246_247_248_250_251_253_255_256_258_259_260_261_262_264_265_267_268_270_271_272_274_275_277_279_281_282_284_286_287_289_291_293_294_295_297_298  7.59e+08  5.91e+08 -62755.66 -196758.00  15238.63    620.68     85.78    252.31   4531.98  -9823.64      0.00 0
106018 5626.0    102_110_116_117_128_129_136_140_148_151_157_158_161_167_168_172_173_175_181_182_184_190_191_196_197_199_200_206_212_214_220_224_235_238_243_244_255_256_259_272  1.51e+08  1.15e+08 -35408.99  12880.82  11764.58    606.59     72.66    160.01    763.36  -5649.29      0.00 0
106019 5626.0    0_1_2_3_4_5_6_7_8_9_10_11_12_13_14_15_16_17_18_19_20_21_22_23_24_25_26_27_28_29_30_31_32_33_34_35_36_37_38_39_40_41_42_43_44_45_46_47_48_49_50_51_52_53_54_55_56_57_58_59_60_61_62_63_64_65_66_67_68_69_70_71_72_73_74_75_76_77_78_79_80_81_82_83_84_85_86_87_88_89_90_91_92_93_94_95_96_97_98_99_100_101_102_103_104_105_106_107_108_109_110_111_112_113_114_115_116_117_118_119_120_121_122_123_124_125_126_127_128_129_130_131_132_133_134_135_136_137_139_141_143_144_146_148_149_150_152_154_156_157_158_160_162_164_166_168_170_171_173_176_178_180_182_185_187_189_191_193_195_197_199_202_203_206_209_212_214_215_218_220_224_228_229_232_233_235_238_239_241_243_244_245_247_248_251_255_256_258_259_262_264_265_268_271_272_279_282  3.24e+08  2.44e+08 -123798.55 114038.14  15525.46    635.68     84.73    137.35  -3188.35   2748.68      0.00 0
106020 5626.0    0_1_2_3_4_5_6_7_8_9_10_11_12_13_14_16_17_18_20_21_22_25_26_28_29_30_32_33_34_35_36_38_40_41_42_44_45_46_49_50_52_53_54_55_58_59_60_62_63_64_66_67_68_71_72_75_76_78_79_82_83_84_86_88_89_90_91_95_96_99_100_102_103_106_107_108_110_111_112_114_116_117_121_122_125_126_128_129_133_134_136_137_138_140_141_142_143_146_147_148_152_153_154_155_157_158_161_162_163_164_165_167_168_170_172_173_174_176_177_178_179_181_182_185_186_187_188_190_191_193_194_196_197_198_199_200_202_203_205_206_208_209_210_211_212_213_214_215_216_219_220_221_222_223_226_227_230_231_234_236_237_238_240_242_246_249_250_252_253_254_257_260_261_263_266_267_269_273_275_276_277_278_280_283_285_286_288_290_292_294_296  6.92e+08  5.42e+08 -80599.09 -117272.39  15483.75    641.29     83.79    235.50   4879.59   1774.12      0.00 0
106021 5626.0    0_1_2_3_4_5_6_7_8_9_11_13_14_15_16_17_19_20_21_23_24_27_28_29_31_32_35_36_37_39_40_41_43_44_45_47_48_51_52_53_55_57_58_61_62_63_65_66_67_69_70_73_74_77_78_79_81_82_85_87_88_89_91_93_94_97_98_101_102_103_105_106_109_110_111_113_116_117_119_120_123_124_127_128_129_131_132_135_136_139_140_141_144_148_150_157_158_160_166_167_168_171_173_181_182_191_195_197_200_206_214_220_227_231_238_243_250_253_258_264_270_274_284  2.19e+08  1.67e+08  39615.29 -68920.95  14418.04    614.26     79.72    299.89  -3955.91   2995.79      0.00 0
106022 5626.0    0_1_2_3_4_5_6_7_8_9_10_11_12_13_14_15_16_17_18_19_20_21_22_23_24_27_28_29_30_31_32_35_36_39_40_41_42_43_44_45_46_52_55_56_58_62_66_67_68_77_78_79_80_82_88_91_102_110_116_117_128_148_157_167_181_190_205  3.89e+08  3.06e+08   6533.84  33488.88  11198.40    632.90     71.83     78.96   -514.23  -1847.34      0.00 0
106023 5626.0    41_49_53_59_63_67_71_75_79_83_86_89_91_95_99_103_107_111_114_117_121_125_129_133_134_137_143_164_165_170  1.74e+08  1.34e+08  21981.39  19433.81  10969.89    587.87     69.50     41.48   2985.36  -1607.09      0.00 0
106024 5626.0    56_61_65_77_80_87_92_101_104_105_109_112_115_118_130_142  4.79e+08  3.84e+08 -19727.71  -6204.98   9516.35    614.48     65.29    197.46    -65.91   3405.69      0.00 0
106025 5626.0    0_1_2_3_4_5_6_7_8_9_10_11_12_13_14_15_16_17_18_19_20_21_23_24_25_26_27_28_29_30_31_32_33_35_36_39_40_41_43_44_45_47_49_51_53_55_57_59_61_63_65_67_77_78_79_81_83_87_89_91_103_107_111_117_129_137_141_162_168_173_197_212  1.78e+08  1.37e+08  17772.57 -31285.39  11600.78    605.26     72.13    299.60    814.99  -1701.36      0.00 0
106026 5626.0    41_44_45_55_62_63_66_67_78_79_83_88_89_91_95_102_103_106_107_110_111_116_117_120_121_125_128_129_136_137_140_141_145_146_148_151_152_154_157_158_161_162_167_168_172_173_175_176_178_181_182_184_185_187_190_191_193_196_197_198_199_200_202_203_205_206_209_211_212_213_214_215_217_218_219_220_221_223_224_226_227_228_229_230_231_232_233_234_235_237_238_239_241_242_243_244_245_246_247_248_249_250_251_252_253_254_255_256_257_258_259_260_261_262_263_264_265_266_267_268_269_270_271_272_273_274_275_276_277_278_279_280_281_282_283_284_285_286_287_288_289_290_291_292_293_294_295_296  1.07e+08  7.75e+07 239335.61  36538.02  14807.99    584.96     86.50      8.68   2777.85  -6860.16      0.00 0
106027 5626.0    109_115_119_127_135_139_144_149_150_156_160_166_171_180_183_189_195_201_204_207  7.08e+08  5.67e+08  26654.84  19709.14  10969.77    650.15     71.69     36.48  -2387.42   4735.37      0.00 0
106028 5626.0    7_14_15_19_23_27_30_31_36_37_39_42_43_46_47_51_56_57_61_64_65_68_69_73_77_80_81_85_87_90_92_93_97_104_112  2.24e+08  1.75e+08  24125.83  13323.67  10645.73    600.22     68.88     28.91   -690.09   1955.93      0.00 0
106029 5626.0    148_158_181_182_190_200_205_213_226_230_237_252_257  1.82e+08  1.40e+08 -17403.59 -14007.86   9751.11    619.39     66.42    218.83   -771.24  -6634.21      0.00 0
106030 5626.0    0_1_2_3_4_5_6_7_8_10_11_12_13_14_15_16_18_19_20_22_23_24_27_28_30_31_32_37_40_42_47_48_52_58_62_66_69_70_74_82_85_88_94_98_106_120_124_132_136_145_151_161_175_184_217  1.95e+08  1.51e+08 -34470.98 -25228.95  12265.06    603.25     73.98    216.20  -4200.54  -2543.31      0.00 0
106031 5626.0    62_66_78_82_88_91_94_98_102_106_110_116_120_124_128_132_136_145_151_175  5.13e+08  4.08e+08 -28077.43  11808.43  10732.46    639.15     70.59    157.19  -4058.53  -2197.54      0.00 0
106032 5626.0    0_1_2_3_4_5_6_7_8_9_10_11_12_14_15_16_17_18_19_22_23_24_25_26_27_30_31_33_34_36_37_38_39_42_43_46_47_48_49_50_51_54_57_60_61_69_70_71_72_73_75_76_81_84_85_86_93_97_100_114_123_131  2.09e+08  1.60e+08  32167.90  -3449.11  11196.66    605.94     70.91    353.88   -117.18    632.63      0.00 0
106033 5626.0    0_1_2_3_4_5_6_7_8_9_10_11_12_13_14_15_16_17_18_19_20_21_22_23_24_25_26_27_28_29_30_31_32_33_34_35_36_37_38_39_40_41_42_43_44_45_46_47_48_49_50_51_52_53_54_55_56_57_58_59_60_61_62_63_64_65_66_67_68_69_70_71_72_73_74_75_76_77_78_79_80_81_82_83_84_85_86_87_88_89_90_91_92_93_94_95_97_98_99_101_102_103_104_105_106_107_109_110_111_112_113_115_116_117_118_119_120_121_123_124_127_128_129_130_131_132_135_136_137_139_140_141_144_145_148_149_150_151_152_156_157_158_159_160_161_162_166_167_168_171_172_173_175_180_181_182_183_184_185_189_190_191_195_196_197_198_199_200_201_204_205_206_207_211_212_213_214_217_219_220_223_224_225_226_227_230_231_234_235_237_238_242_243_244_246_249_250_252_253_254_255_257_258_259_260_261_263_264_266_267_269_270_271_273_274_275_276_277_278_279_280_281_283_284_285_286_287_288_289_290_291_292_293_294_295_296_297_298  6.17e+08  4.77e+08  81093.18 -267076.66  13358.12    619.32     87.26    286.89     71.25 -10094.66      0.00 0
106034 5626.0    116_117_128_129_140_141_148_157_158_161_162_167_168_172_173_181_182_184_185_190_191_196_197_198_199_200_203_205_206_211_212_213_214_217_218_219_220_223_224_226_227_228_230_231_233_234_235_237_238_241_242_243_244_245_246_248_249_250_251_252_253_254_255_256_257_258_259_260_261_262_263_264_265_266_267_268_269_270_271_272_273_274_275_276_277_278_279_280_281_282_283_284_285  2.14e+08  1.61e+08 -111180.80    931.45  15230.41    627.85     82.20    179.52   -747.82  -7581.51      0.00 0
106035 5626.0    5_8_9_13_17_20_21_25_28_29_33_35_38_40_41_44_45_49_52_53_55_59_62_63_66_67_71_75_78_79_82_83_86_88_89_91_95_99_102_103_106_107_110_111_114_116_117_120_121_125_128_129_133_136_137_140_141_143_145_146_148_151_152_154_157_161_164_165_167_170_172_175_178_184_187_193_194_198_208_211_215_217_221_222_223_236  4.68e+08  3.72e+08  48599.13  17717.46  12581.23    657.47     76.33     20.03    625.55  -2693.45      0.00 0
106036 5626.0    7_14_15_19_23_27_31_36_37_39_43_46_47_51_56_57_61_65_69_73_77_80_81_87_92_101_104_109_115_118_127_130_149_156_159_169_180_183_192_201_207  1.51e+08  1.15e+08  16760.33  33425.89  11632.15    620.48     72.72     63.37    428.35   4966.53      0.00 0
106037 5626.0    0_1_2_3_4_5_6_7_8_9_10_11_12_13_14_15_16_17_18_19_20_21_22_23_24_25_26_27_28_29_30_31_32_33_34_35_36_37_38_39_40_41_42_43_44_45_46_47_48_49_50_51_52_53_54_55_56_57_58_59_60_61_62_63_64_65_66_67_68_69_70_71_72_73_74_75_76_77_78_79_80_81_82_83_84_85_86_87_88_89_90_91_92_93_94_95_96_97_98_99_100_101_102_103_104_105_106_107_108_109_110_111_112_113_114_115_116_117_118_119_120_121_122_123_124_125_126_127_128_129_130_131_132_133_134_135_136_137_138_139_140_141_142_143_145_147_148_149_151_153_155_156_157_158_159_161_163_164_165_167_169_170_172_174_175_177_179_180_181_182_183_184_186_188_190_192_194_196_198_200_201_205_207_210_211_213_216_217_219_223_226_230_234_237_242_252_254_257_263_269_273_278_283_285_292  6.03e+08  4.80e+08 122691.57 142039.25  14903.54    693.06     85.46     49.18  -2882.81  -3448.60      0.00 0
106038 5626.0    243_255_264_271_279  2.75e+08  2.19e+08 -15334.82  12325.11   9153.23    642.15     65.05    141.21   5489.09  -9366.94      0.00 0
106039 5626.0    102_110_116_128_140_148_157_167_181_190_196_200_205_213_219_226_230_237_249_252_257_260_266_269_276_280_283_288_290  1.32e+08  1.01e+08   4493.51  32508.04  11363.95    590.93     70.90     82.13  -1609.00  -7360.14      0.00 0
106040 5626.0    63_75_83_89_95_99_103_107_111_114_117_121_125_129_133_137_141_143_146_148_152_154_157_158_162_164_165_168_170_173_181_182_185_190_191_197_199_200_205_206_212_213_214_220_226_227_230_231_237_238_246_249_250_252_253_257_260_261_266_267_269_273_275_276_277_280_283_285_286_287_288_290_292_294_296  4.27e+08  3.33e+08  31155.41  49917.24  13379.39    613.86     77.19     58.03    127.58  -7761.70      0.00 0
106041 5626.0    158_168_173_191_197_212_214_220_235_238_243_244_255_259_264_271  5.62e+08  4.50e+08 -17929.75  14986.28   9446.04    689.06     67.99    140.11   3265.15  -6863.98      0.00 0
106042 5626.0    95_99_114_121_125_126_133_134_137_141_143_146_147_152_154_155_162_164_165_170_173_176_177_178_179_185_187_188_193_194_197_199_202_203_208_209_210_212_214_215_216_218_220_221_222_224_228_229_232_233_235_236_238_239_240_241_243_244_245_248_251_253_255_256_258_259_264_268_270_271_272_274_279_281_284_291  3.39e+08  2.61e+08 -13517.24 -67524.52  13985.55    608.14     78.52    258.68   5142.01  -3982.71      0.00 0
106043 5626.0    80_90_92_101_104_108_112_115_118_122_126_127_130_138_139_142_147_149_153_155_156_159_160_163_166_169_171_174_177_179_180_183_186_188_189_192_195_201_204_207_210_216_240  1.41e+08  1.06e+08  52202.71 -17012.07  13211.88    602.76     76.47    341.95   1239.78   4655.06      0.00 0
106044 5626.0    158_168_191_197_214_220_235_238_243_255_258_264_271_274_279  2.45e+08  1.93e+08 -15377.59  18720.99   9951.02    631.86     67.67    129.40   3057.34  -7504.67      0.00 0
106045 5626.0    244_255_259_271  7.08e+08  5.76e+08   9218.50 -19026.99   8909.22    720.32     67.15    295.85   6271.62  -9998.59      0.00 0
106046 5626.0    0_1_2_3_4_5_6_7_8_9_10_11_12_13_14_15_16_17_18_19_21_22_23_25_26_27_29_30_31_33_34_35_36_38_39_41_42_43_45_46_49_50_51_53_54_56_57_59_60_61_63_64_65_67_68_71_72_75_76_77_79_80_81_83_84_87_89_90_92_95_101_104_105_107_109_111_115_118_121_127_135_137_139_141_149_156_160_166_171_180_189_195_204  1.20e+08  9.00e+07 -24115.05  44674.38  13110.45    578.98     75.52    118.36   -885.44   3137.83      0.00 0
106047 5626.0    71_72_75_76_83_86_95_96_99_100_107_111_114_121_122_125_126_133_134_137_138_141_143_146_147_152_153_154_155_162_163_164_165_168_170_173_174_176_177_178_179_185_186_187_188_191_193_194_197_199_202_203_208_209_210_212_214_215_216_218_220_221_222_224_228_229_231_232_233_235_236_238_239_240_241_243_244_245_247_248_251_253_255_256_258_259_262_264_265_267_268_270_271_272_274_279_281_282_284_289_291_295  2.14e+08  1.61e+08 -21564.77 -199154.47  15167.52    640.15     85.67    263.82   6355.87  -7413.26      0.00 0
106048 5626.0    0_1_2_3_4_5_6_7_8_9_10_11_12_13_14_15_16_17_18_19_20_21_22_23_24_25_26_27_28_29_30_31_32_33_34_35_36_37_38_39_40_41_42_43_44_45_46_47_48_49_50_51_52_53_54_55_56_57_58_59_60_61_62_63_64_65_66_67_68_69_70_71_72_73_74_75_76_77_78_79_80_81_82_83_84_85_86_87_88_89_90_91_92_93_94_95_96_97_98_99_100_101_102_103_104_105_106_107_108_109_110_111_112_113_114_115_116_117_118_120_121_122_124_125_126_127_128_129_130_132_133_134_136_137_138_140_141_142_143_145_146_147_148_149_151_152_153_154_155_156_157_158_159_161_162_163_164_165_166_167_168_169_170_172_173_174_175_176_177_178_179_180_181_182_183_184_185_186_187_188_189_190_191_192_193_194_196_197_198_199_200_201_202_203_204_205_206_207_208_209_210_211_212_213_214_215_216_217_218_219_220_221_222_223_224_225_226_227_230_231_234_235_236_237_238_240_241_242_243_244_246_249_250_252_253_254_255_257_258_260_261_263_264_266_267_269_270_273_274_275_276_277_278_280_281_283_284_285_286_287_288_289_290_291_292_293_294_295_296_297_298  7.76e+08  6.06e+08 108234.38 241734.53  13834.32    619.10     87.01     65.88   2421.91   1104.29      0.00 0
106049 5626.0    7_11_15_16_19_20_23_24_27_31_32_37_39_43_47_48_51_52_56_57_58_61_62_65_69_70_73_74_77_81_82_85_87_88_92_93_94_97_98_101_105_106_109_110_113_115_118_119_120_123_124_127_131_132_135_136_139_140_144_145_149_150_151_156_160_161_166_171_172_175_180_183_184_189_195_198_201_204_207_211_217_219_223_225_234_242_254_263_278  1.70e+08  1.28e+08  35686.56 119937.52  15209.38    657.77     83.07     73.43  -3965.90   2068.86      0.00 0
106050 5626.0    0_1_2_3_4_5_6_7_8_9_10_11_12_13_14_15_16_17_18_19_20_21_22_23_24_25_26_27_28_29_30_31_32_33_34_35_36_37_38_39_40_41_42_43_44_45_46_47_48_49_50_51_52_53_54_55_56_57_58_59_60_61_62_63_64_65_66_67_68_69_70_71_72_73_74_75_76_77_78_79_80_81_82_83_84_85_86_87_88_89_90_91_93_94_95_96_97_98_99_100_102_103_105_106_107_108_110_111_113_114_116_117_119_120_121_122_123_124_125_126_128_129_131_132_133_134_136_137_140_141_143_144_145_146_147_148_151_152_154_155_157_158_161_162_164_165_167_168_170_172_173_175_176_178_179_181_182_184_185_187_188_190_191_193_194_196_197_198_199_200_202_203_205_206_208_209_210_211_212_213_214_215_216_217_218_219_220_221_222_223_224_226_227_228_229_230_231_232_233_234_235_236_237_238_239_240_241_242_243_244_245_246_247_248_249_250_251_252_253_254_255_256_257_258_259_262_263_264_265_268_272_282  1.58e+08  1.19e+08 275554.44  17432.96  13455.50    620.05     87.21      3.62  -3950.97  -3247.58      0.00 0
106051 5626.0    0_1_2_3_4_5_6_7_8_9_10_11_13_14_15_16_19_20_22_23_24_27_28_29_30_31_32_35_36_37_39_40_42_43_44_45_46_47_48_51_52_55_56_57_58_61_62_65_66_68_69_70_73_74_77_78_79_80_81_82_85_87_88_91_92_93_94_97_98_101_102_104_105_106_109_110_113_115_116_118_119_120_124_127_128_132_135_136_139_140_145_148_149_151_156_157_159_161_166_167_172_175_180_181_183_184_189_190_196_198_200_201_204_205_211_213_217_219_223_225_226_230_234_237_242_249_252_254_257_260_263_266_269_273_276_278_280_283_285_288_290_292_294_296  2.69e+08  2.09e+08 -17208.82 -88121.06  14606.44    637.69     80.76    258.95  -3689.42 -10162.25      0.00 0
106052 5626.0    0_1_2_3_4_5_6_7_8_9_10_11_12_13_14_15_16_17_18_20_21_22_23_24_25_26_28_29_30_32_33_34_35_37_38_40_41_44_45_48_49_50_52_53_54_55_58_59_60_62_63_66_67_69_70_71_72_74_75_76_78_79_82_83_84_85_86_88_89_91_94_95_96_98_99_100_102_103_106_107_110_114_116_120_121_124_125_126_128_132_133_134_136_140_143_145_147_151_154_155_161_164_165_170_172_175_179_184_188_193_194_198_208_210_216_217_222_236_240  4.07e+08  3.19e+08  63649.16  27240.63  13859.33    626.53     78.68     23.17   -749.00  -1807.59      0.00 0
106053 5626.0    21_25_33_38_41_45_49_53_55_59_63_67_71_72_75_76_79_83_86_89_91_95_99_100_102_103_107_111_114_116_117_121_125_126_128_129_133_134_137_141_143_146_147_148_152_154_155_157_158_162_164_165_167_168_170_173_176_177_178_179_181_182_185_187_188_190_191_193_194_196_197_199_200_202_203_205_206_208_209_210_212_213_214_215_216_218_219_220_221_222_224_226_227_228_229_230_231_232_233_235_236_237_238_239_240_241_242_243_244_245_246_247_248_249_250_251_252_253_255_256_257_258_259_260_261_263_264_266_267_269_270_271_273_274_275_276_277_278_279_280_281_283_284_285_286_287_288_289_290_291_292_293_294_295_296_297_298  2.34e+08  1.77e+08  87825.98 111847.72  15574.39    630.24     83.75     51.86   2515.33  -5529.05      0.00 0
106054 5626.0    0_1_2_3_4_5_6_7_8_9_10_11_12_13_14_15_16_17_18_19_20_21_22_23_24_25_26_27_28_29_30_31_32_33_34_35_36_37_38_39_40_41_42_43_44_45_46_47_48_49_50_51_52_53_54_55_56_57_58_59_60_61_62_63_64_65_66_67_68_69_70_71_72_73_74_75_76_77_78_79_80_81_82_83_84_85_86_87_88_89_90_91_92_93_94_95_96_97_98_99_100_101_102_103_104_105_106_107_108_109_110_111_112_113_114_115_116_117_118_119_120_121_122_123_124_125_126_127_128_129_130_131_132_133_134_135_136_137_138_139_140_141_142_144_145_147_148_149_150_151_153_155_156_157_158_159_160_161_163_166_167_168_169_171_172_174_175_177_179_180_181_182_183_184_186_189_190_191_192_195_196_198_200_201_204_205_206_207_211_213_214_217_219_223_225_226_227_230_231_234_237_242_246_249_250_252_254_257_260_261_263_266_269_273_275_276_278_280_283_285_286_288_290_292_294_296  9.55e+08  7.57e+08 100930.33 240927.33  13598.24    658.74     87.02     67.27  -4265.13  -7070.79      0.00 0
106055 5626.0    121_129_137_141_146_148_152_154_158_162_168_173_176_178_181_182_185_187_191_193_197_199_200_202_203_205_206_209_212_213_214_215_218_220_221_224_226_227_228_229_230_231_232_233_235_236_237_238_239_241_242_243_244_245_246_247_248_249_250_251_252_253_255_256_257_258_259_260_261_262_263_264_265_266_267_268_269_270_271_273_274_275_276_277_278_280_281_283_284_285_286_287_288_289_290_292_293_294_296_297  5.50e+08  4.29e+08  69591.72  54371.01  14303.62    671.30     80.80     38.00    -84.52  -8960.70      0.00 0
106056 5626.0    196_211_219_234_242_254_257_263_273_278_285  6.92e+08  5.49e+08 -11065.06 -25028.68  10586.91    604.62     68.85    246.15  -4375.40  -8840.88      0.00 0
106057 5626.0    0_1_2_3_4_5_6_7_8_9_10_11_12_13_14_15_16_17_18_19_20_21_22_23_24_25_26_27_28_29_30_31_32_33_34_35_36_37_38_39_40_41_42_43_44_45_46_47_49_50_51_52_53_54_55_56_57_59_60_61_63_64_65_66_67_68_71_72_73_75_76_77_78_79_80_81_83_84_86_87_89_90_91_92_95_96_99_100_101_103_104_105_107_108_109_111_112_114_115_117_118_121_125_127_129_130_133_135_137_139_141_146_149_152_154_156_158_159_160_162_166_168_171_173_176_178_180_185_189_191_195_197_199_202_203_204_206_212_214_218_220_224_228_231_233_235_238_241_243_244_248_251_253_255_256_258_259_264_265_268_270_271_272_274_279_282_284  1.15e+08  8.58e+07 -47171.94  88419.47  15066.76    617.79     81.45    118.08   5594.52  -8628.22      0.00 0
106058 5626.0    255_259_264_271_274_279  2.34e+08  1.84e+08   6963.38  20165.94   9583.56    620.27     65.81     70.95   4854.55  -9408.53      0.00 0
106059 5626.0    0_1_2_3_4_5_6_7_8_9_10_11_12_13_14_15_16_17_18_19_20_21_22_23_24_25_26_27_28_29_30_31_32_33_34_35_36_37_38_39_40_41_42_43_44_45_46_47_48_49_50_51_52_53_54_55_56_57_58_59_60_61_62_63_64_65_66_67_68_69_70_71_72_74_75_76_77_78_79_80_81_82_83_84_86_87_88_89_90_91_92_95_96_99_100_101_102_103_104_106_107_108_109_110_111_112_114_115_116_117_118_121_122_125_126_127_128_129_130_133_134_137_138_140_141_142_143_146_147_148_149_152_153_154_155_156_157_158_159_162_163_164_165_167_168_169_170_172_173_174_176_177_178_179_180_181_182_183_185_186_187_188_189_190_191_192_196_197_199_200_201_203_204_205_206_207_210_212_213_214_218_219_220_224_225_226_227_230_231_235_237_238_243_244_246_249_250_252_253_255_257_258_260_261_264_266_267_269_270_271_273_274_275_276_277_279_280_281_283_284_286_287_288_289_290_291_292_293_294_295_296_297_298  4.37e+08  3.39e+08 -20659.01 -163303.66  15559.77    633.45     84.60    262.79   2519.82   5002.07      0.00 0
106060 5626.0    96_100_108_112_114_122_126_130_133_134_138_142_143_147_153_154_155_159_163_164_165_169_170_174_177_178_179_183_186_187_188_192_193_194_201_202_207_208_209_210_215_216_221_222_228_229_232_236_239_240_245_247_262  1.95e+08  1.49e+08  31436.17 -56225.38  13798.01    602.21     77.91    299.21   4632.83   2905.54      0.00 0
106061 5626.0    16_20_23_24_28_32_37_40_44_47_48_52_58_62_66_69_70_74_78_82_88_102_106_110_116_128  4.79e+08  3.83e+08   5862.60 -19665.71   9136.52    666.67     66.00    286.60  -1475.03  -2196.71      0.00 0
106062 5626.0    53_59_63_67_75_79_83_89_91_95_99_102_103_107_111_114_116_117_121_125_128_129_133_134_137_141_143_146_148_152_154_157_158_162_164_165_167_168_170_172_173_176_178_181_182_185_187_188_190_191_193_194_196_197_199_200_202_203_205_206_208_209_211_212_213_214_215_216_218_219_220_221_222_224_226_227_228_229_230_231_232_233_234_235_236_237_238_239_240_241_242_243_244_245_246_247_248_249_250_251_252_253_254_255_256_257_258_259_260_261_262_263_264_265_266_267_268_269_270_271_272_273_274_275_276_277_278_279_280_281_282_283_284_285_286_287_288_289_290_291_292_293_294_295_296_297  3.24e+08  2.48e+08 -120600.27 -97451.25  15749.63    613.17     84.20    218.94   3423.94  -5286.21      0.00 0
106063 5626.0    0_1_2_3_4_5_6_7_8_9_10_11_12_13_14_15_16_17_18_19_20_21_22_23_24_25_26_27_28_29_30_31_32_33_34_35_36_37_38_39_40_41_42_43_44_45_46_47_49_50_51_53_54_55_56_57_59_60_61_63_64_65_67_68_71_72_73_75_76_77_78_79_80_81_83_84_86_87_89_92_95_99_101_103_105_107_109_111_115_121_125_127_129_135_137_139_141_146_152_160_162_166_168_171_173_176_185_197_199_203_212_218_220_224_233_235_241_244_251_255_256_259_268_271_272  1.86e+08  1.43e+08  33614.09 -47212.30  13337.61    612.11     77.04    305.45   2012.59  -2125.85      0.00 0
106064 5626.0    0_1_2_3_4_5_6_7_8_9_10_11_12_13_14_15_16_17_18_19_20_21_22_23_24_25_26_27_28_29_30_31_32_33_34_35_36_37_38_39_40_41_42_43_44_45_46_47_48_49_50_51_52_53_54_55_56_57_58_59_60_61_62_63_64_65_66_67_68_69_70_71_72_73_74_75_76_77_78_79_80_81_82_83_84_85_86_87_88_89_90_91_92_93_94_95_96_97_98_99_100_101_102_103_104_105_106_107_108_109_110_111_112_113_114_115_116_117_118_119_120_121_122_123_124_125_126_127_128_129_131_132_133_134_135_136_137_138_139_140_141_143_144_145_146_147_148_150_151_152_153_154_155_157_158_160_161_162_164_165_167_168_170_171_172_173_175_176_178_179_182_184_185_187_188_191_193_194_197_199_202_203_208_209_210_212_215_216_218_221_222_224_228_229_232_233_235_236_239_240_241_244_245_247_248_251_256_262_265_268_282  6.31e+08  4.88e+08 -207577.41  52872.23  14903.56    643.60     86.02    165.71    823.37   -942.01      0.00 0
106065 5626.0    212_220_224_235_243_244_255_256_259_271_272  9.55e+08  7.77e+08 -17134.32   9206.60   9037.17    653.80     65.08    151.75   5026.59  -7451.37      0.00 0
106066 5626.0    0_1_2_3_4_5_6_7_8_9_10_11_12_13_14_15_16_17_18_19_20_21_22_23_24_25_26_27_28_29_30_31_32_33_34_35_36_37_38_39_40_41_42_43_44_45_46_47_48_49_50_51_52_53_54_55_56_57_58_59_60_61_62_63_64_65_66_67_68_69_70_71_72_73_74_75_76_77_78_79_80_81_82_83_84_85_86_88_89_90_91_92_94_95_96_98_99_100_102_103_104_106_107_108_110_111_112_114_116_117_120_121_122_124_125_126_128_129_130_132_133_134_136_137_138_140_141_142_143_145_146_147_148_151_152_153_154_155_157_158_161_162_163_164_165_167_168_169_170_172_173_174_175_176_177_178_179_181_182_184_185_186_187_188_190_191_193_194_196_197_198_199_200_202_203_205_206_208_209_210_211_212_213_214_215_216_217_218_219_220_221_222_223_224_226_227_228_229_230_231_232_233_234_235_236_237_238_239_240_241_242_243_244_245_246_247_248_249_250_251_252_253_254_255_256_257_258_259_260_261_262_263_264_265_266_267_268_269_270_271_273_274_275_276_277_278_280_281_283_284_285_286_287_288_289_290_292_293_294_295_296_297_298  9.55e+08  7.51e+08 216683.11 206128.33  12377.71    645.68     87.63     43.57  -4278.33  -9005.45      0.00 0
106067 5626.0    258_264_267_270_271_274_279_284  3.72e+08  2.92e+08 -23742.91   2152.42   9894.47    631.75     67.46    174.82   4704.99  -9782.57      0.00 0
106068 5626.0    198_211_217_219_223_234_237_242_252_254_257_263_266_269_273_280_283  6.92e+08  5.58e+08  12749.56 -21498.34   9946.56    648.80     68.30    300.67  -3422.98  -7961.54      0.00 0
106069 5626.0    153_163_174_177_179_186_188_210_216_222_240  2.00e+08  1.53e+08  23414.17 -25686.77  11481.25    603.84     71.72    312.35   5576.57   4146.85      0.00 0
106070 5626.0    40_44_52_55_62_66_78_79_82_88_91_102_103_110_116_117_128_129_141_148_157_158_168_173_181_182_191_197_200_206_212_214_220_227_231_235_238_243_244_250_253_255_258_259_264_267_270_271_274_279_281_284  2.14e+08  1.64e+08  38263.83 -47050.07  13511.34    611.00     77.44    309.12   4586.18  -9896.69      0.00 0
106071 5626.0    231_235_238_243_244_246_250_251_253_255_256_258_259_260_261_264_265_266_267_268_270_271_272_274_275_276_277_279_280_281_282_283_284_285_286_287_288_289_290_291_292_293_294_295_296_297_298  3.24e+08  2.50e+08 -65508.05 -27874.01  14173.84    599.02     78.74    203.05   2033.96 -10414.76      0.00 0
106072 5626.0    96_100_108_114_122_126_133_134_143_164  2.00e+08  1.58e+08  12194.32 -16182.41   9431.38    616.52     65.04    307.00   4122.51    823.94      0.00 0
106073 5626.0    39_43_51_57_61_65_81_87_93_97_105_119_123_131_135_144_150  7.41e+08  5.98e+08 -25986.46   1411.92  10089.12    649.17     68.81    176.89  -4307.10   2232.52      0.00 0
106074 5626.0    11_16_20_23_24_28_31_32_37_40_44_47_48_51_52_57_58_62_66_69_70_73_74_78_81_82_85_88_93_94_97_98_102_105_106_110_113_116_119_120_123_124_128_131_132_135_144_150_160  4.57e+08  3.64e+08 -16989.87  39525.96  11850.44    663.75     74.60    113.26  -3594.58   1712.12      0.00 0
106075 5626.0    0_1_2_3_4_5_6_7_8_9_10_11_12_13_14_15_16_17_18_19_20_21_22_23_24_25_26_27_28_29_30_31_32_33_34_35_36_37_38_39_40_41_42_43_44_45_46_47_48_49_50_51_52_53_54_55_56_57_58_59_60_61_62_63_64_65_66_67_68_69_70_71_72_73_74_76_77_78_79_80_81_82_83_84_85_87_88_89_90_91_92_93_94_97_98_101_102_103_104_105_106_108_109_110_111_112_113_115_116_117_118_119_120_123_124_127_128_129_130_131_132_135_136_139_140_142_144_145_148_149_150_151_156_157_158_159_160_161_166_167_168_169_171_172_175_180_181_182_183_184_189_190_191_192_195_196_198_200_201_204_205_206_207_211_213_217_219_223_225_226_227_230_231_234_237_242_246_249_250_252_254_257_260_261_263_266_267_269_273_275_276_277_278_280_283_285_286_287_288_290_292_293_294_295_296_297_298  5.01e+08  3.97e+08  11146.39 116612.93  15048.11    664.19     82.68     84.54  -1387.09  -2707.62      0.00 0
106076 5626.0    7_10_14_18_19_22_26_27_30_34_36_39_42_43_46_50_51_54_56_57_60_61_64_65_68_72_76_77_80_81_84_86_87_90_92_93_96_100_101_104_105_108_109_112_114_115_118_119_122_123_126_127_130_134_135_138_139_142_143_144_147_149_150_153_155_156_159_160_163_165_166_169_170_171_174_177_179_180_183_186_188_189_192_194_195_201_204_207_208_210_216_221_222_225_236_240  2.57e+08  1.95e+08 133028.89 -29199.62  15806.58    598.60     83.38    347.62   1501.71   4295.47      0.00 0
106077 5626.0    0_3_4_6_7_9_10_12_14_17_18_21_22_25_26_27_30_33_34_36_38_39_41_42_43_46_49_50_53_54_56_59_60_63_64_65_68_71_72_75_76_77_80_83_84_86_87_89_90_92_95_96_99_100_101_104_107_108_109_111_112_114_115_118_121_122_125_126_127_130_133_134_137_138_139_142_143_146_147_149_152_153_154_155_156_159_162_163_164_165_166_169_170_171_174_176_177_178_179_180_183_185_186_187_188_189_192_193_194_195_199_201_202_203_204_207_208_209_210_215_216_218_221_222_224_225_228_229_232_233_236_239_240_241_244_245_247_248_251_256_259_262_265_268_272_282  1.70e+08  1.26e+08 -78600.38 123615.79  15836.14    601.60     83.83    122.45   3909.83   1098.21      0.00 0
106078 5626.0    0_1_2_3_4_5_6_7_8_9_10_11_12_13_14_15_16_17_18_19_21_22_23_25_26_27_28_29_30_31_33_34_35_36_38_39_41_42_43_45_46_49_50_51_53_54_55_56_57_59_60_61_63_64_65_67_68_71_72_75_76_77_79_80_81_83_84_86_87_89_90_92_95_96_99_100_101_103_104_105_107_108_109_111_112_114_115_118_121_122_125_126_127_129_130_133_134_135_137_138_139_141_142_143_146_149_152_154_156_159_160_162_164_166_168_169_171_173_176_178_180_183_185_187_189_192_195_197_199_201_202_203_204_209_212_218_220_224_225_228_229_233_235_241_244_245_248_251_255_256_259_262_265_268_271_272_282  2.14e+08  1.63e+08  46023.38 -72493.29  14292.47    661.57     80.55    302.41   1668.49    441.71      0.00 0
106079 5626.0    3_4_9_10_12_17_18_21_22_25_26_29_30_33_34_36_38_41_42_45_46_49_50_53_54_56_59_60_63_64_67_68_71_72_75_76_80_83_84_86_89_90_92_95_96_99_100_103_104_107_108_111_112_114_118_121_122_125_126_129_130_133_134_137_138_141_142_143_146_147_149_152_153_154_155_158_159_162_163_164_165_168_169_170_173_174_176_177_178_179_180_183_185_186_187_188_191_192_193_194_197_199_201_202_203_207_208_209_210_212_214_215_216_218_220_221_222_224_225_228_229_231_232_233_235_236_238_239_240_241_243_244_245_247_248_251_253_255_256_258_259_262_264_265_268_270_271_272_274_279_281_282_284_291  4.17e+08  3.23e+08 -39653.34 282505.88  12704.82    668.33     87.45     97.99   5881.96   3737.80      0.00 0
106080 5626.0    0_1_2_3_4_5_6_7_8_9_10_11_12_13_14_15_16_17_18_19_20_21_22_23_24_25_26_27_28_29_30_31_32_33_34_35_36_37_38_39_41_42_43_45_46_47_49_50_51_53_54_55_56_57_59_60_61_63_65_67_68_69_71_72_73_75_77_79_80_81_83_87_89_92_93_95_101_105_107_109_111_115_119_121_123_127_135_137_139_144_150_156_160_166_171_189_195  3.31e+08  2.55e+08 -39549.62  49154.66  13698.19    605.38     77.75    128.82  -3687.27   4995.33      0.00 0
106081 5626.0    0_1_2_3_4_5_6_7_10_11_12_14_15_16_18_19_22_23_24_26_27_30_31_32_34_36_37_38_39_42_43_46_47_48_50_51_54_56_57_58_60_61_64_65_68_69_70_72_73_74_76_77_80_81_84_85_87_90_92_93_96_97_98_100_101_104_105_108_109_112_113_115_118_119_122_123_124_126_127_130_131_132_134_135_138_139_142_144_147_149_150_153_155_156_159_160_163_166_169_171_174_177_179_180_183_186_188_189_192_195_201_204_207_210_216_225_240  2.63e+08  1.98e+08 -144989.28 -40590.87  15638.96    625.73     84.07    195.64  -3828.61   2599.54      0.00 0
106082 5626.0    1_7_11_14_15_19_23_24_27_30_31_36_37_39_42_43_46_47_48_51_56_57_61_65_68_69_70_73_74_77_80_81_85_87_93_97_98_113_131_132  5.75e+08  4.66e+08 -25888.06 -13614.60  10634.48    631.86     70.02    207.74  -2684.88    657.48      0.00 0
106083 5626.0    91_102_103_110_111_116_117_128_129_136_137_140_141_148_151_152_157_158_161_162_167_168_172_173_175_176_181_182_184_185_190_191_196_197_198_199_200_202_203_205_206_211_212_213_214_217_218_219_220_223_224_226_227_228_229_230_231_233_234_235_237_238_241_242_243_244_245_247_248_251_254_255_256_257_259_262_263_265_268_282  1.20e+08  8.94e+07 -78667.45  -6633.54  14532.15    597.48     79.57    184.82   -831.74  -5711.87      0.00 0
106084 5626.0    0_1_2_3_4_5_6_7_8_9_10_11_12_13_14_15_16_17_18_19_20_21_22_23_24_25_26_27_28_29_30_31_32_33_34_35_36_37_38_39_40_41_42_43_44_45_46_47_48_49_50_51_52_53_54_55_56_57_58_59_60_61_62_63_64_65_66_67_68_69_70_71_72_73_74_75_76_77_78_79_80_81_82_83_84_85_86_87_88_89_90_91_92_93_94_95_97_98_99_100_101_102_103_105_106_107_109_110_111_113_114_116_117_119_120_121_123_124_125_127_128_129_131_132_133_135_136_137_139_140_141_143_144_145_146_148_150_151_152_154_157_158_160_161_162_164_167_168_171_172_173_175_176_178_181_182_184_185_187_190_191_193_196_197_198_199_200_202_203_205_206_209_211_212_213_214_215_217_218_220_224_226_227_228_229_231_232_233_235_238_239_241_243_244_245_246_247_248_250_251_253_255_256_258_259_262_264_265_267_268_270_271_272_274_279_282_284  8.91e+08  6.93e+08 -185606.34 115979.72  14920.59    631.14     86.10    148.00   3048.50  -4473.81      0.00 0
106085 5626.0    0_1_2_3_4_5_6_7_8_9_10_11_12_13_14_15_16_17_18_19_20_21_22_24_25_26_27_28_29_30_32_33_34_35_36_38_39_40_41_42_43_44_45_46_49_50_52_53_54_55_56_59_60_62_63_64_65_66_67_68_71_72_75_76_77_78_79_80_83_84_86_88_89_90_91_92_95_96_99_100_101_102_103_104_107_108_111_112_114_115_116_117_118_121_122_125_126_128_129_130_133_134_137_138_141_142_143_146_147_148_149_152_153_154_155_156_157_158_159_162_163_164_165_168_169_170_173_174_176_177_178_179_180_181_182_183_185_186_187_188_190_191_192_193_194_197_199_200_201_202_203_204_205_206_207_208_209_210_212_214_215_216_218_220_221_222_224_225_226_227_228_229_230_231_232_233_235_236_238_239_240_241_243_244_245_246_247_248_249_250_251_253_255_256_258_259_260_261_262_264_265_266_267_268_270_271_272_274_275_276_277_279_280_281_282_284_286_287_288_289_291_293_294_295_296_297_298  5.62e+08  4.37e+08  13324.98 278424.41  12998.92    661.25     87.33     87.26   4086.11  -9409.33      0.00 0
106086 5626.0    0_2_3_4_5_8_9_12_13_16_17_18_20_21_25_26_28_29_32_33_34_35_38_40_41_44_45_49_50_52_53_55_58_59_60_62_63_66_67_71_72_76_78_79_82_88_91_102_106_110_116_120_128_136_140_151_161_167_172_184_196_198_211_217_223_234  1.82e+08  1.42e+08 -28328.84 -28131.75  11795.69    631.85     73.54    224.80  -1905.70  -3435.38      0.00 0
106087 5626.0    172_190_196_198_205_211_213_217_219_223_226_227_230_234_237_242_246_249_250_252_257_260_261_266_267_269_270_275_276_277_280_281_284_286_287_289_291_293_295_298  7.94e+08  6.41e+08  32010.09 -31898.56  12041.10    662.78     75.08    315.10    235.43  -9999.48      0.00 0
106088 5626.0    146_152_154_162_164_168_173_176_178_185_187_191_193_197_199_202_203_206_208_209_212_214_215_218_220_221_222_224_227_228_229_231_232_233_235_236_238_239_241_243_244_245_246_247_248_250_251_253_255_256_258_259_260_261_264_267_270_271_274_275_276_277_279_281_284_286_287_288_289_291_293_294_295_296_297_298  6.76e+08  5.34e+08  36562.07  50657.29  13587.18    615.00     77.73     54.18   4270.22  -6248.01      0.00 0
106089 5626.0    25_26_33_38_49_50_53_59_60_63_67_71_72_75_76_83_84_86_89_95_96_99_100_103_107_108_111_114_121_122_125_126_129_133_134_137_138_141_143_146_147_152_153_154_155_158_162_163_164_165_168_170_173_174_176_177_178_179_182_185_186_187_188_191_193_194_197_199_202_203_206_210_212_214_218_220_224_227_231_233_235_238_241_243_244_250_253_255_258_259_261_264_267_270_271_274_275_277_279_281_284_287_289_291_293_295_298  1.58e+08  1.21e+08 -11194.68 -73500.71  14182.71    616.20     79.20    261.34   3273.14  -5110.09      0.00 0
106090 5626.0    0_1_2_3_4_5_6_7_9_10_11_12_14_15_17_18_19_21_22_23_24_25_26_27_30_31_33_34_36_37_38_39_42_43_46_47_49_50_51_53_54_56_57_59_60_61_64_65_68_69_71_72_73_75_76_77_80_81_83_84_86_87_90_92_93_95_96_99_100_101_104_105_108_109_112_114_115_118_119_121_122_123_125_126_127_130_133_134_135_138_139_143_144_146_147_149_150_154_155_156_160_164_165_166_170_171_176_178_187_189_193_194_195_202_208_209_215_221_229_232_236_239_245_247  9.12e+08  7.33e+08  67552.63 -38640.80  14030.68    655.51     79.78    330.23  -1075.69   2746.96      0.00 0
106091 5626.0    95_99_107_111_114_121_125_129_133_134_137_141_143_146_152_154_158_162_164_165_168_170_173_176_178_182_185_187_188_191_193_194_197_199_200_202_203_206_208_209_210_212_214_215_216_218_220_221_222_224_226_227_228_229_231_232_233_235_236_238_239_240_241_243_244_246_250_253_255_258_260_261_267_270_275_276_277_281_286_287_288_289_293_294_295_297  2.57e+08  1.97e+08  31720.91  53980.60  13903.43    576.92     77.48     59.56   4241.22  -3806.89      0.00 0
106092 5626.0    25_26_33_38_49_50_53_59_60_63_71_72_75_76_83_86_89_95_99_107_111_121_125_137_141_152_162_173_185_199_212_224_235  2.19e+08  1.70e+08  -6393.38  27648.72  10593.27    622.03     69.53    103.02   2989.21  -2682.87      0.00 0
106093 5626.0    91_102_103_110_111_116_117_128_129_136_137_140_141_148_151_152_157_158_161_162_167_168_172_173_175_176_181_182_184_185_190_191_196_197_198_199_200_202_203_205_206_211_212_213_214_217_218_219_220_223_224_226_227_228_229_230_231_233_234_235_237_238_241_242_243_244_245_246_247_248_249_250_251_252_253_254_255_256_257_258_259_260_261_262_263_264_265_266_267_268_269_270_271_272_273_274_275_276_277_278_279_280_281_282_283_284_285_286_287_288_289_290_291_292_293_294_295_296_297_298  6.31e+08  4.98e+08 -294459.00  -3083.68  12702.58    629.42     87.53    180.60   -620.36  -9207.08      0.00 0
106094 5626.0    147_153_155_165_170_177_179_186_188_194_208_210_216_222  9.12e+08  7.48e+08   9438.18 -28421.89  10664.00    640.01     70.40    288.37   5495.87   3597.84      0.00 0
106095 5626.0    147_153_155_163_165_177_179_186_188_194_210  3.09e+08  2.44e+08  -7905.08  28524.14  10849.37    608.18     69.87    105.49   4795.85   4330.31      0.00 0
106096 5626.0    200_206_226_227_230_231_238_243_246_250_253_255_258_259_261_264_267_270_271_274_279_281_284  1.17e+08  8.75e+07 -46809.95  15308.89  12883.68    592.92     75.34    161.89   6330.88 -10063.89      0.00 0
106097 5626.0    228_233_241_244_245_248_251_256_259_262_265_268_271_272  1.86e+08  1.44e+08  -9551.71 -21076.18  10147.94    582.39     66.32    245.62   6458.90  -6421.88      0.00 0
106098 5626.0    0_1_2_3_4_5_6_7_8_9_10_11_12_13_14_15_16_17_18_19_20_21_22_23_24_25_26_27_28_29_30_31_32_33_35_36_37_39_40_41_43_44_45_46_47_48_51_52_53_55_56_57_58_59_61_62_63_65_66_67_69_70_73_74_77_78_79_81_82_83_85_87_88_89_91_93_101_102_103_105_106_107_109_110_111_116_117_127_128_129_135_137_139_141_148_157_158_166_167_168_173_181_182_190_191_197_200_205_206_212_214_220_226_227_231_235_238_243_246_249_250_253_255_258_260_261_264_267_270_274_275_277_279_281_284_287_289_291_293_295_298  1.26e+08  9.31e+07  24302.22 -78799.82  14480.95    620.97     80.04    287.14   2322.56 -10218.43      0.00 0
106099 5626.0    173_185_191_197_199_200_202_203_206_212_214_218_220_224_226_227_228_229_230_231_232_233_235_238_241_243_244_245_246_247_248_249_250_251_252_253_255_256_257_258_259_260_261_262_264_265_266_267_268_269_270_271_272_273_274_275_276_277_278_279_280_281_282_283_284_285_286_287_288_289_290_291_292_293_294_295_296_297_298  1.86e+08  1.43e+08 -88007.88 -48984.56  14873.30    643.63     81.60    209.10   4784.95  -7710.98      0.00 0
