#event_number primary_type du_ids energy_primary em_energy Xmax_pos(x, y, z), Xmax_grams zenith azimuth shower_core_pos_x shower_core_pos_y shower_core_pos_z, N_tested_cores, units are degrees, GeV and meters
106900 5626.0    0_1_2_3_4_5_6_7_8_9_10_11_12_13_14_15_16_17_18_19_20_21_22_23_24_25_26_27_28_29_30_31_32_33_34_35_36_37_39_40_41_42_43_44_45_46_47_48_51_52_53_55_56_57_58_61_62_63_65_66_67_68_69_70_73_74_77_78_79_80_81_82_85_87_88_89_91_92_93_94_97_98_101_102_103_104_105_106_109_110_111_113_115_116_117_118_119_120_123_124_127_128_129_131_132_135_136_139_140_144_145_148_149_150_151_156_157_158_160_161_166_167_168_171_172_175_180_181_182_183_184_189_190_191_195_196_198_200_201_204_205_206_211_213_214_217_219_223_225_226_227_230_231_234_237_238_242_246_249_250_252_253_254_257_260_261_263_266_267_269_270_273_275_276_277_278_280_281_283_285_286_287_288_289_290_291_292_293_294_295_296_297_298  2.69e+08  2.05e+08 -28428.46 217401.44  15177.80    601.55     86.04     97.45  -3401.68  -1239.07      0.00 0
106901 5626.0    2_5_8_9_11_13_16_20_21_24_28_29_32_35_37_40_41_44_45_48_52_55_58_62_63_66_67_69_70_74_78_79_82_85_88_89_91_94_97_98_103_106_111_113_124_131_132  9.77e+08  7.91e+08  31477.14 -12640.97  11165.63    634.42     71.78    338.12  -2279.74  -1230.26      0.00 0
106902 5626.0    76_86_96_99_100_108_114_121_122_125_126_133_134_138_142_143_146_147_152_153_154_155_163_164_165_170_174_176_177_178_179_185_186_187_188_193_194_202_203_209_215_218_228_229_233_241_245_248_251_256_265_268_272  3.80e+08  3.00e+08 -10876.99  45834.22  12560.66    612.87     75.07    103.35   4777.28   -136.36      0.00 0
106903 5626.0    53_59_63_67_75_79_83_89_91_95_99_103_107_111_114_116_117_121_125_129_133_137_143_148  1.78e+08  1.37e+08  21020.13  19133.55  10814.40    592.89     69.17     42.31   2320.09  -2486.95      0.00 0
106904 5626.0    0_1_2_3_4_5_6_7_8_9_11_13_15_16_17_19_20_21_23_24_27_28_29_31_32_33_35_37_39_40_41_44_45_47_48_51_52_53_55_57_58_61_62_63_66_67_69_70_73_74_78_79_81_82_83_85_87_88_89_91_93_94_97_98_102_103_105_106_107_109_110_111_113_116_117_119_120_123_124_128_129_131_132_135_136_137_140_141_144_145_148_150_151_157_158_160_161_162_167_168_172_173_175_181_182_184_190_191_196_197_198_199_200_205_206_211_212_213_214_217_219_220_224_226_227_230_231_235_237_238_241_243_244_246_249_250_252_253_255_256_258_259_260_261_264_266_267_270_271_272_274_275_276_277_279_281_284_286_287_289_291_295  1.29e+08  9.53e+07 -88389.15 115190.98  15927.10    590.78     83.74    127.50   3057.65  -9340.56      0.00 0
106905 5626.0    122_126_147_155_165_179_188_194_210_216_222_240  5.75e+08  4.61e+08 -20531.97   7922.63   9591.98    634.65     66.45    158.90   5976.11   1738.25      0.00 0
106906 5626.0    121_146_152_154_162_173_176_185_197_199_212_218_220_224_235_243  2.14e+08  1.68e+08  -5833.04 -22967.63  10019.65    611.05     67.08    255.75   3977.34  -4833.26      0.00 0
106907 5626.0    0_1_2_3_4_5_6_7_8_10_11_14_15_16_18_19_20_22_23_24_27_30_31_32_36_37_39_40_42_43_46_47_48_51_52_54_56_57_58_61_62_64_65_68_69_70_73_74_80_81_82_85_90_94_98_106_113_120_124_132_136_145_151_175_184  5.50e+08  4.36e+08 -29985.59 -25268.10  11645.02    643.42     73.46    220.12  -3208.39  -1386.64      0.00 0
106908 5626.0    0_1_2_3_4_5_6_7_8_9_10_11_13_14_15_16_19_20_23_24_27_28_29_31_32_35_36_37_39_40_41_43_44_45_47_48_51_52_55_56_57_58_61_62_65_66_67_69_70_73_74_77_78_79_81_82_85_87_88_91_92_93_94_97_98_101_102_103_105_106_109_110_113_115_116_117_119_120_123_124_127_128_129_131_132_135_136_139_140_144_145_148_150_151_156_157_158_160_161_166_167_171_172_175_181_182_184_189_190_191_195_196_198_200_204_205_206_211_213_214_217_219_223_226_227_230_231_234_237_242_246_249_250_252_253_254_257_260_261_263_266_267_269_270_273_275_276_277_278_280_281_283_285_286_287_288_289_290_291_292_293_294_295_296_297_298  1.48e+08  1.07e+08  49748.60 -250789.25  14697.40    558.26     86.71    281.22  -3022.17  -9778.62      0.00 0
106909 5626.0    91_103_116_117_128_148_157_158_167_172_181_182_190_196_200_205_211_213_219_226_230_234_237_242_252_254_257_263_269_273_278_283_285  2.51e+08  1.91e+08  31935.71  34475.36  12565.65    611.03     75.03     47.19  -3962.34  -8872.04      0.00 0
106910 5626.0    59_75_95_99_121_125_133_146_152_154_176_178_187_202_203_209_228_229_232_245_247  4.27e+08  3.38e+08  24488.22 -13775.89  10673.09    606.04     69.20    330.64   5569.98  -2830.80      0.00 0
106911 5626.0    0_1_2_3_4_5_6_7_8_9_10_11_12_13_14_15_16_17_18_19_20_21_22_23_24_25_26_27_28_29_30_31_32_33_34_35_36_37_38_39_40_41_42_43_44_45_46_47_48_49_50_51_52_53_54_55_56_57_58_59_60_61_62_63_64_65_66_67_68_69_70_71_72_73_74_75_76_77_78_79_80_81_82_83_84_85_86_87_88_89_90_91_92_93_94_95_97_98_101_102_103_104_105_106_107_109_110_111_112_113_115_116_117_118_119_120_121_123_124_127_128_129_130_131_132_135_136_137_139_140_141_144_145_148_149_150_151_152_156_157_158_159_160_161_162_166_167_168_171_172_173_175_180_181_182_183_184_189_190_191_195_196_197_198_199_200_201_204_205_206_211_212_213_214_217_219_220_223_224_225_226_227_230_231_234_235_237_238_242_243_246_249_250_252_253_254_255_257_258_260_261_263_264_266_267_269_270_271_273_274_275_276_277_278_279_280_281_283_284_285_286_287_288_289_290_291_292_293_294_295_296_297_298  1.15e+08  8.44e+07  79982.98 -274231.06  13671.14    562.85     87.26    286.26  -1012.04  -7580.20      0.00 0
106912 5626.0    136_140_145_151_157_161_167_172_175_181_184_190_196_198_200_205_211_213_217_219_223_226_227_230_234_237_242_246_249_250_252_257_260_261_266_267_275_276_277_281_287_289_291_295  1.17e+08  8.93e+07 -27906.56  33093.18  12429.27    588.69     73.98    130.14  -1597.82  -7367.75      0.00 0
106913 5626.0    2_3_5_8_9_12_13_16_17_20_21_25_28_29_32_33_35_38_40_41_44_45_48_49_52_53_55_58_59_62_63_66_67_71_72_74_75_78_79_82_83_86_88_89_91_94_95_99_102_103_106_107_110_111_114_116_117_120_121_124_125_128_129_133_136_137_140_143_145_146_151_152_154_161_164_170_172_175_178_184_187_193_194_198_208_209_215_217_221_222_236_239  3.63e+08  2.82e+08  55540.55  12465.68  13183.41    623.56     76.96     12.65    607.59  -2262.51      0.00 0
106914 5626.0    23_24_31_37_47_48_51_57_58_61_69_70_73_74_81_85_87_93_94_97_98_105_109_119_127_135_139_166  2.45e+08  1.92e+08  -2276.73 -26943.61  10564.06    601.79     68.66    265.17  -2521.34   1738.15      0.00 0
106915 5626.0    0_1_2_3_4_5_6_7_9_10_11_12_13_14_15_17_18_19_21_22_25_26_27_29_30_31_33_34_36_38_39_41_42_43_46_49_50_51_53_54_56_57_59_60_61_63_64_65_67_68_71_72_75_76_77_80_81_83_84_86_87_89_90_92_95_96_99_100_101_104_105_107_108_109_112_114_115_118_119_121_122_125_126_127_130_133_134_135_137_138_139_142_143_146_147_149_150_152_153_154_155_156_159_160_162_163_164_165_166_169_170_171_174_176_177_178_179_180_183_185_186_187_188_189_192_193_194_195_199_201_202_203_204_207_208_209_210_215_216_218_221_222_224_225_228_229_232_233_236_239_240_241_245_247_248_251_256_262_265_268_272_282  7.59e+08  5.98e+08 -177596.44 186429.45  13809.45    647.41     86.93    133.61   5616.75   1150.71      0.00 0
106916 5626.0    176_185_199_202_203_209_212_214_215_218_220_224_228_229_231_232_233_235_238_239_241_243_244_245_247_248_250_251_253_255_256_258_259_261_262_264_265_267_268_270_271_272_274_275_277_279_281_284_287_289_291_293_295  2.00e+08  1.56e+08 -31151.88 -36217.40  12336.82    650.28     75.52    229.30   5302.51  -6013.44      0.00 0
106917 5626.0    47_51_57_61_65_69_73_81_85_87_93_97_101_105_109_127_135  2.45e+08  1.93e+08   8631.11  18128.05   9213.58    643.51     65.35     64.54  -2299.01   2288.88      0.00 0
106918 5626.0    190_196_200_205_213_226_227_230_231_246_249_250_253_260_261_267_270_274_275_277_281_284_289_291  3.16e+08  2.44e+08 -25517.45  23056.78  11360.49    614.67     71.72    137.90   1408.72  -9495.66      0.00 0
106919 5626.0    121_125_133_134_137_143_146_152_154_155_162_164_165_170_173_176_178_179_185_187_188_193_194_197_199_202_203_208_209_210_212_214_215_216_218_220_221_222_224_228_229_232_233_235_236_238_239_240_241_243_244_245_248_251_253_255_256_258_259_264_267_268_270_271_272_274_279_281_284_289_291_295  1.02e+08  7.52e+07  17575.56  65501.42  14155.65    580.83     78.21     74.98   4668.86  -6222.38      0.00 0
106920 5626.0    0_1_2_3_4_5_6_7_8_9_10_11_12_13_14_15_16_17_18_19_20_21_22_23_24_25_26_27_28_29_30_31_32_33_34_35_36_37_38_39_40_41_42_43_44_45_46_47_48_49_50_51_52_53_54_55_56_57_58_59_60_61_62_63_64_65_66_67_68_69_70_71_72_73_74_75_76_77_78_79_80_81_82_83_84_85_86_87_88_89_90_91_92_93_95_96_97_99_100_101_102_103_104_105_107_108_109_111_112_114_115_116_117_118_119_121_122_123_125_126_127_129_130_133_134_135_137_138_139_141_142_143_144_146_147_148_149_150_152_153_154_155_156_158_159_160_162_163_164_165_166_168_169_170_171_173_174_176_177_178_179_180_182_183_185_186_187_188_189_191_192_193_194_195_197_199_201_202_203_204_206_207_208_209_210_212_214_215_216_218_220_221_222_224_225_228_229_231_232_233_235_236_238_239_240_241_243_244_245_247_248_251_253_255_256_258_259_262_264_265_268_270_271_272_274_279_282_284  6.46e+08  5.02e+08 -146107.16 256881.84  12799.58    614.50     87.52    119.63   1946.30   3249.45      0.00 0
106921 5626.0    3_5_8_9_13_17_21_25_28_29_33_35_41_45_49_53_59_63_67_71_75_79_83_89_95_99_107_121_125_133_137_146_152_154_176_178_185_187_202_203_209_215_228_229_232_245_247  5.89e+08  4.71e+08  37844.96 -11686.03  11822.75    624.06     73.38    342.84   5205.38  -2688.14      0.00 0
106922 5626.0    0_3_4_5_6_9_10_12_13_14_17_18_21_22_25_26_28_29_30_33_34_35_36_38_41_42_44_45_46_49_50_53_54_55_56_59_60_63_64_67_68_71_72_75_76_78_79_80_83_84_86_89_90_91_92_95_96_99_100_103_104_107_108_111_112_114_116_117_118_121_122_125_126_129_130_133_134_137_138_141_142_143_146_147_148_149_152_153_154_155_158_159_162_163_164_165_168_169_170_173_174_176_177_178_179_181_182_183_185_186_187_188_191_192_193_194_197_199_200_202_203_206_207_208_209_210_212_214_215_216_218_220_221_222_224_226_227_228_229_231_232_233_235_236_238_239_240_241_243_244_245_246_248_250_251_253_255_256_258_259_260_261_264_265_267_268_270_271_272_274_275_277_279_281_284_286_287_289_291_293_295_297_298  5.50e+08  4.27e+08  -6434.00 -150991.06  15164.51    684.87     84.27    267.56   3641.05  -4050.81      0.00 0
106923 5626.0    249_252_254_257_260_261_263_266_267_269_270_273_275_276_277_278_280_281_283_284_285_286_287_288_289_290_291_292_293_294_295_296_297_298  1.32e+08  9.78e+07 -83733.35  19516.17  14928.19    582.46     80.15    166.88  -3752.73 -10903.68      0.00 0
106924 5626.0    0_1_2_3_4_5_6_7_8_9_10_11_12_13_14_15_16_17_18_19_20_21_22_23_24_25_26_27_28_29_30_31_32_33_34_35_36_37_38_39_40_41_42_43_44_45_46_47_48_49_50_51_52_53_54_55_56_57_58_59_60_61_62_63_64_65_66_67_68_69_70_71_72_73_74_75_76_77_78_79_80_81_82_83_84_85_86_87_88_89_90_91_92_93_94_95_96_97_98_99_100_101_102_103_104_105_106_107_108_109_110_111_112_113_114_115_116_117_118_119_120_121_122_123_124_125_126_127_128_129_130_131_132_133_134_135_136_137_138_139_140_141_142_144_145_146_147_148_149_150_151_152_153_155_156_157_158_159_160_161_162_163_166_167_168_169_171_172_173_174_175_177_180_181_182_183_184_185_186_189_190_191_192_195_196_197_198_199_200_201_204_205_206_207_211_212_213_214_217_219_220_223_224_225_226_227_230_231_234_235_237_238_242_243_246_249_250_252_253_254_255_257_258_260_261_263_264_266_267_269_270_273_274_275_276_277_278_280_281_283_284_285_286_287_288_289_290_291_292_293_294_295_296_297_298  3.16e+08  2.43e+08 -15351.90 -281644.06  13203.04    624.92     87.32    266.88  -1496.24  -7991.07      0.00 0
106925 5626.0    116_117_128_136_140_148_151_157_158_161_167_168_172_173_175_181_182_184_190_191_196_197_198_199_200_205_206_211_212_213_214_217_218_219_220_223_224_226_227_230_231_234_235_237_238_241_242_243_244_246_249_250_251_252_253_254_255_256_257_258_259_260_261_263_264_265_266_267_268_269_270_271_272_273_274_275_276_277_278_279_280_281_282_283_284_285_286_287_288_289_290_291_292_293_294_295_296  1.41e+08  1.05e+08 -157549.92  30111.25  15953.67    589.55     84.32    169.18  -2520.19  -7925.55      0.00 0
106926 5626.0    0_1_2_3_4_5_6_7_8_9_10_11_12_13_14_15_16_17_18_19_20_21_22_23_24_25_26_27_28_29_30_31_32_33_34_35_36_37_38_39_40_41_42_43_44_45_46_47_48_49_50_51_52_53_54_55_56_57_58_59_60_61_62_63_64_65_66_67_68_69_70_71_72_73_74_75_76_77_78_79_80_81_82_83_84_85_86_87_88_89_90_91_92_93_94_95_96_97_98_99_100_101_102_103_104_105_106_107_108_109_110_111_112_113_114_115_116_117_118_120_121_122_124_125_126_127_128_129_130_132_133_134_136_137_138_140_141_142_143_145_147_148_149_151_153_154_155_156_157_158_159_161_163_164_165_167_168_169_170_172_174_175_177_179_181_182_183_184_186_188_190_191_192_194_196_198_200_205_206_207_210_211_213_216_217_219_223_226_227_230_234_237_242_249_252_254_257_263_266_269_273_278_280_283_285_290_292  4.57e+08  3.58e+08  99096.26 137653.39  15227.07    671.41     84.87     54.25   4526.37   5188.50      0.00 0
106927 5626.0    172_181_182_190_196_198_200_205_206_211_213_214_217_219_223_226_227_230_231_234_237_238_242_246_249_250_252_254_257  1.07e+08  8.06e+07  39131.52  -6513.27  12075.32    591.55     73.07    350.55  -3218.12  -6871.52      0.00 0
106928 5626.0    7_11_15_19_23_24_27_31_37_47_48_51_57_69_70_73_74_81_85_97_98_113_131_132  1.95e+08  1.51e+08 -26885.00  -8699.17  10536.90    627.72     69.55    197.93  -4256.51   -100.39      0.00 0
106929 5626.0    7_10_14_15_19_22_27_30_31_36_39_42_43_46_47_51_54_56_57_61_64_65_68_69_73_77_80_81_84_87_90_92_93_96_97_101_104_105_108_109_112_113_115_118_119_122_123_126_127_130_131_135_138_139_142_144_147_149_150_153_156_159_160_163_166_169_171_174_177_179_180_183_186_192_210  2.75e+08  2.11e+08 -70785.25 -15731.60  14029.31    625.01     79.05    192.53    172.23   3558.28      0.00 0
106930 5626.0    3_4_12_17_18_21_25_26_33_38_49_50_53_59_71_72_75_83_86_95_99_121_125_133_146_154_176_178  6.61e+08  5.36e+08 -19535.56  12283.16   9572.66    662.37     67.47    147.84   3150.02  -1255.24      0.00 0
106931 5626.0    0_1_2_3_4_5_6_7_8_9_10_11_12_13_14_15_16_17_18_19_20_21_22_23_24_25_26_27_28_29_30_31_32_33_34_35_36_37_38_39_40_41_42_43_44_45_46_47_48_49_50_51_52_53_54_55_56_57_58_59_60_61_62_63_64_65_66_67_68_69_70_71_72_73_74_75_76_77_78_79_80_81_82_83_84_85_86_87_88_89_90_91_92_93_94_95_96_97_98_99_100_101_102_103_104_105_106_107_108_109_110_111_112_113_114_116_117_119_120_121_122_123_124_125_126_128_129_131_132_133_134_136_137_138_140_141_143_144_145_146_147_148_151_152_153_154_155_157_158_161_162_163_164_165_167_168_170_172_173_175_176_177_178_179_181_182_184_185_186_187_188_190_191_193_194_196_197_198_199_200_202_203_205_206_208_209_210_211_212_213_214_215_216_217_218_219_220_221_222_223_224_226_227_228_229_230_231_232_233_234_235_236_237_238_239_240_241_242_243_244_245_246_247_248_249_250_251_252_253_254_255_256_257_259_262_263_265_268_272_273_278_282  5.62e+08  4.41e+08 300646.03  47671.43  12013.19    662.85     87.74      9.01  -3004.63  -3122.94      0.00 0
106932 5626.0    33_38_49_50_53_59_63_71_72_75_76_83_86_89_95_99_107_111_121_137_141  2.40e+08  1.89e+08  -1026.81  20481.76   9298.29    641.76     65.61     92.87   2633.79  -1686.79      0.00 0
106933 5626.0    0_1_2_3_4_5_6_7_8_9_10_11_12_13_14_15_16_17_18_19_21_22_23_24_25_26_27_30_31_33_34_37_38_42_47_49_50_53_54_59_60_71_72_75_76_84_86_96_99_100_114_126_133_134_143_155_164_165_170_188_193_194_208_216_221_222_236  9.77e+08  7.89e+08  37266.50    956.33  11106.20    695.06     73.41      1.47   3916.24    237.18      0.00 0
106934 5626.0    34_50_60_72_76_84_86_96_100_114_126_133_134_143_155_164_165_170_188_193_194_208_221_222_236_239  3.39e+08  2.67e+08  32461.01  -7817.17  11314.55    605.94     71.28    346.46   6399.84    106.00      0.00 0
106935 5626.0    141_152_162_168_173_176_182_185_191_197_199_200_203_206_212_214_218_220_224_226_227_231_238_246_249_250_260_266  2.63e+08  2.08e+08 -23228.42 -20406.66  11034.13    605.09     70.36    221.30   1941.33  -6488.16      0.00 0
106936 5626.0    0_1_2_3_4_5_6_7_8_9_10_11_12_13_14_15_16_17_18_19_20_21_22_23_24_25_26_27_28_29_30_31_32_34_35_36_37_38_39_40_42_43_44_46_47_48_50_51_52_54_55_56_57_58_60_61_62_64_65_66_68_69_70_73_74_76_77_78_80_81_82_84_85_87_88_90_92_93_94_96_97_98_101_102_104_105_106_108_109_110_112_113_115_118_119_120_122_123_124_127_128_130_131_132_135_136_138_139_140_142_144_145_149_151_153_156_159_161_163_166_169_172_174_175_180_183_184_186_189_192_198_201_207_211_217_223_234_254  9.55e+08  7.57e+08 -67495.25 -81790.99  14922.42    653.38     81.99    230.47  -2676.69   -468.28      0.00 0
106937 5626.0    1_6_7_10_11_14_15_19_22_23_24_27_30_31_36_37_39_42_43_46_47_51_54_56_57_61_64_65_68_69_70_73_77_80_81_84_85_87_90_92_93_97_101_104_105_108_109_112_113_115_118_122_130_131_138_142_153_159_163_169_174_177_186  3.02e+08  2.34e+08  42305.62  25702.00  12718.93    616.52     75.59     31.28   2095.27   3749.66      0.00 0
106938 5626.0    0_1_2_3_4_5_6_7_8_9_10_11_12_13_14_15_16_17_18_20_21_22_23_24_25_26_28_29_30_32_33_34_35_36_37_38_40_41_42_44_45_46_48_49_50_52_53_54_55_58_59_60_62_63_64_66_67_68_71_72_74_75_76_78_79_82_83_84_86_88_89_90_91_94_95_96_99_100_102_103_106_107_108_110_111_114_116_117_120_121_122_124_125_126_128_129_133_134_136_137_138_140_141_143_145_146_147_148_151_152_153_154_155_157_158_161_162_163_164_165_167_168_170_172_173_175_176_177_178_179_181_182_184_186_187_188_190_191_193_194_196_198_200_205_206_208_210_211_213_215_216_217_219_221_222_223_226_230_234_236_237_240_242_249_252_254_257_263_269_273_278_283_285  2.51e+08  1.93e+08 -94663.88 -84461.05  15712.03    599.17     82.94    221.74  -1170.95  -4224.27      0.00 0
106939 5626.0    0_1_2_3_4_5_6_7_8_9_10_11_12_13_14_15_16_17_18_19_20_21_22_23_24_25_26_27_28_29_30_31_32_33_34_35_36_37_38_39_40_41_42_43_44_45_46_47_48_49_50_51_52_53_54_55_56_57_58_59_60_61_62_63_64_65_66_67_68_69_70_71_72_74_75_76_77_78_79_80_81_82_83_84_86_87_88_89_90_91_92_94_95_96_99_100_101_102_103_104_106_107_108_110_111_112_114_115_116_117_118_120_121_122_125_126_128_129_130_133_134_136_137_138_140_141_142_143_146_147_148_149_151_152_153_154_155_157_158_159_161_162_163_164_165_167_168_169_170_172_173_174_176_177_178_179_181_182_183_184_185_186_187_188_190_191_192_193_194_196_197_198_199_200_202_203_205_206_207_208_209_210_211_212_213_214_215_216_217_218_219_220_221_222_223_224_226_227_228_229_230_231_232_233_234_235_236_237_238_239_240_241_242_243_244_245_246_247_248_249_250_251_252_253_254_255_256_257_258_259_260_261_262_263_264_265_266_267_268_269_270_271_272_273_274_275_276_277_278_279_280_281_283_284_285_286_287_288_289_290_291_292_293_294_295_296_297_298  2.51e+08  1.88e+08 -133675.48 -266246.97  12486.58    638.53     87.60    243.34  -1459.51 -11058.12      0.00 0
106940 5626.0    21_25_29_33_38_41_45_49_53_55_59_63_67_71_72_75_79_83_86_89_91_95_99_100_103_107_111_114_116_117  2.51e+08  2.00e+08  15824.65  18567.62   9936.05    637.63     67.84     49.56   1885.91  -1656.36      0.00 0
106941 5626.0    0_1_2_3_4_5_6_7_8_9_10_11_12_13_14_15_16_17_18_19_20_21_22_23_24_25_26_27_28_29_30_31_32_33_34_35_36_37_38_39_40_41_42_43_44_45_46_48_49_50_51_52_53_54_55_56_58_59_60_62_63_64_65_66_67_68_71_72_75_76_77_78_79_80_82_83_84_86_88_89_90_91_92_95_96_99_100_102_103_104_106_107_108_110_111_112_114_115_116_117_118_121_122_125_126_128_129_130_133_134_136_137_138_140_141_142_143_146_147_148_149_152_153_154_155_157_158_159_161_162_163_164_165_167_168_169_170_172_173_174_176_177_178_179_181_182_183_185_186_187_188_190_191_192_193_194_196_197_198_199_200_202_203_205_206_207_208_209_210_211_212_213_214_215_216_218_219_220_221_222_224_226_227_228_229_230_231_232_233_234_235_236_237_238_239_240_241_242_243_244_245_246_247_248_249_250_251_252_253_254_255_256_257_258_259_260_261_262_263_264_265_266_267_268_269_270_271_272_273_274_275_276_277_278_279_280_281_283_284_285_286_287_288_289_290_291_292_293_294_295_296_297_298  5.01e+08  3.86e+08 -88095.41 -241515.41  13653.00    667.11     86.96    249.96   4638.71   1795.28      0.00 0
106942 5626.0    0_1_2_3_4_5_6_7_8_9_10_11_12_13_14_15_17_18_19_21_22_25_26_27_29_30_31_33_34_35_36_38_39_41_42_43_45_46_49_50_51_53_54_56_59_60_61_63_64_65_67_68_71_72_75_76_77_79_80_81_83_84_86_87_89_90_92_95_96_99_100_101_103_104_107_108_109_111_112_114_115_118_121_122_125_126_127_129_130_133_134_137_138_139_141_142_143_146_147_149_152_153_154_156_159_162_163_164_166_168_169_171_173_174_176_178_180_183_185_187_189_192_195_197_199_201_202_203_204_207_209_212_218_220_224_225_228_229_233_235_241_243_244_245_248_251_255_256_259_264_265_268_271_272_279_282  3.72e+08  2.86e+08 -42995.55  87224.73  15176.15    595.12     81.13    116.24    229.72   4308.98      0.00 0
106943 5626.0    33_38_49_53_59_63_67_71_72_75_76_83_86_89_95_99_100_103_107_111_114_121_125_129_137_141_158_168_191  4.37e+08  3.46e+08  -7420.32 -26487.34  10273.54    651.54     69.52    254.35   2441.83  -2566.91      0.00 0
106944 5626.0    246_250_253_258_261_264_267_270_271_274_279  5.62e+08  4.51e+08  20633.99    277.32   9443.47    623.74     65.41      0.77   2475.77  -8990.37      0.00 0
106945 5626.0    114_125_133_134_143_146_147_152_154_155_164_165_170_176_178_179_185_187_188_193_194_202_203_209_218  1.02e+08  7.74e+07   -777.71 -32050.95  11271.38    591.60     70.63    268.61   5275.57  -1188.52      0.00 0
106946 5626.0    25_26_33_34_38_41_49_50_53_59_60_63_67_71_72_75_76_83_84_86_89_95_96_99_100_103_107_108_111_114_121_122_125_126_129_133_134_137_138_141_142_143_146_147_152_153_154_155_158_162_163_164_165_168_170_173_174_176_177_178_179_182_185_186_187_188_191_193_194_197_199_203_206_210_212_214_216_218_220_224_227_231_235_238_243_250_253_258_261_267_270_277_281_289  1.00e+09  8.01e+08  16527.32  71247.23  13899.10    645.78     79.24     76.94   4649.76   2732.79      0.00 0
106947 5626.0    0_1_2_3_4_5_6_7_8_9_10_12_13_14_17_18_19_21_22_25_26_27_28_29_30_33_34_35_36_38_39_41_42_43_45_46_49_50_53_54_55_56_59_60_63_64_65_67_68_71_72_75_76_77_79_80_83_84_86_89_90_91_92_95_96_99_100_101_103_104_107_108_111_112_114_115_117_118_121_122_125_126_127_129_130_133_134_137_138_141_142_143_146_147_149_152_153_154_155_156_158_159_162_163_164_165_168_169_170_173_174_176_177_178_179_180_182_183_185_186_187_188_189_191_192_193_194_197_199_201_202_203_204_206_207_208_209_210_212_214_215_216_218_220_221_222_224_225_228_229_231_232_233_235_236_238_239_240_241_243_244_245_247_248_250_251_253_255_256_258_259_262_264_265_267_268_270_271_272_274_279_281_282_284_289_291  2.14e+08  1.61e+08 -52313.62 266644.81  13574.98    623.13     87.14    101.10   5878.04  -3722.10      0.00 0
106948 5626.0    202_203_209_215_218_228_229_232_233_241_244_245_247_248_251_255_256_259_271  4.68e+08  3.70e+08  -9388.92 -24703.51  10314.30    624.72     68.68    249.19   6240.49  -5199.87      0.00 0
106949 5626.0    8_13_16_20_24_28_29_32_35_37_40_41_44_45_48_52_55_58_62_63_66_67_69_70_74_78_79_82_85_88_89_91_94_97_98_102_103_106_107_110_111_113_116_117_120_123_124_128_129_131_132_136_137_140_141_145_148_151_152_157_158_161_162_167_168_172_173_175_181_182_184_185_190_191_196_197_198_199_200_203_205_206_211_212_213_214_217_218_219_220_223_224_226_227_230_231_233_234_235_237_238_241_242_243_244_246_248_249_250_251_252_253_254_255_256_257_258_259_260_261_263_264_265_266_267_268_269_270_271_272_273_274_275_276_277_278_279_280_281_282_283_284_285_286_287_288_289_290_291_293_294_295_298  5.13e+08  3.99e+08 -203987.84 119870.48  14471.12    637.07     86.50    149.56   6251.35 -10566.35      0.00 0
106950 5626.0    206_214_220_224_226_227_230_231_235_238_241_243_244_246_249_250_251_252_253_255_256_257_258_259_260_261_262_263_264_265_266_267_268_269_270_271_272_273_274_275_276_277_278_279_280_281_282_283_284_285_286_287_288_289_290_291_292_293_294_295_296_297_298  2.14e+08  1.58e+08 -91830.27 -23015.06  15282.40    574.26     80.83    194.07   6444.48  -8651.42      0.00 0
106951 5626.0    31_37_47_51_57_61_65_69_70_73_74_81_85_87_93_94_97_98_101_105_109_113_115_119_123_124_127_131_132_135_139_145_156_166_175_180_189  5.50e+08  4.38e+08 -15212.33 -32489.61  11497.37    617.62     72.23    244.91  -2923.91   1797.72      0.00 0
106952 5626.0    0_1_2_3_4_5_6_7_8_9_10_11_12_13_14_16_17_18_20_21_22_25_26_28_29_30_33_34_35_36_38_40_41_42_44_45_46_49_50_52_53_54_55_56_59_60_62_63_64_66_67_68_71_72_75_76_78_79_80_83_84_86_88_89_90_91_95_96_99_100_102_103_104_107_108_110_111_112_114_116_117_121_122_125_126_128_129_130_133_134_137_138_140_141_142_143_146_147_148_152_153_154_155_157_158_162_163_164_165_167_168_169_170_172_173_174_176_177_178_179_181_182_185_186_187_188_190_191_193_194_196_197_199_200_202_203_205_206_208_209_210_211_212_213_214_215_216_218_219_220_221_222_224_226_227_228_229_230_231_232_233_234_235_236_237_238_239_240_241_242_243_244_245_246_247_248_249_250_251_252_253_254_255_256_257_258_259_260_261_262_263_264_265_266_267_268_269_270_271_272_273_274_275_276_277_278_279_280_281_282_283_284_285_286_287_288_289_290_291_292_293_294_295_296_297_298  1.66e+08  1.22e+08 -101402.92 -227007.88  14118.03    641.32     86.75    245.93   3083.90  -4486.13      0.00 0
106953 5626.0    200_206_214_220_226_227_231_235_238_243_250_253_255_258_259_264_271  4.79e+08  3.80e+08  24411.54  -1672.78  10125.30    612.30     67.52    356.08   2593.00  -7680.41      0.00 0
106954 5626.0    0_1_2_3_4_5_6_7_8_9_10_11_12_13_14_15_16_17_18_19_20_21_22_23_24_25_26_27_28_29_30_31_32_33_34_35_36_37_38_39_40_41_42_43_44_45_46_47_48_49_50_51_52_53_54_55_56_57_58_59_60_61_62_63_64_65_66_67_68_71_72_75_76_77_78_79_80_81_82_83_84_86_87_88_89_90_91_92_95_96_99_100_101_102_103_104_107_108_110_111_112_115_116_117_118_121_122_126_127_128_129_130_137_138_141_142_148_149_153_156_157_158_159_162_163_167_168_169_173_174_180_181_182_183_189_190_191_192_197_200_201_204_205_206_207_212_213_214_220_225_226_227_230_231_238_246_249_250_252_253_258_260_261_266_267_270_275_276_277_280_281_286_287_288_289_291_293_294_295_297_298  2.00e+08  1.52e+08  -3155.38 -87724.21  14595.01    630.68     80.56    267.94    914.28    -61.20      0.00 0
106955 5626.0    1_2_5_7_8_11_13_15_16_19_20_23_24_28_31_32_35_37_39_40_44_47_48_51_52_55_57_58_62_66_70_74_78_82_88_91_102_110_116_128_157  2.51e+08  1.95e+08   2055.64 -25327.92  10189.49    622.31     68.15    274.64  -1148.86  -1698.94      0.00 0
106956 5626.0    0_1_2_3_4_5_6_8_9_10_12_13_14_16_17_18_20_21_22_25_26_28_29_30_33_34_35_36_38_40_41_42_44_45_46_49_50_53_54_55_59_60_62_63_64_66_67_68_71_72_75_76_78_79_83_84_86_88_89_90_91_96_102_103_107_108_110_111_112_116_117_128_129_140_148_157_158_167_168_181_182_190_191_196_200_205_206_213_219_226_227_230_237_246_249_250_252_257_260_261_266_269_273_275_276_280_283_285_286_288_290_292_294_296_297  1.74e+08  1.33e+08  16715.35  59149.61  13716.77    591.42     77.42     74.22   -601.13  -6426.07      0.00 0
106957 5626.0    22_30_36_42_46_54_56_64_68_80_90_104_108_112_118_130_138_142_159_163_169_174_192  2.69e+08  2.09e+08  13152.57  25958.80  11002.03    579.80     69.29     63.13   2087.26   4626.55      0.00 0
106958 5626.0    9_13_21_28_29_33_35_40_41_44_45_49_52_53_55_59_62_63_66_67_75_78_79_82_83_88_89_91_95_99_102_103_106_107_110_111_121_125_133_137_146_152_154_164_178_187_193_209_215_221_239  9.33e+08  7.61e+08  34096.68   4519.19  10851.26    688.29     72.49      7.55   2604.51  -2115.53      0.00 0
106959 5626.0    91_103_107_111_116_117_121_128_129_137_140_141_146_148_152_157_158_162_167_168_172_173_176_181_182_185_190_191_196_200_205_211_213_219_223_234_242_254  3.02e+08  2.37e+08  36299.23  14931.82  12007.54    595.07     72.99     22.36   -115.60  -5181.82      0.00 0
106960 5626.0    0_1_2_3_4_5_6_7_8_9_10_11_12_13_14_15_16_17_18_19_20_21_22_23_24_25_26_27_28_29_30_31_32_33_34_35_36_37_38_39_40_41_42_43_44_45_46_47_48_49_50_51_52_53_54_55_56_57_58_59_60_61_62_63_64_65_66_67_68_69_70_71_72_73_74_75_76_77_78_79_80_81_82_83_84_85_86_87_88_89_90_91_92_93_95_97_99_101_102_103_104_105_107_109_111_113_115_116_117_118_119_121_123_125_127_129_131_135_137_139_141_144_146_148_150_152_156_158_160_162_166_168_171_173_176_178_182_185_189_191_195_197_199_202_203_206_212_214_218_220_224_228_231_233_235_238_241_243_244_248_251_253_255_256_258_259_264_265_268_271_272_274_279_282  2.63e+08  2.02e+08 -56275.48  80280.23  14914.69    629.55     81.35    125.03   1706.24  -2729.32      0.00 0
106961 5626.0    0_1_2_3_4_5_6_7_8_9_10_11_12_13_14_15_16_17_18_19_20_22_23_24_25_26_27_28_30_31_32_34_36_37_38_39_40_42_43_46_47_48_50_52_54_56_58_60_62_64_68_69_70_72_74_76_80_82_84_90_94_96_100_108_112_122_126_138_147_153_155_163_177_179_186  1.95e+08  1.52e+08  34385.88  22725.01  12021.37    617.53     73.74     33.46   1991.93   1703.58      0.00 0
106962 5626.0    21_29_33_35_41_44_45_49_53_55_59_63_67_71_75_78_79_83_86_89_91_95_99_100_102_103_107_110_111_114_116_117_121_125_128_129_133_134_137_140_141_143_146_148_152_154_155_157_158_161_162_164_165_167_168_170_172_173_176_178_181_182_185_187_188_190_191_193_194_196_197_198_199_200_202_203_205_206_208_209_210_211_212_213_214_215_216_218_219_220_221_222_223_224_226_227_228_229_230_231_232_233_234_235_236_237_238_239_240_241_242_243_244_245_246_247_248_249_250_251_252_253_254_255_256_257_258_260_261_262_263_266_267_269_273_275_276_277_278_280_283_285_286_288_290_292_296  6.46e+08  5.09e+08 -105431.59 -79246.63  15004.03    693.90     83.51    216.93   5401.26  -2480.84      0.00 0
106963 5626.0    0_1_2_3_4_5_6_7_8_9_10_11_12_13_14_15_16_17_18_19_20_21_22_23_24_25_26_27_28_29_30_31_32_33_34_35_36_37_39_40_41_42_43_44_45_46_47_48_50_51_52_53_54_55_56_57_58_60_61_62_63_64_65_66_67_68_69_70_73_74_77_78_79_80_81_82_84_85_87_88_89_90_91_92_93_94_97_98_101_102_103_104_105_106_109_110_112_113_115_116_117_118_119_120_123_124_127_128_130_131_132_135_136_139_140_142_145_148_149_150_151_156_157_158_159_160_161_166_167_169_171_172_175_180_181_182_183_184_189_190_192_195_196_198_200_201_204_205_207_211_213_217_219_223_225_226_227_230_234_237_242_246_249_252_254_257_260_263_266_269_273_275_276_278_280_283_285_286_288_290_292_294_296  7.94e+08  6.32e+08  23705.34 113570.07  14903.37    680.89     82.68     78.21  -3583.50 -10132.48      0.00 0
106964 5626.0    182_191_200_206_226_227_231_246_249_250_260_266  1.86e+08  1.45e+08 -12830.10 -18140.74  10046.41    576.86     65.67    234.73    130.06  -7902.08      0.00 0
106965 5626.0    0_1_2_3_4_5_6_7_8_9_10_11_12_13_14_15_16_17_18_19_20_21_22_23_24_25_26_27_28_29_30_31_32_33_34_35_36_37_38_39_40_41_42_43_44_45_46_47_48_49_50_51_52_53_54_55_56_57_58_59_60_61_62_63_64_65_66_67_68_69_70_71_72_73_74_75_76_77_78_79_80_81_82_83_84_85_86_87_88_89_90_91_92_93_94_95_96_97_98_99_100_101_102_103_104_105_106_107_108_109_110_111_112_114_115_116_117_118_119_120_121_122_124_125_126_127_128_129_130_133_134_135_136_137_138_139_140_141_142_143_146_147_148_149_151_152_153_154_155_156_157_158_159_160_161_162_163_164_165_166_167_168_169_170_171_172_173_174_176_177_178_179_180_181_182_183_185_186_187_188_189_190_191_192_193_194_195_196_197_198_199_200_201_202_203_204_205_206_207_208_209_210_211_212_213_214_216_218_219_220_224_225_226_227_228_230_231_233_234_235_237_238_241_242_243_244_246_249_250_251_252_253_255_256_257_258_259_260_261_263_264_266_267_269_270_271_272_273_274_275_276_277_278_279_280_281_283_284_285_286_287_288_289_290_291_292_293_294_295_296_297_298  1.66e+08  1.21e+08  14102.88 243847.75  14597.01    601.35     86.58     86.69   1080.72  -8842.40      0.00 0
106966 5626.0    190_196_200_205_206_211_213_214_217_219_220_223_226_227_230_231_234_237_238_242_243_246_249_250_252_253_254_255_257_258_259_260_261_263_264_266_267_269_270_271_272_273_274_275_276_277_278_279_280_281_283_284_285_286_287_288_289_290_291_292_293_294_295_296_297_298  6.46e+08  5.07e+08 -148052.20  33310.71  15521.58    640.01     84.16    167.32  -2266.73  -9996.13      0.00 0
106967 5626.0    173_182_191_197_199_200_205_206_212_214_218_220_224_226_227_230_231_235_237_238_243_246_249_250_252_253_257_258_260_261_263_266_267_269_273_275_276_277_278_280_283_285_286_288_290_292_296  4.27e+08  3.37e+08 -48008.57 -30643.77  12960.75    653.83     77.18    212.55  -3830.44 -10981.66      0.00 0
106968 5626.0    9_13_21_28_29_33_35_40_41_44_45_49_53_55_59_62_63_66_67_75_78_79_83_88_89_91_95_99_102_103_106_107_110_116_128_136_140_151_161_172_184_198  8.13e+08  6.64e+08 -26224.72 -13663.36  10587.82    644.27     70.30    207.52   -485.77  -2855.37      0.00 0
106969 5626.0    0_1_2_3_4_5_6_7_8_9_10_11_12_13_14_16_17_18_20_21_22_25_26_28_29_30_32_33_34_35_36_38_40_41_42_44_45_46_49_50_52_53_54_55_59_60_62_63_64_66_67_68_71_72_75_76_78_79_80_82_83_84_86_88_89_90_91_95_96_99_100_102_103_107_108_110_111_112_114_116_117_121_122_125_126_128_129_133_134_137_138_140_141_142_143_146_147_148_152_153_154_155_157_158_162_163_164_165_167_168_170_172_173_174_177_179_181_182_186_188_190_191_196_197_200_205_206_210_211_213_214_219_226_227_230_231_234_237_242_246_249_250_252_254_257_260_261_263_266_269_273_275_276_278_280_283_285_286_288_290_292_294_296  2.14e+08  1.64e+08 -45839.70 -88395.98  14863.77    641.10     81.51    242.59   -646.74  -6205.06      0.00 0
106970 5626.0    0_1_2_3_4_5_6_7_8_9_10_11_12_13_14_15_16_17_18_19_21_22_23_25_26_27_28_29_30_31_33_34_35_36_38_39_41_42_43_45_46_49_50_51_53_54_55_56_57_59_60_61_63_65_67_71_72_75_76_77_79_81_83_86_87_89_95_99_103_107_111_121_125_129_137_141_146_152_154_162_168_173_176_178_185_199_202_203_212_218_224_228_233_235_241_244_245_248_251_255_256_259_262_265_268_271_272_282  2.51e+08  1.95e+08  42090.14 -48350.96  13660.93    617.34     77.97    311.04   5471.96  -5647.91      0.00 0
106971 5626.0    0_1_2_3_4_5_6_7_8_9_10_11_12_13_14_15_16_17_18_19_20_21_22_23_24_25_26_27_28_29_30_31_32_33_34_35_36_37_38_39_40_41_42_43_44_45_46_47_48_49_50_51_52_53_54_55_56_57_58_59_60_61_62_63_64_65_66_67_68_69_70_71_72_73_75_76_77_78_79_80_81_82_83_84_86_87_88_89_90_91_92_93_95_96_99_100_101_102_103_104_105_107_108_109_111_112_114_115_116_117_118_121_122_125_126_127_129_130_133_134_135_137_138_139_141_142_143_146_147_148_149_152_153_154_155_156_157_158_159_160_162_163_164_165_166_168_169_170_171_173_174_176_177_178_179_180_181_182_183_185_186_187_188_189_191_192_193_194_195_197_199_200_201_202_203_204_206_207_208_209_210_212_214_215_216_218_220_221_224_225_227_228_229_231_232_233_235_238_241_243_244_245_246_247_248_250_251_253_255_256_258_259_261_262_264_265_267_268_270_271_272_274_277_279_281_282_284_289_291_295  2.24e+08  1.67e+08  54488.62 -191283.78  15548.46    599.26     85.53    285.90   3066.97  -2255.51      0.00 0
106972 5626.0    99_114_121_125_133_134_137_141_143_146_152_154_162_164_165_170_173_176_178_185_187_188_193_194_199_208_210_216  2.29e+08  1.79e+08  12351.77  26633.96  10408.00    666.93     70.48     65.12   4885.79  -1529.49      0.00 0
106973 5626.0    190_196_205_213_219_226_230_237_246_249_250_252_260_261_266_267_275_276_277_281_286_287_288_289_291_293_294_295_297_298  3.39e+08  2.66e+08 -20001.14  34740.94  11927.64    616.03     73.43    119.93    465.27 -11008.81      0.00 0
106974 5626.0    96_99_100_114_122_125_126_133_134_138_142_143_146_147_152_153_154_155_163_164_165_170_174_176_177_178_179_185_186_187_188_193_194_202_203_208_209_210_215_216_218_221_222_228_229_232_233_236_239_240_241_244_245_247_248_251_256_259_262_265_268_272_282  4.17e+08  3.27e+08  15539.69 -71451.19  13975.13    635.67     79.18    282.27   5923.24   -448.39      0.00 0
106975 5626.0    0_2_3_5_8_9_11_12_13_16_17_20_21_24_25_28_29_32_33_35_37_38_40_41_44_45_48_49_52_53_55_58_59_62_63_66_67_70_71_74_75_78_79_82_83_85_86_88_89_91_94_95_98_99_102_103_106_107_110_111_117_120_121_124_125_129_132_133_136_137_141_145_146_152_154_162_164_176_178_185_187_193_202_203_209_215_221_228_229_232_239_245_247  4.37e+08  3.43e+08  58814.66  -5611.40  13358.00    618.54     77.26    354.55   3411.27  -2352.74      0.00 0
106976 5626.0    1_6_7_10_11_14_15_19_22_23_27_30_31_34_36_37_39_42_43_46_47_51_54_56_57_60_61_64_65_68_69_73_77_80_81_84_87_90_92_96_104_108_112_118_122_130_138_142_147_153_163_169_174_177_186  1.91e+08  1.46e+08 -40108.98 -28620.02  12706.19    615.93     75.54    215.51   4282.75   4997.89      0.00 0
106977 5626.0    29_35_41_44_45_53_55_59_63_66_67_75_78_79_83_88_89_91_95_99_102_103_107_110_111_114_116_117_121_125_128_129_133_136_137_140_141_143_146_148_151_152_154_157_158_161_162_164_167_168_170_172_173_176_178_181_182_184_185_187_190_191_193_194_196_197_198_199_200_202_203_205_206_208_209_211_212_213_214_215_217_218_219_220_221_222_223_224_226_227_228_229_230_231_232_233_234_235_236_237_238_239_240_241_242_243_244_245_246_247_248_249_250_251_252_253_254_255_256_257_258_259_260_261_262_263_264_265_266_267_268_269_270_271_272_273_274_275_276_277_278_279_280_281_282_283_284_285_286_287_288_289_290_291_292_293_294_295_296_297_298  5.62e+08  4.37e+08 -210253.98 -92952.31  14463.10    656.72     86.40    203.85   -777.48  -7845.13      0.00 0
106978 5626.0    38_49_50_53_59_63_71_72_75_76_83_86_89_95_96_99_100_103_107_108_111_114_121_122_125_126_129_133_134_137_138_141_143_146_147_152_153_154_155_158_162_163_164_165_168_170_173_176_177_178_179_182_185_186_187_188_191_193_194_197_199_200_202_203_206_208_209_210_212_214_215_216_218_220_221_222_224_227_228_229_231_232_233_235_236_238_239_240_241_243_244_245_246_247_248_250_251_253_255_256_258_259_260_261_262_264_265_267_268_270_271_272_274_275_276_277_279_281_282_284_286_287_289_291_293_294_295_297_298  2.82e+08  2.15e+08 -58063.84 -224839.95  14650.50    628.71     86.39    255.52   4420.80 -11101.15      0.00 0
106979 5626.0    0_2_3_5_8_9_11_12_13_16_17_20_21_24_25_28_29_32_33_35_40_41_44_45_48_49_52_53_55_58_59_62_63_66_67_70_71_74_75_78_79_82_83_88_89_94_95_99_107_111_121_125_133_137_146_152_154_164_176_178_187_193_202_209_215_229_232_239_247  2.24e+08  1.71e+08 -39487.42   5648.02  11974.95    607.27     73.29    171.86   3056.72  -1945.37      0.00 0
106980 5626.0    129_141_152_158_162_168_173_176_181_182_185_191_197_199_200_202_203_205_206_212_214_218_220_224_226_227_228_229_233_245  2.57e+08  1.99e+08  31697.26  14019.83  11422.24    610.29     71.76     23.86   3205.84  -5353.85      0.00 0
106981 5626.0    20_32_40_44_48_52_58_62_66_74_78_82_88_91_102_106_110_116_117_128_148_157_181  1.02e+08  7.82e+07  -8677.09  20591.67   9720.62    623.82     66.49    112.85  -1078.65  -3402.48      0.00 0
106982 5626.0    120_124_136_140_145_151_161_167_172_184_196_198_211_219  5.13e+08  4.08e+08   6310.38 -22050.48   9887.15    613.34     66.68    285.97  -3361.74  -4366.39      0.00 0
106983 5626.0    28_35_40_44_45_55_62_66_67_78_79_89_91_102_103_111_116_117_129_137_141_148_158_162_168_173_182_191_197_199_206_212_214_218_220_224_231_235_238_241_243_244_255_256_258_259_264_271_272_274_279  3.63e+08  2.81e+08  40999.77 -45216.43  13397.51    628.74     77.62    312.20   6203.40  -9733.49      0.00 0
106984 5626.0    116_117_148_157_158_167_181_190_196_205_211_213_219_234_237_242_254_263  3.02e+08  2.38e+08 -22173.97 -13877.37  10219.81    632.84     68.66    212.04  -2318.40  -6639.43      0.00 0
106985 5626.0    162_168_173_185_191_197_199_203_206_212_214_218_220_224  6.46e+08  5.17e+08  19351.94  10988.97   9648.76    632.06     66.56     29.59   3249.51  -5754.64      0.00 0
106986 5626.0    71_75_86_99_114_133_134_143_164_165_170_188_194_208_216_222_240  2.51e+08  1.99e+08 -22596.19 -10388.31   9786.43    670.26     68.52    204.69   5653.29    481.73      0.00 0
106987 5626.0    0_1_2_3_4_5_6_7_8_9_11_12_13_14_15_16_17_19_20_21_23_24_27_28_29_31_32_33_35_37_39_40_41_44_45_47_48_51_52_53_55_57_58_59_61_62_63_65_66_67_69_70_73_74_78_79_81_82_83_85_87_88_89_91_93_94_97_98_102_103_105_106_107_111_113_116_117_119_123_129_131_135_137_141_144_150_158_160_162_168_173_191_197_199_212_220_224_235_244_255  1.10e+08  8.23e+07 -41443.93  44087.02  13713.85    584.80     77.23    133.23  -2370.54    312.61      0.00 0
106988 5626.0    173_191_197_199_212_214_220_224_235_241_244_251_256_268  6.46e+08  5.22e+08  22072.11  -1900.01   9798.69    608.63     66.14    355.08   4356.60  -6412.70      0.00 0
106989 5626.0    97_113_119_123_131_132_144_150  4.68e+08  3.74e+08    543.14 -20741.53   9425.10    629.09     65.57    271.50  -4367.77   1677.43      0.00 0
106990 5626.0    19_31_39_43_47_51_57_61_65_69_73_77_81_85_87_93_97_101_105_113_123_131_132  1.91e+08  1.47e+08  20741.41  15641.13  10707.32    564.26     67.60     37.02  -2810.65   1146.28      0.00 0
106991 5626.0    59_71_72_75_76_83_86_95_96_99_100_107_111_114_121_122_125_126_133_134_137_141_143_146_147_152_153_154_155_165_177_179_186_188_210  5.13e+08  4.09e+08  11028.48  35781.97  11597.70    625.86     72.79     72.87   4358.48   1369.84      0.00 0
106992 5626.0    20_28_29_32_35_40_41_44_45_52_55_58_62_63_66_67_74_78_79_82_83_88_89_91_94_98_102_103_106_107_110_111_116_117_120_121_124_128_129_132_136_137_140_141_145_146_148_151_152_157_158_161_162_167_168_172_173_175_176_181_182_184_185_190_191_196_197_198_199_202_203_206_211_212_214_217_218_220_224_228_229_233_235_241_244_245_248_251_256_262_265_268_282  8.71e+08  6.98e+08 -77360.81  16457.66  14116.93    650.93     79.88    167.99  -3875.29  -3239.90      0.00 0
106993 5626.0    18_22_25_26_30_34_38_42_46_49_50_54_59_60_64_68_71_72_75_76_80_84_86_90_95_96_99_100_104_108_114_121_125_126_133_134_143_146_152_154_164_176_178_185_187_193_202_203_209_215_228_229_232_233_245_247_248_251_262_265_268_282  2.40e+08  1.88e+08 -33945.73  37912.93  13018.78    591.41     75.65    131.84   5902.38  -2958.57      0.00 0
106994 5626.0    21_29_33_35_41_44_45_49_53_55_59_63_66_67_71_75_78_79_83_86_88_89_91_95_99_102_103_107_110_111_114_116_117_121_125_128_129_133_134_136_137_140_141_143_146_148_152_154_157_158_161_162_164_165_167_168_170_172_173_176_178_181_182_184_185_187_188_190_191_193_194_196_197_198_199_200_202_203_205_206_208_209_211_212_213_214_215_216_217_218_219_220_221_222_223_224_226_227_228_229_230_231_232_233_234_235_236_237_238_239_240_241_242_245_246_247_249_250_252_254_257_260_263_266_269_273_276_278_280_283_285_290_292  2.29e+08  1.73e+08 -102818.90 -64999.41  15625.79    601.35     82.68    212.30  -4373.55  -8322.48      0.00 0
106995 5626.0    7_10_14_19_22_27_30_36_39_42_43_46_54_56_60_64_65_68_77_80_84_90_96_104_108_112_122_130_138_142_147_153_163_174_177_179_186  1.86e+08  1.43e+08  40110.54  20490.28  12550.30    592.40     74.43     27.06   5029.33   4405.24      0.00 0
106996 5626.0    120_128_136_140_145_151_157_161_167_172_175_181_182_184_190_196_198_200_205_206_211_213_217_219_223_226_227_230_231_234_237_238_242_246_249_250_252_253_254_257_258_260_261_263_266_267_269_270_273_274_275_276_277_278_279_280_281_283_284_286_287_288_289_290_291_293_294_295_298  1.55e+08  1.16e+08 -68242.38  57771.43  14689.90    625.55     80.67    139.75  -1574.95  -8047.63      0.00 0
106997 5626.0    0_1_2_3_4_5_6_7_8_9_10_11_12_13_14_15_16_17_18_19_20_21_22_23_24_25_26_27_28_29_30_31_32_33_34_35_36_37_38_39_40_41_42_43_44_45_46_47_48_49_50_51_52_53_54_55_56_57_58_59_60_61_62_63_64_65_66_67_68_69_70_71_72_73_74_75_76_77_78_79_80_81_82_83_84_85_86_87_88_89_90_91_92_93_94_95_96_99_100_101_102_103_104_105_106_107_108_109_110_111_112_114_115_116_117_118_119_121_122_125_126_127_128_129_130_133_134_135_137_138_139_140_141_142_143_146_147_148_149_152_153_154_155_156_157_158_159_160_162_163_164_165_166_167_168_169_170_171_173_174_176_177_178_179_180_181_182_183_185_186_187_188_189_190_191_192_193_194_195_197_199_200_201_202_203_204_205_206_207_208_209_210_212_213_214_215_216_218_220_221_222_224_225_226_227_228_229_230_231_232_233_235_238_239_241_243_244_245_246_247_248_249_250_251_252_253_255_256_258_259_260_261_262_264_265_266_267_268_270_271_272_274_275_276_277_279_281_282_284_286_287_288_289_291_293_294_295_297_298  1.23e+08  8.98e+07  35070.04 -248591.70  14695.47    571.69     86.65    278.03   3545.08  -8941.76      0.00 0
106998 5626.0    1_7_11_14_15_19_23_24_27_31_32_36_37_39_43_46_47_48_51_56_57_58_61_65_69_70_73_74_77_80_81_82_85_87_92_93_94_97_98_101_104_105_106_109_113_115_118_119_120_123_124_127_130_131_132_135_139_144_145_149_150_151_156_159_160_166_169_171_175_180_183_184_189_192_195_201_204_207_217_225  5.50e+08  4.34e+08  43678.59  68773.38  14248.35    645.98     80.08     57.58  -3189.38   1497.06      0.00 0
106999 5626.0    88_94_98_102_106_110_113_116_120_124_128_132_136_140_145_148_151_157_161_167_172_175_181_182_184_190_196_198_200_205_206_211_213_219_226_227_230_231_246_249_250_253_261_267  3.63e+08  2.85e+08 -28849.66  35423.65  12121.75    657.07     75.14    129.16  -3042.25  -3786.52      0.00 0
