#event_number primary_type du_ids energy_primary em_energy Xmax_pos(x, y, z), Xmax_grams zenith azimuth shower_core_pos_x shower_core_pos_y shower_core_pos_z, N_tested_cores, units are degrees, GeV and meters
100200 5626.0    0_1_3_4_6_7_9_10_12_14_15_17_18_19_21_22_25_26_27_30_33_34_36_38_39_42_43_46_49_50_51_53_54_56_59_60_61_64_65_68_71_72_75_76_77_80_81_83_84_86_87_90_92_95_96_99_100_101_104_105_107_108_109_112_114_115_118_121_122_125_126_127_130_133_134_135_138_139_142_143_146_147_149_150_152_153_154_155_156_159_160_163_164_165_166_169_170_171_174_176_177_178_179_180_183_185_186_187_188_189_192_193_194_195_201_202_203_204_207_208_209_210_215_216_221_222_225_228_229_232_233_236_239_240_245_247_248_251_262_265_282  2.00e+09  1.59e+09 -189860.62 172759.88  13947.12    634.39     86.89    137.70   5877.81   1976.74      0.00 0
100201 5626.0    0_1_2_3_5_8_9_11_13_15_16_17_20_21_23_24_28_29_32_33_35_37_40_41_44_45_47_48_52_53_55_58_59_62_63_66_67_69_70_73_74_78_79_82_83_85_88_89_91_94_95_97_98_102_103_106_107_110_111_113_116_117_120_121_123_124_128_129_131_132_136_137_140_141_145_146_148_151_152_157_158_161_162_167_168_172_173_175_176_178_181_182_184_185_190_191_196_197_198_199_200_202_203_205_206_211_212_213_214_217_218_219_220_223_224_226_227_228_229_230_231_233_234_235_237_238_241_242_243_244_245_246_248_249_250_251_252_253_254_255_256_257_258_259_260_261_262_263_264_265_266_267_268_269_270_271_272_274_275_277_279_281_282_284_289_291  5.01e+10  4.31e+10 168702.77 -79961.66  14463.61    753.77     85.57    334.64   1016.63  -5761.60      0.00 0
100202 5626.0    91_102_103_111_116_117_128_129_137_140_141_148_152_157_158_161_162_167_168_172_173_181_182_184_185_190_191_196_198_199_211_217_223  1.35e+10  1.15e+10 -31455.00  -3689.55  10449.54    703.58     71.74    186.69   -364.00  -4922.22      0.00 0
100203 5626.0    0_1_2_3_4_5_6_7_10_11_12_14_15_18_19_23_24_27_31_37_39_43_47_51_57_61_65_69_73_81_87_93_97_105_119_123_135_144_150  1.70e+10  1.46e+10 -23031.66  11498.22   9501.94    736.56     69.74    153.47  -2695.81   1668.39      0.00 0
100204 5626.0    0_1_2_3_4_5_6_7_8_9_10_11_12_13_14_15_16_17_18_19_20_21_22_23_24_25_26_27_28_29_30_31_32_33_34_35_36_37_38_39_40_41_42_43_44_45_46_47_48_49_50_51_52_53_54_55_56_57_58_59_60_61_62_63_64_65_66_67_68_69_70_71_72_73_74_75_76_77_78_79_80_81_82_83_84_85_86_87_88_89_90_92_93_94_95_96_97_98_99_100_101_104_105_106_108_109_112_113_114_115_118_119_120_122_123_124_125_126_130_131_132_133_134_135_138_142_143_144_145_147_150_153_154_155_163_164_165_170_177_179_186_187_188_193_194_208_210_215_216_221_222_236_239_240  9.33e+09  7.86e+09 -111960.47  -6337.97  14683.83    701.69     82.54    183.24   5958.21   1198.63      0.00 0
100205 5626.0    19_27_36_39_42_43_46_51_56_57_61_64_65_68_73_77_80_81_87_90_92_93_97_101_104_105_108_109_112_115_118_119_122_123_127_130_131_135_138_139_142_144_149_150_153_156_159_160_163_166_169_171_174_177_180_183_186_189_192_195_201_204_207  1.00e+10  8.44e+09 -74207.24 -19315.71  13382.79    741.83     80.10    194.59  -2437.47   3729.01      0.00 0
100206 5626.0    22_30_36_42_43_46_54_56_60_64_68_76_77_80_84_90_96_100_108_122_126_147_155  6.17e+10  5.40e+10  18898.28  -1497.28   8317.82    759.81     66.31    355.47   2214.74   2071.57      0.00 0
100207 5626.0    230_234_237_242_246_249_252_254_257_260_261_263_266_267_269_273_275_276_277_278_280_281_283_284_285_286_287_288_289_290_291  5.62e+09  4.67e+09 -41536.77  12501.15  12013.26    644.96     74.52    163.25  -3807.55  -9009.11      0.00 0
100208 5626.0    176_178_185_187_193_199_202_203_209_212_215_218_220_221_224_228_229_232_233_235_236_238_239_241_243_244_245_247_248_251_253_255_256_258_259_262_264_265_267_268_270_271_272_274_277_279_281_282_284_287_289_291_293_295_297_298  2.82e+09  2.31e+09  40223.46  73257.06  14030.40    686.25     80.47     61.23   4566.04  -9703.70      0.00 0
100209 5626.0    9_13_21_28_29_35_41_44_45_55_66_67_78_79_89_91_102_103_116_117_128_129_148_157_158_167_181_182_190_196_200_205_206_213_219_226_227_230_237_246_249_252_257_260_261_266_269_273_275_276_280_283_285_286_288_290_292_293_294_296_297  1.26e+10  1.06e+10 -12632.67 -51161.12  12369.83    698.08     76.79    256.13  -1725.58 -10280.42      0.00 0
100210 5626.0    9_13_17_21_29_33_35_41_44_45_53_55_59_63_66_67_78_79_83_88_89_91_102_103_110_116_117_128_140_148_157_167_172_181_190_196_211_213_219_234_237_242  2.51e+09  2.10e+09 -17801.26 -24709.31  10545.58    666.43     70.90    234.23  -1084.96  -4529.62      0.00 0
100211 5626.0    226_227_246_249_250_253_258_260_261_267_270_274_277_279_281_284_289_291  2.19e+10  1.87e+10 -32016.75  16759.30  11000.20    693.60     73.07    152.37   4059.19 -10853.89      0.00 0
100212 5626.0    41_45_53_55_59_63_67_75_78_79_83_89_91_95_99_102_103_107_111_114_116_117_121_125_128_129_133_137_140_141_143_146_148_152_154_157_158_162_164_165_167_168_170_172_173_178_181_182_187_190_191_193_194_196_200_205_206_208_211_213_219_226_230_234_237_242_249_252_254_257_263_269_273_278_285  1.05e+09  8.42e+08  40334.65  34363.91  12721.37    650.33     76.50     40.43   -164.79  -5238.94      0.00 0
100213 5626.0    167_172_181_184_190_196_198_205_211_213_217_219_223  5.75e+09  4.86e+09 -17138.06   5874.35   8375.00    722.66     65.19    161.08  -2939.38  -5805.61      0.00 0
100214 5626.0    59_63_71_75_83_86_89_95_99_100_103_107_111_114_117_121_125_126_129_133_134_137_141_143_146_147_148_152_154_155_158_162_164_165_168_170_173_176_177_178_179_181_182_185_187_188_191_193_194_197_199_200_202_203_205_206_208_209_210_212_214_216_218_220_222_224_226_227_231_235_238_240_243_246_249_250_253_258_260_261_266_267_275_276_277_280_286_287_288_290_293_294_296  1.02e+09  8.28e+08  29081.33  52767.77  12993.67    677.74     77.83     61.14   3348.75  -3418.55      0.00 0
100215 5626.0    89_95_99_103_107_111_116_117_121_125_129_133_137_141_143_146_148_152_154_157_158_162_164_167_168_170_173_176_178_181_182_185_187_190_191_193_194_196_197_199_200_202_203_205_206_208_209_212_213_214_215_216_218_219_220_221_222_224_226_227_228_229_230_231_232_233_234_235_236_237_238_239_240_241_242_243_244_245_246_247_248_249_250_251_252_253_254_255_256_257_258_259_260_261_262_263_264_265_266_267_268_269_270_271_273_274_275_276_277_278_280_281_283_285_286_287_288_289_290_292_293_294_296_297  2.40e+09  1.93e+09 -89939.60 -71977.93  15063.49    658.05     82.55    218.67   3138.09  -5690.48      0.00 0
100216 5626.0    158_168_182_191_197_206_214_227_231_238_250_253_258_261_267_270_277_281_284_289_291  2.95e+10  2.55e+10   2855.97 -24093.98   9255.30    743.08     69.12    276.76   1696.15  -8705.93      0.00 0
100217 5626.0    71_72_76_86_96_100_114_122_126_134_138_147_153_155_163_177_179_186  3.09e+09  2.58e+09 -15302.64 -29358.56  10616.86    702.90     72.22    242.47   5083.72   4195.34      0.00 0
100218 5626.0    0_1_2_3_4_5_6_7_9_10_11_12_14_15_16_17_18_19_22_23_24_25_26_27_30_31_33_34_36_37_38_39_42_43_46_47_49_50_51_54_56_57_59_60_61_64_65_68_69_71_72_73_75_76_77_80_81_84_86_87_93_97_99_100_105_109_114_119_123_131_135_144_150  4.17e+09  3.47e+09  37343.85 -13055.68  11493.32    670.05     73.80    340.73  -1775.03   1546.37      0.00 0
100219 5626.0    45_55_67_79_89_91_103_116_117_129_148_157_158_181_182_190_191_200_205_206_213_226_227_230_246_249_252_260_266_276_280_288  4.68e+10  4.07e+10   7648.21  27976.31   9687.36    779.03     71.53     74.71   -304.05  -6731.29      0.00 0
100220 5626.0    197_212_214_218_220_224_233_235_241_243_244_251_256  3.47e+09  2.89e+09  17846.46   5255.88   8600.34    699.41     65.19     16.41   4536.98  -6407.39      0.00 0
100221 5626.0    4_6_7_10_12_14_18_19_22_26_27_30_31_34_36_38_39_42_43_46_50_51_54_56_57_60_61_64_65_68_71_72_76_77_80_81_84_86_87_90_92_96_100_101_105_108_109_114_119_126_134_135  3.09e+10  2.68e+10  26760.94  -8181.64   9860.11    726.41     70.59    343.00    688.85   1679.82      0.00 0
100222 5626.0    0_1_2_3_5_8_9_11_13_15_16_17_20_21_23_24_28_29_31_32_35_37_40_41_44_45_47_48_52_53_55_57_58_62_63_66_67_69_70_73_74_78_79_82_85_89_93_94_97_98_113_123_131_132  5.13e+09  4.29e+09  30483.70 -14664.26  10561.99    724.55     72.66    334.31  -3174.86     33.81      0.00 0
100223 5626.0    0_1_2_3_4_5_6_7_8_9_10_11_12_13_14_15_16_17_18_19_20_21_22_23_24_25_26_27_28_29_30_31_33_34_35_36_38_39_41_42_43_44_45_46_49_50_51_53_54_55_56_57_59_60_61_63_64_65_67_68_71_72_75_76_77_79_80_81_83_84_86_87_89_90_92_95_99_101_103_104_105_107_109_111_115_121_125_127_129_137_139_141_146_152_156_162_166_168_171_173_176_185_189_195_197_199_203_212_218_220_224_235_241_243_244_255_256_259_264_271_272_279  9.12e+09  7.72e+09  26525.00 -47344.43  12608.71    678.69     76.92    299.26   1995.27  -2246.67      0.00 0
100224 5626.0    0_1_2_3_4_5_6_7_8_9_10_11_12_13_14_15_16_17_18_19_20_21_22_23_24_25_26_27_28_29_30_32_33_34_35_36_38_40_41_42_43_44_45_46_48_49_50_52_53_54_55_56_58_59_60_62_63_64_66_67_68_71_72_75_76_78_79_80_82_83_84_86_88_89_90_91_95_96_99_100_102_103_104_106_107_108_110_111_112_114_116_117_121_122_125_126_128_129_130_133_134_136_137_138_140_141_142_143_146_147_148_152_153_154_155_157_158_161_162_163_164_165_167_168_169_170_172_173_174_176_177_178_179_181_182_185_186_187_188_190_191_193_194_196_197_198_199_200_202_203_205_206_208_209_210_211_212_213_214_215_216_218_219_220_221_222_223_224_226_227_228_229_230_231_232_233_234_235_236_237_238_239_240_241_242_243_244_245_246_247_248_249_250_251_252_253_254_255_256_257_258_259_260_261_262_263_264_265_266_267_268_269_270_271_272_273_274_275_276_277_278_279_280_281_283_284_285_286_287_288_289_290_291_292_293_294_295_296_297_298  6.92e+10  5.95e+10 127890.68 218246.17  13035.58    761.36     87.05     59.63   1577.25  -5602.83      0.00 0
100225 5626.0    0_1_2_3_4_5_6_7_8_9_10_11_12_13_14_15_16_17_18_19_20_21_22_23_24_25_26_27_28_29_30_31_32_33_34_35_36_37_38_39_40_41_42_43_44_45_46_47_48_49_50_51_52_53_54_55_56_57_58_59_60_61_62_63_64_65_66_67_68_71_72_75_76_77_78_79_80_81_82_83_84_86_87_88_89_90_91_92_95_96_99_100_101_102_103_104_107_108_109_110_111_112_114_115_116_117_118_121_122_125_126_127_128_129_130_133_134_137_138_141_142_143_146_147_148_149_152_153_154_155_156_157_158_159_162_163_164_165_166_167_168_169_170_173_174_176_177_178_179_180_181_182_183_185_186_187_188_189_190_191_192_193_194_197_199_200_201_202_203_204_205_206_207_208_209_210_212_213_214_215_216_218_220_221_222_224_225_226_227_228_229_230_231_232_233_235_236_238_239_240_241_243_244_245_246_247_248_249_250_251_252_253_255_256_258_259_260_261_262_264_265_266_267_268_270_271_272_274_275_276_277_279_280_281_282_284_286_287_288_289_291_293_294_295_296_297_298  2.29e+09  1.84e+09  -5664.27 -249602.12  13827.38    672.01     86.83    268.70   3608.26   4808.61      0.00 0
100226 5626.0    64_68_84_90_96_108_112_122_126_138_147_153_177_179  5.50e+10  4.83e+10  17285.84   3147.60   7996.04    773.12     65.53     10.32   3338.86   2831.11      0.00 0
100227 5626.0    125_133_143_146_152_154_164_176_178_185_187_199_202_203_209_218_224_228_229_233_235_241_244_245_248_251_255_256_259_264_265_268_271_272_279_282  9.55e+10  8.43e+10  -6509.44  47520.05  11550.52    774.07     76.46     97.80   6270.49  -8821.73      0.00 0
100228 5626.0    0_1_2_3_4_5_6_7_8_9_10_11_12_13_14_15_16_17_18_19_20_21_22_23_24_25_26_27_28_29_30_31_32_33_34_35_36_37_38_39_40_41_42_43_44_45_46_47_48_49_50_51_52_53_54_55_56_57_58_59_60_61_62_63_64_65_66_67_68_69_70_73_74_77_78_79_80_81_82_83_84_85_87_88_89_90_91_92_93_94_97_98_101_102_103_104_105_106_109_110_111_112_113_115_116_117_118_119_120_123_124_127_128_129_130_131_132_135_136_139_140_144_145_148_149_150_151_156_157_158_159_160_161_166_167_169_171_172_175_180_181_182_183_184_189_190_191_192_195_196_198_200_201_204_205_206_207_211_213_217_219_223_225_226_227_230_231_234_237_242_246_249_250_252_254_257_260_261_263_266_267_269_273_275_276_277_278_280_283_285_286_287_288_289_290_292_293_294_295_296_297_298  1.23e+09  9.80e+08   4540.57 234345.84  14007.44    699.37     86.58     88.89  -3487.88  -4746.69      0.00 0
100229 5626.0    0_1_2_3_4_5_6_7_8_9_10_11_12_13_14_15_16_17_18_19_20_21_22_23_24_25_26_27_28_29_30_31_32_33_35_36_37_39_40_41_43_44_45_46_47_48_49_51_52_53_55_56_57_59_61_63_65_67_69_70_73_77_79_81_83_85_87_89_93_97_101_105_107_109_111_119_123_127_135_139_144_150_160_166_171_195  1.10e+10  9.30e+09  32534.98 -39906.05  12114.34    724.24     76.76    309.19  -3660.97   4135.53      0.00 0
100230 5626.0    73_93_97_105_119_123_135_144_150_160_171  6.61e+09  5.61e+09   5362.59 -20885.91   9113.16    697.59     67.09    284.40  -3710.84   3594.22      0.00 0
100231 5626.0    0_1_2_3_4_5_6_7_8_9_10_11_12_13_14_15_16_17_18_19_20_21_22_23_24_25_26_27_28_29_30_31_32_33_34_35_36_37_38_39_40_41_42_43_44_45_46_48_49_50_52_53_54_55_56_58_60_62_64_66_67_68_72_76_77_78_79_80_82_84_88_90_91_92_96_102_104_106_108_110_112_116_118_122_128_130_136_138_140_142_153_159_163_167_169_172_174_186_192  1.17e+09  9.44e+08  22891.44  43601.77  12543.40    637.42     75.71     62.30   1064.09   1601.63      0.00 0
100232 5626.0    115_118_127_130_142_149_156_159_163_166_169_174_180_183_186_192  7.76e+09  6.58e+09  27689.31   3272.34  10076.64    689.08     70.13      6.74   1762.02   5090.41      0.00 0
100233 5626.0    101_105_109_115_119_123_127_135_139_144_149_150_156_159_160_166_171_180_183_189_192_195_201_204_207  6.31e+10  5.51e+10  23584.29  17273.74   9826.82    759.19     71.42     36.22  -1661.45   4717.75      0.00 0
100234 5626.0    36_42_43_46_56_64_65_68_77_80_84_87_90_92_96_101_104_105_108_109_112_115_118_119_122_126_127_130_135_138_139_142_147_149_150_153_155_156_159_160_163_166_169_171_174_177_179_180_183_186_188_189_195_210_216  3.72e+10  3.21e+10  49928.56 -12568.99  11981.24    745.41     76.90    345.87  -1899.71   4506.36      0.00 0
100235 5626.0    120_124_132_136_140_145_151_161_167_172_175_184_190_196_198_205_211_213_217_219_223_226_230_234_237_249_252_266  6.31e+10  5.51e+10  15050.85 -28093.26  10251.06    739.98     72.17    298.18  -3422.77  -4656.72      0.00 0
100236 5626.0    200_205_206_213_214_226_227_230_231_238_243_246_249_250_253_255_258_261_264_267_270_271_274_279_281_284  1.23e+09  9.91e+08  41853.32 -19401.04  12257.36    643.15     75.12    335.13   4758.14  -9972.92      0.00 0
100237 5626.0    0_1_2_3_4_5_6_7_8_9_10_11_12_13_14_15_16_17_18_19_20_21_22_23_24_25_26_27_28_29_30_31_32_33_34_35_36_37_38_39_40_41_42_43_44_45_46_47_48_49_50_51_52_53_54_55_56_57_58_59_60_61_62_63_64_65_66_67_68_69_70_71_72_73_74_75_76_77_78_79_80_81_82_83_84_85_86_87_88_89_90_91_92_93_94_95_96_97_98_99_100_101_102_103_104_105_106_107_108_109_110_111_112_113_114_115_116_117_118_119_120_121_122_123_124_125_126_127_128_129_130_131_132_133_134_135_136_137_138_139_140_141_143_144_145_146_148_149_150_151_152_154_156_157_158_159_160_161_162_164_165_166_167_168_170_171_172_173_175_176_178_180_181_182_183_184_185_187_189_190_191_193_195_196_197_198_199_200_202_203_204_205_206_209_211_212_213_214_215_217_218_219_220_224_226_227_228_229_230_231_232_233_235_237_238_241_243_244_245_246_247_248_249_250_251_253_255_256_258_259_260_261_262_264_265_267_268_270_271_272_274_275_277_279_281_282_284_287_289_291  2.75e+10  2.34e+10 -180141.58 195422.77  12906.00    726.12     87.22    132.67   5698.23  -8067.77      0.00 0
100238 5626.0    64_68_80_84_90_92_96_101_104_108_112_115_118_122_126_127_130_134_138_139_142_147_149_153_155_156_159_163_165_166_169_171_174_177_179_180_183_188_189_192_195_201_204  1.29e+09  1.04e+09 -36529.46  21090.29  11943.86    639.98     74.19    150.00    220.80   4702.66      0.00 0
100239 5626.0    109_115_127_139_156_160_166_171_195  3.89e+09  3.25e+09  22645.16  -6858.55   9694.44    657.28     67.72    343.15  -3716.08   5078.40      0.00 0
100240 5626.0    111_129_137_141_158_168_173_182_191_197_200_206_214_226_227_231_246  3.55e+10  3.08e+10  -8904.65 -18469.49   8826.18    716.61     66.71    244.26   1338.63  -6123.28      0.00 0
100241 5626.0    0_1_2_3_4_5_6_7_8_9_10_11_12_13_14_15_16_17_18_19_20_21_22_23_24_25_26_28_29_30_31_32_33_34_35_37_38_40_41_44_45_47_48_49_50_52_53_54_55_58_59_60_62_63_66_67_69_70_71_72_73_74_75_76_78_79_82_83_84_85_86_88_89_91_94_95_96_98_99_100_102_106_107_110_113_114_120_121_124_125_126_132_133_134_136_143_145_146_151_154_155_164_165_170_175_187_188_193_194_208_215_216_221_222_236_239_240  6.76e+10  5.91e+10  57305.11  10724.36  12317.62    763.38     78.07     10.60   1431.73   -818.74      0.00 0
100242 5626.0    3_4_5_9_10_12_13_17_18_21_22_25_26_29_33_34_35_38_41_42_44_45_49_50_53_54_55_59_60_63_64_67_68_71_72_75_76_78_79_83_84_86_89_90_91_95_96_99_100_103_107_108_111_112_114_116_117_121_122_125_126_129_133_134_137_138_141_142_143_146_147_148_152_153_154_155_157_158_162_163_164_165_168_169_173_174_177_179_181_182_186_188_190_191_197_199_200_205_206_210_212_214_220_226_227_230_231_238_246_249_250_252_253_260_261_266_267_275_276_277_280_286_287_288_293_294_296_297  2.45e+09  2.01e+09  21960.89  68400.16  13717.05    662.22     79.19     72.20   2805.75   -436.50      0.00 0
100243 5626.0    0_1_2_3_4_5_6_8_9_11_13_16_20_24_28_32_35_40_44_52_55_58_62_66_78_82_88_102_106_110_128_136_140_161_167_172_196_198_211_219_223_234  2.24e+10  1.93e+10 -14452.06 -25001.45  10090.28    707.20     70.74    239.97  -2067.15  -3389.41      0.00 0
100244 5626.0    0_1_2_3_4_5_6_8_9_11_12_13_16_17_18_20_21_23_24_25_26_28_29_32_33_34_35_37_38_40_41_44_45_48_49_50_52_53_55_58_59_62_63_66_67_70_71_72_74_75_76_78_79_82_83_86_88_89_94_95_98_99_100_106_114_120_124_132_133_134_136_143_145_151  4.90e+10  4.27e+10 -32039.01  -7970.41  10137.99    782.14     72.93    193.97   -160.78  -1207.55      0.00 0
100245 5626.0    55_63_66_67_78_79_88_89_91_95_102_103_106_107_110_111_116_117_121_125_128_129_136_137_140_141_146_148_151_152_154_157_158_161_162_167_168_172_173_175_176_178_181_182_184_185_187_190_191_196_197_198_199_200_202_203_205_206_209_211_212_213_214_215_217_218_219_220_223_224_226_227_228_229_230_231_232_233_234_235_237_238_239_241_242_243_244_245_246_247_248_249_250_251_252_253_254_255_256_257_258_259_260_261_262_263_264_265_266_267_268_269_270_271_272_273_274_275_276_277_278_279_280_281_282_283_284_285_286_287_288_289_290_291_292_293_294_295_296_297_298  1.74e+10  1.47e+10 243452.47  38864.01  13438.17    731.94     86.88      9.07  -4057.06  -8582.58      0.00 0
100246 5626.0    62_74_82_88_94_98_102_106_110_116_120_124_128_136  5.25e+09  4.44e+09  12416.98 -14385.21   8688.24    696.63     65.43    310.80  -2473.18  -2507.41      0.00 0
100247 5626.0    0_1_2_3_5_7_8_9_11_13_15_16_17_19_20_21_23_24_28_29_31_32_33_35_37_40_41_44_45_47_48_52_53_55_57_58_62_63_66_67_78_79_83_89_91_103_107_111_117_129_137_141_152_158_162_168_173_185_191_197_199_212_214_218_220_224_235_238_241_243_244_255_256_258_259_264_271_272_279  1.74e+09  1.41e+09 -27253.51  35351.09  11751.92    698.83     75.25    127.63   2886.59  -5272.47      0.00 0
100248 5626.0    95_107_121_137_146_152_162_176_185_199_203_218_224_233_241_244_248_251_256_259_265_268_272  2.29e+10  1.98e+10 -16439.63  21879.63   9766.66    728.67     70.36    126.92   5249.44  -5304.85      0.00 0
100249 5626.0    217_223_234_242_254_257_263_269_273_278_280_283_285_288_290  2.14e+09  1.76e+09  17723.31 -23916.74  10459.57    666.82     70.64    306.54  -4281.31  -8078.38      0.00 0
100250 5626.0    0_1_3_4_6_7_10_12_14_17_18_19_21_22_25_26_27_30_33_34_36_38_39_42_43_46_49_50_51_53_54_56_59_60_61_64_65_68_71_72_75_76_77_80_83_84_86_87_90_92_95_96_99_100_101_104_105_107_108_109_112_114_115_118_121_122_125_126_127_130_133_134_135_138_139_142_143_146_147_149_152_153_154_155_156_159_160_163_164_165_166_169_170_171_174_176_178_180_183_185_187_188_189_192_193_194_195_201_202_203_204_207_208_209_215_218_221_225_228_229_232_233_239_245_247_248_251_262_265_268_282  1.55e+10  1.32e+10 -52144.51  58156.83  13211.42    778.11     80.40    131.88    858.72   3210.73      0.00 0
100251 5626.0    0_1_2_3_4_5_6_7_8_9_10_11_12_13_14_15_16_17_18_19_20_21_22_23_24_25_26_27_28_29_30_31_32_33_34_35_36_37_38_39_41_42_43_45_46_47_48_49_50_51_53_54_56_57_59_60_61_63_64_65_67_68_69_70_71_72_73_75_76_77_80_81_83_84_85_86_87_89_92_93_95_97_99_101_105_107_109_114_119_121_123_125_127_133_135_137_139_144_146_150_152_154_160_171_176_178_202  2.29e+09  1.87e+09 -47185.05  33644.35  12900.60    671.08     77.45    144.51  -3066.87   2806.64      0.00 0
100252 5626.0    91_102_103_111_116_117_128_129_137_140_141_148_157_158_161_167_168_172_181_182_184_190_196_198_205_211_213_217_219_223_234_242_254  3.02e+09  2.52e+09 -39809.51 -12681.87  11618.23    681.80     74.46    197.67  -3580.81  -6085.50      0.00 0
100253 5626.0    107_111_121_125_129_133_137_141_146_152_154_158_162_164_168_170_173_176_178_182_185_187_191_193_197_199_200_202_203_206_208_209_212_214_215_218_221_222_229_232_236_239  7.76e+09  6.56e+09 -28826.12 -24377.21  10590.21    788.72     74.33    220.22   4925.54  -2887.70      0.00 0
100254 5626.0    59_63_67_75_79_83_89_91_95_99_103_107_111_114_116_117_121_125_129_133_134_137_141_143_146_148_152_154_155_157_158_162_164_165_167_168_170_173_176_178_181_182_185_187_188_190_191_193_194_196_197_199_200_202_203_205_206_208_209_210_212_213_214_215_216_218_219_220_221_222_224_226_227_228_229_230_231_232_233_234_235_236_237_238_239_240_241_242_243_244_245_246_247_248_249_250_251_252_253_254_255_256_257_258_259_260_261_262_263_264_265_266_267_268_269_270_271_272_273_274_275_276_277_278_279_280_281_282_283_284_285_286_287_288_289_290_291_292_293_294_295_296_297_298  1.55e+10  1.30e+10 170761.22 165363.59  13747.72    722.07     86.69     44.08   5156.33  -5725.13      0.00 0
100255 5626.0    260_261_266_275_276_280_286_288_290_292_294_296  4.47e+10  3.90e+10 -16096.40 -12648.43   8588.56    757.47     67.24    218.16  -1570.70 -11147.17      0.00 0
100256 5626.0    3_5_8_9_12_13_17_18_21_25_26_28_29_33_34_35_38_40_41_44_45_49_50_53_55_59_60_62_63_66_67_71_72_75_76_78_79_83_86_88_89_91_95_96_99_100_102_103_107_110_111_114_116_117_121_122_125_126_128_129_133_134_136_137_140_141_143_146_147_148_154_155_157_158_161_164_165_167_168_170_172_177_179_181_182_188_190_194_196_198_200_205_210_211_213_216_219_223_226_230_234_237_242_252_254_257_263_269_273_278_285  1.45e+09  1.18e+09  44239.11  45222.84  13158.72    678.91     78.25     45.63     -7.54  -3884.27      0.00 0
100257 5626.0    111_117_129_137_141_146_148_152_157_158_162_168_173_176_178_182_185_191_197_199_202_203_209_212_218_224_228_229_232_233_241_245_247_248_262  1.12e+10  9.54e+09 -36603.61  -6467.38  10975.15    713.98     73.55    190.02   5501.11  -4209.33      0.00 0
100258 5626.0    0_1_2_3_4_5_6_7_8_9_11_13_15_16_17_19_20_21_23_24_28_29_31_32_33_35_37_40_41_44_45_47_48_51_53_55_57_59_63_67_73_78_79_83_89_103_107_111_129_137_141_162  1.38e+10  1.19e+10 -17064.43  18395.68   9446.37    730.52     69.37    132.85    599.51  -1689.06      0.00 0
100259 5626.0    33_41_49_53_59_63_67_71_72_75_79_83_86_89_91_95_99_100_103_107_111_114_116_117_121_125_126_129_133_134_137_141_143_146_147_148_152_154_155_157_158_162_164_165_168_170_173_176_177_178_179_181_182_185_187_188_190_191_193_194_197_199_200_202_203_205_206_208_209_210_212_213_214_215_216_218_220_221_222_224_226_227_228_229_230_231_232_233_235_236_237_238_239_240_241_243_244_245_246_247_248_249_250_251_252_253_255_256_257_258_259_260_261_262_264_265_266_267_268_269_270_271_272_273_274_275_276_277_279_280_281_282_283_284_285_286_287_288_289_290_291_292_293_294_295_296_297_298  4.27e+10  3.66e+10 -118056.52 -176417.33  13838.78    787.20     86.27    236.21    993.49 -11008.26      0.00 0
100260 5626.0    8_11_13_16_20_23_24_28_29_32_35_37_40_41_44_45_47_48_52_55_58_62_66_67_69_70_73_74_78_79_82_85_88_89_91_93_94_97_98_102_103_106_110_111_113_116_117_120_123_124_128_129_131_132_136_137_140_141_144_145_148_151_157_158_161_162_167_168_172_173_175_181_182_184_190_191_196_197_198_199_200_205_206_211_212_213_214_217_218_219_220_223_224_226_227_230_231_234_235_237_238_241_242_243_244_246_249_250_252_253_254_255_256_257_258_259_260_261_263_264_266_267_269_270_271_272_273_274_275_276_277_278_279_280_281_283_284_285_286_287_288_289_290_291_292_293_294_295_296_297_298  2.63e+09  2.13e+09 -172117.69 150042.05  14205.63    692.46     86.44    138.92  -4100.34  -4351.85      0.00 0
100261 5626.0    181_182_190_191_196_197_200_205_206_212_213_214_220_226_227_231_235_238_243_244_250_253_255_256_258_259_264_271_272_279  9.12e+09  7.72e+09 -34119.63   7376.92  10892.68    690.37     72.67    167.80   2923.36  -7474.56      0.00 0
100262 5626.0    3_4_9_10_12_17_18_21_22_25_26_29_30_33_34_38_41_42_45_46_49_50_53_54_59_60_63_64_67_68_71_72_75_76_79_80_83_84_86_89_90_95_96_99_100_103_104_107_108_111_112_114_117_118_121_122_125_126_129_130_133_134_137_138_141_142_143_146_147_152_153_154_155_158_159_162_163_164_165_168_169_170_173_174_176_177_178_179_182_183_185_186_187_188_191_192_193_194_197_199_202_203_206_207_208_209_210_212_214_215_216_218_220_221_222_224_228_229_231_232_233_235_236_238_239_240_241_243_244_245_247_248_250_251_253_255_256_258_259_262_264_265_267_268_270_271_272_274_277_279_281_282_284_289_291_295  2.45e+09  2.00e+09  -4815.52 159436.28  15162.30    684.58     84.57     91.73   4815.47  -2913.00      0.00 0
100263 5626.0    8_9_13_17_20_21_28_29_32_33_35_40_41_44_45_49_52_53_55_58_59_62_63_66_67_74_75_78_79_82_83_88_89_91_94_95_99_102_103_106_107_110_111_116_117_120_121_124_125_128_129_133_136_137_140_141_145_146_151_152_154_157_161_162_164_167_172_175_176_178_184_185_187_193_198_202_203_209_215_217_221_228_229_232_239_247  1.17e+09  9.54e+08 -54685.85  -3939.12  12910.17    641.67     76.75    184.12    310.19  -2881.10      0.00 0
100264 5626.0    38_49_50_53_59_63_71_72_75_76_83_86_89_95_96_99_100_103_107_111_114_121_122_125_126_129_133_134_137_138_141_143_146_147_152_153_154_155_158_162_163_164_165_168_170_173_176_177_178_179_182_185_186_187_188_191_193_194_197_199_202_203_206_208_209_210_212_214_215_216_218_220_221_222_224_227_231_233_235_236_238_240_241_243_244_246_250_253_255_258_261_264_267_270_274_275_277_281_284_286_287_289_291_293_295_297_298  3.63e+10  3.13e+10 -23249.83 -73559.94  13159.22    780.25     80.32    252.46   5368.06   1555.79      0.00 0
100265 5626.0    1_7_11_14_15_16_19_23_24_27_31_32_36_37_39_43_46_47_48_51_52_56_57_58_61_65_69_70_73_74_77_80_81_82_85_87_92_93_94_97_98_101_104_105_106_109_113_115_118_119_120_123_124_127_130_131_132_135_136_139_144_145_149_150_151_156_159_160_161_166_169_171_175_180_183_184_189_192_195_201_204_207_217_225  2.29e+09  1.88e+09 -27269.00 -50475.06  12792.20    681.39     77.43    241.62  -1916.80   2504.60      0.00 0
100266 5626.0    102_106_110_116_117_120_124_128_136_140_145_148_151_157_158_161_167_168_172_175_181_182_184_190_191_196_197_198_200_205_206_211_212_213_214_217_219_220_223_226_227_230_231_234_235_237_238_242_243_244_246_249_250_252_253_254_255_257_258_259_260_261_263_264_266_267_269_270_271_272_273_274_275_276_277_278_279_280_281_283_284_285_286_287_288_289_290_291_292_293_294_295_296_297_298  1.07e+09  8.56e+08 -129691.88  77342.55  14939.00    714.96     84.35    149.19   4137.04 -11054.94      0.00 0
100267 5626.0    39_43_51_56_57_61_65_73_77_80_81_87_92_93_97_101_104_105_109_113_115_118_119_123_127_130_131_135_139_142_144_149_150_156_159_166_169_174_180_183_192_207  4.79e+09  4.02e+09 -30579.79 -23169.29  11051.98    720.45     73.93    217.15  -1043.42   3697.86      0.00 0
100268 5626.0    33_49_59_71_75_83_95_99_121_125_133_146_154_176_178_187_202_209_229  1.15e+10  9.80e+09 -17973.12   9528.33   8891.70    701.11     66.39    152.07   4236.08  -1925.17      0.00 0
100269 5626.0    72_76_86_95_96_99_100_114_121_122_125_126_133_134_143_146_152_154  3.98e+09  3.35e+09   1963.53 -21957.64   9108.91    710.97     67.55    275.11   3844.10   -248.95      0.00 0
100270 5626.0    21_25_26_33_34_38_41_49_50_53_54_59_60_63_64_67_71_72_75_76_83_84_86_89_90_95_96_99_100_103_107_108_111_112_114_121_122_125_126_129_130_133_134_137_138_141_142_143_146_147_152_153_154_155_162_163_164_165_168_169_170_173_174_176_177_178_179_185_186_187_188_191_194_197_199_202_203_210_212_214_218_220_224_231_235_238_241_243_244_253_255_258_264_267_270_274_279_281_284_291  1.86e+10  1.58e+10  -4411.64 -67308.66  12806.37    766.19     79.25    266.25   3879.76   1958.27      0.00 0
100271 5626.0    199_212_218_224_233_235_241_244_248_251_256_262_265  2.34e+10  2.02e+10 -19676.03  -2845.88   8677.43    724.12     66.42    188.23   5692.82  -5823.61      0.00 0
100272 5626.0    0_1_2_3_4_5_6_7_8_9_10_11_12_13_14_15_16_17_18_19_20_21_22_23_24_25_26_27_28_29_30_31_32_33_34_35_36_37_38_39_40_41_42_43_44_45_46_47_48_49_50_51_52_53_54_55_56_57_58_59_60_61_62_63_64_65_66_67_68_69_70_71_72_73_74_75_76_77_78_79_80_81_82_83_84_85_86_87_88_89_90_91_92_93_95_96_97_99_100_101_103_104_105_107_108_109_111_112_113_114_115_117_118_119_121_123_125_127_129_131_133_135_137_139_141_143_144_146_149_150_152_154_156_158_160_162_164_166_168_171_173_176_178_180_185_187_189_195_197_199_202_203_204_209_212_218_220_224_228_229_233_235_241_243_244_245_248_251_255_256_259_262_265_268_271_272_282  8.51e+10  7.42e+10  64560.30 -72435.45  13498.62    832.84     82.08    311.71  -1952.23   2886.02      0.00 0
100273 5626.0    95_99_100_107_111_114_121_125_126_129_133_134_137_141_143_146_147_152_154_155_158_162_164_165_168_170_173_176_177_178_179_182_185_187_188_191_193_194_197_199_202_203_206_208_209_210_212_214_215_216_218_220_221_222_224_227_228_229_231_232_233_235_236_238_239_240_241_243_244_245_246_247_248_250_251_253_255_256_258_259_260_261_262_264_265_267_268_270_271_272_274_275_276_277_279_281_284_286_287_288_289_291_293_294_295_296_297_298  2.24e+09  1.80e+09 -43475.20 -100129.43  15108.42    638.06     82.12    246.53   4684.00  -4954.29      0.00 0
100274 5626.0    200_205_213_219_226_230_234_237_242_249_252_254_257_263_273_278  5.62e+10  4.90e+10  22717.42   5837.07   9144.85    741.71     68.70     14.41  -3416.92  -8227.78      0.00 0
100275 5626.0    23_24_32_37_47_48_52_57_58_62_69_70_73_74_81_82_85_88_93_94_97_98_105_106_109_110_113_119_120_123_124_128_131_132_135_136_139_140_144_145_150_151_160_161_166_167_171_172_175_184_190_195_196_198_211_213_217_219_223_230_234_237_242_252_254_257_263_266_269_273_278_280_283_285_288_290_292_296  1.41e+09  1.14e+09  -3910.42  86114.24  14379.04    651.62     80.53     92.60  -4382.28  -2149.03      0.00 0
100276 5626.0    58_62_82_88_94_106_110_120_128_136_140_157_161_167_172_190_196_198_211_213_219_230_234_237_242_252_257_269_273_283  1.38e+10  1.18e+10   2042.74  28567.63  10069.08    705.80     70.63     85.91  -2548.88  -5848.36      0.00 0
100277 5626.0    176_178_185_187_193_199_202_203_209_212_215_218_220_221_224_228_229_232_233_235_239_241_243_244_245_247_248_251_255_256_258_259_264_270_271_274_279_284  1.74e+09  1.42e+09  16247.92  32179.37  11359.19    639.20     72.51     63.21   5517.23  -5134.47      0.00 0
100278 5626.0    0_1_2_3_4_5_6_7_8_9_10_11_12_13_14_15_16_17_18_19_20_21_22_23_24_25_26_27_28_29_30_31_32_34_35_36_37_39_40_42_43_44_46_47_48_50_51_52_54_55_56_57_58_60_61_62_64_65_66_68_69_70_73_74_76_77_78_80_81_82_84_85_87_88_90_92_93_94_96_97_98_101_102_104_105_106_108_109_110_112_113_115_118_120_122_123_124_127_128_130_131_132_136_138_140_142_145_149_151_153_156_159_161_163_169_172_174_175_180_183_184_186_192_198_207_211_217_223_234_254  2.14e+09  1.76e+09 -46556.95 -61626.37  13507.58    726.35     80.08    232.93  -1655.20     47.03      0.00 0
100279 5626.0    212_218_220_224_228_233_235_238_241_243_244_245_248_251_253_255_256_258_259_262_264_265  3.47e+09  2.93e+09  20233.65  15962.38   9528.25    732.76     69.71     38.27   5316.37  -6274.07      0.00 0
100280 5626.0    255_258_259_264_270_271_272_274_277_279_281_284_287_289_291_293_295  2.95e+10  2.57e+10 -19745.02 -13651.71   9262.72    735.30     68.90    214.66   3302.60 -10062.37      0.00 0
100281 5626.0    250_253_258_260_261_267_270_275_276_277_281_286_287_288_293_294_296  1.91e+09  1.57e+09 -19017.50 -14997.57   9952.97    631.41     67.66    218.26    583.20 -10262.86      0.00 0
100282 5626.0    148_158_168_173_181_182_191_197_199_200_206_212_214_218_220_224_233_235_238_241_243_244_251_255_256_259_265_268_272_282  6.17e+10  5.39e+10  29730.07  -3534.57   9878.34    765.27     71.74    353.22   4073.83  -6395.18      0.00 0
100283 5626.0    0_1_2_5_6_7_8_11_13_15_16_19_20_23_24_27_28_29_31_32_35_37_39_40_43_44_45_47_48_51_52_55_57_58_61_62_65_66_69_70_73_74_77_78_79_81_82_85_87_88_91_93_94_97_98_101_102_105_106_109_110_113_116_117_119_120_123_124_127_128_131_132_135_136_139_140_144_145_148_150_151_157_158_160_161_166_167_171_172_175_181_182_184_189_190_195_196_198_200_205_206_211_213_219_223_226_227_230_231_234_237_242_246_249_250_252_257_260_261_266_267_269_273_275_276_277_280_283_286_287_288_289_290_293_294_295_296_297_298  1.20e+09  9.59e+08  19328.35 -85074.03  14568.01    631.78     80.52    282.80  -2778.91   -570.22      0.00 0
100284 5626.0    116_117_128_129_140_141_148_157_158_161_162_167_168_172_173_181_182_184_185_190_191_196_197_198_199_200_203_205_206_211_212_213_214_217_218_219_220_223_224_226_227_228_230_231_233_234_235_237_238_241_242_243_244_245_246_248_249_250_251_252_253_254_255_256_257_258_259_262_263_264_265_268_271_272_282  8.71e+10  7.60e+10  70767.45   2545.45  12996.65    761.76     79.60      2.06   2302.16  -6622.15      0.00 0
100285 5626.0    75_83_86_89_95_99_100_103_107_111_114_117_121_125_126_129_133_134_137_141_143_146_148_152_154_155_158_162_164_165_168_170_173_176_178_179_181_182_185_187_188_191_193_194_197_199_200_202_203_205_206_208_209_210_212_214_215_216_218_220_221_222_224_226_227_228_229_230_231_232_233_235_236_238_239_240_241_243_244_246_249_250_252_253_255_258_260_261_264_266_267_269_270_274_275_276_277_280_281_283_284_286_287_288_289_290_291_292_293_294_295_296_297_298  2.34e+09  1.93e+09 -43438.63 -72151.31  13987.57    695.57     80.57    238.95   3687.53  -4372.84      0.00 0
100286 5626.0    0_1_2_3_4_5_6_7_8_9_10_11_12_13_14_15_16_17_18_19_20_21_22_23_24_25_26_27_28_29_30_31_32_33_34_35_36_37_39_40_41_42_43_44_45_46_47_48_51_52_53_54_55_56_57_58_61_62_63_64_65_66_67_68_69_70_73_74_77_78_79_80_81_82_85_87_88_89_90_91_92_93_94_97_98_101_102_103_104_105_106_109_110_113_115_116_117_118_119_120_123_124_127_128_129_130_131_132_135_136_139_140_144_145_148_149_150_151_156_157_158_159_160_161_166_167_171_172_175_180_181_182_183_184_189_190_191_192_195_196_198_200_201_204_205_206_207_211_213_217_219_223_225_226_227_230_231_234_237_242_246_249_250_252_254_257_260_261_263_266_267_269_273_275_276_277_278_280_283_285_286_287_288_289_290_292_293_294_295_296_297_298  4.57e+10  3.92e+10   4749.93 -118262.98  14637.44    722.62     82.95    272.30  -2039.80   1533.83      0.00 0
100287 5626.0    0_1_2_3_4_5_6_7_8_9_10_11_12_13_14_15_16_17_18_19_20_21_22_23_24_25_26_27_28_29_30_31_32_33_34_35_36_37_38_39_40_41_42_43_44_45_46_47_48_49_50_51_52_53_54_55_56_57_58_59_60_61_62_63_64_65_66_67_68_69_70_71_72_73_74_75_76_77_78_79_80_81_82_83_84_85_86_87_88_89_90_91_92_93_94_95_96_97_98_99_100_101_102_103_104_105_106_107_108_109_110_111_112_113_114_115_116_117_118_119_120_121_122_123_124_125_126_127_128_129_130_131_132_133_134_135_136_137_138_139_140_141_142_143_144_145_146_147_148_149_150_151_152_153_154_155_156_157_158_159_160_161_162_163_164_165_166_167_168_169_170_171_172_173_176_178_180_181_182_183_185_187_188_189_190_191_192_193_194_195_197_199_200_201_202_203_204_205_206_208_209_212_214_215_218_220_221_224_225_226_227_228_229_231_232_233_235_238_239_241_243_244_245_247_248_250_251_253_255_256_258_259_262_264_265_267_268_270_271_272_274_279_281_282_284  6.31e+09  5.25e+09 -177947.64 178944.27  13490.72    703.96     86.94    134.84  -1920.53   1648.74      0.00 0
100288 5626.0    65_77_87_92_93_101_104_105_109_112_115_118_119_123_127_130_135_139_142_144_149_150_156_159_160_163_166_169_171_174_180_183_189_192_207  2.51e+10  2.18e+10 -37957.53 -16041.70  11196.00    740.03     74.80    202.91    915.55   5059.40      0.00 0
100289 5626.0    83_89_95_103_107_111_117_121_129_137_141_148_158_162_168_173_181_182_191_197_200_205_206_214_226_227_230_231_238_246_249_250_252_253_260_261_266_267_269_275_276_277_280_283_286_287_288_290_293_294_295_296_297_298  1.00e+11  8.78e+10  18451.74  44989.99  11620.42    770.71     76.56     67.70   -449.63 -10119.39      0.00 0
100290 5626.0    0_1_2_3_4_5_6_7_8_9_10_11_12_13_14_15_16_17_18_19_20_21_22_23_24_25_26_27_28_29_30_31_32_33_34_35_36_37_38_39_41_42_43_45_46_47_49_50_51_53_54_55_56_57_59_60_61_63_64_65_67_68_69_71_72_73_75_76_77_79_80_81_83_84_86_87_89_90_92_93_95_96_99_100_101_104_105_107_109_111_114_115_119_121_123_125_127_133_135_137_139_141_143_144_146_150_152_154_156_160_162_164_166_171_176_178_185_187_195_199_202_203_209_218_224_228_229_232_233_241_245_247_248_251_256_262_265_268_272_282  1.17e+10  9.99e+09 -48592.11  44870.92  12952.31    732.52     78.92    137.28   1754.62   -405.06      0.00 0
100291 5626.0    2_8_11_13_16_20_23_24_28_29_32_35_37_40_41_44_45_47_48_52_55_58_62_66_67_69_70_73_74_78_79_82_85_88_89_91_94_97_98_102_103_106_110_111_116_117_128_129_141_148_157_158_168_173_181_182_191_197_199_206_212_214_220_224_231_235_238_243_244_253_255_258_259_264_270_271_274_279  8.91e+10  7.79e+10 -27206.29  34897.73  11369.62    754.80     75.59    127.94   1826.80  -5701.03      0.00 0
100292 5626.0    95_99_121_125_133_146_152_154_176_178_185_202_203_218_233  6.46e+09  5.46e+09  -9591.95  18223.59   9018.62    687.24     66.35    117.76   4463.00  -2726.96      0.00 0
100293 5626.0    17_21_25_26_29_33_38_41_45_49_50_53_55_59_63_67_71_72_75_76_78_79_83_86_89_91_95_96_99_100_102_103_107_111_114_116_117_121_122_125_126_128_129_133_134_137_141_143_146_147_148_152_153_154_155_157_158_162_164_165_167_168_170_173_176_177_178_179_181_182_185_186_187_188_190_191_193_194_196_197_199_200_202_203_205_206_208_209_210_212_213_214_215_216_218_219_220_221_222_224_226_227_228_229_230_231_232_233_235_236_237_238_239_240_241_242_243_244_245_246_247_248_249_250_251_252_253_255_256_257_258_259_260_261_262_263_264_265_266_267_268_269_270_271_272_273_274_275_276_277_278_279_280_281_282_283_284_285_286_287_288_289_290_291_292_293_294_295_296_297_298  8.13e+10  7.03e+10 -107539.62 -155887.55  14306.23    771.62     85.68    235.40    499.20  -9737.78      0.00 0
100294 5626.0    0_1_2_5_7_8_11_13_15_16_19_20_23_24_28_29_31_32_35_37_39_40_44_45_47_48_51_52_55_57_58_61_62_65_66_69_70_73_74_78_79_81_82_85_87_88_91_93_94_97_98_102_103_105_106_109_110_113_116_117_119_120_123_124_128_129_131_132_135_136_139_140_144_145_148_150_151_157_158_160_161_167_171_172_175_181_182_184_190_191_196_198_200_205_206_211_213_214_219_226_227_230_231_237_238_242_246_249_250_252_253_257_260_261_266_267_269_270_275_276_277_280_281_284_286_287_288_289_291_293_294_295_297_298  5.50e+09  4.56e+09 -26415.41  76977.70  13838.12    701.95     80.35    108.94  -1329.47  -5049.44      0.00 0
100295 5626.0    103_111_129_141_158_168_173_182_191_197_200_206_214_220_226_227_231_238_246_250_253_260_261_267_270_275_277_281_286_287_289_293_295_297_298  9.33e+09  7.99e+09   5344.68  32853.72  10354.57    749.37     72.72     80.76   1219.58  -8379.10      0.00 0
100296 5626.0    9_13_17_21_25_29_33_35_38_41_45_49_53_55_59_63_67_71_72_75_79_83_86_89_95_99_100_114_133_134_143_165_170_188_194  6.76e+10  5.93e+10  21737.68  10899.66   9179.03    757.98     69.32     26.63   3316.78   -419.58      0.00 0
100297 5626.0    0_1_2_3_4_5_6_7_8_9_10_11_12_13_14_15_16_17_18_19_20_21_22_23_24_25_26_27_28_29_30_31_32_33_34_35_36_37_38_39_40_41_42_43_44_45_46_47_48_49_50_51_52_53_54_55_56_57_58_59_60_61_62_63_64_65_66_67_68_69_70_71_72_73_74_75_76_77_78_79_80_81_82_83_84_85_86_87_88_89_91_93_94_95_96_97_98_99_100_102_103_105_106_107_110_111_113_114_116_117_119_120_121_123_124_125_128_129_131_132_133_134_135_136_137_140_141_143_144_145_146_150_151_152_154_158_162_164_165_168_170_173_175_176_178_185_187_193_199_202_203_208_209_212_215_218_221_224_228_229_232_233_236_239_241_245_247_248_251_262_265_268_282  1.86e+09  1.49e+09 -121000.92  37224.74  15319.97    645.96     83.10    162.90  -2464.30   -445.24      0.00 0
100298 5626.0    1_2_7_8_11_13_15_16_19_20_23_24_27_28_31_32_35_37_39_40_43_44_47_48_51_52_55_57_58_61_62_65_66_69_70_73_74_77_78_81_82_85_87_88_91_93_94_97_98_101_102_105_106_109_110_113_116_119_120_123_124_127_128_131_132_135_136_139_140_144_145_148_150_151_156_157_160_161_166_167_171_172_175_181_184_189_190_195_196_198_200_205_211_213_217_219_223_226_227_230_234_237_242_246_249_252_254_257_260_261_263_266_269_273_275_276_278_280_283_285_286_287_288_290_292_293_294_296_297_298  1.95e+10  1.68e+10  -4804.54  86205.40  13659.34    755.20     81.01     93.19  -2584.95  -7752.73      0.00 0
100299 5626.0    200_205_211_213_219_223_226_227_230_231_234_237_238_242_246_249_250_252_253_254_257_258_260_261_263_264_266_267_269_270_271_273_274_275_276_277_278_279_280_281_283_284_285_286_287_288_289_291  9.12e+09  7.72e+09  54439.10 -13926.96  12560.47    704.52     77.40    345.65  -1170.18  -8967.81      0.00 0
