#event_number primary_type du_ids energy_primary em_energy Xmax_pos(x, y, z), Xmax_grams zenith azimuth shower_core_pos_x shower_core_pos_y shower_core_pos_z, N_tested_cores, units are degrees, GeV and meters
100100 5626.0    0_1_2_3_4_5_6_7_8_9_10_11_12_13_14_15_16_17_18_19_20_22_23_24_26_27_28_30_31_32_34_35_36_37_39_40_42_43_44_46_47_48_51_52_54_56_57_58_60_61_62_64_65_66_68_69_70_73_74_77_80_81_82_84_85_87_88_90_92_93_94_97_98_101_104_105_106_108_110_112_113_115_118_120_122_124_130_131_132_136_138_140_142_145_151_153_159_161_163_169_174_175_184_186_192_198_217_223  2.14e+10  1.82e+10 -44169.81 -46986.75  13108.55    695.89     78.51    226.77  -3151.40  -1367.82      0.00 0
100101 5626.0    0_1_2_3_4_5_6_7_8_9_10_11_12_13_14_15_16_17_18_19_20_21_22_23_24_25_26_27_28_29_30_31_32_33_34_35_36_37_38_39_40_41_42_43_44_45_46_47_48_49_50_51_52_53_54_55_56_57_58_59_60_61_62_63_64_65_66_67_68_69_70_71_72_73_74_75_76_77_78_79_80_81_82_83_84_85_86_87_88_89_90_91_92_93_94_96_98_100_101_102_103_104_105_106_108_109_110_112_115_116_117_118_120_122_124_127_128_130_136_138_140_142_145_148_149_151_153_156_157_159_161_163_167_169_172_174_175_180_181_183_184_186_190_192_196_198_201_205_207_211_213_217_219_223_230_234_237_242_252_254_257_263_269_273_278_283_285_292  9.55e+10  8.36e+10  36543.59  81427.18  13721.17    760.37     81.26     65.83   1437.15   4145.30      0.00 0
100102 5626.0    0_1_2_3_4_5_6_7_8_9_10_11_12_13_14_15_16_17_18_19_20_21_22_23_24_25_26_27_28_29_30_31_32_33_34_35_36_37_38_39_40_41_42_43_44_45_46_47_48_49_50_51_52_53_54_55_56_57_58_59_60_61_62_63_64_65_66_67_68_69_70_71_72_73_74_75_76_77_78_79_80_81_82_83_84_85_87_88_89_90_91_92_94_96_98_101_102_103_104_106_108_109_110_112_115_116_117_118_120_127_128_130_136_138_140_142_148_149_151_156_157_158_159_161_163_167_169_172_174_180_181_182_183_184_190_192_196_198_200_201_205_207_211_213_219_223_226_230_234_237_242_246_249_252_254_257_260_263_266_269_273_276_278_280_283_285_288_290_292_296  5.50e+10  4.77e+10  22400.54  74854.71  13510.23    731.49     80.19     73.34  -1027.71  -2492.42      0.00 0
100103 5626.0    0_1_2_3_4_5_6_7_9_10_12_13_14_15_17_18_19_21_22_25_26_27_29_30_33_34_36_38_39_41_42_43_46_49_50_51_53_54_56_59_61_63_64_65_68_77_80_83_87_90_92_101_104_109_115_118_127_139_149_156_166_171_180_189_195_204  4.57e+10  3.98e+10 -12668.64  29830.96  10237.36    752.77     72.47    113.01   -527.17   2978.87      0.00 0
100104 5626.0    199_203_212_214_218_220_224_228_229_231_233_235_238_241_243_244_245_247_248_250_251_253_255_256_258_259_261_262_264_265_267_268_270_271_272_274_275_277_281_282  1.29e+09  1.05e+09 -34513.01 -23755.63  11824.48    653.25     74.24    214.54   5416.00  -6541.86      0.00 0
100105 5626.0    0_2_3_4_5_8_9_10_12_13_16_17_18_20_21_22_25_26_28_29_32_33_34_35_38_40_41_44_45_49_50_52_53_54_55_59_60_62_63_66_67_71_72_75_76_78_79_82_83_84_86_88_89_91_96_100_102_103_106_110_116_117_128_136_140_148_157_161_167_172_181_184_190_196_198_205_211_213_217_219_223_234_237_242_254_257_263_273_278  3.72e+10  3.21e+10  30459.42  38388.91  11728.87    757.27     76.54     51.57  -2377.45  -5287.36      0.00 0
100106 5626.0    99_100_114_121_125_126_133_134_137_143_146_147_152_153_154_155_162_164_165_170_173_176_177_178_179_185_186_187_188_193_194_197_199_202_203_208_209_210_212_215_216_218_220_221_222_224_228_229_232_233_235_236_238_239_240_241_243_244_245_247_248_251_253_255_256_258_259_262_264_265_268_270_271_272_274_279_281_282_284_291  1.29e+09  1.04e+09  19574.96 144022.22  15199.58    678.69     84.03     82.26   6109.69  -9630.58      0.00 0
100107 5626.0    21_29_35_41_44_45_53_55_59_63_66_67_75_78_79_83_88_89_91_95_99_102_103_107_110_111_116_117_121_125_128_129_133_136_137_140_141_143_146_148_152_154_157_158_161_162_164_167_168_170_172_173_176_178_181_182_184_185_187_190_191_193_196_197_198_200_202_205_206_208_209_211_213_215_217_219_221_222_223_226_230_234_236_237_239_242_252_254_257_263_278  1.78e+10  1.52e+10  62889.43  33636.28  13321.33    715.27     79.42     28.14  -3381.49  -6336.46      0.00 0
100108 5626.0    0_1_2_3_5_7_8_9_11_13_15_16_19_20_23_24_28_29_31_32_35_40_41_44_45_52_55_62_66_67_78_79_88_89_91_102_103_116_117_129_148_158_168_182_191  1.45e+10  1.24e+10  -8260.88  24532.55   9657.81    713.61     69.54    108.61     76.14  -2794.84      0.00 0
100109 5626.0    200_205_206_213_219_226_227_230_231_237_238_246_249_250_253_258_267_270  2.69e+10  2.33e+10 -22095.95   7043.22   9214.89    722.82     68.33    162.32     25.25  -7909.25      0.00 0
100110 5626.0    37_48_58_69_70_73_74_82_85_93_94_97_98_106_113_120_124_136  2.14e+10  1.84e+10    750.31 -19268.19   8649.85    711.26     65.84    272.23  -3019.54   -929.71      0.00 0
100111 5626.0    0_1_2_3_4_5_6_7_8_9_10_11_12_13_14_15_16_17_18_19_20_21_22_23_24_25_26_27_28_29_30_31_32_33_34_35_36_37_38_39_40_41_42_43_44_45_46_47_48_49_50_51_52_53_54_55_56_57_58_59_60_61_62_63_64_65_66_67_68_69_70_71_72_73_74_75_76_77_78_79_80_81_82_83_84_85_86_88_89_90_91_93_94_95_96_97_98_99_100_102_103_104_106_107_108_110_111_112_113_114_116_117_120_121_122_124_125_126_128_131_132_133_134_136_138_140_143_145_147_151_153_154_155_161_163_164_165_167_170_172_175_177_179_184_186_188_193_194_198_208_210_211_216_217_221_222_223_236_240  2.14e+10  1.82e+10  94970.23  44628.86  14280.85    738.74     82.25     25.17   -112.74   -746.86      0.00 0
100112 5626.0    185_199_202_203_209_212_215_218_220_221_224_228_229_232_233_235_236_238_239_241_243_244_245_247_248_251_253_255_256_258_259_262_264_265_267_268_270_271_272_274_277_279_281_282_284_287_289_291_293_295_297_298  9.55e+09  8.04e+09  41772.23  57200.09  13434.53    695.26     79.26     53.86   5865.98  -6903.39      0.00 0
100113 5626.0    162_173_185_197_199_212_214_218_220_224_231_235_238_243_253_258_267_270  1.38e+10  1.19e+10  -9524.45 -21222.56   9313.48    708.05     68.18    245.83   3227.85  -6889.90      0.00 0
100114 5626.0    0_1_2_3_4_5_6_7_8_9_10_11_12_13_14_15_16_17_18_19_20_21_22_23_24_25_26_27_28_29_30_31_32_33_34_35_36_37_38_39_40_41_42_43_44_45_46_47_48_49_50_51_52_53_54_55_56_57_58_59_60_61_62_63_64_65_66_67_68_69_70_71_72_73_74_75_76_77_78_79_80_81_82_83_84_85_86_87_88_89_90_91_92_93_94_95_96_97_98_99_100_101_102_103_104_105_106_107_108_109_110_111_112_113_114_115_116_117_118_119_120_121_122_123_124_125_126_127_128_129_130_131_132_133_134_135_136_137_138_139_140_141_142_143_144_145_146_147_148_149_150_151_152_153_154_155_156_157_158_159_160_161_162_163_164_165_166_167_168_169_170_171_172_173_174_175_176_177_178_179_180_181_182_183_184_185_186_187_188_189_190_191_192_193_194_195_196_197_198_199_200_201_204_205_206_207_210_211_212_213_214_216_217_219_220_223_225_226_227_230_231_234_237_238_242_243_246_249_250_252_253_254_257_258_260_261_263_266_267_269_270_273_275_276_277_278_280_281_283_285_286_287_288_289_290_292_293_294_295_296_297_298  6.31e+10  5.45e+10 -104421.51 -256645.00  12145.82    776.80     87.49    247.86   1154.34   2385.43      0.00 0
100115 5626.0    63_67_79_83_89_91_95_103_107_111_116_117_121_125_128_129_137_141_148_157_158_167_168_181_182_190_191_196_200_205_206_213_219_226_230_234_237_242_249_252_254_257_263_269_273_278_283_285  7.08e+10  6.22e+10 -27241.04 -26825.83  10919.59    739.98     74.06    224.56   -783.24  -6216.00      0.00 0
100116 5626.0    13_28_29_35_44_45_55_66_67_78_79_91_102_103_116_117_128_129_148_157_158_181_182_190_191_200_205_206_226_227_246_249_250_260_261_275  4.57e+09  3.82e+09    797.41  29660.42  10384.87    676.36     70.71     88.46     -3.58  -5644.83      0.00 0
100117 5626.0    238_243_250_253_255_258_264_267_270_271_274_279  1.26e+09  1.03e+09  26542.48  -4066.31  10350.61    627.76     68.92    351.29   4968.00  -9209.12      0.00 0
100118 5626.0    50_54_60_64_72_76_84_86_90_96_100_104_108_112_122_126_130_138_142_159_163_169_174_183_192_207  5.75e+10  5.04e+10  -5833.64  26733.05   9641.10    750.10     70.59    102.31   2237.48   4123.35      0.00 0
100119 5626.0    40_44_52_55_58_62_66_74_78_79_82_88_91_94_98_102_103_106_110_111_116_117_120_124_128_129_132_136_140_141_145_148_151_157_158_168_173_182_191_197_199_212_220_224_235  2.88e+10  2.49e+10  30614.63 -17476.45  10683.41    729.52     73.14    330.28   -672.35  -3697.23      0.00 0
100120 5626.0    71_72_75_86_95_96_99_100_107_111_114_121_122_125_126_133_134_137_141_143_146_147_152_153_154_155_162_163_164_165_168_170_173_176_177_178_179_185_186_187_188_191_193_194_197_199_202_203_208_209_210_212_214_215_216_218_220_221_222_224_228_229_231_232_233_235_236_238_239_240_241_243_244_245_247_248_250_251_253_255_256_258_259_262_264_265_267_268_270_271_272_274_277_279_281_282_284_287_289_291_295_298  8.51e+09  7.11e+09 -30559.97 -184798.00  14741.44    714.83     85.50    260.61   5690.09  -9904.37      0.00 0
100121 5626.0    0_1_2_3_4_5_6_7_8_9_10_11_12_13_14_15_16_17_18_19_20_21_22_24_25_26_27_28_29_30_32_33_34_35_36_38_40_41_42_43_44_45_46_49_50_52_53_54_55_56_59_60_62_63_64_66_67_68_71_72_75_76_78_79_80_82_83_84_86_88_89_90_91_92_95_96_99_100_102_103_104_107_108_110_111_112_114_116_117_118_121_122_126_128_129_130_134_137_138_140_141_142_147_148_153_155_157_158_159_163_167_168_169_172_174_177_181_182_186_190_191_192_196_200_205_206_213_219_226_227_230_231_237_242_246_249_250_252_257_260_261_263_266_269_273_275_276_280_283_285_286_288_290_292_294_296  4.68e+09  3.91e+09  25881.96  71771.96  13782.83    680.69     79.76     70.17   1076.09  -1358.21      0.00 0
100122 5626.0    20_28_32_35_40_44_45_48_52_55_58_62_66_67_74_78_79_82_88_89_91_94_98_102_103_106_111_117_129_141  1.23e+09  1.00e+09  22749.55 -11426.91   9782.66    683.83     68.98    333.33   -725.63  -2479.49      0.00 0
100123 5626.0    0_1_2_3_4_5_6_7_9_10_12_13_14_15_17_18_19_21_22_25_26_27_29_30_31_33_34_36_38_39_41_42_43_46_49_50_51_53_54_56_59_60_61_63_64_65_67_68_71_72_75_76_77_80_81_83_84_86_87_89_90_92_95_96_99_100_101_104_105_107_108_109_111_112_114_115_118_121_122_125_126_127_130_133_134_135_137_138_139_141_142_143_146_147_149_152_153_154_155_156_159_160_162_163_164_165_166_169_170_171_173_174_176_177_178_179_180_183_185_186_187_188_189_192_193_194_195_199_201_202_203_204_207_208_209_215_216_218_221_222_224_225_228_229_232_233_236_239_241_244_245_247_248_251_256_259_262_265_268_272_282  2.24e+09  1.81e+09 -72575.74  96206.41  14967.73    681.43     82.92    127.03   3632.48     73.65      0.00 0
100124 5626.0    33_38_49_50_53_59_60_63_71_72_75_76_83_84_86_89_95_96_99_100_107_108_111_112_114_121_122_125_126_129_133_134_137_138_141_142_143_146_147_152_153_154_155_162_163_164_165_168_170_173_174_176_177_178_179_185_186_187_188_191_193_194_197_199_202_203_208_209_210_212_214_215_216_218_220_224_228_229_231_233_235_238_241_243_244_245_248_251_253_255_256_258_259_264_265_267_268_270_271_272_274_279_281_284_289_291  2.29e+10  1.96e+10   -133.95  95938.54  14132.76    727.98     81.62     90.08   4473.66 -11212.84      0.00 0
100125 5626.0    46_56_64_68_77_80_84_87_90_92_96_101_104_108_109_112_115_118_122_126_127_130_135_138_139_142_147_149_153_155_156_159_160_163_165_166_169_171_174_177_179_180_183_186_188_189_192_194_195_210_216_222_240  3.98e+10  3.47e+10 -50311.07  10813.32  11908.86    756.94     76.97    167.87   3437.05   3629.34      0.00 0
100126 5626.0    114_125_126_133_134_143_146_152_154_155_164_165_170_176_178_185_187_193_202_203_209_215_218_224_228_229_233_241_244_248_251_256_259_268_272  1.70e+10  1.46e+10   4669.28 -32563.54  10441.74    727.48     72.39    278.16   5535.48  -3239.26      0.00 0
100127 5626.0    0_1_2_3_4_5_6_7_8_9_10_11_12_13_14_15_16_17_18_19_20_21_22_23_24_25_26_27_28_29_30_31_32_33_34_35_36_37_38_39_40_41_42_43_44_45_46_47_49_51_53_54_55_56_57_59_61_63_65_67_68_73_75_77_78_79_80_81_83_87_89_91_92_101_103_105_107_109_111_115_117_127_129_135_137_139_141_156_160_166_168_171_173_189_195  1.29e+10  1.10e+10  18509.96 -36739.05  11223.36    734.54     74.74    296.74   -318.53    696.73      0.00 0
100128 5626.0    12_18_22_25_26_30_33_34_38_42_46_49_50_53_54_59_60_64_68_71_72_75_76_80_83_84_86_90_92_95_96_99_100_104_107_108_112_114_118_121_122_125_126_130_133_134_137_138_141_142_143_146_147_149_152_153_154_155_159_162_163_164_165_169_170_173_174_176_177_178_179_180_183_185_186_187_188_192_193_194_199_201_202_203_204_207_208_209_210_212_215_216_218_221_222_224_225_228_229_232_233_235_236_239_240_241_244_245_247_248_251_255_256_259_262_264_265_268_271_272_279_282  3.89e+10  3.32e+10  47663.41 -143031.42  14782.54    736.65     84.40    288.43   5997.72  -1512.33      0.00 0
100129 5626.0    2_5_8_9_13_16_20_21_24_28_29_32_35_37_40_41_44_45_48_52_53_55_58_62_63_66_67_70_74_78_79_82_83_85_88_89_91_103_107_111_121_129_137_141_152_162_185  6.76e+09  5.69e+09  24870.92 -12969.06   9866.69    726.72     70.62    332.46    655.37  -2426.53      0.00 0
100130 5626.0    214_220_226_227_230_231_235_237_238_242_243_244_246_249_250_252_253_255_256_257_258_259_260_261_263_264_266_267_269_270_271_272_273_274_275_276_277_278_279_280_281_283_284_285_286_287_288_289_290_291_292  1.02e+09  8.20e+08  54023.23   6164.72  12873.47    642.49     76.68      6.51    467.90  -9296.13      0.00 0
100131 5626.0    91_103_117_129_141_158_168_173_191_197_212_214_220_224_235_238_243_244_255_258_259_264_271_274_279  5.37e+09  4.54e+09  21650.10 -23298.28  10358.52    720.82     71.96    312.90   3611.33  -7263.08      0.00 0
100132 5626.0    0_1_2_3_4_5_6_7_8_9_10_11_12_13_14_15_16_17_18_19_20_21_22_23_24_25_26_27_28_29_30_31_32_33_34_35_36_39_40_41_42_43_44_45_46_51_52_53_54_55_56_61_62_63_64_65_66_67_68_77_78_79_80_87_88_90_91_92_101_102_103_104_115_116_117_118_148_149_157_159_183  1.70e+10  1.45e+10   1574.32  35211.74  10930.97    689.98     72.77     87.44      9.23     75.61      0.00 0
100133 5626.0    173_191_197_199_206_212_214_218_220_224_233_235_241_244_251  2.24e+10  1.94e+10 -17571.78  -4889.60   8185.63    760.59     65.83    195.55   3712.43  -6176.13      0.00 0
100134 5626.0    37_47_48_51_57_61_69_70_73_74_81_85_87_93_94_97_98_101_105_109_113_119_120_123_124_127_131_132_135_136_139_144_145_150_151_156_160_161_166_171_175_180_184_189_195_198_204_217_223_225  1.78e+09  1.45e+09 -13429.78 -63454.37  13396.44    657.93     78.33    258.05  -3500.89   3970.56      0.00 0
100135 5626.0    27_36_39_43_46_51_56_57_61_65_68_73_77_80_81_87_90_92_93_97_101_104_105_109_112_115_118_119_123_130_135_144  3.09e+10  2.70e+10  24890.14   6902.65   9385.88    758.98     70.03     15.50  -1507.99   2596.81      0.00 0
100136 5626.0    115_127_135_139_149_150_156_159_160_166_171_180_183_189_192_195_201_204_207  1.51e+09  1.24e+09  33951.08   5803.36  10979.08    669.68     72.32      9.70  -3348.39   5135.74      0.00 0
100137 5626.0    26_34_38_42_49_50_54_60_64_68_71_72_75_76_84_86_90_95_96_99_100_104_108_112_114_118_121_122_125_126_130_133_134_138_142_146_154_159_169_183_192_207  1.38e+10  1.18e+10 -10777.32  29984.41  10303.58    731.02     72.08    109.77   2639.87   1873.92      0.00 0
100138 5626.0    173_191_197_199_200_203_205_206_212_214_218_220_224_226_227_228_229_230_231_233_235_237_238_241_243_244_245_246_247_248_249_250_251_252_253_255_256_257_258_259_260_261_262_263_264_265_266_267_268_269_270_271_272_273_274_275_276_277_278_279_280_281_282_283_284_285_286_287_288_289_290_291_292_293_294_295_296_297_298  2.24e+09  1.81e+09 235896.73  99598.14  12971.47    757.54     87.10     22.89   5982.46 -10210.27      0.00 0
100139 5626.0    7_10_14_19_22_27_30_31_36_39_42_43_46_47_51_54_56_57_60_61_64_65_68_73_77_80_81_84_87_90_92_93_96_97_101_104_105_108_109_112_115_118_119_122_123_126_127_130_131_135_138_139_142_144_147_149_150_153_155_156_159_160_163_166_169_174_177_179_186_210  3.63e+10  3.14e+10  54549.65   7511.17  12298.25    733.66     77.41      7.84   -537.60   3051.08      0.00 0
100140 5626.0    0_1_2_3_4_5_6_7_8_9_10_11_12_13_14_15_16_17_18_19_20_21_22_23_24_25_26_27_28_29_30_31_32_33_34_35_36_37_38_39_40_41_42_43_44_45_46_47_48_49_50_51_52_53_54_55_56_57_58_59_60_61_62_63_64_65_66_67_68_69_70_71_72_73_74_75_76_77_78_79_80_81_82_83_84_85_86_87_88_89_90_91_92_93_94_95_96_97_98_99_100_101_102_103_104_105_106_107_108_109_110_111_112_113_114_115_116_117_118_119_120_121_122_123_124_125_126_127_128_129_130_131_132_133_134_135_136_137_138_139_140_141_142_143_144_145_146_147_148_149_150_151_152_153_154_155_156_157_158_159_160_161_162_163_164_165_166_167_168_169_171_172_173_174_175_176_177_178_179_180_181_182_183_184_185_186_189_190_191_192_195_196_197_198_199_200_201_204_205_206_207_211_212_213_214_217_218_219_220_223_224_225_226_227_230_231_234_235_237_238_242_243_244_246_249_250_252_253_254_255_257_258_260_261_263_264_266_267_269_270_271_273_274_275_276_277_278_279_280_281_283_284_285_286_287_288_289_290_291_292_293_294_295_296_297_298  2.69e+10  2.29e+10 -24207.75 -304194.31  11562.92    713.13     87.83    265.45  -3228.24   4475.82      0.00 0
100141 5626.0    0_1_2_3_4_5_6_7_8_9_10_11_12_13_14_15_16_17_18_19_20_21_22_23_24_25_26_27_28_29_30_31_32_33_34_35_36_37_38_39_40_41_42_43_44_45_46_47_48_49_50_51_52_53_54_55_56_57_58_59_60_61_62_63_64_65_66_67_68_69_70_71_72_73_74_75_76_77_78_79_80_81_82_83_84_87_88_89_90_91_92_101_102_103_104_105_106_108_109_110_111_112_115_116_117_118_127_128_129_130_139_142_148_149_156_157_158_159_166_167_168_169_180_181_182_183_189_190_191_192_195_200_201_204_205_206_207_213_225_226_227_230_231_246_249_250_260_261_275_276  1.26e+09  1.01e+09    695.04 -75135.80  14048.31    637.98     79.41    270.53    -77.04   3635.32      0.00 0
100142 5626.0    212_220_231_235_238_243_250_253_258_261_264_267_270_274_275_277_281_284_286_287_289_291_293_295_297_298  5.75e+09  4.85e+09  14372.82  28852.64  10349.32    730.45     72.20     63.52   1682.12 -10620.70      0.00 0
100143 5626.0    0_1_2_3_4_5_6_7_8_9_10_11_12_13_14_15_16_17_18_19_20_21_22_23_24_25_26_27_28_29_30_31_32_33_34_35_36_37_38_39_40_41_42_43_44_45_46_47_48_49_50_51_52_53_54_55_56_57_58_59_60_61_62_63_64_65_66_67_68_69_70_71_72_73_74_75_76_77_78_79_80_81_82_83_84_85_86_87_88_89_90_91_92_93_94_95_96_97_98_99_100_101_102_103_104_105_106_107_108_109_110_111_112_113_114_115_116_117_118_119_120_121_122_123_124_125_126_127_128_129_130_131_132_133_134_135_136_137_138_139_140_141_142_143_144_145_146_147_148_149_150_151_152_153_154_155_156_157_158_159_160_161_162_163_164_165_166_167_168_169_170_171_172_173_174_175_177_179_180_181_182_183_184_186_188_189_190_191_192_195_196_197_198_200_201_204_205_206_207_210_211_212_213_214_217_219_220_223_225_226_227_230_231_234_237_238_242_246_249_250_252_253_254_257_260_261_263_266_267_269_273_275_276_277_278_280_283_285_286_287_288_290_292_293_294_295_296_297_298  1.70e+09  1.38e+09 -115032.70 -280897.56  11713.85    702.65     87.79    247.73  -4044.91  -7723.90      0.00 0
100144 5626.0    196_198_211_213_217_219_223_226_230_234_237_242_246_249_252_254_257_260_261_263_266_267_269_273_275_276_277_278_280_281_283_284_285_286_287_288_289_290_291_292_293_294_295_296_297_298  1.32e+09  1.08e+09 -60763.39  45159.79  13717.40    686.36     79.73    143.38  -2204.06  -9771.81      0.00 0
100145 5626.0    212_214_220_231_235_238_243_250_253_258_261_267_270_277  3.89e+10  3.39e+10 -10060.58 -15280.87   8126.50    773.54     66.05    236.64   2442.16  -8090.07      0.00 0
100146 5626.0    0_1_2_3_4_5_6_7_8_9_10_11_12_13_14_15_16_17_18_19_20_21_22_23_24_25_26_27_28_29_30_31_32_33_34_36_37_38_39_42_43_46_47_48_49_50_51_52_53_54_56_57_58_59_60_61_64_65_68_69_70_71_72_73_74_75_76_77_80_81_84_85_86_87_90_92_93_96_97_98_99_100_101_104_105_108_109_112_113_114_115_118_119_122_123_126_127_130_131_132_133_134_135_138_139_142_143_144_147_149_150_153_155_156_159_160_163_164_165_166_169_170_171_174_177_179_180_183_186_187_188_189_192_193_194_195_201_204_207_208_210_215_216_221_222_236_239_240  1.74e+10  1.47e+10 -166121.14   3102.68  14653.14    750.61     84.96    178.93   2635.34   2936.56      0.00 0
100147 5626.0    1_2_6_7_11_14_15_16_19_20_23_24_27_31_32_36_37_39_43_47_48_51_52_57_58_69_70_73_74_82_85_94_98_106_120_124_145_151_175  3.72e+09  3.11e+09 -16486.85 -18074.40   9366.46    728.93     69.05    227.63  -2650.48   -993.64      0.00 0
100148 5626.0    1_6_7_11_14_15_19_23_24_27_30_31_36_37_39_42_43_46_47_48_51_56_57_58_61_64_65_68_69_70_73_74_77_80_81_85_87_90_92_93_94_97_98_101_104_105_109_112_113_115_118_124_130_132_142_149_159_169_174_183_192  1.55e+09  1.26e+09 -25025.10 -29094.36  11418.59    664.33     73.43    229.30     79.71   3197.26      0.00 0
100149 5626.0    114_122_126_134_143_147_153_155_163_165_177_179_186_188_210  3.89e+09  3.25e+09  -1386.47 -33929.35  10954.94    665.41     72.12    267.66   4986.45   4691.04      0.00 0
100150 5626.0    60_64_68_76_80_84_90_92_96_100_101_104_108_112_114_115_118_122_126_127_130_134_138_139_142_143_147_149_153_155_156_159_163_164_165_166_169_170_171_174_177_179_180_183_186_188_189_192_193_194_195_201_204_207_208_210_215_216_221_222_225_236_239_240  9.55e+10  8.27e+10 -126036.09  79892.40  14394.95    793.31     84.49    147.63   4501.67   4729.96      0.00 0
100151 5626.0    0_1_2_3_4_5_6_7_8_9_10_11_12_13_14_15_16_17_18_19_20_21_22_23_24_25_26_27_28_29_30_31_33_34_35_36_38_39_40_41_42_43_44_45_46_47_49_50_51_53_54_55_56_57_59_60_61_63_64_65_67_68_71_72_75_76_77_78_79_80_81_83_84_86_87_89_90_91_92_95_96_99_100_101_103_104_105_107_108_109_111_112_114_115_117_118_121_122_125_126_127_129_130_133_134_135_137_138_139_141_142_143_146_149_152_154_156_158_159_160_162_166_168_169_171_173_176_178_180_183_185_189_191_192_195_197_199_201_202_203_204_207_212_214_218_220_224_225_228_233_235_238_241_243_244_248_251_255_256_258_259_264_265_268_271_272_274_279_282  6.76e+10  5.85e+10  37873.78 -79190.52  13667.72    761.35     81.15    295.56   3443.34  -3985.87      0.00 0
100152 5626.0    0_1_2_3_4_5_6_7_8_9_10_11_12_13_14_15_16_17_18_19_20_21_22_23_24_25_26_27_28_29_30_31_32_33_34_35_36_37_38_39_40_41_42_43_44_45_46_47_48_49_50_51_52_53_54_55_57_58_59_60_62_63_64_67_69_70_71_72_73_74_75_76_81_82_83_84_85_86_89_95_96_97_98_99_100_107_113_114_121_125_126_131_132_133_134_143_146_154_155_164_165_170_178_187_188_193_194_208_209_215_216_221_222_232_236_239_240  6.03e+10  5.23e+10  59248.89  -3779.53  12348.83    768.82     78.25    356.35   6128.49   -533.50      0.00 0
100153 5626.0    6_7_10_14_15_19_22_27_30_31_34_36_39_42_43_46_47_51_54_56_57_60_61_64_65_68_73_76_77_80_81_84_87_90_92_93_96_97_100_101_104_105_108_109_112_115_118_119_122_123_126_127_130_131_135_138_139_142_144_147_149_150_153_155_156_159_160_163_166_169_171_174_177_179_180_183_186_188_189_192_195_201_204_207_210_216_225_240  5.37e+10  4.63e+10 -147093.67  -9769.95  14610.31    760.70     84.34    183.80  -3153.80   4668.03      0.00 0
100154 5626.0    121_125_137_146_152_162_173_176_185_197_199_212_218_220_224_235_243  2.04e+10  1.76e+10  -4187.52 -20274.22   8787.54    728.89     67.00    258.33   3817.75  -4806.14      0.00 0
100155 5626.0    0_1_2_3_4_5_6_7_8_9_10_11_12_13_14_15_16_17_18_19_20_21_22_23_24_25_26_27_28_29_30_31_32_33_34_35_36_37_38_39_40_42_43_44_46_47_48_49_50_51_52_54_56_57_58_60_61_62_64_65_66_68_69_70_71_72_73_74_76_77_80_81_82_84_85_86_87_88_90_92_93_94_96_97_98_100_101_104_105_106_108_109_112_113_115_118_119_120_122_123_124_126_127_130_131_132_134_135_136_138_142_144_145_147_149_151_153_155_159_163_169_174_175_177_179_186_188_192_210  4.17e+09  3.40e+09  85930.57  48874.89  14580.38    675.87     81.61     29.63   -224.23   1763.52      0.00 0
100156 5626.0    88_91_94_102_106_110_116_117_120_124_128_129_136_140_141_145_148_151_157_158_161_167_168_172_173_175_181_182_184_190_191_196_197_198_199_200_205_206_211_212_213_214_217_219_220_223_224_226_227_230_231_234_235_237_238_241_242_243_244_246_249_250_252_253_254_255_256_257_258_259_260_261_263_264_266_267_268_269_270_271_272_273_274_275_276_277_278_279_280_281_283_284_285_286_287_288_289_290_291_293_295  6.03e+10  5.20e+10 -130773.39  62179.70  14555.40    767.83     84.26    154.57    741.98  -8152.72      0.00 0
100157 5626.0    46_56_64_68_77_80_84_90_92_96_101_104_108_109_112_115_118_122_126_127_130_134_135_138_139_142_147_149_153_155_156_159_160_163_165_166_169_171_174_177_179_180_183_186_188_189_192_194_195_201_204_207_208_210_216_222_236_240  5.75e+09  4.80e+09 -63618.88  21052.25  13280.81    690.19     78.79    161.69   2881.47   3893.25      0.00 0
100158 5626.0    94_98_106_110_113_120_124_128_131_132_136_140_145_151_157_161_167_172_175_181_184_190_196_198_200_205_211_213_217_219_223_226_227_230_234_237_242_246_249_252_254_257_260_261_263_266_269_273_275_276_277_278_280_283_285_286_287_288_289_290_292_293_294_295_296_297_298  7.76e+10  6.76e+10  31643.44 -62372.62  12811.22    785.26     79.62    296.90  -2858.66  -7090.95      0.00 0
100159 5626.0    121_125_133_137_143_146_152_154_162_164_165_170_173_176_178_185_187_188_193_194_197_199_202_203_208_209_212_214_215_216_218_220_221_222_224_228_229_233_235_238_241_243_244_253_255_256_258_259_264_267_270_271_274_279_281_284_289_291  6.92e+10  6.03e+10  13904.21  40335.00  11184.80    763.33     75.31     70.98   4572.70  -5121.63      0.00 0
100160 5626.0    20_28_32_37_40_44_48_52_55_58_62_66_70_74_78_79_82_85_88_91_94_102_103_106_110_116_117_128_129_148_157_158_168_181_182_191_200_206_214_227_231_238_250_253_258_267_270  7.08e+09  5.97e+09 -17350.73  30555.22  11058.70    668.90     72.53    119.59     55.72  -5053.12      0.00 0
100161 5626.0    153_163_174_177_179_186_188_194_210_216_222_236_240  1.86e+09  1.52e+09  32770.34 -33393.94  12291.87    645.69     75.28    314.46   5717.83   4386.07      0.00 0
100162 5626.0    107_111_121_129_137_141_146_152_154_162_176_178_185_187_202_203_209_215_229_232_239  2.57e+10  2.23e+10 -22573.30  -6052.72   9163.58    736.24     68.59    195.01   4770.50  -3143.21      0.00 0
100163 5626.0    0_1_2_3_4_5_6_7_8_9_11_12_13_15_16_17_19_20_21_23_24_25_27_28_29_31_32_33_35_37_39_40_41_44_45_47_48_49_51_52_53_55_57_58_59_61_62_63_66_67_69_70_73_74_75_78_79_81_82_83_85_88_89_91_93_94_95_97_98_102_103_105_106_107_111_113_116_117_119_121_123_124_129_131_132_137_141_144_146_150_152_162_168_173_176_185_199_203_212_218_224_233_241_251_256_268  9.77e+09  8.24e+09  47443.24 -31820.48  12486.86    724.82     77.67    326.15  -1660.85   -711.00      0.00 0
100164 5626.0    0_1_4_6_7_10_11_12_14_15_18_19_22_23_26_27_30_31_34_36_38_39_42_43_46_47_50_51_54_56_57_60_61_64_65_68_69_72_73_76_77_80_81_84_86_87_90_92_93_96_97_100_101_104_105_108_109_112_114_119_122_123_126_130_131_134_135_138_142_144_147_153_155_163_165_177_179_186_188_194_210_216_222_240  2.69e+09  2.20e+09 -54675.11  -4322.23  12793.27    657.94     76.87    184.52   4321.61   2340.61      0.00 0
100165 5626.0    15_19_23_27_31_36_37_39_43_47_51_56_57_61_65_69_70_73_74_77_80_81_85_87_92_93_97_98_101_104_105_109_113_115_118_119_123_124_127_130_131_132_135_139_142_144_145_149_150_156_159_160_166_169_171_174_180_183_189_192_195_201_204_207_225  7.59e+09  6.40e+09 -54788.55 -57013.35  13743.31    702.61     80.14    226.14  -2641.18   3049.19      0.00 0
100166 5626.0    2_5_8_9_11_13_16_20_21_23_24_28_29_32_35_37_40_41_44_45_47_48_52_53_55_58_62_63_66_67_69_70_73_74_78_79_82_83_85_88_89_91_94_97_98_102_103_106_107_110_111_113_116_117_120_121_124_128_129_131_132_136_137_140_141_145_148_151_152_158_162_168_173_176_185_197_199_203_212_218_224_233_241_244_248_251_256_265_268  3.47e+10  2.99e+10 -48765.16  23563.50  12354.51    715.55     77.15    154.21  -2021.75  -1960.60      0.00 0
100167 5626.0    0_1_2_3_4_5_6_7_8_9_10_11_12_13_14_15_16_17_18_19_20_21_22_23_24_25_26_27_28_29_30_31_32_33_34_35_36_37_38_39_40_41_42_43_44_45_46_47_48_49_50_51_52_53_54_55_56_57_58_59_60_61_62_63_64_65_66_67_68_69_70_71_72_73_74_75_76_77_78_79_80_81_82_83_84_85_86_87_88_89_90_91_93_94_95_96_97_98_99_100_102_103_105_106_107_108_110_113_114_119_120_121_122_123_124_125_126_131_132_133_134_136_143_144_145_146_147_151_154_155_164_165_170_175_178_179_187_188_193_194_208_209_210_215_216_221_222_232_236_239_240  1.02e+09  8.15e+08 -103207.52   -684.51  14725.69    670.79     81.88    180.38  -3410.57   -151.64      0.00 0
100168 5626.0    95_107_121_125_137_141_152_162_173_185_199_212_224_235  1.15e+10  9.82e+09   3007.43 -19494.33   8790.36    700.53     65.98    278.77   3634.48  -4281.93      0.00 0
100169 5626.0    77_87_101_105_109_119_127_135_139_150_160  1.02e+10  8.69e+09 -19613.92   3986.93   8928.02    686.16     65.96    168.51  -2972.30   3608.00      0.00 0
100170 5626.0    21_33_41_45_49_53_55_59_63_67_71_75_78_79_83_86_89_91_95_99_100_102_103_107_111_114_116_117_121_125_128_129_133_134_137_141_143_146_148_152_154_155_157_158_162_164_165_167_168_170_181_182_187_188_190_191_193_194_196_200_205_208_210_213_216_219_222_226_230_237_240_242_252_257_263  5.89e+10  5.16e+10  32539.77  31456.24  11460.57    753.45     75.79     44.03   1929.23  -3207.00      0.00 0
100171 5626.0    140_151_157_161_167_172_175_181_182_184_190_196_198_200_205_206_211_213_217_219_223_226_227_230_231_234_237_238_242_246_249_250_252_253_257_258_260_261_266_267_270_274_275_276_277_281_284_287_289_291  2.34e+09  1.94e+09  37768.47 -31333.73  12171.86    688.49     76.07    320.32   -462.41  -7988.22      0.00 0
100172 5626.0    0_1_2_3_4_5_6_7_8_9_10_11_12_13_14_15_16_17_18_19_20_21_22_23_25_26_27_28_29_30_31_33_34_35_36_38_39_41_42_43_44_45_46_49_50_51_53_54_55_56_59_60_61_63_64_65_67_68_71_72_75_76_77_78_79_80_81_83_84_86_87_89_90_91_92_95_96_99_100_101_103_104_107_108_109_111_112_114_115_117_118_121_122_125_126_127_129_130_133_134_137_138_139_141_142_143_146_147_149_152_153_154_155_156_158_159_162_163_164_165_166_168_169_170_171_173_174_176_177_178_179_180_183_185_186_187_188_189_191_192_193_194_195_197_199_201_202_203_204_207_208_209_210_212_214_215_216_218_220_221_222_224_225_228_229_231_232_233_235_236_238_239_240_241_243_244_245_247_248_251_253_255_256_258_259_262_264_265_268_270_271_272_274_279_282_284  2.75e+10  2.34e+10 102616.07 -281629.47  11410.15    761.10     87.82    290.02   5719.57   -840.98      0.00 0
100173 5626.0    0_3_4_5_6_9_10_12_13_14_17_18_21_22_25_26_28_29_30_33_34_35_36_38_41_42_44_45_46_49_50_53_54_55_56_59_60_63_64_67_68_71_72_75_76_78_79_80_83_84_86_89_90_91_95_96_99_100_103_104_107_108_111_112_117_118_122_129_130_138_141_142_148_153_158_159_163_168_169_174_182_191_192  2.75e+09  2.27e+09   6401.33  45605.60  12124.66    660.93     75.25     82.01   1795.10   1228.77      0.00 0
100174 5626.0    251_256_259_268_271_272_279  2.51e+10  2.17e+10   6143.54  32205.56  10501.29    715.70     72.24     79.20   5520.38 -11216.44      0.00 0
100175 5626.0    0_1_2_3_4_5_6_7_8_9_10_11_12_13_14_15_16_17_18_19_20_21_22_23_24_25_26_27_28_29_30_31_32_33_34_35_36_37_38_39_40_41_42_43_44_45_46_47_48_49_50_51_52_53_54_55_56_57_58_59_60_61_62_63_64_65_66_67_68_69_70_71_72_73_74_75_76_77_78_79_80_81_82_83_84_85_86_87_88_90_91_92_93_94_96_97_98_100_101_102_104_105_106_108_109_110_112_113_115_116_118_119_120_122_123_124_126_127_128_130_131_132_134_135_136_138_139_140_142_144_145_147_149_150_151_153_155_156_159_160_161_163_166_167_169_171_172_174_175_177_179_180_183_184_186_189_192_195_196_198_201_204_207_211_217_219_223_225_234_254  2.34e+10  2.00e+10 178298.05 189271.50  12990.40    738.84     87.14     46.71  -2795.07   1739.51      0.00 0
100176 5626.0    0_1_2_3_4_5_6_7_8_9_10_11_12_13_14_15_16_17_18_19_20_21_22_23_24_25_26_27_28_29_30_31_32_33_34_35_36_37_38_39_40_41_42_43_44_45_46_47_48_49_50_51_52_53_54_55_56_57_58_59_60_61_62_63_64_65_66_67_68_69_70_71_72_73_74_76_77_78_79_80_81_82_83_84_85_87_88_89_90_91_92_94_96_98_101_102_103_104_105_106_108_109_110_112_115_116_117_118_120_122_127_128_130_136_138_140_142_148_149_151_156_157_159_161_163_167_169_172_174_180_181_182_183_184_190_192_196_198_200_201_204_205_207_211_213_219_223_225_226_230_234_237_242_249_252_254_257_263_266_269_273_278_280_283_285_290_292  8.91e+10  7.78e+10 -22731.16 -72981.35  13189.64    770.64     80.21    252.70     -7.04   1192.03      0.00 0
100177 5626.0    200_205_206_213_219_226_227_230_237_242_249_252_254_257_263_266_269_273_278_283_285  3.16e+10  2.73e+10  29159.87  14748.88  10541.99    707.18     72.12     26.83  -3926.63  -9125.06      0.00 0
100178 5626.0    0_1_2_3_4_5_6_7_8_9_10_11_12_13_14_15_16_17_18_19_20_21_22_23_24_25_26_27_28_29_30_31_32_33_34_35_36_37_38_39_40_41_42_43_44_45_46_47_48_49_50_51_52_53_54_55_56_57_58_59_60_61_63_64_65_67_68_69_70_71_72_73_74_75_76_77_80_81_83_84_85_86_87_89_90_92_93_95_96_97_99_100_101_104_105_107_108_109_112_113_114_115_118_119_121_122_123_125_126_127_130_131_133_134_135_137_138_139_142_143_144_146_147_149_150_152_153_154_155_156_159_160_163_164_165_166_169_170_171_174_176_177_178_179_180_183_185_186_187_188_189_192_193_194_195_201_202_203_204_207_208_209_210_215_216_221_222_225_228_229_232_236_239_240_245_247_248_262  1.62e+10  1.36e+10 264352.34 -122035.99  12203.29    702.30     87.60    335.22   4123.20   2641.61      0.00 0
100179 5626.0    197_200_206_212_214_220_224_226_227_230_231_235_237_238_241_243_244_246_249_250_251_252_253_255_256_257_258_259_260_261_264_265_266_267_268_269_270_271_272_273_276_280_283  8.32e+09  7.07e+09  35683.34  10319.71  11024.19    705.79     73.47     16.13   1818.25  -7996.43      0.00 0
100180 5626.0    26_34_38_49_50_54_59_60_64_71_72_75_76_83_84_86_90_95_96_99_100_104_107_108_112_114_121_122_125_126_130_133_134_137_138_141_142_143_146_147_152_153_154_155_159_162_163_164_165_169_170_173_174_176_177_178_179_183_185_186_187_188_192_193_194_199_202_203_207_208_209_210_212_215_216_218_221_222_224_228_229_232_233_235_236_239_240_241_243_244_245_247_248_251_255_256_259_262_264_265_268_271_272_279_282  1.82e+09  1.49e+09  17868.57 -104866.00  14893.58    658.07     82.03    279.67   4144.09   4793.15      0.00 0
100181 5626.0    0_1_2_3_4_5_6_7_8_9_10_11_12_13_14_15_16_17_18_19_20_21_22_23_24_25_26_27_28_29_30_31_32_33_34_35_36_37_38_39_40_41_42_43_44_45_46_47_48_49_50_51_52_53_54_55_56_57_58_59_60_61_62_63_64_65_66_67_68_69_70_71_72_73_74_75_76_77_78_79_80_81_83_84_85_86_87_89_90_91_92_93_95_96_97_99_100_101_103_104_105_107_108_109_111_112_114_115_118_119_121_123_125_127_129_133_134_135_137_139_141_143_144_146_149_150_152_154_156_160_162_164_166_168_171_173_176_178_180_185_187_189_195_197_199_202_203_209_212_215_218_224_228_229_232_233_235_241_244_245_247_248_251_255_256_259_262_265_268_271_272_282  1.95e+10  1.66e+10 -64837.88  68205.57  13913.16    753.22     81.59    133.55   2331.63  -1344.26      0.00 0
100182 5626.0    10_14_18_22_30_34_36_42_46_54_60_64_68_76_84_90_96_108_122_126_138_147_153_177_179  3.55e+09  2.93e+09  22462.80   7446.26   9758.77    647.74     67.59     18.34   2813.21   2240.99      0.00 0
100183 5626.0    0_3_4_6_7_10_12_14_17_18_19_22_25_26_27_30_33_34_36_38_39_42_43_46_49_50_53_54_56_59_60_61_64_65_68_71_72_75_76_77_80_83_84_86_87_90_92_95_96_99_100_101_104_105_108_109_112_114_115_118_121_122_125_126_127_130_133_134_135_138_139_143_146_147_149_152_154_155_156_160_164_165_166_170_171_176_178_180_187_189_193_194_195_202_203_208_209_215_221_228_229_232_233_239_245_247_248_262_265_282  3.02e+09  2.48e+09 -52666.32  44664.29  13523.09    670.48     78.92    139.70   5723.16  -1715.15      0.00 0
100184 5626.0    89_107_111_137_141_152_162_173_185_199_212_218_224  3.55e+10  3.11e+10  10211.27 -14604.89   8095.02    763.27     65.57    304.96   3441.27  -4624.20      0.00 0
100185 5626.0    0_1_2_3_4_5_6_7_8_9_10_11_12_13_14_15_16_17_18_19_20_21_22_23_24_25_26_27_28_29_30_31_32_33_34_35_36_37_38_39_40_41_42_43_44_45_46_47_48_49_50_51_52_53_54_55_56_57_58_59_60_61_62_63_64_65_66_67_68_69_70_71_72_73_74_75_76_77_78_79_80_81_82_83_84_85_86_88_89_90_91_92_94_95_96_98_99_100_102_103_104_106_107_108_110_112_113_114_116_120_122_124_126_128_130_132_133_134_136_138_140_142_143_145_147_151_153_155_157_161_163_165_167_169_170_172_174_175_177_179_184_186_188_194_196_198_210_211_216_217_223_234_240  1.78e+09  1.44e+09  81333.23  63475.93  14959.10    640.30     81.75     37.97   3101.28   1866.84      0.00 0
100186 5626.0    200_205_213_219_226_227_230_231_237_238_242_243_246_249_250_252_253_254_255_257_258_259_260_261_263_264_266_267_269_270_271_273_274_275_276_277_278_279_280_281_284_289_291  3.02e+09  2.50e+09 -48537.43   6925.19  12315.23    667.04     75.90    171.88   2894.34  -9327.70      0.00 0
100187 5626.0    0_1_2_3_5_8_9_11_13_15_16_17_20_21_23_24_28_29_32_35_37_40_47_48_52_58_69_70_73_74_85_97_98_113  8.91e+10  7.83e+10  19289.50  -3134.58   8335.59    775.39     66.90    350.77  -1863.81   -419.60      0.00 0
100188 5626.0    58_62_66_74_78_82_88_91_94_98_102_103_106_110_113_116_117_120_124_128_129_132_136_140_145_148_151_157_158_161_167_168_172_173_175_181_182_184_190_191_196_197_198_200_205_206_211_212_213_214_217_219_220_223_226_227_230_231_234_235_237_238_242_243_244_246_249_250_252_253_254_255_257_258_259_260_261_263_264_266_267_269_270_271_272_273_274_275_276_277_279_280_281_284_286_287_288_289_291_293_295_298  1.15e+10  9.58e+09 -104646.72  83628.12  14931.05    706.12     83.64    141.37   3332.18 -10324.04      0.00 0
100189 5626.0    0_1_2_3_4_5_6_7_8_9_10_11_12_13_14_15_16_17_18_19_20_21_22_23_24_25_26_27_28_29_30_31_32_33_34_35_36_37_38_39_40_41_42_43_44_45_46_47_48_49_50_51_52_53_54_55_56_57_58_59_60_61_62_63_64_65_66_67_68_69_70_71_72_73_74_75_76_77_78_79_80_81_82_83_84_85_86_87_88_89_90_91_92_93_94_95_96_97_98_99_100_101_102_103_104_105_106_107_108_109_110_111_112_113_114_115_116_117_118_119_121_122_123_125_126_127_128_129_130_131_133_134_135_137_138_139_141_142_143_144_146_147_148_149_150_152_153_154_155_156_157_158_159_160_162_163_164_165_166_168_169_170_171_173_174_176_178_180_181_182_183_185_187_189_191_192_193_195_197_199_200_201_202_203_204_206_207_209_212_214_218_220_224_225_227_228_229_231_233_235_238_241_243_244_245_248_250_251_253_255_256_258_259_262_264_265_267_268_270_271_272_274_279_281_282_284_291  6.17e+09  5.10e+09  91880.93 -157361.44  14853.29    707.16     85.34    300.28  -1926.79   4229.59      0.00 0
100190 5626.0    0_1_2_3_4_5_6_7_8_9_10_11_12_13_14_15_16_17_18_19_20_21_22_23_24_25_26_27_28_29_30_31_32_33_34_35_36_37_38_39_40_41_42_43_44_45_46_47_48_49_50_51_52_53_54_55_56_57_58_59_60_61_62_63_64_65_66_67_68_69_70_71_72_73_74_75_76_77_78_79_80_81_82_83_84_85_86_87_88_89_90_91_92_93_94_95_96_97_98_99_100_101_102_103_104_105_106_107_108_109_110_111_113_114_116_117_119_120_121_123_124_125_126_127_128_129_131_132_133_134_135_136_137_139_140_141_143_144_145_146_148_150_151_152_154_155_157_158_160_161_162_164_165_167_168_170_172_173_175_176_178_181_182_184_185_187_190_191_193_194_196_197_198_199_200_202_203_205_206_208_209_211_212_213_214_215_217_218_219_220_221_222_223_224_226_227_228_229_230_231_232_233_234_235_236_237_238_239_241_242_243_244_245_246_247_248_249_250_251_252_253_254_255_256_258_259_260_261_262_264_265_267_268_270_271_272_274_279_281_282_284  1.78e+09  1.43e+09 -285272.09 106885.92  12075.78    654.56     87.73    159.46   3203.17  -4143.70      0.00 0
100191 5626.0    0_1_2_3_4_5_6_7_8_9_10_11_12_13_14_15_16_17_18_19_20_21_22_23_24_25_26_27_29_30_31_32_33_34_36_37_38_39_42_43_46_47_48_49_50_51_53_54_56_57_59_60_61_64_65_68_69_70_71_72_73_74_75_76_77_80_81_83_84_85_86_87_90_92_93_95_96_97_98_99_100_101_104_105_108_109_112_113_114_115_118_119_122_123_125_126_127_130_131_133_134_135_138_139_142_143_144_147_149_150_153_154_155_156_159_160_163_164_165_166_169_170_171_174_177_179_180_183_186_187_188_189_192_193_194_195_201_204_207_208_210_215_216_221_222_225_232_236_239_240  3.55e+09  2.89e+09 293089.47 -45529.77  11964.74    705.84     87.69    351.17   -478.14   5020.56      0.00 0
100192 5626.0    95_99_107_121_125_133_143_146_154_164_170_187_193_208  1.41e+10  1.21e+10 -17456.31  -8604.71   8771.01    696.22     65.74    206.24   4873.99  -1157.40      0.00 0
100193 5626.0    17_21_25_29_33_38_41_45_49_50_53_55_59_63_67_71_72_75_76_78_79_83_86_89_91_95_96_99_100_102_103_107_111_114_116_117_121_125_126_128_129_133_134_137_141_143_146_147_148_152_154_155_157_158_162_164_165_167_168_170_173_176_177_178_179_181_182_187_188_190_191_193_194_196_197_200_205_206_208_210_213_214_216_219_222_226_227_230_231_237_240_242_246_249_252_257_260_263_266_269_273_280_283_285_290_292  3.16e+10  2.71e+10  37011.25  49276.45  12740.09    727.35     78.32     53.09   2957.64  -2118.47      0.00 0
100194 5626.0    182_191_197_200_205_206_212_213_214_218_219_220_224_226_227_230_231_233_235_237_238_241_242_243_244_246_248_249_250_251_252_253_254_255_256_257_258_259_260_261_262_263_264_265_266_267_268_269_270_271_272_273_274_275_276_277_278_279_280_281_282_283_284_285_286_287_288_289_290_291_292_293_294_295_296_297_298  1.05e+09  8.36e+08 -142661.94 -36337.55  15135.49    687.77     84.13    194.29  -2783.98 -11187.49      0.00 0
100195 5626.0    78_79_89_91_102_103_107_110_111_116_117_121_128_129_136_137_140_141_146_148_151_152_157_158_161_162_167_168_172_173_175_176_178_181_182_184_185_190_191_196_197_198_199_200_202_203_205_206_209_211_212_213_214_215_217_218_219_220_223_224_226_227_228_229_230_231_232_233_234_235_237_238_239_241_242_243_244_245_246_247_248_249_250_251_252_253_254_255_256_257_258_259_262_263_265_268_269_272_273_278_282  1.23e+10  1.04e+10 -94662.79 -15705.27  13981.48    750.65     81.71    189.42  -2881.83  -6312.79      0.00 0
100196 5626.0    91_102_103_107_111_116_117_121_128_129_137_140_141_146_148_152_157_158_161_162_167_168_172_173_176_178_181_182_185_187_190_191_196_197_198_199_200_202_203_205_206_209_211_212_213_214_215_217_218_219_220_223_224_226_227_228_229_230_231_232_233_234_235_237_238_239_241_242_243_244_245_246_247_248_249_250_251_252_253_254_255_256_257_258_259_260_261_262_263_264_265_266_267_268_269_272_273_276_278_280_282_283_285  1.55e+10  1.32e+10 -95811.09 -28598.95  14337.29    713.69     81.84    196.62  -1027.74  -6957.57      0.00 0
100197 5626.0    46_56_64_68_77_80_84_90_92_96_101_104_108_109_112_115_118_122_126_127_130_138_139_142_147_153_155_179  7.94e+09  6.72e+09 -25480.32   5574.25   9581.14    731.01     69.83    167.66   1303.94   3271.51      0.00 0
100198 5626.0    0_1_2_3_4_5_6_7_8_9_10_11_12_13_14_15_16_17_18_19_20_21_22_23_24_25_26_27_28_29_30_31_32_33_34_35_36_37_38_40_41_42_44_45_47_48_49_50_51_52_53_54_55_57_58_59_60_62_63_66_67_69_70_71_72_73_74_75_76_78_79_82_83_84_85_86_88_89_91_94_95_96_97_98_99_100_102_103_106_107_110_111_113_114_116_120_121_124_125_126_128_131_132_133_134_136_137_140_143_145_146_151_152_154_155_161_164_165_170_175_178_184_187_188_193_194_208_209_215_216_221_222_232_236_239_240  2.00e+09  1.62e+09  85942.59  14335.60  14252.47    672.86     80.71      9.47  -1869.29  -1610.86      0.00 0
100199 5626.0    94_98_106_113_120_124_131_132_136_145_151_161  1.48e+09  1.22e+09   7378.58 -21477.64   9490.38    666.33     67.32    288.96  -4087.77  -1238.97      0.00 0
